0 0 0 3 3 15 1 30 30 15 30 30 16 30 30 30 30 30 30 30 30 30 30 30 30 30 30 30 30 30 30 30 30 30 30 30 30 30 30 30 30 30 30 30 30 30 30 30 30 30 30 30 30 30 30 30 30 30 30 30 30 30 30 30 30 30 30 30 30 30 30 30 30 30 30 30 30 29 20 14 30 5 16 30 16 1 4 16 16 7 6 8 13 3 3 2 8 4 12 4 2 2 1 4 6 3 2 1 0 0 0 1 0 0 0 0 0 2 0 0 0 0 0 0 0 
0 0 22 30 4 30 10 11 18 30 23 11 22 30 30 30 30 30 30 30 30 30 30 30 30 30 30 30 30 30 30 30 30 30 30 30 30 30 30 30 30 30 30 30 30 30 30 30 30 30 30 30 30 30 30 30 30 30 30 30 30 30 30 30 30 30 30 30 30 30 30 30 30 30 15 22 8 30 19 25 12 10 12 12 15 17 2 8 19 11 1 3 6 5 10 5 1 3 3 0 2 0 1 1 0 1 0 2 2 0 0 0 0 1 0 1 0 2 0 0 
0 0 0 2 5 4 3 11 5 13 30 30 30 30 30 30 30 30 30 30 30 30 30 30 30 30 30 30 30 30 30 30 30 30 30 30 30 30 30 30 30 30 30 30 30 30 30 30 30 30 30 30 30 30 30 30 30 30 30 30 30 30 30 30 30 30 30 30 30 30 30 30 20 28 30 30 28 30 19 6 16 12 8 13 12 4 5 5 10 21 16 2 7 7 7 2 2 0 3 4 3 1 4 5 2 1 0 0 2 3 1 1 0 0 3 2 2 0 0 1 0 
0 0 0 3 6 3 6 1 6 30 9 28 30 30 30 30 30 30 30 30 30 30 30 30 30 30 30 30 30 30 30 30 30 30 30 30 30 30 30 30 30 30 30 30 30 30 30 30 30 30 30 30 30 30 30 30 30 30 30 30 30 30 30 30 30 30 30 30 30 30 30 25 30 30 30 30 23 25 22 18 12 11 24 13 10 6 12 16 13 11 10 18 8 10 2 3 9 5 1 0 2 0 0 4 0 4 5 0 1 0 2 0 1 0 3 0 0 2 0 0 3 0 0 0 1 
0 0 0 1 4 30 1 7 28 30 30 30 30 30 30 30 30 30 30 30 30 30 30 30 30 30 30 30 30 30 30 30 30 30 30 30 30 30 30 30 30 30 30 30 30 30 30 30 30 30 30 30 30 30 30 30 30 30 30 30 30 30 30 30 30 30 30 30 30 30 30 30 30 30 30 28 30 30 23 20 26 12 18 17 7 19 13 13 15 5 6 3 2 4 4 2 15 2 2 2 3 1 0 1 2 0 2 1 0 3 0 0 0 2 1 1 0 0 0 1 0 0 0 3 0 
0 0 0 0 0 30 30 16 1 30 14 6 30 30 30 30 30 30 30 30 30 30 30 30 30 30 30 30 30 30 30 30 30 30 30 30 30 30 30 30 30 30 30 30 30 30 30 30 30 30 30 30 30 30 30 30 30 30 30 30 30 30 30 30 30 30 30 30 30 30 30 30 30 30 21 30 9 22 20 20 12 7 7 22 2 6 10 9 11 6 10 1 1 4 5 11 2 0 4 1 1 2 4 0 0 1 0 0 0 1 0 0 0 0 0 0 3 0 0 0 0 0 
0 0 0 9 0 30 22 22 20 30 30 30 17 30 30 30 30 30 30 30 30 30 30 30 30 30 30 30 30 30 30 30 30 30 30 30 30 30 30 30 30 30 30 30 30 30 30 30 30 30 30 30 30 30 30 30 30 30 30 30 30 30 30 30 30 30 30 30 30 30 30 30 14 30 30 28 20 23 20 15 5 22 4 13 12 20 14 12 17 14 12 2 1 1 3 7 9 1 3 2 4 1 3 1 2 0 0 5 1 5 3 0 0 0 0 4 2 0 1 2 1 2 0 
0 0 0 17 0 9 6 30 30 30 17 30 30 30 30 30 30 30 30 30 30 30 30 30 30 30 30 30 30 30 30 30 30 30 30 30 30 30 30 30 30 30 30 30 30 30 30 30 30 30 30 30 30 30 30 30 30 30 30 30 30 30 30 30 30 30 30 30 30 30 30 22 30 23 23 30 30 14 25 7 28 10 6 13 13 14 12 4 13 10 10 13 16 3 6 4 3 6 3 1 3 2 4 8 1 4 2 6 0 1 0 0 0 5 0 1 0 0 0 0 3 0 0 
0 0 0 0 0 30 27 5 12 27 30 30 30 30 30 30 30 30 30 30 30 30 30 30 30 30 30 30 30 30 30 30 30 30 30 30 30 30 30 30 30 30 30 30 30 30 30 30 30 30 30 30 30 30 30 30 30 30 30 30 30 30 30 30 30 30 30 30 30 30 30 30 30 30 23 12 22 22 29 17 23 30 17 12 26 21 12 6 3 6 8 9 5 7 2 6 7 12 8 1 0 0 1 2 5 1 1 0 1 2 0 0 6 0 0 0 0 0 0 1 2 
0 0 0 0 30 5 0 15 5 11 23 29 30 30 30 30 30 30 30 30 30 30 30 30 30 30 30 30 30 30 30 30 30 30 30 30 30 30 30 30 30 30 30 30 30 30 30 30 30 30 30 30 30 30 30 30 30 30 30 30 30 30 30 30 30 30 30 30 30 26 30 30 30 18 30 30 30 22 18 26 30 26 28 5 14 18 10 10 11 11 2 5 12 3 7 7 2 5 5 4 1 1 3 1 2 1 1 0 5 0 0 0 0 0 0 0 0 1 3 0 
0 0 30 30 30 8 21 8 5 22 30 30 30 30 30 30 30 30 30 30 30 30 30 30 30 30 30 30 30 30 30 30 30 30 30 30 30 30 30 30 30 30 30 30 30 30 30 30 30 30 30 30 30 30 30 30 30 30 30 30 30 30 30 30 30 30 30 30 30 30 30 30 30 26 25 30 27 26 30 25 17 21 16 14 8 13 9 6 24 5 1 3 13 3 6 3 2 3 8 2 5 2 12 1 5 0 0 2 1 0 0 4 0 0 1 0 0 2 0 0 0 2 
0 0 0 0 5 30 5 16 25 3 30 26 30 30 16 30 30 30 30 30 30 30 30 30 30 30 30 30 30 30 30 30 30 30 30 30 30 30 30 30 30 30 30 30 30 30 30 30 30 30 30 30 30 30 30 30 30 30 30 30 30 30 30 30 30 30 30 30 30 30 30 30 30 30 21 14 30 21 30 30 8 22 7 8 5 15 13 6 15 4 4 9 11 5 11 0 4 2 3 1 1 4 10 1 1 1 2 0 0 0 3 0 0 0 0 1 0 0 0 1 2 
0 0 3 0 30 3 30 7 12 30 18 2 16 30 27 30 30 30 30 30 30 30 30 30 30 30 30 30 30 30 30 30 30 30 30 30 30 30 30 30 30 30 30 30 30 30 30 30 30 30 30 30 30 30 30 30 30 30 30 30 30 30 30 30 30 30 30 30 30 30 30 30 30 26 26 27 20 17 30 16 18 22 18 23 11 9 10 5 4 3 3 8 4 11 2 2 0 12 0 9 1 5 2 2 0 1 0 0 1 2 1 7 1 0 0 0 0 0 0 0 
0 0 0 0 7 7 5 29 23 30 10 24 30 30 30 30 30 30 30 30 30 30 30 30 30 30 30 30 30 30 30 30 30 30 30 30 30 30 30 30 30 30 30 30 30 30 30 30 30 30 30 30 30 30 30 30 30 30 30 30 30 30 30 30 30 30 30 30 30 30 30 30 30 30 28 21 28 28 30 30 23 7 20 14 16 16 24 12 11 16 6 17 13 10 15 5 7 6 3 1 3 0 2 4 0 13 4 0 1 4 0 0 4 0 0 2 1 0 0 4 6 2 0 0 
0 0 0 0 2 5 2 22 21 30 30 30 30 30 30 30 30 30 30 30 30 30 30 30 30 30 30 30 30 30 30 30 30 30 30 30 30 30 30 30 30 30 30 30 30 30 30 30 30 30 30 30 30 30 30 30 30 30 30 30 30 30 30 30 30 30 30 30 30 18 29 30 30 23 20 27 15 30 17 10 13 14 5 16 10 21 11 10 8 14 10 4 0 8 6 2 5 2 2 4 1 1 7 0 2 1 1 1 0 0 3 2 0 0 1 0 2 0 0 0 0 0 
0 1 0 0 3 1 0 30 26 10 23 30 11 30 30 30 30 30 30 30 30 30 30 30 30 30 30 30 30 30 30 30 30 30 30 30 30 30 30 30 30 30 30 30 30 30 30 30 30 30 30 30 30 30 30 30 30 30 30 30 30 30 30 30 30 30 30 30 30 30 30 30 30 30 23 19 30 30 15 25 16 19 28 24 15 3 9 9 10 3 1 6 6 4 4 4 2 10 3 5 1 2 1 3 1 3 0 0 0 0 4 0 0 5 3 3 0 0 0 1 2 0 0 0 
0 0 28 4 1 5 5 7 11 15 8 12 30 30 26 30 30 27 30 30 30 30 30 30 30 30 30 30 30 30 30 30 30 30 30 30 30 30 30 30 30 30 30 30 30 30 30 30 30 30 30 30 30 30 30 30 30 30 30 30 30 30 30 30 30 30 30 30 30 30 30 30 22 30 30 30 13 17 28 30 22 26 20 22 17 6 10 9 27 9 12 9 6 7 5 5 8 4 4 10 4 4 3 2 1 3 0 3 0 1 9 0 0 0 4 5 0 1 0 0 0 2 0 0 0 0 
0 0 0 14 0 7 7 17 12 17 21 30 30 30 30 30 30 30 30 30 30 30 30 30 30 30 30 30 30 30 30 30 30 30 30 30 30 30 30 30 30 30 30 30 30 30 30 30 30 30 30 30 30 30 30 30 30 30 30 30 30 30 30 30 30 30 30 30 30 30 30 30 30 30 21 14 26 11 19 15 19 8 14 12 5 2 22 7 2 3 10 1 4 8 4 5 2 3 1 0 0 0 0 0 1 0 0 1 2 3 0 0 0 0 0 0 2 0 0 0 
0 0 0 5 0 0 7 8 17 30 30 30 30 30 30 30 30 30 30 30 30 30 30 30 30 30 30 30 30 30 30 30 30 30 30 30 30 30 30 30 30 30 30 30 30 30 30 30 30 30 30 30 30 30 30 30 30 30 30 30 30 30 30 30 30 30 30 30 30 30 25 30 30 24 17 11 18 26 8 16 7 12 22 5 25 11 10 2 3 13 10 7 7 2 9 3 3 7 1 2 5 4 3 2 0 0 0 3 0 0 0 2 0 0 3 0 0 1 0 1 1 0 0 
0 0 0 2 2 3 6 30 30 27 30 30 30 30 30 30 30 30 30 30 30 30 30 30 30 30 30 30 30 30 30 30 30 30 30 30 30 30 30 30 30 30 30 30 30 30 30 30 30 30 30 30 30 30 30 30 30 30 30 30 30 30 30 30 30 30 30 30 30 30 26 30 30 12 22 21 21 8 15 21 21 17 25 15 7 7 6 6 12 0 15 8 0 5 1 9 10 3 2 7 1 6 3 5 2 0 1 0 6 0 0 0 0 3 0 0 5 0 0 
0 0 8 30 0 17 5 1 11 12 30 17 30 30 30 30 29 30 30 30 30 30 30 30 30 30 30 30 30 30 30 30 30 30 30 30 30 30 30 30 30 30 30 30 30 30 30 30 30 30 30 30 30 30 30 30 30 30 30 30 30 30 30 30 30 30 30 30 30 30 30 30 30 30 30 24 30 23 29 11 30 18 30 19 9 14 8 8 18 4 6 11 9 17 9 6 12 4 1 2 1 1 3 0 1 2 5 1 1 4 1 1 0 1 4 0 1 0 0 2 0 0 2 0 0 
0 0 0 0 25 1 15 10 30 0 6 30 30 30 30 30 30 30 30 30 30 30 30 30 30 30 30 30 30 30 30 30 30 30 30 30 30 30 30 30 30 30 30 30 30 30 30 30 30 30 30 30 30 30 30 30 30 30 30 30 30 30 30 30 30 30 30 30 30 30 30 30 24 30 30 29 22 22 21 30 25 26 18 2 8 13 15 4 3 7 3 10 14 5 16 2 4 4 4 6 3 1 3 1 0 2 1 1 4 1 3 0 3 0 0 0 1 0 0 0 0 0 
0 0 0 0 4 11 4 30 30 12 30 30 22 30 30 30 30 30 30 30 30 30 30 30 30 30 30 30 30 30 30 30 30 30 30 30 30 30 30 30 30 30 30 30 30 30 30 30 30 30 30 30 30 30 30 30 30 30 30 30 30 30 30 30 30 30 30 30 30 30 27 30 30 30 23 19 13 30 22 9 13 12 10 24 20 14 6 6 10 13 5 1 8 3 6 4 2 6 0 0 3 2 1 1 1 1 1 0 5 3 0 1 0 0 1 0 0 0 3 0 0 
0 0 4 2 24 18 10 4 8 1 30 30 30 30 21 30 30 30 30 30 30 30 30 30 30 30 30 30 30 30 30 30 30 30 30 30 30 30 30 30 30 30 30 30 30 30 30 30 30 30 30 30 30 30 30 30 30 30 30 30 30 30 30 30 30 30 30 30 30 30 30 30 27 29 16 30 16 24 15 25 12 11 14 13 23 16 7 7 12 10 6 3 4 7 6 6 2 3 3 3 1 13 2 4 1 1 0 0 2 2 3 0 0 0 1 0 0 0 0 0 0 
0 0 0 0 8 1 30 22 30 30 29 14 30 30 30 30 30 30 30 30 30 30 30 30 30 30 30 30 30 30 30 30 30 30 30 30 30 30 30 30 30 30 30 30 30 30 30 30 30 30 30 30 30 30 30 30 30 30 30 30 30 30 30 30 30 30 30 30 30 30 30 30 30 15 30 14 26 19 27 16 10 14 7 15 5 6 6 7 6 5 8 4 2 0 4 8 4 0 11 1 3 4 0 3 0 2 0 0 0 0 0 0 7 1 1 3 0 0 0 0 
0 0 0 30 2 16 4 6 2 29 10 4 30 15 30 30 30 30 30 30 30 30 30 30 30 30 30 30 30 30 30 30 30 30 30 30 30 30 30 30 30 30 30 30 30 30 30 30 30 30 30 30 30 30 30 30 30 30 30 30 30 30 30 30 30 30 30 30 30 30 30 30 30 30 30 30 15 30 30 18 18 25 7 17 11 5 6 18 7 6 3 6 7 12 2 10 10 9 0 11 2 7 12 3 6 7 1 0 0 5 0 0 0 1 0 0 0 0 3 1 1 0 0 0 0 
0 0 0 0 30 6 30 2 27 26 8 30 9 30 30 30 30 30 30 30 30 30 30 30 30 30 30 30 30 30 30 30 30 30 30 30 30 30 30 30 30 30 30 30 30 30 30 30 30 30 30 30 30 30 30 30 30 30 30 30 30 30 30 30 30 30 30 30 30 30 29 30 30 30 30 21 26 22 22 26 7 19 19 16 8 9 8 10 1 3 12 12 7 9 4 0 3 4 3 1 5 3 0 6 1 0 3 0 0 0 0 0 0 0 0 0 1 0 0 0 0 
0 0 0 11 1 11 0 14 4 30 18 22 30 30 30 30 30 30 30 30 30 30 30 30 30 30 30 30 30 30 30 30 30 30 30 30 30 30 30 30 30 30 30 30 30 30 30 30 30 30 30 30 30 30 30 30 30 30 30 30 30 30 30 30 30 30 30 30 30 30 30 30 30 21 23 30 26 18 28 28 25 19 13 10 8 20 15 16 9 11 2 4 3 1 3 7 9 4 6 4 8 2 5 2 0 0 1 0 3 0 0 0 0 0 0 3 0 0 0 3 0 
0 0 1 30 0 1 8 5 20 16 30 30 30 30 30 30 30 30 30 30 30 30 30 30 30 30 30 30 30 30 30 30 30 30 30 30 30 30 30 30 30 30 30 30 30 30 30 30 30 30 30 30 30 30 30 30 30 30 30 30 30 30 30 30 30 30 30 30 30 30 30 25 29 30 17 30 22 13 27 20 23 18 14 10 25 11 16 5 9 7 10 6 11 8 3 7 5 3 3 0 1 2 1 9 2 0 3 1 0 3 2 0 8 0 0 0 0 0 0 1 
0 0 0 0 0 3 7 0 14 17 5 6 13 30 30 30 30 30 30 30 30 30 30 30 30 30 30 30 30 30 30 30 30 30 30 30 30 30 30 30 30 30 30 30 30 30 30 30 30 30 30 30 30 30 30 30 30 30 30 30 30 30 30 30 30 30 30 30 30 30 30 30 30 30 20 26 19 26 30 27 16 23 11 13 11 15 10 10 13 8 6 1 4 6 4 8 6 12 8 3 0 2 4 2 0 0 0 0 1 1 1 2 1 0 0 0 0 0 0 0 0 0 
0 0 0 0 5 16 1 30 10 2 6 25 30 30 30 30 30 30 30 30 30 30 30 30 30 30 30 30 30 30 30 30 30 30 30 30 30 30 30 30 30 30 30 30 30 30 30 30 30 30 30 30 30 30 30 30 30 30 30 30 30 30 30 30 30 30 30 30 30 30 30 30 30 30 30 30 30 30 19 25 11 12 7 15 13 15 7 9 8 12 2 4 6 7 13 7 7 2 10 1 9 3 0 3 2 1 0 3 1 2 0 0 1 2 0 0 2 1 0 0 0 0 0 
0 0 0 5 1 30 17 1 26 30 30 15 18 30 30 30 30 30 30 30 30 30 30 30 30 30 30 30 30 30 30 30 30 30 30 30 30 30 30 30 30 30 30 30 30 30 30 30 30 30 30 30 30 30 30 30 30 30 30 30 30 30 30 30 30 30 30 30 30 30 30 30 30 29 26 17 27 15 29 13 22 8 30 16 8 9 11 11 7 17 2 11 2 0 1 4 0 6 1 1 0 3 2 2 0 3 1 0 1 0 1 0 1 0 0 0 0 0 1 
0 0 0 1 1 3 2 19 9 21 18 11 30 28 30 30 30 30 30 30 30 30 30 30 30 30 30 30 30 30 30 30 30 30 30 30 30 30 30 30 30 30 30 30 30 30 30 30 30 30 30 30 30 30 30 30 30 30 30 30 30 30 30 30 30 30 30 30 30 30 30 30 30 30 30 30 30 30 30 13 30 20 23 15 14 15 10 10 19 6 18 3 8 9 3 2 6 0 5 7 3 6 1 2 0 0 0 0 0 5 1 1 1 0 0 5 3 0 1 0 3 0 1 0 
0 0 0 0 0 0 7 30 30 12 24 17 30 30 30 30 30 30 30 30 30 30 30 30 30 30 30 30 30 30 30 30 30 30 30 30 30 30 30 30 30 30 30 30 30 30 30 30 30 30 30 30 30 30 30 30 30 30 30 30 30 30 30 30 30 30 30 30 30 30 30 18 22 30 30 21 22 8 13 13 4 15 12 15 8 7 7 16 0 0 5 7 2 7 9 1 1 1 2 4 2 5 0 1 1 0 0 3 4 0 0 0 1 2 0 0 3 0 0 0 0 
0 0 2 1 5 0 2 8 28 30 30 30 20 30 30 30 30 30 30 30 30 30 30 30 30 30 30 30 30 30 30 30 30 30 30 30 30 30 30 30 30 30 30 30 30 30 30 30 30 30 30 30 30 30 30 30 30 30 30 30 30 30 30 30 30 30 30 30 30 30 29 30 20 30 28 30 10 16 15 13 23 13 12 13 11 7 2 8 1 2 3 4 2 8 1 7 2 2 6 5 2 1 4 3 1 1 0 0 0 2 0 0 0 2 3 2 0 0 0 
0 0 0 11 4 8 4 30 30 18 30 21 21 23 30 15 30 30 30 30 30 30 30 30 30 30 30 30 30 30 30 30 30 30 30 30 30 30 30 30 30 30 30 30 30 30 30 30 30 30 30 30 30 30 30 30 30 30 30 30 30 30 30 30 30 30 30 30 30 30 30 30 30 30 22 30 13 30 16 30 15 12 21 27 19 19 8 1 8 14 4 12 3 10 10 9 1 10 7 5 3 12 3 2 2 2 9 2 0 1 5 1 1 2 1 1 0 0 0 0 2 0 1 0 7 0 0 
0 0 0 0 15 11 15 30 30 30 30 30 12 30 30 30 30 30 30 30 30 30 30 30 30 30 30 30 30 30 30 30 30 30 30 30 30 30 30 30 30 30 30 30 30 30 30 30 30 30 30 30 30 30 30 30 30 30 30 30 30 30 30 30 30 30 30 30 30 30 30 30 30 30 30 30 27 25 30 26 30 24 5 9 13 8 10 5 3 20 8 5 2 12 2 7 1 4 1 3 5 2 0 6 2 8 2 3 0 0 0 0 2 0 0 0 0 0 6 0 0 0 
0 0 2 1 4 0 3 30 4 30 30 30 30 30 30 30 30 30 30 30 30 30 30 30 30 30 30 30 30 30 30 30 30 30 30 30 30 30 30 30 30 30 30 30 30 30 30 30 30 30 30 30 30 30 30 30 30 30 30 30 30 30 30 30 30 30 30 30 30 30 30 30 30 30 25 30 18 18 14 13 24 12 10 15 12 11 3 12 6 12 8 7 5 0 5 0 9 7 9 5 1 3 5 3 6 0 0 1 0 2 0 1 1 0 0 0 0 5 0 0 0 0 
0 0 0 4 30 26 30 30 1 26 30 30 17 30 30 30 30 30 30 30 30 30 30 30 30 30 30 30 30 30 30 30 30 30 30 30 30 30 30 30 30 30 30 30 30 30 30 30 30 30 30 30 30 30 30 30 30 30 30 30 30 30 30 30 30 30 30 30 30 30 30 30 30 30 30 21 26 30 30 30 30 12 26 13 10 11 12 4 5 4 21 8 10 5 9 7 10 6 6 5 2 12 2 0 4 2 1 1 1 0 0 2 0 2 0 1 0 5 0 0 0 0 
0 0 0 0 7 0 5 8 9 8 13 4 30 30 30 30 30 30 30 30 30 30 30 30 30 30 30 30 30 30 30 30 30 30 30 30 30 30 30 30 30 30 30 30 30 30 30 30 30 30 30 30 30 30 30 30 30 30 30 30 30 30 30 30 30 30 30 30 30 30 30 30 30 25 30 30 19 15 30 22 26 17 21 23 9 6 16 8 11 9 21 1 1 8 13 3 10 3 2 6 9 8 1 7 6 3 3 0 3 0 1 1 0 0 3 3 0 0 0 0 1 0 
0 0 0 1 2 30 4 11 16 30 30 23 30 30 30 30 30 30 30 30 30 30 30 30 30 30 30 30 30 30 30 30 30 30 30 30 30 30 30 30 30 30 30 30 30 30 30 30 30 30 30 30 30 30 30 30 30 30 30 30 30 30 30 30 30 30 30 30 30 30 30 30 30 30 21 28 26 18 21 13 12 13 4 10 11 9 0 12 6 2 1 2 13 5 1 2 6 1 1 7 0 5 1 0 5 0 1 0 0 0 1 2 0 2 0 0 0 0 0 
0 0 0 1 1 0 16 30 6 16 30 30 26 23 30 30 30 30 30 30 30 30 30 30 30 30 30 30 30 30 30 30 30 30 30 30 30 30 30 30 30 30 30 30 30 30 30 30 30 30 30 30 30 30 30 30 30 30 30 30 30 30 30 30 30 30 30 30 30 30 30 30 25 22 26 24 30 14 19 24 20 27 10 11 20 7 11 15 8 10 5 12 13 3 3 6 1 2 2 8 2 0 0 8 0 1 0 0 0 0 1 0 10 1 0 0 0 0 2 0 0 
0 0 0 0 8 2 0 30 8 27 30 7 30 30 30 30 30 30 30 30 30 30 30 30 30 30 30 30 30 30 30 30 30 30 30 30 30 30 30 30 30 30 30 30 30 30 30 30 30 30 30 30 30 30 30 30 30 30 30 30 30 30 30 30 30 30 30 30 30 30 30 30 29 30 26 28 30 30 21 26 13 8 11 14 7 20 6 7 16 2 2 8 10 9 7 10 2 5 0 0 9 1 1 0 3 2 0 1 0 0 1 0 2 1 0 4 0 3 0 0 0 2 0 0 
0 0 0 2 8 8 24 10 19 15 9 10 30 30 30 30 30 30 30 30 30 30 30 30 30 30 30 30 30 30 30 30 30 30 30 30 30 30 30 30 30 30 30 30 30 30 30 30 30 30 30 30 30 30 30 30 30 30 30 30 30 30 30 30 30 30 30 30 30 30 30 30 23 23 30 30 19 17 20 30 21 22 26 17 7 17 14 15 4 7 7 3 5 1 7 7 7 7 7 2 1 2 9 2 1 0 2 8 0 0 7 1 4 0 0 0 3 0 0 3 0 1 0 0 1 1 2 
0 0 0 8 1 30 30 0 1 30 24 9 30 30 30 30 30 30 30 30 30 30 30 30 30 30 30 30 30 30 30 30 30 30 30 30 30 30 30 30 30 30 30 30 30 30 30 30 30 30 30 30 30 30 30 30 30 30 30 30 30 30 30 30 30 30 30 30 30 30 30 22 30 28 22 30 30 13 5 15 13 18 11 8 6 15 10 4 3 9 8 7 4 8 9 2 0 0 0 3 1 2 6 3 0 0 3 2 3 0 0 3 2 0 0 0 0 0 
0 0 0 0 8 30 1 12 1 30 30 30 30 30 30 30 30 30 30 30 30 30 30 30 30 30 30 30 30 30 30 30 30 30 30 30 30 30 30 30 30 30 30 30 30 30 30 30 30 30 30 30 30 30 30 30 30 30 30 30 30 30 30 30 30 30 30 30 30 30 30 30 30 19 29 20 30 12 14 30 13 12 14 12 13 6 10 17 10 5 4 3 3 7 3 1 3 5 2 1 2 2 4 1 0 1 2 3 1 0 1 3 2 1 0 2 0 0 0 0 1 0 0 
0 0 0 0 4 4 5 11 26 30 30 30 30 30 30 30 30 30 30 30 30 30 30 30 30 30 30 30 30 30 30 30 30 30 30 30 30 30 30 30 30 30 30 30 30 30 30 30 30 30 30 30 30 30 30 30 30 30 30 30 30 30 30 30 30 30 30 30 30 30 30 30 30 28 30 22 13 21 30 19 21 17 9 16 7 9 14 5 13 14 4 8 15 12 2 7 1 2 1 4 0 3 2 1 1 1 2 0 0 2 6 5 0 1 0 1 1 4 0 1 0 2 0 0 0 
0 0 0 0 0 0 12 22 20 21 5 13 20 21 30 30 30 30 30 30 30 30 30 30 30 30 30 30 30 30 30 30 30 30 30 30 30 30 30 30 30 30 30 30 30 30 30 30 30 30 30 30 30 30 30 30 30 30 30 30 30 30 30 30 30 30 30 30 30 30 30 22 30 30 30 22 28 30 22 21 19 9 18 23 14 9 12 5 3 11 3 12 7 2 7 3 2 0 1 0 1 1 2 4 6 0 0 2 2 0 2 0 0 0 0 1 0 0 0 4 0 0 1 0 
0 0 0 0 0 4 8 6 30 30 2 10 30 30 30 30 30 30 30 30 30 30 30 30 30 30 30 30 30 30 30 30 30 30 30 30 30 30 30 30 30 30 30 30 30 30 30 30 30 30 30 30 30 30 30 30 30 30 30 30 30 30 30 30 30 30 30 30 30 30 30 23 27 30 20 20 26 30 17 12 21 30 28 15 2 13 9 2 15 0 11 8 9 3 5 5 1 4 0 0 10 0 0 3 0 0 0 0 8 0 0 1 0 2 2 0 0 0 0 0 0 4 0 
0 0 0 0 30 30 17 2 30 30 30 23 30 30 30 30 30 30 30 30 30 30 30 30 30 30 30 30 30 30 30 30 30 30 30 30 30 30 30 30 30 30 30 30 30 30 30 30 30 30 30 30 30 30 30 30 30 30 30 30 30 30 30 30 30 30 30 30 30 30 30 30 30 23 22 9 17 22 18 14 19 20 10 10 6 16 4 10 7 3 7 4 4 3 6 1 1 7 5 5 0 0 0 2 1 5 0 2 0 1 2 0 1 0 0 0 0 1 0 1 2 1 0 1 
0 0 0 0 2 1 1 0 30 1 30 30 30 30 30 30 30 30 30 30 30 30 30 30 30 30 30 30 30 30 30 30 30 30 30 30 30 30 30 30 30 30 30 30 30 30 30 30 30 30 30 30 30 30 30 30 30 30 30 30 30 30 30 30 30 30 30 30 30 30 30 30 30 16 24 27 22 18 30 9 24 19 24 14 11 9 25 5 13 4 16 1 1 10 4 2 6 0 4 2 1 3 0 0 0 0 2 1 3 3 3 4 0 0 0 0 0 5 1 0 
0 0 0 0 0 12 0 30 6 22 30 18 10 17 30 30 30 30 30 30 30 30 30 30 30 30 30 30 30 30 30 30 30 30 30 30 30 30 30 30 30 30 30 30 30 30 30 30 30 30 30 30 30 30 30 30 30 30 30 30 30 30 30 30 30 30 30 30 30 30 30 30 28 30 30 25 17 26 14 21 21 12 13 19 19 8 8 25 16 9 10 0 8 3 2 1 2 3 5 5 4 6 0 0 1 3 1 0 1 4 0 3 0 0 1 2 0 0 0 0 0 2 0 
0 0 6 0 0 3 4 30 10 10 19 30 30 30 30 30 30 30 30 30 30 30 30 30 30 30 30 30 30 30 30 30 30 30 30 30 30 30 30 30 30 30 30 30 30 30 30 30 30 30 30 30 30 30 30 30 30 30 30 30 30 30 30 30 30 30 30 30 30 30 30 30 30 26 30 24 30 16 14 23 21 19 26 15 19 14 19 10 9 15 6 7 1 15 11 5 5 1 5 1 3 0 0 4 0 5 1 2 0 1 0 0 0 0 0 1 0 0 0 0 1 1 0 0 0 
0 0 0 3 30 2 1 7 30 30 30 30 30 30 30 30 30 30 30 30 30 30 30 30 30 30 30 30 30 30 30 30 30 30 30 30 30 30 30 30 30 30 30 30 30 30 30 30 30 30 30 30 30 30 30 30 30 30 30 30 30 30 30 30 30 30 30 30 30 28 30 30 21 29 29 30 23 29 13 13 16 9 19 30 9 7 5 7 8 11 3 10 5 2 1 5 2 0 7 4 4 2 1 1 3 4 0 0 2 0 1 0 0 0 0 0 0 0 0 0 0 
0 0 0 3 0 4 11 11 9 22 0 6 8 30 30 30 30 30 30 30 30 30 30 30 30 30 30 30 30 30 30 30 30 30 30 30 30 30 30 30 30 30 30 30 30 30 30 30 30 30 30 30 30 30 30 30 30 30 30 30 30 30 30 30 30 30 30 30 30 30 30 30 30 30 29 30 20 20 15 16 30 20 25 12 13 12 12 9 10 9 7 8 3 7 4 6 1 5 0 9 2 1 3 3 1 5 0 9 0 0 0 0 1 0 0 0 5 1 0 1 2 0 0 0 
0 0 1 1 16 7 7 16 2 4 18 30 30 22 30 30 30 30 30 30 30 30 30 30 30 30 30 30 30 30 30 30 30 30 30 30 30 30 30 30 30 30 30 30 30 30 30 30 30 30 30 30 30 30 30 30 30 30 30 30 30 30 30 30 30 30 30 30 30 30 30 30 30 28 17 30 19 30 30 14 19 8 29 22 20 10 13 4 11 22 5 4 10 1 3 6 8 0 3 6 1 2 0 2 0 2 1 6 3 1 0 0 0 0 6 0 0 0 0 1 3 1 0 1 0 0 0 0 
0 0 1 0 3 4 12 6 5 18 30 30 30 30 30 30 30 30 30 30 30 30 30 30 30 30 30 30 30 30 30 30 30 30 30 30 30 30 30 30 30 30 30 30 30 30 30 30 30 30 30 30 30 30 30 30 30 30 30 30 30 30 30 30 30 30 28 30 30 30 30 30 30 27 30 27 30 25 26 12 18 4 12 10 6 12 8 14 16 6 16 5 2 6 4 2 4 2 2 2 0 1 0 6 0 2 0 0 1 4 2 0 0 6 0 0 0 0 
0 0 2 12 2 1 4 30 23 11 30 30 30 30 30 30 30 30 30 30 30 30 30 30 30 30 30 30 30 30 30 30 30 30 30 30 30 30 30 30 30 30 30 30 30 30 30 30 30 30 30 30 30 30 30 30 30 30 30 30 30 30 30 30 30 30 30 30 30 30 30 30 22 21 30 27 17 16 22 4 23 7 12 6 5 17 12 3 11 8 12 7 15 3 3 7 0 0 2 1 0 1 2 3 1 6 3 1 7 0 0 3 0 6 0 0 1 0 0 1 0 1 0 
0 0 0 13 28 3 13 30 13 15 4 30 12 30 30 30 30 30 30 30 30 30 30 30 30 30 30 30 30 30 30 30 30 30 30 30 30 30 30 30 30 30 30 30 30 30 30 30 30 30 30 30 30 30 30 30 30 30 30 30 30 30 30 30 30 30 30 30 30 30 30 30 30 19 30 25 26 16 18 30 22 22 18 11 5 11 14 1 12 9 4 4 6 10 3 6 1 1 7 1 6 4 0 2 2 2 3 0 1 1 1 0 0 0 0 0 0 1 0 1 3 0 0 1 
0 0 0 3 7 9 0 30 1 6 30 10 8 30 21 30 30 30 30 30 30 30 30 30 30 30 30 30 30 30 30 30 30 30 30 30 30 30 30 30 30 30 30 30 30 30 30 30 30 30 30 30 30 30 30 30 30 30 30 30 30 30 30 30 30 30 30 30 30 30 30 30 30 30 27 30 30 26 30 20 8 17 26 30 12 17 22 9 2 4 3 17 10 9 10 6 5 2 7 2 3 8 4 1 2 2 6 0 0 0 1 0 0 1 0 0 0 10 2 0 0 0 0 0 0 3 0 
0 0 0 0 18 30 17 30 30 30 30 30 30 30 30 30 30 30 30 30 30 30 30 30 30 30 30 30 30 30 30 30 30 30 30 30 30 30 30 30 30 30 30 30 30 30 30 30 30 30 30 30 30 30 30 30 30 30 30 30 30 30 30 30 30 30 30 30 30 30 30 27 30 30 23 28 21 13 17 21 13 23 12 10 8 15 10 19 6 7 11 4 3 4 8 2 0 9 1 8 0 1 0 5 3 2 0 0 1 2 0 0 0 0 0 1 3 0 1 2 0 0 
0 0 1 0 0 5 5 5 2 1 14 23 11 30 13 30 30 30 30 30 30 30 30 30 30 30 30 30 30 30 30 30 30 30 30 30 30 30 30 30 30 30 30 30 30 30 30 30 30 30 30 30 30 30 30 30 30 30 30 30 30 30 30 30 30 30 30 30 30 30 30 30 30 30 30 30 30 30 28 23 15 30 17 22 30 19 15 17 8 10 8 18 11 3 5 3 3 1 6 1 6 7 3 6 1 0 4 0 0 1 4 1 4 3 0 2 0 0 1 0 1 0 0 0 2 
0 0 0 0 0 0 30 6 30 20 30 24 30 30 20 11 30 30 30 30 30 30 30 30 30 30 30 30 30 30 30 30 30 30 30 30 30 30 30 30 30 30 30 30 30 30 30 30 30 30 30 30 30 30 30 30 30 30 30 30 30 30 30 30 30 30 30 30 30 30 30 30 30 30 30 26 30 24 20 15 30 28 12 13 17 14 4 14 20 5 7 3 4 3 3 9 2 3 0 0 12 6 6 6 0 2 0 2 0 3 2 6 1 0 0 0 0 0 1 0 0 2 0 0 0 1 
0 0 0 2 6 30 15 30 7 30 13 30 30 21 30 30 30 30 30 30 30 30 30 30 30 30 30 30 30 30 30 30 30 30 30 30 30 30 30 30 30 30 30 30 30 30 30 30 30 30 30 30 30 30 30 30 30 30 30 30 30 30 30 30 30 30 30 30 30 30 30 30 30 30 30 30 30 30 29 23 18 19 8 27 13 17 8 12 5 5 6 20 12 3 5 7 8 4 2 12 5 6 3 5 0 2 1 3 0 1 0 2 1 2 0 0 5 0 0 0 0 0 0 0 0 
0 0 0 0 1 1 30 18 9 20 30 30 30 30 30 30 30 30 30 30 30 30 30 30 30 30 30 30 30 30 30 30 30 30 30 30 30 30 30 30 30 30 30 30 30 30 30 30 30 30 30 30 30 30 30 30 30 30 30 30 30 30 30 30 30 30 30 30 30 30 30 14 20 27 29 30 26 18 19 25 13 13 4 14 6 5 6 7 13 15 2 8 3 13 6 1 2 5 3 0 1 4 6 0 7 0 2 0 1 2 0 1 0 2 0 3 0 0 0 0 2 0 
0 0 0 0 8 0 30 8 10 7 30 30 24 30 30 30 30 30 30 30 30 30 30 30 30 30 30 30 30 30 30 30 30 30 30 30 30 30 30 30 30 30 30 30 30 30 30 30 30 30 30 30 30 30 30 30 30 30 30 30 30 30 30 30 30 30 30 30 30 30 30 30 28 22 30 19 30 21 18 25 9 18 14 19 19 18 13 10 3 4 1 4 3 2 2 4 1 1 1 4 1 0 14 6 0 0 0 0 1 3 2 2 1 0 1 1 0 0 0 0 0 1 1 0 0 0 
0 0 0 13 7 3 16 30 6 13 10 30 30 30 30 30 30 30 30 30 30 30 30 30 30 30 30 30 30 30 30 30 30 30 30 30 30 30 30 30 30 30 30 30 30 30 30 30 30 30 30 30 30 30 30 30 30 30 30 30 30 30 30 30 30 30 30 30 30 30 30 30 30 28 27 18 19 30 24 30 15 12 10 20 22 10 6 7 11 7 3 6 3 6 4 3 6 0 3 0 2 0 9 0 2 7 0 0 3 4 2 1 2 0 0 1 1 0 2 0 
0 0 30 3 30 0 30 8 30 14 18 30 30 27 30 30 30 30 30 30 30 30 30 30 30 30 30 30 30 30 30 30 30 30 30 30 30 30 30 30 30 30 30 30 30 30 30 30 30 30 30 30 30 30 30 30 30 30 30 30 30 30 30 30 30 30 30 30 30 30 30 29 30 30 27 26 30 22 30 14 7 21 6 23 19 9 11 9 8 10 9 2 1 11 2 6 2 2 5 1 2 5 1 1 4 1 1 5 0 1 4 1 2 1 0 1 0 1 3 0 0 0 0 1 1 0 
0 0 0 0 30 0 1 30 4 1 19 30 29 30 30 18 30 30 30 30 30 30 30 30 30 30 30 30 30 30 30 30 30 30 30 30 30 30 30 30 30 30 30 30 30 30 30 30 30 30 30 30 30 30 30 30 30 30 30 30 30 30 30 30 30 30 30 30 30 30 30 30 30 30 30 30 30 24 19 30 28 29 9 9 18 9 16 10 8 9 8 7 7 5 3 8 4 6 3 1 0 4 3 1 1 0 1 0 0 0 0 0 0 2 0 2 0 0 2 1 0 0 0 
0 0 0 0 0 9 8 30 25 9 10 17 30 27 30 30 30 30 30 30 30 30 30 30 30 30 30 30 30 30 30 30 30 30 30 30 30 30 30 30 30 30 30 30 30 30 30 30 30 30 30 30 30 30 30 30 30 30 30 30 30 30 30 30 30 30 30 30 30 30 30 30 30 30 30 30 15 18 27 30 30 11 30 17 15 12 22 18 7 5 10 14 12 2 6 0 4 3 9 3 5 6 0 0 7 4 0 0 0 2 0 2 0 3 0 0 0 0 0 2 3 5 0 0 0 1 1 
0 0 0 22 5 0 0 23 17 11 10 25 29 30 30 30 30 30 30 30 30 30 30 30 30 30 30 30 30 30 30 30 30 30 30 30 30 30 30 30 30 30 30 30 30 30 30 30 30 30 30 30 30 30 30 30 30 30 30 30 30 30 30 30 30 30 30 30 30 30 30 30 26 30 25 28 30 23 12 19 16 16 11 5 22 5 17 16 0 18 13 13 2 8 5 6 5 11 5 18 9 1 1 2 4 2 2 0 0 3 0 0 0 0 1 0 0 0 3 0 0 0 0 0 0 
0 0 0 14 9 3 10 30 30 5 30 30 18 23 30 30 30 30 30 30 30 30 30 30 30 30 30 30 30 30 30 30 30 30 30 30 30 30 30 30 30 30 30 30 30 30 30 30 30 30 30 30 30 30 30 30 30 30 30 30 30 30 30 30 30 30 30 30 30 30 30 30 27 30 30 30 21 21 30 24 13 12 24 12 29 0 7 9 6 2 18 11 9 8 2 4 3 2 0 5 3 8 0 7 2 2 2 0 1 0 0 0 3 0 0 2 2 1 0 2 0 0 5 1 0 0 0 0 
0 0 0 1 3 12 2 2 30 13 23 30 7 30 30 30 30 30 30 30 30 30 30 30 30 30 30 30 30 30 30 30 30 30 30 30 30 30 30 30 30 30 30 30 30 30 30 30 30 30 30 30 30 30 30 30 30 30 30 30 30 30 30 30 30 30 30 30 30 30 30 30 30 30 30 26 30 30 30 28 25 11 16 6 10 13 10 3 8 19 3 11 9 5 8 2 1 1 4 3 2 0 5 0 1 4 0 1 0 3 0 0 2 0 0 2 0 2 0 0 0 2 
0 0 0 1 17 27 13 4 10 30 30 28 14 30 30 30 30 30 30 30 30 30 30 30 30 30 30 30 30 30 30 30 30 30 30 30 30 30 30 30 30 30 30 30 30 30 30 30 30 30 30 30 30 30 30 30 30 30 30 30 30 30 30 30 30 30 30 30 30 30 30 30 30 30 30 30 23 26 18 19 23 30 13 25 11 10 7 5 14 5 7 10 3 8 6 5 6 11 4 4 5 1 4 3 2 4 1 3 0 0 4 3 1 0 0 5 1 0 0 2 0 0 0 2 0 0 
0 0 0 14 10 1 4 1 6 30 30 30 24 30 30 30 30 30 30 30 30 30 30 30 30 30 30 30 30 30 30 30 30 30 30 30 30 30 30 30 30 30 30 30 30 30 30 30 30 30 30 30 30 30 30 30 30 30 30 30 30 30 30 30 30 30 30 30 30 30 30 30 23 24 29 26 25 19 4 18 17 13 18 8 18 13 22 6 30 20 7 5 9 4 3 4 4 1 2 0 1 9 1 1 1 4 1 2 1 1 0 1 3 2 1 0 0 0 2 0 0 0 
0 0 0 0 6 1 2 0 2 30 30 30 10 30 30 30 30 30 30 30 30 30 30 30 30 30 30 30 30 30 30 30 30 30 30 30 30 30 30 30 30 30 30 30 30 30 30 30 30 30 30 30 30 30 30 30 30 30 30 30 30 30 30 30 30 30 30 30 30 30 30 26 30 30 30 30 26 25 30 13 7 19 11 10 20 11 3 9 17 16 14 12 6 7 9 1 4 4 2 10 0 2 0 2 1 0 2 0 0 4 0 0 1 0 0 0 0 2 0 1 0 1 
0 0 0 0 0 1 12 4 30 18 12 30 30 30 30 30 30 30 30 30 30 30 30 30 30 30 30 30 30 30 30 30 30 30 30 30 30 30 30 30 30 30 30 30 30 30 30 30 30 30 30 30 30 30 30 30 30 30 30 30 30 30 30 30 30 30 30 30 30 30 30 30 26 30 30 23 30 25 26 30 27 21 17 11 6 15 8 5 4 6 5 9 8 10 18 5 8 1 1 5 0 0 0 0 4 0 0 4 0 5 0 0 4 0 0 1 0 1 0 7 0 
0 0 0 0 30 30 30 6 30 30 30 30 30 30 30 30 30 30 30 30 30 30 30 30 30 30 30 30 30 30 30 30 30 30 30 30 30 30 30 30 30 30 30 30 30 30 30 30 30 30 30 30 30 30 30 30 30 30 30 30 30 30 30 30 30 30 30 30 30 30 30 30 30 30 27 30 30 27 18 23 11 15 15 22 13 9 7 14 3 10 11 8 8 6 6 5 3 3 4 1 2 3 2 8 7 2 1 4 0 0 0 2 1 0 1 0 1 0 0 0 0 
0 0 0 0 2 19 26 3 21 27 8 8 30 18 30 30 30 30 30 30 30 30 30 30 30 30 30 30 30 30 30 30 30 30 30 30 30 30 30 30 30 30 30 30 30 30 30 30 30 30 30 30 30 30 30 30 30 30 30 30 30 30 30 30 30 30 30 30 30 30 30 30 30 30 30 30 30 18 28 29 14 14 29 7 14 10 15 8 20 4 3 4 1 5 8 2 8 2 1 3 1 2 4 3 3 1 0 2 2 4 7 0 1 0 0 1 1 1 0 0 0 0 1 0 
0 0 0 2 15 2 3 30 0 12 30 4 30 30 30 30 30 30 30 30 30 30 30 30 30 30 30 30 30 30 30 30 30 30 30 30 30 30 30 30 30 30 30 30 30 30 30 30 30 30 30 30 30 30 30 30 30 30 30 30 30 30 30 30 30 30 30 30 30 30 30 30 30 19 27 30 30 30 11 29 12 19 14 8 18 8 23 14 3 6 6 8 3 5 9 4 5 1 4 1 0 1 1 0 1 0 3 2 1 5 1 0 0 0 1 0 1 0 0 0 0 
0 0 0 30 0 1 7 9 28 3 18 5 6 30 30 30 18 30 30 30 30 30 30 30 30 30 30 30 30 30 30 30 30 30 30 30 30 30 30 30 30 30 30 30 30 30 30 30 30 30 30 30 30 30 30 30 30 30 30 30 30 30 30 30 30 30 30 30 30 30 30 30 30 30 30 30 25 14 27 30 30 23 30 8 10 22 21 6 11 8 4 6 4 10 9 5 7 2 2 5 1 0 1 5 4 0 2 0 1 1 2 0 0 1 1 3 1 0 15 0 0 
0 0 0 3 1 7 2 13 17 16 24 30 27 30 30 30 30 30 30 30 30 30 30 30 30 30 30 30 30 30 30 30 30 30 30 30 30 30 30 30 30 30 30 30 30 30 30 30 30 30 30 30 30 30 30 30 30 30 30 30 30 30 30 30 30 30 30 30 30 30 30 30 27 20 26 9 29 18 27 18 30 15 18 11 6 22 17 9 4 3 6 9 6 3 5 3 6 12 0 1 3 0 6 0 2 1 2 1 0 7 0 0 0 0 6 0 0 1 0 0 2 0 0 0 
0 0 4 30 6 1 1 5 1 11 30 30 12 30 30 30 30 30 30 30 30 30 30 30 30 30 30 30 30 30 30 30 30 30 30 30 30 30 30 30 30 30 30 30 30 30 30 30 30 30 30 30 30 30 30 30 30 30 30 30 30 30 30 30 30 30 30 30 30 30 30 30 30 30 30 30 30 26 30 14 30 19 18 15 20 4 19 23 13 1 14 5 7 9 0 3 4 2 0 4 1 0 7 0 3 6 1 2 0 0 0 0 2 0 0 0 0 0 0 0 0 1 1 
0 0 0 0 5 0 26 1 30 5 16 30 30 30 30 30 30 30 30 30 30 30 30 30 30 30 30 30 30 30 30 30 30 30 30 30 30 30 30 30 30 30 30 30 30 30 30 30 30 30 30 30 30 30 30 30 30 30 30 30 30 30 30 30 30 30 30 30 30 30 30 30 30 23 30 26 30 28 25 9 8 11 6 18 19 5 5 11 21 13 9 8 2 4 6 14 1 1 3 0 0 3 4 1 0 2 0 2 3 0 0 0 0 1 2 0 1 0 0 0 0 0 
0 0 1 2 19 8 30 4 30 9 3 8 30 19 30 25 18 30 30 30 30 30 30 30 30 30 30 30 30 30 30 30 30 30 30 30 30 30 30 30 30 30 30 30 30 30 30 30 30 30 30 30 30 30 30 30 30 30 30 30 30 30 30 30 30 30 30 30 30 30 30 30 30 30 30 30 30 30 30 27 22 21 17 21 16 18 17 16 27 29 9 9 5 10 4 7 3 9 2 3 2 0 7 5 1 4 1 3 6 1 1 0 0 4 3 1 0 0 0 0 0 0 1 2 0 0 
0 0 0 10 12 2 2 3 17 30 2 20 16 30 30 30 30 30 30 30 30 30 30 30 30 30 30 30 30 30 30 30 30 30 30 30 30 30 30 30 30 30 30 30 30 30 30 30 30 30 30 30 30 30 30 30 30 30 30 30 30 30 30 30 30 30 30 30 30 30 30 30 30 16 30 30 30 21 30 10 16 14 10 9 4 12 2 9 9 6 8 11 10 5 4 0 3 18 0 2 5 0 3 0 1 7 0 1 0 1 2 2 0 0 0 4 0 0 0 0 1 0 
0 0 0 2 30 26 5 23 8 26 27 30 30 30 30 30 30 30 30 30 30 30 30 30 30 30 30 30 30 30 30 30 30 30 30 30 30 30 30 30 30 30 30 30 30 30 30 30 30 30 30 30 30 30 30 30 30 30 30 30 30 30 30 30 30 30 30 30 30 30 30 25 30 30 18 30 19 16 9 18 20 16 30 10 6 4 14 10 7 5 13 10 0 8 6 3 8 3 1 2 5 2 8 1 4 1 0 7 1 0 1 6 1 0 3 1 3 0 0 0 
0 0 0 0 19 6 8 30 23 30 30 8 30 24 30 30 30 30 30 30 30 30 30 30 30 30 30 30 30 30 30 30 30 30 30 30 30 30 30 30 30 30 30 30 30 30 30 30 30 30 30 30 30 30 30 30 30 30 30 30 30 30 30 30 30 30 30 30 30 30 30 30 30 30 30 30 30 30 30 30 20 25 22 15 21 24 16 20 26 11 7 7 8 8 7 8 8 9 5 13 3 6 8 3 0 2 1 0 7 2 1 1 3 0 0 0 0 0 0 0 0 1 2 0 0 0 0 
0 0 0 0 12 7 1 9 5 22 30 30 30 29 30 30 30 30 30 30 30 30 30 30 30 30 30 30 30 30 30 30 30 30 30 30 30 30 30 30 30 30 30 30 30 30 30 30 30 30 30 30 30 30 30 30 30 30 30 30 30 30 30 30 30 30 30 30 30 30 30 30 30 30 16 24 30 22 27 30 16 20 10 9 22 13 9 12 4 13 6 3 17 2 8 8 6 8 1 1 0 7 4 2 0 4 1 10 9 0 4 1 0 4 0 1 0 2 0 0 0 0 
0 0 0 8 5 2 15 14 10 30 9 30 30 30 30 30 30 30 30 30 30 30 30 30 30 30 30 30 30 30 30 30 30 30 30 30 30 30 30 30 30 30 30 30 30 30 30 30 30 30 30 30 30 30 30 30 30 30 30 30 30 30 30 30 30 30 30 30 30 30 30 30 30 20 21 27 25 29 9 9 24 20 14 17 18 7 3 6 6 1 5 3 1 1 9 6 2 1 7 5 5 0 3 1 0 0 2 8 14 5 0 0 0 0 0 0 0 0 0 0 0 0 0 0 0 
0 0 0 1 0 4 21 30 8 27 8 18 30 30 30 30 30 30 30 30 30 30 30 30 30 30 30 30 30 30 30 30 30 30 30 30 30 30 30 30 30 30 30 30 30 30 30 30 30 30 30 30 30 30 30 30 30 30 30 30 30 30 30 30 30 30 30 30 30 27 30 30 30 30 28 30 22 23 28 18 30 19 7 24 5 20 11 9 10 14 16 12 11 1 13 3 6 1 5 0 4 3 5 5 1 0 1 0 5 0 7 0 1 0 0 1 0 4 0 0 0 0 0 
0 0 2 2 0 4 6 5 15 0 30 27 30 23 30 30 30 30 30 30 30 30 30 30 30 30 30 30 30 30 30 30 30 30 30 30 30 30 30 30 30 30 30 30 30 30 30 30 30 30 30 30 30 30 30 30 30 30 30 30 30 30 30 30 30 30 30 30 30 30 30 30 30 27 30 17 20 20 19 14 25 11 9 11 13 12 13 14 11 8 12 6 15 12 13 6 3 3 3 6 3 2 7 0 1 6 1 1 0 2 3 3 1 0 7 1 1 0 3 0 0 0 0 
0 0 0 4 0 13 12 30 30 30 12 30 30 30 30 30 30 30 30 30 30 30 30 30 30 30 30 30 30 30 30 30 30 30 30 30 30 30 30 30 30 30 30 30 30 30 30 30 30 30 30 30 30 30 30 30 30 30 30 30 30 30 30 30 30 30 30 30 30 30 30 16 30 22 30 12 26 28 13 18 22 23 15 21 14 4 12 12 7 8 14 6 12 7 2 9 5 1 1 2 3 1 0 3 1 6 1 1 2 4 0 3 0 0 0 0 3 0 0 0 0 0 
0 0 0 0 2 9 15 6 3 5 30 30 30 30 30 30 30 30 30 30 30 30 30 30 30 30 30 30 30 30 30 30 30 30 30 30 30 30 30 30 30 30 30 30 30 30 30 30 30 30 30 30 30 30 30 30 30 30 30 30 30 30 30 30 30 30 30 30 30 30 30 30 30 20 30 23 30 11 22 17 30 21 17 1 16 13 8 5 17 5 8 2 7 2 18 2 6 5 4 0 2 4 4 1 2 2 0 2 4 3 0 0 0 0 2 0 0 3 0 0 0 0 2 
0 0 1 2 0 2 2 30 4 30 30 30 30 30 30 30 30 30 30 30 30 30 30 30 30 30 30 30 30 30 30 30 30 30 30 30 30 30 30 30 30 30 30 30 30 30 30 30 30 30 30 30 30 30 30 30 30 30 30 30 30 30 30 30 30 30 26 30 30 30 26 27 30 20 18 29 22 15 19 13 15 5 12 10 4 9 8 9 6 3 12 11 4 6 3 3 2 9 3 2 3 2 0 2 0 4 2 3 0 0 4 3 0 0 0 0 0 0 1 0 
0 0 0 0 0 30 3 30 28 3 14 11 12 8 25 30 30 30 30 30 30 30 30 30 30 30 30 30 30 30 30 30 30 30 30 30 30 30 30 30 30 30 30 30 30 30 30 30 30 30 30 30 30 30 30 30 30 30 30 30 30 30 30 30 30 30 30 30 30 30 30 30 30 30 23 23 30 30 30 24 28 15 19 17 9 14 6 7 6 10 10 9 3 3 5 10 6 5 2 7 2 5 3 4 7 2 4 1 1 1 0 1 0 0 0 5 1 0 0 0 0 0 0 0 1 
0 0 4 30 10 0 3 5 4 11 30 30 29 30 30 30 30 30 30 30 30 30 30 30 30 30 30 30 30 30 30 30 30 30 30 30 30 30 30 30 30 30 30 30 30 30 30 30 30 30 30 30 30 30 30 30 30 30 30 30 30 30 30 30 30 30 30 30 30 30 30 30 30 30 30 30 19 14 30 18 16 22 4 20 18 12 17 4 0 7 5 4 1 0 1 2 2 4 1 0 5 0 1 0 4 12 0 4 2 0 2 0 0 0 0 0 3 0 0 
0 0 0 10 1 12 7 9 10 8 30 30 30 30 30 30 30 30 30 30 30 30 30 30 30 30 30 30 30 30 30 30 30 30 30 30 30 30 30 30 30 30 30 30 30 30 30 30 30 30 30 30 30 30 30 30 30 30 30 30 30 30 30 30 30 30 30 30 30 30 30 23 27 21 28 30 30 29 15 26 11 18 15 13 10 10 6 1 10 8 0 7 8 1 2 1 2 6 0 4 4 1 2 5 0 4 1 1 0 1 0 0 0 0 0 1 9 0 0 4 0 0 
0 0 0 0 0 21 1 28 8 5 7 30 9 30 30 30 30 30 30 30 30 30 30 30 30 30 30 30 30 30 30 30 30 30 30 30 30 30 30 30 30 30 30 30 30 30 30 30 30 30 30 30 30 30 30 30 30 30 30 30 30 30 30 30 30 30 30 30 23 30 30 30 30 30 21 30 24 19 23 23 26 23 9 10 10 10 3 15 7 4 15 7 8 2 3 3 11 2 2 3 0 8 2 1 1 7 3 1 5 0 0 1 0 3 3 1 0 0 0 0 
0 0 0 3 26 4 26 3 0 22 7 30 30 30 30 30 30 30 30 30 30 30 30 30 30 30 30 30 30 30 30 30 30 30 30 30 30 30 30 30 30 30 30 30 30 30 30 30 30 30 30 30 30 30 30 30 30 30 30 30 30 30 30 30 30 30 30 30 30 30 30 30 30 29 24 30 30 21 18 21 15 19 16 19 10 10 3 8 8 9 11 1 4 1 4 4 7 1 5 0 2 2 1 0 1 1 0 2 0 0 1 0 0 1 2 0 0 0 0 0 0 2 0 
