0 0 0 1 3 1 2 3 3 5 14 9 5 18 13 14 14 14 22 25 30 30 30 30 30 30 30 30 30 30 30 30 30 30 30 30 30 30 30 30 30 30 30 30 30 30 30 30 30 30 30 30 30 30 30 30 30 30 30 30 15 28 27 23 21 19 13 18 8 10 6 10 10 5 4 4 1 6 3 5 1 1 7 2 2 2 2 3 0 1 2 2 0 2 2 0 0 0 1 0 0 0 1 0 0 0 1 1 0 1 0 0 0 0 0 0 0 0 0 0 0 0 0 0 0 0 0 0 0 0 0 0 0 0 0 0 0 0 0 0 0 0 0 
0 0 0 2 1 0 5 8 4 4 9 13 7 13 10 24 21 21 30 30 25 30 30 30 30 30 30 30 30 30 30 30 30 30 30 30 30 30 30 30 30 30 30 30 30 30 30 30 30 30 30 30 30 30 30 27 30 30 30 28 20 21 18 18 16 15 12 6 6 7 8 4 6 5 0 3 2 4 5 1 3 1 4 1 3 0 2 1 1 1 0 0 0 0 1 2 0 0 0 0 0 0 0 0 0 0 1 0 0 0 0 0 0 0 0 0 0 0 0 0 0 0 0 0 0 0 0 0 0 0 0 0 0 0 0 0 0 0 0 0 0 0 0 
0 0 0 1 1 1 3 4 2 3 6 6 6 2 8 15 12 16 21 30 30 30 30 30 30 30 30 30 30 30 30 30 30 30 30 30 30 30 30 30 30 30 30 30 30 30 30 30 30 30 30 30 30 30 30 30 30 30 29 24 20 18 22 16 16 14 15 8 6 9 13 8 9 2 3 3 3 0 4 3 3 0 2 1 3 2 1 1 0 3 0 1 0 2 1 0 0 2 1 1 0 1 0 0 0 0 0 0 0 0 0 0 0 0 0 0 0 0 0 0 0 0 0 0 0 0 0 0 0 0 0 0 0 0 0 0 0 0 0 0 0 0 0 
0 0 0 1 2 3 2 2 4 7 5 10 7 6 16 19 22 22 30 26 30 30 30 30 30 30 30 30 30 30 30 30 30 30 30 30 30 30 30 30 30 30 30 30 30 30 30 30 30 30 30 30 30 30 30 30 30 30 30 22 30 24 21 15 17 18 14 6 7 4 8 7 7 11 9 5 2 5 4 0 2 1 0 3 0 2 1 0 2 2 0 1 3 0 0 1 0 2 0 0 0 0 0 1 1 0 0 0 0 0 0 0 0 0 0 0 0 0 0 0 0 0 0 1 0 0 0 0 0 0 0 0 0 0 0 0 0 0 0 0 0 0 0 
0 0 0 0 2 2 5 3 4 6 12 7 10 14 12 23 21 24 30 30 30 30 30 30 30 30 30 30 30 30 30 30 30 30 30 30 30 30 30 30 30 30 30 30 30 30 30 30 30 30 30 30 30 30 30 30 30 30 27 26 28 18 22 21 13 12 11 8 9 15 10 7 10 7 3 2 2 7 5 6 2 3 0 1 1 4 2 1 1 1 1 1 0 2 1 0 0 1 0 0 0 0 0 0 0 1 0 0 1 0 0 0 0 1 0 0 0 0 0 0 0 0 0 0 0 0 0 0 0 0 0 0 0 0 0 0 0 0 0 0 0 0 0 
0 0 0 2 2 0 3 2 5 2 5 6 11 17 19 22 15 30 22 30 30 30 30 30 30 30 30 30 30 30 30 30 30 30 30 30 30 30 30 30 30 30 30 30 30 30 30 30 30 30 30 30 30 30 30 30 30 30 28 29 26 15 17 18 16 18 13 12 5 6 5 10 2 4 2 2 6 6 0 6 1 0 2 4 2 0 2 1 1 2 0 1 0 0 0 1 0 2 0 0 1 0 0 0 0 0 0 0 0 0 0 0 0 0 0 0 0 0 0 0 0 0 0 0 0 0 0 0 0 0 0 0 0 0 0 0 0 0 0 0 0 0 0 
0 0 0 1 1 0 1 6 1 3 5 10 10 11 13 18 9 29 25 30 30 30 30 30 30 30 30 30 30 30 30 30 30 30 30 30 30 30 30 30 30 30 30 30 30 30 30 30 30 30 30 30 30 30 30 30 30 30 16 30 29 23 24 25 15 11 15 14 13 6 11 10 3 5 5 2 2 5 3 4 7 2 2 5 3 0 1 2 0 0 2 2 1 1 0 0 0 0 2 1 0 0 1 0 0 0 0 0 0 0 0 0 0 0 0 0 0 0 0 0 0 0 0 0 0 0 0 0 1 0 0 0 0 0 0 0 0 0 0 0 0 0 0 
0 0 0 0 1 1 2 2 4 6 3 5 7 6 8 18 25 13 22 24 21 28 30 30 30 30 30 30 30 30 30 30 30 30 30 30 30 30 30 30 30 30 30 30 30 30 30 30 30 30 30 30 30 30 30 30 30 29 28 29 29 30 23 23 14 12 10 15 13 9 4 8 6 7 3 6 6 3 4 3 2 4 2 0 2 3 0 2 0 1 1 2 0 1 1 1 0 0 0 1 1 0 4 1 0 0 0 1 0 0 0 0 0 0 0 0 0 0 0 0 0 0 0 0 0 0 0 0 0 0 0 0 0 0 0 0 0 0 0 0 0 0 0 
0 0 0 3 1 1 3 6 6 10 8 12 9 12 14 14 18 22 29 20 30 30 30 30 30 30 30 30 30 30 30 30 30 30 30 30 30 30 30 30 30 30 30 30 30 30 30 30 30 30 30 30 30 30 30 30 30 30 27 29 20 24 16 17 12 16 12 12 16 12 15 7 4 1 8 6 3 3 2 3 3 1 4 1 2 2 3 0 1 1 1 3 1 0 0 0 0 0 0 0 0 0 0 0 0 0 0 0 0 0 0 1 0 0 0 0 0 0 0 0 0 0 0 0 0 0 0 0 0 0 0 0 0 0 0 0 0 0 0 0 0 0 0 
0 0 0 2 1 1 1 4 6 7 10 8 10 11 18 23 22 30 28 30 30 30 30 30 30 30 30 30 30 30 30 30 30 30 30 30 30 30 30 30 30 30 30 30 30 30 30 30 30 30 30 30 30 30 30 25 30 29 18 29 23 15 13 19 9 11 15 13 8 3 9 7 5 3 2 5 4 8 3 2 5 1 3 2 2 2 0 0 1 0 1 1 0 0 0 0 1 2 1 0 0 0 0 0 0 0 0 0 0 0 0 0 0 0 0 0 0 0 0 0 0 0 0 0 0 0 0 0 0 0 0 0 0 0 0 0 0 0 0 0 0 0 0 
0 0 0 3 2 0 5 5 6 3 5 6 13 15 20 23 21 27 30 30 30 30 30 30 30 30 30 30 30 30 30 30 30 30 30 30 30 30 30 30 30 30 30 30 30 30 30 30 30 30 30 30 30 30 30 30 20 25 23 23 14 19 17 16 11 20 19 4 7 6 7 9 13 7 8 2 3 3 5 1 4 2 1 2 2 3 2 1 1 0 0 0 0 0 0 0 0 0 0 2 0 0 0 0 0 0 0 0 0 0 0 0 0 0 0 0 0 0 0 0 0 0 0 0 0 0 0 0 0 0 0 0 0 0 0 0 0 0 0 0 0 0 0 
0 0 0 2 0 1 1 4 4 7 6 7 5 9 15 10 20 21 28 22 30 30 30 30 30 30 30 30 30 30 30 30 30 30 30 30 30 30 30 30 30 30 30 30 30 30 30 30 30 30 30 30 30 30 30 30 30 30 30 26 27 21 15 16 20 13 11 13 8 12 11 11 6 2 2 2 6 5 1 3 6 2 1 1 2 0 1 1 1 3 3 1 0 0 1 1 0 0 0 0 0 0 0 1 0 0 1 1 0 0 0 0 0 0 0 1 0 0 0 0 0 0 0 0 0 0 0 0 0 0 0 0 0 0 0 0 0 0 0 0 0 0 0 
0 0 0 1 0 2 2 3 2 5 9 6 4 20 23 13 22 29 30 30 26 30 30 30 30 30 30 30 30 30 30 30 30 30 30 30 30 30 30 30 30 30 30 30 30 30 30 30 30 30 30 30 30 30 30 30 30 27 24 29 28 18 24 24 15 16 14 10 12 9 7 14 4 8 4 3 3 5 7 3 3 1 1 2 2 3 0 0 1 1 0 0 3 0 1 1 1 1 0 1 0 0 0 0 1 0 0 0 0 0 0 0 0 0 0 0 0 0 0 0 0 0 0 0 0 0 0 0 0 0 0 0 0 0 0 0 0 0 0 0 0 0 0 
0 0 0 2 1 2 2 6 3 5 6 4 10 21 22 12 20 27 22 24 27 30 30 30 30 30 30 30 30 30 30 30 30 30 30 30 30 30 30 30 30 30 30 30 30 30 30 30 30 30 30 30 30 30 30 30 23 30 22 26 25 22 24 21 12 11 12 10 10 10 9 12 5 4 7 2 5 6 3 3 2 0 4 4 1 0 3 2 0 3 1 2 0 1 1 0 0 0 0 0 0 0 0 0 0 1 0 0 0 0 0 0 0 0 0 0 0 0 0 0 0 0 0 0 0 0 0 0 0 0 0 0 0 0 0 0 0 0 0 0 0 0 0 
0 0 0 1 1 3 2 3 5 7 5 11 9 16 18 27 26 23 18 30 30 30 30 30 30 30 30 30 30 30 30 30 30 30 30 30 30 30 30 30 30 30 30 30 30 30 30 30 30 30 30 30 30 30 30 30 30 30 28 18 30 23 9 24 23 17 14 16 7 9 12 8 7 6 5 1 2 5 3 7 6 3 1 1 1 2 0 1 0 1 0 0 0 0 0 0 0 0 0 1 0 0 0 0 0 1 0 0 0 0 0 0 0 1 0 0 0 0 0 0 0 0 0 0 0 0 0 0 0 0 0 0 0 0 0 0 0 0 0 0 0 0 0 
0 0 0 1 1 1 1 1 6 7 6 5 16 13 18 20 22 24 30 30 30 30 30 30 30 30 30 30 30 30 30 30 30 30 30 30 30 30 30 30 30 30 30 30 30 30 30 30 30 30 30 30 30 30 30 30 28 20 26 23 25 15 9 13 20 14 13 9 13 6 5 5 6 8 7 2 6 5 0 2 2 3 1 4 0 1 0 1 2 1 0 0 1 1 1 0 4 1 1 0 0 0 0 0 0 0 1 0 0 0 0 0 0 0 1 0 0 0 0 0 0 0 0 0 0 0 0 0 0 0 0 0 0 0 0 0 0 0 0 0 0 0 0 
0 0 0 1 3 3 3 3 1 6 6 7 9 16 13 14 13 30 30 30 30 30 30 30 30 30 30 30 30 30 30 30 30 30 30 30 30 30 30 30 30 30 30 30 30 30 30 30 30 30 30 30 30 30 30 30 30 29 30 26 15 12 20 30 22 17 17 13 4 5 12 5 8 6 7 5 6 5 3 3 3 2 0 2 0 2 3 0 0 0 1 0 0 1 0 0 0 2 0 0 0 0 0 0 0 0 0 1 0 0 0 0 0 0 0 0 0 0 0 0 0 0 0 0 0 0 0 0 0 0 0 0 0 0 0 0 0 0 0 0 0 0 0 
0 0 0 1 0 0 5 4 2 6 10 6 6 12 13 16 16 26 18 20 25 25 30 30 30 30 30 30 30 30 30 30 30 30 30 30 30 30 30 30 30 30 30 30 30 30 30 30 30 30 30 30 30 30 30 30 29 29 23 22 16 21 27 15 10 13 23 8 8 10 14 6 8 3 5 4 7 2 4 7 3 1 4 1 1 4 1 2 1 0 0 0 0 0 1 0 0 0 3 0 0 0 1 0 0 0 0 1 0 0 1 0 0 0 0 0 0 0 0 0 0 0 0 0 0 0 1 0 0 0 0 0 0 0 0 0 0 0 0 0 0 0 0 
0 0 0 1 4 1 4 2 6 10 6 7 9 19 21 24 15 26 27 30 30 30 30 30 30 30 30 30 30 30 30 30 30 30 30 30 30 30 30 30 30 30 30 30 30 30 30 30 30 30 30 30 30 30 30 30 30 27 27 30 22 25 16 7 14 13 12 13 12 10 7 2 11 6 5 2 7 2 0 2 1 1 2 2 3 0 1 2 1 1 0 1 1 0 0 1 0 2 0 0 0 0 0 0 0 0 0 0 0 0 0 0 0 0 0 0 0 0 0 0 0 0 0 0 0 0 0 0 0 0 0 0 0 1 0 0 0 0 0 0 0 0 0 
0 0 0 6 0 4 2 3 0 5 2 5 8 20 17 15 12 27 30 30 30 30 30 30 30 30 30 30 30 30 30 30 30 30 30 30 30 30 30 30 30 30 30 30 30 30 30 30 30 30 30 30 30 30 30 30 30 30 30 30 26 23 19 16 12 12 5 10 9 11 10 11 5 6 4 2 3 6 1 2 4 0 3 4 1 0 1 0 1 0 1 1 0 0 2 1 0 0 0 0 0 0 0 0 0 0 0 0 0 0 1 0 0 0 0 0 0 0 0 0 0 0 0 0 0 0 0 0 0 0 0 0 0 0 0 0 0 0 0 0 0 0 0 
0 0 0 0 1 1 1 4 4 5 4 4 10 7 12 13 17 30 29 29 30 30 30 30 30 30 30 30 30 30 30 30 30 30 30 30 30 30 30 30 30 30 30 30 30 30 30 30 30 30 30 30 30 30 30 30 30 30 29 22 19 16 17 21 14 4 17 9 12 4 10 4 6 3 3 6 5 5 2 4 3 1 1 2 0 1 4 2 2 1 0 2 0 1 0 0 0 0 0 0 0 0 0 2 0 0 0 0 0 0 0 0 0 0 0 0 0 0 0 0 0 0 0 0 0 0 0 0 0 0 0 0 0 0 0 0 0 0 0 0 0 0 0 
0 0 0 1 2 0 5 7 1 4 4 5 8 11 16 16 29 22 21 30 30 30 30 30 30 30 30 30 30 30 30 30 30 30 30 30 30 30 30 30 30 30 30 30 30 30 30 30 30 30 30 30 30 30 30 30 28 25 30 20 28 19 26 14 11 11 15 14 12 4 7 8 8 9 8 3 4 4 1 3 4 3 0 2 1 0 1 0 2 0 0 2 0 1 0 0 0 1 0 0 0 0 0 0 0 0 0 0 0 0 0 0 0 0 0 0 0 0 0 0 0 0 0 0 0 0 0 0 0 0 0 0 0 0 0 1 0 0 0 0 0 0 0 
0 0 0 0 1 4 4 4 5 4 5 6 8 14 9 15 15 23 21 21 30 30 30 30 30 30 30 30 30 30 30 30 30 30 30 30 30 30 30 30 30 30 30 30 30 30 30 30 30 30 30 30 30 30 30 30 30 30 27 24 19 15 16 11 17 18 13 8 4 9 4 5 6 6 5 4 2 1 4 3 4 4 0 3 3 6 3 2 1 0 0 0 0 0 1 0 0 1 0 0 0 0 0 0 0 0 0 0 0 0 0 0 0 0 0 0 0 0 0 0 0 0 0 0 0 0 0 0 0 0 0 0 0 0 0 0 0 0 0 0 0 0 0 
0 0 0 0 2 0 2 5 1 1 5 7 8 12 12 9 11 23 17 25 28 26 27 30 30 30 30 30 30 30 30 30 30 30 30 30 30 30 30 30 30 30 30 30 30 30 30 30 30 30 30 30 30 30 30 30 30 30 30 30 30 30 20 23 21 13 20 13 11 7 9 7 7 5 9 3 4 5 6 5 4 2 2 2 2 3 1 1 0 2 2 3 1 0 1 1 0 0 0 0 0 1 0 0 0 0 0 0 0 0 0 0 0 0 1 0 0 0 0 0 0 0 0 0 0 0 0 0 0 0 0 0 0 0 0 0 0 0 0 0 0 0 0 
0 0 0 3 3 1 2 3 5 5 9 9 7 10 13 10 28 16 20 30 20 29 30 30 30 30 30 30 30 30 30 30 30 30 30 30 30 30 30 30 30 30 30 30 30 30 30 30 30 30 30 30 30 30 30 30 30 30 26 21 30 22 14 13 10 23 15 15 4 6 11 8 6 4 5 2 4 3 9 3 0 5 2 2 0 3 2 2 1 1 0 1 0 0 0 1 0 0 1 0 0 0 0 1 0 0 0 0 0 0 0 0 0 0 0 0 0 0 0 0 0 0 0 0 0 0 0 0 0 0 0 0 0 0 0 0 0 0 0 0 0 0 0 
0 0 0 1 1 1 3 3 4 6 6 11 14 9 13 11 11 28 30 30 30 30 30 30 30 30 30 30 30 30 30 30 30 30 30 30 30 30 30 30 30 30 30 30 30 30 30 30 30 30 30 30 30 30 30 30 30 25 18 17 22 14 16 19 16 9 14 8 10 16 17 7 4 6 3 4 3 1 4 0 4 2 0 1 4 0 2 0 1 0 2 2 2 0 0 0 0 0 1 0 0 1 0 0 0 0 0 0 0 0 1 0 0 0 0 0 0 0 0 0 0 0 0 0 0 0 0 0 0 0 0 0 0 0 0 0 0 0 0 0 0 0 0 
0 0 0 3 3 1 3 5 4 6 5 8 9 14 13 19 18 26 30 29 30 30 30 30 30 30 30 30 30 30 30 30 30 30 30 30 30 30 30 30 30 30 30 30 30 30 30 30 30 30 30 30 30 30 30 30 30 30 30 24 25 24 15 18 17 14 8 10 7 5 5 8 10 7 3 7 1 4 5 6 2 0 3 1 4 1 0 1 0 1 1 0 1 0 0 0 0 1 1 0 1 0 0 0 0 0 0 0 1 0 0 0 0 0 0 0 0 0 0 0 0 0 0 0 0 0 0 0 0 0 0 0 0 0 0 0 0 0 0 0 0 0 0 
0 0 0 2 1 3 1 4 5 6 5 9 10 10 7 19 24 28 20 30 30 30 30 30 30 30 30 30 30 30 30 30 30 30 30 30 30 30 30 30 30 30 30 30 30 30 30 30 30 30 30 30 30 30 30 30 30 30 23 30 14 20 9 15 14 10 13 13 13 7 4 6 6 10 4 2 6 2 4 0 4 0 2 2 1 0 3 1 3 1 0 1 1 0 3 0 0 0 0 0 0 0 0 0 0 0 0 0 0 0 0 0 0 0 0 0 0 0 0 0 0 0 0 0 0 0 0 0 0 0 0 0 0 0 0 0 0 0 0 0 0 0 0 
0 0 0 1 2 2 3 2 2 4 4 10 8 14 10 15 14 17 30 30 30 30 30 30 30 30 30 30 30 30 30 30 30 30 30 30 30 30 30 30 30 30 30 30 30 30 30 30 30 30 30 30 30 30 30 30 30 30 30 28 23 23 13 15 7 16 10 7 9 7 4 7 7 11 3 3 5 3 0 2 1 3 1 4 1 1 1 2 1 2 2 0 0 0 0 0 0 1 0 0 0 0 1 1 0 0 0 2 0 0 0 0 0 0 0 0 0 0 0 0 0 0 0 0 0 0 0 0 0 0 0 0 0 0 0 0 0 0 0 0 0 0 0 
0 0 0 1 0 2 2 3 3 4 6 6 8 14 10 17 23 21 24 30 30 30 30 30 30 30 30 30 30 30 30 30 30 30 30 30 30 30 30 30 30 30 30 30 30 30 30 30 30 30 30 30 30 30 30 30 30 23 27 17 20 17 17 16 18 19 7 10 6 5 8 10 5 5 3 4 5 5 4 4 1 2 1 1 1 1 0 2 0 1 0 1 0 0 0 1 0 2 0 0 1 0 0 0 0 0 0 0 0 0 0 0 0 0 0 0 0 0 0 0 0 0 0 0 0 0 0 0 0 0 0 0 0 0 0 0 0 0 0 0 0 0 0 
0 0 0 3 2 1 1 3 6 6 6 7 7 8 13 22 19 26 25 30 30 29 30 30 30 30 30 30 30 30 30 30 30 30 30 30 30 30 30 30 30 30 30 30 30 30 30 30 30 30 30 30 30 30 30 30 30 30 30 30 26 21 21 20 24 13 9 16 6 11 10 8 9 5 5 5 8 6 2 6 2 1 1 3 1 0 1 0 2 3 0 2 2 2 0 0 0 1 0 1 0 1 0 0 0 0 0 0 0 0 0 1 0 0 0 0 0 0 0 0 1 0 0 0 0 0 0 0 0 0 0 0 0 0 0 0 0 0 0 0 0 0 0 
0 0 0 4 1 2 5 5 6 2 4 11 5 6 11 12 20 16 30 30 30 30 30 30 30 30 30 30 30 30 30 30 30 30 30 30 30 30 30 30 30 30 30 30 30 30 30 30 30 30 30 30 30 30 30 30 30 21 24 20 21 19 17 17 20 18 21 10 10 8 4 5 8 5 5 2 2 2 3 3 5 3 0 3 1 2 1 2 3 0 1 0 0 0 0 2 0 0 0 0 0 0 0 0 0 0 1 0 0 0 0 0 0 0 1 0 0 0 0 0 0 0 0 0 0 0 0 0 0 0 0 0 0 0 0 0 0 0 0 0 0 0 0 
0 0 0 3 4 3 1 6 3 7 7 7 11 9 13 19 20 18 30 30 30 30 30 30 30 30 30 30 30 30 30 30 30 30 30 30 30 30 30 30 30 30 30 30 30 30 30 30 30 30 30 30 30 30 30 30 30 27 22 26 20 30 17 18 12 20 8 7 14 12 10 8 7 9 7 5 4 3 1 2 4 2 2 0 3 1 1 2 1 1 1 0 0 0 1 0 0 1 1 0 1 1 0 0 0 0 0 0 0 0 0 1 0 0 0 0 0 0 0 0 0 0 0 0 0 0 0 0 0 0 0 0 0 0 0 0 0 0 0 0 0 0 0 
0 0 0 4 2 0 2 5 3 3 5 7 11 7 11 14 10 14 22 24 30 30 30 30 30 30 30 30 30 30 30 30 30 30 30 30 30 30 30 30 30 30 30 30 30 30 30 30 30 30 30 30 30 30 30 30 30 30 30 25 16 26 21 12 20 18 11 16 7 7 7 9 5 6 5 1 5 3 3 1 2 3 3 1 4 0 0 2 1 1 0 0 2 0 0 0 0 0 0 2 0 0 0 0 0 0 0 0 0 0 0 0 0 0 0 0 0 0 0 0 0 0 0 0 0 0 0 0 0 0 0 0 0 0 0 0 0 0 0 0 0 0 0 
0 0 0 1 1 1 3 3 3 6 7 7 6 13 10 16 17 26 25 22 30 30 30 30 30 30 30 30 30 30 30 30 30 30 30 30 30 30 30 30 30 30 30 30 30 30 30 30 30 30 30 30 30 30 30 30 30 30 30 22 30 18 17 10 16 12 11 9 9 12 6 5 7 6 6 4 0 7 2 2 2 4 3 1 1 1 1 1 0 0 0 0 0 1 1 0 1 0 0 1 0 0 0 0 1 0 0 0 0 0 0 0 0 0 0 0 0 0 0 0 0 0 0 0 0 0 0 0 0 0 0 0 0 0 0 0 0 0 0 0 0 0 0 
0 0 0 2 3 0 1 2 3 6 4 6 6 12 14 8 21 30 30 30 30 30 30 30 30 30 30 30 30 30 30 30 30 30 30 30 30 30 30 30 30 30 30 30 30 30 30 30 30 30 30 30 30 30 30 30 30 30 25 26 20 18 18 14 20 11 9 16 8 6 12 1 5 5 3 1 4 2 5 4 1 2 3 2 3 1 0 1 0 0 2 2 1 1 0 1 0 0 0 0 0 0 0 0 0 0 1 0 0 0 0 1 0 0 0 0 0 0 0 0 0 0 0 0 0 0 0 0 0 0 0 0 0 0 0 0 0 0 0 0 0 0 0 
0 0 0 0 3 0 4 3 4 9 3 10 11 15 14 27 17 25 17 30 30 30 30 30 30 30 30 30 30 30 30 30 30 30 30 30 30 30 30 30 30 30 30 30 30 30 30 30 30 30 30 30 30 30 30 30 30 25 30 27 21 19 14 19 16 17 16 7 15 10 9 8 7 7 4 2 2 3 7 4 2 4 3 2 0 3 0 1 1 1 2 0 0 1 0 0 0 0 0 0 0 0 0 0 0 0 0 2 0 0 0 0 0 0 0 0 0 0 0 0 0 0 0 0 0 0 0 0 0 0 0 0 0 0 0 0 0 0 0 0 0 0 0 
0 0 0 1 1 1 2 2 2 10 7 10 17 12 10 19 26 16 30 27 30 30 30 30 30 30 30 30 30 30 30 30 30 30 30 30 30 30 30 30 30 30 30 30 30 30 30 30 30 30 30 30 30 30 30 30 30 30 26 27 21 18 15 13 17 8 19 10 9 4 8 6 5 8 9 5 3 5 3 2 0 0 4 1 2 2 3 1 0 1 0 0 3 1 1 0 0 0 2 0 0 0 0 0 0 0 0 0 0 0 0 0 0 0 0 0 0 0 0 0 0 0 0 0 0 0 0 0 0 0 0 1 0 0 0 0 0 0 0 0 0 0 0 
0 0 0 2 2 1 1 1 5 1 7 7 6 16 12 17 30 19 21 27 30 30 30 30 30 30 30 30 30 30 30 30 30 30 30 30 30 30 30 30 30 30 30 30 30 30 30 30 30 30 30 30 30 30 30 30 24 30 30 22 12 18 22 12 14 13 15 7 12 4 4 4 9 7 4 4 2 3 1 2 2 5 1 1 1 0 1 1 1 0 0 0 0 0 1 0 0 0 0 0 0 0 0 0 0 0 0 0 0 0 1 0 0 0 0 0 0 0 0 0 0 0 0 0 0 0 0 0 0 0 0 0 0 0 0 0 0 0 0 0 0 0 0 
0 0 0 0 2 1 5 3 4 6 7 7 15 15 19 20 23 30 30 30 30 30 30 30 30 30 30 30 30 30 30 30 30 30 30 30 30 30 30 30 30 30 30 30 30 30 30 30 30 30 30 30 30 30 30 30 30 27 18 28 26 16 16 19 5 12 5 9 13 9 5 9 6 5 5 6 4 4 3 3 0 2 4 0 1 0 0 1 1 0 1 2 3 1 0 0 1 0 0 0 0 0 0 1 0 0 0 3 0 0 0 0 0 0 0 0 0 0 0 0 0 0 0 0 0 0 0 0 0 0 0 0 0 0 0 0 0 0 0 0 0 0 0 
0 0 0 4 3 2 2 3 4 3 6 8 14 8 11 21 17 14 28 28 30 30 30 30 30 30 30 30 30 30 30 30 30 30 30 30 30 30 30 30 30 30 30 30 30 30 30 30 30 30 30 30 30 30 30 30 30 30 24 27 20 27 17 21 7 10 16 11 8 8 15 6 6 10 4 5 3 5 5 1 3 4 4 2 1 2 4 2 0 1 0 1 0 1 0 0 0 0 0 0 0 0 0 0 0 0 0 1 0 0 0 0 0 1 0 0 0 0 0 0 0 0 0 0 0 0 0 0 0 0 0 0 0 0 0 0 0 0 0 0 0 0 0 
0 0 0 2 3 0 0 3 1 4 6 4 6 13 9 18 24 24 26 30 28 30 30 30 30 30 30 30 30 30 30 30 30 30 30 30 30 30 30 30 30 30 30 30 30 30 30 30 30 30 30 30 30 30 30 30 30 27 29 30 13 30 20 23 25 16 10 12 15 8 10 8 7 8 6 6 7 8 3 3 3 5 2 4 0 1 4 0 1 0 1 1 2 3 0 1 0 0 0 0 0 0 0 0 1 2 0 0 1 0 0 0 0 0 0 0 0 0 0 0 0 1 0 0 0 0 0 0 0 0 0 0 0 0 0 0 0 0 0 0 0 0 0 
0 0 0 2 0 2 3 4 3 4 1 9 11 13 16 18 17 23 30 30 30 30 30 30 30 30 30 30 30 30 30 30 30 30 30 30 30 30 30 30 30 30 30 30 30 30 30 30 30 30 30 30 30 30 28 30 30 24 28 30 21 19 24 11 21 14 16 8 6 7 7 3 5 5 5 2 2 2 3 1 0 1 2 0 1 0 2 2 2 1 0 1 1 1 0 0 1 0 0 0 1 0 0 0 0 0 0 0 0 1 0 0 0 0 0 0 0 0 1 0 0 0 0 0 0 0 0 0 0 0 0 0 0 0 0 0 0 0 0 0 0 0 0 
0 0 0 1 1 1 2 4 2 5 8 4 10 13 11 27 22 26 28 29 30 30 30 30 30 30 30 30 30 30 30 30 30 30 30 30 30 30 30 30 30 30 30 30 30 30 30 30 30 30 30 30 30 30 30 30 29 23 25 20 27 15 22 16 14 19 7 13 10 7 6 8 9 4 5 4 3 6 1 2 4 2 4 0 0 0 0 0 1 1 2 0 1 0 1 0 0 0 0 0 1 0 1 0 1 0 0 0 0 0 0 0 0 0 0 0 0 0 0 0 0 0 0 0 0 0 0 0 0 0 0 0 0 0 0 0 0 0 0 0 0 0 0 
0 0 0 1 2 1 3 7 3 7 6 8 15 20 16 20 19 27 30 30 30 30 30 30 30 30 30 30 30 30 30 30 30 30 30 30 30 30 30 30 30 30 30 30 30 30 30 30 30 30 30 30 30 30 30 30 30 27 29 24 20 15 14 14 10 16 11 10 3 3 3 3 3 4 6 3 3 1 1 1 5 5 1 0 1 4 0 1 0 0 1 0 0 0 0 0 0 0 0 0 0 0 1 1 0 0 0 1 0 0 0 0 0 0 0 0 0 0 0 0 0 0 1 0 0 0 0 0 0 0 0 0 0 0 0 0 0 0 0 0 0 0 0 
0 0 0 0 1 1 3 4 1 4 7 7 10 8 10 22 19 24 24 22 30 30 30 30 30 30 30 30 30 30 30 30 30 30 30 30 30 30 30 30 30 30 30 30 30 30 30 30 30 30 30 30 30 30 30 30 30 29 30 30 30 23 30 18 14 14 7 12 9 8 9 4 6 5 5 5 5 3 2 0 4 1 1 3 2 1 2 0 0 2 0 3 1 0 0 0 0 0 0 0 0 0 0 0 1 0 0 0 0 0 0 0 0 0 0 0 0 0 0 0 0 0 0 0 0 0 0 0 0 0 0 0 0 0 0 0 0 0 0 0 0 0 0 
0 0 0 3 1 0 4 1 0 9 9 3 7 13 11 9 14 30 23 30 25 30 30 30 30 30 30 30 30 30 30 30 30 30 30 30 30 30 30 30 30 30 30 30 30 30 30 30 30 30 30 30 30 30 30 30 30 30 30 24 23 14 23 17 16 10 19 3 5 11 6 6 5 7 7 7 2 3 2 4 2 3 1 0 2 1 2 0 0 1 1 0 0 0 2 1 0 0 1 0 0 0 0 0 0 0 0 0 0 0 0 0 1 0 0 0 0 0 0 0 0 0 0 0 0 0 0 0 0 0 0 0 0 0 0 0 0 0 0 0 0 0 0 
0 0 0 0 2 2 0 3 2 4 8 7 7 5 11 13 15 22 25 30 30 30 30 30 30 30 30 30 30 30 30 30 30 30 30 30 30 30 30 30 30 30 30 30 30 30 30 30 30 30 30 30 30 30 30 30 30 30 29 30 23 19 17 23 11 14 12 10 10 12 11 9 4 8 3 2 6 2 1 3 2 3 1 2 0 0 2 1 1 4 1 0 3 0 0 0 0 2 1 0 0 0 0 0 0 0 0 0 0 0 0 0 1 0 0 0 0 0 0 0 0 0 0 0 0 0 0 0 0 0 0 0 0 0 0 0 0 0 0 0 0 0 0 
0 0 0 2 2 0 1 4 5 5 5 3 11 16 12 11 17 17 28 27 20 30 30 30 30 30 30 30 30 30 30 30 30 30 30 30 30 30 30 30 30 30 30 30 30 30 30 30 30 30 30 30 30 30 30 30 30 30 29 30 28 20 24 23 20 17 12 14 12 7 4 7 5 7 7 5 3 6 3 4 4 3 6 1 0 1 1 2 2 3 2 1 0 0 0 0 0 0 0 0 1 0 2 0 0 1 0 0 0 0 0 0 0 0 0 0 0 0 0 0 0 0 0 0 0 0 0 0 0 0 0 0 0 0 0 0 0 0 0 0 0 0 0 
0 0 0 3 1 2 4 2 2 8 12 4 20 17 14 19 18 21 30 30 30 30 30 30 30 30 30 30 30 30 30 30 30 30 30 30 30 30 30 30 30 30 30 30 30 30 30 30 30 30 30 30 30 30 30 30 30 30 26 30 17 16 16 22 15 15 22 1 9 7 8 4 10 6 4 1 4 3 2 4 0 2 3 3 2 0 0 1 1 0 0 0 1 0 0 1 1 0 1 0 0 0 2 0 1 0 0 0 0 0 0 0 0 0 0 0 0 0 0 0 0 0 0 0 0 0 0 0 0 0 0 0 0 0 0 0 0 0 0 0 0 0 0 
0 0 0 1 1 3 2 4 4 7 7 7 11 12 14 16 21 23 26 27 30 30 30 30 30 30 30 30 30 30 30 30 30 30 30 30 30 30 30 30 30 30 30 30 30 30 30 30 30 30 30 30 30 30 30 30 30 30 26 16 25 19 13 22 14 15 9 12 7 8 11 5 4 6 5 5 0 4 2 1 3 2 4 2 2 0 1 1 0 1 3 2 0 1 0 2 1 1 0 0 0 0 0 0 0 0 0 1 0 0 0 0 0 0 0 0 0 0 0 0 0 0 0 0 0 0 0 0 0 0 0 0 0 0 0 0 0 0 0 0 0 0 0 
0 0 0 2 2 2 2 5 7 4 8 7 16 16 21 23 23 27 30 30 30 30 30 30 30 30 30 30 30 30 30 30 30 30 30 30 30 30 30 30 30 30 30 30 30 30 30 30 30 30 30 30 30 30 30 30 22 29 30 26 16 12 12 12 8 7 10 9 11 6 5 10 3 5 4 5 4 1 5 5 1 2 4 0 1 0 1 1 2 0 0 2 0 0 0 0 0 0 1 0 0 1 0 0 0 0 0 0 0 1 0 0 0 0 0 0 0 0 0 0 0 0 0 0 0 0 0 0 0 0 0 0 0 0 0 0 0 0 0 0 0 0 0 
0 0 0 1 0 1 0 1 3 3 5 5 12 8 16 13 11 26 15 22 27 22 30 30 30 30 30 30 30 30 30 30 30 30 30 30 30 30 30 30 30 30 30 30 30 30 30 30 30 30 30 30 30 30 30 30 30 30 30 30 30 28 27 24 21 19 15 11 8 9 6 7 8 6 3 9 6 3 2 3 7 3 3 2 4 1 1 0 1 2 2 2 2 0 0 1 0 0 0 0 0 0 0 0 0 1 0 0 0 0 0 0 0 0 0 0 0 0 0 0 0 0 0 1 0 0 0 0 0 0 0 0 0 0 0 0 0 0 0 0 0 0 0 
0 0 0 2 2 1 3 1 5 6 7 7 7 6 14 16 18 29 28 27 30 30 30 30 30 30 30 30 30 30 30 30 30 30 30 30 30 30 30 30 30 30 30 30 30 30 30 30 30 30 30 30 30 30 30 30 30 30 30 19 21 21 29 18 14 3 11 10 12 2 6 5 7 4 5 5 5 6 5 3 0 3 2 0 2 1 3 1 1 0 0 1 1 1 0 1 0 1 0 0 0 0 0 0 1 0 0 0 0 0 0 0 0 0 0 0 0 0 0 0 0 0 0 0 0 0 0 0 0 0 0 0 0 0 0 0 0 0 0 0 0 0 0 
0 0 0 2 1 2 2 1 3 6 7 4 11 7 14 19 16 18 21 30 22 29 30 30 30 30 30 30 30 30 30 30 30 30 30 30 30 30 30 30 30 30 30 30 30 30 30 30 30 30 30 30 30 30 30 30 30 30 25 30 25 22 26 23 17 12 8 10 12 11 7 6 11 7 7 9 8 5 10 1 3 4 1 3 1 0 0 1 1 1 2 1 0 0 0 0 1 0 0 0 0 0 0 0 1 0 0 0 0 0 0 0 0 0 0 0 0 1 0 0 0 0 0 0 0 0 0 0 0 0 0 0 0 0 0 0 0 0 0 0 0 0 0 
0 0 0 1 0 1 3 6 4 2 8 5 12 12 10 13 22 18 25 30 30 30 30 30 30 30 30 30 30 30 30 30 30 30 30 30 30 30 30 30 30 30 30 30 30 30 30 30 30 30 30 30 30 30 30 30 30 30 29 30 18 15 25 20 19 13 13 6 8 7 10 4 4 5 7 2 6 3 4 2 3 1 1 2 2 2 1 2 0 1 1 0 1 1 0 1 1 0 0 0 0 0 0 0 0 0 0 0 0 0 1 0 0 0 0 0 0 0 0 0 0 0 0 0 0 0 0 0 0 0 0 0 0 0 0 0 0 0 0 0 0 0 0 
0 0 0 1 2 0 1 4 4 3 11 6 8 13 12 16 29 21 26 30 30 30 30 30 30 30 30 30 30 30 30 30 30 30 30 30 30 30 30 30 30 30 30 30 30 30 30 30 30 30 30 30 30 30 30 28 23 25 28 24 27 23 15 22 14 10 9 10 8 7 8 8 3 3 5 7 3 4 4 3 2 1 1 2 1 0 0 0 0 0 1 0 4 1 2 0 0 2 1 1 0 0 0 0 0 0 0 0 0 1 0 0 0 0 0 0 0 0 0 0 0 0 0 0 0 0 0 0 0 0 0 0 0 0 0 0 0 0 0 0 0 0 0 
0 0 0 1 0 1 3 5 0 1 12 8 9 20 18 16 30 30 30 28 30 30 30 30 30 30 30 30 30 30 30 30 30 30 30 30 30 30 30 30 30 30 30 30 30 30 30 30 30 30 30 30 30 30 30 30 30 30 30 24 20 27 19 18 11 11 10 19 10 9 5 5 5 1 4 5 5 1 2 2 3 1 2 1 2 2 2 1 0 0 2 0 0 0 0 0 0 0 0 0 0 0 0 0 1 0 0 0 1 0 0 0 0 0 0 0 0 1 0 0 0 0 0 0 0 0 0 0 0 0 0 0 0 0 0 0 0 0 0 0 0 0 0 
0 0 0 0 0 0 4 4 3 4 4 5 4 12 9 11 16 14 24 30 21 30 30 30 30 30 30 30 30 30 30 30 30 30 30 30 30 30 30 30 30 30 30 30 30 30 30 30 30 30 30 30 30 30 30 30 30 30 29 30 24 20 26 17 16 11 14 13 15 8 7 7 6 3 4 8 6 4 4 2 3 1 3 1 4 3 4 1 1 2 0 0 1 0 0 0 2 1 0 1 0 1 1 0 0 1 0 0 0 0 0 0 0 0 0 0 0 0 0 0 0 0 0 0 0 0 0 0 0 0 1 0 0 0 0 0 0 0 0 0 0 0 0 
0 0 0 1 3 1 4 4 4 6 10 11 11 5 21 26 24 28 30 30 30 30 30 30 30 30 30 30 30 30 30 30 30 30 30 30 30 30 30 30 30 30 30 30 30 30 30 30 30 30 30 30 30 30 30 30 29 28 23 15 25 17 14 13 8 15 11 6 6 5 5 4 5 10 5 5 2 2 1 1 0 0 2 3 2 1 0 1 1 0 2 0 0 0 1 0 1 0 0 0 1 0 0 0 0 0 0 0 1 0 0 0 0 0 0 0 0 0 0 0 0 0 0 0 0 0 0 0 0 0 0 0 0 0 0 0 0 0 0 0 0 0 0 
0 0 0 2 1 1 3 0 6 5 9 5 6 15 6 17 20 22 23 23 30 30 30 30 30 30 30 30 30 30 30 30 30 30 30 30 30 30 30 30 30 30 30 30 30 30 30 30 30 30 30 30 30 30 30 30 30 30 30 22 22 19 30 21 15 19 16 15 15 4 3 12 7 4 5 7 2 4 1 2 5 0 2 0 3 2 1 1 2 1 3 2 1 0 0 0 0 0 0 0 1 1 0 0 0 0 0 0 0 0 0 0 0 0 0 0 0 0 0 0 0 0 0 0 0 0 0 0 0 0 0 0 0 0 0 0 0 0 0 0 0 0 0 
0 0 0 0 2 0 3 5 1 3 4 4 6 7 10 14 21 15 13 15 30 23 30 30 30 30 30 30 30 30 30 30 30 30 30 30 30 30 30 30 30 30 30 30 30 30 30 30 30 30 30 30 30 30 30 30 30 30 30 30 30 15 21 16 14 9 11 13 7 14 12 10 9 8 7 1 4 3 1 4 4 0 3 2 0 1 3 0 0 1 0 1 0 0 1 2 0 2 0 1 0 0 0 0 0 0 0 0 0 0 0 1 0 0 0 0 0 0 0 0 0 0 0 0 0 0 0 0 0 0 0 0 0 0 0 0 0 0 0 0 0 0 0 
0 0 0 1 0 1 4 1 3 10 4 5 11 11 15 20 19 17 20 29 19 30 30 30 30 30 30 30 30 30 30 30 30 30 30 30 30 30 30 30 30 30 30 30 30 30 30 30 30 30 30 30 30 30 30 30 30 30 16 28 21 21 18 18 19 18 12 7 10 11 8 5 7 5 3 6 6 4 5 2 0 3 2 1 2 1 0 0 1 1 0 2 1 2 1 0 0 0 0 0 1 0 0 0 0 0 0 0 0 0 0 0 0 0 0 0 0 1 0 0 0 0 0 0 0 0 0 0 0 0 0 0 0 0 0 0 0 0 0 0 0 0 0 
0 0 0 1 1 2 2 3 1 4 12 9 15 14 15 19 16 28 30 30 30 30 30 30 30 30 30 30 30 30 30 30 30 30 30 30 30 30 30 30 30 30 30 30 30 30 30 30 30 30 30 30 30 30 30 30 30 18 23 22 22 13 10 17 10 4 7 5 10 8 2 4 3 2 5 6 5 1 3 4 1 2 2 2 0 1 1 0 0 1 1 0 0 0 0 0 1 0 0 1 0 0 0 0 0 0 0 0 0 0 0 0 0 0 0 0 0 0 0 0 0 0 0 0 0 0 0 0 0 0 0 0 0 0 0 0 0 0 0 0 0 0 0 
0 0 0 0 3 1 2 4 6 8 3 5 3 12 9 10 19 18 17 23 27 30 30 30 30 30 30 30 30 30 30 30 30 30 30 30 30 30 30 30 30 30 30 30 30 30 30 30 30 30 30 30 30 30 30 30 30 28 30 23 29 21 24 20 15 25 10 16 8 13 8 5 8 8 8 2 3 4 4 4 2 3 4 1 3 1 0 1 1 0 1 0 1 0 0 1 1 0 1 0 0 0 1 0 0 1 0 0 0 0 0 0 0 0 0 0 0 0 0 0 0 0 0 0 0 0 0 0 0 0 0 0 0 0 0 0 0 0 0 0 0 0 0 
0 0 0 2 2 1 3 5 3 7 9 6 12 12 21 17 18 17 22 30 30 30 30 30 30 30 30 30 30 30 30 30 30 30 30 30 30 30 30 30 30 30 30 30 30 30 30 30 30 30 30 30 30 30 30 30 30 30 19 23 28 26 18 18 16 17 14 10 9 10 6 6 8 7 5 5 5 2 1 2 1 2 2 1 3 0 2 2 2 2 4 0 1 0 0 0 1 0 0 0 0 0 1 1 0 0 1 0 0 0 0 0 0 0 0 0 0 0 0 0 0 0 0 0 0 0 0 0 0 0 0 0 0 0 0 0 0 0 0 0 0 0 0 
0 0 0 2 3 0 0 3 5 3 5 6 12 11 19 16 22 22 27 30 30 30 30 30 30 30 30 30 30 30 30 30 30 30 30 30 30 30 30 30 30 30 30 30 30 30 30 30 30 30 30 30 30 30 30 30 30 28 30 26 21 18 21 10 15 13 15 14 8 18 4 14 5 5 5 5 4 6 5 2 3 4 1 2 4 1 1 2 0 1 1 1 1 0 0 0 0 0 1 0 1 0 0 0 1 0 0 0 0 0 0 0 0 0 0 0 0 0 0 1 0 0 0 0 0 0 0 0 0 0 0 0 0 0 0 0 0 0 0 0 0 0 0 
0 0 0 1 3 2 2 4 2 7 10 8 16 10 12 17 22 17 30 30 30 30 30 30 30 30 30 30 30 30 30 30 30 30 30 30 30 30 30 30 30 30 30 30 30 30 30 30 30 30 30 30 30 30 30 30 25 23 22 18 29 29 13 11 16 13 8 13 7 6 7 6 5 4 5 6 4 2 3 1 3 2 3 0 1 0 0 0 2 0 0 1 0 1 0 0 1 0 0 0 0 1 0 0 1 0 0 0 0 0 0 0 0 0 0 0 0 0 0 0 0 0 0 0 0 0 0 0 0 0 0 0 0 0 0 0 0 0 0 0 0 0 0 
0 0 0 3 2 1 2 3 3 6 4 6 14 15 16 12 30 25 23 30 30 30 30 30 30 30 30 30 30 30 30 30 30 30 30 30 30 30 30 30 30 30 30 30 30 30 30 30 30 30 30 30 30 30 30 30 28 26 24 30 17 19 18 22 11 16 10 13 12 10 6 9 7 5 4 2 4 2 3 3 1 5 1 2 0 2 2 1 0 0 0 0 0 0 1 2 0 3 0 1 0 0 0 0 0 1 0 0 0 0 0 0 0 0 0 0 0 0 0 0 0 0 0 0 0 0 0 0 0 0 0 0 0 0 0 0 0 0 0 0 0 0 0 
0 0 0 1 2 0 7 2 1 8 5 8 10 5 11 15 15 10 27 30 21 30 30 30 30 30 30 30 30 30 30 30 30 30 30 30 30 30 30 30 30 30 30 30 30 30 30 30 30 30 30 30 30 30 30 30 30 30 30 28 26 24 24 23 12 12 8 13 11 6 8 6 8 6 8 4 1 4 1 3 0 3 1 2 0 1 2 0 2 1 2 0 2 1 0 0 0 2 2 0 0 0 1 0 0 0 0 0 1 1 0 0 0 0 0 0 0 0 0 0 0 0 0 0 0 0 0 0 0 0 0 0 0 0 0 0 0 0 0 0 0 0 0 
0 0 0 1 0 1 2 1 7 3 5 4 10 16 16 14 21 22 25 19 30 30 30 30 30 30 30 30 30 30 30 30 30 30 30 30 30 30 30 30 30 30 30 30 30 30 30 30 30 30 30 30 30 30 30 30 30 30 30 30 27 18 21 22 20 21 14 7 13 13 7 10 7 6 6 10 4 4 8 3 2 5 2 0 4 1 0 2 1 1 0 0 1 0 1 0 0 0 0 0 1 0 0 0 0 1 0 0 0 0 0 0 0 0 0 0 0 0 0 0 0 0 0 0 0 0 0 0 0 0 0 0 0 0 0 0 0 0 0 0 0 0 0 
0 0 0 0 3 0 3 1 2 6 5 10 6 10 8 14 13 17 19 26 30 26 30 30 30 30 30 30 30 30 30 30 30 30 30 30 30 30 30 30 30 30 30 30 30 30 30 30 30 30 30 30 30 30 30 30 30 30 26 30 27 24 24 25 12 18 19 15 8 17 10 10 9 7 4 2 4 5 2 3 0 3 2 3 0 2 2 2 0 2 0 1 1 2 1 2 2 2 0 2 0 0 0 0 1 1 0 0 0 0 2 0 0 0 1 0 0 0 0 0 0 0 0 0 0 0 0 0 0 0 0 0 0 0 0 0 0 0 0 0 0 0 0 
0 0 0 2 3 1 2 7 3 6 8 5 8 12 19 19 18 26 22 30 26 30 30 30 30 30 30 30 30 30 30 30 30 30 30 30 30 30 30 30 30 30 30 30 30 30 30 30 30 30 30 30 30 30 30 30 30 20 19 17 23 17 14 12 14 14 10 16 7 7 6 5 5 2 1 7 2 3 1 1 4 5 4 0 2 1 0 3 2 1 0 3 0 1 0 1 0 0 0 0 0 0 0 0 0 0 0 0 1 0 0 0 2 0 0 1 0 0 0 0 0 0 0 0 0 0 0 0 0 0 0 0 0 0 0 0 0 0 0 0 0 0 0 
0 0 0 6 0 2 2 5 3 2 8 8 11 11 11 16 22 15 24 30 30 30 30 30 30 30 30 30 30 30 30 30 30 30 30 30 30 30 30 30 30 30 30 30 30 30 30 30 30 30 30 30 30 30 30 30 30 30 27 21 22 23 16 4 16 13 9 10 18 10 6 7 6 7 8 5 6 3 2 2 5 2 4 2 1 0 0 0 1 1 1 1 1 0 2 0 0 0 0 0 0 1 1 0 0 0 0 0 0 0 0 0 0 0 0 0 0 0 0 0 0 0 0 0 0 0 0 0 0 0 0 0 0 0 0 0 0 0 0 0 0 0 0 
0 0 0 1 2 2 2 2 6 5 12 3 5 15 21 12 9 14 30 30 30 30 30 30 30 30 30 30 30 30 30 30 30 30 30 30 30 30 30 30 30 30 30 30 30 30 30 30 30 30 30 30 30 30 30 30 30 30 25 26 22 18 17 17 10 10 14 12 4 12 5 4 8 4 3 7 2 4 10 2 3 2 1 0 3 3 2 1 0 1 1 1 1 2 0 0 0 1 0 0 0 0 0 0 0 0 0 0 1 0 0 0 0 0 0 0 0 0 0 0 0 0 0 0 0 0 0 0 0 0 0 0 0 0 0 0 0 0 0 0 0 0 0 
0 0 0 3 1 0 1 1 3 6 4 6 9 5 8 9 14 12 18 23 26 30 22 30 30 30 30 30 30 30 30 30 30 30 30 30 30 30 30 30 30 30 30 30 30 30 30 30 30 30 30 30 30 30 30 30 30 30 30 30 30 30 24 22 19 20 20 18 11 16 11 9 6 4 6 3 6 4 2 9 1 3 3 3 0 3 5 1 2 0 1 0 1 0 2 2 0 1 1 0 0 1 0 2 0 1 0 0 0 0 0 0 0 0 0 0 0 0 0 0 0 0 0 0 0 0 0 0 0 0 0 0 0 0 0 0 0 0 0 0 0 0 0 
0 0 0 0 1 0 1 3 3 1 5 10 10 7 19 18 23 29 20 27 23 30 30 30 30 30 30 30 30 30 30 30 30 30 30 30 30 30 30 30 30 30 30 30 30 30 30 30 30 30 30 30 30 30 30 30 30 28 30 30 26 23 14 26 22 14 14 13 13 14 12 5 6 5 3 3 3 2 2 4 2 3 5 4 0 1 2 1 0 2 0 1 1 0 0 1 0 0 0 0 1 0 0 0 0 0 1 0 0 0 0 0 0 0 0 0 0 0 0 0 0 0 0 0 0 0 0 0 0 0 0 0 0 0 0 0 0 0 0 0 0 0 0 
0 0 0 1 1 1 1 1 1 8 8 11 10 6 11 13 27 17 30 30 30 30 30 30 30 30 30 30 30 30 30 30 30 30 30 30 30 30 30 30 30 30 30 30 30 30 30 30 30 30 30 30 30 30 30 30 21 26 24 18 20 23 19 11 10 10 12 10 7 9 7 5 8 4 4 1 3 7 5 1 2 2 1 3 2 0 4 0 2 3 1 0 0 0 1 0 0 0 1 1 0 0 0 0 1 0 0 0 0 0 0 0 0 1 0 0 0 0 0 0 0 0 0 0 0 0 0 0 0 0 0 0 0 0 0 0 0 0 0 0 0 0 0 
0 0 0 2 1 0 4 3 4 4 5 6 10 19 12 12 22 19 27 23 30 30 30 30 30 30 30 30 30 30 30 30 30 30 30 30 30 30 30 30 30 30 30 30 30 30 30 30 30 30 30 30 30 30 30 30 30 28 30 30 24 17 22 17 15 15 9 10 8 10 9 13 4 5 5 8 2 5 2 2 0 4 2 2 3 0 1 2 2 0 0 2 1 1 0 0 0 0 2 0 0 0 0 0 0 0 1 1 0 0 0 1 0 2 0 0 0 1 0 0 0 0 0 0 0 0 0 0 0 0 0 0 0 0 0 0 0 0 0 0 0 0 0 
0 0 0 0 2 1 2 3 2 6 7 4 14 9 17 11 17 16 24 30 30 30 30 30 30 30 30 30 30 30 30 30 30 30 30 30 30 30 30 30 30 30 30 30 30 30 30 30 30 30 30 30 30 30 30 30 30 30 24 22 14 19 21 19 9 17 12 9 9 2 6 9 5 8 6 7 3 1 3 2 2 1 1 4 0 0 1 2 1 0 0 3 0 0 1 0 0 0 1 0 1 0 1 0 0 0 0 0 0 0 0 0 1 0 0 0 0 0 0 0 0 0 0 0 0 0 0 0 0 0 0 0 0 0 0 0 0 0 0 0 0 0 0 
0 0 0 1 0 0 1 0 5 9 9 10 8 16 11 24 17 23 19 30 30 30 30 30 30 30 30 30 30 30 30 30 30 30 30 30 30 30 30 30 30 30 30 30 30 30 30 30 30 30 30 30 30 30 30 30 28 28 28 27 20 23 10 17 8 13 12 15 10 5 5 8 2 3 3 2 1 5 5 2 0 1 5 1 1 2 1 0 0 1 0 1 2 1 2 0 0 0 0 0 0 0 0 0 0 0 0 0 0 0 0 0 0 0 1 0 0 0 0 0 0 0 0 0 0 0 0 0 0 0 0 0 0 0 0 0 0 0 0 0 0 0 0 
0 0 0 3 4 0 4 3 2 4 2 5 5 4 7 13 11 18 24 27 30 30 30 30 30 30 30 30 30 30 30 30 30 30 30 30 30 30 30 30 30 30 30 30 30 30 30 30 30 30 30 30 30 30 30 30 30 30 30 26 25 29 10 12 18 14 12 6 20 4 4 9 6 6 4 4 1 4 0 4 2 2 2 2 0 0 1 0 1 0 2 2 0 0 0 0 0 0 0 1 0 0 0 0 0 0 0 0 1 0 0 0 0 0 0 0 0 0 0 0 0 0 0 0 1 0 0 0 0 0 0 0 0 0 0 0 0 0 0 0 0 0 0 
0 0 0 2 2 2 4 1 2 0 7 2 9 13 10 17 22 27 25 30 28 26 30 30 30 30 30 30 30 30 30 30 30 30 30 30 30 30 30 30 30 30 30 30 30 30 30 30 30 30 30 30 30 30 30 30 26 30 23 24 19 19 26 15 14 10 14 12 11 13 7 2 9 4 3 4 3 3 2 1 4 2 2 3 3 4 0 1 3 3 2 0 1 2 1 0 0 0 0 0 0 0 1 0 0 0 0 0 0 0 0 0 0 0 0 0 0 0 0 0 0 0 0 0 0 0 0 0 1 0 0 0 0 0 0 0 0 0 0 0 0 0 0 
0 0 0 3 0 2 2 4 1 5 8 5 9 14 5 17 12 13 25 19 30 30 30 30 30 30 30 30 30 30 30 30 30 30 30 30 30 30 30 30 30 30 30 30 30 30 30 30 30 30 30 30 30 30 30 30 30 25 30 30 30 23 24 23 16 13 12 11 12 5 8 7 5 3 8 4 5 3 3 2 1 0 4 3 0 0 2 0 2 3 0 0 0 1 0 0 0 0 0 0 1 0 0 0 0 0 0 1 0 0 1 0 0 0 0 0 0 0 0 0 0 1 0 0 0 0 0 0 0 0 0 0 0 0 0 0 0 0 0 0 0 0 0 
0 0 0 1 1 1 2 3 5 2 6 2 5 7 7 12 16 18 18 16 30 30 30 30 30 30 30 30 30 30 30 30 30 30 30 30 30 30 30 30 30 30 30 30 30 30 30 30 30 30 30 30 30 30 30 30 30 30 25 20 27 18 20 13 21 14 13 12 8 10 6 9 8 6 5 3 6 5 4 4 4 1 0 2 1 1 3 0 0 0 1 1 2 0 0 0 0 0 0 0 0 0 0 0 1 0 0 0 0 0 0 0 0 0 0 0 0 1 0 0 0 0 0 0 0 0 0 0 0 0 0 0 0 0 0 0 0 0 0 0 0 0 0 
0 0 0 3 2 1 3 3 4 6 9 3 9 12 15 16 30 23 30 30 30 30 30 30 30 30 30 30 30 30 30 30 30 30 30 30 30 30 30 30 30 30 30 30 30 30 30 30 30 30 30 30 30 30 30 30 30 27 23 22 20 23 12 9 15 16 9 9 6 6 1 5 3 8 6 4 5 1 2 4 2 2 4 1 2 1 0 0 0 0 2 0 1 0 0 0 1 1 0 0 0 0 0 0 0 0 0 0 0 0 0 0 0 0 0 0 0 0 0 0 0 0 0 0 0 0 0 0 0 0 0 0 0 0 0 0 0 0 0 0 0 0 0 
0 0 0 2 0 2 1 4 8 6 4 13 12 7 19 20 18 28 24 24 30 30 30 30 30 30 30 30 30 30 30 30 30 30 30 30 30 30 30 30 30 30 30 30 30 30 30 30 30 30 30 30 30 30 30 30 30 28 30 30 23 24 22 21 23 19 8 16 12 8 10 11 15 3 5 5 11 2 4 2 0 2 2 2 2 0 2 2 2 0 2 0 1 0 1 0 0 0 0 1 1 0 0 1 0 0 0 0 0 0 0 0 0 0 0 0 0 0 0 0 0 0 0 0 0 0 0 0 0 0 0 0 0 0 0 0 0 0 0 0 0 0 0 
0 0 0 0 1 0 4 5 1 3 3 8 10 10 15 25 11 22 27 30 30 30 30 30 30 30 30 30 30 30 30 30 30 30 30 30 30 30 30 30 30 30 30 30 30 30 30 30 30 30 30 30 30 30 30 30 25 30 30 21 22 29 18 10 10 13 8 8 3 11 6 9 7 6 5 7 8 3 4 7 2 5 4 1 0 1 1 1 0 1 0 2 0 1 1 0 1 0 0 0 1 0 0 0 1 0 0 0 0 0 0 0 1 0 0 1 0 0 0 0 0 0 0 0 0 0 0 0 0 0 0 0 0 0 0 0 0 0 0 0 0 0 0 
0 0 0 0 4 0 2 2 4 4 7 11 11 10 10 10 12 19 24 24 30 30 29 30 30 30 30 30 30 30 30 30 30 30 30 30 30 30 30 30 30 30 30 30 30 30 30 30 30 30 30 30 30 30 30 30 30 23 30 24 23 19 19 18 19 20 12 14 15 5 10 7 3 5 5 7 0 0 5 3 3 1 3 1 2 3 0 1 0 0 0 0 0 0 0 0 1 0 0 0 1 0 0 0 2 0 0 0 0 2 0 0 0 0 0 0 0 0 0 0 0 0 0 0 0 0 0 0 1 0 0 0 0 0 0 0 0 0 0 0 0 0 0 
0 0 0 1 1 0 3 3 4 5 2 5 10 11 18 20 18 19 18 28 30 30 30 30 30 30 30 30 30 30 30 30 30 30 30 30 30 30 30 30 30 30 30 30 30 30 30 30 30 30 30 30 30 30 30 30 30 28 21 28 23 22 15 17 11 14 16 8 6 10 8 7 4 6 3 4 2 4 4 3 3 3 3 2 1 2 1 0 2 1 0 0 0 1 0 1 0 1 0 1 0 0 0 0 0 0 0 1 0 0 0 0 0 0 0 0 0 0 1 0 0 0 0 0 0 0 0 0 1 1 0 0 0 0 0 0 0 0 0 0 0 0 0 
0 0 0 0 1 0 0 1 4 0 2 8 11 7 13 13 15 21 28 30 30 30 30 30 30 30 30 30 30 30 30 30 30 30 30 30 30 30 30 30 30 30 30 30 30 30 30 30 30 30 30 30 30 30 30 30 30 30 30 30 26 18 23 12 15 14 11 16 8 13 11 5 6 9 3 5 4 2 3 3 1 4 5 1 1 2 1 0 3 0 0 0 0 1 2 0 1 1 0 0 1 0 0 0 0 0 0 0 1 0 1 0 0 1 0 0 0 0 0 0 0 0 0 0 0 0 0 0 0 0 0 0 0 0 0 0 0 0 0 0 0 0 0 
0 0 0 2 0 1 3 3 2 8 5 10 9 15 11 18 24 25 21 29 30 30 30 30 30 30 30 30 30 30 30 30 30 30 30 30 30 30 30 30 30 30 30 30 30 30 30 30 30 30 30 30 30 30 30 30 30 30 15 20 28 21 29 18 16 16 12 11 11 6 7 7 7 7 7 4 4 5 1 4 1 4 3 5 1 2 2 0 2 0 1 0 0 0 0 0 0 0 1 1 1 0 0 1 0 0 1 0 2 1 0 0 1 0 0 0 0 0 0 0 0 0 0 0 0 0 0 0 0 0 0 0 0 0 0 0 0 0 0 0 0 0 0 
0 0 0 1 1 1 2 4 2 7 3 10 6 7 12 20 22 19 28 28 30 30 30 30 30 30 30 30 30 30 30 30 30 30 30 30 30 30 30 30 30 30 30 30 30 30 30 30 30 30 30 30 30 30 30 30 30 30 30 25 30 21 15 11 21 18 15 11 8 9 8 11 10 9 3 6 1 2 6 4 6 1 2 1 5 3 2 1 0 1 2 1 0 2 1 2 0 1 0 1 1 0 0 0 0 0 1 0 0 0 0 0 0 0 0 0 0 0 0 0 0 0 0 0 0 0 0 0 0 0 0 0 0 0 0 0 0 0 0 0 0 0 0 
0 0 0 1 0 0 3 5 3 5 7 11 4 3 11 14 22 23 21 30 30 30 30 30 30 30 30 30 30 30 30 30 30 30 30 30 30 30 30 30 30 30 30 30 30 30 30 30 30 30 30 30 30 30 30 30 30 29 28 21 18 24 26 11 14 15 12 14 11 8 8 7 2 8 3 4 1 3 3 1 2 3 1 0 1 1 1 0 0 0 1 2 0 0 0 1 1 0 0 1 0 0 0 0 0 0 0 0 0 0 0 0 0 0 0 0 0 0 0 0 1 0 0 0 0 0 0 0 0 0 0 0 0 0 0 0 0 0 0 0 0 0 0 
0 0 0 3 4 1 3 3 2 2 4 7 10 20 12 27 28 29 30 30 30 30 30 30 30 30 30 30 30 30 30 30 30 30 30 30 30 30 30 30 30 30 30 30 30 30 30 30 30 30 30 30 30 30 30 30 30 30 26 21 22 17 20 11 15 7 11 8 2 7 6 6 5 4 5 8 4 3 0 3 3 1 1 2 5 4 1 4 0 0 1 0 0 0 0 0 0 0 1 0 1 0 0 0 0 0 1 1 0 0 0 1 0 0 0 0 0 0 0 0 0 0 1 0 0 1 0 0 0 0 0 0 0 0 0 0 0 0 0 0 0 0 0 
0 0 0 1 1 3 1 3 8 7 8 7 17 12 22 10 30 21 25 26 30 30 30 30 30 30 30 30 30 30 30 30 30 30 30 30 30 30 30 30 30 30 30 30 30 30 30 30 30 30 30 30 30 30 30 30 30 21 30 23 21 28 15 15 8 12 14 13 11 9 7 7 9 7 4 6 6 6 2 3 2 4 1 1 1 0 0 1 0 0 1 1 0 2 0 1 0 0 0 2 0 0 0 0 0 0 0 0 0 0 0 0 0 0 0 0 0 0 0 0 0 0 0 0 0 0 0 0 0 0 0 0 0 0 0 0 0 0 0 0 0 0 0 
0 0 0 4 2 3 2 6 4 4 7 8 3 7 17 19 18 24 29 30 17 30 30 30 30 30 30 30 30 30 30 30 30 30 30 30 30 30 30 30 30 30 30 30 30 30 30 30 30 30 30 30 30 30 30 30 30 30 29 29 19 24 23 17 16 13 8 14 9 7 6 8 7 3 5 4 2 4 5 5 4 2 3 5 0 0 1 2 0 2 0 0 0 3 0 0 1 2 0 0 0 0 0 0 0 0 0 0 0 0 0 0 0 0 0 0 0 0 0 0 0 0 0 0 0 0 0 0 0 0 0 0 0 0 0 0 0 0 0 0 0 0 0 
0 0 0 2 2 1 4 3 4 9 8 8 11 10 15 18 23 24 30 30 20 30 30 30 30 30 30 30 30 30 30 30 30 30 30 30 30 30 30 30 30 30 30 30 30 30 30 30 30 30 30 30 30 30 30 30 30 30 22 25 30 28 23 18 23 13 13 11 14 9 10 2 3 6 1 5 5 2 2 2 0 4 4 4 2 0 2 2 0 1 0 1 0 1 1 0 2 0 0 0 0 0 0 0 1 0 0 1 0 0 0 0 0 0 0 0 0 0 0 0 0 0 0 0 0 0 0 0 0 0 0 0 0 0 0 0 0 0 0 0 0 0 0 
0 0 0 2 1 0 0 1 1 5 3 6 7 6 18 15 22 21 22 30 30 30 30 30 30 30 30 30 30 30 30 30 30 30 30 30 30 30 30 30 30 30 30 30 30 30 30 30 30 30 30 30 30 30 30 30 30 29 30 18 30 21 18 13 12 11 10 10 10 12 4 7 5 2 4 4 3 5 3 4 1 2 3 3 1 1 2 0 1 1 1 0 1 0 1 0 2 1 1 0 0 0 0 0 0 1 0 0 0 0 0 0 0 0 0 0 0 0 0 0 0 0 0 0 0 0 0 0 0 0 0 0 0 0 0 0 0 0 0 0 0 0 0 
0 0 0 1 1 1 1 3 3 5 6 7 8 18 15 20 16 25 23 30 29 30 30 30 30 30 30 30 30 30 30 30 30 30 30 30 30 30 30 30 30 30 30 30 30 30 30 30 30 30 30 30 30 30 30 30 30 30 30 26 22 16 21 25 13 11 13 19 5 10 7 7 10 7 5 5 4 2 3 1 3 3 3 2 0 2 1 3 0 1 0 0 0 0 0 0 0 1 0 0 0 0 0 0 0 0 0 0 0 0 0 0 0 0 0 1 0 0 0 0 0 0 0 0 0 0 0 0 0 0 0 0 0 0 0 0 0 0 0 0 0 0 0 
