0 0 0 0 0 0 0 16 16 16 27 69 85 111 116 143 184 246 366 517 685 907 1039 1346 1697 2034 2424 3043 3674 4144 4753 5311 6081 6734 7489 8182 8843 9507 10154 10747 11311 11842 12285 12688 13083 13487 13851 14177 14437 14637 14867 15084 15264 15364 15499 15619 15734 15843 15887 15956 16017 16065 16108 16137 16164 16186 16195 16217 16225 16231 16242 16247 16253 16257 16261 16263 16263 16268 16268 16272 16274 16274 16274 16274 16274 16274 16274 16275 16275 16275 16276 16276 16276 16276 16276 16276 16276 16276 16276 16276 16276 16276 16276 16276 16276 16276 16276 16282 16282 
0 0 0 0 0 0 0 34 34 34 67 93 172 282 448 495 527 608 756 883 993 1184 1429 1688 2058 2495 2927 3363 3934 4493 5128 5664 6320 6965 7759 8451 9151 9705 10304 10876 11467 11961 12343 12771 13108 13472 13696 14001 14249 14453 14659 14817 14961 15079 15179 15274 15350 15407 15465 15528 15550 15567 15606 15654 15672 15692 15704 15718 15726 15741 15746 15756 15771 15777 15782 15783 15786 15786 15788 15788 15788 15789 15789 15789 15789 15789 15789 15789 15794 15794 15797 15797 15797 15797 15797 15797 15797 15797 15797 15797 15797 15797 15797 15797 15797 15797 
0 0 0 0 0 0 0 6 6 6 6 243 285 352 379 409 492 566 665 840 900 1040 1203 1477 1768 2063 2513 3125 3808 4377 4916 5432 6197 6932 7784 8396 8993 9625 10230 10816 11362 11829 12308 12726 13142 13478 13853 14165 14442 14698 14897 15127 15320 15502 15624 15753 15832 15919 15985 16026 16107 16164 16206 16222 16246 16267 16284 16312 16329 16338 16350 16360 16363 16363 16370 16384 16386 16386 16387 16387 16394 16398 16398 16403 16406 16407 16407 16407 16407 16407 16407 16407 16407 16407 16407 16407 16407 16407 16407 16407 16407 16407 16407 16407 16407 16407 16407 16407 16407 16407 16407 16407 16407 16407 16407 16407 16407 16407 
0 0 0 0 0 0 0 47 47 47 47 72 75 299 312 327 569 656 794 1155 1395 1631 1833 2098 2592 2885 3362 4117 4649 5333 5906 6485 7080 7715 8415 9087 9746 10403 11027 11559 12067 12604 13017 13536 13941 14309 14584 14889 15117 15331 15526 15695 15859 15990 16093 16201 16315 16393 16439 16503 16531 16562 16598 16662 16699 16712 16740 16751 16771 16781 16788 16804 16809 16816 16819 16820 16824 16824 16824 16826 16826 16832 16832 16832 16832 16833 16834 16834 16834 16834 16834 16834 16834 16834 16834 16834 16834 16834 16834 16834 16834 16834 16834 16834 
0 0 0 0 0 0 0 41 41 41 41 83 89 92 121 130 200 284 329 508 650 880 1200 1461 1942 2300 2700 3104 3667 4095 4839 5327 5965 6609 7224 7921 8549 9151 9726 10328 10891 11403 11831 12298 12793 13222 13493 13809 14076 14272 14513 14716 14887 15019 15202 15283 15374 15440 15492 15552 15599 15652 15715 15741 15797 15826 15850 15868 15879 15898 15911 15925 15929 15937 15937 15938 15939 15944 15944 15947 15949 15949 15949 15951 15952 15952 15952 15952 15952 15952 15955 15955 15955 15955 15955 15955 15955 15955 15955 15955 
0 0 0 0 0 0 0 11 11 11 15 23 25 30 39 138 298 499 592 694 823 1030 1297 1696 2129 2504 2837 3227 3783 4456 5066 5682 6440 7188 7919 8695 9349 9899 10463 11013 11535 12017 12499 12977 13363 13724 14001 14244 14559 14773 14972 15132 15311 15475 15609 15729 15807 15885 15945 15999 16037 16065 16119 16139 16152 16168 16195 16226 16240 16245 16252 16258 16259 16264 16265 16265 16270 16272 16272 16272 16275 16277 16281 16281 16281 16281 16281 16281 16281 16281 16283 16283 16283 16283 16283 16283 16283 16283 16283 16283 16283 16283 16283 16283 16283 16283 16283 16283 
0 0 0 0 0 0 0 15 15 15 28 35 279 285 613 652 709 844 989 1235 1525 1757 1981 2242 2584 3047 3540 3928 4405 4881 5603 6366 7034 7619 8386 8940 9670 10381 10950 11490 12082 12581 12957 13365 13756 14085 14398 14691 14892 15110 15304 15477 15624 15759 15864 15978 16053 16115 16183 16248 16298 16330 16381 16415 16437 16450 16464 16483 16500 16511 16516 16526 16530 16536 16537 16544 16548 16553 16556 16556 16556 16556 16556 16556 16556 16556 16558 16558 16558 16558 16558 16558 16558 16558 16558 16558 16558 16558 16558 16558 16558 16558 16558 16558 16558 16559 16559 
0 0 0 0 0 0 0 20 20 20 20 22 92 109 115 141 326 523 664 756 900 1040 1328 1622 1865 2214 2856 3460 3991 4765 5326 5943 6670 7251 7910 8571 9126 9694 10348 10964 11485 12009 12432 12802 13213 13588 13902 14175 14428 14638 14861 15082 15252 15396 15495 15599 15683 15753 15829 15859 15920 15952 15995 16017 16032 16061 16079 16088 16101 16109 16121 16124 16130 16139 16150 16153 16155 16156 16156 16162 16164 16165 16165 16165 16167 16168 16168 16168 16168 16168 16168 16168 16168 16168 16168 16168 16168 16168 16168 16168 
0 0 0 0 0 0 0 31 31 31 38 39 54 68 145 181 259 453 519 780 930 1315 1734 2201 2501 2889 3433 3912 4391 4896 5426 6002 6693 7303 7954 8611 9280 9895 10546 11161 11601 12119 12632 13120 13498 13811 14111 14390 14700 14948 15120 15321 15506 15626 15728 15857 15966 16045 16123 16173 16224 16267 16305 16319 16346 16370 16400 16412 16421 16423 16435 16439 16440 16440 16446 16448 16450 16450 16461 16464 16466 16467 16467 16467 16469 16469 16469 16469 16469 16469 16469 16469 16469 16469 16469 16469 16469 16469 16469 16470 16470 16470 16470 16470 16470 16470 16470 16470 16470 16470 16470 16470 16470 16470 
0 0 0 0 0 0 0 17 17 17 17 23 29 110 171 299 337 421 503 651 818 994 1190 1431 1743 2168 2718 3179 3768 4371 4924 5602 6314 7030 7786 8407 9062 9647 10283 10897 11500 11974 12515 12956 13403 13759 14067 14404 14630 14854 15096 15286 15450 15568 15691 15857 15932 15987 16055 16100 16159 16186 16212 16232 16258 16277 16292 16299 16327 16334 16341 16351 16353 16363 16365 16365 16370 16372 16380 16380 16380 16380 16380 16380 16380 16380 16380 16380 16380 16380 16380 16380 16380 16380 16380 16380 16380 16380 16380 16380 16380 16380 16380 16380 16380 16380 16380 16380 16380 16380 16380 
0 0 0 0 0 0 0 36 36 36 36 67 75 82 104 147 181 250 279 314 616 756 1075 1304 1622 1964 2449 2946 3398 3986 4571 5137 5678 6241 6918 7519 8247 8997 9681 10296 10920 11586 12072 12560 12997 13465 13961 14297 14601 14884 15153 15387 15687 15840 15988 16089 16176 16265 16314 16380 16446 16491 16512 16547 16581 16599 16617 16641 16662 16693 16696 16710 16716 16723 16726 16729 16730 16735 16737 16741 16741 16746 16746 16746 16748 16748 16753 16755 16755 16756 16756 16756 16756 16762 16762 16763 16763 16763 16763 16763 16763 16763 16763 16763 16763 16763 16763 16763 
0 0 0 0 0 0 0 28 28 28 28 34 58 62 79 114 153 249 284 336 470 709 1045 1265 1584 1942 2441 2856 3429 4054 4655 5349 6059 6621 7278 8084 8803 9541 10242 10798 11389 11906 12357 12749 13118 13489 13781 14056 14343 14572 14769 15026 15149 15294 15415 15533 15624 15704 15767 15827 15891 15940 15964 15971 15996 16017 16043 16054 16060 16074 16093 16102 16110 16111 16118 16119 16124 16140 16140 16144 16144 16144 16145 16145 16145 16147 16151 16151 16151 16152 16152 16152 16152 16152 16152 16152 16152 16152 16152 16152 16152 16152 16152 16152 16152 16152 16152 16152 16152 16152 16152 16152 16152 16152 16152 16152 16152 16152 
0 0 0 0 0 0 0 39 39 39 39 72 78 81 90 113 215 295 332 456 597 787 989 1217 1554 2016 2288 2680 3093 3693 4290 4892 5540 6250 6958 7629 8337 8966 9570 10181 10690 11103 11558 12034 12474 12873 13260 13629 13884 14145 14349 14492 14672 14839 14948 15044 15124 15209 15301 15390 15441 15490 15520 15533 15562 15587 15607 15635 15659 15662 15671 15675 15675 15684 15688 15694 15698 15703 15704 15710 15712 15717 15717 15720 15722 15725 15728 15728 15728 15728 15728 15728 15728 15728 15730 15730 15730 15730 15730 15730 15730 15730 15730 15730 15730 15730 15730 15730 15730 
0 0 0 0 0 0 0 22 22 22 78 97 112 225 328 346 449 493 699 861 1006 1244 1437 1799 2268 2549 2932 3369 3806 4391 4927 5566 6134 6786 7508 8178 8843 9444 10091 10611 11112 11611 12128 12638 12994 13358 13648 13960 14231 14426 14590 14769 14884 15009 15115 15237 15330 15384 15436 15484 15562 15594 15647 15666 15680 15699 15714 15735 15742 15746 15750 15755 15763 15772 15780 15782 15787 15787 15789 15792 15792 15793 15796 15799 15801 15802 15802 15802 15802 15802 15802 15802 15802 15802 15802 15802 15802 15802 15802 15802 15802 15802 15802 15802 15802 15802 15802 15802 
0 0 0 0 0 0 0 30 30 30 50 59 69 86 116 180 218 428 515 701 866 1246 1475 1767 2101 2713 3336 3791 4236 4800 5488 6114 6600 7259 7885 8459 9145 9724 10314 10952 11544 12148 12621 13141 13538 13852 14192 14505 14787 14981 15211 15416 15570 15714 15795 15914 15965 16058 16134 16170 16209 16256 16290 16321 16341 16375 16386 16407 16420 16433 16441 16456 16460 16472 16473 16476 16482 16487 16491 16491 16491 16491 16495 16495 16495 16495 16495 16495 16495 16495 16497 16497 16497 16497 16497 16497 16497 16497 16497 16497 16497 16497 16497 16497 16497 16497 16497 16497 16497 16497 16497 
0 0 0 0 0 0 0 18 18 18 57 68 651 652 657 694 785 1017 1069 1283 1483 1594 1884 2085 2316 2582 2992 3325 3692 4253 4752 5396 6064 6681 7314 7995 8621 9313 10038 10603 11097 11636 12133 12622 13102 13438 13838 14096 14359 14603 14850 15016 15184 15301 15501 15581 15688 15787 15877 15933 16003 16033 16063 16085 16112 16138 16160 16173 16197 16210 16215 16219 16226 16232 16238 16244 16244 16247 16248 16251 16251 16251 16251 16251 16251 16251 16251 16251 16251 16251 16253 16253 16255 16255 16255 16255 16255 16255 16255 16255 16255 16255 16255 16255 16255 16255 16255 16255 16255 16255 
0 0 0 0 0 0 0 25 25 25 87 96 200 207 239 259 304 650 708 744 1122 1291 1483 1753 2068 2399 2926 3339 3875 4439 5066 5567 6198 6923 7529 8124 8975 9528 10154 10833 11403 11894 12325 12747 13137 13534 13876 14145 14410 14715 14901 15112 15271 15434 15546 15657 15738 15819 15870 15934 16011 16053 16085 16126 16152 16179 16204 16229 16256 16267 16275 16282 16288 16300 16302 16307 16309 16311 16313 16314 16314 16314 16314 16317 16317 16318 16318 16318 16318 16318 16318 16318 16318 16318 16318 16318 16318 16318 16318 16318 16318 16318 16318 16318 16318 16318 16318 16318 
0 0 0 0 0 0 0 14 14 14 14 33 62 70 96 108 164 247 297 373 675 833 988 1176 1431 1647 1947 2266 2788 3367 3915 4469 4917 5572 6147 6680 7335 7960 8703 9278 9838 10473 10993 11508 11958 12333 12718 13159 13579 13916 14174 14416 14611 14846 14992 15142 15310 15446 15528 15600 15685 15755 15807 15855 15896 15964 16009 16042 16056 16068 16078 16091 16096 16103 16117 16122 16127 16135 16137 16142 16142 16144 16146 16146 16151 16154 16155 16159 16159 16160 16160 16160 16160 16160 16160 16162 16162 16162 16162 16162 16162 16162 16162 16162 16162 16162 16162 16162 16162 16162 16162 16162 16162 16162 16162 
0 0 0 0 0 0 0 40 40 40 48 66 119 715 720 756 774 855 960 1009 1588 1804 2038 2241 2735 3032 3456 3952 4434 4847 5460 6118 6745 7236 7915 8472 9067 9702 10299 10934 11508 11947 12406 12898 13271 13649 13955 14249 14506 14720 14924 15086 15265 15383 15486 15570 15712 15783 15851 15913 15990 16033 16062 16103 16132 16153 16187 16213 16220 16228 16241 16252 16270 16278 16280 16280 16280 16291 16291 16291 16294 16294 16296 16296 16296 16296 16296 16299 16300 16300 16300 16300 16300 16300 16300 16300 16300 16300 16300 16300 16300 16300 16300 16300 16300 16300 16300 16300 16300 16300 16300 16300 16300 16300 
0 0 0 0 0 0 0 21 21 21 21 21 36 94 114 135 186 251 369 463 915 1089 1327 1787 2195 2432 2790 3399 3845 4369 5141 5697 6288 6992 7544 8208 8802 9475 10038 10625 11167 11632 12129 12513 12869 13300 13649 13959 14192 14420 14587 14765 15016 15144 15286 15363 15511 15569 15642 15711 15753 15808 15850 15886 15897 15911 15950 15965 15974 15988 15991 15998 15999 16004 16005 16007 16015 16016 16019 16025 16028 16028 16028 16031 16033 16037 16037 16037 16037 16037 16037 16037 16037 16037 16037 16037 16039 16039 16039 16039 16039 16039 16039 16039 
0 0 0 0 0 0 0 24 24 24 27 39 43 117 122 154 216 345 413 591 714 870 1254 1553 1919 2332 2780 3299 3775 4376 4986 5485 6093 6870 7512 8131 8771 9416 9966 10550 11001 11524 11979 12377 12667 12982 13261 13540 13765 13972 14137 14323 14496 14649 14744 14857 14909 14967 15018 15050 15082 15114 15130 15168 15192 15204 15219 15224 15236 15236 15239 15246 15250 15257 15261 15270 15272 15273 15275 15275 15278 15278 15281 15281 15281 15281 15283 15285 15288 15298 15298 15298 15298 15298 15298 15298 15298 15298 15298 15298 15298 15298 15298 15298 15298 15298 15298 15298 15298 15298 15298 15298 15298 
0 0 0 0 0 0 0 26 26 26 27 49 81 92 160 204 283 524 597 836 1002 1196 1493 1823 2274 2535 2949 3495 4115 4660 5336 5975 6687 7257 7921 8550 9228 9917 10545 11120 11685 12135 12589 13068 13477 13807 14152 14401 14682 14895 15075 15263 15424 15551 15686 15816 15874 15949 16028 16099 16143 16188 16223 16235 16252 16282 16290 16308 16332 16335 16343 16348 16350 16362 16375 16375 16376 16377 16378 16378 16380 16384 16384 16384 16384 16387 16388 16388 16388 16388 16389 16389 16389 16389 16389 16389 16389 16389 16389 16389 16389 16389 16389 16392 16392 16392 16392 16392 16392 16392 16392 16392 16392 16392 16392 16392 16392 16392 
0 0 0 0 0 0 0 18 18 18 20 29 46 51 61 98 133 206 299 490 770 1013 1188 1464 1735 2241 2784 3264 3779 4262 4830 5558 6277 6933 7706 8333 9118 9820 10459 11073 11595 12104 12619 13130 13527 13890 14204 14509 14750 14998 15203 15439 15594 15726 15851 15958 16054 16099 16171 16196 16232 16263 16290 16327 16339 16360 16391 16409 16441 16447 16453 16461 16473 16478 16482 16482 16482 16485 16485 16489 16491 16491 16492 16495 16495 16497 16497 16499 16499 16499 16499 16499 16499 16499 16499 16499 16499 16499 16499 16499 16499 16499 16499 16499 16499 16499 16499 16499 16499 16499 16499 16499 16499 16499 
0 0 0 0 0 0 0 10 10 10 10 23 87 114 118 122 189 281 293 379 469 653 833 1036 1285 1706 2137 2445 2794 3268 3739 4398 4991 5577 6215 6876 7528 8104 8713 9457 10083 10700 11388 12008 12546 13070 13491 13834 14130 14441 14800 15086 15347 15547 15708 15834 15957 16051 16149 16207 16300 16355 16416 16464 16501 16531 16571 16594 16613 16626 16631 16651 16655 16667 16684 16688 16706 16710 16714 16714 16720 16721 16723 16733 16735 16735 16735 16736 16736 16736 16736 16736 16736 16736 16736 16736 16736 16736 16736 16736 16736 
0 0 0 0 0 0 0 17 17 17 24 32 44 50 68 157 256 374 420 496 701 968 1231 1490 1831 2390 2907 3296 3876 4498 5194 5910 6567 7237 7800 8489 9183 9828 10522 11223 11706 12268 12728 13110 13502 13860 14151 14496 14732 14974 15112 15339 15502 15619 15735 15825 15919 16001 16069 16106 16128 16166 16181 16203 16215 16248 16256 16268 16280 16293 16305 16311 16312 16312 16312 16323 16330 16340 16343 16343 16343 16343 16344 16344 16348 16348 16348 16348 16348 16348 16348 16348 16348 16348 16348 16348 16348 16348 16348 16348 16348 16348 16348 16348 
0 0 0 0 0 0 0 24 24 24 39 73 76 85 113 193 260 427 480 543 935 1202 1423 1719 1959 2400 2754 3081 3624 4012 4423 5084 5690 6365 6891 7560 8262 8881 9435 10054 10661 11242 11655 12181 12611 13080 13434 13766 14044 14316 14540 14748 14944 15054 15149 15267 15370 15470 15548 15599 15649 15712 15752 15780 15796 15812 15852 15867 15900 15918 15931 15937 15945 15946 15964 15967 15969 15973 15974 15976 15976 15976 15976 15976 15978 15978 15979 15982 15982 15982 15982 15982 15982 15984 15984 15984 15984 15984 15984 15984 15984 15984 15986 15986 15986 15986 15986 15986 15986 15986 15986 15986 15986 15986 15986 15986 15986 15986 15986 15986 15986 15986 
0 0 0 0 0 0 0 30 30 30 36 39 41 52 59 102 410 476 515 551 636 753 944 1118 1365 1562 1951 2324 2692 3049 3491 4004 4782 5304 5900 6571 7224 7843 8466 9033 9625 10174 10639 11129 11602 12011 12437 12746 13062 13447 13720 13941 14207 14391 14575 14772 14912 15070 15200 15258 15307 15361 15419 15450 15481 15518 15554 15585 15604 15621 15634 15641 15649 15684 15692 15692 15692 15704 15704 15707 15710 15716 15721 15722 15723 15723 15725 15725 15725 15725 15728 15728 15728 15728 15728 15728 15728 15728 15728 15728 15728 15728 15728 15728 15728 15728 15728 15728 15728 15728 15728 15728 15728 15728 15728 15728 15728 15728 15728 15728 15728 
0 0 0 0 0 0 0 22 22 22 26 32 38 43 50 62 81 549 597 640 815 930 1052 1251 1394 1653 2102 2389 2814 3280 3787 4247 4793 5361 5980 6628 7298 7973 8693 9258 9845 10455 10967 11499 11978 12534 12862 13241 13566 13836 14122 14378 14575 14751 14953 15078 15197 15295 15367 15436 15474 15538 15592 15636 15665 15695 15718 15732 15753 15788 15803 15816 15826 15830 15840 15846 15846 15851 15862 15865 15869 15872 15873 15873 15873 15874 15874 15874 15876 15877 15878 15881 15881 15881 15881 15881 15881 15881 15881 15881 15881 15881 15881 15881 15881 15881 15881 15881 15881 15881 15881 
0 0 0 0 0 0 0 17 17 17 17 33 41 55 66 69 150 215 244 322 436 586 744 957 1334 1563 1843 2192 2556 3000 3593 4200 4808 5413 6054 6724 7406 8108 8773 9452 10063 10692 11251 11716 12281 12571 12870 13248 13582 13857 14103 14294 14480 14636 14828 14951 15083 15192 15263 15312 15348 15379 15423 15467 15490 15511 15528 15543 15551 15567 15572 15575 15582 15588 15598 15599 15600 15601 15608 15611 15613 15615 15615 15622 15622 15622 15622 15624 15625 15626 15626 15629 15629 15629 15631 15631 15631 15632 15632 15632 15632 15632 15632 15632 15632 15632 15632 15632 15632 15632 15632 15632 15632 15632 15632 15632 15632 15632 15632 
0 0 0 0 0 0 0 29 29 29 30 65 84 427 435 451 516 553 640 795 902 1085 1386 1489 1641 1926 2183 2572 2982 3396 3706 4449 4900 5441 6092 6737 7411 8134 8656 9310 9886 10429 11030 11496 12014 12412 12912 13298 13720 14017 14254 14515 14753 14974 15200 15321 15452 15593 15690 15770 15852 15915 15961 15999 16043 16087 16117 16145 16179 16212 16235 16249 16286 16302 16308 16313 16320 16329 16334 16341 16341 16345 16349 16351 16352 16355 16355 16355 16355 16355 16355 16355 16355 16355 16355 16355 16355 16355 16355 16355 16355 16355 16355 16355 16355 16355 16355 16355 16355 
0 0 0 0 0 0 0 7 7 7 7 114 119 137 149 159 192 687 806 938 1107 1385 2111 2508 2776 3221 3628 4040 4743 5270 5890 6528 7148 7767 8325 9027 9729 10240 10791 11334 11843 12329 12811 13240 13548 13948 14299 14684 15000 15250 15414 15647 15797 15930 16024 16138 16219 16302 16368 16418 16464 16523 16552 16577 16601 16621 16640 16652 16675 16678 16692 16698 16705 16706 16709 16709 16713 16715 16715 16717 16717 16719 16719 16720 16720 16720 16720 16720 16720 16720 16720 16728 16728 16728 16728 16728 16728 16730 16730 16730 16730 16730 16730 16730 16730 16730 16730 16730 16730 16730 16730 16730 16730 16730 16730 16730 16730 
0 0 0 0 0 0 0 30 30 30 30 37 65 71 89 94 210 296 337 423 488 1002 1117 1266 1394 1683 2013 2335 2705 3059 3421 3957 4430 4930 5537 6250 6848 7396 8230 8865 9378 9978 10493 11080 11581 12031 12414 12742 13088 13388 13688 13930 14134 14361 14477 14648 14789 14956 15053 15142 15191 15252 15297 15337 15374 15404 15418 15438 15464 15484 15500 15509 15516 15525 15534 15537 15547 15563 15566 15571 15574 15575 15578 15580 15581 15583 15583 15583 15583 15583 15583 15583 15585 15585 15585 15585 15585 15585 15585 15585 15585 15585 15585 15585 15585 15585 15585 15585 15585 
0 0 0 0 0 0 0 15 15 15 17 38 52 62 77 98 378 494 539 611 912 1388 1713 1937 2216 2737 3236 3773 4278 4804 5439 6254 6972 7749 8517 9231 9909 10619 11242 11834 12497 12988 13418 13779 14134 14496 14784 15066 15371 15596 15788 15958 16132 16243 16350 16431 16473 16538 16598 16628 16673 16696 16726 16797 16821 16832 16840 16857 16869 16881 16891 16894 16905 16912 16912 16914 16916 16918 16918 16923 16930 16933 16935 16936 16937 16938 16938 16940 16940 16940 16940 16940 16940 16940 16940 16940 16940 16940 16940 16940 16940 16940 16940 16940 16940 16940 16940 
0 0 0 0 0 0 0 19 19 19 28 46 86 108 131 145 195 258 390 519 647 773 969 1269 1542 1898 2224 2931 3487 4088 4693 5357 6109 6718 7441 8140 8793 9364 9951 10616 11190 11745 12276 12715 13149 13529 13930 14202 14492 14733 14928 15105 15309 15425 15582 15671 15752 15821 15880 15943 16015 16070 16089 16131 16166 16179 16192 16210 16219 16236 16240 16247 16253 16254 16258 16260 16261 16267 16269 16272 16273 16274 16274 16276 16277 16277 16290 16290 16290 16292 16296 16296 16296 16298 16298 16298 16298 16298 16298 16298 16298 16298 16298 16298 16298 16298 16298 16298 16298 16298 16298 16298 16298 16298 16298 16298 16298 16298 16298 16298 16298 16298 16298 16298 16298 
0 0 0 0 0 0 0 21 21 21 30 48 50 53 62 75 116 278 303 362 425 589 840 1236 1548 1912 2475 2923 3403 3810 4442 5114 5740 6285 7044 7715 8283 8816 9417 10115 10753 11254 11764 12267 12709 13117 13534 13856 14209 14456 14667 14878 15086 15218 15354 15470 15572 15672 15771 15845 15899 15936 15980 16010 16039 16054 16072 16091 16099 16108 16122 16146 16154 16155 16156 16166 16168 16170 16173 16175 16175 16179 16179 16179 16180 16180 16180 16180 16181 16186 16186 16186 16186 16190 16190 16190 16190 16190 16190 16190 16190 16190 16190 16190 
0 0 0 0 0 0 0 17 17 17 33 45 47 54 94 171 228 353 564 700 845 1006 1363 1641 1867 2117 2527 3062 3540 4042 4821 5442 6172 6916 7552 8144 8778 9459 10093 10663 11109 11582 11970 12333 12754 13172 13419 13688 13890 14109 14263 14448 14625 14725 14846 14902 14956 15045 15104 15157 15198 15220 15249 15269 15286 15299 15310 15325 15343 15346 15351 15361 15362 15369 15378 15378 15379 15382 15382 15382 15390 15390 15390 15393 15396 15396 15396 15396 15396 15397 15397 15397 15397 15398 15398 15398 15398 15398 15398 15398 15398 
0 0 0 0 0 0 0 17 17 17 20 28 56 65 91 132 243 385 568 762 984 1161 1535 1705 1974 2455 2904 3194 3927 4390 5018 5583 6293 6845 7514 8203 8738 9442 10009 10531 11077 11600 12063 12530 12914 13375 13789 14126 14355 14629 14826 15067 15229 15350 15461 15561 15648 15806 15863 15916 15974 16023 16055 16092 16119 16140 16176 16192 16210 16221 16236 16240 16247 16251 16253 16262 16264 16267 16267 16270 16272 16277 16280 16280 16280 16289 16293 16293 16296 16296 16298 16298 16298 16298 16298 16298 16298 16298 16298 16298 16298 16298 16298 16298 
0 0 0 0 0 0 0 27 27 27 27 43 103 115 128 207 695 782 873 984 1225 1506 1754 2052 2525 2942 3514 4181 4731 5348 5863 6439 7085 7686 8290 8950 9491 10046 10649 11275 11788 12278 12701 13120 13498 13790 14097 14389 14626 14858 15074 15223 15337 15461 15585 15671 15781 15860 15924 15997 16033 16083 16107 16128 16152 16183 16203 16227 16233 16233 16233 16258 16267 16273 16273 16273 16283 16285 16288 16289 16291 16291 16291 16293 16295 16295 16295 16295 16295 16295 16295 16295 16295 16295 16295 16295 16295 
0 0 0 0 0 0 0 26 26 26 35 48 77 105 129 145 470 500 547 592 724 854 983 1362 1728 1925 2280 2738 3187 3669 4432 4942 5475 6064 6646 7311 7982 8509 9175 9801 10385 11022 11553 11966 12427 12799 13233 13601 13939 14285 14549 14772 14978 15187 15322 15469 15567 15642 15722 15814 15863 15906 15956 15992 16016 16040 16063 16096 16108 16124 16129 16133 16147 16163 16169 16175 16181 16191 16195 16197 16203 16205 16205 16210 16210 16210 16210 16212 16212 16227 16227 16229 16229 16229 16231 16231 16231 16231 16231 16231 16235 16235 16235 16235 16235 16235 16235 16235 16235 16235 16235 16235 16235 16235 16235 
0 0 0 0 0 0 0 22 22 22 23 80 97 130 199 244 281 400 516 655 1103 1396 1733 2032 2416 2838 3280 3896 4440 4912 5368 5980 6666 7327 8235 8874 9498 10125 10793 11342 11931 12349 12760 13177 13549 13859 14179 14499 14711 14942 15137 15311 15447 15570 15629 15782 15866 15954 16008 16062 16111 16161 16173 16204 16227 16248 16268 16276 16287 16300 16301 16305 16310 16314 16319 16330 16341 16345 16345 16345 16345 16347 16347 16347 16350 16350 16350 16352 16352 16352 16352 16352 16352 16352 16352 16352 16352 16352 16352 16352 
0 0 0 0 0 0 0 36 36 36 41 53 69 88 107 121 191 324 385 573 689 942 1062 1308 1660 2151 2537 3118 3624 4302 4955 5621 6327 7071 7793 8331 8967 9586 10171 10736 11202 11636 12039 12464 12819 13234 13580 13951 14264 14478 14772 14952 15145 15307 15448 15559 15616 15689 15787 15840 15897 15934 15956 15996 16029 16047 16066 16084 16098 16118 16138 16141 16148 16148 16150 16154 16158 16159 16161 16161 16162 16162 16162 16168 16168 16168 16170 16171 16171 16171 16171 16171 16171 16172 16172 16172 16172 16172 16172 16172 16172 16172 16172 16172 16172 16172 16172 
0 0 0 0 0 0 0 53 53 53 53 282 335 340 396 413 451 522 605 665 1127 1293 1521 1728 1922 2380 2733 3113 3565 4160 4757 5233 5772 6389 7065 7714 8293 9066 9745 10355 10915 11418 11864 12329 12685 13088 13466 13750 13999 14249 14517 14713 14923 15091 15203 15311 15415 15505 15566 15639 15696 15729 15782 15828 15863 15879 15907 15923 15947 15960 15976 15990 15993 16015 16016 16030 16034 16037 16038 16042 16045 16045 16045 16045 16045 16047 16047 16048 16050 16050 16050 16050 16050 16051 16051 16051 16051 16051 16051 16051 16051 16051 16051 16051 16051 16051 16051 16051 16051 16051 16051 16051 
0 0 0 0 0 0 0 12 12 12 15 15 25 64 80 249 308 559 756 861 1262 1473 1719 1969 2609 2969 3514 4046 4703 5179 5707 6246 7000 7575 8238 8877 9520 10167 10714 11275 11752 12314 12787 13212 13621 13977 14340 14600 14800 15034 15187 15337 15476 15637 15737 15844 15905 15972 16013 16057 16109 16151 16183 16213 16232 16269 16280 16287 16308 16342 16345 16352 16361 16364 16365 16365 16375 16377 16378 16379 16379 16379 16379 16379 16379 16379 16379 16379 16380 16380 16380 16380 16380 16380 16386 16386 16386 16386 16386 16386 16386 16386 16386 16386 16386 16386 16386 16386 16386 
0 0 0 0 0 0 0 29 29 29 31 56 59 79 83 110 206 273 386 442 584 818 1041 1563 1743 2046 2426 2825 3357 3842 4508 5046 5586 6124 6732 7360 7975 8503 9048 9655 10307 10837 11444 11929 12383 12750 13062 13425 13777 14049 14306 14523 14760 14886 15008 15109 15279 15379 15446 15538 15574 15627 15655 15699 15740 15765 15800 15824 15847 15855 15877 15892 15896 15912 15915 15923 15924 15924 15926 15929 15930 15931 15934 15934 15935 15935 15936 15938 15938 15938 15938 15938 15938 15938 15938 15938 15938 15938 15938 15938 15938 15938 
0 0 0 0 0 0 0 18 18 18 20 25 37 50 126 155 280 736 842 971 1275 1467 1863 2202 2731 3186 3470 3924 4519 5105 5729 6416 7008 7687 8353 8909 9457 10062 10683 11250 11732 12168 12630 13014 13400 13765 14051 14336 14538 14759 14958 15095 15223 15321 15406 15508 15570 15622 15678 15724 15754 15783 15814 15826 15853 15862 15868 15879 15884 15898 15902 15917 15920 15923 15923 15923 15925 15928 15930 15931 15934 15938 15938 15940 15940 15940 15942 15943 15943 15943 15943 15943 15944 15944 15944 15944 15944 15944 15944 15944 15944 15944 
0 0 0 0 0 0 0 36 36 36 36 40 43 43 65 102 131 447 601 682 787 1208 1393 1772 2024 2415 3009 3534 4136 4737 5360 5956 6657 7277 7960 8571 9204 9847 10440 11057 11578 12150 12594 13142 13614 13896 14264 14551 14811 15038 15306 15456 15623 15755 15912 16006 16070 16147 16193 16266 16324 16350 16377 16409 16430 16440 16449 16463 16466 16480 16494 16495 16499 16503 16510 16514 16516 16517 16517 16520 16520 16520 16521 16523 16523 16523 16523 16524 16524 16524 16524 16524 16524 16524 16524 16524 16524 16524 16524 16524 16524 16524 16524 16524 16524 
0 0 0 0 0 0 0 20 20 20 39 82 88 97 343 369 429 513 642 811 984 1348 1817 2064 2368 2708 3290 3819 4445 5099 5667 6426 7124 7784 8537 9237 9860 10444 10993 11556 12099 12591 13080 13459 13826 14101 14444 14691 14851 15046 15292 15450 15561 15682 15777 15852 15907 15969 15993 16023 16054 16066 16104 16123 16144 16164 16181 16193 16200 16205 16208 16216 16220 16222 16224 16227 16227 16227 16228 16234 16234 16234 16237 16241 16242 16242 16242 16242 16242 16242 16242 16242 16242 16242 16242 16242 16242 16242 16242 16242 16242 16242 16242 16242 16242 
0 0 0 0 0 0 0 22 22 22 31 34 64 71 105 154 214 280 336 621 831 1194 1608 2074 2527 2987 3500 4009 4590 5129 5808 6379 7067 7670 8334 8998 9612 10210 10838 11433 11971 12496 12932 13343 13726 14062 14346 14584 14794 15022 15195 15364 15547 15711 15834 15911 15980 16069 16139 16193 16232 16276 16289 16325 16354 16385 16401 16402 16413 16439 16459 16459 16463 16469 16474 16485 16486 16494 16494 16503 16504 16504 16504 16504 16504 16504 16505 16505 16505 16505 16505 16505 16505 16505 16505 16505 16505 16505 16505 16505 16505 16505 16505 16505 16505 16505 16505 16505 16505 16505 16505 
0 0 0 0 0 0 0 43 43 43 45 58 67 82 89 119 162 193 249 363 458 641 865 1049 1380 1705 2133 2520 3090 3547 4178 4685 5236 5888 6482 7299 8069 8773 9535 10153 10745 11280 11758 12233 12705 13077 13377 13698 13940 14165 14380 14592 14715 14899 15004 15097 15182 15262 15340 15403 15459 15501 15514 15538 15579 15606 15638 15653 15667 15679 15692 15700 15704 15711 15718 15724 15724 15727 15732 15736 15736 15736 15737 15741 15743 15743 15743 15746 15756 15756 15756 15756 15756 15756 15756 15756 15756 15756 15756 15756 15756 15756 15756 15756 15756 15756 15756 15756 15756 15756 15756 15756 15756 15756 15756 15756 15756 15756 15756 15756 15756 15756 15756 15756 15756 15756 15756 
0 0 0 0 0 0 0 27 27 27 34 34 140 145 145 285 317 372 420 475 570 675 892 1049 1421 1986 2388 2789 3326 3773 4313 4903 5483 6276 6958 7646 8287 8874 9584 10228 10735 11362 11939 12455 12987 13364 13764 14119 14433 14691 14930 15134 15304 15470 15560 15690 15766 15838 15917 15964 15998 16040 16072 16097 16119 16139 16163 16172 16197 16203 16219 16230 16233 16247 16249 16254 16255 16259 16261 16261 16266 16266 16266 16266 16266 16266 16266 16266 16266 16267 16267 16267 16267 16267 16267 16267 16267 16267 16267 16267 16267 16267 16267 16267 16267 16268 16268 16268 16268 16268 16268 16268 16268 
0 0 0 0 0 0 0 52 52 52 59 61 79 120 131 143 204 317 454 553 750 1013 1364 1658 1914 2442 2865 3279 3819 4503 5161 5867 6488 7191 7914 8502 9246 9833 10380 11029 11567 12054 12455 12872 13235 13579 13823 14161 14355 14576 14804 15004 15180 15307 15424 15543 15618 15667 15771 15833 15858 15905 15970 15995 16034 16057 16089 16096 16104 16120 16137 16139 16143 16151 16154 16158 16160 16171 16174 16174 16174 16180 16180 16180 16180 16180 16180 16180 16180 16180 16180 16180 16180 16180 16180 16180 16180 16180 16180 16180 16180 16180 16180 
0 0 0 0 0 0 0 39 39 39 139 152 182 188 207 244 367 423 565 638 723 961 1049 1314 1647 2202 2576 2949 3396 3963 4678 5304 6078 6801 7426 8073 8712 9293 9982 10533 11026 11594 12085 12536 12963 13362 13790 14152 14441 14663 14870 15057 15237 15388 15495 15608 15680 15757 15797 15891 15942 15981 16008 16031 16051 16069 16080 16104 16109 16118 16118 16121 16123 16125 16129 16131 16131 16136 16144 16145 16147 16148 16149 16150 16150 16150 16150 16150 16150 16150 16150 16154 16154 16154 16154 16154 16154 16154 16154 16154 16154 16154 16154 16154 16154 16154 16154 16154 16154 
0 0 0 0 0 0 0 23 23 23 29 36 39 41 45 82 103 626 639 714 857 973 1084 1282 1456 1688 2005 2296 2622 3143 3661 4128 4830 5416 6024 6533 7170 7756 8557 9118 9803 10432 10942 11427 11987 12405 12785 13232 13667 13913 14155 14355 14633 14837 15027 15188 15341 15478 15550 15617 15686 15751 15794 15853 15885 15908 15926 15960 15976 15990 16007 16036 16040 16051 16052 16060 16064 16067 16067 16072 16088 16091 16093 16093 16094 16094 16094 16096 16096 16096 16102 16102 16102 16102 16102 16102 16102 16102 16102 16102 16102 16102 16102 16102 16102 16102 16102 16102 16102 16102 
0 0 0 0 0 0 0 13 13 13 23 28 57 59 73 91 139 230 310 386 590 752 925 1176 1587 1807 2251 2577 3165 3760 4254 4900 5442 6077 6768 7391 8118 8755 9365 9924 10588 11142 11690 12164 12631 12936 13259 13616 13909 14118 14404 14617 14800 14923 15060 15172 15258 15356 15442 15488 15567 15610 15680 15713 15735 15759 15806 15831 15839 15851 15864 15866 15877 15884 15887 15893 15894 15894 15894 15895 15895 15898 15902 15902 15902 15902 15902 15902 15902 15902 15902 15902 15902 15902 15902 15902 15902 15902 15902 15902 15902 15902 15902 15902 
0 0 0 0 0 0 0 23 23 23 23 48 48 64 169 201 251 366 444 522 681 907 1122 1339 1750 2233 2606 2971 3459 3992 4577 5133 5806 6340 7095 7811 8453 9104 9747 10286 10751 11346 11848 12370 12872 13226 13591 13903 14186 14466 14671 14924 15083 15316 15463 15604 15697 15783 15858 15922 15975 16038 16090 16114 16136 16162 16178 16186 16209 16213 16234 16242 16252 16256 16263 16263 16266 16267 16270 16270 16270 16273 16275 16275 16275 16275 16275 16275 16275 16275 16275 16275 16275 16275 16275 16275 16275 16275 16275 16275 16275 16275 16275 16275 16275 16275 16275 16275 16275 16275 16275 16275 16275 16275 16275 16275 16275 16275 16275 16275 16275 16275 16275 
0 0 0 0 0 0 0 8 8 8 8 54 65 96 108 166 287 473 580 685 781 1053 1311 1647 2008 2276 2614 3017 3513 4081 4693 5386 6058 6673 7318 7847 8439 8994 9548 10074 10712 11288 11769 12245 12681 13152 13493 13765 14078 14300 14524 14673 14834 14934 15019 15118 15202 15260 15332 15377 15432 15477 15505 15531 15556 15578 15585 15599 15626 15628 15637 15640 15650 15651 15659 15663 15664 15668 15672 15672 15672 15674 15674 15676 15677 15677 15677 15677 15677 15677 15677 15677 15678 15678 15678 15678 15678 15678 15678 15678 
0 0 0 0 0 0 0 22 22 22 22 31 71 96 127 133 174 274 347 415 601 790 929 1128 1373 1807 2170 2571 2991 3578 4127 4722 5443 5997 6650 7324 8147 8778 9338 9976 10593 11231 11736 12267 12643 13088 13503 13858 14168 14432 14686 14890 15067 15231 15375 15463 15532 15603 15676 15753 15795 15825 15860 15895 15928 15945 15958 15976 15982 15985 15993 16004 16015 16016 16021 16027 16035 16041 16041 16042 16045 16045 16045 16045 16047 16047 16047 16047 16047 16047 16047 16047 16047 16047 16047 16047 16047 16047 16047 16047 16047 16047 16047 16047 
0 0 0 0 0 0 0 22 22 22 26 26 48 84 118 126 178 273 362 431 592 781 937 1108 1415 1707 2105 2683 3195 3750 4552 5110 5850 6574 7320 8073 8748 9418 10093 10696 11191 11744 12356 12881 13327 13749 14147 14396 14643 14894 15070 15302 15452 15589 15682 15793 15890 15944 15999 16049 16103 16147 16188 16220 16239 16260 16270 16288 16300 16313 16321 16330 16338 16338 16341 16346 16350 16351 16356 16362 16362 16373 16373 16373 16373 16373 16373 16374 16376 16376 16377 16377 16377 16377 16377 16377 16377 16380 16380 16380 16380 16380 16380 16380 16380 16380 16380 16380 16380 
0 0 0 0 0 0 0 25 25 25 25 35 37 40 63 70 84 136 325 411 525 694 938 1122 1470 1892 2417 2876 3379 3952 4454 5070 5757 6495 7082 7750 8320 9001 9618 10193 10718 11319 11829 12307 12771 13170 13544 13858 14117 14346 14575 14703 14871 15017 15137 15249 15368 15443 15532 15587 15679 15733 15800 15825 15856 15907 15938 15950 15983 16001 16007 16014 16021 16021 16026 16036 16036 16047 16049 16055 16056 16056 16056 16056 16057 16057 16057 16057 16057 16057 16057 16057 16057 16057 16057 16057 16057 16057 16057 16057 16057 16057 16057 16057 
0 0 0 0 0 0 0 23 23 23 25 33 143 158 207 229 463 542 630 869 1089 1264 1475 1656 2136 2487 2931 3415 3997 4449 5097 5650 6301 6855 7552 8279 8932 9530 10184 10776 11268 11737 12204 12669 13131 13463 13806 14129 14391 14569 14785 14971 15116 15302 15433 15509 15595 15690 15742 15800 15853 15896 15928 15971 16030 16046 16062 16084 16090 16101 16114 16120 16124 16131 16137 16138 16140 16140 16143 16147 16147 16153 16153 16156 16157 16157 16160 16161 16161 16166 16166 16166 16166 16166 16166 16166 16166 16166 16166 16166 16166 16166 16166 16166 16166 16166 16166 16166 16166 16166 16166 
0 0 0 0 0 0 0 16 16 16 18 374 393 424 437 473 501 674 768 930 1159 1374 1734 2104 2372 2718 3162 3484 3972 4681 5338 5994 6665 7186 7882 8470 9087 9653 10239 10951 11567 12192 12600 13037 13379 13718 14047 14299 14555 14831 15029 15185 15371 15506 15624 15742 15836 15908 15979 16035 16083 16122 16155 16185 16205 16237 16254 16265 16289 16293 16306 16331 16344 16349 16351 16352 16352 16355 16364 16364 16369 16372 16372 16376 16376 16376 16379 16381 16381 16381 16381 16381 16381 16381 16381 16381 16381 16381 16381 16381 16381 16381 16381 16381 16381 16381 16381 16381 16381 16381 16381 16381 16381 16381 16381 
0 0 0 0 0 0 0 34 34 34 38 115 121 154 177 194 231 258 382 476 624 803 1072 1306 1521 1780 2031 2246 2589 3063 3554 4173 4821 5357 5983 6649 7365 8049 8660 9184 9683 10265 10839 11419 11842 12276 12694 13075 13345 13634 13886 14190 14379 14570 14679 14801 14926 15027 15127 15236 15292 15356 15406 15460 15500 15520 15544 15558 15570 15583 15589 15599 15608 15611 15614 15620 15620 15625 15632 15634 15634 15634 15634 15634 15634 15634 15634 15634 15634 15634 15634 15634 15634 15634 15634 15634 15634 15634 15634 15634 15634 15634 15634 15634 15634 15634 15634 15634 15634 15634 15634 15634 15634 15634 15634 15634 15634 15634 
0 0 0 0 0 0 0 12 12 12 15 42 69 77 82 132 153 308 378 453 616 889 1211 1471 1851 2326 2718 3157 3684 4204 4964 5564 6180 6834 7572 8277 8869 9486 10195 10805 11416 11960 12475 12865 13251 13641 13933 14211 14474 14691 14859 15052 15177 15314 15418 15519 15607 15697 15753 15821 15893 15921 15951 16005 16027 16045 16052 16057 16067 16075 16079 16085 16092 16095 16096 16099 16100 16101 16104 16107 16107 16109 16109 16109 16109 16109 16109 16109 16109 16109 16109 16109 16111 16111 16111 16111 16111 16111 16111 16111 16111 16111 16111 16111 16111 16111 16111 16111 16111 16111 16111 16111 16111 16111 
0 0 0 0 0 0 0 15 15 15 17 68 76 85 95 129 186 248 873 916 1208 1356 1593 1969 2256 2674 3007 3404 3907 4449 4942 5611 6230 6819 7381 8017 8620 9228 9896 10485 11083 11631 12209 12774 13275 13597 13959 14294 14583 14781 14959 15143 15305 15472 15601 15718 15861 15932 16010 16052 16104 16141 16177 16203 16236 16271 16278 16309 16326 16340 16343 16352 16354 16357 16360 16364 16368 16368 16370 16371 16372 16373 16373 16375 16375 16376 16376 16376 16376 16376 16376 16377 16377 16377 16377 16377 16377 16377 16377 16378 16378 16378 16378 16378 16378 16378 16378 
0 0 0 0 0 0 0 21 21 21 28 59 68 481 527 551 611 743 1110 1261 1433 1558 1906 2138 2570 2923 3380 3928 4456 5041 5654 6224 6847 7443 8039 8585 9275 9857 10418 10987 11550 12012 12469 12979 13459 13967 14322 14600 14887 15210 15462 15658 15871 16056 16211 16358 16443 16531 16624 16716 16781 16824 16861 16883 16922 16961 16990 17003 17015 17030 17059 17072 17085 17090 17097 17100 17109 17113 17116 17116 17119 17125 17126 17128 17128 17128 17132 17132 17132 17133 17133 17133 17133 17133 17133 17134 17134 17134 17134 17134 17134 17134 
0 0 0 0 0 0 0 29 29 29 69 93 111 156 163 178 237 462 517 662 768 991 1245 1618 1911 2281 2595 3295 3741 4395 4953 5482 6054 6815 7502 8225 8886 9549 10154 10813 11418 11803 12346 12734 13080 13416 13727 14015 14321 14602 14828 14981 15161 15280 15374 15481 15545 15616 15674 15748 15805 15848 15896 15918 15937 15969 15991 15999 16035 16044 16048 16058 16065 16072 16079 16082 16088 16092 16092 16093 16096 16099 16105 16108 16109 16110 16110 16110 16114 16114 16114 16114 16114 16114 16114 16114 16114 16114 16114 16115 16115 16115 
0 0 0 0 0 0 0 23 23 23 30 52 86 98 119 144 509 719 763 824 1212 1537 1933 2236 2654 2911 3432 3975 4450 4916 5533 6248 6902 7567 8296 8922 9559 10190 10806 11320 11811 12295 12734 13188 13566 13899 14208 14471 14690 14922 15091 15219 15369 15493 15583 15668 15729 15787 15860 15906 15947 15991 16017 16049 16066 16089 16110 16123 16140 16146 16159 16167 16199 16208 16214 16214 16215 16215 16218 16219 16219 16219 16219 16219 16220 16220 16220 16220 16220 16220 16220 16220 16220 16220 16220 16220 16220 16220 16220 16220 16220 16220 16220 16220 16220 16220 16220 16220 16220 16220 16220 16220 
0 0 0 0 0 0 0 28 28 28 32 61 79 92 156 180 239 360 483 616 794 1095 1428 1724 2149 2426 2815 3287 3722 4144 4702 5543 6321 6930 7642 8201 9023 9694 10353 10861 11335 11895 12378 12813 13234 13575 13890 14257 14491 14829 14983 15180 15323 15437 15569 15662 15755 15824 15889 15944 15979 16011 16048 16074 16092 16119 16129 16162 16170 16179 16189 16190 16190 16193 16194 16194 16196 16196 16197 16198 16208 16208 16209 16209 16210 16212 16212 16216 16216 16216 16216 16216 16216 16216 16216 16216 16216 16216 16216 16216 16216 16216 16216 16216 16216 16216 16216 16216 16216 16216 16216 16216 16216 16216 16216 16216 16216 16216 16216 16216 16216 16216 16216 16216 
0 0 0 0 0 0 0 19 19 19 62 64 77 90 112 152 189 236 357 675 860 1102 1293 1519 1867 2224 2632 3028 3382 3945 4558 5188 5877 6577 7407 8074 8775 9419 10092 10707 11262 11744 12160 12638 13126 13438 13819 14131 14397 14677 14946 15189 15324 15431 15588 15712 15801 15873 15944 15988 16032 16086 16137 16164 16183 16228 16251 16262 16278 16293 16298 16302 16306 16308 16319 16324 16325 16327 16327 16332 16332 16332 16334 16335 16337 16338 16339 16339 16339 16339 16339 16339 16339 16339 16339 16339 16339 16339 16339 16339 16339 16339 16339 16339 
0 0 0 0 0 0 0 25 25 25 29 33 43 68 134 175 821 895 1035 1088 1213 1488 1792 2104 2698 3177 3596 4107 4818 5369 6121 6679 7251 8068 8699 9393 10076 10724 11301 11807 12202 12655 13128 13498 13890 14208 14526 14860 15075 15330 15571 15756 15890 15999 16153 16248 16317 16380 16456 16523 16554 16591 16622 16639 16690 16702 16716 16734 16738 16746 16767 16772 16783 16795 16798 16802 16802 16802 16804 16804 16804 16804 16805 16805 16805 16806 16806 16811 16811 16813 16813 16813 16816 16816 16816 16816 16816 16816 16816 16816 16816 16816 16816 16816 16816 16816 16816 16816 16816 16816 
0 0 0 0 0 0 0 11 11 11 18 27 36 49 53 125 541 725 752 1242 1425 1721 1986 2197 2459 2741 3127 3467 3849 4390 5064 5592 6134 6647 7206 7833 8465 8989 9589 10166 10684 11179 11646 12173 12687 13022 13402 13747 14071 14347 14554 14771 14993 15184 15349 15470 15593 15728 15802 15871 15920 15969 16010 16038 16074 16143 16170 16198 16215 16237 16243 16247 16247 16257 16258 16263 16264 16270 16270 16271 16272 16272 16272 16275 16275 16276 16276 16282 16283 16283 16283 16283 16283 16283 16283 16283 16283 16283 16283 16283 16283 16283 16283 16283 
0 0 0 0 0 0 0 30 30 30 38 56 399 413 418 462 517 631 673 992 1210 1406 1608 1883 2305 2671 3036 3422 3972 4483 5118 5594 6263 6825 7401 8195 8822 9442 10135 10708 11314 11825 12254 12671 13106 13476 13824 14134 14396 14608 14836 14982 15145 15307 15417 15536 15601 15687 15777 15825 15890 15934 15979 16001 16025 16054 16080 16091 16098 16105 16111 16121 16128 16132 16137 16137 16139 16143 16143 16145 16145 16147 16147 16150 16150 16150 16150 16150 16150 16150 16150 16150 16152 16152 16152 16152 16152 16152 16152 16152 16152 16152 16152 16152 16152 16152 16152 16152 16152 16152 16152 16152 16152 
0 0 0 0 0 0 0 10 10 10 15 30 62 88 135 156 170 189 202 413 596 923 1122 1349 1555 1753 2295 2739 3282 3808 4344 4826 5579 6320 6871 7443 8003 8700 9274 9909 10497 11150 11711 12218 12629 13096 13463 13809 14114 14388 14705 14944 15188 15329 15496 15643 15772 15868 15959 16008 16072 16133 16161 16209 16251 16277 16284 16308 16332 16343 16375 16381 16395 16402 16404 16420 16427 16427 16427 16438 16439 16441 16441 16445 16445 16445 16448 16448 16448 16448 16448 16448 16448 16448 16448 16448 16448 16448 16448 16448 16448 16448 16448 16448 16448 16448 16448 16448 16448 16448 16448 16448 16448 16448 16448 
0 0 0 0 0 0 0 10 10 10 37 71 85 99 135 377 433 453 520 643 907 1233 1540 1864 2171 2572 3276 3815 4336 4778 5336 6013 6564 7316 7990 8633 9154 9891 10563 11153 11782 12280 12723 13288 13703 14089 14453 14729 15018 15247 15433 15582 15733 15884 15975 16112 16222 16256 16318 16370 16416 16451 16490 16516 16540 16570 16581 16593 16603 16611 16623 16632 16634 16638 16645 16646 16647 16649 16649 16649 16649 16654 16654 16657 16658 16658 16658 16658 16658 16658 16658 16659 16659 16659 16659 16659 16659 16659 16659 16659 16659 16659 16659 
0 0 0 0 0 0 0 75 75 75 80 95 101 199 237 272 310 331 396 450 526 678 907 1140 1365 1913 2231 2653 3164 3613 4128 4657 5235 5885 6490 7269 8055 8748 9346 10035 10613 11211 11803 12275 12737 13128 13472 13766 14038 14342 14558 14769 14965 15187 15319 15451 15579 15705 15785 15844 15879 15950 15980 16020 16047 16071 16099 16121 16131 16151 16159 16174 16191 16205 16221 16221 16222 16231 16239 16239 16252 16252 16254 16255 16255 16256 16256 16256 16256 16258 16258 16258 16258 16264 16264 16264 16264 16264 16264 16264 16265 16265 16265 16265 16265 16265 16265 16265 16265 16265 16265 16265 16265 16265 16265 16265 16265 16265 16265 16266 16266 16266 16268 16268 16268 16268 16268 16268 16268 16268 16268 16268 16268 16268 16268 16268 16268 
0 0 0 0 0 0 0 30 30 30 30 40 65 78 84 219 289 352 459 497 613 947 1179 1375 1694 1993 2455 2879 3345 3883 4456 5204 5925 6533 7210 7871 8558 9321 9756 10331 10871 11459 11935 12410 12833 13229 13523 13825 14101 14368 14613 14794 14964 15085 15206 15276 15373 15445 15478 15545 15595 15625 15655 15692 15726 15748 15767 15783 15789 15807 15809 15810 15814 15815 15822 15824 15832 15836 15838 15841 15846 15846 15846 15846 15848 15851 15851 15851 15851 15851 15851 15851 15851 15851 15851 15851 15851 15851 15851 15851 15851 15851 15851 15851 
0 0 0 0 0 0 0 21 21 21 28 32 38 135 142 180 195 262 305 417 548 807 1041 1441 1676 2027 2298 2639 3091 3472 3977 4454 5007 5548 6227 6954 7442 8229 8815 9339 9893 10442 11029 11466 11829 12192 12558 12940 13282 13572 13826 14018 14205 14350 14547 14685 14785 14876 14967 15052 15099 15137 15177 15226 15273 15292 15307 15323 15336 15351 15357 15366 15375 15391 15393 15403 15412 15412 15417 15419 15429 15429 15430 15431 15431 15432 15433 15433 15437 15437 15437 15438 15438 15438 15438 15438 15438 15438 15438 15438 15438 15438 15438 15438 15438 15438 15438 15438 15438 15438 15438 15438 15438 15438 15438 15438 15438 15438 15438 15438 15438 15438 15438 15438 15438 15438 15438 15438 
0 0 0 0 0 0 0 35 35 35 42 123 139 252 267 698 788 803 881 942 1023 1345 1475 1782 1988 2325 2590 3057 3516 4111 4603 5103 5725 6322 6910 7557 8137 8694 9321 9964 10493 10939 11424 11918 12315 12754 13075 13455 13744 14030 14348 14483 14630 14762 14904 15049 15153 15251 15315 15388 15459 15499 15548 15577 15619 15645 15663 15685 15697 15710 15711 15725 15754 15757 15759 15761 15764 15772 15775 15785 15787 15788 15788 15788 15788 15790 15792 15792 15792 15794 15794 15794 15794 15794 15794 15794 15794 15794 15794 15794 15794 15794 15794 15794 
0 0 0 0 0 0 0 32 32 32 32 34 52 69 188 198 362 413 531 689 831 1161 1363 1741 2049 2420 3017 3543 4095 4582 5424 6016 6648 7423 8110 8687 9291 9948 10494 10967 11513 11999 12417 12826 13214 13546 13831 14114 14352 14551 14713 14834 14955 15049 15203 15302 15391 15446 15518 15598 15638 15663 15684 15703 15749 15765 15786 15804 15809 15817 15823 15833 15836 15840 15841 15844 15844 15850 15850 15850 15857 15857 15857 15857 15857 15857 15857 15857 15857 15857 15857 15858 15858 15858 15858 15858 15859 15859 15859 15859 15859 15859 15859 15859 15859 15859 15859 15859 15859 15859 15859 15859 15859 15859 15859 15859 15859 15859 
0 0 0 0 0 0 0 34 34 34 34 39 54 400 409 453 531 621 803 882 1170 1423 1840 2058 2622 2930 3287 3722 4329 4835 5367 5906 6535 7210 7918 8610 9207 9826 10413 10982 11476 11992 12447 12834 13244 13636 13915 14183 14367 14551 14758 14957 15087 15219 15325 15436 15519 15589 15679 15736 15787 15815 15845 15874 15892 15903 15927 15949 15974 15980 15986 15990 15993 15993 15999 15999 16003 16006 16006 16018 16018 16020 16021 16021 16023 16023 16023 16024 16024 16024 16024 16027 16027 16027 16027 16027 16027 16027 16027 16027 16027 16027 16027 16027 16027 16027 16027 16027 
0 0 0 0 0 0 0 43 43 43 45 50 79 90 95 112 134 327 337 745 875 969 1148 1473 1604 1843 2179 2567 2926 3415 3870 4457 5017 5667 6355 7145 7857 8483 9169 9857 10416 11030 11564 12040 12502 12930 13348 13704 14039 14307 14634 14884 15037 15220 15343 15469 15613 15705 15764 15839 15892 15946 15999 16051 16080 16099 16118 16144 16169 16175 16189 16208 16221 16224 16228 16230 16238 16238 16238 16238 16238 16239 16239 16239 16239 16239 16239 16239 16244 16246 16249 16249 16251 16251 16251 16251 16251 16251 16251 16251 16251 16251 16251 16251 16251 16251 16251 16251 16251 16251 16251 16251 16251 
0 0 0 0 0 0 0 9 9 9 9 13 17 67 78 95 114 225 268 436 557 684 877 1197 1635 1946 2495 2913 3567 4096 4639 5262 6041 6662 7213 7854 8628 9248 9908 10474 10920 11460 12049 12579 12944 13336 13805 14148 14419 14706 14957 15149 15330 15477 15580 15692 15779 15876 15971 16048 16145 16194 16232 16281 16306 16332 16347 16356 16373 16388 16392 16408 16416 16425 16429 16430 16434 16435 16450 16460 16465 16465 16465 16470 16472 16475 16476 16476 16476 16476 16476 16476 16476 16476 16476 16476 16476 16476 16476 16476 16476 16476 16476 16476 16476 16476 16476 16476 16476 
0 0 0 0 0 0 0 31 31 31 33 57 108 127 149 325 342 427 444 580 668 881 1316 1640 1875 2137 2522 2909 3316 3789 4300 4784 5260 5804 6349 6863 7455 8056 8708 9273 9979 10538 11122 11602 12038 12495 12880 13248 13579 13913 14246 14549 14777 14933 15119 15292 15428 15523 15620 15725 15792 15863 15911 15939 15976 16004 16032 16053 16063 16082 16092 16110 16119 16133 16138 16159 16168 16175 16179 16185 16185 16188 16191 16197 16198 16198 16202 16202 16202 16203 16203 16203 16208 16208 16208 16208 16208 16208 16208 16208 16208 16208 16208 16208 16208 16208 16208 16208 16208 16208 16208 
0 0 0 0 0 0 0 29 29 29 31 78 95 110 111 133 174 333 387 456 555 833 1130 1420 1675 2044 2543 2944 3419 3973 4597 5046 5794 6487 7181 7960 8672 9258 9932 10524 11135 11746 12239 12707 13145 13514 13862 14144 14440 14709 14892 15069 15245 15390 15514 15592 15661 15741 15841 15904 15961 15990 16033 16072 16085 16089 16127 16141 16143 16156 16172 16175 16176 16178 16179 16179 16184 16186 16188 16189 16189 16191 16191 16191 16191 16191 16191 16192 16192 16192 16192 16192 16192 16192 16192 16192 16192 16192 16192 16192 16192 
0 0 0 0 0 0 0 22 22 22 33 38 65 67 71 98 111 136 203 249 406 501 814 944 1187 1448 1678 2348 2736 3231 3682 4349 4784 5457 6276 6886 7649 8304 9081 9775 10460 11052 11690 12148 12620 13037 13423 13823 14142 14478 14732 14959 15206 15380 15566 15726 15824 15910 16030 16132 16193 16267 16298 16327 16375 16408 16426 16437 16463 16486 16491 16492 16503 16503 16511 16512 16512 16515 16515 16515 16517 16517 16518 16518 16522 16524 16527 16529 16530 16530 16530 16530 16530 16530 16530 16530 16530 16530 16530 16530 16530 16530 16530 16530 16530 
0 0 0 0 0 0 0 37 37 37 39 80 81 94 112 130 168 255 300 550 623 785 1011 1247 1494 1855 2205 2726 3235 3814 4333 4835 5402 6194 6916 7517 8273 8855 9425 9968 10536 11078 11534 11995 12440 12814 13189 13497 13815 14127 14342 14544 14743 14898 15061 15158 15258 15334 15398 15473 15555 15616 15673 15699 15728 15753 15775 15785 15810 15824 15834 15842 15851 15856 15865 15867 15868 15870 15870 15870 15874 15876 15876 15878 15880 15881 15882 15882 15882 15882 15883 15883 15883 15883 15883 15883 15885 15885 15885 15885 15885 15885 15885 15885 15885 15885 15885 15885 15885 15885 
0 0 0 0 0 0 0 30 30 30 30 30 38 51 152 217 310 387 447 820 985 1333 1765 2085 2572 3052 3655 4289 4862 5446 6239 6888 7475 8082 8628 9269 9804 10387 10969 11483 11977 12521 12958 13362 13664 13932 14145 14416 14610 14803 14938 15154 15304 15412 15516 15596 15678 15754 15806 15851 15870 15927 15955 15985 16016 16025 16037 16041 16048 16057 16064 16065 16069 16069 16079 16087 16090 16093 16095 16097 16107 16113 16115 16115 16115 16117 16117 16117 16118 16118 16118 16118 16118 16118 16118 16118 16118 16118 16118 16118 16118 16118 16118 16118 
0 0 0 0 0 0 0 36 36 36 36 42 51 111 121 257 366 506 573 654 739 1030 1278 1613 1913 2337 2715 3336 3820 4359 4809 5380 6249 6907 7527 8302 8972 9642 10263 10833 11386 11830 12291 12708 13058 13446 13802 14059 14358 14610 14815 14999 15218 15354 15494 15570 15681 15750 15789 15888 15923 15960 15995 16058 16086 16099 16125 16141 16151 16159 16163 16165 16172 16175 16183 16183 16190 16194 16196 16197 16197 16197 16197 16199 16201 16201 16201 16205 16205 16206 16206 16206 16210 16210 16210 16211 16212 16212 16212 16212 16212 16212 16212 16212 16212 16212 16212 16212 16212 16212 16212 
0 0 0 0 0 0 0 25 25 25 46 51 64 66 72 76 96 200 274 581 666 759 920 1104 1289 1721 1877 2330 2752 3096 3665 4109 4717 5335 6063 6758 7428 8065 8704 9372 9978 10598 11051 11562 12138 12680 12980 13383 13699 14002 14298 14591 14893 15103 15290 15423 15580 15699 15787 15846 15933 15984 16035 16093 16133 16173 16194 16218 16236 16242 16255 16265 16284 16300 16301 16309 16313 16316 16317 16319 16319 16319 16325 16325 16325 16325 16327 16327 16327 16327 16327 16327 16327 16327 16327 16327 16327 16327 16327 16327 16327 16327 16327 16327 16327 16327 16329 16329 16329 16329 16329 16329 16329 16329 16329 16329 16329 16329 16329 16329 16329 16329 16329 16329 16329 16329 16329 16329 16329 16329 16329 16329 16329 
0 0 0 0 0 0 0 18 18 18 18 265 308 315 325 356 746 811 929 989 1113 1319 1588 1810 2104 2500 2891 3320 3764 4218 4682 5294 5927 6618 7249 7815 8460 9095 9769 10271 10874 11433 11896 12447 12985 13400 13748 14086 14351 14626 14800 14991 15109 15295 15461 15585 15673 15744 15801 15886 15938 15987 16031 16068 16092 16114 16143 16153 16164 16179 16198 16209 16213 16219 16221 16222 16224 16228 16236 16240 16243 16246 16246 16246 16247 16249 16250 16250 16250 16250 16251 16251 16251 16251 16251 16251 16251 16251 16251 16251 16251 16251 16251 16251 16251 16251 16251 16251 16251 
0 0 0 0 0 0 0 26 26 26 37 41 67 102 126 191 242 333 403 522 624 719 942 1293 1534 1913 2213 2614 3055 3539 4003 4560 5080 5616 6351 7064 7661 8274 8954 9578 10100 10726 11273 11773 12161 12523 12851 13186 13529 13840 14065 14298 14453 14683 14871 14993 15128 15265 15349 15452 15514 15561 15595 15622 15660 15682 15706 15721 15737 15741 15748 15760 15766 15770 15774 15780 15780 15784 15784 15788 15788 15791 15791 15793 15793 15794 15802 15802 15802 15802 15802 15802 15802 15802 15802 15802 15802 15802 15802 15802 15802 15802 15802 15802 15802 15802 15802 15802 15802 15802 15802 15802 15802 15802 
0 0 0 0 0 0 0 16 16 16 18 18 51 105 174 217 259 368 469 647 749 1047 1341 1698 2179 2714 3126 3660 4228 4722 5248 5860 6441 7214 7871 8547 9159 9958 10533 11063 11588 12079 12555 13043 13458 13808 14243 14511 14759 15005 15201 15365 15502 15642 15732 15805 15869 15925 15977 16035 16070 16099 16138 16154 16171 16188 16204 16232 16255 16273 16278 16294 16297 16300 16302 16308 16316 16316 16317 16317 16317 16319 16322 16322 16322 16324 16324 16326 16326 16326 16326 16326 16326 16326 16326 16326 16326 16326 16326 16326 16326 16326 16326 16326 16326 16326 16326 16326 16326 16326 
0 0 0 0 0 0 0 20 20 20 22 50 124 126 135 153 243 464 564 669 813 1025 1382 1652 1901 2294 2753 3242 3797 4359 4894 5484 6184 6712 7264 7912 8441 9019 9633 10226 10766 11218 11789 12178 12616 12933 13310 13645 13904 14143 14330 14502 14648 14814 14936 15084 15170 15262 15328 15408 15476 15526 15554 15601 15640 15664 15683 15707 15723 15731 15743 15759 15770 15777 15780 15787 15790 15790 15790 15791 15799 15799 15799 15799 15799 15799 15799 15799 15799 15799 15799 15799 15799 15799 15799 15799 15799 15799 15799 15799 15799 15799 
0 0 0 0 0 0 0 25 25 25 34 79 95 111 140 279 478 587 779 996 1130 1381 1667 2064 2414 2820 3262 3629 4385 4928 5557 6218 6934 7616 8323 9091 9699 10336 10840 11408 11872 12375 12755 13122 13423 13754 14067 14351 14589 14769 14943 15112 15276 15379 15455 15543 15595 15650 15721 15773 15799 15828 15858 15881 15918 15926 15940 15961 15979 15984 15989 15998 16005 16008 16009 16012 16018 16021 16024 16024 16024 16024 16025 16026 16026 16026 16027 16027 16027 16027 16027 16027 16027 16027 16027 16027 16027 16027 16027 16027 16027 16027 16027 16027 16027 16027 16027 16027 16027 16027 16027 16027 16027 16027 
0 0 0 0 0 0 0 44 44 44 55 93 132 142 154 202 230 371 451 501 698 876 1110 1498 1742 2112 2519 3130 3690 4275 4940 5546 6116 6705 7444 8137 8822 9586 10254 10849 11379 11888 12354 12838 13225 13605 13988 14261 14618 14902 15129 15290 15485 15636 15757 15859 15934 16009 16068 16110 16155 16189 16212 16229 16258 16284 16310 16331 16345 16365 16377 16388 16401 16409 16411 16422 16423 16428 16432 16432 16432 16432 16435 16435 16435 16435 16436 16436 16436 16436 16436 16436 16436 16436 16436 16436 16436 16436 16436 16436 16436 16436 16436 16436 
0 0 0 0 0 0 0 52 52 52 52 65 74 86 119 132 189 358 432 471 632 795 971 1127 1379 1752 2022 2494 2883 3370 3905 4318 5107 5722 6402 6981 7761 8414 9087 9707 10260 10770 11327 11834 12278 12680 13107 13431 13749 14009 14278 14557 14734 14874 15028 15168 15297 15392 15459 15540 15582 15628 15684 15730 15759 15803 15831 15846 15862 15873 15897 15925 15942 15946 15948 15951 15954 15955 15964 15966 15966 15966 15966 15972 15972 15976 15976 15976 15978 15978 15980 15980 15983 15983 15983 15983 15983 15983 15983 15983 15983 15983 15983 15983 15983 15983 15983 15983 15983 15983 15983 15983 15983 15983 15983 15983 15983 15983 15983 15983 15983 15983 15983 15983 15983 15983 
0 0 0 0 0 0 0 14 14 14 14 26 45 109 114 167 203 290 460 527 629 1377 1543 1815 2235 2752 3281 3751 4248 4627 5219 5945 6550 7265 7963 8765 9405 9936 10563 11133 11630 12112 12589 13069 13589 13926 14240 14533 14843 15051 15224 15427 15591 15718 15873 15984 16120 16197 16282 16334 16370 16401 16429 16463 16485 16519 16528 16549 16569 16581 16593 16601 16618 16618 16620 16624 16626 16626 16626 16630 16630 16630 16630 16631 16631 16638 16638 16638 16638 16638 16638 16638 16638 16638 16638 16638 16638 16638 16638 16638 16638 16638 16638 16638 16638 
0 0 0 0 0 0 0 25 25 25 29 78 84 121 123 187 220 247 297 349 544 704 864 1030 1336 1693 2073 2511 3003 3561 4209 4942 5532 6251 6984 7602 8285 8900 9661 10305 10848 11382 11852 12321 12676 13068 13449 13775 14064 14330 14550 14717 14902 15045 15222 15316 15445 15522 15604 15664 15701 15732 15759 15798 15821 15846 15869 15899 15910 15916 15926 15942 15944 15949 15955 15957 15966 15975 15976 15976 15976 15976 15976 15982 15982 15982 15982 15982 15982 15982 15982 15982 15982 15982 15982 15982 15982 15982 15982 15982 15982 15982 15982 15982 15982 15982 
0 0 0 0 0 0 0 20 20 20 37 43 96 107 121 153 170 260 335 392 540 740 910 1241 1495 1770 2028 2448 2845 3389 3903 4469 5019 5719 6376 7226 7925 8578 9227 9887 10489 11068 11644 12128 12503 12847 13248 13594 13828 14122 14347 14572 14762 14950 15097 15197 15308 15406 15459 15516 15553 15595 15625 15652 15674 15697 15726 15736 15758 15779 15789 15791 15798 15798 15802 15813 15823 15823 15826 15826 15828 15828 15828 15828 15828 15828 15828 15828 15828 15828 15828 15828 15828 15828 15828 15828 15828 15828 15828 15829 15829 15829 15829 15829 15829 
0 0 0 0 0 0 0 32 32 32 49 50 113 127 151 239 369 505 618 887 1106 1421 1725 2002 2376 2833 3326 3877 4372 4956 5650 6232 6910 7547 8240 8900 9528 10148 10698 11186 11703 12189 12616 13009 13341 13666 13901 14226 14454 14622 14777 14947 15089 15179 15271 15341 15384 15454 15495 15566 15605 15628 15656 15672 15695 15706 15730 15751 15754 15760 15769 15783 15793 15801 15804 15805 15805 15808 15812 15813 15813 15818 15818 15818 15818 15818 15818 15818 15818 15818 15818 15818 15818 15818 15818 15818 15818 15818 15818 15818 15818 
