0 0 0 0 0 0 0 31 31 31 34 35 51 74 86 104 192 259 279 339 558 793 980 1247 1442 1777 2186 2602 3077 3664 4185 4842 5426 5864 6479 7040 7644 8324 8783 9368 9900 10385 10823 11253 11598 11927 12238 12464 12755 12956 13129 13260 13362 13525 13624 13721 13792 13847 13891 13914 13936 13995 14020 14050 14077 14093 14110 14119 14123 14124 14139 14139 14142 14142 14147 14151 14154 14156 14163 14173 14173 14173 14173 14173 14173 14173 14173 14173 14174 14174 14174 14174 14174 14174 14174 14174 14174 14174 14174 
0 0 0 0 0 0 0 23 23 23 27 57 115 153 167 194 560 677 813 1052 1266 1511 1884 2523 3033 3501 4271 4754 5350 5935 6585 7095 7636 8209 8845 9314 9872 10291 10700 11080 11454 11842 12174 12444 12757 13010 13217 13405 13530 13663 13754 13844 13982 14036 14125 14176 14205 14235 14269 14301 14325 14353 14378 14400 14406 14413 14419 14427 14459 14464 14470 14470 14474 14478 14479 14479 14479 14480 14480 14480 14481 14482 14482 14486 14486 14487 14487 14488 14488 14488 14488 14488 14488 14488 14488 14488 14488 14488 14488 14488 14488 14488 
0 0 0 0 0 0 0 28 28 28 28 43 72 73 86 110 191 222 271 334 479 650 942 1354 1666 2020 2433 2918 3367 3821 4365 4867 5538 6220 7027 7620 8168 8813 9349 9881 10344 10794 11239 11747 11990 12311 12604 12854 13008 13194 13376 13534 13651 13750 13871 13968 14032 14081 14114 14139 14182 14208 14225 14236 14266 14280 14291 14305 14309 14313 14321 14328 14341 14347 14354 14358 14360 14363 14364 14366 14367 14367 14370 14370 14372 14372 14372 14373 14373 14373 14373 14373 14374 14374 14374 14374 14374 14374 14374 14374 14374 14374 14374 14374 14374 14374 14374 14374 14374 14374 14375 
0 0 0 0 0 0 0 16 16 16 21 31 39 55 57 68 130 184 531 831 989 1098 1317 1475 1719 2059 2567 3122 3745 4162 4688 5319 5875 6575 7118 7718 8297 8876 9415 9893 10418 10864 11292 11598 11894 12228 12528 12738 12920 13113 13304 13452 13581 13683 13810 13903 13965 14042 14093 14128 14164 14191 14209 14234 14242 14270 14284 14290 14296 14299 14306 14316 14318 14320 14322 14323 14324 14324 14324 14324 14326 14336 14336 14336 14336 14338 14342 14342 14342 14342 14342 14342 14342 14342 14342 14342 14342 14342 14342 14342 14342 14342 14342 14342 14342 
0 0 0 0 0 0 0 30 30 30 30 37 66 69 79 101 184 226 276 453 806 1027 1360 1741 2353 2667 3110 3449 3925 4540 5100 5760 6383 6873 7605 8195 8633 9067 9679 10101 10521 10977 11368 11763 12074 12316 12540 12761 12988 13225 13373 13490 13626 13761 13837 13925 13982 14046 14092 14111 14133 14169 14185 14201 14211 14234 14236 14239 14244 14248 14252 14252 14252 14253 14255 14256 14256 14257 14257 14257 14257 14257 14257 14258 14258 14259 14259 14259 14259 14259 14259 14259 14259 14259 14259 14259 14262 14262 14266 14266 14266 14266 14266 14266 14266 14266 14266 14266 14266 14266 
0 0 0 0 0 0 0 22 22 22 25 37 43 48 55 58 71 84 168 197 276 332 516 1033 1131 1504 1659 2000 2254 2485 2830 3390 3716 4278 5054 5797 6348 6892 7429 7918 8463 8953 9432 9797 10227 10681 11011 11336 11617 11891 12145 12382 12553 12716 12816 12937 13036 13145 13228 13279 13340 13392 13426 13445 13461 13465 13489 13502 13524 13529 13542 13551 13563 13576 13585 13598 13599 13599 13605 13605 13605 13605 13605 13606 13608 13610 13610 13610 13610 13610 13610 13610 13611 13612 13612 13612 13612 13612 13612 13612 13612 13612 13612 13612 13612 
0 0 0 0 0 0 0 12 12 12 14 49 63 67 73 92 141 215 259 1045 1237 1395 1599 1945 2127 2481 2766 3064 3592 4007 4503 5115 5639 6128 6652 7280 7876 8435 8921 9466 9889 10314 10686 11011 11414 11721 11996 12196 12357 12567 12734 12867 12994 13116 13252 13361 13416 13483 13524 13577 13607 13642 13659 13674 13691 13705 13719 13725 13732 13738 13744 13751 13763 13764 13774 13775 13776 13778 13779 13786 13786 13789 13789 13789 13791 13792 13792 13792 13792 13792 13792 13792 13792 13792 13792 13792 13792 13792 13792 13792 13792 13792 13792 13792 13792 13792 
0 0 0 0 0 0 0 97 97 97 115 125 152 174 202 308 380 469 508 671 946 1243 1608 1953 2310 2660 3038 3500 4044 4527 5016 5555 6054 6610 7211 7783 8250 8719 9187 9701 10209 10754 11137 11593 11895 12179 12396 12603 12754 12923 13101 13218 13340 13425 13532 13605 13663 13712 13768 13807 13840 13875 13899 13917 13938 13941 13944 13952 13959 13964 13967 13971 13973 13975 13975 13979 13981 13981 13986 13986 13990 13991 13992 13992 13994 13994 13994 13994 13994 13994 13994 13994 13994 13994 13996 13998 13998 13998 13998 13998 13998 
0 0 0 0 0 0 0 8 8 8 14 25 129 149 211 237 270 418 480 544 755 965 1275 1731 2005 2352 2792 3376 3742 4254 4870 5483 6036 6684 7164 7799 8336 8775 9321 9701 10124 10510 10895 11247 11473 11739 12024 12237 12413 12575 12712 12851 12958 13048 13137 13210 13296 13355 13390 13427 13468 13514 13541 13551 13573 13581 13587 13598 13600 13604 13604 13606 13606 13608 13609 13609 13609 13609 13609 13611 13615 13616 13616 13616 13617 13617 13619 13619 13619 13619 13620 13620 13620 13620 13620 13620 13620 13620 13620 13620 13620 13620 13620 13620 13620 13620 13620 13620 13620 13620 13620 13620 13620 13620 13620 13620 13620 13620 13620 13620 13620 13620 
0 0 0 0 0 0 0 22 22 22 177 180 185 238 246 254 289 650 676 822 957 1156 1405 1643 1914 2277 2685 3215 3580 3978 4390 5003 5669 6214 6702 7296 7800 8476 9097 9623 9994 10394 10767 11083 11406 11748 12049 12277 12480 12646 12790 12969 13051 13145 13250 13339 13410 13454 13494 13534 13577 13610 13618 13635 13663 13692 13709 13724 13732 13738 13742 13749 13752 13763 13764 13765 13775 13776 13778 13778 13779 13780 13780 13781 13781 13781 13781 13781 13781 13781 13781 13781 13781 13781 13781 13781 13781 13781 13781 13781 13781 13781 13781 13781 
0 0 0 0 0 0 0 26 26 26 41 68 223 239 250 285 382 403 457 538 697 810 1105 1399 1775 1963 2608 2992 3352 3988 4517 4996 5673 6252 6864 7477 8153 8664 9161 9662 10170 10645 11176 11583 11987 12262 12589 12830 13075 13265 13498 13664 13780 13909 13984 14077 14150 14200 14259 14316 14356 14394 14415 14428 14440 14462 14471 14479 14485 14491 14498 14504 14513 14523 14523 14526 14526 14526 14527 14528 14528 14528 14529 14529 14529 14529 14529 14529 14530 14530 14530 14530 14530 14530 14530 14530 14530 14530 14530 14530 14530 14530 14530 14530 14530 14530 14530 14530 14530 
0 0 0 0 0 0 0 10 10 10 45 68 120 133 171 197 247 341 415 498 571 660 830 999 1274 1490 1867 2206 2727 3169 3765 4257 4741 5387 5918 6501 7045 7709 8195 8716 9289 9672 10091 10530 10816 11225 11631 11852 12124 12363 12538 12730 12872 12977 13102 13176 13237 13296 13337 13387 13424 13454 13479 13507 13518 13535 13568 13570 13597 13600 13609 13610 13617 13619 13621 13621 13621 13627 13628 13628 13630 13631 13631 13632 13633 13633 13633 13633 13633 13633 13634 13634 13634 13634 13637 13637 13637 13637 13637 13637 13637 13637 13637 13637 13637 13637 13637 13637 13637 13637 13637 13637 13637 13637 13637 13637 13637 13637 13637 
0 0 0 0 0 0 0 42 42 42 51 56 63 109 139 222 275 393 428 541 647 1020 1290 1621 1871 2237 2560 3006 3515 4020 4614 5124 5699 6266 6885 7473 7928 8524 8983 9493 9919 10250 10731 11050 11401 11680 11879 12121 12311 12448 12598 12755 12871 12982 13084 13134 13233 13300 13370 13408 13440 13491 13520 13547 13563 13580 13587 13592 13601 13615 13622 13631 13640 13643 13644 13645 13645 13645 13645 13650 13651 13652 13653 13656 13656 13656 13656 13656 13656 13656 13656 13656 13656 13656 13656 13656 13657 13657 13657 13657 13657 13657 13657 13657 
0 0 0 0 0 0 0 30 30 30 36 51 61 73 81 480 558 645 756 883 1065 1204 1423 1840 2074 2471 2894 3230 3609 4113 4631 5166 5865 6395 7030 7618 8275 8759 9236 9713 10192 10516 10849 11194 11533 11849 12098 12292 12517 12680 12813 12943 13029 13151 13204 13274 13341 13387 13423 13452 13499 13511 13540 13545 13559 13577 13586 13590 13593 13607 13617 13624 13631 13647 13655 13655 13657 13658 13662 13662 13664 13665 13665 13671 13672 13672 13673 13673 13675 13676 13676 13676 13676 13676 13676 13676 13676 13676 13676 13676 13676 13676 13676 13676 13676 13676 13676 
0 0 0 0 0 0 0 18 18 18 19 22 35 45 68 82 167 257 298 552 677 818 1006 1312 1521 1952 2448 2983 3395 3928 4538 5192 5930 6610 7264 7903 8418 8955 9520 9964 10482 10911 11258 11573 11807 12070 12289 12487 12645 12889 13052 13173 13282 13409 13487 13560 13594 13641 13674 13705 13727 13753 13783 13804 13819 13832 13852 13859 13865 13868 13884 13886 13886 13889 13891 13891 13896 13899 13908 13909 13910 13910 13912 13912 13912 13912 13912 13912 13912 13912 13912 13912 13912 13912 13912 13912 13912 13912 13912 13912 13912 13912 13912 13912 13912 13912 13912 13912 
0 0 0 0 0 0 0 33 33 33 34 36 46 128 177 232 276 325 444 631 939 1272 1422 1736 2140 2601 3073 3472 4009 4577 5122 5754 6406 7045 7588 8174 8704 9309 9748 10199 10540 11012 11442 11764 12083 12426 12702 12923 13096 13233 13407 13506 13625 13777 13869 13944 13979 14054 14116 14141 14178 14196 14217 14244 14266 14278 14283 14293 14300 14317 14321 14339 14341 14343 14347 14347 14347 14347 14347 14351 14353 14354 14357 14358 14358 14358 14358 14362 14362 14363 14363 14363 14363 14363 14363 14363 14363 14363 14363 14363 14363 14363 14363 14363 14363 14363 14363 14363 14363 14363 14363 14363 14363 14363 14363 14363 14363 14363 14363 14363 14363 14363 14363 14363 
0 0 0 0 0 0 0 54 54 54 54 92 111 205 232 267 350 398 454 506 564 815 1009 1216 1469 1703 2141 2551 3162 3491 4074 4522 5153 5901 6502 7039 7632 8186 8760 9226 9707 10188 10564 11004 11452 11786 12080 12366 12574 12790 12978 13128 13269 13384 13443 13532 13600 13684 13743 13793 13849 13869 13895 13930 13954 13980 13999 14013 14015 14023 14028 14032 14036 14037 14039 14043 14046 14050 14053 14059 14063 14063 14065 14067 14068 14068 14068 14071 14071 14071 14073 14073 14073 14073 14073 14075 14076 14076 14076 14076 14076 14076 14076 14076 14076 14076 14076 14076 14079 14079 14079 14079 14079 14079 14079 14079 14079 14079 14079 14079 14079 14079 
0 0 0 0 0 0 0 42 42 42 42 49 60 64 89 93 219 276 309 382 494 652 766 905 1164 1356 1724 2019 2579 2856 3315 3647 3979 4861 5290 5883 6521 7129 7563 8177 8813 9387 9836 10310 10752 11167 11499 11812 12060 12223 12443 12655 12788 12922 13063 13147 13234 13320 13401 13460 13515 13544 13589 13636 13654 13676 13686 13704 13718 13729 13740 13746 13749 13758 13773 13776 13777 13779 13779 13780 13780 13781 13781 13781 13781 13781 13783 13785 13785 13785 13785 13785 13785 13785 13785 13785 
0 0 0 0 0 0 0 6 6 6 12 17 32 123 137 166 237 293 332 412 565 951 1078 1443 1691 2066 2378 2796 3190 3765 4310 4979 5574 6126 6734 7381 8173 8711 9268 9761 10280 10727 11154 11490 11853 12175 12479 12662 12904 13076 13254 13400 13536 13668 13766 13852 13913 13962 13989 14010 14034 14066 14089 14119 14135 14148 14168 14176 14176 14180 14183 14189 14190 14201 14202 14202 14203 14205 14205 14205 14205 14205 14205 14205 14205 14205 14205 14205 14205 14205 14205 14205 14205 14205 14205 14205 14205 14205 14205 14205 14205 14205 14205 14205 14205 14205 14205 14205 14205 14205 14205 14205 14205 14205 14205 
0 0 0 0 0 0 0 17 17 17 17 20 48 100 113 189 251 517 591 668 785 877 1132 1437 1755 2051 2335 2747 3231 3805 4414 4943 5511 5968 6424 7154 7667 8136 8645 9039 9487 9840 10243 10672 11011 11289 11569 11797 11993 12151 12289 12405 12528 12603 12694 12808 12856 12918 12995 13030 13058 13088 13098 13110 13131 13146 13165 13170 13175 13181 13186 13197 13197 13199 13201 13201 13201 13202 13202 13202 13204 13204 13204 13204 13204 13207 13207 13207 13207 13207 13207 13207 13207 13207 13207 13207 13207 13207 13207 13207 13207 13207 13207 13207 13207 13207 13207 
0 0 0 0 0 0 0 35 35 35 42 44 96 119 134 165 246 346 441 476 564 895 1174 1490 1805 2263 2706 3243 3702 4351 4930 5377 5960 6490 7086 7632 8111 8637 9180 9644 10137 10549 11001 11286 11551 11796 12031 12249 12466 12712 12832 13020 13123 13252 13307 13388 13431 13492 13545 13589 13624 13639 13647 13657 13672 13678 13680 13690 13701 13707 13716 13720 13725 13728 13733 13733 13738 13738 13739 13739 13739 13740 13740 13740 13740 13740 13740 13740 13740 13740 13740 13740 13740 13740 13740 13740 13740 13740 13740 13740 13740 13740 13740 13740 13740 13740 13740 13740 13740 13740 13740 13740 13740 13740 13740 13740 
0 0 0 0 0 0 0 9 9 9 17 27 37 124 140 174 215 278 450 784 947 1230 1634 1929 2383 2959 3326 3721 4221 4852 5365 5883 6386 7014 7646 8165 8696 9276 9869 10365 10752 11087 11481 11762 12092 12462 12668 12914 13153 13386 13532 13666 13774 13866 13970 14046 14107 14170 14211 14256 14293 14313 14337 14369 14392 14398 14404 14417 14420 14425 14437 14442 14448 14452 14453 14454 14455 14456 14456 14460 14460 14461 14464 14464 14464 14464 14464 14464 14464 14464 14464 14464 14465 14465 14465 14465 14465 14465 14465 14465 14465 14465 
0 0 0 0 0 0 0 46 46 46 46 158 162 195 228 621 642 726 848 920 1115 1323 1644 1927 2641 3070 3436 4125 4681 5307 5926 6786 7222 7666 8276 8864 9556 10048 10646 11076 11508 11929 12447 12729 12944 13195 13425 13631 13825 13970 14143 14260 14350 14445 14552 14653 14708 14778 14846 14872 14907 14933 14960 14977 14989 14999 15007 15009 15012 15016 15017 15019 15020 15020 15024 15025 15026 15026 15026 15029 15029 15029 15029 15029 15029 15029 15029 15029 15029 15029 15029 15029 15029 15029 15030 15030 15030 15030 15030 15030 15030 15030 15030 15030 15030 15030 15030 15030 15030 15030 15030 15030 15030 
0 0 0 0 0 0 0 20 20 20 20 23 35 82 124 132 155 201 281 493 554 725 1067 1218 1513 1945 2399 2848 3266 3721 4185 4681 5176 5888 6509 7076 7750 8398 8934 9427 9887 10354 10718 11085 11409 11740 11980 12187 12400 12604 12757 12908 13017 13088 13180 13234 13321 13364 13395 13434 13452 13470 13495 13515 13520 13540 13557 13565 13568 13573 13581 13583 13586 13588 13593 13594 13597 13602 13602 13603 13605 13605 13605 13605 13605 13605 13607 13607 13607 13607 13607 13610 13610 13610 13610 13610 13610 13610 
0 0 0 0 0 0 0 19 19 19 19 33 87 100 107 193 343 440 626 687 809 898 1035 1237 1471 1792 2112 2501 2947 3364 3902 4460 4879 5400 5923 6501 7040 7692 8278 8777 9347 9842 10246 10662 11010 11363 11669 11962 12138 12352 12551 12776 12885 13005 13089 13175 13234 13304 13387 13456 13497 13516 13539 13555 13587 13602 13614 13630 13655 13657 13666 13668 13673 13684 13685 13693 13695 13700 13703 13704 13704 13705 13706 13713 13714 13714 13714 13714 13714 13714 13714 13716 13716 13716 13716 13716 13716 13716 13716 13716 13716 13716 13716 13716 13716 13716 13716 13716 13716 13716 13716 13716 13716 
0 0 0 0 0 0 0 45 45 45 48 57 60 70 86 101 127 170 234 512 673 899 1082 1199 1369 1741 2119 2475 2811 3257 3714 4219 4706 5200 5818 6583 7003 7589 8266 8785 9352 9881 10297 10681 11033 11436 11782 12069 12309 12517 12710 12908 13078 13195 13307 13404 13489 13547 13612 13656 13709 13760 13801 13830 13862 13878 13909 13936 13955 13960 13968 13969 13970 13971 13985 13986 13988 13991 13992 13995 13997 13997 13998 13999 13999 13999 14002 14004 14007 14007 14008 14008 14008 14008 14008 14008 14008 14008 14008 14008 14008 14008 14008 14013 14013 14013 14013 14013 14013 14013 14013 
0 0 0 0 0 0 0 29 29 29 74 78 94 99 141 163 221 311 370 449 580 807 1024 1187 1556 1798 2227 2689 3212 3841 4335 5017 5642 6355 6975 7601 8142 8652 9115 9525 10008 10484 10864 11220 11548 11813 12113 12337 12555 12702 12830 12967 13098 13230 13325 13423 13476 13527 13581 13620 13648 13668 13693 13701 13717 13722 13727 13735 13747 13753 13755 13755 13760 13770 13770 13770 13777 13777 13780 13784 13784 13784 13786 13786 13786 13786 13786 13786 13786 13786 13786 13786 13786 13786 13786 13786 13786 13786 13786 
0 0 0 0 0 0 0 31 31 31 33 34 52 68 104 121 204 242 342 393 549 674 848 1025 1342 1710 2008 2391 2903 3357 3811 4324 4909 5580 6085 6625 7328 7945 8508 8987 9473 10012 10402 10749 11095 11507 11809 12051 12275 12485 12684 12839 12987 13116 13197 13270 13367 13428 13503 13553 13599 13624 13645 13671 13680 13699 13708 13719 13726 13731 13743 13744 13752 13757 13762 13766 13768 13770 13770 13773 13773 13780 13780 13781 13781 13781 13781 13781 13781 13781 13781 13781 13781 13781 13781 13781 13781 13781 13781 13781 13781 13781 13781 13781 13781 13781 13781 13781 13781 13781 13781 13781 13781 13781 13781 13781 13781 13781 13781 13781 13781 13781 13783 13783 13783 13783 
0 0 0 0 0 0 0 21 21 21 21 21 108 111 154 192 303 474 649 745 885 1124 1598 1858 2190 2714 3210 3557 4107 4581 5258 5706 6480 7086 7583 8214 8789 9175 9725 10245 10599 11075 11467 11809 12122 12374 12556 12792 12949 13103 13270 13367 13460 13540 13619 13691 13737 13787 13817 13843 13875 13885 13907 13935 13941 13943 13959 13970 13971 13979 13981 13985 13985 13986 13990 13990 13992 13994 13997 13999 13999 14001 14001 14001 14001 14001 14001 14001 14001 14001 14001 14001 14001 
0 0 0 0 0 0 0 32 32 32 38 43 90 124 126 132 183 209 221 530 564 825 967 1333 1591 1791 2176 2441 2876 3317 3692 4185 4719 5248 5827 6416 7062 7584 8093 8664 9143 9561 10010 10422 10758 11139 11495 11811 12097 12353 12538 12740 12911 13112 13296 13401 13511 13621 13670 13719 13754 13797 13850 13890 13910 13929 13962 13970 13990 13999 14011 14014 14016 14022 14030 14034 14036 14043 14044 14046 14047 14047 14047 14049 14049 14049 14049 14052 14053 14053 14053 14053 14053 14058 14058 14059 14059 14059 14059 14059 14059 14059 14059 14059 14059 14059 14059 14059 14059 
0 0 0 0 0 0 0 28 28 28 51 81 90 101 122 398 710 859 996 1117 1239 1437 1670 2106 2334 2785 3191 3536 4178 4703 5289 5921 6449 6939 7568 8065 8657 9161 9573 9948 10493 10842 11239 11527 11791 12101 12297 12500 12657 12802 12944 13058 13141 13248 13318 13376 13441 13493 13576 13607 13645 13673 13706 13726 13741 13759 13766 13791 13798 13804 13815 13829 13833 13836 13836 13837 13838 13838 13845 13847 13847 13853 13853 13853 13853 13853 13853 13853 13853 13853 13853 13853 13853 13853 13853 13853 13853 13853 13853 13853 13853 13853 13853 13856 13856 13856 13856 
0 0 0 0 0 0 0 17 17 17 17 33 50 73 77 125 263 375 516 666 827 1000 1457 1754 2237 2723 3053 3638 4130 4721 5173 5769 6422 7029 7633 8135 8763 9401 10033 10504 10919 11295 11661 12117 12475 12755 12986 13248 13396 13612 13773 13906 14000 14095 14177 14251 14315 14385 14422 14477 14504 14535 14567 14589 14604 14613 14624 14634 14634 14637 14640 14646 14647 14647 14647 14648 14650 14650 14651 14651 14651 14651 14651 14651 14651 14651 14652 14652 14652 14652 14652 14652 14652 14652 14652 14652 14652 14652 14652 14652 14652 14652 14652 14652 14652 14652 14652 14652 14652 14652 14652 14652 14652 14652 14652 14652 14652 
0 0 0 0 0 0 0 17 17 17 24 31 36 52 122 152 191 231 274 410 543 793 969 1194 1359 1710 2150 2571 3159 3583 4255 4937 5501 6029 6576 7126 7612 8199 8637 9059 9590 10050 10387 10754 11098 11324 11568 11760 11945 12089 12220 12328 12444 12536 12612 12724 12794 12847 12900 12952 12967 12978 13010 13037 13058 13078 13108 13119 13129 13133 13138 13140 13144 13146 13146 13146 13148 13149 13150 13150 13150 13150 13150 13151 13151 13151 13151 13151 13151 13151 13151 13151 13151 13151 13151 13151 13151 13151 13151 13152 13152 13152 13152 13152 13152 13152 13152 13152 13152 13152 13152 13152 13152 
0 0 0 0 0 0 0 27 27 27 28 42 47 50 64 114 161 297 347 397 575 757 940 1276 1627 2007 2443 3034 3582 4095 4576 5304 5902 6607 7177 7733 8198 8772 9344 9821 10358 10813 11203 11573 11917 12186 12371 12603 12738 12866 13020 13165 13245 13338 13409 13459 13517 13569 13598 13634 13680 13699 13705 13719 13733 13739 13742 13757 13764 13764 13770 13773 13773 13773 13774 13774 13776 13776 13776 13776 13778 13778 13778 13778 13778 13778 13778 13778 13778 13778 13778 13778 13778 13778 13778 13778 13778 13778 13778 13778 13778 13778 13778 
0 0 0 0 0 0 0 33 33 33 33 60 74 103 110 138 174 266 359 508 774 901 1093 1370 1648 2032 2641 3083 3637 4312 4860 5428 6014 6585 7141 7699 8231 8810 9371 9917 10321 10769 11131 11414 11718 11994 12236 12447 12608 12766 12916 13055 13157 13276 13377 13442 13513 13555 13600 13650 13690 13713 13728 13733 13760 13763 13773 13784 13790 13796 13810 13812 13820 13820 13821 13823 13827 13827 13829 13832 13832 13832 13832 13832 13832 13832 13832 13832 13832 13832 13832 13834 13834 13835 13835 13835 13835 13835 13835 13835 13835 13835 13835 13835 13835 13835 13835 13835 13835 13835 13835 13835 13835 
0 0 0 0 0 0 0 15 15 15 15 21 44 93 98 279 364 486 1114 1238 1514 1763 1930 2065 2272 2674 2956 3210 3675 4170 4826 5179 5708 6222 6808 7380 7893 8412 8813 9328 9761 10113 10553 10982 11248 11507 11797 12053 12243 12451 12609 12782 12891 12999 13098 13186 13267 13345 13396 13424 13469 13556 13580 13600 13623 13638 13649 13682 13690 13700 13706 13711 13716 13719 13725 13727 13727 13729 13729 13730 13730 13731 13731 13731 13731 13742 13742 13742 13742 13742 13742 13742 13744 13744 13744 13744 13744 13744 13744 13744 13744 13744 
0 0 0 0 0 0 0 24 24 24 24 35 38 48 55 75 102 192 234 268 383 584 757 1002 1395 1845 2137 2565 3257 3719 4210 4604 5329 5905 6452 7022 7650 8173 8766 9296 9758 10213 10676 11166 11567 11966 12209 12432 12680 12854 13038 13200 13327 13474 13582 13646 13734 13810 13843 13881 13921 13949 13967 13984 13990 14012 14026 14050 14063 14064 14067 14082 14091 14099 14100 14100 14100 14100 14101 14104 14104 14104 14104 14105 14105 14106 14106 14110 14111 14111 14111 14111 14113 14113 14113 14113 14113 14113 14113 14113 14113 14113 14113 14113 14113 14113 14113 14113 14113 14113 14113 
0 0 0 0 0 0 0 29 29 29 35 80 99 193 209 350 425 477 520 895 1058 1201 1521 1839 2014 2244 2658 3125 3433 4013 4503 5050 5538 6100 6712 7312 7982 8489 8931 9415 9837 10235 10665 11115 11441 11787 12066 12320 12509 12724 12948 13131 13256 13354 13459 13506 13572 13627 13683 13717 13779 13832 13857 13874 13892 13910 13927 13942 13955 13963 13966 13966 13967 13973 13974 13982 13982 13984 13984 13989 13995 13995 14004 14004 14004 14004 14004 14005 14005 14005 14005 14005 14005 14006 14006 14006 14006 14006 14006 14006 14006 14006 14006 14006 14006 14006 
0 0 0 0 0 0 0 31 31 31 31 38 86 88 104 117 184 393 438 482 674 843 995 1387 1549 1865 2178 2693 3170 3672 4315 4876 5477 6097 6748 7423 7938 8502 9048 9519 9969 10381 10785 11131 11378 11651 11909 12170 12413 12620 12845 13071 13162 13282 13385 13421 13496 13545 13593 13623 13674 13699 13709 13738 13749 13761 13779 13790 13803 13816 13819 13820 13821 13821 13821 13821 13821 13824 13824 13824 13826 13826 13826 13826 13826 13826 13826 13826 13826 13826 13826 13826 13826 13826 13826 13826 13826 13826 13826 13826 13826 13826 13826 13826 13826 
0 0 0 0 0 0 0 28 28 28 46 47 63 94 101 137 225 352 494 630 923 1275 1492 1865 2194 2629 3136 3672 4083 4680 5147 5736 6491 6944 7467 8034 8503 8895 9360 9758 10101 10454 10789 11119 11326 11586 11831 12027 12199 12355 12475 12562 12645 12716 12814 12855 12897 12944 12982 13006 13031 13056 13073 13086 13101 13115 13129 13136 13144 13147 13156 13156 13156 13157 13159 13162 13162 13165 13168 13168 13168 13168 13168 13168 13168 13168 13170 13170 13170 13170 13170 13170 13170 13170 13170 13170 13170 13170 13170 13170 13170 13170 13170 
0 0 0 0 0 0 0 36 36 36 36 37 52 67 77 96 211 337 422 504 812 1284 1547 1877 2165 2467 3006 3488 3904 4465 5135 5687 6192 6842 7349 7827 8336 8804 9310 9789 10315 10667 10977 11283 11575 11799 11976 12137 12251 12383 12518 12621 12720 12788 12888 12953 12989 13054 13111 13143 13170 13194 13204 13213 13220 13247 13258 13261 13266 13268 13273 13273 13275 13281 13282 13282 13284 13284 13284 13284 13284 13284 13284 13284 13284 13284 13284 13284 13284 13284 13284 13285 13285 13285 13285 13285 13285 13285 13285 13285 13285 13285 13285 13285 13285 13285 13285 
0 0 0 0 0 0 0 22 22 22 22 29 40 43 61 69 81 108 148 191 233 361 588 773 1279 1430 1848 2268 2682 3069 3671 4063 4717 5246 5885 6528 7106 7616 8088 8464 9021 9451 9783 10146 10494 10771 11062 11314 11578 11759 11976 12111 12231 12320 12409 12537 12593 12667 12733 12784 12824 12839 12893 12920 12940 12951 12977 12991 12993 13002 13009 13009 13011 13012 13014 13021 13023 13024 13025 13025 13025 13025 13027 13027 13027 13027 13027 13027 13029 13029 13030 13030 13031 13031 13031 13031 13031 13031 13031 13031 13031 13031 13031 13031 13031 13031 13031 
0 0 0 0 0 0 0 19 19 19 22 33 42 52 88 91 143 257 324 372 640 789 1013 1151 1423 1851 2271 2640 2985 3528 4049 4505 5217 5732 6304 6883 7465 8002 8566 9092 9670 10110 10507 10956 11287 11614 11966 12258 12484 12659 12811 12973 13128 13228 13285 13360 13429 13482 13516 13581 13638 13669 13688 13721 13741 13760 13777 13791 13801 13810 13814 13816 13821 13837 13839 13842 13850 13852 13852 13856 13857 13858 13859 13859 13859 13859 13859 13859 13859 13859 13859 13859 13859 13859 13859 13859 13859 13859 13859 13859 13859 13859 13859 13859 13859 13859 13859 13859 13859 13859 13859 13859 
0 0 0 0 0 0 0 15 15 15 15 22 326 332 332 371 402 507 559 668 786 1004 1200 1317 1445 1817 2119 2408 2864 3344 3886 4369 5006 5552 6164 6587 7257 7702 8229 8670 9071 9556 10109 10451 10714 11186 11475 11752 12032 12337 12500 12602 12730 12871 12942 13028 13129 13188 13232 13287 13341 13373 13421 13445 13461 13475 13500 13511 13520 13527 13530 13534 13543 13544 13548 13554 13556 13556 13559 13563 13564 13564 13566 13566 13566 13566 13566 13566 13566 13568 13568 13568 13568 13568 13568 13568 13568 13568 13568 13568 13568 13568 13568 
0 0 0 0 0 0 0 20 20 20 29 45 64 73 77 111 391 520 599 685 1243 1383 1574 1748 2094 2430 2854 3409 3790 4328 4936 5492 6144 6748 7320 7784 8257 8845 9332 9768 10240 10607 11026 11310 11616 12015 12230 12480 12659 12872 13097 13234 13347 13467 13576 13665 13738 13808 13856 13885 13908 13946 13982 14006 14036 14046 14077 14086 14088 14094 14105 14116 14125 14131 14132 14132 14134 14140 14140 14141 14142 14142 14142 14142 14145 14145 14145 14145 14145 14145 14145 14145 14145 14145 14145 14145 14145 14145 14145 14145 14145 14145 14145 14145 14145 
0 0 0 0 0 0 0 32 32 32 32 48 55 65 99 161 220 290 750 924 1133 1376 1667 1901 2224 2699 3053 3404 4087 4638 5069 5726 6325 7025 7661 8339 8872 9419 9994 10377 10769 11136 11560 11893 12190 12429 12679 12843 13000 13155 13273 13387 13475 13538 13617 13669 13732 13771 13814 13840 13863 13872 13897 13904 13911 13927 13933 13939 13959 13961 13961 13965 13968 13972 13977 13977 13977 13980 13980 13980 13980 13980 13980 13980 13980 13980 13980 13980 13980 13980 13980 13980 13980 13980 13980 13980 13981 13981 13981 13981 13981 
0 0 0 0 0 0 0 28 28 28 29 33 68 73 77 85 208 248 334 465 559 1030 1329 1653 1874 2228 2525 3241 3640 4009 4455 4945 5342 5841 6401 6932 7491 7990 8453 8956 9474 10076 10465 10865 11168 11437 11781 12075 12303 12511 12645 12790 12945 13045 13158 13282 13356 13405 13452 13504 13542 13580 13607 13628 13648 13675 13696 13702 13728 13752 13754 13759 13763 13765 13765 13770 13771 13771 13771 13773 13774 13776 13776 13778 13778 13778 13778 13778 13778 13778 13778 13778 13778 13778 13779 13779 13779 13779 13779 13779 13779 13779 13779 13779 13779 13779 13779 13779 13779 13779 13779 13779 13779 13779 13779 13779 13779 
0 0 0 0 0 0 0 26 26 26 27 31 46 58 60 76 116 245 371 423 490 712 815 1039 1265 1748 2149 2496 2940 3506 4052 4557 5211 5747 6329 6871 7368 7890 8338 8841 9308 9679 10137 10487 10861 11261 11498 11727 11947 12149 12295 12473 12579 12709 12803 12898 12996 13072 13138 13170 13214 13233 13281 13295 13311 13330 13345 13359 13372 13375 13386 13393 13397 13403 13405 13407 13413 13416 13417 13420 13421 13421 13424 13424 13425 13425 13426 13426 13426 13426 13426 13426 13426 13426 13426 13426 13426 13426 13426 13426 13426 13426 
0 0 0 0 0 0 0 33 33 33 35 45 55 69 76 93 219 620 692 803 1016 1128 1309 1592 1928 2159 2505 2881 3255 3659 4200 4703 5265 5827 6430 6891 7465 8029 8733 9244 9795 10199 10686 11048 11393 11678 11907 12133 12346 12531 12683 12832 12943 13053 13171 13225 13312 13376 13420 13453 13467 13491 13499 13522 13541 13560 13572 13582 13590 13591 13592 13597 13597 13598 13607 13608 13611 13623 13623 13623 13623 13623 13626 13626 13626 13626 13626 13626 13626 13626 13626 13626 13626 13626 13626 13626 13626 13626 13626 13626 13626 13626 13626 13626 13626 13626 13626 13626 
0 0 0 0 0 0 0 21 21 21 27 29 38 62 69 80 112 206 288 538 767 927 1136 1566 1793 2038 2589 3030 3527 4043 4688 5078 5667 6095 6565 7130 7723 8342 8895 9436 9881 10350 10769 11155 11431 11713 11992 12259 12543 12823 12966 13081 13187 13293 13371 13462 13510 13563 13631 13660 13718 13756 13781 13799 13817 13831 13833 13857 13859 13874 13876 13877 13886 13890 13893 13898 13898 13898 13899 13901 13901 13901 13901 13901 13901 13901 13901 13901 13901 13901 13901 13901 13901 13901 13901 13901 
0 0 0 0 0 0 0 65 65 65 197 888 908 918 933 1090 1229 1500 1550 1637 1786 1960 2191 2545 2892 3423 3756 4335 4755 5166 5617 6219 6735 7347 7795 8299 8717 9388 9785 10221 10748 11057 11467 11788 12244 12448 12675 12898 13069 13237 13385 13522 13614 13683 13783 13853 13915 13955 14001 14038 14073 14089 14111 14131 14150 14172 14184 14185 14195 14203 14217 14218 14225 14227 14227 14227 14228 14228 14228 14228 14228 14229 14229 14229 14229 14229 14229 14229 14229 14229 14229 14229 14229 14229 14229 14229 14229 14229 14229 14229 14229 14229 14229 14229 14229 14229 14229 14229 14229 14229 14229 14229 14229 14229 14229 14229 14229 
0 0 0 0 0 0 0 20 20 20 20 31 64 72 90 246 303 340 499 552 634 765 946 1164 1518 1774 2107 2554 2950 3432 3899 4392 4968 5670 6165 6817 7378 7936 8616 9260 9725 10114 10573 10894 11262 11567 11870 12098 12420 12592 12743 12925 13077 13165 13244 13325 13390 13458 13487 13531 13567 13609 13635 13652 13670 13689 13706 13716 13727 13745 13748 13751 13762 13765 13766 13770 13772 13776 13776 13776 13783 13785 13785 13785 13785 13785 13785 13785 13785 13785 13785 13795 13795 13795 13795 13795 13795 13795 13795 13795 13795 13795 
0 0 0 0 0 0 0 13 13 13 20 22 30 34 46 52 65 127 162 200 350 402 876 1069 1399 1584 1895 2122 2489 2894 3327 3669 4276 4747 5308 5893 6471 7123 7613 8100 8765 9304 9763 10137 10568 10948 11256 11586 11871 12108 12347 12573 12739 12912 13050 13169 13253 13346 13433 13497 13568 13601 13660 13704 13734 13756 13763 13783 13791 13808 13813 13829 13837 13847 13850 13856 13857 13857 13864 13868 13869 13869 13869 13870 13870 13873 13873 13873 13873 13873 13873 13873 13873 13873 13873 13873 13873 13873 13873 13873 13873 13873 13873 13873 13873 13873 13873 13873 13873 
0 0 0 0 0 0 0 17 17 17 18 20 28 40 48 81 117 227 302 340 544 812 949 1039 1266 1604 1981 2715 2925 3358 3690 4081 4564 5234 5756 6326 6908 7514 8019 8575 9086 9491 9895 10279 10751 11090 11466 11725 11956 12209 12390 12554 12745 12848 12952 13060 13130 13205 13259 13339 13368 13417 13439 13472 13494 13501 13518 13529 13533 13537 13545 13546 13549 13552 13556 13558 13561 13564 13564 13568 13568 13570 13570 13574 13574 13574 13574 13575 13575 13575 13575 13575 13575 13575 13575 13575 13575 13575 13575 13575 13575 13575 13575 13575 13575 13575 13575 13575 13575 13575 13575 13575 
0 0 0 0 0 0 0 21 21 21 23 25 25 47 64 144 259 353 439 536 945 1116 1514 1803 2094 2552 2972 3488 3899 4682 5279 5760 6290 6795 7423 8035 8636 9239 9680 10060 10488 11018 11429 11763 12036 12370 12567 12802 12999 13139 13281 13404 13518 13606 13703 13781 13835 13879 13912 13938 13965 13985 13996 14013 14026 14030 14043 14045 14052 14055 14058 14060 14062 14064 14064 14064 14066 14067 14068 14068 14068 14071 14071 14071 14071 14071 14071 14071 14071 14071 14071 14071 14071 14071 14071 14071 14071 14071 14071 14071 14071 14071 14071 
0 0 0 0 0 0 0 14 14 14 16 24 28 61 83 536 579 659 778 1043 1155 1302 1518 1774 2169 2557 2870 3268 3712 4396 4897 5479 6009 6641 7184 7783 8231 8860 9325 9896 10298 10797 11240 11523 11803 12120 12328 12564 12793 12970 13122 13288 13435 13510 13605 13677 13776 13826 13921 13957 13989 14005 14044 14070 14100 14109 14120 14125 14128 14133 14142 14143 14147 14150 14150 14158 14160 14161 14161 14161 14161 14162 14163 14163 14163 14163 14163 14163 14163 14163 14163 14163 14163 14163 14163 14163 14163 14163 14163 14164 14164 14164 14164 14164 14164 14164 14164 14164 14164 14164 14164 14164 14164 14164 14164 14164 14164 14164 14164 14164 14164 
0 0 0 0 0 0 0 20 20 20 25 38 65 74 104 115 134 215 242 353 470 614 848 1079 1447 1761 2121 2555 3081 3531 3988 4705 5345 5896 6461 7124 7750 8314 8777 9294 9803 10212 10622 11024 11336 11618 11926 12190 12497 12726 12887 13029 13133 13221 13302 13412 13470 13594 13656 13693 13743 13771 13814 13833 13858 13874 13885 13893 13910 13917 13927 13943 13950 13952 13953 13961 13962 13964 13965 13967 13967 13967 13968 13968 13968 13968 13968 13969 13969 13969 13969 13969 13969 13971 13971 13971 13971 13971 13971 13971 13971 13971 13971 13971 13971 13971 13971 13971 13971 13971 13971 13971 13971 13971 13971 13971 13971 13971 13971 13971 13971 13971 13971 
0 0 0 0 0 0 0 47 47 47 47 56 78 87 93 129 181 332 404 559 860 945 1176 1612 1853 2127 2555 2819 3274 3768 4406 4956 5537 6017 6593 7123 7737 8314 8774 9319 9759 10183 10580 10975 11312 11635 11837 12041 12256 12407 12554 12675 12777 12868 12954 13001 13066 13128 13170 13201 13224 13252 13274 13292 13304 13315 13320 13346 13348 13353 13365 13365 13366 13372 13373 13373 13378 13379 13383 13383 13383 13383 13383 13384 13384 13384 13384 13384 13384 13384 13384 13384 13384 13384 13384 13384 13384 13384 13384 13384 13384 13384 13384 13384 13384 13384 13384 13384 
0 0 0 0 0 0 0 20 20 20 36 36 45 51 61 69 189 237 264 278 299 397 611 747 837 1039 1313 2001 2279 2992 3568 4087 4626 5309 5972 6427 6872 7386 7971 8491 8938 9461 10068 10556 10973 11364 11674 11936 12140 12386 12575 12749 12905 13050 13196 13279 13379 13500 13569 13621 13683 13723 13755 13782 13811 13818 13844 13865 13869 13879 13884 13886 13893 13894 13899 13902 13902 13904 13905 13910 13910 13915 13915 13915 13915 13915 13916 13916 13916 13916 13916 13916 13917 13917 13917 13917 13917 13917 13917 13917 13917 13917 13917 13917 13917 13917 13917 13917 13917 13917 
0 0 0 0 0 0 0 19 19 19 19 79 132 147 182 514 544 600 673 763 858 1005 1225 1489 1727 2093 2483 2856 3189 3575 3858 4332 4776 5201 5709 6185 6750 7293 7762 8252 8764 9258 9611 10050 10373 10705 11144 11555 11805 12059 12238 12461 12632 12784 12887 12962 13054 13154 13222 13279 13321 13365 13413 13439 13450 13459 13484 13507 13526 13534 13542 13549 13555 13570 13577 13579 13579 13583 13584 13585 13586 13588 13588 13589 13592 13597 13597 13597 13597 13597 13597 13597 13597 13597 13597 13597 13597 13598 13598 13598 13598 13598 13598 13598 13598 13598 13598 13598 13598 13598 13598 13598 
0 0 0 0 0 0 0 54 54 54 89 105 110 134 143 157 182 381 448 540 600 739 930 1227 1415 1757 2051 2703 3109 3776 4208 4848 5444 6038 6558 7257 7924 8730 9152 9639 10084 10485 10856 11206 11625 11918 12170 12467 12714 12980 13205 13363 13445 13560 13694 13791 13873 13943 13985 14028 14074 14121 14166 14195 14226 14231 14253 14264 14274 14283 14287 14292 14292 14292 14292 14292 14301 14301 14302 14303 14303 14303 14303 14303 14303 14303 14303 14304 14304 14304 14304 14304 14304 14304 14304 
0 0 0 0 0 0 0 18 18 18 18 80 84 87 98 136 346 420 506 620 804 886 1046 1334 1513 1781 2458 2886 3379 3923 4438 4969 5575 6144 6876 7444 8076 8719 9155 9605 10059 10483 10937 11286 11543 11872 12158 12406 12596 12774 12923 13076 13208 13318 13389 13486 13526 13604 13649 13702 13743 13774 13785 13818 13845 13872 13895 13901 13907 13918 13925 13932 13941 13943 13944 13945 13947 13948 13948 13948 13948 13948 13948 13949 13949 13949 13949 13949 13955 13955 13957 13957 13957 13957 13957 13957 13957 13957 13957 13957 13957 13957 13957 13957 13957 13957 13957 13957 13957 13957 13957 13957 
0 0 0 0 0 0 0 22 22 22 30 38 43 44 56 76 142 195 274 403 510 636 1035 1318 1734 2099 2466 2890 3465 4070 4707 5276 5836 6539 7226 7782 8479 8979 9447 9828 10229 10643 11008 11317 11577 11856 12109 12310 12516 12712 12841 12979 13111 13182 13277 13347 13389 13422 13471 13516 13546 13579 13590 13607 13617 13625 13640 13650 13658 13663 13669 13673 13691 13691 13698 13699 13699 13700 13702 13702 13702 13702 13702 13702 13703 13703 13703 13703 13703 13703 13703 13703 13704 13704 13704 13704 13704 13704 13704 13704 13704 13704 13704 13704 13704 13704 13704 13704 13704 13704 13704 13704 13704 13704 13704 13704 13704 13704 13704 13704 13704 13704 13704 13704 13704 13704 13704 13704 13704 13704 13704 
0 0 0 0 0 0 0 32 32 32 42 62 177 177 186 198 264 406 559 621 819 973 1216 1571 1863 2149 2571 2973 3399 3827 4341 4877 5242 5842 6388 6939 7576 8276 8846 9299 9761 10180 10569 10859 11167 11522 11778 12023 12237 12426 12545 12671 12774 12865 12944 13040 13111 13179 13241 13286 13319 13358 13370 13386 13411 13434 13451 13461 13469 13476 13479 13486 13495 13496 13500 13502 13503 13503 13508 13508 13508 13508 13508 13511 13511 13511 13511 13511 13511 13511 13511 13511 13511 13511 13511 13511 13511 13511 13511 13511 13511 13511 13511 13511 13511 13511 13511 13511 13511 
0 0 0 0 0 0 0 14 14 14 14 19 40 65 82 119 155 236 287 495 633 948 1044 1415 1717 2178 2701 3100 3700 4351 4867 5535 6148 6779 7349 7999 8644 9150 9627 10097 10521 10885 11315 11690 12019 12351 12612 12917 13091 13247 13441 13584 13723 13827 13882 13931 13989 14054 14088 14119 14144 14169 14188 14200 14227 14253 14259 14267 14270 14273 14274 14285 14294 14296 14301 14302 14304 14304 14304 14306 14314 14318 14319 14319 14320 14320 14320 14320 14320 14320 14321 14321 14321 14321 14321 14321 14321 14321 14321 14321 14321 14321 14321 14321 14321 14321 14321 14321 14321 14321 14321 14321 14321 14321 
0 0 0 0 0 0 0 25 25 25 46 58 60 79 85 210 265 330 468 843 1073 1268 1521 1819 2064 2335 2707 3225 3630 4118 4611 5154 5692 6375 6865 7533 8019 8465 8952 9465 9917 10334 10697 11031 11348 11596 11916 12135 12294 12500 12673 12830 12960 13032 13144 13218 13283 13334 13380 13423 13446 13459 13470 13479 13508 13524 13529 13536 13544 13549 13552 13554 13558 13558 13559 13562 13564 13564 13564 13564 13564 13564 13564 13564 13566 13566 13566 13566 13566 13566 13566 13566 13566 13566 13566 13566 
0 0 0 0 0 0 0 22 22 22 22 22 55 64 82 108 179 253 325 416 563 726 1648 1925 2282 2497 2897 3283 3950 4367 4867 5340 5877 6622 7128 7618 8232 8750 9315 9756 10272 10637 11121 11481 11826 12100 12399 12574 12779 12942 13099 13246 13368 13473 13527 13584 13662 13710 13755 13804 13831 13866 13909 13929 13941 13950 13955 13981 13992 14016 14023 14023 14025 14030 14033 14034 14036 14036 14037 14037 14037 14040 14040 14040 14041 14041 14041 14041 14041 14041 14041 14041 14041 14041 14041 14041 14041 14041 14041 14041 14041 
0 0 0 0 0 0 0 16 16 16 35 45 50 81 84 111 229 313 455 532 734 973 1484 1845 2551 2892 3401 3852 4375 4827 5413 5983 6514 7137 7713 8181 8654 9211 9640 10133 10575 10897 11371 11814 12087 12334 12517 12696 12885 13091 13225 13316 13417 13509 13608 13679 13751 13811 13869 13902 13927 13940 13965 13988 14005 14027 14035 14050 14051 14057 14059 14073 14074 14075 14076 14076 14077 14077 14078 14078 14078 14078 14078 14078 14078 14078 14078 14078 14078 14078 14078 14078 14078 14078 14078 
0 0 0 0 0 0 0 27 27 27 30 39 195 217 253 281 510 530 876 947 1241 1454 1584 1931 2157 2492 2814 3161 3492 3942 4509 4981 5476 5998 6528 6996 7571 8079 8606 9216 9716 10193 10630 11145 11541 11850 12164 12466 12696 12865 13101 13263 13368 13480 13625 13751 13870 13938 13989 14060 14106 14148 14212 14246 14282 14306 14326 14347 14350 14361 14369 14378 14382 14398 14400 14406 14412 14413 14414 14415 14416 14416 14419 14419 14419 14420 14420 14420 14420 14420 14420 14420 14420 14420 14421 14421 14421 14421 14421 14421 14421 14421 14421 14421 14421 14421 
0 0 0 0 0 0 0 16 16 16 16 19 21 27 35 112 154 666 763 846 998 1192 1354 1544 1734 1947 2507 3071 3511 3958 4454 4985 5528 5977 6544 7184 7769 8309 8815 9295 9738 10058 10515 10897 11253 11566 11827 12034 12198 12370 12499 12622 12728 12824 12888 12971 13016 13076 13117 13180 13225 13244 13287 13328 13341 13347 13355 13369 13373 13377 13389 13392 13395 13395 13395 13397 13397 13398 13401 13401 13401 13401 13401 13401 13401 13401 13401 13403 13403 13403 13403 13403 13403 13403 13403 13403 13403 13403 13403 13403 13403 13403 13403 
0 0 0 0 0 0 0 34 34 34 54 102 128 139 149 211 263 512 544 626 1046 1267 1457 1593 1840 2102 2596 3122 3673 4195 4680 5225 5800 6470 6929 7471 8030 8641 9168 9587 10134 10538 10936 11256 11591 11889 12096 12400 12640 12798 12938 13070 13179 13298 13392 13468 13530 13569 13617 13664 13703 13730 13744 13760 13781 13799 13813 13826 13839 13847 13856 13863 13877 13879 13882 13886 13888 13893 13893 13894 13895 13895 13898 13899 13899 13899 13899 13899 13899 13899 13899 13899 13899 13899 13899 13899 13899 13899 13899 13899 13899 
0 0 0 0 0 0 0 67 67 67 74 107 156 159 161 179 240 347 475 569 708 941 1120 1447 1994 2362 2744 3289 3854 4330 4864 5416 5965 6545 7056 7659 8165 8696 9265 9767 10181 10527 10899 11264 11556 11831 12049 12305 12525 12699 12833 12927 13018 13115 13193 13230 13291 13347 13398 13421 13446 13480 13498 13523 13529 13544 13556 13573 13578 13578 13581 13582 13586 13586 13593 13593 13593 13593 13593 13593 13593 13593 13594 13594 13594 13594 13594 13594 13594 13596 13596 13597 13597 13597 13597 13597 13597 13597 13597 13597 13597 13597 13597 13597 13597 13597 13597 13597 13597 13597 13597 
0 0 0 0 0 0 0 31 31 31 31 35 37 41 67 84 114 147 152 237 320 455 640 840 1198 1530 1868 2161 2411 2719 3212 3970 4440 4939 5525 6141 6611 7154 7725 8332 8779 9182 9649 10089 10352 10677 10972 11273 11573 11769 12019 12181 12330 12422 12547 12624 12721 12798 12874 12927 12986 13024 13061 13077 13096 13113 13129 13135 13146 13165 13176 13182 13188 13202 13202 13206 13206 13209 13209 13209 13210 13210 13210 13210 13211 13212 13212 13212 13212 13212 13212 13212 13212 13212 13212 13212 13212 13212 13212 13212 13212 13212 13212 13212 13212 13212 13212 
0 0 0 0 0 0 0 17 17 17 19 78 82 91 116 126 133 161 199 276 346 616 816 1123 1352 1713 2025 2356 2755 3185 3640 4188 4637 5060 5535 6100 6638 7130 7582 7978 8442 8997 9394 9772 10172 10439 10802 11005 11250 11442 11641 11777 11940 12089 12232 12350 12451 12512 12546 12599 12646 12676 12707 12726 12746 12770 12780 12804 12822 12825 12831 12836 12841 12845 12854 12859 12867 12871 12871 12874 12874 12875 12876 12876 12876 12876 12876 12876 12876 12876 12876 12876 12876 12876 12876 12876 12876 12876 12876 12876 12880 12880 12880 12880 12880 12880 12880 12880 12881 12881 12881 12881 12881 12881 12881 12881 12881 12881 12881 12881 12881 12881 12881 12881 
0 0 0 0 0 0 0 30 30 30 44 51 61 89 127 227 274 608 653 697 965 1065 1254 1507 1738 1994 2315 2822 3328 3782 4229 4705 5263 5798 6384 6888 7489 8030 8525 8966 9496 9932 10295 10680 11002 11342 11611 11798 11971 12210 12403 12559 12686 12863 12984 13069 13158 13259 13329 13390 13430 13480 13527 13557 13563 13578 13592 13602 13612 13626 13630 13651 13651 13660 13666 13669 13671 13672 13672 13673 13673 13682 13687 13687 13687 13687 13687 13687 13687 13687 13687 13687 13687 13687 13687 13687 13687 13687 13687 13687 13687 13687 13687 13687 13687 13687 
0 0 0 0 0 0 0 26 26 26 31 41 43 77 84 103 157 212 287 331 385 473 802 935 1296 1639 1974 2284 2750 3199 3674 4055 4632 5194 5714 6277 6871 7358 7851 8404 8812 9381 9844 10273 10562 10913 11280 11562 11824 12015 12194 12337 12471 12571 12646 12704 12809 12891 12975 13020 13060 13098 13118 13134 13147 13181 13193 13209 13218 13225 13228 13230 13237 13243 13248 13248 13248 13248 13248 13249 13250 13250 13251 13251 13251 13251 13251 13251 13251 13251 13251 13251 13251 13251 13251 13251 13251 
0 0 0 0 0 0 0 14 14 14 14 32 88 99 207 233 322 428 537 674 836 1036 1299 1811 2189 2564 2945 3669 4384 4955 5385 5940 6536 7011 7538 8177 8653 9202 9678 10221 10569 10983 11275 11558 11818 12186 12517 12823 12962 13096 13219 13320 13442 13564 13680 13764 13801 13846 13886 13908 13921 13951 13973 13978 14003 14030 14040 14048 14058 14061 14063 14064 14069 14069 14074 14074 14074 14074 14080 14080 14085 14085 14085 14086 14086 14086 14086 14086 14089 14089 14089 14089 14089 14089 14089 14089 14089 14089 14089 14089 14089 14089 
0 0 0 0 0 0 0 18 18 18 18 22 36 44 57 100 129 313 457 597 720 900 1151 1743 2040 2392 2935 3366 3881 4468 5352 5902 6520 7175 7770 8341 8874 9502 10018 10501 10936 11345 11646 11950 12273 12494 12679 12872 13045 13170 13308 13432 13525 13608 13667 13709 13769 13832 13877 13903 13935 13968 13993 14014 14024 14034 14046 14063 14067 14080 14085 14089 14091 14094 14096 14096 14104 14104 14107 14107 14108 14109 14109 14109 14109 14109 14109 14110 14110 14110 14112 14112 14112 14112 14112 14112 14112 14112 14112 
0 0 0 0 0 0 0 17 17 17 18 22 28 36 47 75 132 152 412 443 855 1104 1380 1531 1687 1907 2307 2679 3071 3456 3862 4441 4896 5291 5817 6318 7060 7652 8130 8634 9124 9630 10074 10454 10886 11187 11493 11758 11950 12132 12278 12520 12622 12729 12843 12937 12997 13072 13160 13185 13246 13296 13326 13369 13376 13399 13415 13429 13442 13449 13449 13459 13467 13468 13473 13477 13483 13485 13485 13491 13493 13493 13494 13499 13507 13507 13509 13509 13509 13509 13509 13509 13509 13509 13509 13509 13509 13509 13509 13509 13509 13509 13509 13509 13509 13509 13509 13509 13509 13509 13509 13509 13509 13509 13509 13509 13509 13509 13509 
0 0 0 0 0 0 0 19 19 19 19 22 54 65 69 88 133 184 292 370 476 645 789 989 1245 1549 1819 2081 2419 2903 3465 4035 4405 4963 5439 5946 6513 7066 7679 8245 8771 9233 9729 10192 10617 10928 11253 11582 11820 12134 12313 12467 12591 12695 12811 12910 12978 13056 13101 13153 13212 13274 13296 13311 13333 13355 13380 13409 13417 13443 13458 13461 13469 13479 13480 13481 13482 13483 13490 13490 13494 13496 13496 13496 13496 13496 13496 13496 13498 13498 13498 13499 13499 13499 13499 13499 13499 13499 13499 13499 13499 13499 13499 13499 13499 13499 13499 
0 0 0 0 0 0 0 16 16 16 128 130 186 193 203 209 215 251 300 335 628 789 842 909 1055 1213 1369 1637 1968 2406 2726 3099 3516 3975 4382 4986 5450 5888 6403 6919 7466 8086 8619 9034 9463 9845 10265 10619 10987 11228 11469 11732 11986 12166 12304 12416 12518 12661 12777 12893 12970 13043 13098 13159 13196 13221 13262 13282 13297 13338 13345 13356 13367 13370 13377 13381 13386 13387 13399 13401 13403 13410 13414 13418 13419 13420 13421 13421 13422 13422 13422 13425 13430 13432 13432 13432 13432 13432 13432 13432 13432 13432 13432 13432 13433 13433 13433 13433 13433 13433 13433 13433 13433 
0 0 0 0 0 0 0 33 33 33 73 127 163 163 165 181 234 350 396 634 741 857 1038 1231 1479 1834 2122 2540 2918 3437 3904 4434 4942 5610 6235 6827 7447 8013 8568 9118 9555 10116 10431 10771 11079 11490 11805 12130 12315 12512 12705 12887 13031 13134 13222 13319 13363 13423 13476 13541 13591 13608 13645 13668 13702 13723 13733 13757 13760 13762 13769 13773 13781 13782 13782 13784 13787 13788 13789 13789 13789 13796 13801 13801 13801 13801 13801 13801 13801 13801 13801 13801 13801 13801 13801 13801 13801 13801 13801 13801 13801 13801 13801 13801 13801 13801 13801 13801 13801 13801 13802 13802 13802 13802 13802 13802 13802 13802 13802 13802 13802 13802 13802 
0 0 0 0 0 0 0 23 23 23 24 33 33 48 78 115 184 317 387 584 682 910 1134 1587 1977 2207 2752 3373 3878 4391 4885 5555 6139 6869 7414 7963 8572 9166 9631 10125 10556 10947 11296 11642 11908 12164 12405 12635 12814 12989 13077 13161 13266 13357 13417 13502 13540 13583 13628 13654 13696 13740 13751 13765 13772 13781 13789 13794 13802 13805 13818 13819 13820 13821 13822 13822 13823 13823 13825 13825 13826 13827 13827 13827 13827 13827 13827 13827 13827 13827 13827 13827 13827 13827 13827 13827 13827 13827 13827 13827 13827 13827 13827 13827 13827 13827 13827 13827 13827 13827 13827 13827 13827 13827 13827 
0 0 0 0 0 0 0 12 12 12 12 80 101 145 153 172 188 341 411 630 662 774 964 1190 1362 1558 1935 2242 2620 3030 3501 4253 4780 5457 6014 6648 7262 7856 8432 8985 9408 9851 10274 10728 11078 11375 11664 11939 12162 12367 12537 12671 12828 12976 13109 13160 13226 13314 13345 13382 13413 13436 13445 13454 13466 13486 13504 13510 13517 13518 13531 13537 13539 13539 13542 13542 13543 13543 13549 13555 13556 13557 13557 13557 13557 13557 13557 13560 13560 13564 13564 13565 13565 13565 13565 13565 13565 13566 13566 13566 13566 13566 13566 13566 13566 
0 0 0 0 0 0 0 10 10 10 17 94 102 105 392 399 433 533 622 728 922 1059 1283 1616 1915 2338 2656 3171 3516 3858 4280 4748 5244 5845 6423 6921 7421 7928 8362 8889 9388 9868 10270 10610 11012 11286 11549 11843 12101 12334 12567 12727 12846 12982 13113 13214 13294 13362 13495 13528 13560 13624 13649 13695 13719 13757 13772 13797 13810 13824 13834 13844 13855 13856 13858 13860 13860 13862 13862 13862 13863 13863 13863 13864 13865 13865 13865 13865 13865 13865 13866 13866 13866 13866 13866 13866 13866 13866 13866 13866 13866 13866 13866 13866 
0 0 0 0 0 0 0 51 51 51 51 62 80 100 120 141 226 644 685 760 850 1061 1221 1415 1801 2096 2358 2733 3100 3596 4028 4477 4933 5494 5988 6547 7142 7658 8182 8858 9373 9844 10306 10715 11027 11400 11693 12014 12232 12450 12668 12824 12943 13045 13183 13253 13304 13361 13411 13434 13465 13494 13506 13531 13562 13590 13604 13608 13612 13620 13626 13628 13632 13639 13640 13646 13647 13647 13649 13649 13651 13653 13653 13653 13653 13653 13653 13653 13653 13653 13653 13658 13658 13658 13658 13658 13658 13658 13658 13658 13658 13658 13658 13659 
0 0 0 0 0 0 0 41 41 41 43 46 83 124 126 159 211 268 394 470 685 862 1054 1238 1451 1700 2136 2539 2908 3402 3810 4359 4826 5328 5738 6280 6839 7475 8045 8419 8885 9403 9845 10166 10519 10865 11096 11436 11678 11808 11986 12098 12236 12316 12440 12530 12615 12667 12738 12770 12814 12853 12870 12905 12922 12937 12949 12961 12966 12981 12984 12987 12997 13000 13015 13018 13019 13019 13020 13020 13029 13030 13031 13031 13032 13032 13032 13032 13032 13033 13033 13033 13035 13035 13035 13035 13035 13035 13035 13035 
0 0 0 0 0 0 0 12 12 12 40 71 75 77 108 170 265 354 423 500 693 879 1090 1379 1657 2082 2509 2859 3876 4366 4911 5559 6099 6663 7178 7779 8287 8789 9367 9899 10333 10756 11144 11469 11754 12025 12290 12497 12721 12873 13024 13184 13313 13419 13519 13574 13632 13671 13720 13762 13791 13809 13833 13855 13872 13891 13895 13902 13904 13911 13913 13919 13923 13928 13933 13935 13935 13935 13936 13937 13937 13937 13938 13938 13938 13938 13938 13938 13938 13943 13943 13943 13943 13943 13943 13943 13943 13943 13943 13943 13944 13944 13944 13944 13944 13944 13944 13944 13944 13944 13944 13944 13944 13944 13944 13944 13944 13944 
0 0 0 0 0 0 0 34 34 34 41 52 58 186 193 268 297 360 449 509 586 782 895 1095 1406 1676 2037 2475 2811 3287 3693 4064 4624 5080 5550 6162 6659 7178 7833 8340 8857 9355 9831 10193 10560 10861 11154 11395 11581 11786 12024 12177 12282 12393 12522 12621 12734 12787 12826 12871 12914 12946 12978 13012 13054 13068 13070 13093 13102 13126 13131 13135 13139 13148 13150 13152 13152 13152 13153 13153 13153 13153 13155 13155 13158 13158 13158 13158 13158 13158 13159 13159 13159 13159 13159 13159 
0 0 0 0 0 0 0 22 22 22 28 37 39 60 65 97 495 590 740 1122 1224 1451 1754 2035 2420 2853 3167 3685 4095 4565 5144 5733 6236 6765 7477 7958 8469 8990 9448 9912 10404 10790 11163 11543 11807 12063 12318 12600 12798 12948 13124 13275 13377 13463 13524 13602 13689 13717 13762 13790 13825 13854 13874 13887 13958 13981 14000 14011 14021 14031 14044 14046 14048 14055 14057 14058 14059 14062 14062 14066 14066 14069 14070 14072 14072 14072 14072 14072 14072 14072 14072 14072 14072 14072 14072 
0 0 0 0 0 0 0 16 16 16 22 25 34 40 50 86 170 260 380 548 807 1026 1205 1449 1798 2215 2493 3050 3538 4030 4519 5234 5812 6601 7187 7772 8283 8835 9267 9739 10300 10928 11266 11599 11836 12063 12326 12565 12738 12934 13069 13193 13319 13389 13467 13529 13585 13630 13665 13684 13724 13730 13769 13778 13789 13804 13817 13834 13852 13854 13858 13862 13864 13864 13868 13872 13873 13875 13875 13877 13877 13880 13880 13880 13880 13880 13880 13880 13880 13880 13880 13880 13880 13880 13880 13880 13880 13880 13880 13880 13880 13880 13880 13880 13880 
0 0 0 0 0 0 0 16 16 16 26 64 104 141 309 356 405 459 512 618 907 1082 1392 1724 1856 2159 2591 3277 3707 4236 4845 5290 5905 6458 7196 7731 8356 8896 9414 9958 10369 10792 11134 11510 11787 12130 12402 12625 12826 13007 13171 13303 13474 13589 13693 13797 13857 13912 13965 14037 14077 14121 14151 14170 14198 14205 14217 14224 14242 14250 14260 14269 14276 14282 14284 14285 14286 14286 14287 14287 14287 14289 14289 14289 14289 14289 14289 14289 14289 14289 14289 14290 14290 14290 14290 14292 14292 14292 14292 14292 14292 14292 14292 14292 14292 14292 14292 14292 14292 14292 
0 0 0 0 0 0 0 35 35 35 35 66 99 155 163 191 294 378 521 612 809 977 1262 1539 1845 2268 2908 3598 4168 4707 5259 5751 6357 6970 7485 8094 8612 9119 9594 10088 10532 10960 11259 11527 11791 12055 12237 12450 12686 12825 12975 13059 13141 13228 13342 13377 13428 13455 13503 13556 13597 13610 13665 13684 13687 13705 13709 13711 13724 13733 13736 13736 13736 13737 13746 13750 13750 13752 13754 13754 13756 13759 13760 13761 13761 13765 13765 13765 13765 13765 13765 13765 13765 13765 13766 13766 13766 13766 13766 13769 13769 13769 13769 13769 13769 13769 13769 13769 13769 13769 
0 0 0 0 0 0 0 40 40 40 52 87 114 164 167 182 348 511 831 996 1185 1366 1719 1928 2275 2626 3118 3545 3965 4436 5046 5602 6175 6784 7445 8095 8556 9053 9591 10114 10743 11087 11492 11781 12072 12384 12692 12896 13095 13286 13529 13710 13830 13967 14039 14120 14176 14224 14299 14361 14413 14444 14465 14490 14510 14521 14541 14549 14553 14563 14567 14577 14586 14597 14597 14597 14599 14600 14600 14600 14600 14600 14600 14600 14600 14601 14601 14601 14601 14603 14603 14603 14603 14603 14603 14603 14603 14603 14603 14603 14603 14606 14606 14606 14606 14606 14606 14606 
0 0 0 0 0 0 0 26 26 26 26 105 122 130 154 226 412 476 551 611 878 1078 1385 1600 1841 2192 2682 3161 3669 4278 4811 5244 5908 6566 7303 7868 8434 9000 9550 10022 10469 10768 11133 11427 11757 11981 12257 12439 12600 12774 12911 13031 13118 13214 13267 13318 13376 13440 13470 13507 13529 13549 13572 13587 13607 13620 13629 13639 13643 13656 13662 13667 13691 13693 13697 13701 13702 13702 13702 13703 13704 13704 13704 13704 13704 13704 13704 13704 13704 13704 13704 13704 13704 13704 13704 13704 13704 13704 13704 13704 13704 
0 0 0 0 0 0 0 17 17 17 144 147 169 174 181 307 619 737 1161 1240 1361 1431 1694 2143 2405 2701 3003 3474 3913 4292 4767 5195 5686 6201 6874 7392 8032 8554 9188 9655 10121 10489 10947 11283 11610 11892 12193 12441 12643 12803 12967 13120 13254 13361 13456 13522 13598 13706 13759 13813 13852 13895 13926 13994 14016 14035 14044 14053 14068 14083 14090 14094 14096 14111 14117 14119 14123 14125 14131 14133 14133 14137 14137 14137 14139 14139 14139 14139 14139 14141 14141 14141 14141 14141 14141 14141 14141 14141 14141 14141 14141 14141 14145 14145 14145 14145 14145 14145 14145 14145 14145 14145 14145 
0 0 0 0 0 0 0 12 12 12 17 20 28 47 78 131 176 254 479 621 865 1077 1406 1640 2011 2264 2691 3161 3630 4150 4731 5362 5925 6544 7096 7716 8290 8874 9384 9835 10377 10856 11194 11512 11876 12148 12379 12578 12780 12894 13048 13181 13246 13329 13409 13461 13535 13617 13663 13695 13722 13738 13751 13770 13798 13820 13835 13849 13855 13859 13864 13865 13867 13870 13875 13875 13875 13875 13876 13876 13876 13876 13876 13882 13884 13885 13885 13885 13886 13886 13886 13886 13886 13886 13886 13886 13886 13886 13886 
0 0 0 0 0 0 0 23 23 23 23 23 47 224 253 254 351 428 482 664 883 968 1172 1405 1884 2458 2847 3186 3680 4227 4717 5178 5781 6317 6917 7484 8073 8574 9018 9616 10105 10522 10991 11458 11736 12074 12341 12586 12782 12932 13091 13195 13276 13379 13473 13532 13599 13656 13705 13720 13788 13836 13861 13877 13892 13899 13914 13918 13940 13942 13951 13961 13967 13969 13975 13975 13978 13978 13982 13982 13983 13983 13983 13986 13986 13986 13986 13986 13986 13986 13986 13986 13986 13986 13986 13986 13986 13986 13986 13986 13986 13986 13986 13986 13986 13986 
0 0 0 0 0 0 0 21 21 21 21 25 40 62 89 184 624 752 846 1003 1303 1537 1706 2116 2513 2846 3221 3719 4311 4854 5522 6091 6843 7408 7922 8454 8906 9459 9907 10356 10740 11133 11505 11769 11978 12178 12386 12634 12812 12966 13070 13175 13304 13383 13444 13510 13561 13601 13627 13657 13674 13711 13724 13733 13740 13750 13781 13790 13795 13795 13800 13800 13801 13803 13805 13808 13808 13808 13808 13808 13808 13808 13810 13811 13811 13811 13811 13811 13811 13811 13811 13811 13811 13811 13811 13811 13811 13811 13811 13811 13811 13811 13811 13811 13811 13811 13811 13811 13811 13811 13811 13811 13811 13811 13811 13811 13811 13811 13811 13811 13811 
0 0 0 0 0 0 0 18 18 18 18 21 40 48 48 83 134 264 299 571 655 901 1211 1511 1685 2010 2433 2824 3221 3798 4236 4664 5298 5819 6299 6782 7329 7821 8313 8777 9307 9786 10161 10514 10801 11149 11377 11609 11842 12071 12225 12387 12512 12643 12730 12828 12925 12979 13038 13080 13135 13185 13234 13264 13273 13291 13316 13331 13343 13353 13362 13374 13374 13384 13385 13393 13399 13400 13402 13408 13410 13414 13414 13414 13414 13414 13414 13414 13414 13414 13415 13415 13415 13415 13415 13415 13415 13415 13415 13415 13415 13415 13415 13415 13415 13415 13415 13415 13415 13415 13415 13415 13415 13415 13415 
