0 0 0 30 0 8 3 4 30 30 30 30 30 30 30 30 30 30 30 30 30 30 30 30 30 30 30 30 30 30 30 30 30 30 30 30 30 30 30 30 30 30 30 30 30 30 30 30 30 30 30 30 30 30 30 30 30 30 30 30 30 30 30 30 30 30 30 30 30 30 22 25 30 18 17 17 21 14 22 15 5 18 17 19 5 2 3 15 4 3 9 5 5 4 1 2 5 6 1 5 4 0 0 0 0 0 0 1 1 0 0 0 0 5 0 0 
0 0 0 5 30 30 16 3 6 30 30 30 28 30 30 30 30 30 30 30 30 30 30 30 30 30 30 30 30 30 30 30 30 30 30 30 30 30 30 30 30 30 30 30 30 30 30 30 30 30 30 30 30 30 30 30 30 30 30 30 30 30 30 30 30 30 30 30 23 30 30 26 15 29 21 27 16 30 13 15 7 17 9 5 10 6 9 12 6 3 5 12 5 1 4 1 4 7 8 0 8 6 1 9 0 3 1 0 0 3 1 0 1 1 3 0 1 0 
0 0 0 4 0 30 30 30 30 1 22 30 30 30 30 30 30 30 30 30 30 30 30 30 30 30 30 30 30 30 30 30 30 30 30 30 30 30 30 30 30 30 30 30 30 30 30 30 30 30 30 30 30 30 30 30 30 30 30 30 30 30 30 30 30 30 30 30 30 27 30 30 30 30 29 23 30 30 10 17 8 9 15 17 10 13 8 7 4 11 7 20 1 7 7 1 4 9 4 2 2 6 3 1 1 1 0 0 1 0 0 0 0 2 0 0 4 1 1 4 0 
0 0 0 2 3 10 8 0 30 0 30 30 30 25 18 30 30 30 30 30 30 30 30 30 30 30 30 30 30 30 30 30 30 30 30 30 30 30 30 30 30 30 30 30 30 30 30 30 30 30 30 30 30 30 30 30 30 30 30 30 30 30 30 30 30 30 30 30 30 30 30 30 30 30 18 20 16 22 8 13 10 6 9 4 10 7 17 23 2 0 10 3 7 4 1 4 3 6 1 3 1 2 0 3 2 0 3 0 0 2 0 1 0 1 2 0 0 0 1 0 0 
0 0 2 0 5 16 10 23 30 16 30 30 30 30 30 30 30 30 30 30 30 30 30 30 30 30 30 30 30 30 30 30 30 30 30 30 30 30 30 30 30 30 30 30 30 30 30 30 30 30 30 30 30 30 30 30 30 30 30 30 30 30 30 30 30 30 30 30 30 30 24 30 30 22 30 18 10 21 14 8 12 9 9 14 15 10 5 9 9 4 7 2 3 3 2 1 1 1 6 5 0 3 0 1 6 0 1 1 1 1 0 0 0 0 0 3 2 0 1 0 0 0 
0 0 0 4 10 1 30 1 11 4 30 30 30 30 30 30 30 30 30 30 30 30 30 30 30 30 30 30 30 30 30 30 30 30 30 30 30 30 30 30 30 30 30 30 30 30 30 30 30 30 30 30 30 30 30 30 30 30 30 30 30 30 30 30 30 30 30 30 30 30 30 30 16 20 30 30 17 10 21 26 4 13 14 10 9 6 6 4 1 4 3 1 2 7 4 2 2 1 0 1 2 0 6 1 3 2 0 2 0 0 1 0 0 1 0 0 0 1 1 0 0 0 
0 0 0 23 2 9 15 0 30 30 7 16 30 30 30 25 18 30 30 30 30 30 30 30 30 30 30 30 30 30 30 30 30 30 30 30 30 30 30 30 30 30 30 30 30 30 30 30 30 30 30 30 30 30 30 30 30 30 30 30 30 30 30 30 30 30 30 30 30 30 30 30 30 30 23 23 30 30 30 30 17 24 24 13 17 16 28 8 5 6 8 7 6 10 4 5 5 5 4 11 1 5 0 1 0 9 0 1 2 0 2 1 1 0 3 0 0 1 2 0 0 0 1 
0 0 0 2 3 8 15 6 20 30 30 30 30 30 30 30 30 30 30 30 30 30 30 30 30 30 30 30 30 30 30 30 30 30 30 30 30 30 30 30 30 30 30 30 30 30 30 30 30 30 30 30 30 30 30 30 30 30 30 30 30 30 30 30 30 30 30 30 30 30 30 30 23 24 30 26 22 11 8 14 27 10 22 7 8 3 6 10 9 14 4 1 1 6 8 2 9 14 1 1 0 3 3 2 0 0 5 0 0 1 0 0 0 0 5 6 1 0 2 
0 0 0 0 6 3 0 9 16 18 6 30 22 30 30 30 30 30 30 30 30 30 30 30 30 30 30 30 30 30 30 30 30 30 30 30 30 30 30 30 30 30 30 30 30 30 30 30 30 30 30 30 30 30 30 30 30 30 30 30 30 30 30 30 30 30 30 30 30 30 30 30 30 30 25 26 7 18 17 30 12 14 5 10 17 10 5 4 2 8 5 1 2 12 4 3 2 9 3 4 2 6 5 3 0 4 0 0 2 1 6 1 0 1 0 3 0 0 0 
0 0 0 0 29 0 1 13 30 10 3 30 30 30 30 30 30 30 30 30 30 30 30 30 30 30 30 30 30 30 30 30 30 30 30 30 30 30 30 30 30 30 30 30 30 30 30 30 30 30 30 30 30 30 30 30 30 30 30 30 30 30 30 30 30 30 30 30 25 27 27 19 13 30 30 19 23 14 20 12 5 30 17 7 2 0 7 3 8 7 8 11 4 4 2 4 3 8 0 0 4 1 0 0 0 0 0 0 1 0 4 1 0 0 
0 0 1 1 1 16 27 30 30 27 30 30 30 30 30 30 30 30 30 30 30 30 30 30 30 30 30 30 30 30 30 30 30 30 30 30 30 30 30 30 30 30 30 30 30 30 30 30 30 30 30 30 30 30 30 30 30 30 30 30 30 30 30 30 30 30 30 30 30 30 30 22 30 27 30 30 23 25 30 23 30 7 13 15 7 9 6 8 14 10 4 4 0 2 0 4 2 2 5 3 0 0 6 1 2 0 2 1 0 0 1 0 1 0 0 0 1 0 2 6 0 2 0 
0 0 0 2 0 30 0 5 30 15 14 30 11 30 30 30 30 30 30 30 30 30 30 30 30 30 30 30 30 30 30 30 30 30 30 30 30 30 30 30 30 30 30 30 30 30 30 30 30 30 30 30 30 30 30 30 30 30 30 30 30 30 30 30 30 30 30 30 30 20 30 28 19 29 21 15 26 11 6 30 6 10 12 6 3 9 4 4 4 4 0 2 1 4 5 9 0 0 0 3 3 2 1 0 6 0 2 2 0 0 0 0 0 0 0 3 0 0 0 
0 0 0 6 2 7 6 4 30 30 30 13 30 30 30 30 30 30 30 30 30 30 30 30 30 30 30 30 30 30 30 30 30 30 30 30 30 30 30 30 30 30 30 30 30 30 30 30 30 30 30 30 30 30 30 30 30 30 30 30 30 30 30 30 30 30 30 27 21 30 30 25 30 25 10 19 16 29 14 13 16 17 15 13 24 4 10 16 3 5 15 4 10 2 1 1 4 1 3 5 4 0 0 0 1 0 0 0 4 0 0 0 0 0 0 0 0 
0 0 2 1 2 17 15 28 30 4 15 30 30 30 30 30 30 30 30 30 30 30 30 30 30 30 30 30 30 30 30 30 30 30 30 30 30 30 30 30 30 30 30 30 30 30 30 30 30 30 30 30 30 30 30 30 30 30 30 30 30 30 30 30 30 30 30 30 30 30 30 30 24 30 26 27 4 20 13 13 6 11 22 10 11 11 13 12 4 9 5 9 9 2 1 0 1 5 3 4 1 0 3 0 3 1 0 1 0 9 0 1 0 5 0 0 0 0 
0 0 1 5 0 3 4 30 30 30 29 30 30 30 30 30 30 30 30 30 30 30 30 30 30 30 30 30 30 30 30 30 30 30 30 30 30 30 30 30 30 30 30 30 30 30 30 30 30 30 30 30 30 30 30 30 30 30 30 30 30 30 30 30 30 30 30 30 30 30 21 30 30 30 30 30 17 30 12 13 17 22 17 15 14 20 8 10 2 6 6 1 3 3 2 3 4 1 3 0 2 2 0 0 4 3 0 0 2 0 3 0 5 4 0 0 0 2 1 0 
0 0 6 0 3 22 30 30 6 30 30 30 30 30 30 30 30 30 30 30 30 30 30 30 30 30 30 30 30 30 30 30 30 30 30 30 30 30 30 30 30 30 30 30 30 30 30 30 30 30 30 30 30 30 30 30 30 30 30 30 30 30 30 30 30 30 30 30 30 30 19 15 12 28 28 12 30 21 19 20 13 9 12 12 6 9 11 12 4 4 11 2 1 5 2 1 1 11 0 2 1 5 4 1 4 0 7 0 0 2 0 0 0 0 0 0 0 0 0 
0 0 0 1 6 15 30 3 20 30 8 9 30 5 30 30 30 30 30 30 30 30 30 30 30 30 30 30 30 30 30 30 30 30 30 30 30 30 30 30 30 30 30 30 30 30 30 30 30 30 30 30 30 30 30 30 30 30 30 30 30 30 30 30 30 30 30 30 30 30 30 22 19 19 30 17 28 7 21 16 21 2 11 11 4 15 11 11 6 2 10 10 6 5 2 5 5 5 2 3 2 1 2 3 3 1 1 3 0 0 0 3 0 0 0 0 0 2 1 0 0 0 
0 0 0 0 2 6 13 30 6 30 30 30 30 30 30 30 30 30 30 30 30 30 30 30 30 30 30 30 30 30 30 30 30 30 30 30 30 30 30 30 30 30 30 30 30 30 30 30 30 30 30 30 30 30 30 30 30 30 30 30 30 30 30 30 30 30 30 30 30 24 30 30 30 14 30 20 16 20 11 19 11 11 13 13 8 6 9 8 5 2 2 1 6 8 5 1 0 3 0 8 6 3 0 0 0 0 1 0 2 1 0 0 1 1 0 0 0 1 0 0 
0 0 0 3 6 11 30 30 20 17 29 30 30 30 30 30 30 30 30 30 30 30 30 30 30 30 30 30 30 30 30 30 30 30 30 30 30 30 30 30 30 30 30 30 30 30 30 30 30 30 30 30 30 30 30 30 30 30 30 30 30 30 30 30 30 30 30 30 30 30 30 30 17 26 26 11 26 20 18 12 9 18 10 12 14 20 6 13 5 2 2 2 3 14 2 1 0 4 3 7 5 5 0 1 2 4 1 0 2 0 2 2 0 1 0 1 0 0 0 0 0 
0 0 0 27 13 12 4 13 13 26 30 14 30 30 30 30 30 30 30 30 30 30 30 30 30 30 30 30 30 30 30 30 30 30 30 30 30 30 30 30 30 30 30 30 30 30 30 30 30 30 30 30 30 30 30 30 30 30 30 30 30 30 30 30 30 30 30 30 30 30 30 17 30 30 20 17 24 30 20 19 12 11 8 6 6 5 4 6 8 1 11 10 5 9 0 1 3 4 7 0 1 2 6 3 3 0 0 0 0 0 0 4 0 0 0 0 1 0 0 
0 0 0 3 30 9 12 8 30 8 30 10 30 30 30 30 30 30 30 30 30 30 30 30 30 30 30 30 30 30 30 30 30 30 30 30 30 30 30 30 30 30 30 30 30 30 30 30 30 30 30 30 30 30 30 30 30 30 30 30 30 30 30 30 30 30 30 30 30 30 29 30 30 22 18 30 30 12 15 12 8 7 5 11 6 1 8 3 1 3 4 16 6 4 3 1 2 0 2 4 2 1 7 1 0 0 1 1 2 2 0 0 0 0 2 1 3 0 0 
0 0 0 4 30 2 2 30 30 17 30 30 30 30 30 30 30 30 30 30 30 30 30 30 30 30 30 30 30 30 30 30 30 30 30 30 30 30 30 30 30 30 30 30 30 30 30 30 30 30 30 30 30 30 30 30 30 30 30 30 30 30 30 30 30 30 30 30 30 30 30 30 30 28 28 29 28 19 30 19 8 15 10 4 10 8 0 1 10 4 8 4 5 11 2 5 1 2 1 4 0 2 2 0 0 0 0 1 1 2 0 3 1 0 4 0 0 0 2 2 0 1 
0 0 0 2 30 1 1 30 30 19 19 30 30 30 30 30 30 30 30 30 30 30 30 30 30 30 30 30 30 30 30 30 30 30 30 30 30 30 30 30 30 30 30 30 30 30 30 30 30 30 30 30 30 30 30 30 30 30 30 30 30 30 30 30 30 30 30 30 30 25 30 30 30 30 20 10 6 17 18 18 15 10 0 0 11 8 4 3 11 1 1 5 6 2 6 1 6 5 0 0 2 0 7 0 0 3 3 0 0 4 0 1 4 1 0 0 0 
0 0 4 1 30 0 6 14 3 11 9 30 12 30 30 30 30 30 30 30 30 30 30 30 30 30 30 30 30 30 30 30 30 30 30 30 30 30 30 30 30 30 30 30 30 30 30 30 30 30 30 30 30 30 30 30 30 30 30 30 30 30 30 30 30 30 30 30 30 29 28 30 19 30 25 27 15 28 13 11 14 10 14 14 4 5 16 13 5 9 12 4 2 1 6 5 1 7 2 2 4 1 3 2 6 1 3 0 0 2 0 0 0 0 0 0 0 0 0 3 0 
0 0 0 1 1 30 7 25 4 3 30 11 30 30 30 30 30 30 30 30 30 30 30 30 30 30 30 30 30 30 30 30 30 30 30 30 30 30 30 30 30 30 30 30 30 30 30 30 30 30 30 30 30 30 30 30 30 30 30 30 30 30 30 30 30 30 30 30 30 30 30 30 30 21 20 30 30 28 29 21 19 15 14 11 19 13 14 12 19 6 1 4 15 2 4 6 3 5 4 4 4 0 2 3 1 2 0 1 0 5 2 4 0 0 5 0 0 0 0 1 1 
0 0 2 2 0 6 0 13 5 30 7 28 21 30 30 30 30 30 30 30 30 30 30 30 30 30 30 30 30 30 30 30 30 30 30 30 30 30 30 30 30 30 30 30 30 30 30 30 30 30 30 30 30 30 30 30 30 30 30 30 30 30 30 30 30 30 30 30 30 28 29 19 30 25 20 21 26 10 14 14 11 6 10 9 13 13 3 10 10 1 4 11 11 1 0 2 1 5 12 5 1 1 0 1 0 2 1 0 1 0 0 0 5 0 3 0 0 0 0 
0 0 0 0 3 11 30 2 2 28 30 20 19 30 30 30 30 30 30 30 30 30 30 30 30 30 30 30 30 30 30 30 30 30 30 30 30 30 30 30 30 30 30 30 30 30 30 30 30 30 30 30 30 30 30 30 30 30 30 30 30 30 30 30 30 30 30 30 30 30 30 30 26 18 26 22 27 27 13 15 12 12 15 20 9 16 4 5 8 2 8 5 16 1 9 3 8 6 3 3 0 4 1 0 1 0 0 0 1 2 3 0 0 0 1 4 0 0 0 0 
0 0 0 0 30 13 30 24 30 30 30 30 30 30 30 30 30 30 30 30 30 30 30 30 30 30 30 30 30 30 30 30 30 30 30 30 30 30 30 30 30 30 30 30 30 30 30 30 30 30 30 30 30 30 30 30 30 30 30 30 30 30 30 30 30 30 30 16 30 26 30 14 11 30 18 16 19 21 6 8 16 0 10 11 4 2 9 2 6 5 8 2 1 1 2 7 4 0 0 3 2 1 1 0 4 1 0 0 0 0 1 1 0 0 0 
0 0 8 0 11 9 8 4 30 10 20 1 30 30 30 30 30 30 30 30 30 30 30 30 30 30 30 30 30 30 30 30 30 30 30 30 30 30 30 30 30 30 30 30 30 30 30 30 30 30 30 30 30 30 30 30 30 30 30 30 30 30 30 30 30 30 30 30 30 30 30 30 30 30 30 30 17 30 17 22 10 8 14 11 26 11 4 2 9 5 5 1 2 1 1 7 3 5 1 2 7 0 3 0 0 0 1 0 0 2 0 0 0 0 1 0 0 0 0 
0 0 0 0 30 0 7 30 30 30 30 27 30 30 30 30 30 30 30 30 30 30 30 30 30 30 30 30 30 30 30 30 30 30 30 30 30 30 30 30 30 30 30 30 30 30 30 30 30 30 30 30 30 30 30 30 30 30 30 30 30 30 30 30 30 30 30 30 17 30 25 30 25 30 16 20 30 15 15 16 3 29 13 12 5 4 10 12 5 25 9 1 8 7 0 3 2 6 7 6 2 3 0 1 1 3 5 2 0 2 0 0 0 0 3 
0 0 0 5 30 2 12 30 30 0 30 30 30 15 30 30 30 30 30 30 30 30 30 30 30 30 30 30 30 30 30 30 30 30 30 30 30 30 30 30 30 30 30 30 30 30 30 30 30 30 30 30 30 30 30 30 30 30 30 30 30 30 30 30 30 30 30 30 30 30 20 30 30 20 22 26 25 14 22 15 17 15 18 6 9 0 5 8 3 9 4 5 1 2 3 2 2 3 3 0 9 0 2 8 0 1 4 0 4 0 3 0 2 1 0 0 1 4 0 1 
0 1 0 3 3 9 9 30 5 12 30 30 30 30 30 30 30 30 30 30 30 30 30 30 30 30 30 30 30 30 30 30 30 30 30 30 30 30 30 30 30 30 30 30 30 30 30 30 30 30 30 30 30 30 30 30 30 30 30 30 30 30 30 30 30 30 30 30 30 27 30 30 30 30 16 30 19 24 13 14 21 9 15 17 6 10 15 7 11 6 6 7 6 7 2 5 8 9 5 0 5 1 0 3 0 0 3 3 0 0 7 0 0 0 1 0 1 0 3 0 0 
0 0 0 0 0 4 10 19 30 7 30 20 30 30 30 30 30 30 30 30 30 30 30 30 30 30 30 30 30 30 30 30 30 30 30 30 30 30 30 30 30 30 30 30 30 30 30 30 30 30 30 30 30 30 30 30 30 30 30 30 30 30 30 30 30 30 30 30 30 30 30 28 20 15 22 11 21 15 17 22 15 13 7 10 6 6 4 2 5 10 5 14 5 9 2 1 4 1 10 0 9 0 1 6 5 1 0 1 0 0 1 0 1 0 2 0 0 5 0 0 
0 0 0 16 5 3 30 16 19 13 30 14 30 30 30 30 30 30 30 30 30 30 30 30 30 30 30 30 30 30 30 30 30 30 30 30 30 30 30 30 30 30 30 30 30 30 30 30 30 30 30 30 30 30 30 30 30 30 30 30 30 30 30 30 30 30 30 30 30 30 30 19 30 30 30 21 23 7 17 10 12 28 21 8 14 17 17 13 2 10 8 13 1 5 4 9 11 0 6 0 4 6 1 1 1 1 0 1 0 0 0 1 2 1 0 2 0 0 0 0 
0 0 0 1 3 30 5 30 2 1 15 9 30 17 19 30 30 30 30 30 30 30 30 30 30 30 30 30 30 30 30 30 30 30 30 30 30 30 30 30 30 30 30 30 30 30 30 30 30 30 30 30 30 30 30 30 30 30 30 30 30 30 30 30 30 30 30 30 30 30 30 30 29 30 30 16 30 24 26 12 27 27 13 16 6 13 19 9 5 8 8 1 1 9 11 4 0 5 4 0 1 1 1 1 0 0 0 6 3 2 0 4 0 0 1 0 0 0 1 0 0 4 
0 0 3 0 3 1 4 4 30 15 30 15 30 30 30 30 30 30 30 30 30 30 30 30 30 30 30 30 30 30 30 30 30 30 30 30 30 30 30 30 30 30 30 30 30 30 30 30 30 30 30 30 30 30 30 30 30 30 30 30 30 30 30 30 30 30 30 30 30 30 23 18 9 28 21 18 23 23 6 22 5 5 17 11 0 7 1 2 8 7 3 4 3 4 4 9 1 2 2 0 0 2 4 0 0 0 0 0 2 2 0 0 0 0 0 1 
0 0 0 8 5 30 10 30 19 10 23 30 30 30 30 30 30 30 30 30 30 30 30 30 30 30 30 30 30 30 30 30 30 30 30 30 30 30 30 30 30 30 30 30 30 30 30 30 30 30 30 30 30 30 30 30 30 30 30 30 30 30 30 30 30 30 30 30 30 30 30 28 30 21 25 26 11 20 30 12 16 14 13 13 3 6 9 2 4 17 3 12 14 4 2 0 2 0 0 6 0 0 1 4 2 2 0 0 0 0 0 0 0 0 1 0 
0 0 30 1 2 0 14 10 30 19 22 30 30 30 30 30 30 30 30 30 30 30 30 30 30 30 30 30 30 30 30 30 30 30 30 30 30 30 30 30 30 30 30 30 30 30 30 30 30 30 30 30 30 30 30 30 30 30 30 30 30 30 30 30 30 30 30 30 30 30 30 18 30 16 6 19 15 30 11 8 12 13 7 10 1 3 5 2 9 8 5 11 7 3 4 5 1 0 1 7 0 2 1 1 2 0 4 0 1 3 0 0 0 0 0 4 
0 0 0 0 4 8 30 1 6 30 8 9 30 23 30 30 30 30 30 30 30 30 30 30 30 30 30 30 30 30 30 30 30 30 30 30 30 30 30 30 30 30 30 30 30 30 30 30 30 30 30 30 30 30 30 30 30 30 30 30 30 30 30 30 30 30 30 30 30 30 30 30 30 30 30 30 28 16 19 21 16 12 24 15 14 11 22 6 10 5 16 5 4 9 5 8 3 2 2 3 3 0 1 3 1 5 0 0 0 2 0 0 3 0 0 0 13 0 0 1 0 0 
0 0 0 30 12 30 11 3 30 6 30 30 30 30 30 30 30 30 30 30 30 30 30 30 30 30 30 30 30 30 30 30 30 30 30 30 30 30 30 30 30 30 30 30 30 30 30 30 30 30 30 30 30 30 30 30 30 30 30 30 30 30 30 30 30 30 30 30 30 30 30 30 24 27 19 30 28 30 19 14 30 9 13 6 9 8 7 10 5 8 7 11 6 9 2 4 3 6 4 3 0 1 4 0 2 0 1 1 6 1 0 0 8 0 0 0 0 0 0 0 0 
0 0 2 1 12 25 22 9 30 30 30 30 30 30 30 30 30 30 30 30 30 30 30 30 30 30 30 30 30 30 30 30 30 30 30 30 30 30 30 30 30 30 30 30 30 30 30 30 30 30 30 30 30 30 30 30 30 30 30 30 30 30 30 30 30 30 30 19 30 20 28 26 30 20 29 19 14 9 10 10 12 3 26 3 5 11 14 4 4 1 7 8 3 5 3 1 1 2 5 2 2 6 5 2 1 0 2 0 0 0 0 0 3 0 1 0 0 0 
0 0 0 2 0 0 30 9 3 20 12 30 30 30 30 30 30 30 30 30 30 30 30 30 30 30 30 30 30 30 30 30 30 30 30 30 30 30 30 30 30 30 30 30 30 30 30 30 30 30 30 30 30 30 30 30 30 30 30 30 30 30 30 30 30 30 20 30 30 30 30 30 30 29 27 21 29 23 11 18 21 16 5 5 3 2 5 4 5 4 2 12 2 0 2 7 0 2 2 1 6 0 0 0 3 2 1 9 0 0 1 0 0 1 0 0 0 0 0 0 
0 0 0 6 0 21 3 30 30 30 30 11 30 30 30 30 30 30 30 30 30 30 30 30 30 30 30 30 30 30 30 30 30 30 30 30 30 30 30 30 30 30 30 30 30 30 30 30 30 30 30 30 30 30 30 30 30 30 30 30 30 30 30 30 30 29 30 30 30 30 26 26 21 30 17 6 18 24 14 9 8 19 4 16 14 8 8 11 7 5 2 3 0 7 9 2 1 3 8 4 9 1 0 1 1 3 0 3 0 0 1 0 0 0 0 1 0 0 0 0 1 
0 0 0 12 2 8 4 11 11 30 30 30 20 30 30 30 30 30 30 30 30 30 30 30 30 30 30 30 30 30 30 30 30 30 30 30 30 30 30 30 30 30 30 30 30 30 30 30 30 30 30 30 30 30 30 30 30 30 30 30 30 30 30 30 30 30 30 27 29 30 30 30 30 22 27 26 22 19 10 25 22 9 8 6 6 8 3 3 6 6 5 5 10 2 5 4 1 1 0 0 0 0 4 0 1 2 3 1 0 0 2 0 0 0 0 0 0 0 0 
0 0 0 1 30 30 10 0 20 20 30 22 30 30 30 30 30 30 30 30 30 30 30 30 30 30 30 30 30 30 30 30 30 30 30 30 30 30 30 30 30 30 30 30 30 30 30 30 30 30 30 30 30 30 30 30 30 30 30 30 30 30 30 30 30 30 30 30 30 30 30 29 25 30 21 20 25 13 9 22 16 10 9 10 5 5 9 3 3 3 3 2 5 1 0 3 1 1 1 4 1 2 0 0 0 3 0 0 0 0 0 1 0 0 0 0 1 0 0 
0 0 0 30 5 9 4 14 22 30 30 30 30 30 30 30 30 30 30 30 30 30 30 30 30 30 30 30 30 30 30 30 30 30 30 30 30 30 30 30 30 30 30 30 30 30 30 30 30 30 30 30 30 30 30 30 30 30 30 30 30 30 30 30 30 30 30 30 30 30 30 30 21 26 16 16 20 8 17 13 7 9 15 7 9 6 3 14 5 8 10 3 0 8 5 1 9 3 7 3 5 6 0 3 13 1 1 2 2 3 1 0 4 0 0 3 0 0 
0 0 0 3 0 3 24 9 3 30 27 30 30 30 30 30 30 30 30 30 30 30 30 30 30 30 30 30 30 30 30 30 30 30 30 30 30 30 30 30 30 30 30 30 30 30 30 30 30 30 30 30 30 30 30 30 30 30 30 30 30 30 30 30 30 30 30 30 30 30 30 30 30 30 9 30 20 27 20 18 30 16 10 6 7 9 8 2 4 10 6 1 8 2 13 2 0 5 3 4 6 2 2 2 7 2 0 3 3 0 0 0 0 0 0 0 0 0 0 0 
0 0 0 3 15 28 2 30 6 8 20 30 30 30 23 30 30 30 30 30 30 30 30 30 30 30 30 30 30 30 30 30 30 30 30 30 30 30 30 30 30 30 30 30 30 30 30 30 30 30 30 30 30 30 30 30 30 30 30 30 30 30 30 30 30 30 30 30 30 30 30 30 16 23 13 22 30 21 25 14 19 20 28 11 11 6 21 7 11 6 13 4 6 8 1 6 0 2 11 0 1 0 1 3 0 2 4 0 1 1 1 1 1 3 0 3 0 2 0 2 0 
0 0 2 6 0 0 29 13 7 19 30 30 12 30 30 21 30 30 30 30 30 30 30 30 30 30 30 30 30 30 30 30 30 30 30 30 30 30 30 30 30 30 30 30 30 30 30 30 30 30 30 30 30 30 30 30 30 30 30 30 30 30 30 30 30 30 30 30 30 25 30 30 30 30 25 21 30 21 11 10 27 18 12 24 15 15 7 23 8 12 2 7 12 7 10 5 12 4 2 0 8 5 1 0 3 4 0 3 2 0 0 1 0 2 0 0 0 2 0 3 0 0 0 0 
0 0 0 0 12 26 7 29 17 26 11 22 17 30 30 30 30 30 30 30 30 30 30 30 30 30 30 30 30 30 30 30 30 30 30 30 30 30 30 30 30 30 30 30 30 30 30 30 30 30 30 30 30 30 30 30 30 30 30 30 30 30 30 30 30 30 30 30 30 30 29 26 30 21 30 20 30 25 16 17 22 18 14 7 3 17 24 7 10 3 5 10 9 9 15 2 1 3 7 2 2 3 0 2 0 1 10 0 1 1 0 0 2 0 0 0 0 0 1 0 3 
0 0 0 1 2 14 8 10 17 30 30 30 30 30 30 30 30 30 30 30 30 30 30 30 30 30 30 30 30 30 30 30 30 30 30 30 30 30 30 30 30 30 30 30 30 30 30 30 30 30 30 30 30 30 30 30 30 30 30 30 30 30 30 30 30 30 30 30 21 30 30 30 30 28 11 13 11 11 14 15 13 14 12 3 6 16 5 4 15 4 5 6 6 3 3 7 6 6 3 0 0 7 1 1 3 1 0 3 0 1 0 4 0 7 0 0 0 0 
0 0 16 0 12 0 18 27 6 21 30 30 29 30 30 30 30 30 30 30 30 30 30 30 30 30 30 30 30 30 30 30 30 30 30 30 30 30 30 30 30 30 30 30 30 30 30 30 30 30 30 30 30 30 30 30 30 30 30 30 30 30 30 30 30 30 30 30 30 30 30 25 30 26 21 30 11 13 20 11 15 7 16 12 11 2 7 7 4 9 8 4 1 1 10 3 1 4 1 3 1 0 1 4 4 0 0 0 8 1 0 0 0 0 0 0 0 0 
0 0 4 0 1 0 1 2 1 10 26 22 30 26 30 30 30 30 30 30 30 30 30 30 30 30 30 30 30 30 30 30 30 30 30 30 30 30 30 30 30 30 30 30 30 30 30 30 30 30 30 30 30 30 30 30 30 30 30 30 30 30 30 30 30 30 30 30 30 30 30 30 28 24 30 30 20 23 15 16 18 9 10 5 12 10 4 3 11 8 8 8 10 2 1 6 1 0 3 0 3 2 1 4 5 0 8 2 0 1 2 1 0 1 0 1 0 0 0 0 0 
0 0 0 0 26 2 10 22 30 26 30 30 30 30 30 30 30 30 30 30 30 30 30 30 30 30 30 30 30 30 30 30 30 30 30 30 30 30 30 30 30 30 30 30 30 30 30 30 30 30 30 30 30 30 30 30 30 30 30 30 30 30 30 30 30 30 30 30 30 26 30 30 30 30 27 13 22 12 21 30 5 10 19 8 10 7 5 13 6 10 6 8 2 12 4 9 1 1 3 2 6 0 0 0 4 0 0 1 2 0 1 4 0 0 0 0 0 0 
0 0 0 2 0 6 1 13 5 25 30 16 28 30 30 30 30 30 30 30 30 30 30 30 30 30 30 30 30 30 30 30 30 30 30 30 30 30 30 30 30 30 30 30 30 30 30 30 30 30 30 30 30 30 30 30 30 30 30 30 30 30 30 30 30 30 30 30 30 30 30 30 25 30 30 24 24 22 30 25 23 15 10 10 22 2 9 7 6 10 8 10 14 5 5 4 0 0 3 4 3 5 1 0 0 0 3 0 3 0 2 7 0 4 0 0 1 0 
0 0 0 0 10 6 29 6 30 30 30 17 30 30 30 30 30 30 30 30 30 30 30 30 30 30 30 30 30 30 30 30 30 30 30 30 30 30 30 30 30 30 30 30 30 30 30 30 30 30 30 30 30 30 30 30 30 30 30 30 30 30 30 30 30 30 30 30 30 30 30 19 30 21 30 15 16 23 13 14 30 16 16 3 15 6 8 4 9 7 1 2 16 1 8 4 4 4 1 6 2 2 0 5 1 1 7 6 1 0 0 1 0 5 1 0 0 0 
0 0 0 1 0 2 30 30 25 18 30 30 30 30 30 30 30 30 30 30 30 30 30 30 30 30 30 30 30 30 30 30 30 30 30 30 30 30 30 30 30 30 30 30 30 30 30 30 30 30 30 30 30 30 30 30 30 30 30 30 30 30 30 30 30 30 30 30 30 30 30 29 30 30 30 18 27 20 19 19 21 12 9 17 8 7 10 13 3 5 17 0 6 0 6 3 6 1 1 2 0 2 0 1 2 2 1 1 3 1 1 0 2 0 0 0 1 1 0 0 
0 0 0 0 24 0 11 11 6 16 30 30 30 30 30 30 30 30 30 30 30 30 30 30 30 30 30 30 30 30 30 30 30 30 30 30 30 30 30 30 30 30 30 30 30 30 30 30 30 30 30 30 30 30 30 30 30 30 30 30 30 30 30 30 30 30 30 30 30 30 30 28 21 25 16 25 9 12 12 19 17 6 21 16 7 9 13 11 3 2 2 10 2 4 7 2 3 7 3 0 0 0 2 3 0 1 0 0 0 0 0 3 1 0 0 2 1 2 0 
0 0 0 19 0 5 1 30 7 3 9 26 30 30 30 28 30 30 30 30 30 30 30 30 30 30 30 30 30 30 30 30 30 30 30 30 30 30 30 30 30 30 30 30 30 30 30 30 30 30 30 30 30 30 30 30 30 30 30 30 30 30 30 30 30 30 30 30 30 30 30 25 30 24 30 30 28 17 18 13 13 16 30 12 3 14 7 15 10 7 12 6 1 5 4 10 1 4 0 1 0 2 3 0 4 4 3 0 0 0 0 4 1 1 1 1 0 0 0 0 0 
0 0 0 1 4 14 30 13 12 30 30 30 30 30 30 30 30 30 30 30 30 30 30 30 30 30 30 30 30 30 30 30 30 30 30 30 30 30 30 30 30 30 30 30 30 30 30 30 30 30 30 30 30 30 30 30 30 30 30 30 30 30 30 30 30 30 30 30 30 30 30 30 30 26 27 21 30 30 14 30 16 18 17 9 25 9 10 7 1 12 8 5 2 6 3 6 0 5 5 1 4 2 5 2 0 0 0 2 2 0 0 0 1 8 0 1 0 0 0 1 3 0 0 0 
0 0 0 5 3 2 19 1 30 30 15 14 30 30 30 30 30 30 30 30 30 30 30 30 30 30 30 30 30 30 30 30 30 30 30 30 30 30 30 30 30 30 30 30 30 30 30 30 30 30 30 30 30 30 30 30 30 30 30 30 30 30 30 30 30 30 30 30 29 30 30 30 22 26 29 15 14 22 24 16 15 8 24 13 12 13 10 6 3 7 9 1 2 6 5 0 3 1 2 1 1 3 3 0 1 0 0 2 3 1 2 0 0 0 0 0 0 0 0 0 0 
0 0 5 1 2 7 30 30 30 19 30 15 30 30 24 30 30 30 30 30 30 30 30 30 30 30 30 30 30 30 30 30 30 30 30 30 30 30 30 30 30 30 30 30 30 30 30 30 30 30 30 30 30 30 30 30 30 30 30 30 30 30 30 30 30 30 30 30 30 30 30 30 30 30 30 30 30 27 23 17 9 15 24 13 25 16 14 5 7 16 10 3 15 2 8 3 18 2 0 1 3 4 2 3 4 2 2 3 2 2 2 1 0 0 0 8 0 1 1 2 2 0 3 0 
0 0 0 2 1 16 9 1 3 6 2 30 25 30 17 30 30 30 30 30 30 30 30 30 30 30 30 30 30 30 30 30 30 30 30 30 30 30 30 30 30 30 30 30 30 30 30 30 30 30 30 30 30 30 30 30 30 30 30 30 30 30 30 30 30 30 30 30 30 30 30 25 30 22 30 21 20 26 12 11 24 4 23 9 12 5 5 6 12 4 5 7 6 3 9 4 2 2 4 3 0 0 1 1 0 0 2 2 0 0 0 0 0 0 0 0 0 0 1 0 
0 0 0 6 19 5 30 30 20 30 29 30 30 30 30 30 30 30 30 30 30 30 30 30 30 30 30 30 30 30 30 30 30 30 30 30 30 30 30 30 30 30 30 30 30 30 30 30 30 30 30 30 30 30 30 30 30 30 30 30 30 30 30 30 30 30 30 30 30 30 30 30 28 30 23 30 19 30 9 13 13 23 6 16 19 8 8 12 8 4 3 6 10 3 1 13 7 1 1 3 6 1 4 4 7 1 0 1 0 1 0 3 1 0 0 0 0 
0 0 0 0 4 6 30 10 9 30 30 30 30 30 30 30 30 30 30 30 30 30 30 30 30 30 30 30 30 30 30 30 30 30 30 30 30 30 30 30 30 30 30 30 30 30 30 30 30 30 30 30 30 30 30 30 30 30 30 30 30 30 30 30 30 30 30 30 30 30 30 30 25 20 26 24 16 14 15 21 15 13 10 9 7 10 10 5 2 5 4 11 5 3 3 4 3 0 0 0 2 0 0 4 4 0 1 0 0 0 0 0 0 6 0 0 0 
0 0 0 2 5 11 7 7 18 21 16 12 17 24 30 30 30 30 30 30 30 30 30 30 30 30 30 30 30 30 30 30 30 30 30 30 30 30 30 30 30 30 30 30 30 30 30 30 30 30 30 30 30 30 30 30 30 30 30 30 30 30 30 30 30 30 30 30 30 30 30 30 22 19 18 30 21 30 12 15 23 13 9 13 9 7 5 7 4 5 9 3 10 1 3 1 1 2 4 3 3 4 1 6 3 0 0 0 0 0 0 1 7 0 0 7 0 1 0 
0 0 0 0 30 5 30 7 8 10 8 20 30 30 30 30 22 30 30 30 30 30 30 30 30 30 30 30 30 30 30 30 30 30 30 30 30 30 30 30 30 30 30 30 30 30 30 30 30 30 30 30 30 30 30 30 30 30 30 30 30 30 30 30 30 30 30 30 30 30 30 30 30 30 16 27 25 19 13 9 17 14 27 5 9 9 3 16 6 8 3 7 3 3 5 1 0 6 0 0 2 1 3 0 1 1 2 2 0 2 1 0 1 0 0 0 1 0 0 0 4 0 0 
0 0 0 2 30 2 30 29 16 30 30 30 30 30 30 30 30 30 30 30 30 30 30 30 30 30 30 30 30 30 30 30 30 30 30 30 30 30 30 30 30 30 30 30 30 30 30 30 30 30 30 30 30 30 30 30 30 30 30 30 30 30 30 30 30 30 30 30 25 27 30 26 30 30 23 22 30 17 9 12 10 12 9 10 2 13 17 10 0 4 4 4 3 5 8 3 2 1 0 0 1 8 5 0 0 1 0 4 0 1 0 1 0 0 0 0 
0 0 8 0 2 23 11 14 25 30 10 26 30 30 30 30 30 30 30 30 30 30 30 30 30 30 30 30 30 30 30 30 30 30 30 30 30 30 30 30 30 30 30 30 30 30 30 30 30 30 30 30 30 30 30 30 30 30 30 30 30 30 30 30 30 30 30 30 30 29 30 30 30 27 30 15 21 28 23 20 17 12 13 18 7 12 6 7 4 9 3 0 2 0 1 1 7 2 2 0 3 2 0 0 1 0 4 1 1 0 0 0 0 3 2 1 2 0 0 0 0 0 0 
0 0 0 0 13 1 11 30 1 7 30 30 30 30 30 30 30 30 30 30 30 30 30 30 30 30 30 30 30 30 30 30 30 30 30 30 30 30 30 30 30 30 30 30 30 30 30 30 30 30 30 30 30 30 30 30 30 30 30 30 30 30 30 30 30 30 30 30 30 30 21 27 17 11 30 30 15 19 16 12 9 8 17 9 4 5 4 16 10 8 21 4 9 0 2 2 2 4 2 7 1 0 0 0 2 0 0 0 0 1 0 0 0 0 0 0 0 
0 0 0 0 0 0 8 5 6 15 24 15 30 30 30 30 30 30 30 30 30 30 30 30 30 30 30 30 30 30 30 30 30 30 30 30 30 30 30 30 30 30 30 30 30 30 30 30 30 30 30 30 30 30 30 30 30 30 30 30 30 30 30 30 30 30 30 28 30 30 30 26 30 29 25 22 27 11 14 13 16 10 13 17 6 6 1 7 5 7 4 1 6 6 1 2 18 0 5 3 1 1 2 1 1 12 4 0 1 0 0 0 0 0 1 0 0 0 0 3 1 
0 0 10 5 30 2 1 30 19 30 30 30 30 30 30 30 30 30 30 30 30 30 30 30 30 30 30 30 30 30 30 30 30 30 30 30 30 30 30 30 30 30 30 30 30 30 30 30 30 30 30 30 30 30 30 30 30 30 30 30 30 30 30 30 30 30 30 30 30 30 30 30 17 17 21 26 21 22 6 23 15 6 16 2 10 13 5 6 5 7 18 4 7 3 2 4 2 3 2 2 5 0 0 0 2 0 1 0 1 1 0 0 0 0 0 0 0 
0 0 1 1 15 2 1 17 30 15 4 30 28 23 30 30 30 30 30 30 30 30 30 30 30 30 30 30 30 30 30 30 30 30 30 30 30 30 30 30 30 30 30 30 30 30 30 30 30 30 30 30 30 30 30 30 30 30 30 30 30 30 30 30 30 30 30 30 30 30 30 30 30 30 30 20 23 26 11 17 10 12 14 10 5 2 17 21 8 4 5 12 3 2 2 1 3 10 9 10 4 0 0 2 0 2 3 2 2 0 1 0 2 4 0 0 2 2 0 0 
0 0 0 0 0 0 0 2 30 30 17 30 30 30 30 30 30 30 30 30 30 30 30 30 30 30 30 30 30 30 30 30 30 30 30 30 30 30 30 30 30 30 30 30 30 30 30 30 30 30 30 30 30 30 30 30 30 30 30 30 30 30 30 30 30 30 30 30 30 18 30 19 30 30 24 23 14 16 24 22 18 16 10 5 5 5 8 10 10 2 3 10 2 6 9 9 5 5 5 7 0 1 11 1 0 0 2 0 0 1 2 0 0 0 0 0 0 0 0 0 0 0 
0 0 0 0 0 20 1 12 11 16 30 12 12 30 30 30 30 30 30 30 30 30 30 30 30 30 30 30 30 30 30 30 30 30 30 30 30 30 30 30 30 30 30 30 30 30 30 30 30 30 30 30 30 30 30 30 30 30 30 30 30 30 30 30 30 30 30 30 30 30 28 30 30 30 17 22 20 13 19 9 14 14 16 7 10 10 4 3 1 9 1 6 6 0 2 7 1 1 3 4 0 0 0 1 0 0 0 0 0 0 0 1 1 0 2 1 0 
0 0 4 1 23 9 2 20 3 9 30 26 30 30 22 30 30 30 30 30 30 30 30 30 30 30 30 30 30 30 30 30 30 30 30 30 30 30 30 30 30 30 30 30 30 30 30 30 30 30 30 30 30 30 30 30 30 30 30 30 30 30 30 30 30 30 30 30 30 30 30 30 30 27 22 30 30 22 28 20 14 16 12 11 8 4 13 10 10 9 3 14 9 3 1 0 9 4 1 4 2 1 4 2 1 2 2 0 1 1 0 0 2 0 0 1 0 0 1 4 0 
0 0 0 7 5 9 30 21 14 30 18 30 30 30 30 30 30 30 30 30 30 30 30 30 30 30 30 30 30 30 30 30 30 30 30 30 30 30 30 30 30 30 30 30 30 30 30 30 30 30 30 30 30 30 30 30 30 30 30 30 30 30 30 30 30 30 30 30 30 22 30 30 15 27 25 30 14 15 7 13 12 9 21 14 3 3 7 13 5 12 2 2 5 11 2 3 5 12 1 0 1 3 1 0 0 1 6 5 3 0 1 0 1 2 0 0 0 0 0 
0 0 2 8 0 30 18 8 30 30 16 30 30 30 30 30 30 30 30 30 30 30 30 30 30 30 30 30 30 30 30 30 30 30 30 30 30 30 30 30 30 30 30 30 30 30 30 30 30 30 30 30 30 30 30 30 30 30 30 30 30 30 30 30 30 30 30 30 30 30 30 24 30 30 19 20 18 20 8 13 19 4 6 9 8 9 9 16 7 5 5 4 8 3 1 4 3 0 0 8 3 6 5 2 2 2 4 0 4 0 5 1 0 4 0 0 3 4 0 0 0 2 
0 0 0 5 0 16 20 30 30 30 30 17 19 30 30 28 30 30 30 30 30 30 30 30 30 30 30 30 30 30 30 30 30 30 30 30 30 30 30 30 30 30 30 30 30 30 30 30 30 30 30 30 30 30 30 30 30 30 30 30 30 30 30 30 30 30 30 30 30 30 30 30 30 30 25 27 30 26 29 11 9 30 18 11 15 9 9 9 1 8 12 4 6 11 3 2 3 3 3 1 0 3 3 0 1 0 1 0 0 2 0 0 2 0 0 0 0 0 0 0 0 0 0 
0 0 1 30 0 13 3 9 30 30 30 30 30 30 30 30 30 30 30 30 30 30 30 30 30 30 30 30 30 30 30 30 30 30 30 30 30 30 30 30 30 30 30 30 30 30 30 30 30 30 30 30 30 30 30 30 30 30 30 30 30 30 30 30 30 30 30 30 30 30 30 30 30 30 30 30 18 26 24 23 12 24 10 12 15 20 7 22 13 2 4 6 9 10 22 3 7 4 2 3 5 4 3 4 0 5 2 1 0 0 0 0 6 0 0 4 2 2 0 2 0 0 0 
0 0 0 11 7 5 7 30 30 13 25 30 30 30 30 30 30 30 30 30 30 30 30 30 30 30 30 30 30 30 30 30 30 30 30 30 30 30 30 30 30 30 30 30 30 30 30 30 30 30 30 30 30 30 30 30 30 30 30 30 30 30 30 30 30 30 30 30 30 30 30 30 22 30 26 18 30 30 20 30 24 2 17 17 13 14 8 2 7 4 4 7 2 6 2 4 8 5 2 8 1 1 4 1 1 1 1 1 1 1 1 1 2 0 2 0 0 2 0 0 
0 0 11 6 2 0 30 19 30 30 30 25 30 30 30 30 30 30 30 30 30 30 30 30 30 30 30 30 30 30 30 30 30 30 30 30 30 30 30 30 30 30 30 30 30 30 30 30 30 30 30 30 30 30 30 30 30 30 30 30 30 30 30 30 30 30 30 30 30 30 30 30 30 26 26 20 25 14 16 19 12 13 14 13 7 6 7 16 6 10 11 7 8 20 9 3 1 1 1 0 4 11 2 0 0 0 1 0 1 0 3 0 0 0 0 0 0 0 3 0 0 
0 0 0 0 15 9 8 30 6 12 30 30 30 30 30 30 30 30 30 30 30 30 30 30 30 30 30 30 30 30 30 30 30 30 30 30 30 30 30 30 30 30 30 30 30 30 30 30 30 30 30 30 30 30 30 30 30 30 30 30 30 30 30 30 30 30 30 30 30 30 30 28 17 30 30 18 29 22 18 21 30 6 6 7 3 5 10 9 6 5 1 7 1 7 4 3 4 1 2 0 1 1 3 2 0 0 0 0 1 0 0 0 3 1 0 0 0 0 0 0 
0 0 0 30 3 14 2 9 26 30 26 7 10 30 30 30 30 30 30 30 30 30 30 30 30 30 30 30 30 30 30 30 30 30 30 30 30 30 30 30 30 30 30 30 30 30 30 30 30 30 30 30 30 30 30 30 30 30 30 30 30 30 30 30 30 30 30 30 30 30 30 24 22 30 21 30 25 25 26 27 15 19 15 9 16 13 7 19 5 9 11 11 2 16 10 3 0 7 3 5 6 4 0 3 5 0 1 3 1 0 0 0 0 0 0 0 0 0 
0 0 2 0 30 2 30 22 23 30 30 30 30 21 30 30 30 30 30 30 30 30 30 30 30 30 30 30 30 30 30 30 30 30 30 30 30 30 30 30 30 30 30 30 30 30 30 30 30 30 30 30 30 30 30 30 30 30 30 30 30 30 30 30 30 30 30 30 28 25 30 30 30 23 20 20 21 21 21 17 20 15 7 18 6 3 9 1 11 3 8 16 5 1 2 5 2 0 0 1 1 1 3 4 4 0 2 0 0 0 1 0 0 0 0 0 1 0 0 1 
0 0 0 0 8 0 1 0 30 30 26 30 30 30 30 30 30 30 30 30 30 30 30 30 30 30 30 30 30 30 30 30 30 30 30 30 30 30 30 30 30 30 30 30 30 30 30 30 30 30 30 30 30 30 30 30 30 30 30 30 30 30 30 30 30 30 30 30 30 30 30 30 30 20 30 30 19 22 28 7 14 17 7 13 20 12 17 8 5 17 1 9 4 4 2 3 2 1 0 13 0 4 1 2 5 2 0 1 0 2 6 3 5 1 0 0 0 1 0 
0 0 0 2 3 8 10 13 30 9 27 30 30 30 30 30 30 30 30 30 30 30 30 30 30 30 30 30 30 30 30 30 30 30 30 30 30 30 30 30 30 30 30 30 30 30 30 30 30 30 30 30 30 30 30 30 30 30 30 30 30 30 30 30 30 30 30 30 30 30 29 29 30 29 20 23 30 5 13 19 6 13 7 6 7 1 2 2 4 5 8 2 9 5 0 7 11 1 1 6 0 3 1 2 0 1 1 0 0 1 6 0 5 0 0 0 0 1 0 0 0 
0 0 0 2 18 5 6 10 27 23 30 30 30 30 30 30 30 30 30 30 30 30 30 30 30 30 30 30 30 30 30 30 30 30 30 30 30 30 30 30 30 30 30 30 30 30 30 30 30 30 30 30 30 30 30 30 30 30 30 30 30 30 30 30 30 30 30 30 30 30 30 30 29 30 17 22 21 30 15 15 18 10 17 7 18 14 15 7 2 13 4 7 4 1 3 3 2 0 4 0 3 1 5 4 0 0 2 2 1 0 0 1 0 1 0 0 1 0 0 4 
0 0 2 3 0 18 2 23 1 30 3 21 16 30 28 14 30 30 30 30 30 30 30 30 30 30 30 30 30 30 30 30 30 30 30 30 30 30 30 30 30 30 30 30 30 30 30 30 30 30 30 30 30 30 30 30 30 30 30 30 30 30 30 30 30 30 30 30 30 30 30 30 30 30 30 30 30 30 30 17 15 17 15 22 10 21 5 11 6 6 14 9 7 2 6 7 3 6 3 3 0 3 1 1 2 5 1 3 0 1 0 0 0 3 6 0 0 0 6 0 0 0 0 5 0 
0 0 0 0 3 14 16 10 9 7 13 21 30 30 30 30 30 30 30 30 30 30 30 30 30 30 30 30 30 30 30 30 30 30 30 30 30 30 30 30 30 30 30 30 30 30 30 30 30 30 30 30 30 30 30 30 30 30 30 30 30 30 30 30 30 30 27 30 30 30 29 22 27 29 29 29 17 17 21 15 14 20 14 6 6 10 6 5 9 11 2 2 4 5 1 6 2 0 4 0 12 0 0 0 0 1 1 1 0 0 0 0 0 0 1 0 3 0 
0 0 0 0 30 0 30 5 29 30 30 30 30 30 30 30 30 30 30 30 30 30 30 30 30 30 30 30 30 30 30 30 30 30 30 30 30 30 30 30 30 30 30 30 30 30 30 30 30 30 30 30 30 30 30 30 30 30 30 30 30 30 30 30 30 30 30 30 30 30 30 30 30 14 30 30 14 26 30 21 11 20 26 7 4 29 24 12 14 3 3 4 2 7 7 8 1 1 2 1 2 1 2 6 1 0 0 0 0 1 6 0 0 1 1 1 2 1 0 0 0 
0 0 3 20 0 4 26 2 30 6 30 13 30 6 30 30 30 30 30 30 30 30 30 30 30 30 30 30 30 30 30 30 30 30 30 30 30 30 30 30 30 30 30 30 30 30 30 30 30 30 30 30 30 30 30 30 30 30 30 30 30 30 30 30 30 30 30 30 30 30 30 30 30 25 29 24 16 8 21 16 15 16 3 15 21 10 28 11 9 19 8 6 0 4 4 2 0 6 5 2 6 0 5 3 2 0 0 2 2 0 2 0 0 0 0 0 2 
0 0 1 0 0 11 25 14 30 7 27 30 30 30 30 30 30 30 30 30 30 30 30 30 30 30 30 30 30 30 30 30 30 30 30 30 30 30 30 30 30 30 30 30 30 30 30 30 30 30 30 30 30 30 30 30 30 30 30 30 30 30 30 30 30 30 30 30 30 30 30 30 30 30 30 26 28 16 13 23 15 9 17 6 9 6 7 6 11 6 1 4 2 0 1 0 5 7 9 0 7 0 1 0 1 0 0 0 2 0 0 5 7 3 0 1 0 
0 0 0 0 15 8 21 30 30 23 30 30 30 30 30 30 30 30 30 30 30 30 30 30 30 30 30 30 30 30 30 30 30 30 30 30 30 30 30 30 30 30 30 30 30 30 30 30 30 30 30 30 30 30 30 30 30 30 30 30 30 30 30 30 30 30 30 30 30 30 30 30 19 30 15 23 23 9 11 11 18 19 11 8 15 5 9 14 5 2 2 5 6 4 4 1 3 3 1 4 2 1 2 4 0 3 0 0 0 1 1 3 0 1 1 
0 0 0 12 1 1 7 3 30 10 9 9 30 30 30 30 30 30 30 30 30 30 30 30 30 30 30 30 30 30 30 30 30 30 30 30 30 30 30 30 30 30 30 30 30 30 30 30 30 30 30 30 30 30 30 30 30 30 30 30 30 30 30 30 30 30 30 30 30 30 30 30 21 30 16 27 30 19 17 28 18 14 20 8 13 6 6 5 3 2 5 1 4 2 4 7 0 4 1 2 1 0 10 4 8 14 0 0 0 1 1 1 0 0 0 0 0 0 1 0 0 
0 0 0 4 0 0 0 5 5 30 6 11 22 29 30 30 30 30 30 30 30 30 30 30 30 30 30 30 30 30 30 30 30 30 30 30 30 30 30 30 30 30 30 30 30 30 30 30 30 30 30 30 30 30 30 30 30 30 30 30 30 30 30 30 30 30 30 30 30 30 30 30 18 30 13 19 18 15 10 13 12 16 15 25 14 10 13 19 4 6 3 6 2 4 5 4 7 4 2 2 2 0 6 0 0 0 0 0 6 1 1 0 1 2 0 0 0 3 2 0 1 0 0 1 0 6 0 0 
0 0 0 2 1 10 1 3 11 16 30 8 30 30 30 30 30 30 30 30 30 30 30 30 30 30 30 30 30 30 30 30 30 30 30 30 30 30 30 30 30 30 30 30 30 30 30 30 30 30 30 30 30 30 30 30 30 30 30 30 30 30 30 30 30 30 30 30 30 30 30 30 25 30 18 30 24 30 24 17 23 13 20 15 11 4 4 1 2 9 14 2 5 5 4 4 3 1 6 4 0 2 0 1 0 1 0 3 0 1 1 0 2 0 0 0 0 0 0 0 
0 0 0 0 0 5 22 30 30 30 30 30 27 30 30 30 30 30 30 30 30 30 30 30 30 30 30 30 30 30 30 30 30 30 30 30 30 30 30 30 30 30 30 30 30 30 30 30 30 30 30 30 30 30 30 30 30 30 30 30 30 30 30 30 30 30 30 30 30 30 30 26 30 21 10 20 10 16 30 8 18 13 10 19 25 5 8 4 7 7 1 5 6 1 2 1 0 0 4 2 4 0 1 0 2 1 2 2 0 0 0 2 0 0 0 0 1 0 
0 0 0 0 0 30 5 22 30 30 14 30 30 30 30 30 30 30 30 30 30 30 30 30 30 30 30 30 30 30 30 30 30 30 30 30 30 30 30 30 30 30 30 30 30 30 30 30 30 30 30 30 30 30 30 30 30 30 30 30 30 30 30 30 30 30 30 30 30 30 29 30 24 30 28 30 5 18 19 10 24 18 6 19 3 6 7 1 5 5 0 12 7 1 3 8 2 3 2 0 0 5 2 0 3 0 0 0 1 2 1 0 0 0 0 0 0 0 0 
0 0 0 0 0 14 24 25 30 15 30 30 30 30 30 30 30 30 30 30 30 30 30 30 30 30 30 30 30 30 30 30 30 30 30 30 30 30 30 30 30 30 30 30 30 30 30 30 30 30 30 30 30 30 30 30 30 30 30 30 30 30 30 30 30 30 30 30 30 30 27 30 19 20 19 30 30 13 21 10 6 13 4 14 11 4 10 17 5 11 9 2 3 2 0 2 0 8 0 4 1 4 1 0 0 6 0 2 0 1 0 0 0 0 3 4 0 0 
