0 1 21 54 93 129 150 145 174 190 211 226 246 273 338 389 485 611 753 952 1181 1528 1919 2426 2980 3547 4206 4970 5759 6698 7727 8873 10101 11382 12566 13768 15019 16301 17607 18714 19858 20865 21664 22528 23434 23929 23992 23992 23830 23433 23109 22619 21966 21221 20305 19338 18229 17121 15914 14834 13691 12538 11278 10163 8960 7840 6747 5829 4824 3895 3008 2299 1523 788 128 -494 
0 1 13 62 99 138 159 179 197 205 221 258 333 427 529 658 819 1022 1272 1624 2053 2585 3156 3853 4626 5424 6379 7290 8355 9335 10554 11746 13071 14251 15586 16810 18037 19092 20202 21110 22035 22746 23184 23497 23802 23872 23833 23552 23019 22544 21875 21154 20047 19031 17968 16752 15516 14242 13070 11901 10759 9527 8324 7236 6154 5310 4365 3396 2598 1751 1025 367 -305 
0 0 11 53 102 147 166 181 192 209 256 311 386 471 595 768 943 1155 1401 1761 2210 2674 3240 3821 4433 5183 6090 7145 8326 9492 10614 11860 13110 14410 15621 16958 18347 19575 20541 21480 22278 22924 23525 23927 24105 23887 23457 23274 23005 22337 21658 20758 19795 18840 17680 16484 15191 13964 12853 11673 10514 9242 8184 7131 6159 5158 4176 3253 2472 1748 1063 390 -283 
0 0 11 51 97 141 161 177 206 210 233 266 316 403 530 712 918 1129 1456 1854 2258 2702 3241 3889 4631 5418 6312 7251 8325 9347 10616 11853 13148 14520 15714 17001 18155 19300 20310 21333 22270 23109 23432 23780 24101 23953 23847 23710 23111 22459 21847 20952 19975 19002 17850 16660 15599 14277 13135 11865 10768 9641 8567 7491 6298 5238 4258 3338 2456 1617 801 83 -613 
0 2 11 58 113 146 166 174 182 195 233 287 358 435 523 706 971 1234 1560 1885 2278 2711 3168 3806 4588 5417 6217 7105 8125 9199 10260 11433 12585 13870 15087 16105 17229 18367 19368 20548 21557 22429 23047 23523 23755 23750 23509 23251 22915 22492 21811 21094 20119 19011 17854 16829 15760 14591 13294 12146 11004 9911 8709 7486 6485 5583 4685 3765 2972 2166 1332 638 -42 
0 1 21 49 99 146 162 190 201 209 223 239 287 363 477 617 823 1030 1243 1510 1802 2210 2710 3272 3935 4750 5596 6511 7541 8671 9709 10826 12081 13396 14713 16041 17318 18582 19736 20677 21541 22310 22981 23424 23926 24088 24084 23979 23552 22852 22182 21498 20646 19575 18484 17548 16454 15207 14001 12639 11506 10492 9233 7944 6786 5759 4794 3803 2829 2032 1329 594 -137 
0 1 21 56 83 122 155 176 190 195 212 229 288 318 377 448 593 744 914 1126 1433 1748 2124 2532 3089 3689 4418 5167 6061 6953 8028 9116 10295 11502 12847 14085 15409 16734 17864 19061 20232 21204 21978 22745 23341 23675 23897 23975 24019 23646 23322 22557 21754 20885 19989 19192 18270 17239 16039 14692 13402 12273 11028 9942 8868 7680 6574 5495 4429 3514 2574 1736 943 167 -430 
0 1 19 64 102 132 162 178 194 192 209 230 259 274 317 388 527 697 915 1179 1518 1916 2375 2970 3594 4221 5005 5983 6999 8035 9106 10256 11497 12659 14039 15441 16721 17998 19098 20041 21175 22115 22761 23492 23903 24086 24142 24191 23883 23458 22892 21895 21054 20172 19118 18086 16758 15689 14511 13320 12073 10826 9521 8476 7394 6398 5390 4459 3548 2601 1862 1098 400 -269 
0 3 23 60 107 132 165 183 188 195 214 238 279 354 455 618 845 1193 1590 2059 2512 2964 3479 4120 4869 5645 6563 7592 8796 9904 11119 12441 13773 15136 16361 17475 18623 19763 20713 21750 22579 23103 23509 23879 24102 24094 23775 23341 22786 22192 21410 20547 19626 18517 17472 16344 15293 14073 12727 11501 10212 9072 7976 6967 5966 4898 4033 3221 2411 1625 959 324 -258 
0 2 21 60 111 145 171 190 197 225 254 303 392 520 652 871 1125 1431 1757 2195 2698 3259 3991 4706 5500 6364 7391 8515 9543 10838 12065 13306 14659 15958 17260 18443 19388 20349 21136 21903 22759 23496 23815 23913 23883 23730 23317 22957 22444 21769 20780 19880 18869 17780 16630 15427 14181 12922 11770 10646 9477 8365 7203 6093 5092 4250 3325 2528 1767 1034 330 -320 
0 0 18 57 102 135 166 172 194 210 239 269 322 439 570 743 980 1283 1669 2098 2617 3296 4064 4968 5896 6874 7845 8864 10000 11067 12315 13492 14655 15906 17212 18613 19760 20811 21799 22585 23200 23669 24155 24305 24338 24083 23750 23060 22270 21526 20663 19723 18695 17652 16519 15242 14065 12865 11600 10446 9368 8167 7068 5970 4997 4057 3216 2342 1551 843 254 -407 
0 1 16 69 114 146 167 165 177 194 229 259 314 418 574 780 1038 1287 1544 1836 2167 2581 3005 3649 4347 5136 6014 6971 8085 9254 10522 11788 13034 14309 15593 16990 18139 19290 20401 21225 22206 22813 23298 23699 23899 23964 23629 23368 22896 22474 21810 20821 19967 19003 18037 16814 15687 14410 13138 11920 10563 9430 8392 7344 6257 5251 4237 3430 2576 1774 1000 308 -279 
0 2 20 66 118 141 166 176 175 184 201 219 249 300 371 498 657 839 1127 1481 1907 2368 2859 3479 4151 4921 5742 6759 7888 8927 10036 11230 12534 13836 15147 16408 17627 18692 19819 20825 21700 22305 22912 23470 23728 23823 23666 23510 22981 22591 22099 21320 20404 19521 18496 17288 16185 14960 13780 12580 11506 10307 9203 8091 7008 5992 5026 4046 3177 2335 1518 698 5 -638 
0 0 14 57 102 141 153 166 175 190 216 241 279 324 388 471 616 757 926 1182 1437 1733 2138 2653 3093 3690 4320 5076 6040 7039 8155 9374 10570 11802 12998 14236 15394 16690 17887 19081 20038 20913 21883 22626 23128 23551 23728 23707 23628 23318 22865 22206 21615 20748 19967 18829 17738 16613 15477 14387 13263 12136 10862 9585 8405 7312 6363 5324 4494 3662 2783 1970 1233 492 -177 
0 0 11 56 93 125 146 157 173 194 227 256 325 421 550 677 874 1133 1391 1707 2080 2506 3025 3692 4418 5171 6055 6965 8005 9130 10211 11332 12555 13915 15279 16710 18001 19050 20081 20834 21619 22333 23075 23389 23553 23636 23543 23434 22883 22393 21669 20808 19773 18785 17644 16681 15540 14399 13126 11888 10752 9632 8464 7416 6445 5428 4470 3511 2643 1872 1118 501 -173 
0 1 13 59 107 141 165 177 195 240 284 355 423 499 661 876 1174 1502 1954 2478 2985 3556 4185 4898 5708 6605 7574 8660 9730 10911 12133 13466 14659 15931 17135 18151 19317 20495 21590 22332 23011 23474 23748 23813 23823 23731 23631 23200 22657 21869 20911 19852 18786 17548 16482 15284 14129 12855 11608 10427 9341 8309 7187 6236 5264 4303 3456 2555 1679 932 259 -400 
0 1 17 55 104 138 160 182 221 256 292 352 419 500 584 706 875 1074 1230 1467 1823 2226 2694 3244 3862 4595 5431 6322 7326 8400 9637 10798 11966 13184 14456 15793 17046 18329 19524 20555 21509 22354 23043 23651 23960 24101 24031 23823 23444 22872 22227 21378 20599 19664 18570 17277 16044 14797 13621 12582 11435 10323 9256 8148 6978 5948 4964 4009 3039 2326 1511 796 22 -601 
0 0 15 51 91 131 159 182 196 222 227 261 293 353 447 587 775 1069 1331 1666 2017 2469 3086 3883 4680 5475 6361 7245 8292 9433 10580 11773 12994 14411 15706 17004 18253 19515 20667 21587 22374 23038 23502 23915 23917 23982 23923 23602 22989 22609 21673 20904 19919 18870 17716 16519 15472 14149 12937 11782 10567 9605 8434 7426 6369 5366 4360 3577 2752 1838 1097 348 -305 
0 0 22 63 107 134 160 181 195 205 229 277 329 418 541 710 878 1064 1321 1611 2005 2475 3058 3750 4500 5185 6000 6838 7832 9011 10379 11611 12897 14170 15376 16713 17843 19001 20100 21129 21995 22772 23465 23885 24131 24028 24034 23730 23151 22628 21884 21204 20187 19172 18135 17028 15849 14582 13394 12218 10946 9825 8634 7622 6591 5504 4501 3654 2886 2039 1247 455 -279 
0 1 14 52 96 129 166 184 191 197 217 252 303 374 443 566 712 898 1156 1440 1862 2404 2940 3552 4150 4835 5569 6488 7472 8478 9546 10759 11776 13081 14430 15782 16978 18189 19211 20277 21103 22055 22710 23215 23669 23837 23976 23773 23464 23122 22465 21803 20999 20207 19196 18003 16823 15567 14351 13285 12149 10883 9702 8496 7436 6287 5244 4249 3285 2592 1682 969 242 -305 
0 2 21 50 107 143 171 185 201 208 245 280 334 383 458 542 645 780 935 1153 1451 1799 2308 2855 3407 4172 5008 5891 6908 7923 9020 10111 11397 12798 14012 15280 16421 17650 18804 19909 20903 21582 22417 23028 23631 23743 23749 23587 23413 23034 22585 21942 21022 20281 19367 18191 17225 15915 14801 13471 12229 11058 9715 8574 7585 6586 5553 4588 3615 2843 2036 1236 520 -89 
0 0 15 49 94 130 149 162 183 186 206 233 252 333 437 573 758 975 1202 1477 1835 2258 2707 3220 3868 4526 5247 6147 7310 8506 9717 10781 12074 13368 14549 15862 17109 18326 19431 20596 21617 22350 22874 23182 23525 23884 24049 23671 23272 22984 22239 21410 20451 19743 18514 17489 16385 15244 14025 12792 11601 10388 9224 8207 7155 6035 5117 4195 3328 2517 1721 967 277 -359 
0 0 28 61 110 155 178 197 214 226 254 271 297 362 490 648 909 1187 1484 1887 2292 2801 3369 4080 4832 5652 6593 7478 8479 9615 10708 11923 13121 14364 15704 17057 18216 19338 20331 21517 22233 22808 23313 23849 23958 23874 23724 23373 22638 22139 21179 20213 19306 18411 17484 16443 15275 14096 12798 11551 10346 9218 8256 7245 6097 5132 4236 3241 2441 1648 919 307 -363 
0 3 18 54 100 126 156 191 209 233 257 273 322 347 414 515 728 997 1334 1636 2005 2511 3031 3637 4279 4976 5880 6872 7823 8917 10022 11300 12642 13969 15316 16438 17699 19000 20217 21218 22020 22906 23531 24029 24192 24328 24147 23854 23341 22725 22066 21276 20149 19089 18011 16878 15758 14602 13360 12042 10786 9598 8467 7437 6436 5426 4438 3605 2788 1964 1205 495 -188 
0 0 21 57 98 131 156 166 169 174 170 193 216 258 311 376 434 560 675 891 1085 1313 1617 1983 2433 3026 3716 4424 5175 6079 6957 7897 8986 10164 11314 12583 13773 14958 16031 17049 18000 19020 19950 20788 21714 22294 22908 23317 23452 23273 23118 22817 22334 21819 21033 20165 19115 18217 17123 15896 14695 13558 12396 11369 10275 9045 7993 7005 6001 5057 4167 3355 2610 1869 1066 348 -256 
0 2 19 55 100 138 149 165 170 191 217 233 251 293 361 440 516 631 818 1084 1401 1762 2250 2788 3346 4053 4856 5694 6770 7757 8873 10050 11224 12410 13624 14880 16096 17225 18256 19343 20389 21483 22303 22785 23259 23424 23627 23827 23539 23112 22679 22106 21376 20474 19441 18252 17156 16136 14890 13763 12689 11543 10353 9139 8065 6912 5872 4980 4119 3181 2459 1615 893 147 -456 
0 0 15 49 94 122 137 161 175 193 200 219 244 275 320 386 483 583 760 940 1182 1416 1754 2134 2569 3082 3538 4191 4917 5727 6664 7614 8706 9858 11128 12372 13639 14950 16193 17368 18498 19558 20593 21612 22423 22971 23559 23885 24023 23894 23550 23145 22625 21863 21090 20096 19128 18109 17049 15976 14756 13538 12303 10951 9751 8699 7704 6695 5716 4863 4065 3217 2366 1508 773 121 -442 
0 1 21 49 99 135 158 178 181 180 183 205 241 286 363 471 584 767 970 1192 1470 1842 2245 2705 3344 4021 4797 5548 6494 7507 8596 9684 10936 12272 13477 14706 15869 17013 18372 19633 20572 21513 22257 22836 23380 23865 24055 24018 23860 23519 23191 22355 21750 20841 19711 18707 17638 16297 15137 13995 12785 11623 10301 9140 7967 6844 5771 4888 4012 3062 2213 1457 758 103 -435 
0 0 19 55 100 134 152 175 172 177 200 229 286 337 405 496 579 742 934 1156 1394 1732 2136 2578 3189 3860 4597 5386 6286 7208 8314 9421 10606 11758 12948 14223 15528 16712 17932 19061 20090 21262 22215 23000 23507 23943 24097 24097 23916 23690 23265 22487 21814 20960 19989 18805 17747 16596 15326 14164 12960 11706 10514 9302 8097 7005 6008 5115 4163 3321 2481 1766 1089 437 -262 
0 3 15 46 79 132 152 171 172 167 176 184 235 317 427 538 678 839 996 1216 1445 1753 2092 2539 3031 3691 4324 5061 5876 6790 7725 8820 9948 11125 12385 13604 14965 16128 17299 18400 19489 20392 21209 21898 22656 23105 23431 23482 23487 23421 23134 22658 22048 21018 20238 19281 18281 17139 16041 14907 13737 12465 11294 10175 8834 7721 6635 5721 4656 3718 2923 2148 1421 635 -42 
0 1 18 56 107 131 162 175 185 189 217 236 264 296 349 442 572 738 978 1251 1618 2020 2496 3037 3677 4441 5302 6163 7140 8100 9245 10396 11744 13111 14360 15630 16959 18195 19450 20633 21529 22311 22773 23252 23568 23646 23700 23687 23323 23186 22713 21934 21134 20252 19120 18080 17039 15762 14409 13256 12025 10853 9672 8434 7214 6198 5293 4380 3479 2554 1833 1127 403 -290 
0 0 17 49 93 132 160 166 177 197 214 265 384 507 668 811 982 1211 1463 1750 2170 2655 3220 3752 4501 5246 6188 7253 8323 9608 10850 12103 13448 14693 15890 17089 18198 19383 20285 21114 21975 22660 23256 23656 23763 23655 23443 23255 22834 22316 21499 20582 19472 18409 17337 16246 15157 14049 12830 11766 10550 9443 8245 7239 6250 5345 4327 3450 2657 1822 1124 414 -238 
0 0 21 56 99 129 150 177 178 177 187 208 230 248 290 371 499 691 905 1152 1439 1735 2093 2495 2991 3597 4247 4981 5815 6719 7709 8693 9805 10997 12306 13630 14766 15971 17271 18435 19508 20750 21848 22681 23236 23580 23951 24029 23919 23734 23386 22742 22096 21424 20590 19700 18505 17226 16131 14865 13633 12471 11338 10014 8867 7803 6753 5801 4800 3783 2955 2097 1311 623 -60 
0 0 25 61 103 132 147 173 179 202 223 253 288 344 446 570 747 925 1070 1274 1496 1784 2124 2442 2870 3459 4080 4747 5619 6629 7776 8792 10008 11282 12530 13887 15128 16477 17804 18921 20010 21096 22092 22757 23297 23685 23854 23855 23691 23379 23023 22671 21798 20811 19980 18963 17905 16876 15805 14582 13357 12208 11210 10138 8936 7787 6732 5706 4808 3869 2998 2196 1391 721 40 -526 
0 2 12 49 80 126 155 186 197 200 207 256 326 448 581 761 953 1199 1476 1812 2180 2616 3021 3638 4320 5070 5995 6980 8118 9171 10270 11502 12859 14254 15588 16873 18089 19281 20358 21321 22239 23070 23610 23976 24066 23993 23802 23401 22904 22297 21694 20887 20036 19051 18044 16928 15624 14330 13184 11968 10701 9565 8403 7310 6107 5151 4238 3283 2462 1696 975 250 -406 
0 3 21 62 104 150 174 195 220 245 263 301 337 401 506 593 725 872 1054 1290 1568 1964 2460 3072 3792 4547 5397 6330 7370 8480 9703 10940 12203 13443 14741 16000 17215 18357 19607 20661 21596 22393 23289 23892 24222 24447 24349 24285 23890 23481 22740 21836 21153 20135 19067 17963 16748 15480 14271 13049 11831 10657 9562 8456 7438 6368 5339 4397 3458 2545 1754 1016 271 -393 
0 0 16 58 96 145 175 200 209 239 312 418 573 772 1051 1401 1761 2178 2575 3151 3770 4503 5261 5989 6921 7917 8956 10178 11381 12685 13982 15267 16652 17855 18983 20101 21140 21930 22768 23278 23604 23801 23818 23769 23608 23050 22464 21756 20809 19935 19011 18008 16987 15843 14711 13285 12047 10853 9713 8649 7498 6370 5425 4464 3517 2681 1844 1112 502 -190 
0 3 19 63 108 141 176 188 195 217 233 261 327 387 478 600 748 964 1229 1544 1950 2378 2877 3512 4210 5007 5791 6649 7557 8583 9642 10781 12002 13300 14575 15853 17049 18150 19178 20166 21022 21622 22429 22988 23249 23481 23529 23321 22991 22711 22255 21327 20402 19542 18520 17496 16372 15387 14216 13032 11792 10605 9438 8352 7275 6376 5432 4503 3650 2778 2032 1352 647 108 -467 
0 2 12 39 86 121 149 166 185 203 217 264 314 372 444 561 757 974 1254 1593 2044 2479 3007 3569 4308 5073 5954 6914 7877 8886 10040 11264 12625 13923 15084 16384 17553 18794 19906 20881 21680 22491 23064 23290 23672 23765 23545 23305 23060 22421 21685 20884 19995 19020 17991 16881 15786 14584 13338 12095 11049 9917 8845 7757 6595 5549 4665 3834 3013 2093 1295 570 -122 
0 0 17 56 94 132 162 173 179 192 224 261 306 394 484 614 752 968 1312 1670 2090 2544 3059 3689 4353 5154 6023 7003 8000 9137 10188 11440 12650 13933 15259 16506 17653 18834 19983 21047 21877 22729 23375 23909 24232 24085 24083 23884 23427 22885 22063 21107 20312 19304 18262 17136 15972 14861 13539 12322 11056 9844 8590 7544 6460 5435 4503 3649 2742 1983 1212 513 -151 
0 1 21 60 95 130 149 165 183 203 227 260 311 349 427 561 732 960 1216 1526 1890 2356 2882 3550 4233 4870 5696 6575 7749 8838 10027 11317 12463 13842 15040 16348 17663 18876 20104 21033 21870 22736 23192 23581 23753 23971 23926 23742 23251 22799 22216 21278 20548 19585 18489 17304 16110 14913 13702 12393 11130 9905 8781 7601 6610 5444 4648 3690 2812 2023 1290 544 -126 
0 0 12 49 94 131 146 158 170 181 196 205 233 317 407 545 696 863 1093 1440 1817 2227 2732 3283 3922 4488 5286 6153 7041 8128 9257 10373 11481 12709 14072 15218 16542 17807 18937 19882 20927 21747 22264 22932 23309 23576 23704 23583 23313 22952 22413 21684 20922 20058 19045 18042 16930 15712 14461 13298 12076 10931 9828 8765 7641 6565 5476 4550 3696 2892 2086 1335 580 -61 
0 1 18 58 104 137 159 183 204 200 206 221 256 276 316 382 467 594 722 947 1174 1489 1836 2300 2826 3356 3987 4703 5407 6238 7078 8102 9144 10234 11445 12758 14047 15353 16657 17953 19147 20200 21275 22165 22907 23475 23951 24151 24324 24089 23731 23198 22533 21812 20917 19909 18850 17680 16461 15240 13965 12737 11638 10500 9353 8273 7202 6146 5121 4264 3410 2639 1840 1092 416 -221 
0 0 20 57 105 143 152 155 170 194 216 246 328 413 512 620 757 921 1161 1513 1853 2252 2734 3285 3954 4685 5463 6257 7183 8073 9065 10220 11369 12598 13945 15394 16664 18061 19230 20317 21236 22132 22819 23281 23575 23763 23896 23803 23479 23125 22619 21896 21213 20241 19004 17866 16779 15544 14322 13188 11911 10849 9704 8604 7480 6362 5327 4463 3576 2759 1930 1192 467 -192 
0 0 21 57 99 135 171 191 204 225 237 293 360 426 520 639 844 1069 1388 1737 2217 2741 3353 4072 4850 5666 6647 7682 8676 9836 11024 12174 13457 14669 15950 17013 18239 19541 20405 21432 22243 22766 23230 23581 23904 23845 23642 23366 22898 22141 21434 20380 19476 18654 17761 16563 15398 14090 12924 11676 10503 9302 8196 7204 6190 5195 4269 3364 2632 1757 1021 370 -267 
0 0 26 51 97 137 166 189 195 190 203 227 313 414 565 718 925 1138 1428 1814 2207 2669 3197 3786 4496 5237 6158 7040 8004 9089 10282 11447 12726 13904 15147 16353 17654 18859 19980 20810 21683 22587 23276 23790 24015 23981 23824 23550 23161 22633 22066 21152 20137 19301 18126 17027 15854 14644 13468 12241 11124 9965 8734 7750 6736 5620 4609 3769 2919 2103 1238 517 -162 
0 2 21 50 102 142 163 171 184 198 264 359 468 604 771 998 1207 1533 1824 2210 2706 3214 3844 4615 5459 6345 7325 8439 9558 10864 12233 13419 14730 15885 17135 18435 19509 20650 21657 22564 23167 23470 23813 24030 24098 23910 23694 23056 22543 21854 21062 20092 18883 17704 16610 15377 14254 12961 11753 10662 9582 8495 7478 6371 5349 4409 3566 2857 1963 1206 476 -114 
0 0 12 43 88 130 151 159 164 188 204 221 236 298 360 503 677 905 1156 1428 1789 2133 2549 3075 3560 4224 4997 5810 6708 7711 8749 9929 11244 12476 13843 15140 16491 17765 18881 19874 20912 21743 22528 23133 23572 23735 23918 23848 23552 23003 22487 21843 21118 20283 19309 18315 17286 16050 14835 13602 12552 11372 10144 8978 7891 6740 5841 4809 3916 3082 2244 1458 723 106 -506 
0 2 19 52 95 135 171 181 184 214 227 238 270 324 391 517 675 875 1164 1466 1851 2264 2714 3233 3853 4531 5369 6245 7283 8307 9392 10495 11636 12837 14153 15454 16671 17886 18962 19938 20977 21750 22453 23004 23437 23720 23682 23606 23317 22816 22100 21404 20678 19795 18815 17747 16793 15649 14460 13224 12084 10781 9791 8669 7620 6633 5709 4649 3622 2791 1981 1276 571 -99 
0 2 15 47 93 130 163 175 180 204 231 261 340 423 518 667 861 1107 1404 1723 2086 2546 3133 3752 4526 5358 6254 7234 8251 9355 10457 11710 12944 14297 15524 16787 18090 19182 20239 21100 22044 22739 23356 23916 24128 24159 24155 23769 23496 22943 22245 21199 20148 19004 17763 16535 15422 14251 12896 11765 10585 9495 8416 7254 6153 5147 4138 3236 2352 1664 952 238 -361 
0 0 19 53 96 132 160 170 169 187 211 245 294 351 456 599 743 932 1132 1389 1664 2010 2498 3162 3851 4633 5465 6463 7436 8487 9510 10642 11934 13149 14519 15884 17276 18483 19501 20582 21639 22632 23232 23773 23992 24068 24036 23886 23499 23107 22381 21602 20836 19900 18746 17594 16417 15261 14052 12872 11911 10653 9553 8403 7273 6281 5298 4347 3466 2653 1748 1026 365 -240 
0 2 16 54 102 148 170 194 206 218 285 359 487 614 807 994 1272 1570 1939 2399 2842 3440 4053 4842 5647 6555 7544 8583 9768 10987 12233 13547 14823 16128 17450 18502 19694 20640 21685 22383 22959 23473 23882 23968 24073 23725 23420 22775 22103 21346 20553 19646 18558 17486 16260 14959 13657 12495 11343 10096 8916 7940 6855 5892 4874 3942 3077 2257 1565 898 242 -380 
0 0 16 46 84 132 157 180 183 190 192 228 295 401 514 640 794 1009 1242 1488 1823 2227 2639 3126 3690 4294 4968 5764 6713 7684 8749 9852 10950 12211 13568 14924 16187 17539 18697 19849 20790 21674 22388 22978 23368 23678 23948 23966 23787 23176 22780 22046 21392 20405 19378 18344 17158 16050 14881 13702 12513 11347 10141 8996 7801 6645 5568 4655 3766 2867 2099 1330 646 -6 
0 1 15 46 96 137 156 166 179 199 200 232 250 342 465 625 829 1046 1303 1630 1977 2398 2861 3450 4173 4933 5807 6812 7785 8832 9868 10972 12257 13387 14669 15956 17171 18384 19518 20531 21409 22174 22697 23148 23451 23658 23567 23365 23170 22531 21865 21008 20189 19249 18252 17372 16202 15082 13802 12635 11556 10405 9223 8077 6999 5984 5004 4121 3248 2391 1670 1003 397 -216 
0 1 11 51 98 125 155 167 178 200 216 234 248 295 367 478 648 848 1126 1411 1749 2113 2520 3066 3690 4522 5284 6136 7116 8062 9147 10229 11476 12705 13984 15445 16769 18086 19338 20290 21281 22066 22930 23472 24028 24088 24106 23881 23374 22782 22216 21614 20842 19823 18738 17672 16635 15564 14477 13355 12096 10954 9793 8678 7592 6492 5541 4549 3740 2889 2096 1346 649 -51 
0 0 13 49 103 136 152 165 168 178 197 215 252 288 341 402 474 591 727 871 1108 1391 1714 2155 2694 3273 3975 4836 5781 6787 7891 8914 10089 11309 12698 14016 15396 16715 17851 19039 19932 20854 21784 22582 23352 23738 24020 24095 23846 23536 23064 22456 21931 21089 20212 19192 18059 17013 15939 14613 13345 12160 10955 9841 8737 7623 6485 5440 4573 3743 2918 2074 1337 609 -128 
0 2 14 49 81 120 147 173 177 179 184 207 250 308 388 516 628 774 969 1180 1418 1744 2177 2570 3015 3619 4358 5145 5980 6938 7929 9039 10329 11588 12890 14280 15732 17081 18323 19429 20364 21213 21957 22640 23273 23739 24037 24114 24038 23745 23283 22551 21921 21064 20176 19177 18146 17016 15876 14670 13381 12145 10891 9631 8671 7695 6725 5726 4655 3731 2820 2034 1307 584 -53 
0 1 18 64 107 136 164 174 179 196 217 240 255 311 340 386 464 599 794 1006 1257 1541 1919 2348 2881 3507 4158 4920 5751 6644 7577 8586 9660 10796 11970 13344 14560 15835 17159 18399 19529 20665 21618 22421 23018 23664 23993 24114 24045 24013 23439 23016 22228 21513 20715 19680 18635 17504 16266 15085 13836 12661 11390 10281 9035 7965 6879 5874 4909 4092 3114 2214 1488 772 85 -569 
0 2 15 59 99 131 150 164 161 161 186 209 241 277 351 449 613 826 1060 1343 1655 1983 2427 2853 3459 4134 4907 5801 6679 7638 8737 9872 10960 12214 13446 14756 16033 17295 18552 19785 20952 21740 22561 23128 23462 23703 23759 23803 23575 23322 22778 21967 21102 20373 19472 18407 17304 16113 14891 13792 12653 11527 10284 9145 7980 7013 5965 5025 4079 3156 2292 1474 663 21 -598 
0 2 17 46 82 116 155 170 192 196 211 242 282 332 407 525 682 860 1095 1345 1678 2119 2627 3207 3875 4608 5354 6149 7061 8022 9140 10222 11371 12575 13770 15001 16218 17446 18548 19582 20621 21504 22196 22841 23150 23506 23603 23558 23460 23042 22340 21602 20926 20064 19021 18154 17021 15888 14673 13295 12131 10955 9800 8705 7541 6604 5588 4642 3806 3033 2098 1365 625 -52 
0 1 11 51 103 150 166 182 203 226 253 253 283 289 332 366 424 509 640 832 1093 1320 1566 1885 2259 2694 3183 3831 4549 5460 6382 7384 8405 9577 10866 12216 13565 14977 16127 17416 18636 19751 20810 21715 22452 23052 23656 23778 23800 23726 23692 23345 22995 22414 21657 20750 19598 18536 17422 16185 15020 13861 12662 11432 10345 9280 8075 7009 5994 4931 4019 3086 2310 1513 864 200 -487 
0 1 14 47 93 138 164 170 187 191 210 220 260 316 384 434 575 721 926 1272 1654 2101 2601 3164 3827 4531 5308 6131 7027 8074 9154 10332 11543 12875 14178 15547 16752 18015 19108 20200 21313 22240 22906 23594 24052 24277 24254 24115 23844 23433 22796 21951 21005 19913 18918 17762 16687 15436 14440 13357 12105 10887 9735 8579 7633 6547 5647 4704 3752 2873 2058 1265 552 -89 
0 1 17 54 94 136 166 176 196 194 225 262 340 447 587 787 973 1218 1456 1777 2142 2629 3190 3768 4377 5061 5886 6744 7748 8772 9841 11060 12436 13873 15158 16574 17712 18769 19811 20777 21620 22382 22787 23169 23294 23388 23364 23225 22808 22099 21362 20581 19716 18844 17699 16646 15474 14337 13208 12002 10665 9548 8386 7228 6261 5341 4415 3584 2664 1915 1183 491 -98 
0 2 16 57 93 123 155 162 188 189 221 260 279 329 390 507 626 807 1039 1311 1578 1921 2372 2986 3670 4421 5339 6279 7245 8363 9510 10638 11854 13079 14207 15589 16702 18052 19139 20281 21152 21952 22728 23376 23791 24034 24076 23903 23573 23058 22455 21782 21115 20420 19471 18277 17077 15780 14625 13403 12257 10977 9806 8720 7593 6616 5655 4654 3635 2762 1996 1255 575 -87 
0 1 17 68 106 134 160 171 187 197 205 229 264 307 391 478 625 802 1013 1250 1528 1884 2300 2789 3299 3908 4627 5441 6269 7203 8202 9364 10564 11756 13058 14183 15296 16439 17652 18758 19917 20856 21645 22346 22936 23295 23539 23581 23621 23162 22636 22176 21571 20871 20124 19164 18168 16949 15715 14565 13390 12100 10972 9828 8629 7536 6528 5524 4593 3651 2743 1880 1104 383 -213 
0 3 24 58 90 135 169 189 208 228 271 300 329 392 449 536 639 815 981 1238 1503 1898 2350 2795 3358 4025 4797 5486 6300 7230 8303 9436 10687 11896 13280 14522 15766 16934 18204 19270 20249 21382 22193 22725 23284 23578 23681 23761 23555 23272 22698 22123 21318 20426 19557 18689 17728 16567 15528 14219 12963 11800 10597 9512 8386 7325 6196 5257 4356 3543 2638 1716 1036 368 -261 
0 1 14 46 86 117 136 155 191 201 209 216 230 256 294 332 434 632 877 1150 1460 1811 2259 2844 3434 4111 4851 5702 6630 7711 8889 10115 11356 12674 13869 15171 16381 17689 18904 20054 21156 21963 22725 23413 23989 24342 24343 24242 24037 23628 23021 22373 21748 20843 19653 18521 17411 16101 14963 13731 12412 11195 10043 8893 7803 6694 5639 4614 3687 2826 1919 1107 364 -252 
0 0 18 57 91 131 158 182 203 223 232 255 297 368 462 589 733 967 1274 1534 1864 2202 2621 3071 3698 4455 5255 6123 7160 8203 9266 10443 11665 13052 14427 15520 16904 18059 19230 20361 21187 21950 22652 23211 23550 23727 23891 23968 23654 23197 22364 21544 20820 19866 18814 17752 16672 15525 14381 13115 11966 10711 9485 8409 7344 6340 5356 4461 3554 2649 1797 1085 463 -214 
0 0 29 64 110 144 165 180 198 200 218 259 330 401 474 552 693 867 1117 1436 1814 2227 2642 3125 3713 4453 5300 6125 7069 8055 9083 10224 11436 12661 14091 15314 16784 18084 19076 20191 21184 22071 22582 23382 23787 23910 23688 23633 23456 23118 22520 21681 20733 19811 18813 17665 16575 15488 14288 13228 12099 11053 9947 8819 7676 6559 5535 4596 3617 2732 1942 1150 488 -164 
0 3 19 63 109 141 157 168 185 209 206 228 258 321 423 537 662 807 954 1148 1432 1829 2282 2797 3390 4063 4775 5585 6453 7375 8547 9621 10802 11958 13293 14556 15848 17046 18337 19501 20523 21433 22300 23072 23598 23871 23967 23890 23798 23383 22892 22300 21510 20576 19706 18748 17840 16542 15273 14242 13068 11877 10644 9471 8418 7427 6405 5370 4436 3612 2733 1953 1166 477 -164 
0 0 18 53 96 142 173 188 196 209 276 334 426 568 754 917 1153 1457 1856 2298 2859 3545 4169 4916 5694 6533 7477 8568 9723 10796 12008 13232 14680 15919 17296 18468 19541 20527 21344 22214 22905 23400 23694 23948 24013 23897 23446 22924 22455 21647 20730 19777 18646 17600 16436 15219 14031 12802 11739 10544 9437 8372 7282 6297 5288 4255 3293 2470 1706 977 280 -442 
0 1 14 50 84 122 155 172 209 241 274 325 388 495 668 892 1152 1428 1730 2046 2448 2920 3434 4153 4919 5840 6703 7639 8692 9861 11088 12408 13851 15198 16535 17927 19122 20232 21309 22039 22871 23523 23848 24216 24243 24253 23956 23528 22846 22092 21288 20395 19370 18290 17096 15839 14525 13371 12111 10900 9704 8612 7543 6479 5515 4559 3574 2740 2017 1150 476 -345 
0 2 14 48 109 141 164 182 187 188 203 221 277 334 403 461 564 760 989 1250 1495 1792 2159 2551 3128 3879 4560 5455 6347 7384 8453 9562 10736 11950 13136 14386 15685 16789 17811 18915 19959 21133 21945 22621 23198 23569 23921 23882 23767 23258 22806 22413 21729 20846 20045 19040 18030 16855 15764 14482 13223 11978 10727 9720 8500 7418 6283 5314 4384 3554 2711 1952 1155 470 -166 
0 0 13 48 105 145 165 192 212 203 220 249 288 339 430 628 865 1115 1413 1751 2146 2674 3231 3867 4605 5424 6351 7233 8261 9364 10439 11652 13074 14424 15742 16999 18198 19296 20300 21072 21911 22553 23187 23541 23707 23596 23461 23208 22693 22220 21472 20576 19635 18692 17660 16447 15268 14193 13008 11904 10624 9428 8282 7105 6042 5080 4128 3290 2526 1746 1049 281 -389 
0 1 19 59 101 136 160 177 196 203 210 235 282 328 404 507 608 765 923 1122 1413 1672 2087 2505 3027 3596 4266 4997 5890 6866 7986 9181 10482 11712 12999 14281 15625 16908 18192 19501 20616 21461 22127 22735 23148 23429 23732 23735 23735 23446 22854 22209 21432 20823 20053 19100 17948 16730 15504 14347 13152 11983 10788 9695 8622 7499 6417 5347 4433 3529 2675 1930 1142 420 -293 
0 0 22 67 109 143 168 185 206 211 227 240 250 298 335 398 503 645 812 1039 1307 1625 1955 2361 2852 3395 3992 4779 5661 6642 7563 8481 9557 10730 12065 13428 15001 16281 17613 18825 20012 20852 21672 22554 23302 23720 24143 24148 24029 23882 23655 22972 22248 21229 20328 19513 18530 17530 16210 14948 13784 12505 11174 10087 8908 7816 6692 5638 4628 3706 2878 2043 1353 668 -59 
0 1 19 50 92 134 157 178 198 199 212 228 258 304 369 413 520 651 783 956 1205 1554 1955 2416 3044 3674 4430 5255 6089 7109 8138 9274 10507 11657 12892 14096 15350 16538 17753 19098 20288 21315 21910 22426 22881 23244 23565 23608 23431 23175 22874 22462 21744 21025 20024 19029 17979 16830 15854 14808 13608 12237 11056 9963 8761 7648 6526 5536 4571 3702 2801 2102 1296 580 -90 
0 1 23 60 98 127 158 184 210 227 239 279 308 354 406 476 609 789 971 1251 1561 1957 2469 3001 3654 4362 5113 6056 7190 8245 9296 10457 11693 13061 14378 15802 16992 18286 19507 20534 21267 22115 22830 23370 23714 23962 24050 23932 23664 23151 22533 21809 20952 19925 18913 17782 16705 15618 14477 13294 12041 10869 9722 8432 7273 6179 5134 4177 3274 2501 1767 958 192 -423 
0 0 16 61 96 139 165 189 198 214 236 278 316 367 448 576 822 1117 1439 1870 2348 2826 3371 3975 4650 5348 6165 7183 8220 9340 10653 11903 13277 14570 15865 17042 18226 19350 20550 21388 22214 22900 23594 23919 24084 24118 23922 23542 22954 22410 21620 20719 19797 18870 17790 16648 15614 14287 13060 11956 10657 9353 8290 7290 6305 5209 4303 3448 2614 1777 1054 386 -297 
0 0 13 49 96 143 162 174 204 217 242 266 300 354 454 619 807 1021 1243 1537 1967 2447 2979 3591 4210 4960 5833 6653 7594 8627 9740 10961 12170 13481 14766 16053 17167 18485 19601 20562 21399 22234 22766 23350 23677 23652 23634 23490 23198 22743 22187 21360 20562 19665 18673 17658 16526 15239 14021 12751 11582 10446 9324 8163 7128 5997 5048 4162 3160 2440 1782 1085 366 -196 
0 1 17 51 99 127 150 157 178 192 226 246 308 366 443 518 605 740 917 1116 1351 1697 2111 2650 3280 3963 4637 5390 6294 7261 8200 9360 10533 11884 13144 14553 15839 16982 18273 19534 20666 21680 22490 23154 23436 23761 23972 24023 23833 23512 22980 22213 21395 20744 19790 18671 17532 16420 15163 13960 12790 11678 10470 9459 8389 7317 6186 5081 4059 3201 2411 1665 921 137 -460 
0 2 20 51 92 129 174 187 213 231 243 294 368 472 599 834 1101 1393 1759 2330 2842 3485 4132 4888 5812 6694 7711 8807 9840 11036 12487 13889 15199 16423 17684 18806 20038 21013 21952 22607 23248 23659 23947 23937 23948 23753 23208 22646 21864 20888 20050 19235 18347 17399 16133 15005 13632 12383 11157 10023 9023 7952 6876 5823 4937 4009 3165 2314 1499 798 105 -589 
0 1 18 54 100 128 153 166 166 176 189 206 256 316 367 454 563 706 937 1156 1434 1708 2105 2571 3173 3838 4671 5498 6387 7346 8371 9381 10566 11764 12999 14228 15549 16901 17886 18979 20087 20743 21609 22251 22967 23302 23586 23568 23576 23315 22870 22491 21741 20882 20032 18937 17784 16629 15609 14436 13285 12097 10890 9739 8650 7442 6293 5339 4480 3470 2632 1801 1027 415 -315 
0 0 10 48 96 134 153 166 181 182 192 211 265 321 399 500 626 735 879 1033 1311 1644 2002 2553 3081 3757 4467 5205 6077 6888 7843 8921 10070 11186 12427 13707 14926 16263 17626 18921 20143 21214 21957 22828 23347 23493 23794 23916 23822 23360 23059 22475 21718 20937 20091 18936 17812 16803 15539 14353 13131 11899 10782 9657 8524 7382 6459 5438 4473 3551 2725 1885 1123 431 -222 
0 0 16 55 96 128 161 172 173 164 171 183 204 229 253 314 388 522 692 942 1279 1678 2139 2657 3282 4035 4830 5643 6535 7504 8654 9817 10994 12376 13605 14843 16021 17410 18432 19481 20459 21307 22231 23016 23573 24028 24121 24075 24064 23802 23430 22691 21814 20811 19851 18808 17721 16508 15274 14146 12705 11452 10316 9081 8015 6934 5941 4931 3931 3173 2316 1549 846 186 -507 
0 0 18 49 100 129 155 183 188 189 204 237 268 320 378 482 605 771 1005 1288 1627 2021 2496 3042 3670 4325 5036 5852 6796 7862 8934 10035 11255 12449 13700 14982 16118 17244 18447 19508 20486 21312 21977 22620 23176 23488 23765 23751 23522 23335 22897 22365 21445 20537 19449 18540 17422 16239 14910 13722 12538 11285 10212 9191 8101 6995 5980 5048 4195 3336 2446 1703 909 232 -412 
0 1 20 51 93 133 155 165 180 203 218 253 317 405 544 717 911 1139 1429 1853 2323 2866 3431 4128 4871 5657 6516 7413 8369 9493 10714 11868 13146 14538 15819 17079 18179 19285 20171 21010 21834 22545 22944 23275 23513 23595 23529 23230 22783 22210 21507 20569 19522 18520 17421 16298 15145 13978 12877 11709 10587 9375 8296 7237 6263 5284 4280 3435 2550 1803 1117 441 -220 
0 0 21 49 96 125 152 166 189 194 217 240 282 337 419 471 538 631 764 938 1127 1374 1770 2242 2735 3276 3910 4587 5300 6087 6962 8146 9223 10613 11734 13029 14303 15662 16849 18017 18996 20182 20944 21694 22486 23118 23503 23508 23495 23352 22914 22467 21868 21233 20546 19639 18660 17703 16578 15437 14278 13113 11906 10674 9407 8289 7326 6233 5215 4282 3394 2577 1751 963 282 -368 
0 2 20 64 102 143 168 185 196 198 220 247 301 375 478 656 874 1137 1442 1788 2154 2544 3054 3685 4403 5192 6038 6959 7894 8993 10234 11493 12826 14166 15430 16689 17865 18971 20177 20985 21664 22233 22937 23438 23640 23812 23675 23369 23124 22515 21752 20900 20062 19118 18135 16854 15788 14590 13369 12232 11032 9798 8759 7672 6627 5623 4702 3648 2830 2062 1309 579 -66 
0 2 25 67 99 139 170 180 190 210 253 324 436 536 667 857 1102 1376 1750 2150 2604 3038 3627 4301 5158 6145 7123 8179 9295 10480 11746 13074 14433 15583 16680 17872 19107 20145 21321 22132 22870 23377 23777 23901 23974 23811 23583 23219 22636 21911 20893 19925 18898 17865 16726 15535 14332 13196 11953 10780 9638 8483 7439 6442 5497 4628 3757 2904 2270 1466 687 26 -594 
0 0 17 48 97 139 145 165 178 186 211 253 276 316 362 427 536 642 839 1060 1346 1704 2166 2649 3161 3688 4392 5200 6056 7009 8112 9271 10502 11761 13013 14147 15427 16654 17953 19128 20152 21017 21882 22583 23184 23557 23749 23786 23738 23506 23232 22534 21867 21054 20183 19237 18067 17039 15792 14529 13318 12072 10893 9802 8671 7603 6488 5553 4588 3655 2784 2021 1328 736 68 -629 
0 2 21 61 102 142 163 176 184 190 201 220 248 322 410 525 642 746 922 1108 1378 1693 2049 2519 2945 3508 4155 4772 5599 6507 7602 8693 9919 11112 12321 13478 14584 15945 17108 18463 19577 20447 21293 22054 22738 23315 23640 23668 23594 23373 22978 22530 21908 21132 20271 19243 18313 17229 16119 15120 13889 12780 11659 10505 9268 8191 7058 6102 5153 4104 3209 2420 1646 924 266 -386 
0 0 13 52 92 132 161 176 177 194 229 244 287 337 383 445 559 752 915 1188 1510 1931 2438 3009 3778 4464 5314 6199 7139 8153 9178 10288 11449 12655 13998 15254 16420 17636 18869 19992 20955 21996 22690 23199 23489 23630 23591 23615 23461 23192 22593 21837 20971 19995 18916 17968 16747 15786 14571 13295 12177 10885 9789 8706 7732 6750 5632 4643 3735 2939 2055 1270 560 -100 
0 2 15 44 91 123 141 158 167 174 187 204 235 293 370 487 670 894 1175 1484 1890 2268 2701 3208 3819 4518 5329 6307 7206 8101 9147 10341 11610 12873 14139 15301 16523 17843 19055 20093 21180 21957 22475 23087 23506 23739 23910 23794 23403 22882 22363 21776 20937 19912 18870 17550 16473 15266 14106 12915 11786 10692 9649 8547 7576 6544 5432 4401 3428 2612 1806 990 276 -308 
0 1 19 61 120 146 162 179 183 203 215 233 257 314 412 546 743 944 1190 1527 1866 2274 2788 3431 4083 4871 5689 6691 7804 8923 10114 11384 12697 13977 15296 16679 17943 18962 20173 21120 21941 22671 23173 23595 23700 23759 23674 23371 22910 22438 21827 20982 20026 19006 18034 16868 15818 14705 13649 12417 11206 10089 9076 7866 6891 5776 4764 3915 2986 2097 1339 656 -15 
0 1 18 47 94 139 163 180 188 182 195 205 252 333 411 501 633 807 1022 1304 1599 1977 2422 2954 3475 4210 4974 5824 6804 7873 8780 9885 11008 12136 13299 14600 15861 17301 18521 19544 20692 21571 22250 22855 23187 23460 23572 23581 23457 23157 22589 21953 21128 20319 19369 18435 17286 16063 14848 13820 12631 11552 10332 9149 8050 6851 5684 4708 3808 2962 2177 1387 724 -43 
0 1 18 52 98 122 144 161 176 200 205 231 265 301 365 442 557 716 916 1082 1282 1538 1842 2234 2667 3215 3899 4617 5536 6470 7391 8448 9626 10809 12035 13312 14587 15807 17190 18332 19469 20571 21614 22445 23150 23611 23943 24051 23912 23716 23252 22619 22026 21168 20455 19559 18353 17368 16108 14986 13867 12734 11676 10427 9286 8152 7001 5959 4954 4089 3242 2459 1654 874 153 -565 
0 0 17 57 102 133 151 171 172 200 226 259 298 339 417 546 731 955 1269 1724 2247 2804 3304 3838 4468 5281 6071 6975 8061 9159 10389 11672 12968 14422 15710 16947 18138 19178 20240 21109 21998 22662 23145 23464 23786 23770 23639 23516 22998 22465 21782 20917 20192 19151 17903 16779 15759 14492 13173 11891 10673 9443 8249 7341 6259 5316 4377 3542 2702 1800 1014 301 -262 
0 1 21 58 102 133 155 176 194 209 217 241 258 297 350 439 560 688 894 1144 1411 1747 2122 2573 3159 3814 4553 5308 6237 7191 8315 9562 10832 12132 13460 14711 15925 17134 18458 19623 20733 21769 22676 23119 23463 23803 24216 24280 24063 23551 23052 22396 21579 20748 19711 18616 17344 16341 15138 13975 12911 11670 10438 9274 8057 7043 6016 4918 4048 3185 2331 1488 742 -31 
0 0 15 50 100 137 167 175 176 191 207 211 259 290 385 503 617 768 934 1118 1330 1583 2025 2522 3147 3914 4723 5606 6556 7512 8533 9599 10848 11971 13160 14360 15785 16963 18357 19508 20483 21476 22221 22933 23373 23684 23817 23846 23657 23372 22775 22172 21438 20604 19751 18641 17457 16296 14919 13679 12388 11298 10292 9200 8118 7103 5984 5055 4191 3269 2454 1609 858 229 -407 
