0 1 12 50 97 132 146 165 174 190 210 270 342 478 633 821 1048 1393 1797 2218 2756 3400 4052 4718 5492 6357 7266 8279 9403 10652 11910 13197 14399 15613 16671 17739 18781 19853 20671 21536 22069 22480 22719 22740 22768 22808 22477 22135 21531 20807 20159 19197 18117 17193 16051 14907 13596 12332 11225 10128 9073 7917 6885 5819 4835 3891 2938 2173 1421 663 -45 
0 1 25 59 95 136 163 176 193 213 261 305 367 460 554 699 844 1018 1252 1499 1871 2320 2893 3567 4275 4974 5625 6468 7368 8345 9320 10627 11989 13388 14727 15865 17114 18321 19358 20206 21132 21930 22591 22997 23359 23442 23266 23119 22883 22285 21569 20777 19903 18894 17838 16594 15394 14310 13378 12203 11079 9773 8595 7552 6656 5593 4656 3709 2735 1925 1047 306 -359 
0 1 19 61 105 129 162 189 199 224 245 284 333 407 490 634 782 978 1262 1530 1782 2177 2558 3060 3704 4408 5179 6084 6930 7907 8895 9963 11073 12329 13407 14593 15681 16650 17818 18772 19686 20527 21321 22003 22256 22374 22654 22657 22588 22185 21633 20984 20205 19377 18331 17083 16055 15001 13942 12891 11660 10494 9338 8266 7072 6011 5065 4192 3301 2554 1769 978 257 -402 
0 0 19 53 103 139 161 185 204 232 252 290 337 430 606 813 1037 1290 1635 2001 2415 2841 3342 4011 4732 5561 6452 7384 8378 9505 10540 11738 12990 14155 15435 16726 17891 18944 19954 20726 21526 22057 22551 22954 23148 22938 22828 22436 22041 21449 20824 20005 19078 18228 17162 15930 14692 13602 12436 11387 10208 9040 7938 6941 5864 4899 3969 3111 2284 1566 804 206 -514 
0 4 29 60 85 114 140 157 181 198 202 224 250 277 331 405 506 622 767 942 1130 1379 1674 2037 2463 2966 3497 4085 4750 5513 6240 7116 8142 9325 10491 11741 12958 14300 15678 16848 18062 19088 20087 21044 21950 22487 22859 23105 23249 23088 22798 22419 21995 21346 20598 19674 18910 17883 16692 15493 14263 13211 11946 10805 9538 8405 7404 6403 5443 4451 3557 2726 1959 1201 521 -72 
0 2 14 38 93 132 153 175 179 192 210 220 257 312 390 507 622 791 1059 1363 1658 2018 2442 2995 3647 4332 5174 6147 7103 8133 9182 10301 11421 12617 13853 15023 16310 17348 18468 19443 20341 21328 21872 22390 22762 22881 22889 22712 22614 22288 21686 20852 19868 18949 18023 16912 15881 14847 13810 12632 11447 10319 9204 8127 7017 6075 5043 4152 3258 2397 1589 888 223 -483 
0 3 16 45 89 123 169 169 171 178 196 233 310 426 557 717 880 1114 1402 1730 2097 2501 2993 3522 4194 4945 5806 6771 7777 8802 9975 11081 12300 13489 14687 15954 17052 18250 19201 20118 20851 21573 22102 22541 22925 23078 23250 23034 22682 21939 21161 20318 19498 18493 17280 16136 15107 14020 12843 11635 10571 9390 8360 7123 6141 5242 4371 3380 2497 1656 1013 321 -326 
0 0 17 59 111 149 165 180 208 224 228 256 304 359 434 512 643 773 951 1225 1568 1972 2427 2988 3657 4323 4942 5671 6619 7607 8643 9785 11041 12220 13312 14297 15448 16650 17915 18970 19915 20659 21380 21997 22503 22814 23097 23096 22793 22539 22078 21274 20441 19630 18866 17899 16827 15674 14594 13365 12058 10948 9903 8866 7773 6667 5679 4717 3793 2884 1991 1191 431 -142 
0 0 13 41 82 122 148 160 185 183 197 216 246 293 340 411 496 611 784 1019 1251 1564 1909 2297 2721 3245 3865 4609 5442 6267 7245 8288 9289 10381 11500 12741 13928 15031 16097 17270 18231 19246 20171 20802 21418 21936 22413 22624 22585 22407 22141 21756 21139 20604 19833 19013 18193 17136 16209 14968 13696 12509 11381 10292 9171 8191 7221 6174 5164 4107 3238 2489 1790 964 251 -394 
0 0 19 50 98 134 159 178 176 178 191 217 229 246 293 363 435 534 637 827 1052 1317 1605 1968 2420 2911 3513 4223 4997 5919 6819 7829 8842 9912 10865 12021 13280 14574 15713 16946 18107 19153 19993 20767 21596 22184 22589 22792 22940 22795 22535 22369 21653 21013 20401 19638 18735 17748 16669 15490 14249 13156 12122 11024 9945 8697 7621 6594 5617 4635 3741 2803 2020 1247 514 -211 
0 1 22 64 115 145 170 195 216 220 245 273 329 425 590 765 912 1138 1436 1705 2027 2446 2883 3379 3933 4602 5284 6086 6944 7975 8984 10103 11197 12483 13669 14794 15994 16943 18003 18945 20013 20848 21523 21925 22349 22493 22607 22690 22374 22061 21603 20957 20054 19184 18144 17331 16061 15033 13812 12640 11618 10496 9481 8339 7224 6066 5012 4041 3227 2386 1625 959 210 -423 
0 3 18 44 98 133 152 177 177 169 191 219 256 277 331 380 474 620 832 1035 1315 1652 2083 2597 3214 3865 4638 5348 6304 7300 8334 9427 10501 11738 12977 14136 15279 16429 17582 18753 19734 20525 21292 21882 22497 23013 23359 23227 23076 22891 22370 21761 20999 19945 19045 18067 17038 16025 14871 13714 12611 11519 10343 9114 8072 7070 5901 4956 3998 3100 2310 1475 656 40 -582 
0 0 14 55 105 144 182 194 193 205 235 273 347 469 609 796 1027 1315 1612 1983 2458 2864 3395 3973 4586 5410 6208 7122 8216 9350 10479 11624 12873 14068 15217 16435 17580 18771 19851 20804 21567 22282 22917 23289 23128 23048 22821 22629 22205 21651 20868 19999 19319 18177 17099 15983 14868 13701 12479 11299 10044 9000 7847 6720 5846 4875 3859 2997 2156 1377 607 -84 
0 0 15 50 97 139 160 183 189 193 205 222 267 290 331 418 570 753 982 1216 1471 1783 2126 2520 2941 3389 3985 4551 5263 6052 6952 7889 9026 10072 11337 12662 14005 15155 16287 17520 18576 19645 20410 21246 21707 22223 22579 22861 22849 22694 22333 21985 21530 20885 20087 19162 18201 17210 16012 14823 13622 12496 11223 10102 8950 7872 6944 5999 5021 4018 3218 2383 1657 921 237 -443 
0 0 11 45 96 136 162 177 196 208 224 242 297 368 490 613 802 1152 1517 2009 2549 3067 3639 4245 4912 5650 6450 7454 8538 9566 10733 11964 13126 14423 15599 16668 17675 18776 19808 20719 21367 21929 22290 22602 22727 22705 22607 22258 21688 21042 20405 19470 18652 17695 16446 15394 14267 13040 11896 10866 9915 8790 7704 6736 5776 4744 3769 2749 1942 1130 402 -274 
0 2 19 57 106 134 164 174 178 179 195 219 267 330 410 510 655 823 1007 1250 1551 1941 2424 2975 3546 4195 4992 5781 6601 7531 8636 9623 10777 11848 13116 14354 15306 16469 17675 18640 19416 20288 21062 21618 22323 22689 22716 22741 22496 22227 21866 21309 20663 19940 19050 18160 16946 15780 14713 13482 12319 11079 9915 8965 7911 6817 5853 4984 4021 3187 2367 1621 842 156 -445 
0 0 12 47 80 132 159 182 188 189 201 222 239 290 371 475 607 788 1017 1227 1497 1788 2079 2432 2956 3435 4087 4873 5849 6792 7984 8984 10053 11252 12625 13872 15182 16496 17831 18866 19815 20727 21542 22348 22685 23121 23361 23481 23323 22976 22432 21806 21046 20247 19204 18302 17247 16154 15002 13962 12908 11664 10408 9403 8307 7318 6326 5265 4325 3469 2585 1711 947 254 -373 
0 1 17 50 98 132 159 179 180 188 210 239 271 319 378 485 640 819 1074 1339 1606 1928 2351 2884 3518 4189 4871 5639 6434 7311 8257 9364 10458 11581 12795 14021 15209 16444 17568 18619 19584 20466 21366 21923 22321 22648 22809 22780 22839 22641 22115 21393 20615 19753 18633 17643 16642 15562 14536 13319 12235 11118 9954 8934 7884 6759 5666 4733 3875 3076 2267 1493 754 101 -538 
0 0 15 57 110 151 169 192 237 292 365 467 646 820 1016 1225 1451 1773 2135 2620 3168 3742 4451 5189 6124 6982 7993 9079 10262 11468 12755 13903 15202 16553 17551 18596 19597 20486 21450 22042 22528 22784 22945 23073 23047 22822 22402 21795 21046 20248 19565 18630 17486 16300 15164 13973 12878 11752 10557 9468 8339 7225 6208 5284 4318 3480 2557 1815 1101 406 -318 
0 1 21 51 88 138 147 155 160 185 206 213 242 333 463 640 923 1156 1443 1776 2212 2622 3154 3724 4346 5041 5917 6850 7785 8934 10106 11275 12325 13306 14590 15700 16928 18073 19205 20152 20941 21650 22172 22682 23072 23235 23097 22745 22496 21870 21134 20395 19617 18718 17700 16637 15445 14139 13004 11899 10792 9733 8671 7630 6544 5472 4427 3547 2685 1807 1010 280 -474 
0 1 17 55 111 148 164 180 188 203 219 253 333 419 541 711 899 1139 1386 1688 2047 2478 2996 3589 4205 4959 5751 6674 7634 8634 9656 10752 11861 13176 14629 15824 16949 18193 19078 19961 20703 21516 22214 22797 22953 23089 22896 22712 22404 21922 21211 20440 19702 18641 17447 16457 15359 14237 13064 11963 10785 9656 8513 7564 6555 5479 4585 3708 2874 2126 1331 651 43 -633 
0 2 22 49 83 129 159 184 199 216 233 238 254 309 397 513 689 909 1199 1591 2145 2778 3400 4037 4714 5393 6096 6964 7902 9000 10042 11247 12614 13838 15158 16409 17667 18907 19950 20815 21613 22207 22727 23096 23314 23412 23257 22995 22576 22125 21494 20808 19932 18902 17657 16564 15461 14305 13150 11978 10739 9625 8411 7370 6301 5400 4489 3609 2694 1847 1172 496 -148 
0 0 22 56 107 139 157 167 177 195 240 353 519 682 857 1081 1369 1712 2115 2623 3198 3792 4530 5285 6174 7109 8069 9064 10108 11258 12470 13712 15002 16265 17394 18576 19563 20438 21308 21788 22288 22653 22948 23050 22949 22633 22460 21880 21103 20254 19345 18362 17398 16247 15161 13990 12784 11538 10527 9329 8216 7244 6125 5046 4128 3273 2483 1811 1061 281 -394 
0 2 13 50 86 122 143 161 177 196 214 221 235 267 302 374 434 509 599 714 876 1096 1349 1676 2078 2540 3054 3627 4277 5083 5968 6901 7866 8873 10080 11236 12374 13592 14766 15999 17158 18277 19369 20399 21138 21740 22379 23124 23279 23210 22969 22707 22436 21915 21095 20159 19248 18401 17166 16090 14985 13988 12849 11654 10450 9411 8282 7249 6266 5315 4377 3425 2673 1891 1095 348 -420 
0 0 18 51 100 140 162 186 178 189 193 213 236 294 442 627 867 1216 1592 1964 2335 2810 3460 4166 4991 5883 6855 7911 8949 10208 11540 12742 14008 15156 16431 17738 18887 19966 20992 21695 22356 22843 23285 23433 23462 23303 23045 22682 22000 21332 20491 19592 18665 17646 16575 15358 14270 13071 11890 10705 9571 8422 7428 6465 5449 4396 3523 2615 1778 968 218 -442 
0 0 14 59 108 144 164 185 211 233 254 292 330 370 421 496 577 672 805 1016 1253 1533 1910 2296 2795 3342 3945 4648 5385 6275 7208 8261 9423 10556 11670 12813 14084 15104 16285 17452 18535 19455 20514 21397 22032 22682 22833 22953 22963 22794 22407 21926 21389 20680 19868 18913 17956 16875 15833 14659 13424 12208 11166 9891 8778 7720 6678 5688 4712 3775 2936 2219 1482 745 56 -601 
0 1 22 50 99 141 167 184 183 185 211 229 302 392 516 667 834 1080 1409 1721 2168 2623 3177 3794 4554 5340 6231 7134 8168 9157 10298 11633 12869 14158 15317 16520 17535 18526 19558 20533 21500 22028 22510 22996 23158 23275 23126 22836 22435 21748 21053 20268 19354 18390 17446 16231 15182 13986 12740 11500 10450 9305 8180 7086 5904 4917 3959 2994 2171 1380 753 104 -589 
0 0 25 63 106 142 161 171 198 212 219 239 274 314 386 472 623 794 987 1212 1455 1828 2244 2711 3277 3925 4608 5333 6193 7094 8160 9208 10313 11525 12752 13995 15318 16604 17786 18804 19687 20579 21251 21747 22312 22603 22728 22548 22390 22138 21787 21216 20652 19776 18725 17751 16740 15687 14635 13644 12505 11278 10266 9034 7973 6919 5890 4975 4088 3198 2393 1618 897 140 -470 
0 0 16 60 102 131 157 179 213 262 314 406 493 618 774 1020 1257 1512 1922 2388 2850 3451 4068 4733 5563 6407 7465 8512 9646 10702 11882 13188 14268 15562 16745 18003 18948 19899 20794 21615 22304 22636 22946 23255 23283 22927 22529 22143 21489 20708 19762 18792 17803 16666 15685 14496 13334 12079 11046 9832 8746 7632 6550 5440 4519 3762 2806 2031 1182 367 -324 
0 0 13 45 101 127 160 194 205 209 224 246 275 313 357 398 494 608 735 919 1140 1489 1829 2238 2732 3213 3829 4588 5382 6261 7251 8308 9436 10613 11769 12948 14209 15578 16682 17859 18912 19920 20634 21630 22377 22915 23343 23470 23345 23157 22601 22220 21455 20683 19738 18804 17788 16669 15626 14479 13392 12206 11137 10085 8858 7741 6776 5913 4946 3946 3081 2225 1468 718 58 -608 
0 0 16 55 108 147 167 176 184 206 265 375 461 587 733 876 1132 1395 1710 2141 2605 3111 3809 4582 5396 6214 7275 8280 9546 10781 12027 13330 14606 15884 17318 18560 19652 20641 21514 22041 22561 23170 23455 23611 23566 23186 22774 22321 21736 20794 20164 19095 18131 17043 15969 14762 13604 12436 11322 10149 8984 7951 6774 5741 4801 3804 2979 2153 1369 612 6 -611 
0 3 17 54 95 128 146 162 175 190 206 262 332 447 573 722 936 1203 1587 2024 2606 3268 4006 4758 5546 6455 7425 8461 9471 10675 12040 13211 14389 15636 16748 17904 18997 19927 20677 21537 22067 22520 22910 23144 23237 23006 22696 22160 21744 20946 20062 19193 18239 17265 16117 15064 13920 12637 11326 10265 9196 8070 7062 6069 4928 3967 3138 2274 1513 849 110 -497 
0 2 26 57 105 143 170 192 196 206 229 254 305 404 517 642 764 942 1151 1408 1735 2176 2642 3217 3821 4543 5275 6166 7091 8158 9347 10482 11687 13035 14258 15412 16588 17803 18821 19873 20844 21508 22093 22551 22877 22966 23182 22866 22653 22232 21761 20925 20041 19189 18152 17126 15899 14628 13429 12423 11220 10180 8987 7880 6807 5733 4705 3783 2891 2058 1277 490 -242 
0 0 16 56 97 132 163 171 175 180 178 180 211 228 255 309 370 463 588 732 903 1111 1440 1856 2347 2833 3413 3985 4724 5485 6359 7307 8374 9482 10703 11975 13198 14408 15444 16486 17596 18635 19744 20680 21424 21915 22304 22620 22714 22721 22505 22248 21943 21272 20568 19694 18766 17911 16932 15850 14734 13526 12598 11482 10467 9346 8300 7248 6213 5082 4125 3252 2450 1682 935 356 -338 
0 0 15 47 89 122 152 170 174 186 187 209 241 277 362 464 595 772 982 1214 1500 1860 2207 2628 3103 3605 4121 4697 5353 6258 7233 8245 9288 10331 11520 12689 13850 14884 16076 17208 18316 19367 20284 20967 21718 22142 22494 22788 22870 22656 22300 22033 21603 20801 20002 19048 17976 16954 15797 14629 13508 12302 11325 10140 9073 8077 6947 5972 4946 3891 3017 2274 1527 799 220 -397 
0 2 22 57 96 127 151 161 177 208 238 314 397 466 541 682 828 1036 1287 1576 1953 2410 2974 3643 4322 5085 5901 6782 7700 8721 9900 10940 12100 13360 14542 15667 16855 17948 19047 19795 20707 21433 21990 22559 22935 23166 23125 22827 22373 21705 21125 20403 19615 18497 17420 16495 15321 14214 13166 11996 10898 9762 8610 7521 6386 5397 4632 3832 2953 2243 1475 799 74 -491 
0 3 27 61 102 144 166 166 184 211 217 237 259 305 389 478 610 751 961 1235 1616 2072 2505 3062 3636 4372 5160 5902 6631 7507 8441 9442 10557 11667 12910 14209 15326 16427 17520 18525 19485 20345 21035 21834 22260 22707 22979 22928 22734 22331 21844 21334 20560 19712 18936 18074 17015 15768 14507 13415 12332 11274 10117 8942 7810 6814 5867 4895 3993 3102 2277 1412 643 -67 
0 1 19 49 100 139 164 178 185 189 217 243 277 348 422 521 657 823 1082 1331 1630 1985 2414 2942 3665 4469 5360 6249 7196 8169 9086 10026 11093 12255 13588 14980 16265 17365 18424 19464 20390 21086 21814 22365 22720 22908 22929 22849 22658 22310 21760 21026 20229 19380 18411 17460 16375 15297 14138 12921 11652 10438 9301 8256 7233 6227 5200 4302 3386 2599 1729 996 265 -348 
0 0 12 46 101 145 169 174 184 187 201 211 230 277 336 437 592 766 975 1281 1602 1987 2405 2789 3352 4037 4859 5776 6572 7509 8568 9567 10695 11953 13053 14268 15371 16581 17763 18928 19870 20777 21463 22006 22597 22692 22934 22828 22604 22229 21772 21144 20390 19632 18806 17808 16834 15709 14500 13302 12087 10820 9774 8555 7444 6496 5388 4423 3578 2755 1952 1205 495 -96 
0 1 18 56 95 127 164 171 184 201 224 253 302 364 472 632 802 978 1221 1564 1900 2274 2764 3363 4016 4784 5556 6420 7415 8423 9521 10599 11881 13169 14477 15551 16703 17825 18900 19951 20938 21708 22461 22953 23253 23400 23352 23152 22718 22228 21548 20714 19911 18899 17855 16781 15592 14503 13368 12168 10972 9823 8680 7699 6617 5587 4678 3679 2821 2021 1304 604 2 -728 
0 1 19 51 93 120 151 169 195 194 221 257 334 437 571 702 854 1019 1233 1460 1715 2002 2420 2934 3525 4203 4982 5817 6673 7556 8591 9701 10907 12087 13255 14390 15630 16823 17902 18872 19789 20485 21221 21643 22035 22297 22418 22434 22333 21959 21514 21022 20318 19701 18741 17770 16690 15672 14393 13262 12159 11065 9969 8865 7879 6957 5875 4763 3856 3019 2253 1465 745 57 -579 
0 0 19 60 97 137 168 186 187 219 228 244 281 313 354 394 469 572 728 917 1178 1562 2079 2679 3263 3956 4633 5415 6294 7271 8275 9268 10366 11409 12534 13873 15129 16359 17548 18619 19594 20454 21136 21702 22233 22779 23144 23240 23211 22869 22341 21738 21008 20018 19145 18166 17150 16097 14807 13680 12436 11497 10308 9164 8012 7004 5962 5071 4207 3163 2323 1442 714 33 -656 
0 1 16 45 94 132 153 168 179 185 212 243 271 347 409 491 601 759 940 1186 1447 1798 2202 2703 3279 3924 4560 5355 6145 7140 8174 9230 10343 11561 12838 14133 15320 16514 17853 18863 19939 20743 21515 22199 22609 22859 22949 22842 22797 22481 22084 21537 20779 19967 18998 17857 16980 15924 14790 13739 12578 11487 10384 9358 8268 7118 6033 5025 4106 3298 2506 1732 982 285 -333 
0 0 28 81 117 140 166 173 179 195 208 234 281 334 390 475 582 699 886 1107 1343 1665 2053 2493 3115 3759 4499 5377 6317 7321 8340 9366 10413 11514 12733 13882 15153 16482 17725 18845 19906 20835 21610 22234 22681 23061 23263 23174 23186 22974 22479 21956 21109 20223 19262 18227 17223 16135 14980 13818 12663 11591 10360 9235 8111 7035 6002 5057 4204 3310 2381 1603 838 149 -441 
0 2 19 53 98 142 159 183 197 207 208 231 267 324 377 458 549 684 821 979 1132 1312 1565 1885 2246 2721 3215 3914 4626 5416 6347 7380 8360 9380 10522 11717 12905 14029 15242 16133 17244 18272 19255 20003 20727 21383 22019 22333 22379 22429 22176 21764 21305 20883 20221 19572 18604 17573 16519 15555 14454 13380 12260 11075 10068 8953 7817 6810 5760 4714 3808 2898 2154 1379 690 83 -535 
0 3 23 63 97 135 148 167 192 225 256 280 334 389 489 610 774 1050 1365 1758 2133 2588 3073 3665 4262 4990 5854 6693 7627 8713 9871 11105 12244 13520 14552 15780 16831 17930 18969 19880 20921 21504 22106 22566 22591 22652 22580 22546 22324 21807 21015 20318 19314 18411 17402 16434 15347 14208 13124 11820 10610 9509 8460 7470 6431 5448 4449 3569 2690 1784 1004 284 -460 
0 0 20 52 88 138 163 178 197 211 220 258 303 390 522 669 812 1017 1301 1650 2046 2526 3078 3837 4580 5449 6311 7243 8250 9153 10258 11485 12743 13945 15162 16349 17570 18573 19685 20575 21340 22032 22525 22851 22991 23089 23050 22706 22348 21943 21083 20267 19289 18304 17147 16106 14924 13717 12547 11423 10248 9166 8167 7056 6061 5025 4141 3315 2547 1849 1134 457 -215 
0 2 21 68 106 141 167 188 198 200 228 257 284 330 425 541 665 857 1058 1233 1510 1822 2196 2708 3358 4007 4696 5438 6221 7146 8140 9262 10448 11646 12717 13961 15055 16199 17399 18592 19637 20427 21204 21696 22165 22524 22766 22619 22636 22421 22084 21522 20786 19984 18903 18059 17019 16001 14760 13622 12430 11194 10147 9054 7970 6950 5885 4942 3939 3053 2201 1449 688 114 -494 
0 0 21 54 94 125 151 180 205 238 244 282 357 469 620 776 984 1189 1485 1855 2240 2694 3271 4029 4902 5679 6674 7642 8674 9799 11017 12029 13228 14441 15769 16969 18159 19311 20329 21196 21793 22377 22715 23040 23137 23103 22964 22463 22001 21442 20757 19810 18786 17641 16692 15440 14336 13166 11932 10809 9857 8687 7594 6508 5422 4441 3475 2666 1874 1208 442 -266 
0 1 19 56 94 129 156 165 166 180 205 208 230 236 276 328 439 612 838 1061 1319 1624 2016 2475 2975 3579 4232 4903 5778 6616 7594 8642 9739 10824 12035 13174 14498 15661 16751 17828 18736 19778 20550 21286 21846 22208 22601 22856 22758 22608 22321 21800 21390 20576 19638 18491 17449 16531 15413 14322 13134 12025 10935 9959 8918 7746 6809 5722 4787 3700 2807 2013 1284 590 -158 
0 3 20 51 95 129 156 181 186 206 207 211 256 301 357 436 550 687 868 1108 1361 1754 2174 2638 3199 3832 4577 5289 6084 6900 7891 9013 10098 11167 12351 13439 14461 15654 16809 18009 18937 19924 20838 21427 22024 22358 22687 22901 22831 22516 22133 21594 20908 20202 19341 18338 17256 16218 14966 13953 12843 11724 10695 9518 8315 7349 6362 5390 4551 3725 2798 2061 1302 553 -85 
0 2 22 61 111 139 155 172 179 177 169 203 220 246 301 356 468 640 804 1047 1344 1711 2155 2640 3185 3724 4370 5054 5806 6684 7590 8672 9732 10845 12002 13153 14280 15527 16675 17829 19052 19890 20689 21428 22069 22441 22782 22859 22954 22813 22356 21975 21395 20636 19738 18677 17554 16435 15328 14189 13130 11920 10685 9612 8508 7518 6446 5441 4519 3682 2816 2058 1360 425 -213 
0 0 9 49 87 132 165 181 168 189 205 226 240 266 260 301 375 496 685 878 1135 1391 1682 1986 2433 2913 3554 4319 5149 6129 7126 8215 9232 10403 11495 12762 13961 15131 16435 17679 18865 19837 20636 21501 22219 22650 22966 23176 23195 22983 22780 22312 21829 21160 20362 19470 18518 17452 16312 15188 14015 12779 11642 10413 9270 8172 7173 6101 5056 4070 3167 2385 1651 804 146 -458 
0 1 19 63 108 136 163 170 174 179 208 261 321 412 564 716 908 1119 1364 1692 2085 2507 2941 3473 4021 4762 5483 6301 7215 8319 9422 10503 11731 12887 14082 15269 16449 17600 18611 19584 20366 21126 21610 22124 22427 22671 22597 22533 22419 22004 21305 20593 19712 18868 17874 16809 15690 14708 13646 12455 11290 10080 8924 7753 6755 5801 4864 3952 3082 2293 1551 805 119 -456 
0 1 23 58 108 138 155 164 179 193 211 232 278 361 451 540 682 893 1162 1480 1899 2336 2823 3404 3962 4643 5394 6245 7217 8283 9352 10493 11766 12981 14290 15484 16694 17834 18849 19901 20653 21375 21909 22389 22707 22902 23024 22673 22311 21860 21288 20686 19645 18813 18006 16946 15751 14652 13478 12291 11209 10061 8992 7846 6886 5802 4844 3894 3092 2266 1483 843 88 -525 
0 1 22 60 97 129 164 188 200 241 318 410 529 676 869 1143 1483 1856 2313 2817 3343 3933 4516 5323 6169 7147 8180 9233 10312 11454 12617 13948 15277 16398 17370 18557 19619 20367 21132 21751 22226 22605 22714 22849 22829 22740 22322 21814 21125 20102 19289 18213 17077 16028 14988 13822 12590 11426 10189 9123 8144 6945 5933 4972 4062 3159 2351 1545 825 164 -460 
0 1 22 69 108 143 165 179 177 193 199 210 236 243 263 332 407 540 692 863 1112 1313 1553 1869 2284 2728 3242 3761 4381 5050 5941 6884 7895 8890 10037 11276 12345 13765 15037 16334 17528 18724 19833 20860 21403 22078 22593 22916 23014 23081 22877 22442 21937 21336 20697 19925 19188 18124 17076 15967 14705 13633 12443 11307 10214 9105 8159 7018 6072 5179 4244 3299 2447 1680 996 197 -457 
0 0 22 56 104 139 169 183 199 211 224 238 276 354 404 503 590 726 871 1071 1333 1653 2033 2481 3010 3604 4240 4912 5584 6379 7285 8209 9327 10477 11612 12834 14190 15408 16620 17835 18862 19834 20645 21481 22095 22594 22840 23103 23105 22852 22577 22020 21377 20638 19910 19075 18201 16974 15872 14797 13625 12519 11420 10274 9172 7984 6888 5958 5062 4112 3264 2404 1487 695 30 -646 
0 3 17 49 98 140 164 174 172 167 163 171 206 247 275 326 387 465 527 677 824 1048 1324 1638 2062 2528 3032 3672 4426 5156 6054 6922 7953 8941 10056 11207 12416 13641 14779 16037 17307 18531 19505 20413 21270 21946 22472 22863 23172 23118 22943 22661 22187 21706 21004 20145 19194 18196 17030 16042 14885 13802 12651 11480 10299 9168 8140 6998 5995 5028 4095 3231 2419 1627 822 160 -515 
0 2 24 53 109 149 163 180 184 182 222 285 360 475 652 816 1021 1262 1538 1791 2090 2475 2937 3385 3994 4665 5567 6460 7429 8614 9875 11125 12473 13816 14968 16288 17516 18660 19804 20817 21683 22245 22683 22950 23246 23127 22983 22673 22320 21815 20953 20137 19074 18169 17279 16146 15058 13811 12542 11369 10388 9297 8208 7081 6014 5042 4120 3230 2325 1564 787 136 -485 
0 0 24 75 104 132 163 169 187 192 205 223 236 248 299 368 463 597 762 982 1311 1699 2125 2547 3059 3607 4305 5013 5761 6490 7501 8620 9867 10991 12098 13129 14395 15681 16964 18149 19049 19875 20678 21380 22023 22438 22846 22963 22848 22437 22143 21743 21169 20376 19529 18712 17752 16683 15450 14240 13180 11886 10717 9533 8436 7399 6409 5484 4538 3635 2785 2087 1313 516 -214 
0 3 20 49 85 133 153 164 182 183 190 226 269 289 346 424 546 661 790 987 1201 1449 1766 2187 2697 3270 3909 4582 5297 6093 6906 7880 8958 10057 11197 12411 13531 14851 15992 17094 18092 19108 20128 21124 21858 22386 22776 22797 22998 23050 22751 22237 21776 21021 20172 19371 18426 17417 16294 15248 13987 12754 11632 10529 9474 8252 7262 6107 5110 4190 3213 2353 1480 743 52 -582 
0 0 18 62 98 137 174 183 188 182 180 197 227 269 331 457 598 733 944 1147 1388 1652 2002 2533 3135 3825 4601 5431 6277 7155 8191 9229 10386 11509 12744 13968 15107 16283 17565 18614 19525 20305 21118 21907 22442 22614 22896 22906 22754 22548 22059 21488 20923 19980 19210 18087 17012 15964 14889 13763 12643 11618 10452 9348 8231 7233 6108 5085 4055 3214 2401 1624 960 243 -364 
0 0 18 60 103 144 167 180 189 184 188 186 236 301 386 490 638 831 1071 1358 1750 2129 2532 2956 3549 4148 4815 5595 6615 7663 8690 9773 10978 12253 13367 14534 15613 16800 18093 19226 20312 21081 21929 22400 22855 23075 23216 23161 22927 22437 21963 21117 20518 19670 18828 17761 16708 15628 14472 13225 12156 11117 9942 8824 7672 6734 5656 4660 3704 2890 2193 1463 801 103 -566 
0 1 22 63 103 152 168 191 205 206 227 256 294 339 419 522 623 793 1054 1290 1575 1929 2331 2763 3244 3786 4380 5026 5737 6477 7421 8386 9415 10516 11663 13039 14322 15444 16483 17526 18556 19527 20560 21272 21854 22425 22927 22958 22838 22662 22265 21801 21238 20604 19637 18692 17584 16497 15397 14385 13287 12050 10798 9683 8675 7740 6615 5638 4711 3817 3078 2250 1501 750 22 -607 
0 2 22 62 110 126 149 172 188 210 234 252 275 316 372 438 536 635 783 939 1150 1426 1758 2147 2625 3237 3890 4575 5425 6341 7355 8272 9317 10440 11692 12813 13927 15066 16127 17276 18328 19295 20189 21047 21590 22280 22600 22805 22894 22921 22880 22419 21905 21167 20321 19294 18224 17168 16014 14879 13711 12655 11513 10321 9220 8137 7045 5921 4936 3921 2985 2218 1457 708 -48 
0 0 20 57 94 129 143 171 189 197 209 241 313 423 535 641 754 940 1167 1395 1719 2135 2668 3298 3864 4480 5181 5911 6723 7744 8841 10094 11396 12755 13897 14981 16214 17308 18386 19324 20344 21207 21878 22478 22769 22878 23047 22878 22702 22568 21992 21377 20369 19322 18295 17450 16260 15104 14040 12909 11775 10608 9434 8305 7158 6063 5116 4176 3274 2460 1685 852 77 -566 
0 1 24 60 103 133 157 177 198 215 249 256 293 340 410 490 619 753 907 1125 1409 1762 2164 2662 3202 3835 4592 5442 6372 7203 8132 9187 10368 11551 12711 13956 15150 16196 17310 18392 19296 20295 20958 21738 22245 22657 22800 22897 22645 22389 21927 21404 20782 19984 19181 18099 17018 15908 14903 13832 12605 11391 10256 9142 8053 7032 5966 4946 4143 3289 2478 1585 860 225 -383 
0 1 19 55 96 122 153 180 191 201 201 227 251 281 356 440 538 670 792 944 1213 1564 1994 2514 3043 3715 4379 5159 5992 6894 7967 9065 10155 11322 12626 13891 15113 16317 17492 18635 19575 20344 21240 21969 22291 22652 22745 22700 22549 22295 22127 21635 20906 20132 19253 18322 17354 16255 15134 14015 12922 11847 10658 9485 8320 7086 6067 5184 4276 3323 2445 1642 901 192 -393 
0 1 20 57 103 151 167 172 169 172 177 219 285 386 520 698 891 1129 1433 1843 2320 2859 3440 4127 4847 5761 6757 7769 8813 10030 11187 12388 13681 14805 15987 17164 18240 19225 19985 20921 21630 22198 22613 22927 22915 22996 22880 22639 22134 21422 20583 19673 18649 17666 16614 15549 14554 13375 12233 11141 9825 8824 7739 6655 5655 4581 3584 2770 1866 1147 397 -330 
0 1 15 45 95 128 161 184 186 200 215 223 223 265 351 453 595 766 980 1286 1603 1971 2377 2892 3542 4130 4865 5665 6547 7453 8498 9492 10593 11749 12784 13922 15037 16297 17383 18572 19584 20406 21103 21731 22260 22729 22786 22642 22516 22305 21850 21261 20407 19551 18653 17669 16494 15578 14505 13531 12473 11277 10082 9065 7981 6896 5953 5018 4072 3199 2417 1602 854 140 -527 
0 0 20 58 106 134 170 179 204 211 235 293 382 547 727 925 1161 1438 1753 2138 2577 3087 3684 4425 5166 6102 7048 8058 9103 10232 11411 12634 13874 15052 16319 17518 18542 19402 20305 21003 21705 22007 22475 22663 22827 22732 22562 22346 21637 21239 20540 19629 18731 17687 16599 15452 14322 13303 12341 11154 10088 8838 7941 6841 5790 4806 3765 2847 2071 1271 550 -61 
0 2 28 56 94 140 163 181 188 194 213 234 271 322 388 503 644 847 1082 1370 1681 2053 2522 3069 3675 4412 5077 5796 6667 7648 8693 9814 10963 12090 13212 14390 15704 16992 18043 19089 20068 20895 21587 22126 22543 22868 22979 22934 22761 22523 21934 21210 20548 19775 18791 17738 16617 15427 14217 13089 11999 10843 9536 8563 7582 6478 5479 4554 3525 2688 1963 1186 435 -265 
0 1 22 72 103 145 173 193 207 230 248 272 315 390 531 697 903 1142 1360 1669 1978 2297 2709 3264 3893 4631 5453 6292 7184 8106 9183 10135 11247 12263 13404 14566 15657 16778 17818 18830 19722 20563 21273 21697 22019 22184 22187 22028 21988 21627 21056 20469 19753 18876 17861 16773 15903 14814 13616 12407 11333 10218 9202 7988 7053 6075 5191 4308 3409 2660 1819 1018 243 -441 
0 0 21 67 111 148 170 185 182 192 222 264 304 372 428 510 618 766 922 1121 1370 1692 2090 2580 3154 3769 4500 5323 6053 6882 7754 8723 9799 10883 11995 13123 14225 15455 16657 17803 18891 19753 20789 21445 22122 22518 22921 22949 22929 22684 22299 21738 21067 20275 19490 18459 17523 16543 15400 14330 13242 12069 10881 9704 8680 7534 6472 5471 4491 3494 2650 1832 1078 395 -304 
0 1 22 66 103 125 159 179 185 199 206 232 258 327 442 551 699 905 1130 1393 1740 2154 2632 3166 3693 4435 5228 6193 7157 8205 9303 10502 11664 12872 14104 15264 16422 17517 18564 19597 20478 21113 21636 22096 22496 22808 22996 23045 22705 22237 21760 21148 20210 19281 18435 17398 16340 15121 13947 12834 11752 10639 9468 8331 7194 6227 5255 4276 3317 2469 1644 968 237 -420 
0 1 19 58 93 128 154 169 185 197 209 221 244 266 320 393 473 592 738 896 1086 1329 1614 1965 2366 2808 3278 3796 4493 5291 6148 7044 8007 8962 10185 11330 12615 14049 15320 16495 17794 18990 20181 21021 21832 22571 22996 23346 23578 23335 23078 22707 22323 21646 20857 20021 18967 18032 17085 15929 14749 13424 12222 11073 9899 8827 7716 6688 5627 4695 3858 3024 2146 1370 661 93 -520 
0 3 15 63 100 135 157 171 182 192 222 246 282 316 379 462 605 790 1042 1298 1571 1923 2335 2838 3415 4052 4825 5709 6634 7706 8813 10003 11243 12547 13716 14998 16307 17550 18731 19781 20588 21247 21920 22434 22815 23177 23338 23176 22840 22592 22032 21370 20565 19624 18676 17482 16404 15561 14469 13215 11930 10827 9725 8447 7313 6339 5304 4355 3399 2618 1929 1191 426 -186 
0 0 19 61 98 136 164 180 202 215 236 268 303 375 434 488 610 788 1039 1339 1714 2127 2616 3163 3783 4519 5266 6181 7144 8120 9158 10389 11594 12819 13974 14991 16105 17189 18320 19315 20263 21066 21759 22172 22643 22878 22963 22646 22480 21946 21347 20707 20042 19114 18208 17038 15917 14818 13664 12701 11538 10478 9403 8310 7223 6223 5153 4133 3186 2394 1702 972 287 -442 
0 0 15 52 92 131 154 173 180 201 228 268 294 337 409 504 610 801 973 1193 1469 1833 2220 2702 3309 3913 4535 5238 6016 6980 7996 9039 10243 11329 12533 13565 14678 15667 16997 18111 19305 20263 20869 21433 22087 22424 22792 22957 22980 22590 22154 21687 21065 20330 19438 18392 17336 16196 15150 14071 12772 11643 10454 9262 8240 7303 6205 5241 4220 3308 2441 1698 954 175 -345 
0 1 21 50 95 128 161 173 200 182 191 206 229 278 334 380 458 545 634 772 1018 1273 1662 2100 2692 3273 4015 4712 5634 6478 7464 8537 9689 10732 11956 13255 14446 15542 16578 17751 18684 19719 20617 21489 22003 22581 22921 23109 23121 22918 22580 22235 21589 20988 20254 19325 18321 17238 16169 14892 13741 12461 11292 10163 9027 7992 6888 5998 5003 3979 3187 2416 1658 902 172 -538 
0 0 15 48 96 137 159 184 205 224 220 248 293 345 414 531 649 794 1019 1277 1629 2064 2527 3110 3758 4542 5302 6330 7259 8398 9480 10580 11860 13056 14256 15329 16514 17559 18615 19685 20606 21404 21974 22525 22979 23153 23104 22925 22520 22215 21499 20690 19991 18947 18132 17154 16105 15115 13934 12818 11541 10359 9186 8202 7129 6138 5214 4324 3492 2698 1941 1250 510 -149 
0 0 20 52 100 139 163 178 189 206 232 272 346 430 533 647 829 991 1153 1376 1686 2124 2663 3310 3918 4590 5370 6262 7127 8056 9159 10319 11432 12600 13671 14769 16020 17196 18340 19229 20169 20953 21474 22105 22629 23006 23055 22942 22640 22171 21504 20786 19923 19155 18244 17019 15868 14599 13422 12307 11335 10116 9058 8007 7004 6067 4960 3890 3029 2192 1336 659 8 -591 
0 0 16 57 109 134 146 174 191 211 223 249 275 288 329 369 426 522 636 775 959 1166 1415 1681 2038 2447 2973 3686 4441 5275 6112 7006 8053 9035 10220 11279 12500 13630 14766 15927 17104 18149 19128 20020 20811 21463 22036 22395 22417 22508 22508 22245 22003 21422 20737 19985 19048 18073 17011 15970 14768 13650 12470 11266 10204 8961 7778 6689 5632 4714 3971 3064 2258 1513 823 250 -393 
0 0 24 64 99 136 163 168 173 178 196 208 229 269 325 467 732 994 1220 1513 1801 2209 2697 3262 3916 4499 5217 6009 6922 8002 8990 10042 11147 12294 13558 14595 15785 16826 17823 18820 19711 20655 21377 21904 22305 22603 22728 22765 22522 22260 21654 20967 20247 19315 18349 17477 16358 15336 14291 13007 11899 10788 9758 8595 7408 6359 5309 4419 3588 2827 2015 1221 539 -143 
0 0 21 66 110 136 152 155 168 188 198 227 261 294 307 357 479 614 770 969 1171 1451 1749 2085 2466 2966 3531 4165 4888 5688 6684 7586 8642 9605 10662 11796 12964 14146 15317 16471 17543 18740 19796 20627 21413 21874 22374 22758 22986 22855 22808 22368 21920 21269 20393 19454 18670 17782 16692 15562 14473 13342 12283 10969 9898 8892 7774 6770 5680 4673 3736 2814 1988 1295 598 -72 
0 1 18 55 105 142 156 189 205 221 229 258 319 402 544 756 1023 1346 1741 2164 2731 3362 4035 4762 5542 6411 7375 8363 9404 10516 11755 13045 14181 15351 16573 17552 18617 19530 20473 21143 21857 22295 22670 23083 23022 22931 22589 22173 21663 21074 20171 19125 18041 17064 15933 14855 13743 12532 11403 10257 9164 7945 6745 5696 4707 3799 2926 2129 1360 645 -55 
0 1 18 50 94 131 154 176 191 205 225 251 279 319 425 539 708 933 1208 1601 2031 2566 3131 3692 4366 5023 5882 6773 7751 8744 9960 11141 12328 13629 14855 15971 17177 18397 19415 20260 21230 22004 22498 22865 23141 23141 23105 22892 22547 22140 21307 20454 19575 18626 17505 16438 15233 14185 13037 11866 10750 9664 8549 7478 6477 5384 4470 3621 2747 1934 1187 532 -181 
0 0 21 56 96 115 145 156 179 180 185 203 209 232 290 340 454 597 830 1130 1457 1863 2298 2827 3434 4221 5023 5862 6716 7652 8662 9763 10884 12049 13251 14439 15535 16657 17835 18916 19871 20692 21383 21999 22272 22352 22469 22458 22412 22073 21414 20914 20185 19411 18453 17511 16375 15373 14359 13279 12205 11096 9951 8808 7648 6597 5658 4677 3650 2866 2077 1317 647 -73 
0 1 13 44 98 140 160 172 176 177 194 217 250 315 379 506 658 842 1042 1306 1617 2052 2563 3121 3691 4360 5087 5857 6786 7730 8732 9792 10900 12030 13039 14213 15385 16584 17707 18844 19699 20489 21126 21713 22236 22586 22712 22497 22340 22067 21768 21137 20423 19566 18710 17750 16780 15739 14637 13567 12306 11146 9951 8877 7839 6797 5745 4800 3921 2971 2189 1378 694 56 -625 
0 0 19 59 99 133 158 178 181 205 204 224 239 268 316 371 442 538 671 820 1025 1257 1567 1965 2401 2943 3552 4266 5074 5920 6865 7827 8965 10087 11201 12474 13719 14985 16325 17595 18710 19629 20407 21181 21903 22308 22736 22994 22918 22786 22456 22038 21589 20732 19983 19094 18124 17075 15975 14907 13690 12495 11309 10228 8972 7950 6911 5931 4975 4068 3141 2248 1537 783 128 -547 
0 2 22 57 100 132 160 164 184 196 218 234 272 318 379 509 702 986 1305 1687 2127 2602 3240 3910 4725 5544 6401 7371 8421 9374 10497 11616 12695 13930 15096 16214 17382 18522 19466 20354 21036 21565 22078 22414 22670 22657 22597 22461 22102 21332 20816 20055 19350 18555 17461 16372 15399 14259 13146 11999 10646 9457 8302 7201 6256 5285 4493 3641 2824 1983 1193 504 -129 
0 1 19 53 89 118 148 169 191 209 240 269 327 381 442 531 722 940 1235 1508 1802 2129 2512 2985 3616 4316 5169 6169 7147 8182 9468 10669 11858 13051 14305 15479 16603 17673 18833 19992 20802 21582 22235 22804 23156 23255 23223 23006 22758 22226 21659 21047 20292 19509 18462 17421 16268 15121 13840 12579 11381 10308 9190 8088 6924 5873 4936 4074 3210 2350 1626 787 87 -583 
0 0 16 50 94 124 158 179 182 176 200 229 298 402 548 730 979 1250 1583 1949 2401 2947 3599 4247 4969 5813 6751 7766 8687 9771 10924 12075 13128 14263 15371 16575 17782 18861 19848 20641 21388 21838 22232 22604 22764 22772 22561 22267 21957 21495 20743 19790 18844 17856 16810 15683 14515 13469 12314 11166 10158 9117 8085 6906 5962 5107 4177 3237 2476 1753 980 241 -371 
0 0 17 59 93 130 150 156 174 213 241 313 406 572 749 973 1222 1512 1827 2193 2638 3156 3786 4481 5363 6223 7132 8129 9189 10326 11684 12902 14215 15392 16541 17719 18841 19985 20969 21742 22238 22787 23206 23335 23371 23325 22928 22554 21859 21013 20196 19367 18257 17111 16031 14987 13787 12592 11406 10346 9159 8076 6964 5843 4836 3935 3040 2272 1476 805 107 -540 
0 0 16 44 90 127 165 184 187 196 198 206 243 283 355 451 588 843 1110 1423 1734 2071 2512 2973 3496 4128 4825 5551 6365 7322 8292 9221 10274 11501 12594 13796 15121 16295 17473 18552 19586 20397 21126 21702 22241 22578 22840 22724 22416 22228 21997 21520 20723 19949 18981 17945 17043 16083 15011 13909 12747 11671 10442 9440 8349 7279 6225 5174 4193 3329 2451 1590 966 289 -347 
0 0 22 57 94 126 146 167 184 185 201 241 291 329 366 449 505 654 817 1047 1360 1739 2171 2749 3412 4098 4873 5688 6583 7610 8755 10063 11165 12364 13492 14746 16162 17307 18431 19341 20226 21051 21709 22386 22667 23059 23186 22995 22799 22529 22093 21288 20557 19682 18861 17831 16744 15596 14550 13378 12185 10914 9662 8541 7487 6493 5572 4524 3631 2765 1905 1164 488 -149 
0 0 15 53 98 138 167 184 217 244 305 362 409 509 657 852 1116 1408 1712 2032 2383 2783 3276 3868 4529 5308 6145 7144 8175 9277 10506 11706 13035 14217 15325 16500 17523 18815 19783 20472 21313 21853 22406 22678 22784 22733 22583 22186 21771 21379 20683 19852 18959 17696 16519 15501 14504 13482 12284 11214 10186 9045 7983 6889 5802 4777 3915 3050 2236 1498 771 64 -634 
0 1 22 58 101 134 159 174 185 194 189 210 238 271 308 364 450 553 680 850 1045 1368 1777 2190 2665 3182 3787 4421 5096 5921 6867 7866 8859 10050 11242 12296 13467 14540 15697 16883 17917 18756 19790 20608 21245 21743 22177 22408 22615 22609 22377 22091 21640 20971 20277 19312 18354 17251 16191 15031 14013 12869 11865 10635 9610 8482 7381 6425 5441 4428 3560 2693 1937 1196 460 -218 
0 0 15 62 100 134 166 195 222 254 285 310 359 440 550 685 892 1134 1431 1760 2143 2720 3286 3949 4666 5410 6258 7252 8213 9213 10422 11566 12722 13933 15273 16496 17695 18825 19741 20795 21599 22308 22826 23175 23383 23334 23195 22843 22310 21819 20966 20146 19290 18373 17271 16171 14955 13692 12444 11176 10074 8807 7881 6794 5859 4853 3999 3088 2274 1483 685 12 -632 
