0 2 25 67 110 138 159 170 187 216 237 281 321 378 450 530 644 784 978 1164 1411 1695 2027 2532 2994 3613 4322 4937 5609 6301 7113 8038 9008 9998 10924 11906 12989 13996 15111 16203 17227 18255 19059 19706 20344 20917 21281 21674 21988 22251 22329 22335 22016 21857 21297 20865 20272 19588 18869 18048 17340 16537 15764 14841 14045 13272 12465 11689 11033 10280 9560 8947 8317 7708 7139 6552 6056 5545 5100 4695 4333 3959 3683 3350 3102 2807 2587 2360 2147 1947 1744 1560 1413 1262 1168 1048 934 861 765 670 620 541 478 446 429 376 335 298 249 205 192 163 150 124 110 98 84 61 61 46 37 18 13 4 -7 
0 0 16 60 88 134 170 195 223 235 240 254 286 346 423 497 599 735 943 1170 1539 1958 2434 2979 3542 4163 4847 5606 6447 7434 8528 9548 10655 11695 12792 14025 15288 16537 17579 18587 19343 20245 20969 21557 22071 22553 22804 23013 23108 22925 22772 22432 22077 21535 20927 20133 19370 18730 17940 17082 16152 15189 14282 13395 12580 11820 11028 10243 9542 8969 8323 7747 7105 6584 6099 5588 5093 4689 4290 3963 3630 3367 3085 2857 2603 2372 2171 1980 1788 1655 1465 1317 1175 1079 997 923 814 745 671 588 554 511 466 414 357 334 271 245 213 195 166 140 106 99 76 54 43 26 12 -5 
0 0 19 44 97 134 155 180 186 204 227 260 277 317 415 500 645 808 1026 1343 1627 1939 2382 2872 3401 4029 4785 5510 6269 7114 8020 9006 10036 11110 12135 13023 14118 15265 16407 17483 18607 19520 20374 21054 21672 22253 22621 22833 22851 22729 22659 22382 21977 21557 21011 20357 19640 18932 18154 17224 16454 15634 14820 14054 13251 12355 11552 10791 10001 9386 8670 7977 7322 6801 6316 5842 5382 4892 4536 4181 3789 3421 3123 2889 2687 2462 2218 1989 1772 1650 1506 1374 1280 1152 1032 922 833 715 640 587 539 478 428 360 338 297 269 254 227 213 172 146 126 92 79 73 53 31 26 7 -12 
0 2 18 76 115 142 160 176 199 221 232 261 281 329 403 529 672 885 1170 1519 1916 2289 2738 3232 3866 4552 5359 6179 6937 7707 8741 9727 10837 12059 13260 14443 15617 16807 17819 18854 19764 20548 21195 21830 22456 22769 23046 23099 23124 22942 22874 22544 21957 21288 20496 19802 19035 18284 17499 16591 15834 14949 14213 13258 12479 11682 10954 10303 9626 8900 8097 7445 6886 6302 5772 5379 4971 4547 4181 3827 3459 3165 2918 2630 2424 2195 2009 1852 1691 1547 1397 1310 1199 1086 997 913 862 770 694 633 563 493 431 406 365 314 290 267 226 206 184 163 153 129 96 87 71 66 50 28 26 18 1 5 -9 
0 2 22 74 116 140 171 184 191 200 216 238 297 357 441 596 798 1070 1350 1631 1980 2311 2646 3017 3525 4052 4702 5369 6204 7035 8014 8837 9852 10909 12012 13026 13914 14744 15708 16817 17795 18689 19493 20263 20744 21229 21751 21907 22085 22202 22258 22171 21745 21354 20773 20195 19598 18917 18081 17395 16453 15738 15004 14171 13408 12686 11691 11051 10225 9613 8918 8288 7646 7098 6512 6048 5537 5122 4739 4386 4058 3704 3367 3132 2865 2614 2388 2186 2061 1921 1748 1573 1430 1284 1164 1080 949 881 786 689 602 540 507 444 420 386 350 324 285 260 220 197 194 167 147 128 112 93 66 55 32 23 21 7 0 
0 3 23 58 102 137 156 183 190 219 264 310 372 451 569 669 819 970 1223 1520 1898 2280 2700 3213 3793 4449 5311 6219 7179 8102 9122 10190 11339 12472 13522 14663 15826 16995 18118 19133 19959 20768 21451 21938 22559 22752 22933 23044 23061 22907 22675 22294 21752 21068 20273 19600 18744 18047 17320 16496 15550 14638 13640 12839 12202 11367 10694 9955 9257 8544 7926 7363 6770 6195 5713 5216 4708 4342 3993 3696 3398 3155 2932 2605 2381 2157 1990 1833 1633 1462 1287 1195 1118 1013 910 814 718 625 565 493 436 389 361 308 286 260 210 201 171 157 124 104 88 72 61 43 29 26 17 8 1 -7 
0 1 23 55 96 140 166 179 182 194 204 216 262 323 414 526 655 776 984 1255 1569 1962 2370 2784 3228 3806 4442 5208 6049 6885 7876 8863 10008 11088 12133 13195 14307 15310 16312 17287 18257 19203 19891 20586 21124 21760 22178 22482 22712 22777 22681 22383 22046 21534 21066 20365 19768 19090 18301 17561 16722 15730 14805 14016 13298 12519 11795 11027 10289 9613 8928 8214 7650 7106 6566 5965 5495 5051 4721 4314 3969 3618 3286 2999 2706 2471 2247 2084 1898 1773 1631 1440 1266 1157 1052 962 895 805 725 657 582 526 485 441 401 345 294 240 217 195 179 153 122 105 98 82 63 48 35 20 19 7 0 
0 0 24 60 92 137 167 197 199 221 252 312 384 494 606 750 905 1084 1261 1490 1743 2036 2482 2974 3490 4184 4848 5577 6342 7145 8099 9134 10118 11230 12363 13670 14929 16156 17323 18328 19283 20234 20932 21613 22009 22419 22777 22809 22796 22756 22464 22202 21797 21175 20567 19928 19317 18603 17799 16916 16117 15332 14615 13808 12980 12077 11214 10325 9650 8997 8403 7787 7192 6678 6153 5643 5251 4758 4353 3961 3631 3288 3025 2778 2525 2257 2041 1857 1670 1510 1383 1252 1138 1013 917 813 760 706 636 587 540 478 414 381 350 326 279 245 225 195 176 148 127 110 89 77 64 47 25 26 15 1 -6 
0 1 20 61 97 134 161 177 190 218 230 248 279 346 448 587 744 886 1064 1324 1686 2011 2421 2935 3531 4189 4790 5528 6364 7229 8092 8995 9970 10994 12183 13291 14459 15476 16626 17549 18480 19456 20179 20945 21670 22128 22382 22577 22587 22427 22190 21994 21682 21186 20632 20083 19355 18658 17909 17074 16223 15481 14691 13812 13001 12175 11485 10754 10021 9335 8572 7970 7388 6825 6287 5871 5383 4982 4564 4219 3841 3556 3294 3038 2831 2573 2332 2094 1925 1738 1568 1397 1310 1179 1041 952 872 778 693 624 592 512 461 430 392 335 277 229 207 184 158 134 105 84 65 45 38 24 7 7 -10 
0 1 14 55 106 137 156 175 188 193 223 262 307 394 501 590 686 816 1051 1283 1592 1895 2244 2696 3229 3792 4500 5222 5938 6702 7767 8762 9774 10766 11929 13133 14294 15347 16444 17452 18414 19326 20120 20906 21506 22076 22564 22824 23110 23259 23144 22862 22433 22028 21300 20648 19990 19278 18401 17708 16710 15901 15013 14186 13284 12499 11676 10899 10154 9563 8850 8271 7640 7112 6526 6001 5504 5016 4612 4190 3884 3555 3210 2973 2750 2515 2355 2159 1944 1787 1596 1415 1300 1168 1086 983 907 803 703 631 576 500 441 386 344 276 230 216 173 158 133 110 88 58 52 27 20 13 1 -11 
0 3 18 55 98 141 162 178 198 210 221 233 283 347 413 504 608 737 918 1125 1331 1654 2043 2451 2934 3437 4030 4671 5488 6318 7272 8283 9338 10406 11528 12728 13834 14735 15701 16625 17654 18701 19651 20384 21021 21570 21932 22236 22583 22586 22607 22476 22147 21682 21240 20590 19912 19242 18557 17747 16813 16075 15173 14462 13713 12899 12076 11316 10548 9784 9140 8488 7856 7308 6781 6232 5767 5381 4937 4585 4180 3792 3483 3198 2902 2682 2447 2258 2064 1870 1740 1582 1448 1300 1145 1039 929 851 776 709 621 560 492 448 416 391 352 309 272 243 205 185 141 122 99 80 58 35 30 16 2 -13 
0 1 25 61 107 144 168 183 177 181 194 208 246 290 339 447 563 686 882 1117 1480 1834 2235 2721 3215 3829 4552 5396 6136 7105 8031 8906 9872 10899 11987 12982 14103 15173 16243 17280 18218 19178 20079 20768 21313 21607 22168 22427 22555 22475 22367 22020 21793 21406 20875 20361 19753 19152 18298 17611 16851 16074 15136 14277 13553 12816 12047 11287 10518 9810 9101 8372 7757 7195 6613 6089 5555 5127 4667 4278 3969 3667 3335 3077 2844 2621 2452 2212 1971 1787 1643 1499 1364 1242 1098 982 895 782 716 636 586 533 476 432 369 312 261 241 229 212 189 167 160 131 111 87 80 71 34 9 -3 
0 0 14 52 96 131 161 176 186 202 193 222 248 290 341 408 526 713 914 1183 1496 1901 2355 2813 3416 4090 4770 5538 6404 7230 8150 9134 10241 11351 12554 13786 15032 16155 17325 18300 19364 20178 20949 21687 22140 22675 22884 23026 23139 23067 22850 22610 22139 21544 21000 20181 19426 18626 17877 17038 16278 15454 14532 13607 12857 12057 11183 10441 9772 8984 8293 7684 7118 6592 6088 5598 5109 4661 4301 3990 3650 3301 2981 2734 2475 2301 2119 1940 1760 1593 1438 1277 1166 1069 935 820 739 671 611 550 491 423 388 355 317 270 221 190 172 125 121 117 97 80 75 63 43 20 6 -11 
0 1 12 44 85 121 145 167 190 202 223 252 305 359 434 520 615 751 895 1068 1270 1507 1824 2212 2616 3090 3568 4171 4881 5662 6485 7414 8337 9400 10455 11651 12646 13754 14817 15936 17128 18157 19049 19910 20738 21387 21725 22116 22245 22335 22390 22331 22013 21735 21359 20899 20401 19704 19066 18329 17698 16821 16039 15160 14387 13559 12769 11926 11024 10320 9726 9032 8432 7823 7198 6643 6170 5676 5203 4764 4358 3943 3627 3378 3111 2863 2635 2407 2249 2070 1903 1752 1579 1429 1300 1187 1075 993 889 809 739 662 598 530 482 438 390 342 295 271 246 206 184 159 143 117 82 62 46 40 24 13 1 -24 
0 0 18 54 99 139 174 187 215 212 217 235 263 307 380 521 726 972 1312 1677 2072 2537 2955 3410 4021 4747 5500 6301 7173 8018 8991 10027 11073 12286 13410 14668 15739 16821 17964 18981 19851 20619 21247 21849 22328 22677 22811 22841 22792 22642 22332 21899 21451 20907 20281 19623 18975 18171 17352 16449 15470 14608 13822 13016 12242 11467 10764 10055 9305 8621 8066 7577 7010 6463 5913 5404 4985 4537 4200 3858 3575 3278 2974 2755 2492 2251 2054 1851 1719 1588 1426 1320 1192 1064 974 875 777 731 650 588 511 461 411 364 329 302 260 232 207 175 150 133 111 91 86 66 51 45 33 19 6 -7 
0 2 24 66 107 140 167 172 196 200 222 251 293 351 416 530 676 870 1090 1334 1630 2029 2412 2895 3378 3962 4647 5461 6242 7135 8165 9248 10330 11360 12485 13607 14658 15621 16610 17680 18617 19510 20265 20959 21636 22195 22498 22641 22690 22601 22346 22181 21805 21219 20703 19986 19191 18452 17761 16961 16122 15375 14394 13520 12769 12031 11285 10596 9829 9192 8494 7881 7388 6841 6355 5824 5333 4829 4488 4149 3863 3517 3230 2977 2686 2516 2293 2104 1880 1725 1565 1402 1278 1171 1049 944 839 750 663 618 556 510 463 422 370 357 310 272 230 205 180 150 139 109 87 79 60 45 32 22 7 7 4 -10 
0 2 15 52 87 128 148 171 187 191 197 211 235 272 324 402 480 560 636 751 926 1109 1371 1731 2078 2522 3044 3600 4187 4869 5699 6537 7429 8405 9468 10521 11598 12710 13952 15125 16148 17323 18177 19227 19882 20744 21553 21967 22288 22581 22774 22816 22637 22382 22155 21704 21113 20543 19879 19249 18444 17678 16898 15978 15122 14321 13390 12541 11793 11151 10438 9702 8980 8386 7790 7217 6627 6184 5696 5248 4760 4381 4065 3748 3393 3109 2854 2673 2430 2135 1920 1780 1667 1519 1423 1323 1210 1099 948 878 816 716 621 585 541 490 438 401 348 317 281 248 225 196 168 132 117 97 85 72 56 22 12 6 3 -10 
0 3 30 67 114 137 158 190 210 230 267 308 347 427 516 662 835 1041 1307 1637 2038 2432 2876 3482 4058 4820 5600 6393 7259 8175 9262 10339 11425 12338 13435 14527 15671 16673 17808 18649 19553 20283 20901 21512 21828 22244 22593 22711 22654 22411 22305 22050 21445 20949 20363 19627 18933 18225 17372 16599 15887 15147 14242 13403 12587 11737 11025 10233 9559 8937 8197 7608 7059 6458 5961 5567 5029 4645 4247 3931 3605 3304 3012 2764 2533 2325 2101 1883 1723 1570 1448 1329 1169 1077 988 862 798 718 639 563 501 450 395 361 321 303 276 235 205 171 145 120 102 89 75 59 47 28 5 -7 
0 1 13 55 95 136 163 181 197 230 268 339 414 559 741 917 1111 1386 1660 2001 2423 2910 3465 4035 4652 5349 6141 7015 7932 8929 9907 10910 11996 13199 14317 15632 16621 17618 18585 19399 20226 20923 21623 22119 22602 22627 22795 22858 22704 22570 22228 21869 21315 20570 19969 19184 18373 17625 16728 15912 15103 14219 13323 12465 11648 10875 10199 9515 8825 8128 7585 6985 6466 5941 5480 4990 4603 4252 3881 3569 3273 2992 2707 2464 2208 2010 1801 1650 1517 1389 1292 1152 1037 951 870 749 685 634 576 527 473 400 360 330 282 258 231 192 175 160 143 117 111 92 83 63 60 45 28 14 9 1 -9 
0 2 24 60 107 144 172 180 186 193 244 342 460 598 763 985 1200 1440 1699 1991 2382 2875 3380 3940 4597 5412 6322 7243 8152 9180 10147 11157 12184 13297 14392 15655 16743 17608 18645 19536 20205 20791 21489 21945 22350 22407 22549 22504 22309 22098 21782 21287 20606 19979 19400 18657 17890 17206 16349 15476 14661 13811 12928 12120 11277 10511 9866 9185 8503 7876 7334 6743 6236 5653 5177 4781 4362 3971 3675 3373 3111 2853 2638 2447 2214 2017 1848 1668 1517 1374 1251 1119 978 904 832 761 696 642 570 499 436 387 337 307 286 251 211 179 160 132 111 97 80 65 43 32 20 2 -4 
0 1 25 60 98 140 171 189 194 217 216 240 265 282 333 371 438 522 647 823 1074 1362 1631 1950 2294 2724 3211 3741 4317 4947 5605 6355 7193 8054 8964 10040 11115 12196 13286 14418 15607 16578 17511 18327 19152 19982 20776 21336 21790 22072 22301 22179 22117 22068 21795 21346 20949 20427 19760 19146 18404 17638 16994 16292 15452 14577 13759 13054 12125 11270 10595 10004 9220 8572 7862 7291 6759 6209 5648 5194 4869 4499 4188 3799 3442 3137 2889 2618 2419 2177 1995 1846 1692 1545 1406 1265 1165 1021 896 824 739 699 634 564 514 451 395 357 307 251 226 216 184 178 144 130 112 101 75 55 45 21 10 7 -6 
0 0 15 62 101 141 161 178 180 200 211 218 249 296 358 430 552 700 960 1225 1545 1956 2431 2971 3556 4305 5044 5858 6736 7736 8758 9905 11109 12259 13384 14579 15615 16674 17812 18835 19642 20433 21060 21609 22222 22491 22903 23102 23085 22977 22523 22010 21503 21029 20522 19768 19041 18254 17449 16653 15877 14977 14202 13360 12577 11796 10997 10223 9530 8910 8282 7749 7163 6631 6151 5623 5184 4759 4392 4043 3712 3400 3102 2848 2624 2422 2240 2050 1876 1684 1554 1400 1255 1129 1070 970 892 805 741 651 576 531 494 412 367 334 310 254 221 195 171 147 118 98 78 58 55 35 22 6 1 -7 
0 0 23 58 103 130 172 201 215 237 295 341 414 496 624 791 993 1202 1449 1728 2061 2449 2878 3509 4153 4862 5546 6332 7101 8012 9059 10093 11097 12211 13191 14291 15262 16352 17505 18455 19344 20214 20815 21639 22124 22391 22585 22678 22610 22422 22160 21735 21354 20963 20418 19684 18940 18036 17210 16465 15662 14847 13977 13108 12300 11484 10675 9961 9387 8736 8175 7556 6979 6477 5935 5438 5022 4642 4208 3897 3548 3226 2949 2727 2516 2281 2057 1864 1724 1604 1444 1321 1200 1080 993 891 800 723 619 570 512 466 418 344 315 282 275 231 208 162 141 128 113 90 67 52 39 31 15 5 -10 
0 0 16 41 78 117 163 179 206 220 231 241 274 336 437 622 827 1075 1345 1655 1991 2397 2911 3468 4076 4672 5330 6082 6890 7735 8685 9748 10852 11823 12721 13606 14718 15844 16905 17834 18780 19554 20395 21004 21423 21702 21943 22215 22208 22200 22125 21855 21489 20872 20329 19628 19046 18267 17542 16626 15816 15055 14220 13414 12645 11899 11212 10514 9723 9075 8370 7781 7244 6680 6154 5720 5234 4815 4426 3996 3601 3257 2985 2722 2473 2323 2137 1957 1799 1605 1438 1310 1165 1078 971 902 804 749 708 614 529 461 405 358 319 291 257 234 207 176 157 127 96 66 57 46 29 18 17 5 -9 
0 1 17 57 97 135 162 179 189 195 234 296 394 505 630 806 1004 1221 1468 1763 2157 2651 3295 3989 4706 5382 6225 7235 8126 9139 10070 11077 12153 13349 14547 15639 16738 17770 18612 19625 20380 20888 21414 21982 22315 22625 22795 22738 22669 22498 22131 21578 20997 20258 19572 18902 17989 17159 16328 15423 14644 13850 12954 12116 11384 10666 9964 9334 8624 7990 7332 6721 6282 5739 5315 4902 4512 4178 3826 3449 3207 2922 2698 2505 2330 2151 1929 1738 1561 1434 1290 1164 1033 934 859 766 709 649 568 488 436 400 362 327 266 240 219 194 160 135 110 103 66 48 44 43 28 13 2 -16 
0 0 15 52 90 130 163 183 191 203 201 208 251 313 353 436 518 614 732 933 1180 1503 1822 2295 2802 3362 3996 4582 5338 6159 6893 7755 8659 9688 10914 12019 13206 14201 15278 16297 17157 18079 19113 19998 20824 21360 21748 22035 22500 22578 22612 22506 22322 21950 21569 21170 20700 19836 18919 18079 17325 16390 15687 14859 14044 13304 12484 11642 10865 10143 9459 8805 8186 7550 7057 6449 5930 5482 5068 4704 4278 3946 3532 3239 2963 2722 2479 2290 2094 1884 1709 1554 1425 1316 1165 1045 932 839 775 742 670 609 569 493 447 397 341 306 280 255 216 174 141 113 117 89 86 65 49 31 20 12 9 3 -7 
0 3 22 62 100 130 153 180 189 196 217 222 257 312 363 415 534 693 857 1093 1369 1718 2123 2653 3230 3847 4474 5235 5940 6717 7606 8569 9664 10793 11854 12980 14144 15279 16365 17412 18514 19462 20402 21215 21761 22187 22641 22812 22910 22802 22824 22485 22097 21778 21215 20645 20075 19359 18440 17670 16874 16010 15325 14410 13588 12745 11859 11118 10420 9706 8941 8265 7547 6966 6441 5966 5469 5034 4623 4245 3933 3583 3300 2983 2750 2468 2194 2010 1822 1666 1558 1428 1302 1195 1043 919 859 780 731 644 547 511 466 408 366 321 265 248 206 177 158 138 128 115 85 76 50 38 26 15 0 
0 3 16 48 106 134 164 178 193 208 218 239 261 322 417 539 666 870 1107 1395 1711 2027 2443 2986 3521 4188 4876 5621 6349 7290 8199 9086 9961 11035 12016 13045 14058 15264 16280 17333 18409 19335 20129 20870 21423 22037 22342 22700 22832 22900 22732 22432 22155 21796 21192 20727 20064 19315 18487 17591 16753 16029 15177 14360 13529 12679 11721 10967 10131 9476 8782 8135 7553 6872 6287 5842 5350 4924 4459 4122 3828 3507 3219 2914 2625 2392 2214 2017 1842 1654 1517 1388 1234 1126 1032 932 834 740 655 547 505 460 419 377 349 301 263 223 197 183 156 125 98 88 73 60 36 19 11 1 -8 
0 1 21 53 99 130 159 168 182 198 207 240 290 348 431 563 748 962 1244 1524 1844 2200 2645 3210 3834 4571 5426 6195 7097 8054 9118 10313 11425 12707 13834 14915 16054 17239 18116 19102 20057 20780 21471 21920 22245 22618 22955 23101 23055 22879 22588 22171 21647 20892 20109 19524 18727 18001 17118 16235 15316 14540 13722 12948 12230 11431 10615 9946 9220 8617 8046 7489 6892 6345 5870 5382 4941 4516 4171 3809 3501 3210 2956 2705 2465 2237 2032 1886 1734 1590 1445 1314 1177 1036 954 857 786 724 657 578 499 459 400 354 331 295 269 245 213 187 154 134 109 87 63 42 26 13 7 -5 
0 0 21 55 104 144 187 200 208 214 259 267 286 314 372 469 612 821 1021 1264 1556 1941 2327 2806 3333 3876 4471 5191 5930 6724 7602 8561 9631 10705 11727 12810 14005 15233 16479 17447 18291 19147 19959 20719 21419 21923 22294 22629 22832 22866 22732 22500 22144 21911 21303 20789 20192 19427 18626 17738 16866 16022 15166 14318 13477 12751 11950 11094 10372 9695 9062 8357 7819 7222 6644 6060 5570 5088 4699 4308 3920 3623 3329 3101 2771 2522 2314 2116 1909 1685 1547 1372 1254 1136 1024 951 877 805 724 651 598 535 464 418 364 327 305 254 218 186 152 136 99 84 54 55 42 36 27 10 8 -8 
0 2 26 68 102 138 169 188 188 202 214 222 246 301 344 417 511 642 764 970 1242 1510 1765 2124 2465 2933 3447 4018 4783 5525 6290 7221 8161 9030 10039 11105 12196 13279 14456 15436 16422 17377 18318 19244 20059 20718 21361 21896 22310 22542 22684 22537 22430 22145 21857 21333 20810 20215 19429 18743 17992 17193 16375 15619 14723 13853 13121 12329 11588 10828 10053 9333 8643 8010 7436 6884 6337 5799 5333 4924 4508 4176 3894 3590 3236 2892 2670 2453 2224 2072 1863 1700 1589 1468 1325 1180 1076 968 877 779 702 632 564 513 448 394 358 309 261 234 211 188 158 132 105 90 64 52 38 27 22 14 0 
0 1 17 62 110 145 157 178 190 185 206 233 258 306 371 466 592 748 1037 1393 1813 2297 2866 3403 4014 4753 5575 6405 7311 8354 9361 10387 11394 12522 13671 14628 15815 16905 17972 18967 19697 20768 21476 22184 22764 22976 23210 23160 23088 22913 22689 22391 21766 21201 20462 19767 18964 18158 17239 16322 15463 14686 13853 12999 12144 11431 10737 10001 9277 8665 8030 7517 6939 6368 5844 5310 4802 4395 4003 3709 3399 3114 2867 2656 2426 2237 2006 1815 1630 1475 1336 1231 1102 1000 902 824 724 663 585 529 473 414 368 324 293 255 221 201 182 150 129 105 82 74 46 27 8 8 -9 
0 1 24 60 99 139 155 174 182 182 200 238 260 307 329 397 487 621 771 948 1223 1485 1747 2087 2486 2893 3337 3880 4459 5065 5830 6640 7536 8535 9541 10622 11664 12703 13685 14777 15645 16616 17575 18627 19417 20221 20780 21368 21905 22224 22476 22503 22454 22378 21914 21550 21144 20491 19788 19067 18333 17511 16675 15980 15081 14275 13386 12587 11792 11011 10216 9484 8829 8095 7600 7089 6607 6130 5559 5097 4732 4370 4014 3663 3331 3019 2808 2586 2364 2118 1899 1720 1544 1376 1277 1156 1013 922 852 762 676 593 543 480 426 380 323 301 269 244 218 203 179 155 129 96 81 58 41 25 14 11 7 -2 
0 0 25 66 100 132 161 177 184 188 180 192 219 285 370 494 664 891 1175 1555 1969 2415 2936 3563 4243 4973 5731 6656 7579 8459 9372 10530 11613 12767 13961 15273 16410 17454 18329 19398 20111 20872 21607 22134 22545 22784 22813 22951 23010 22812 22493 22061 21421 20834 20151 19405 18715 17847 17082 16242 15484 14575 13637 12676 11914 11023 10423 9668 8989 8291 7725 7138 6664 6112 5572 5154 4737 4351 4000 3666 3348 3089 2825 2604 2375 2146 1966 1816 1680 1486 1380 1276 1172 1051 951 884 805 744 681 576 498 442 412 382 333 297 260 227 213 191 158 123 100 81 75 57 43 30 15 6 -12 
0 0 15 57 99 137 163 184 202 215 245 266 307 338 373 427 548 761 1116 1499 1928 2419 3002 3621 4342 5123 5996 6896 7875 8945 10026 11166 12286 13551 14600 15562 16695 17860 19006 19942 20791 21468 22145 22584 23012 23287 23441 23371 23184 23065 22743 22329 21691 21093 20247 19525 18637 17897 17082 16174 15360 14371 13524 12586 11746 10893 10070 9422 8755 8157 7554 6927 6413 5864 5442 4957 4538 4164 3786 3447 3111 2825 2543 2337 2118 1969 1798 1631 1510 1380 1259 1145 1042 963 851 788 717 644 569 528 473 420 372 329 291 248 215 189 164 132 106 91 70 56 39 24 15 1 -7 
0 1 16 59 103 144 181 198 212 231 264 286 307 342 393 464 553 662 755 934 1140 1407 1744 2109 2582 3102 3621 4191 4833 5536 6362 7128 8083 9090 10213 11211 12278 13290 14438 15465 16493 17468 18503 19285 19922 20570 21199 21667 22057 22197 22168 21833 21773 21515 21351 21005 20368 19757 19026 18347 17641 16776 15780 15108 14381 13735 12939 12118 11375 10682 9904 9223 8646 8031 7445 6870 6348 5876 5417 5007 4655 4288 3893 3547 3255 2950 2756 2558 2338 2154 1966 1808 1689 1541 1400 1276 1105 1019 902 835 716 632 571 536 501 443 406 346 313 265 241 222 193 184 160 140 119 105 87 74 60 52 48 24 9 5 -7 
0 0 20 56 99 122 149 166 189 197 217 254 292 340 401 494 623 793 985 1222 1530 1847 2181 2636 3117 3674 4247 4958 5630 6388 7272 8208 9187 10112 11203 12242 13294 14424 15460 16468 17297 18322 19271 20119 20720 21158 21654 21970 22270 22450 22512 22380 22010 21766 21251 20725 20035 19362 18725 18043 17256 16456 15561 14665 13846 12997 12229 11471 10815 10071 9276 8593 7904 7358 6826 6353 5878 5471 4927 4568 4177 3798 3549 3252 2972 2712 2467 2253 2016 1839 1717 1549 1401 1272 1139 1042 930 841 756 687 633 591 525 456 415 383 325 302 246 214 173 142 123 107 85 65 47 32 24 11 1 -13 
0 1 25 57 101 128 159 179 176 200 212 251 321 382 482 638 819 1046 1360 1745 2129 2573 3020 3470 4009 4648 5365 6079 6905 7806 8817 9777 10866 11988 13171 14353 15449 16551 17467 18413 19177 19996 20722 21296 21780 22276 22292 22366 22258 22219 22020 21656 21130 20697 20094 19370 18800 17937 17061 16159 15283 14427 13751 12997 12239 11455 10727 10043 9345 8778 8098 7552 6974 6369 5843 5407 4937 4549 4242 3926 3610 3263 3011 2709 2508 2340 2115 1919 1776 1625 1514 1379 1253 1157 1068 964 853 782 692 596 547 487 423 386 345 295 254 233 199 182 157 145 118 89 63 63 53 37 23 16 5 -5 
0 1 20 57 101 141 169 180 181 205 212 227 261 329 409 491 608 679 804 963 1179 1407 1741 2006 2331 2754 3368 3944 4644 5271 6049 6924 7814 8766 9869 10940 11977 13101 14040 15118 16039 17041 18120 19231 20068 20798 21402 21826 22041 22406 22439 22368 22294 22017 21708 21346 20950 20560 19919 19289 18390 17583 16630 15729 14865 14043 13254 12443 11634 10832 10168 9528 8925 8262 7652 6983 6454 5967 5544 5036 4646 4217 3876 3543 3194 2877 2632 2391 2179 2008 1832 1686 1522 1385 1256 1160 1057 960 900 805 704 638 569 533 474 429 385 329 292 264 216 195 174 158 124 95 74 58 42 18 4 -7 
0 0 18 49 88 123 145 161 181 190 217 244 273 294 361 449 590 751 945 1210 1515 1805 2155 2438 2796 3241 3796 4373 5067 5899 6741 7637 8515 9565 10679 11996 13112 14215 15329 16396 17349 18221 18974 19743 20343 20972 21450 21871 22227 22397 22385 22140 21944 21641 21242 20753 20284 19572 18787 17989 17188 16398 15586 14699 14086 13332 12554 11733 11080 10281 9654 8938 8307 7737 7206 6687 6249 5731 5272 4881 4550 4154 3829 3492 3201 2901 2654 2408 2162 1994 1821 1651 1499 1345 1214 1101 1038 894 816 731 661 585 519 448 401 375 325 287 248 221 183 148 123 102 66 58 40 42 31 20 14 -1 
0 1 19 61 95 128 155 187 204 221 236 265 362 497 672 844 1032 1335 1622 2050 2443 2945 3575 4217 4977 5770 6597 7405 8377 9384 10365 11536 12572 13738 14951 16140 17231 18204 19288 20076 20775 21266 21786 22312 22750 22880 22864 22715 22575 22184 21788 21247 20794 20230 19473 18641 17904 17125 16355 15529 14726 13851 13051 12213 11376 10583 9879 9170 8560 7924 7376 6898 6336 5820 5357 4923 4569 4177 3835 3488 3175 2903 2660 2427 2195 2011 1809 1645 1477 1332 1233 1099 1002 931 822 761 661 588 540 476 424 378 339 293 253 220 196 164 138 114 99 83 64 54 45 24 10 3 -12 
0 2 26 64 106 131 155 175 203 207 211 244 277 333 403 551 744 965 1208 1531 1969 2365 2935 3493 4095 4817 5563 6339 7104 7957 8970 10045 11111 12283 13502 14720 15962 17045 18140 19018 19951 20631 21280 21814 22297 22742 23016 22994 22958 22743 22386 21992 21718 21119 20412 19554 18805 17947 17185 16290 15549 14593 13859 13111 12249 11239 10552 9875 9203 8645 8049 7445 6790 6284 5869 5423 4981 4493 4151 3817 3484 3198 2936 2646 2425 2197 2022 1880 1705 1592 1449 1282 1177 1083 967 898 828 750 681 629 573 487 431 379 341 316 276 246 234 203 169 145 131 112 79 73 49 46 21 17 -5 
0 0 19 61 100 140 167 178 183 178 198 223 287 344 415 458 554 680 809 1006 1245 1573 1944 2301 2853 3349 3906 4476 5108 5767 6529 7308 8102 9048 10113 11178 12286 13519 14584 15435 16477 17432 18355 19356 20130 20684 21227 21682 22080 22279 22455 22341 22090 21889 21548 21049 20531 19863 19112 18358 17637 16903 15984 15263 14433 13706 12901 12172 11473 10654 9965 9326 8621 8042 7405 6809 6289 5767 5286 4874 4522 4150 3788 3479 3179 2891 2661 2369 2175 1980 1836 1685 1539 1421 1276 1160 1053 981 893 801 698 644 572 511 447 413 364 318 277 256 215 182 168 151 123 109 107 100 72 49 33 23 8 -5 
0 0 13 53 111 146 168 183 186 194 205 240 273 320 408 485 588 703 924 1155 1431 1752 2096 2513 2963 3491 4053 4600 5326 6202 7031 7964 8936 9818 10953 12117 13273 14459 15556 16533 17518 18582 19627 20545 21371 22069 22672 22901 22903 22954 23120 22897 22571 22221 21660 21068 20480 19617 18834 18096 17326 16508 15590 14727 13834 13026 12259 11359 10658 9876 9143 8461 7852 7333 6772 6243 5723 5281 4912 4558 4235 3831 3495 3136 2898 2641 2427 2197 1971 1828 1658 1522 1391 1283 1166 1062 948 866 765 696 616 572 519 470 428 367 323 298 269 240 220 185 167 130 111 112 99 81 69 56 40 39 30 30 20 6 -8 
0 1 18 59 104 140 170 192 212 242 232 252 324 399 485 585 709 867 1115 1458 1817 2250 2787 3312 3943 4644 5336 6042 6923 7871 8999 10082 11120 12284 13536 14586 15680 16770 17738 18724 19641 20541 21042 21671 22139 22551 22754 22907 22865 22625 22438 22124 21735 21055 20492 19706 19070 18253 17391 16602 15878 14996 14166 13398 12512 11742 10960 10178 9447 8733 8022 7414 6878 6334 5777 5382 4918 4472 4137 3858 3512 3214 2962 2667 2388 2188 1954 1795 1624 1500 1303 1168 1042 970 864 749 674 593 534 489 429 384 343 321 271 230 198 155 132 99 76 67 74 50 36 18 4 -14 
0 1 26 65 107 138 173 178 197 221 225 228 272 351 463 654 835 1015 1273 1595 1888 2167 2580 3107 3672 4338 5119 5877 6689 7637 8663 9741 10756 11819 12985 14276 15434 16540 17623 18534 19538 20479 21185 21676 22171 22725 23155 23471 23470 23291 23160 22861 22345 21724 21069 20280 19511 18566 17642 16817 16042 15153 14449 13594 12662 11898 11105 10296 9575 8885 8284 7640 7042 6482 5983 5503 5081 4607 4270 3883 3548 3234 2925 2647 2455 2195 2001 1828 1638 1474 1328 1211 1096 1023 920 865 770 690 636 580 524 468 400 363 328 312 269 222 192 182 161 118 98 82 66 56 46 35 24 17 5 1 -11 
0 2 16 65 109 139 160 181 187 192 194 201 260 344 451 604 820 1056 1325 1632 1938 2290 2661 3130 3704 4283 4903 5603 6353 7148 8154 9137 10110 11099 12059 13171 14214 15294 16421 17317 18275 19024 19752 20426 21041 21490 21860 22211 22155 22067 22090 21727 21435 21002 20527 20040 19365 18608 17813 16950 16274 15435 14400 13715 12943 12221 11386 10656 9944 9224 8656 8008 7393 6761 6253 5819 5367 4996 4595 4220 3857 3542 3214 2949 2683 2423 2212 1983 1803 1642 1491 1348 1209 1119 1008 942 857 781 706 625 558 485 447 386 340 301 290 272 229 202 165 147 135 119 103 76 62 51 49 40 26 12 3 2 -5 
0 2 21 63 97 132 151 180 189 203 210 266 297 330 396 469 562 733 903 1101 1310 1598 1896 2286 2851 3504 4191 5024 5937 6802 7679 8646 9647 10833 12004 13141 14332 15426 16451 17549 18666 19620 20380 21118 21732 22203 22622 22998 22969 22929 22962 22614 22277 21904 21347 20593 19944 19207 18507 17528 16675 15840 14982 14281 13433 12571 11628 10986 10232 9502 8790 8184 7571 7007 6494 5906 5448 4999 4652 4267 3920 3577 3275 2996 2749 2529 2339 2156 1975 1781 1609 1443 1314 1247 1127 1020 908 822 762 702 633 569 486 415 384 352 333 294 260 222 183 144 122 101 72 57 53 42 40 38 32 19 8 -6 
0 2 15 41 82 130 158 165 185 202 242 328 441 574 691 801 900 1114 1349 1651 2006 2409 2868 3301 3802 4331 5015 5697 6503 7376 8342 9317 10454 11377 12429 13564 14706 15867 17082 18072 18952 19798 20515 21236 21622 21919 22364 22442 22539 22503 22367 22096 21714 21127 20526 19868 19170 18463 17604 16891 16046 15112 14344 13580 12753 11852 11148 10403 9685 9066 8463 7882 7265 6741 6200 5702 5164 4803 4428 4037 3613 3345 3103 2824 2584 2338 2170 1965 1776 1631 1467 1313 1152 1056 956 830 743 650 575 512 455 400 395 372 318 284 252 216 184 169 139 128 105 90 86 66 49 35 20 18 15 7 0 
0 2 14 62 107 136 165 173 176 208 234 275 360 446 523 671 899 1126 1422 1734 2065 2470 2885 3440 4050 4681 5462 6342 7320 8279 9217 10413 11456 12635 13713 15066 16210 17228 18273 19223 20026 20707 21491 22139 22531 22812 23045 23240 23149 22853 22536 22167 21593 21044 20517 19720 18867 17965 17159 16364 15281 14464 13666 12781 11870 11045 10286 9707 9019 8361 7795 7217 6651 6130 5693 5285 4836 4419 4107 3715 3376 3145 2845 2577 2363 2190 1968 1769 1629 1490 1361 1212 1081 987 875 794 735 677 619 557 485 438 393 350 305 289 267 243 223 207 167 151 138 117 111 99 80 68 50 36 27 22 9 -1 
0 2 22 58 94 143 167 193 208 225 254 292 366 478 566 728 910 1149 1424 1786 2232 2725 3314 3851 4419 5071 5877 6714 7615 8538 9581 10618 11790 12988 14256 15414 16448 17474 18575 19641 20654 21523 22117 22491 22735 22972 22932 22806 22677 22513 22186 21804 21341 20823 20084 19273 18539 17815 16855 16014 15158 14303 13440 12600 11878 11112 10336 9663 9028 8394 7738 7176 6646 6187 5612 5153 4766 4362 3970 3657 3295 3014 2774 2537 2370 2128 1930 1770 1573 1432 1270 1162 1063 958 857 770 671 575 525 460 401 352 301 264 233 196 172 150 139 128 111 88 77 72 55 37 27 20 19 -2 
0 1 17 57 100 137 159 175 182 200 204 217 263 359 474 574 719 897 1120 1305 1560 1844 2277 2744 3237 3836 4499 5219 5995 6819 7721 8724 9783 10942 12083 13158 14283 15393 16410 17389 18380 19361 20365 21176 21851 22426 22868 23047 23074 22950 22694 22433 22008 21531 21021 20470 19859 19175 18418 17615 16852 16045 15074 14105 13282 12411 11626 10737 10031 9338 8654 8000 7422 6913 6400 5905 5413 4916 4532 4155 3783 3482 3203 2937 2668 2406 2209 2028 1846 1703 1564 1409 1286 1211 1084 950 867 803 725 674 616 551 482 411 378 348 303 275 236 214 182 169 140 119 102 83 71 58 41 22 18 11 -1 
0 0 19 58 99 136 154 174 180 202 232 259 291 295 340 414 538 701 866 1040 1274 1481 1797 2175 2557 3078 3654 4285 4967 5728 6577 7488 8343 9313 10291 11357 12424 13585 14635 15728 16851 17916 18677 19398 20225 20832 21528 21953 22255 22555 22519 22489 22326 22174 21774 21258 20788 20175 19456 18681 17719 16971 16187 15399 14535 13763 12927 12188 11374 10602 9924 9122 8446 7820 7268 6642 6162 5589 5197 4790 4463 4078 3723 3422 3111 2884 2642 2469 2256 2049 1860 1705 1536 1420 1316 1190 1053 980 896 806 720 677 613 556 463 430 370 332 283 243 225 205 169 161 143 103 84 62 58 54 46 36 17 4 -4 
0 0 17 49 99 137 168 175 182 194 223 284 374 491 623 770 955 1148 1368 1640 1961 2327 2869 3463 4112 4764 5618 6400 7264 8296 9284 10276 11409 12570 13772 14924 16137 17188 18235 19165 19898 20671 21316 21682 22096 22481 22794 22813 22817 22630 22299 21830 21309 20674 20001 19307 18544 17644 16731 15971 15198 14418 13554 12737 12072 11198 10586 9846 9218 8602 7908 7331 6800 6311 5857 5404 4983 4562 4205 3816 3459 3149 2885 2666 2409 2162 1987 1824 1663 1520 1391 1323 1184 1052 940 836 752 686 610 554 514 450 406 353 323 295 250 215 189 179 150 124 99 78 66 47 38 30 17 10 0 
0 0 15 55 95 132 167 176 182 198 222 231 246 279 316 399 488 622 780 955 1218 1546 2003 2459 2928 3500 4140 4817 5535 6305 7251 8242 9266 10487 11625 12768 13843 14966 16137 17183 18123 19000 19916 20754 21417 22096 22460 22688 22835 22803 22715 22608 22245 21835 21311 20765 20136 19327 18642 18001 17300 16356 15544 14705 13948 13052 12136 11367 10643 9848 9118 8427 7827 7212 6636 6030 5539 5131 4795 4390 4077 3775 3455 3143 2891 2584 2351 2155 1959 1793 1647 1470 1363 1227 1102 983 892 815 750 681 599 551 451 422 385 345 308 269 247 233 201 169 145 117 101 76 68 62 42 27 18 11 6 -2 
0 3 20 73 111 133 157 180 204 225 224 226 249 303 375 516 673 871 1116 1391 1707 2072 2476 2944 3423 3970 4621 5277 6040 6911 7836 8802 9724 10767 11858 12931 14002 15099 16169 17137 18028 18903 19929 20738 21360 21983 22378 22698 22734 22640 22604 22382 22131 21803 21239 20745 19883 19249 18416 17582 16744 15980 15210 14330 13511 12673 11877 11124 10348 9654 8977 8287 7745 7104 6555 6056 5572 5144 4798 4435 4102 3856 3539 3215 2916 2682 2406 2207 2009 1821 1704 1573 1411 1253 1104 991 902 825 792 736 666 608 546 510 469 407 363 304 260 219 194 179 153 137 113 100 82 77 74 61 49 34 41 21 12 4 1 -9 
0 0 20 62 118 155 177 187 180 198 240 295 361 466 645 878 1123 1423 1720 2103 2449 2862 3329 3917 4554 5316 6159 6881 7781 8716 9725 10730 11801 12998 14142 15444 16616 17700 18706 19609 20419 21197 21928 22430 22773 22974 23050 23213 23144 22922 22407 21869 21341 20767 20027 19277 18438 17526 16639 15782 14838 13943 13168 12377 11533 10741 9958 9244 8617 7943 7381 6800 6261 5746 5368 4911 4532 4180 3889 3596 3293 3008 2746 2442 2262 2066 1864 1703 1564 1408 1325 1197 1095 971 871 821 726 623 558 511 441 396 356 316 302 265 230 191 156 129 117 96 67 44 27 12 7 -3 
0 1 19 50 97 132 170 179 192 214 267 325 384 489 626 783 937 1152 1333 1603 1880 2241 2647 3191 3846 4369 5017 5781 6597 7557 8567 9670 10824 11856 12989 14077 15039 16153 17313 18425 19392 20396 21008 21539 21996 22489 22710 22901 22823 22680 22427 22015 21565 20979 20526 19891 19071 18300 17490 16722 15827 15031 14194 13398 12673 11940 11166 10288 9562 8947 8301 7694 7130 6612 6070 5567 5151 4770 4373 4046 3740 3385 3123 2855 2648 2406 2162 1980 1838 1665 1522 1362 1225 1091 973 891 796 733 680 613 551 491 452 390 333 265 222 193 179 164 142 124 114 112 87 70 47 36 28 18 15 11 -4 
0 1 21 61 95 129 164 181 198 207 232 266 326 382 449 550 691 869 1107 1365 1677 2027 2411 2747 3124 3545 4151 4759 5470 6250 7069 7933 8923 9769 10900 11892 12995 13993 14982 16076 17071 18009 18881 19679 20454 21013 21473 21894 22155 22218 22308 22016 21793 21552 21176 20589 19969 19208 18497 17806 17054 16226 15425 14660 13879 13028 12173 11439 10758 9989 9399 8706 8121 7483 6892 6370 5907 5480 5103 4706 4353 3967 3646 3390 3073 2798 2598 2341 2129 1934 1796 1668 1466 1322 1197 1108 1010 925 820 753 685 612 547 501 443 407 385 345 316 291 235 212 173 159 131 108 79 62 43 32 31 31 10 -3 
0 0 17 59 99 136 165 188 203 210 237 255 285 313 377 459 540 633 749 963 1192 1459 1773 2123 2498 2958 3530 4124 4815 5624 6330 7113 7906 8868 9848 10935 12027 13158 14230 15536 16686 17680 18816 19783 20648 21183 21736 22092 22450 22441 22479 22432 22298 22217 21932 21513 20943 20326 19645 18936 18209 17411 16564 15709 14804 13793 12946 12122 11365 10592 9850 9230 8533 7924 7294 6745 6187 5811 5408 5006 4592 4241 3965 3617 3275 2981 2680 2495 2287 2098 1911 1745 1566 1431 1303 1185 1081 971 886 792 706 662 582 531 474 441 401 336 315 284 243 221 193 167 136 115 94 81 73 53 43 31 25 21 10 3 -11 
0 0 15 44 95 133 164 200 259 307 394 520 624 755 895 1052 1216 1428 1733 2111 2496 2923 3406 3953 4584 5214 5922 6707 7629 8639 9558 10461 11427 12471 13634 14653 15714 16891 17869 18703 19550 20268 20830 21516 22006 22330 22447 22347 22374 22151 21751 21421 20852 20278 19640 18809 18165 17476 16722 15939 14991 14162 13314 12570 11746 10992 10242 9578 8969 8345 7795 7211 6589 6110 5621 5198 4821 4426 4118 3744 3412 3148 2851 2632 2420 2234 2015 1815 1685 1508 1353 1222 1076 952 846 775 671 640 601 544 489 456 402 353 301 276 238 216 199 175 152 126 110 96 82 57 34 19 14 11 5 -8 
0 0 14 47 90 135 169 181 194 208 218 224 240 247 264 305 378 468 589 738 918 1081 1283 1556 1908 2314 2831 3333 4027 4721 5342 6046 6878 7771 8583 9537 10564 11584 12681 13767 14926 15954 16998 17849 18799 19642 20355 20889 21452 21925 22197 22262 22303 22202 22229 21977 21456 20998 20420 19845 19199 18430 17587 16836 16032 15284 14415 13570 12648 11799 11099 10220 9577 8919 8225 7724 7126 6610 6147 5640 5224 4757 4373 4021 3659 3363 3069 2806 2585 2358 2150 1980 1757 1610 1431 1304 1221 1095 1021 929 828 733 668 590 524 456 406 388 354 318 285 250 212 187 168 154 130 101 72 59 50 29 22 4 -11 
0 0 16 53 90 126 159 179 194 195 213 233 260 288 317 376 467 575 698 855 1003 1263 1563 1963 2362 2849 3372 3897 4584 5305 6113 6929 7948 8815 9875 10837 11922 12968 13997 15001 15934 16953 18108 18968 19753 20384 20924 21586 22006 22301 22383 22379 22255 22066 21769 21490 21035 20530 19804 19029 18214 17451 16726 15882 14943 14121 13330 12611 11769 10995 10307 9522 8936 8237 7659 7160 6539 6010 5529 5117 4698 4310 3928 3599 3279 3016 2730 2503 2247 2110 1914 1747 1593 1455 1341 1212 1071 947 869 791 719 638 586 500 454 411 375 359 327 288 244 216 188 178 166 156 127 104 91 69 58 43 37 19 3 -5 
0 0 15 56 96 129 163 171 178 199 216 242 261 298 338 395 450 559 676 853 1039 1280 1619 1927 2332 2745 3275 3819 4466 5225 6023 6960 7770 8637 9530 10693 11805 12722 13885 15043 16134 17100 18118 18912 19864 20658 21408 22007 22504 22780 22792 22744 22695 22488 22116 21640 21119 20533 19885 19072 18295 17582 16792 15964 15046 14318 13432 12586 11758 11054 10227 9635 8992 8366 7706 7068 6483 6045 5548 5093 4638 4252 3928 3583 3320 3008 2746 2541 2260 2135 1953 1773 1612 1448 1342 1212 1060 967 862 768 698 623 568 504 469 414 383 345 325 281 245 223 180 155 137 127 96 74 49 40 31 20 10 11 -5 
0 1 19 42 88 123 156 185 196 213 235 256 285 322 406 513 652 859 1110 1371 1686 2161 2614 3114 3693 4367 5213 6042 6828 7696 8594 9636 10693 11856 12886 14071 15334 16486 17368 18340 19354 20292 21154 21729 22279 22745 23110 23222 23268 23080 22735 22458 21985 21410 20660 20000 19253 18448 17762 16919 16058 15169 14384 13461 12677 11893 11075 10327 9643 8962 8258 7591 6992 6454 5946 5436 5013 4627 4271 3929 3589 3297 3029 2736 2519 2245 2034 1846 1684 1579 1441 1303 1202 1093 977 844 773 693 607 540 499 459 396 352 315 287 249 224 180 164 139 122 101 86 76 67 50 41 27 17 5 -5 
0 1 16 56 95 136 149 161 163 180 215 243 297 359 435 534 659 794 1000 1265 1595 1993 2403 2884 3438 4015 4657 5497 6400 7297 8240 9353 10299 11303 12313 13318 14573 15669 16815 17723 18596 19394 20137 20911 21458 21874 22180 22500 22576 22431 22241 22018 21637 21121 20569 20015 19396 18685 17887 17097 16223 15516 14751 13963 13136 12365 11616 10786 10072 9457 8866 8201 7529 6869 6331 5755 5392 4918 4547 4223 3851 3536 3183 2930 2671 2418 2221 2028 1861 1710 1599 1433 1300 1156 1040 951 834 770 687 605 581 526 502 437 400 356 313 293 262 242 210 179 153 130 110 96 90 74 59 51 60 47 27 18 2 -6 
0 1 18 57 103 139 164 171 181 208 227 251 283 355 443 595 799 995 1237 1573 1972 2418 2860 3322 3888 4484 5226 6014 6902 7780 8740 9766 10778 11840 12954 13951 15103 16170 17190 18179 19063 19921 20686 21284 21728 22066 22215 22326 22409 22310 22067 21705 21222 20842 20290 19689 19001 18191 17392 16607 15778 15023 14351 13524 12668 11832 11033 10305 9563 8848 8190 7648 6977 6512 5958 5502 4947 4524 4250 3954 3624 3329 3095 2842 2589 2325 2104 1950 1795 1645 1465 1303 1164 1031 922 831 764 703 651 578 527 492 436 398 345 303 272 237 207 173 158 123 102 85 73 47 34 25 4 -2 
0 1 17 46 93 138 146 166 191 194 219 248 293 353 432 534 653 819 1033 1217 1488 1829 2214 2570 3050 3562 4093 4686 5313 6036 6857 7704 8631 9649 10838 11883 12909 14059 15262 16391 17494 18615 19526 20220 20990 21618 21915 22134 22461 22513 22479 22403 22351 22051 21541 20933 20325 19717 18930 18190 17396 16498 15739 14831 13995 13212 12339 11515 10649 9854 9219 8574 7984 7429 6927 6446 5949 5480 5006 4612 4203 3836 3515 3243 3006 2751 2552 2336 2122 1962 1761 1645 1515 1374 1237 1149 1033 938 841 737 670 635 564 526 469 427 387 331 299 273 248 197 170 134 115 94 78 63 48 37 27 18 14 12 3 -4 
0 0 20 63 97 131 163 192 203 204 214 225 258 292 352 444 550 663 764 911 1118 1418 1723 2071 2469 2897 3470 4031 4793 5541 6360 7209 8106 9114 10134 11129 12310 13550 14892 15823 16833 17868 18863 19724 20559 21147 21668 22135 22397 22529 22634 22658 22634 22322 21834 21362 20743 20276 19604 18859 17995 17186 16343 15539 14717 13806 12977 12187 11322 10565 9880 9170 8564 7966 7377 6784 6250 5753 5220 4807 4430 4006 3716 3396 3077 2821 2651 2398 2179 2012 1830 1659 1559 1402 1262 1161 1050 925 826 736 669 595 516 429 386 353 320 301 245 203 162 150 125 112 87 77 57 34 30 23 16 10 -12 
0 2 16 53 98 142 166 169 181 191 209 218 249 273 307 386 461 542 645 787 979 1236 1528 1839 2189 2617 3140 3580 4096 4732 5426 6261 6981 7910 8863 9928 11026 12026 13070 14067 15200 16251 17459 18419 19431 20239 20947 21549 21976 22377 22661 22578 22540 22259 22091 21792 21291 20664 20104 19520 18817 17996 17246 16481 15606 14829 14013 13208 12340 11591 10828 10030 9181 8536 7913 7409 6871 6359 5848 5346 4948 4526 4125 3839 3535 3244 2956 2671 2427 2239 2060 1888 1767 1603 1446 1326 1195 1099 990 874 796 732 631 561 488 457 407 367 334 314 268 212 183 153 142 128 109 101 88 76 67 50 41 18 7 2 -4 
0 1 12 52 94 127 162 185 188 200 212 242 244 284 355 466 641 888 1167 1464 1838 2174 2588 3105 3594 4167 4758 5372 6135 6974 7927 9012 9966 11076 12205 13439 14669 15810 17056 18187 19027 19878 20731 21411 22053 22490 22846 23088 23058 22874 22672 22386 22130 21719 21173 20603 19795 19018 18285 17488 16558 15721 14932 14111 13240 12416 11554 10710 10098 9469 8820 8157 7537 6926 6398 5885 5407 4986 4507 4154 3747 3491 3216 2937 2740 2491 2262 2047 1879 1728 1586 1457 1304 1201 1123 1016 936 845 769 675 612 536 492 434 390 354 323 287 252 215 184 156 127 96 73 65 60 44 32 33 26 18 6 8 -5 
0 4 15 69 106 133 166 192 211 220 253 277 329 379 445 567 681 835 1006 1239 1590 2019 2438 2894 3399 3911 4503 5181 6022 6796 7584 8505 9478 10490 11483 12532 13695 14879 15937 16998 17862 18721 19518 20246 20970 21449 21871 22185 22428 22502 22370 22166 21968 21497 21033 20353 19901 19177 18506 17755 16821 15925 15078 14341 13617 12748 11919 11156 10411 9736 9115 8492 7899 7403 6884 6372 5825 5388 4978 4548 4197 3894 3548 3246 2922 2642 2424 2225 2068 1894 1718 1570 1437 1317 1206 1113 1018 940 859 761 691 615 545 499 458 412 344 299 266 250 237 209 179 156 141 124 109 100 83 73 63 52 39 34 26 20 1 -2 
0 1 21 65 101 127 153 174 182 213 227 245 259 287 355 445 533 682 854 1113 1394 1674 2071 2485 2927 3375 3939 4603 5314 6116 6964 7943 8960 9939 10959 12041 13101 14292 15259 16088 17037 18063 18946 19696 20367 21042 21552 21941 22230 22575 22596 22355 22172 21662 21301 20822 20186 19730 18963 18282 17452 16570 15838 14832 14107 13292 12525 11758 10977 10227 9451 8799 8125 7530 6889 6323 5889 5472 4999 4595 4269 3932 3613 3312 3043 2751 2500 2288 2066 1886 1713 1543 1392 1294 1200 1091 971 879 793 708 641 588 527 483 423 401 358 298 279 233 206 193 177 157 117 85 73 48 33 16 12 -2 
0 0 15 55 93 117 148 180 185 204 234 242 296 341 399 455 543 681 836 1000 1205 1475 1814 2207 2673 3137 3633 4204 4762 5537 6281 7044 8011 8983 9962 10952 11984 13018 14105 15104 16238 17183 18176 19142 20102 20769 21306 21657 21920 22170 22186 22259 22255 22124 21697 21296 20783 20166 19456 18739 18040 17132 16328 15559 14721 13976 13214 12363 11571 10832 10153 9487 8828 8135 7569 6984 6455 5982 5483 5077 4713 4352 3938 3643 3357 3112 2828 2572 2363 2149 2016 1813 1645 1507 1355 1279 1151 1020 912 808 749 674 600 542 496 446 376 342 318 289 246 196 176 160 137 130 113 98 86 66 54 36 25 15 4 -2 
0 1 19 64 100 136 158 165 182 195 213 224 250 301 408 519 657 805 948 1175 1471 1832 2322 2920 3467 4160 4913 5800 6769 7687 8560 9623 10658 11750 12961 14080 15124 16257 17304 18269 19144 20098 20962 21627 22066 22301 22740 22896 22877 22693 22373 22211 21836 21318 20753 20172 19474 18747 17994 17152 16333 15357 14587 13716 12885 11995 11071 10463 9749 9115 8401 7758 7116 6556 5968 5480 5125 4677 4276 3913 3543 3273 2997 2760 2557 2327 2116 1910 1715 1561 1443 1302 1185 1051 986 870 806 748 671 602 534 511 453 400 359 335 307 269 239 210 175 163 133 117 102 90 69 49 35 26 19 0 
0 0 11 41 87 132 157 165 169 184 194 227 248 304 374 491 648 809 989 1221 1477 1803 2172 2621 3051 3560 4167 4852 5606 6409 7319 8379 9430 10508 11559 12656 13723 14883 16030 17208 18424 19404 20232 20996 21648 22173 22692 22925 23124 23135 23139 22889 22539 22106 21549 20914 20018 19265 18646 17961 17025 16161 15284 14420 13619 12745 11923 11129 10329 9566 8866 8251 7630 7001 6528 6111 5608 5150 4754 4355 3976 3647 3339 3063 2806 2571 2294 2126 1935 1778 1594 1461 1345 1239 1117 1007 923 825 743 690 631 567 494 445 425 356 299 247 217 209 173 136 136 109 92 78 66 50 33 21 6 -4 
0 0 17 61 100 132 161 185 198 195 194 224 269 323 411 502 657 845 1094 1373 1699 2070 2518 3014 3581 4318 4971 5676 6568 7427 8360 9373 10449 11572 12700 13748 14830 15927 16967 18065 18996 19770 20590 21314 22050 22573 22730 23036 23051 23072 22895 22593 22012 21594 20897 20227 19470 18727 17940 17142 16323 15416 14635 13778 12990 11993 11283 10485 9784 9062 8390 7667 7151 6581 6109 5681 5243 4804 4445 4026 3719 3370 3040 2820 2631 2449 2251 2062 1877 1687 1502 1387 1225 1148 1045 961 888 803 711 646 574 503 438 394 373 322 294 253 221 195 188 158 144 119 91 73 61 37 16 8 0 
0 0 12 49 103 148 168 179 195 213 233 277 342 447 605 774 967 1185 1383 1664 2048 2404 2884 3382 3919 4545 5266 6081 6897 7616 8503 9461 10524 11590 12599 13712 14793 15893 16886 17893 18916 19681 20477 21142 21693 22053 22403 22408 22493 22472 22162 21834 21388 20902 20280 19697 19064 18409 17618 16886 16058 15173 14306 13471 12670 11853 11157 10411 9686 9059 8405 7733 7155 6611 6171 5675 5209 4801 4381 4051 3686 3384 3079 2780 2552 2353 2116 1929 1724 1565 1407 1297 1161 1053 973 896 797 713 644 568 532 473 416 372 341 297 262 243 226 221 189 162 135 105 89 68 49 29 24 7 -2 
0 1 21 53 98 130 158 174 189 204 215 239 261 302 326 389 482 586 727 912 1105 1326 1607 1915 2345 2824 3341 3946 4683 5411 6261 7187 8205 9255 10228 11203 12274 13481 14542 15621 16716 17649 18443 19330 20154 20826 21278 21772 22095 22405 22605 22533 22537 22147 21887 21311 20731 20112 19385 18597 17926 17078 16311 15595 14672 13871 12995 12217 11445 10745 9931 9217 8621 7959 7424 6850 6227 5722 5273 4810 4513 4142 3771 3460 3194 2879 2653 2443 2175 1971 1793 1659 1497 1339 1203 1112 1004 896 816 712 644 607 535 481 438 409 370 317 288 252 217 190 153 121 101 99 77 70 47 32 24 12 6 -6 
0 2 12 61 97 134 158 180 191 189 204 225 227 256 295 362 456 547 697 888 1130 1488 1883 2345 2874 3467 4168 4885 5628 6408 7215 8124 9117 10233 11321 12499 13570 14681 15787 16700 17687 18611 19608 20411 21123 21861 22420 22779 22979 23066 22973 22722 22579 22258 21718 21198 20647 20106 19360 18484 17665 16921 16091 15173 14343 13451 12581 11720 10945 10234 9457 8783 8018 7417 6895 6395 5893 5412 4901 4492 4149 3881 3500 3193 2889 2613 2373 2165 1956 1814 1606 1468 1324 1211 1122 1017 918 821 739 647 584 552 467 434 364 335 294 267 243 227 203 170 131 116 87 59 54 36 24 9 -2 
0 2 16 58 96 138 160 181 193 197 206 227 246 283 334 393 518 696 894 1110 1404 1678 1936 2318 2750 3275 3943 4740 5582 6402 7296 8255 9278 10336 11381 12638 13728 14847 15948 16926 17992 18882 19765 20459 21252 21992 22591 23044 23241 23196 23064 22822 22447 21998 21404 20681 20030 19372 18688 17891 17101 16411 15377 14538 13668 12843 12011 11222 10492 9693 9011 8364 7837 7200 6631 6069 5568 5200 4862 4417 4092 3721 3422 3087 2796 2537 2352 2186 1969 1851 1668 1542 1414 1289 1200 1082 998 890 787 719 637 575 502 442 397 345 308 287 254 231 189 149 136 112 95 75 44 29 22 15 0 
0 1 18 52 89 133 155 173 192 197 219 247 279 336 395 468 604 762 963 1211 1482 1822 2124 2518 2922 3493 4205 4937 5662 6531 7468 8458 9444 10462 11454 12630 13638 14678 15965 17051 18082 19119 20046 20829 21362 22011 22215 22479 22618 22713 22748 22484 22107 21786 21255 20662 19964 19484 18640 17833 17055 16217 15397 14558 13719 12836 11924 11195 10506 9797 9081 8424 7775 7186 6659 6109 5663 5223 4796 4453 4074 3774 3416 3098 2838 2574 2350 2139 2018 1836 1632 1472 1337 1228 1127 1042 932 867 803 727 657 587 510 438 387 367 342 290 258 215 192 175 146 122 99 100 100 58 46 39 30 22 9 -2 
0 2 12 45 94 135 160 185 205 213 233 247 274 313 395 498 631 796 990 1259 1566 1904 2280 2731 3260 3821 4495 5280 6097 6960 7948 8812 9743 10748 11861 12946 13978 14968 16039 16949 17995 18961 19701 20434 21169 21600 22026 22228 22434 22348 22238 22070 21797 21392 20915 20369 19771 19203 18296 17561 16697 15870 15063 14241 13386 12581 11797 11118 10368 9614 8937 8341 7685 7126 6614 6036 5585 5162 4723 4312 3954 3628 3357 3107 2861 2573 2443 2214 1998 1778 1624 1453 1322 1219 1095 986 908 802 706 646 568 523 455 419 408 361 302 278 225 194 159 127 109 87 86 74 69 49 23 29 16 3 -3 
0 3 18 57 103 134 157 173 186 211 227 238 304 391 500 650 892 1114 1424 1815 2267 2733 3263 3852 4410 5028 5889 6691 7694 8648 9663 10611 11673 12826 13925 15146 16266 17299 18393 19357 20358 21220 21711 22315 22831 22961 23094 23164 23142 22845 22529 22068 21650 20929 20251 19370 18606 17633 16863 15880 15017 14127 13290 12432 11622 10904 10220 9473 8671 8047 7425 6782 6307 5786 5297 4884 4462 4082 3755 3426 3164 2887 2696 2466 2258 2056 1859 1724 1609 1467 1325 1198 1086 993 909 800 710 630 540 480 426 400 370 334 301 266 242 217 193 160 137 126 98 75 62 56 48 36 21 13 6 -10 
0 3 20 50 96 129 158 179 182 198 198 201 232 238 268 315 341 405 462 568 641 788 975 1253 1541 1878 2225 2582 3029 3496 4030 4569 5106 5735 6428 7253 8218 9193 10265 11405 12481 13674 14790 15861 16905 17894 18825 19604 20424 20927 21405 21741 22019 22232 22264 22076 21996 21632 21216 20804 20126 19455 18771 17904 17143 16386 15647 14975 14159 13351 12506 11618 10826 10188 9538 8841 8276 7681 7159 6610 6123 5698 5313 4897 4451 4129 3721 3405 3092 2843 2634 2401 2208 2009 1845 1677 1500 1354 1235 1128 1009 913 891 814 721 626 552 471 436 395 361 324 270 234 204 172 146 115 96 80 64 46 29 14 5 -8 
0 0 20 63 103 142 164 176 200 205 212 221 248 282 344 421 534 708 878 1101 1375 1746 2155 2663 3257 3815 4486 5174 6023 6916 7838 8780 9862 10952 12056 13152 14247 15404 16517 17448 18545 19470 20263 20992 21789 22191 22706 23041 23122 23231 22953 22708 22310 21940 21265 20743 20059 19207 18558 17626 16797 15880 15114 14238 13388 12569 11783 11043 10234 9421 8788 8232 7687 7149 6604 6074 5566 5193 4768 4435 4046 3743 3411 3157 2895 2619 2385 2206 1998 1780 1626 1485 1313 1215 1097 990 892 815 742 727 655 585 529 468 421 382 325 290 245 218 187 168 143 110 96 89 76 67 47 36 8 -8 
0 0 17 48 96 137 158 184 201 205 208 264 319 429 598 763 994 1209 1463 1773 2147 2560 3024 3516 4142 4779 5549 6487 7461 8515 9678 10734 11945 13082 14261 15361 16411 17329 18285 19288 20164 20848 21446 22073 22271 22398 22461 22577 22651 22547 22301 21716 21118 20496 19889 19125 18273 17452 16787 15833 15102 14391 13579 12797 11917 11114 10304 9552 8826 8242 7646 7067 6583 6129 5672 5208 4769 4340 3980 3632 3289 2970 2802 2530 2332 2076 1932 1761 1601 1464 1357 1213 1105 1019 909 831 784 699 631 571 501 454 394 333 282 242 215 183 174 142 131 112 102 87 70 46 36 26 3 -12 
0 1 21 61 105 139 156 162 165 179 192 212 242 294 341 405 512 638 779 929 1130 1365 1646 1937 2282 2686 3130 3639 4219 4848 5483 6216 7079 7916 8815 9795 10830 11860 12831 13911 14966 16118 17058 18032 18875 19621 20357 21144 21687 22032 22220 22410 22547 22436 22352 21863 21278 20751 20052 19387 18620 17806 17098 16347 15477 14714 13873 13083 12321 11510 10815 10093 9442 8795 8193 7541 6991 6495 6060 5544 5095 4661 4239 3841 3536 3233 2941 2712 2476 2290 2122 1957 1766 1614 1466 1326 1179 1075 1001 887 788 719 672 605 557 521 467 425 379 333 293 249 200 186 162 142 142 112 101 81 69 50 39 29 7 4 -10 
0 1 19 50 90 125 157 177 176 191 193 211 237 285 330 387 519 682 906 1169 1481 1839 2197 2629 3190 3721 4353 5036 5778 6556 7438 8340 9292 10416 11459 12535 13624 14766 15809 16801 17592 18472 19334 20125 20610 21210 21637 21927 22160 22187 22042 21857 21583 21205 20807 20230 19684 19096 18240 17397 16510 15653 14851 14192 13508 12796 12130 11291 10665 9895 9297 8624 8014 7417 6816 6318 5842 5448 5010 4577 4210 3818 3509 3234 2985 2747 2530 2309 2091 1889 1712 1535 1441 1328 1230 1134 1031 931 800 696 614 547 494 466 444 398 358 311 269 239 211 185 161 144 124 94 83 59 39 13 7 -4 
0 0 18 50 105 130 157 175 187 197 202 234 309 398 498 593 745 897 1107 1331 1581 1910 2308 2786 3294 3857 4567 5288 6044 6814 7663 8486 9494 10599 11528 12829 13973 15031 16016 16990 18030 18992 19868 20543 21179 21650 22015 22395 22570 22461 22419 22264 21893 21460 20923 20160 19528 18837 17954 17139 16390 15474 14644 13896 13201 12419 11735 11043 10265 9613 8878 8173 7643 7025 6442 5984 5547 5140 4726 4361 4006 3691 3365 3127 2823 2628 2404 2192 2048 1821 1735 1546 1427 1273 1123 1013 921 838 748 672 628 551 504 432 401 369 340 308 252 225 194 170 139 116 93 86 77 58 56 36 25 19 1 3 -2 
0 3 26 67 109 149 171 184 194 201 241 247 288 332 404 477 586 767 972 1244 1565 1920 2310 2747 3201 3710 4333 5043 5852 6597 7430 8335 9254 10210 11265 12406 13416 14453 15478 16573 17619 18580 19482 20129 20895 21483 21961 22402 22407 22735 22788 22599 22269 21844 21199 20608 19824 19266 18518 17719 16995 16235 15326 14411 13539 12725 11980 11227 10496 9712 9021 8352 7821 7276 6744 6169 5675 5197 4771 4346 4041 3675 3407 3083 2863 2604 2410 2201 1984 1772 1579 1444 1331 1225 1130 1019 927 807 744 659 599 537 497 445 387 333 294 260 238 200 166 146 120 97 75 61 42 43 35 29 22 10 -3 
0 0 14 51 89 138 165 181 194 202 215 240 303 377 461 546 642 753 885 1096 1305 1610 1943 2367 2855 3508 4212 4846 5638 6469 7417 8406 9495 10532 11596 12719 13632 14842 15975 17131 18230 19073 19967 20893 21599 22141 22386 22508 22600 22515 22444 22248 21932 21570 21036 20381 19650 18916 18287 17411 16621 15715 14787 14030 13232 12426 11678 10979 10256 9541 8967 8332 7667 7062 6619 6156 5711 5296 4862 4514 4171 3827 3536 3167 2871 2596 2414 2164 1999 1828 1639 1486 1339 1229 1107 1022 917 830 750 669 624 569 503 457 413 393 355 308 284 245 211 180 144 112 82 78 68 54 38 26 8 6 -3 
0 2 23 60 99 136 174 193 214 229 246 285 347 446 563 714 913 1124 1389 1664 2008 2389 2774 3276 3814 4472 5275 6149 7094 8140 8991 9888 10899 11953 12973 13978 15194 16258 17269 18101 19132 19934 20685 21341 21823 22274 22647 22703 22720 22576 22189 21871 21479 20982 20344 19705 18995 18166 17318 16401 15630 14803 14004 13192 12385 11623 10842 10062 9405 8754 8140 7556 7096 6538 5987 5514 5071 4689 4289 3937 3660 3277 2983 2719 2454 2267 2067 1800 1631 1506 1393 1270 1200 1095 1000 911 797 711 627 560 489 438 389 352 310 289 251 240 191 157 145 125 103 89 67 65 67 54 38 18 3 -12 
0 0 18 57 103 133 157 180 193 207 226 221 234 267 328 418 536 728 1065 1469 1872 2314 2777 3240 3741 4401 5166 5965 6809 7707 8577 9619 10771 11758 12913 14105 15284 16544 17711 18631 19625 20447 21201 21725 22162 22520 22754 22899 23059 22876 22724 22287 21776 21358 20657 19974 19262 18449 17604 16817 15862 14952 14105 13267 12481 11787 10975 10224 9466 8783 8171 7645 7093 6522 6049 5585 5102 4679 4289 3985 3646 3320 3025 2769 2526 2281 2079 1902 1715 1565 1438 1315 1213 1081 970 893 844 773 687 620 568 521 460 409 361 320 303 270 242 209 173 158 125 109 88 81 53 41 32 19 9 4 -14 
0 0 17 54 97 141 163 176 196 233 283 306 369 463 623 837 1049 1318 1626 2010 2435 2872 3389 3947 4620 5399 6164 6980 7771 8754 9831 10948 11989 13030 14151 15371 16472 17494 18579 19523 20381 21157 21789 22201 22587 22826 22997 22882 22742 22374 22068 21613 21031 20446 19924 19107 18310 17569 16641 15905 15089 14152 13340 12454 11676 10960 10157 9435 8800 8130 7451 6862 6383 5882 5473 5104 4678 4255 3851 3578 3274 3022 2757 2479 2292 2093 1913 1785 1622 1450 1299 1178 1055 953 893 797 718 639 556 512 471 421 380 330 262 230 226 202 177 153 137 109 96 87 61 49 35 21 10 -6 
0 2 14 49 95 140 158 170 181 191 198 209 217 255 301 343 399 504 659 825 1059 1331 1630 1956 2332 2745 3239 3834 4483 5266 6038 6888 7843 8820 9803 10835 11860 12925 14012 15085 16097 17295 18134 19101 19916 20753 21405 21768 22220 22652 22908 23060 22959 22711 22409 21948 21369 20695 20046 19375 18521 17621 16770 16086 15237 14296 13372 12539 11725 10931 10218 9525 8783 8180 7612 7074 6453 6032 5583 5072 4693 4295 3959 3655 3389 3076 2820 2581 2350 2163 1980 1775 1584 1444 1306 1185 1047 950 822 729 653 603 562 519 459 410 359 326 286 252 217 202 185 161 137 111 91 80 56 43 28 22 20 9 -2 
0 0 20 59 108 145 155 170 193 216 222 226 246 316 384 512 691 919 1226 1527 1920 2334 2775 3237 3880 4569 5259 6004 6835 7805 8846 9829 10981 12112 13298 14314 15435 16465 17599 18555 19473 20159 20839 21462 22002 22414 22903 22955 22812 22651 22597 22232 21811 21304 20723 19975 19358 18670 17855 16949 16030 15096 14172 13322 12502 11655 10859 10080 9334 8700 8013 7409 6836 6354 5884 5404 4949 4574 4164 3834 3546 3229 2931 2700 2441 2241 2055 1841 1696 1549 1426 1290 1174 1058 942 863 770 697 643 570 513 441 387 352 309 268 244 213 188 160 140 115 91 68 46 37 22 9 -4 
0 1 14 55 103 140 160 177 179 176 222 258 306 408 574 802 1035 1328 1655 1968 2348 2761 3252 3813 4447 5155 6026 6912 7879 8806 9953 10957 12064 13151 14278 15252 16248 17481 18508 19334 20166 20926 21542 22007 22472 22740 22884 22759 22622 22442 22180 21765 21342 20640 19979 19202 18430 17554 16760 16003 15010 14151 13280 12505 11715 11039 10337 9657 8942 8231 7599 6998 6502 6053 5561 5139 4717 4339 3968 3608 3296 3000 2719 2482 2250 2077 1867 1696 1560 1463 1331 1196 1064 966 851 762 735 646 596 517 461 425 373 320 287 266 245 220 196 172 135 114 104 91 61 53 36 23 15 9 8 0 
0 2 15 50 91 143 158 172 173 182 198 249 276 337 395 501 592 725 893 1142 1392 1720 2187 2722 3387 4045 4796 5490 6185 7078 8041 8997 9939 11176 12365 13496 14685 15757 16946 18026 18971 19944 20580 21404 22107 22527 22827 23075 23171 23144 22986 22716 22421 22026 21403 20732 20118 19339 18521 17639 16772 15797 14915 13989 13150 12232 11553 10711 9958 9277 8671 8037 7382 6892 6338 5851 5428 5047 4573 4209 3829 3473 3126 2842 2640 2422 2211 2008 1787 1603 1463 1335 1220 1102 968 887 821 741 688 622 527 478 416 372 315 262 244 201 177 159 147 127 105 84 59 42 31 21 9 -1 
0 1 14 47 92 130 160 173 191 212 233 270 287 325 432 529 674 840 1048 1323 1621 1951 2388 2922 3504 4200 4940 5650 6424 7304 8275 9259 10356 11589 12829 13962 15087 16237 17231 18239 19100 20042 20946 21760 22171 22631 23060 23245 23479 23307 22990 22535 22066 21597 21055 20245 19438 18608 17776 16928 16037 15202 14285 13516 12797 12052 11267 10596 9822 9152 8576 7814 7195 6619 6176 5693 5277 4839 4469 4112 3699 3348 3057 2789 2510 2268 2012 1835 1663 1512 1361 1250 1147 1052 949 853 780 715 656 598 551 489 446 375 337 306 283 257 215 200 176 151 125 101 77 63 59 58 43 40 27 8 -2 
