0 0 0 0 0 0 4 2 0 4 0 0 0 4 1 4 5 1 1 9 5 14 10 9 18 24 21 29 34 35 64 66 71 97 98 105 120 138 111 149 176 169 197 202 202 198 213 216 243 220 201 250 214 190 234 198 201 199 158 162 140 148 150 148 127 121 117 87 110 82 83 68 68 57 50 56 
0 0 0 0 0 0 1 1 1 2 1 0 1 4 4 4 5 8 8 8 12 16 15 26 33 35 47 59 68 75 77 111 106 112 128 133 160 148 183 184 189 199 231 217 200 226 204 214 209 215 214 170 223 182 184 197 177 169 156 152 126 121 123 112 104 88 88 87 73 83 70 76 60 
0 0 0 0 0 0 2 1 1 1 0 1 5 4 4 3 8 9 10 4 17 13 14 33 35 40 40 50 50 71 89 99 113 110 113 122 157 158 171 165 183 218 201 218 209 190 246 203 195 207 203 192 197 211 209 155 204 174 154 138 136 112 129 108 106 79 97 85 65 68 74 54 51 
0 0 0 0 0 0 2 0 0 1 0 3 2 0 1 5 5 7 4 11 16 17 28 30 22 44 57 63 69 89 84 96 113 106 119 135 135 149 169 201 188 198 235 228 197 220 243 220 223 234 214 228 192 188 180 181 172 168 139 159 144 128 140 114 104 101 96 79 68 81 68 55 55 
0 0 0 0 0 0 0 2 3 4 2 5 2 5 4 7 4 13 13 7 20 21 27 24 31 31 48 43 58 72 90 89 107 117 115 134 142 144 158 182 190 188 200 198 197 213 231 205 207 195 207 189 219 196 213 182 179 188 169 148 149 127 134 115 100 103 80 81 90 81 66 78 52 
0 0 0 0 0 0 1 2 3 1 1 3 4 4 2 4 9 7 11 10 10 21 21 28 25 27 31 51 60 65 71 99 77 98 123 127 141 180 181 165 184 218 188 219 203 184 234 210 240 237 226 224 220 196 201 181 197 174 183 191 132 127 123 135 97 97 96 80 85 66 66 69 57 
0 0 0 0 0 0 1 1 0 0 1 2 2 1 1 4 3 5 2 3 10 13 11 14 25 26 32 30 44 61 49 75 64 91 94 101 105 136 141 158 193 179 185 191 199 229 246 231 244 216 219 232 199 205 198 193 188 185 175 168 158 139 143 146 110 121 106 103 105 100 78 77 73 68 46 
0 0 0 0 0 1 1 1 2 3 1 6 2 1 4 7 4 0 2 7 8 10 20 28 30 27 29 41 41 62 67 81 97 88 112 116 125 150 173 174 208 208 201 178 205 214 213 237 202 242 215 252 226 188 219 181 215 169 180 157 143 151 142 119 92 99 101 89 104 71 77 68 68 50 
0 0 0 0 0 0 2 2 2 5 2 6 2 1 1 4 2 7 5 11 19 28 26 38 26 53 42 55 79 78 96 97 112 129 131 144 166 165 162 166 209 202 225 211 224 188 231 202 217 201 190 205 180 212 175 194 176 177 147 139 136 120 117 75 99 104 105 78 73 82 56 54 59 
0 0 0 0 2 2 0 4 2 0 1 1 1 3 5 3 4 14 15 19 15 14 37 35 42 48 47 68 59 80 105 103 103 125 122 165 159 170 160 203 184 205 207 218 233 214 210 203 215 217 179 220 190 197 171 169 181 163 135 158 111 105 110 105 98 86 80 93 77 58 65 55 
0 0 0 0 1 0 1 1 1 2 2 3 2 2 0 4 8 15 13 11 18 21 23 29 36 35 62 62 80 80 104 104 116 121 126 132 178 163 172 186 219 212 223 228 216 223 219 197 224 231 198 187 209 156 179 177 149 138 148 137 130 126 114 112 105 79 78 87 77 53 51 58 
0 0 0 0 1 1 1 4 1 3 0 4 3 3 3 5 5 12 13 16 18 15 19 30 22 42 37 48 53 71 75 83 101 120 115 132 131 180 172 173 202 193 202 236 205 237 224 197 237 192 198 199 202 192 186 187 207 170 170 164 150 140 117 113 105 89 97 76 72 76 61 76 52 
0 0 0 0 0 0 3 1 2 2 2 2 0 1 3 1 5 3 1 10 8 14 27 23 23 34 49 48 73 66 72 98 99 112 116 133 141 167 167 173 164 172 203 216 211 237 228 214 186 208 217 186 179 204 179 176 190 156 164 173 144 162 113 120 121 115 84 97 78 72 80 79 55 56 
0 0 0 0 0 2 0 5 1 1 5 3 2 3 3 4 0 3 8 10 3 12 16 17 14 26 27 41 40 48 55 68 81 83 92 100 116 147 158 149 195 178 195 218 197 209 201 212 210 207 235 248 203 203 195 220 187 202 193 166 164 149 135 134 111 103 95 88 96 91 83 71 61 59 57 
0 0 0 0 0 1 1 1 3 1 2 1 2 1 2 4 9 8 7 10 18 20 16 21 32 41 52 40 69 84 78 99 105 136 128 138 134 164 160 195 191 223 203 199 246 203 247 205 211 220 222 221 208 176 197 169 146 165 147 144 145 148 127 117 102 112 99 93 69 75 68 76 70 
0 0 0 0 0 1 1 1 1 1 2 2 3 3 5 5 4 14 7 11 22 23 32 42 41 53 59 63 70 92 91 90 119 114 130 153 158 170 192 181 199 191 223 212 197 200 207 223 231 223 208 191 199 189 197 160 152 144 158 128 113 108 108 92 101 86 81 72 66 59 62 61 
0 0 0 0 0 0 3 5 1 2 2 2 4 3 3 6 9 7 10 11 16 12 15 35 28 30 40 49 54 74 65 96 95 109 104 114 147 154 151 205 167 180 210 198 241 228 244 211 200 229 189 188 195 231 187 186 174 174 154 146 159 119 125 130 103 83 89 74 92 73 68 66 55 52 
0 0 0 0 0 0 2 2 2 1 1 0 1 2 1 3 2 5 8 21 13 20 21 24 23 44 35 68 65 59 86 89 106 113 119 111 132 135 177 183 205 188 224 235 230 248 206 222 235 207 215 223 216 178 193 172 173 168 156 146 138 114 126 107 118 90 83 91 79 82 70 56 55 
0 0 0 0 0 1 2 2 2 2 2 1 2 2 2 5 3 8 11 9 14 11 21 23 29 48 42 42 53 74 60 85 97 103 138 132 156 145 187 175 165 181 184 228 208 224 225 225 238 228 236 213 186 218 166 200 164 160 156 171 135 124 146 108 112 102 95 101 73 66 76 82 68 
0 0 0 0 0 0 0 2 0 2 1 0 2 4 4 3 5 9 4 16 15 14 12 37 35 31 35 44 50 83 64 87 87 111 118 128 121 156 177 169 173 191 169 187 181 233 194 213 215 226 201 227 216 216 195 183 175 171 157 135 140 153 139 116 112 97 89 91 75 75 65 60 70 38 
0 0 0 0 0 0 0 3 0 0 2 3 1 2 4 4 9 3 6 9 3 17 13 25 37 27 38 48 56 53 62 96 84 97 99 136 132 166 164 157 158 202 205 198 200 210 229 237 217 234 220 237 205 194 184 178 177 166 140 160 145 159 119 132 103 112 101 97 96 74 70 80 48 58 
0 0 0 0 0 0 1 1 1 2 1 5 2 0 0 4 5 9 11 10 18 15 19 22 29 25 28 43 51 62 84 82 93 114 125 122 157 147 139 172 218 160 205 237 211 212 219 208 243 226 238 203 213 181 199 171 205 203 164 148 138 113 137 106 112 92 93 84 65 73 78 54 52 41 
0 0 0 0 0 0 0 0 2 2 3 7 0 3 1 5 9 7 8 17 13 26 24 25 32 41 49 70 62 75 87 89 88 122 128 137 146 142 156 205 222 200 188 221 217 203 218 198 214 260 226 183 209 216 179 166 196 173 162 156 147 115 117 84 98 88 80 98 58 57 58 56 60 
0 0 0 0 0 2 0 0 2 1 3 1 1 5 2 6 5 5 11 8 11 14 19 26 30 35 40 57 49 61 64 85 107 101 136 142 144 176 155 173 191 202 193 205 223 231 232 173 234 254 216 217 216 221 172 175 185 183 150 165 160 139 122 119 112 97 73 86 84 70 59 65 52 
0 0 0 0 0 1 0 5 2 1 4 0 4 3 6 5 5 3 4 6 7 8 12 10 17 21 24 24 28 42 59 67 57 69 106 89 128 121 133 157 137 167 169 151 170 208 203 196 246 251 220 211 200 216 187 219 198 174 210 177 132 136 144 161 122 133 113 98 96 92 82 75 83 78 62 61 51 
0 0 0 0 0 2 1 1 1 4 1 3 3 0 4 0 5 4 6 6 12 9 11 24 22 31 37 50 47 51 58 73 102 101 129 117 115 143 162 171 178 177 203 182 206 212 237 228 246 218 220 201 203 199 194 195 179 191 156 156 168 136 136 112 117 100 101 87 79 74 69 71 58 56 53 
0 0 0 0 0 0 1 0 1 1 3 4 2 1 2 3 1 5 7 5 3 12 13 14 18 20 21 28 37 33 51 59 70 69 95 105 87 133 129 149 163 178 161 172 194 225 204 221 221 202 186 215 207 217 180 219 201 180 167 166 183 159 150 146 132 114 135 102 97 112 86 75 79 83 51 51 56 
0 0 0 0 0 1 1 2 3 2 1 2 2 0 2 2 8 0 10 10 6 13 12 18 21 22 29 36 45 56 63 66 101 96 111 108 138 128 140 134 152 175 194 224 205 204 189 222 203 233 220 224 194 217 203 193 179 180 183 185 150 159 122 118 104 137 96 76 80 78 72 67 62 61 40 
0 0 0 0 1 1 1 2 3 3 3 3 2 4 1 2 5 6 5 5 11 8 15 21 21 16 35 35 40 58 65 72 89 105 99 125 139 113 161 132 173 166 174 192 236 214 255 228 208 220 214 221 206 221 207 185 195 186 185 157 181 149 133 125 98 104 104 85 78 74 72 74 66 64 76 
0 0 0 1 0 2 2 1 2 1 2 2 1 2 0 3 5 10 5 15 12 16 17 19 23 29 33 34 50 52 57 67 85 97 96 115 120 136 146 183 160 198 191 185 192 179 182 217 241 212 222 214 214 199 206 199 200 185 176 162 145 146 144 139 119 111 108 76 93 88 87 84 64 64 62 
0 0 0 0 1 0 2 4 4 2 1 1 0 2 4 1 3 5 7 8 11 13 17 24 30 29 36 44 54 51 77 73 66 101 132 131 148 147 154 154 195 198 211 209 216 224 225 214 219 211 223 224 209 199 202 215 163 160 177 158 170 112 129 117 105 102 93 83 83 70 72 66 61 77 
0 0 0 0 0 0 0 0 2 2 1 0 3 0 2 7 10 10 15 13 12 17 25 26 31 36 52 60 50 63 77 74 100 124 138 141 165 172 193 202 181 193 199 195 220 217 213 217 225 223 217 222 180 219 177 151 175 163 148 147 160 113 106 105 108 81 102 92 78 81 58 50 40 
0 0 0 0 0 0 1 0 3 5 2 2 2 2 1 1 4 3 5 5 11 9 13 18 15 26 33 44 45 60 62 65 67 75 89 110 126 139 149 148 169 166 182 186 198 194 202 216 232 220 225 225 208 201 198 215 195 193 206 158 161 168 131 124 131 101 113 102 86 102 85 70 59 56 56 
0 0 0 0 0 1 0 2 0 0 2 3 1 5 2 4 6 7 10 13 15 12 19 12 24 23 32 33 35 58 55 60 63 68 107 97 130 130 134 160 166 178 184 221 213 222 214 216 232 222 221 222 210 229 212 177 170 178 164 165 146 146 130 136 122 123 96 110 85 82 82 71 77 71 47 60 
0 0 0 0 0 0 2 2 3 2 2 0 0 1 4 5 4 10 7 9 24 18 18 30 25 34 35 59 64 60 68 99 95 110 135 125 147 148 181 184 201 190 217 223 228 233 231 233 209 254 212 224 212 188 208 212 177 169 145 161 153 146 129 120 125 103 93 83 87 73 52 60 55 
0 0 0 0 0 0 1 3 0 2 1 4 2 5 2 3 5 8 5 10 4 19 22 14 17 32 33 35 55 52 74 66 82 119 117 139 146 145 141 185 201 195 179 204 199 218 200 200 232 197 214 197 191 192 188 198 186 187 166 143 147 142 139 149 116 106 98 79 83 94 67 65 81 64 
0 0 0 0 0 1 0 2 5 3 1 1 1 7 8 9 7 19 21 21 26 40 35 52 56 54 70 79 92 93 114 109 145 122 191 203 186 210 175 207 236 232 255 219 220 265 207 209 214 189 187 189 152 169 179 178 142 151 133 113 124 118 102 82 85 81 92 62 64 53 
0 0 0 0 0 3 1 2 3 4 1 3 2 1 1 5 7 2 7 6 10 14 21 23 19 31 43 59 57 61 75 68 104 99 106 151 136 146 162 169 207 188 192 191 215 200 192 219 188 235 210 203 196 192 194 186 181 119 174 155 157 121 128 120 105 92 87 91 71 74 68 51 51 55 38 
0 0 0 0 0 1 1 3 1 2 2 1 1 2 4 0 4 9 5 14 14 20 20 25 22 34 50 49 60 65 85 85 105 107 140 116 163 163 154 173 175 205 221 202 228 194 224 228 228 221 190 227 220 208 211 196 171 161 152 151 137 120 110 122 123 91 89 89 73 74 64 65 55 
0 0 0 0 0 2 1 4 1 0 0 2 0 3 2 5 4 6 6 8 16 23 24 22 32 36 36 56 68 60 74 67 104 96 110 140 138 134 162 184 191 182 215 205 200 213 212 259 227 203 234 213 210 212 181 195 159 162 129 150 133 127 144 113 106 113 100 83 89 74 59 69 58 
0 0 0 0 0 1 1 1 1 2 4 1 4 3 4 5 5 4 8 9 11 23 18 26 29 35 49 37 50 63 73 80 98 124 114 131 144 156 171 197 184 214 206 211 222 202 232 238 219 225 218 225 177 207 212 187 197 155 157 164 157 139 129 141 95 81 88 91 91 86 72 64 50 
0 0 0 0 0 0 1 1 3 2 3 3 1 4 4 2 3 5 1 10 7 12 19 26 23 36 39 40 58 58 70 81 86 103 111 135 150 148 144 176 177 199 186 209 210 191 222 228 209 227 222 218 190 198 201 166 184 166 188 149 168 139 114 132 115 110 107 72 90 87 74 60 54 55 
0 0 0 0 1 0 1 2 1 0 2 1 1 3 4 3 1 6 3 3 10 12 10 17 21 25 31 29 38 46 47 59 79 82 69 93 106 119 144 135 180 190 171 191 199 213 199 206 222 191 224 209 218 220 204 209 219 169 165 190 157 133 155 122 126 106 122 85 93 95 66 72 63 72 61 64 
0 0 0 0 0 0 2 2 0 2 2 0 1 2 3 6 6 9 8 8 14 16 17 17 28 37 37 50 52 63 72 68 86 90 117 109 141 142 159 182 171 215 201 208 212 207 207 232 210 206 222 203 199 185 212 186 185 167 166 155 173 125 106 108 98 107 84 85 64 68 72 71 52 52 
0 0 0 0 0 1 0 0 0 3 4 4 2 2 8 6 11 8 7 8 12 7 26 19 33 52 43 58 77 82 63 116 91 107 138 138 161 148 197 190 197 224 184 191 203 204 228 215 240 197 220 225 199 203 191 162 172 164 174 155 148 116 119 97 91 94 80 78 74 60 70 55 62 
0 0 0 0 0 0 0 0 2 1 1 2 4 2 5 1 5 6 12 8 14 10 19 31 27 38 60 49 69 71 78 96 109 103 117 123 122 157 159 180 198 172 210 221 213 226 219 225 228 216 186 212 202 190 190 175 177 162 170 149 140 111 137 110 126 101 82 83 78 87 70 64 55 
0 0 0 0 1 0 1 1 1 1 1 0 1 5 5 3 7 16 13 18 12 27 26 38 48 35 66 56 66 77 82 105 97 115 135 148 169 168 171 182 201 220 195 227 215 206 224 205 214 205 186 213 176 189 152 185 148 161 136 130 104 117 116 113 100 77 75 76 64 62 55 44 
0 0 0 0 0 0 3 1 0 3 1 2 2 1 2 2 3 3 7 12 8 17 20 29 30 29 30 36 56 61 65 76 105 86 99 120 124 148 159 165 166 190 192 184 195 225 213 235 204 209 222 178 216 193 208 196 178 194 183 148 148 130 133 139 112 108 93 96 87 79 65 64 58 50 58 
0 0 0 0 0 1 1 2 3 0 2 0 4 3 4 3 4 2 7 10 8 15 21 20 21 27 47 42 43 54 64 88 91 93 126 128 125 165 155 165 165 194 178 236 201 215 208 251 230 219 194 220 208 207 176 193 174 180 167 157 139 150 126 110 111 106 108 103 78 86 58 56 59 41 
0 0 0 0 1 1 0 1 3 2 2 1 1 1 4 3 2 5 7 11 14 11 20 23 16 44 57 59 52 78 85 114 102 121 130 120 144 151 179 192 187 196 215 224 235 215 237 230 226 218 223 235 214 197 212 191 175 151 171 133 125 113 129 116 108 102 99 92 67 72 72 76 50 
0 0 0 0 0 0 0 5 1 1 4 1 5 4 4 1 8 7 4 7 13 15 16 15 25 37 39 50 77 45 72 82 110 120 121 121 128 141 159 177 174 176 202 202 208 220 216 218 222 230 207 206 217 192 199 182 156 160 118 153 147 115 135 125 122 79 93 101 80 83 77 82 51 53 
0 0 0 0 0 0 1 1 0 0 3 1 5 3 5 9 7 9 13 17 15 30 22 25 43 43 45 55 69 101 87 94 98 116 148 164 180 166 173 203 183 214 193 212 234 219 216 221 211 230 237 194 196 185 170 156 168 142 144 145 124 116 130 93 86 73 66 77 73 70 60 44 
0 0 0 0 1 1 0 1 1 1 4 2 0 1 6 7 5 3 9 10 17 24 24 14 23 34 31 39 56 64 62 73 91 105 99 110 136 123 155 158 180 181 203 220 200 207 218 184 222 222 234 222 206 183 212 212 178 191 164 154 162 148 124 125 108 123 91 91 92 81 64 56 62 46 
0 0 0 0 0 0 4 2 4 5 1 0 2 0 2 4 4 6 11 10 12 15 19 19 33 26 41 51 72 75 72 83 92 104 93 113 147 155 171 184 170 180 194 219 218 213 244 259 197 218 214 194 209 188 195 177 164 187 169 161 144 123 140 122 119 110 87 68 73 79 82 76 40 36 
0 0 0 0 0 0 1 3 1 3 0 2 5 0 2 4 0 7 3 10 12 19 18 22 41 28 46 48 56 56 74 82 104 102 97 111 143 132 143 176 181 189 208 199 194 199 216 212 209 230 207 216 214 194 176 163 175 146 183 154 148 139 131 121 119 128 84 92 79 74 75 61 53 63 
0 0 0 0 0 0 0 1 4 2 1 3 2 2 4 3 2 1 5 3 12 10 10 22 13 21 23 27 40 55 62 63 85 97 82 116 137 129 160 170 191 181 191 192 207 203 203 214 217 212 248 216 200 213 191 182 183 206 187 157 165 163 144 121 124 141 95 92 86 78 82 73 65 66 42 
0 0 0 0 0 0 2 4 3 0 1 0 5 3 5 4 3 4 3 6 10 12 10 19 17 22 24 42 53 55 50 50 89 86 94 109 119 138 142 177 167 183 174 185 197 194 207 219 232 213 211 205 218 219 195 187 191 165 184 151 179 130 154 132 115 98 109 116 102 78 82 68 53 67 50 
0 0 0 0 1 0 0 2 2 2 1 2 3 2 4 4 3 4 4 5 11 8 17 14 21 22 35 44 38 47 70 69 74 81 98 91 127 113 137 147 152 171 169 205 223 195 206 210 210 218 199 222 230 208 200 223 201 194 196 143 188 154 164 135 131 124 113 96 90 86 75 64 66 53 63 34 
0 0 0 0 0 1 2 2 4 0 1 0 1 3 0 1 5 6 4 8 13 19 15 21 28 31 37 48 53 46 61 82 89 98 91 97 119 159 153 167 156 194 195 216 198 240 226 209 197 227 244 196 263 216 209 187 167 183 159 163 158 152 138 108 115 124 99 105 93 86 73 64 66 51 52 
0 0 0 0 0 0 0 0 1 1 2 1 1 3 1 2 8 2 8 9 16 12 15 23 21 29 44 57 55 76 55 84 82 113 111 116 131 149 161 161 182 171 182 214 210 235 220 222 237 223 230 207 245 199 180 229 194 169 175 153 131 124 127 117 135 91 97 85 77 62 68 63 67 62 
0 0 0 0 0 1 1 2 0 2 2 4 1 6 2 4 3 5 3 3 2 10 8 11 16 16 13 35 48 40 52 59 67 74 76 92 118 111 135 132 136 180 193 174 199 188 215 217 209 244 208 208 203 208 191 219 197 184 187 202 196 178 128 141 144 119 132 117 89 107 85 75 74 64 60 56 55 
0 0 0 0 0 0 0 1 1 0 0 1 3 2 0 2 3 2 6 7 7 11 22 21 24 24 42 36 61 73 62 82 75 92 94 115 117 168 166 167 166 197 219 203 207 217 214 212 214 221 180 210 220 187 205 178 186 175 177 151 132 118 122 125 137 113 107 89 89 69 76 71 52 62 
0 0 0 0 1 0 1 3 0 2 1 1 1 4 2 3 5 6 8 13 19 22 27 32 30 53 44 51 64 62 84 90 121 91 145 136 148 158 174 181 184 177 204 191 229 218 214 215 209 218 214 194 189 193 202 174 193 154 170 138 132 144 141 111 103 85 83 85 68 69 70 50 55 
0 0 0 0 0 0 0 0 3 1 0 1 2 0 3 2 5 6 3 16 18 17 15 18 30 34 33 45 51 51 78 88 93 97 114 106 139 132 167 155 189 187 210 194 210 238 225 206 214 246 235 201 212 191 198 174 185 162 168 147 127 126 137 120 128 77 89 93 77 97 74 72 66 48 
0 0 0 0 0 0 0 1 2 0 1 1 3 2 5 2 2 5 9 9 10 10 13 27 24 27 24 36 49 53 66 69 77 78 115 125 120 135 147 144 179 176 223 190 211 207 211 228 213 207 198 225 191 204 206 188 194 175 185 154 146 141 133 133 130 120 108 119 83 90 71 87 52 69 57 
0 0 0 0 0 0 1 0 1 2 3 2 3 2 6 6 1 3 5 8 7 11 10 22 16 28 37 46 47 59 76 81 63 92 102 122 125 122 152 150 169 145 194 189 213 207 238 210 208 241 214 224 208 239 190 165 172 181 156 165 178 152 142 129 102 114 107 91 86 91 74 76 63 73 44 
0 0 0 0 0 1 3 2 1 1 2 2 3 2 0 6 2 3 3 8 6 11 18 12 22 17 34 37 48 53 56 77 91 96 107 125 116 111 180 151 184 173 215 188 202 204 243 223 231 223 211 215 238 190 225 198 190 188 156 158 173 143 152 139 138 106 127 105 87 74 60 77 70 48 
0 0 0 0 0 0 1 0 1 2 7 3 1 4 5 1 3 5 7 11 14 13 18 26 23 26 34 50 44 55 67 84 74 109 113 132 149 118 150 160 188 194 198 178 207 212 225 242 240 233 245 213 210 191 178 182 181 165 165 171 137 146 132 101 121 108 113 96 81 94 74 68 59 51 
0 0 0 0 0 0 1 2 2 3 0 1 3 5 7 6 3 4 10 6 14 13 18 24 36 22 30 45 51 58 67 77 88 87 110 117 124 156 174 165 201 188 191 199 230 205 223 232 195 239 234 211 201 202 193 184 176 168 166 153 139 134 115 129 118 126 105 81 93 63 63 68 59 55 
0 0 0 0 0 1 3 2 0 0 3 1 4 2 2 1 3 7 2 9 6 16 13 24 23 25 48 38 44 48 53 56 90 77 102 101 136 132 158 154 169 179 178 185 197 226 202 212 212 219 213 213 192 201 200 193 172 173 192 169 155 130 136 135 120 110 90 78 100 72 71 64 50 44 59 
0 0 0 0 1 1 0 0 2 3 1 0 1 1 6 6 9 9 15 15 17 25 33 42 51 42 50 66 65 97 90 102 103 127 130 139 155 165 199 199 207 200 223 223 204 245 230 205 203 219 219 191 179 186 168 185 147 151 151 133 122 113 107 99 92 78 95 71 78 79 56 53 
0 0 0 0 0 0 1 3 1 2 2 5 1 5 2 6 6 6 6 14 26 20 26 31 28 34 55 69 65 81 86 103 98 120 142 129 165 149 188 191 200 202 219 193 233 208 228 265 203 218 205 211 204 212 202 180 155 176 121 156 122 138 107 113 100 84 91 86 63 67 50 56 
0 0 0 0 0 1 2 3 0 2 0 2 2 2 2 2 2 3 11 8 8 9 11 17 12 35 24 42 51 45 70 74 75 96 108 99 132 138 150 144 143 203 179 207 187 218 218 201 218 218 232 214 226 187 213 200 153 193 178 146 159 154 143 106 114 111 124 100 102 73 67 82 58 60 63 
0 0 0 0 0 0 2 2 1 1 1 4 2 3 1 4 4 8 13 12 12 20 26 27 26 40 45 49 82 74 80 96 95 120 120 152 159 169 153 189 181 209 194 208 195 253 219 216 241 185 220 190 197 207 178 195 180 159 151 159 148 143 135 112 88 92 108 76 83 78 70 66 60 
0 0 0 0 0 1 1 1 1 2 0 2 3 2 1 4 3 3 6 14 8 15 11 9 25 19 26 37 40 51 58 86 69 90 101 114 133 145 168 142 171 210 188 224 203 199 215 227 213 207 216 231 216 209 219 172 198 181 147 185 145 145 124 139 112 117 93 100 73 97 94 67 63 49 68 
0 0 0 0 0 0 0 2 2 3 3 2 1 3 2 2 2 2 4 3 15 6 17 17 14 22 26 33 37 51 70 64 74 79 93 87 105 119 147 188 165 178 174 190 219 217 232 197 218 218 216 221 218 200 206 209 167 195 174 159 138 152 154 145 118 129 120 88 100 98 78 86 55 56 53 
0 0 0 0 0 0 0 1 2 0 3 4 4 0 1 1 5 2 5 6 8 7 12 16 28 18 31 54 59 50 61 66 70 92 112 112 147 121 149 163 162 196 202 195 192 201 191 189 207 252 213 235 200 217 205 207 173 195 180 166 152 154 128 134 120 119 108 98 85 88 85 61 57 47 53 
0 0 0 0 0 1 1 4 2 1 1 1 1 2 4 4 4 6 9 4 7 13 13 21 25 25 30 55 41 60 85 85 111 108 112 125 155 154 158 161 164 187 180 226 210 198 227 210 213 234 223 219 194 216 223 171 162 181 171 163 137 142 123 132 112 108 102 97 78 83 54 66 59 65 
0 0 0 0 0 0 3 3 3 0 1 2 3 4 3 5 4 6 11 10 8 19 18 37 36 39 45 42 69 76 73 107 110 114 137 112 159 158 152 181 177 190 183 196 221 203 246 195 223 216 241 199 217 204 186 181 176 175 166 142 140 136 123 111 89 105 95 75 83 74 60 61 64 
0 0 0 0 0 0 0 3 1 4 2 1 0 0 1 3 3 3 3 15 11 20 14 29 26 44 37 42 49 65 66 75 103 102 121 129 139 156 161 169 174 194 191 220 208 214 222 214 211 218 229 211 207 176 206 195 152 160 141 168 122 118 111 113 102 108 89 81 76 72 60 63 65 65 
0 0 0 0 0 3 2 0 0 0 1 4 0 2 2 3 7 4 6 9 12 12 19 21 25 26 37 41 54 45 56 69 94 82 108 99 140 129 149 181 162 180 173 212 200 230 215 235 224 230 217 218 214 209 220 196 186 181 159 144 168 147 133 123 115 109 101 103 83 68 67 65 65 53 45 
0 0 0 0 0 2 0 2 2 4 4 1 2 2 3 1 3 7 10 12 13 25 27 48 35 54 47 62 70 86 95 97 127 129 146 171 172 193 192 209 206 226 210 198 224 218 219 221 223 243 198 215 195 187 207 163 151 137 130 131 125 106 103 97 94 95 85 72 64 59 59 61 
0 0 0 0 1 2 2 0 4 0 0 0 0 1 0 2 4 4 8 11 11 16 13 15 15 22 41 43 46 59 56 57 89 101 97 96 154 155 131 163 162 213 163 178 190 198 200 232 229 236 249 190 220 229 207 206 182 202 158 157 164 163 124 149 133 114 109 103 81 81 66 64 62 59 57 
0 0 0 0 0 1 0 2 1 2 0 2 3 1 0 4 3 7 10 7 9 11 14 16 25 31 37 46 52 46 66 55 83 94 108 113 110 128 164 145 157 174 200 182 217 232 218 235 210 210 251 208 192 195 197 175 202 172 171 179 151 148 138 145 130 108 97 109 86 89 75 81 57 57 67 
0 0 0 0 0 0 0 1 3 1 4 1 3 2 1 2 3 0 4 3 5 11 15 15 16 22 41 38 50 66 55 73 77 87 112 124 127 129 160 160 187 180 175 204 208 214 251 201 230 225 219 223 224 207 252 202 197 188 169 152 153 158 135 120 138 117 98 86 83 82 84 65 49 66 58 
0 0 0 0 0 0 0 0 1 0 1 2 1 1 1 4 3 3 4 6 14 16 22 25 30 37 36 46 36 49 77 66 82 86 100 125 138 142 145 157 148 205 207 202 187 186 225 212 227 215 237 214 219 199 205 192 200 182 182 143 151 119 137 126 116 113 85 87 68 98 78 75 55 74 58 
0 0 0 0 2 0 5 2 1 1 2 0 3 4 2 2 4 8 11 8 11 17 24 21 33 36 45 70 71 78 93 91 117 121 118 146 153 170 188 166 213 177 189 228 200 190 199 221 245 218 201 208 209 195 180 172 154 137 157 127 142 114 120 108 110 100 80 78 79 66 68 59 56 
0 0 0 0 0 1 0 0 0 0 2 3 3 2 5 5 6 6 2 8 7 4 13 16 19 28 31 31 30 49 54 47 71 74 81 104 121 102 167 150 160 165 187 179 189 180 224 231 242 211 217 222 217 189 209 195 206 173 201 172 162 156 132 160 145 110 113 127 102 96 90 89 68 59 55 51 
0 0 0 0 0 1 0 0 1 1 1 2 2 1 2 2 3 5 12 9 10 21 18 33 30 27 56 48 58 79 79 77 103 119 140 133 159 163 152 180 193 224 190 189 200 202 208 250 206 215 213 238 195 187 204 199 177 166 148 145 151 133 118 107 99 111 105 99 73 75 62 68 54 
0 0 0 0 0 1 1 1 1 2 1 6 2 1 3 3 5 6 10 15 16 22 29 24 40 52 51 56 76 82 88 96 118 145 130 139 143 147 187 164 200 198 186 208 218 228 219 229 199 199 188 211 197 174 192 171 168 164 130 134 115 140 119 92 106 83 92 64 80 63 65 62 49 
0 0 0 0 0 1 3 1 1 1 1 1 2 3 0 5 4 1 4 5 6 7 15 12 24 29 40 29 51 46 65 65 80 87 93 125 103 140 144 138 180 188 198 189 217 207 206 234 206 201 198 226 214 196 214 202 203 197 151 162 174 141 156 134 111 100 91 105 88 74 88 58 72 65 62 58 
0 0 0 0 0 1 2 1 3 4 3 1 0 1 3 2 6 8 7 8 4 6 17 18 20 26 26 29 40 44 51 54 75 90 82 116 112 113 157 131 166 175 171 176 198 211 232 196 235 233 207 216 199 192 206 212 189 180 193 177 158 150 149 129 136 109 115 97 83 83 91 78 58 73 47 48 
0 0 0 0 0 0 0 2 1 1 0 2 2 2 1 3 3 2 6 11 11 14 13 25 23 34 42 52 47 67 69 74 79 113 123 116 143 149 148 189 166 224 208 217 191 206 198 208 207 223 216 227 212 216 194 183 187 173 171 156 140 130 142 109 115 111 122 75 86 67 78 69 67 54 
0 0 0 0 0 2 3 0 1 2 0 2 2 1 4 2 4 5 4 10 13 7 23 26 26 37 43 40 46 69 83 66 82 94 120 115 141 142 144 198 184 188 198 189 206 238 209 188 232 245 216 213 216 197 198 209 188 164 156 188 138 158 138 133 121 122 94 101 80 73 65 75 53 56 
0 0 0 0 0 0 0 1 5 4 3 1 1 2 3 4 3 6 8 9 10 17 14 21 26 31 39 35 60 63 82 95 86 119 109 128 163 152 163 195 223 194 197 215 233 232 208 225 222 207 228 215 193 183 196 169 163 158 149 153 129 114 126 134 113 104 90 91 98 72 52 71 59 
0 0 0 0 0 1 2 0 4 1 0 0 0 1 5 2 3 5 3 7 10 15 10 18 33 30 28 55 57 46 73 72 116 100 101 108 118 142 138 172 205 215 190 209 222 202 224 214 206 235 241 209 226 220 188 156 186 173 158 160 157 128 158 135 120 108 109 99 75 67 77 65 63 57 
0 0 0 0 0 2 3 3 0 0 1 3 2 2 0 2 1 8 3 11 11 18 8 14 21 20 21 29 40 43 43 61 90 76 81 97 111 120 159 147 162 194 186 193 205 202 222 226 212 218 216 235 228 232 202 202 204 168 180 171 169 168 122 138 136 120 105 99 113 65 82 59 62 64 66 67 
0 0 0 0 0 2 0 1 3 1 4 0 2 7 1 2 1 6 7 8 11 15 31 25 31 34 48 78 60 72 63 91 103 83 119 142 150 155 170 183 161 210 218 210 203 219 235 224 218 197 195 198 201 233 194 179 177 167 167 150 144 114 141 119 114 104 91 83 86 63 58 51 42 
0 0 0 0 0 0 0 2 1 1 1 3 4 0 4 1 1 7 6 5 12 7 15 15 23 22 20 41 41 66 68 62 82 96 95 106 129 141 132 172 180 174 223 212 249 225 210 253 229 249 228 227 228 219 195 188 197 189 168 158 159 122 125 114 120 125 98 121 85 64 66 87 71 66 
0 0 0 0 0 0 0 1 1 2 1 5 0 1 3 3 3 12 5 8 4 13 11 14 19 23 33 36 51 56 58 70 94 76 72 113 131 141 172 155 191 183 211 225 217 214 204 243 220 222 208 227 208 213 206 219 205 174 197 166 157 138 112 122 121 104 116 104 81 73 69 67 62 57 53 
