0 0 0 0 1 2 0 2 1 1 2 2 3 3 0 5 7 11 10 9 16 24 27 27 31 21 34 58 48 55 96 80 108 110 119 131 156 174 159 185 186 186 206 232 210 227 216 221 191 205 218 220 222 234 209 168 195 184 159 157 144 149 120 125 111 98 90 59 81 52 55 53 49 
0 0 0 0 0 2 0 3 0 1 0 1 2 2 4 3 2 9 14 13 13 21 33 32 26 41 67 57 65 74 82 82 110 125 148 129 161 163 158 206 204 193 199 206 227 216 220 221 213 198 239 212 179 177 174 198 170 173 139 143 128 144 129 111 110 72 79 81 73 75 67 42 63 
0 0 0 0 0 0 2 1 3 2 3 0 1 3 2 3 8 10 15 16 13 19 20 22 34 34 47 49 46 64 92 91 121 118 118 145 137 148 178 186 191 213 220 190 212 229 213 210 235 221 207 211 219 206 188 177 163 188 151 148 152 135 143 128 108 101 91 70 73 98 68 55 60 
0 0 0 0 0 1 2 1 0 1 3 1 0 0 3 1 9 8 5 6 11 14 13 18 22 18 28 42 54 60 59 88 83 102 105 91 136 145 145 151 179 152 199 217 206 177 219 188 238 251 229 186 192 214 198 188 162 175 171 143 159 140 141 124 125 107 105 92 98 89 74 54 76 43 56 
0 0 0 0 0 1 1 2 2 1 0 2 1 0 4 5 6 6 15 8 15 26 20 30 37 34 49 35 64 60 74 95 126 120 126 142 146 156 168 172 184 196 195 190 227 222 210 198 199 218 227 200 217 185 177 177 200 155 149 177 128 114 137 120 101 90 80 84 70 66 58 51 54 
0 0 0 0 0 0 0 3 1 0 1 0 1 2 2 2 6 10 4 11 8 7 12 22 20 30 36 35 47 65 73 85 98 98 97 113 142 158 165 178 175 169 199 197 226 218 206 233 221 232 188 192 216 200 200 168 151 187 167 156 159 162 131 142 105 118 96 92 78 77 65 62 69 52 
0 0 0 0 0 0 1 4 2 3 2 4 3 2 3 0 3 5 3 6 6 8 13 9 13 16 17 18 30 27 52 45 50 63 72 91 104 103 115 133 162 141 150 194 175 199 200 219 227 185 198 243 229 219 236 215 190 194 205 183 185 173 138 142 117 154 120 108 114 104 95 92 82 100 76 75 69 62 
0 0 0 0 0 0 2 4 2 5 1 1 2 1 3 3 9 2 10 9 13 16 13 27 33 37 42 47 61 69 77 82 110 107 109 130 150 149 155 171 191 201 196 203 189 230 206 210 238 235 207 199 212 202 193 193 188 160 177 159 152 133 119 124 110 103 93 70 86 56 61 71 73 
0 0 0 0 0 1 0 0 3 1 1 2 2 4 2 5 4 8 4 2 6 15 11 20 16 32 37 46 42 56 51 73 81 85 91 104 122 147 153 172 162 179 183 208 170 212 203 221 209 239 219 200 211 224 223 189 209 160 169 176 145 156 164 139 128 133 85 97 96 94 81 76 50 65 50 
0 0 0 0 0 2 3 4 2 3 6 3 1 0 4 3 3 4 5 9 5 16 16 15 23 22 32 28 51 57 60 72 82 98 119 140 120 173 151 165 175 177 209 206 208 219 219 237 228 245 217 199 222 189 210 176 176 154 186 151 158 151 137 143 122 109 107 82 72 79 72 64 56 58 
0 0 0 0 0 2 0 1 1 0 0 0 4 1 2 1 3 4 5 5 6 18 15 16 26 38 40 45 44 57 59 74 91 86 92 114 144 148 152 162 185 183 192 196 223 232 215 203 237 232 249 243 211 197 189 184 186 174 155 146 135 137 146 138 114 112 113 85 80 82 76 83 53 43 
0 0 0 0 0 0 2 1 0 0 0 0 0 1 4 3 2 2 7 6 5 11 11 17 20 25 30 40 41 48 58 63 87 99 121 109 132 115 145 149 153 171 191 187 180 191 217 233 227 226 204 223 222 197 202 214 171 188 161 177 166 137 133 137 124 105 97 94 88 78 94 74 72 64 62 47 
0 0 0 0 0 0 0 1 1 3 3 2 2 1 2 1 0 5 7 9 7 11 13 13 21 27 31 36 54 56 66 76 82 97 118 117 130 138 140 154 186 218 208 200 206 228 203 200 214 216 241 218 208 175 195 190 182 180 166 174 172 133 147 117 106 88 84 81 94 88 85 62 68 66 42 
0 0 0 0 0 1 2 0 0 1 0 3 3 0 1 3 2 4 4 8 14 11 12 9 27 24 23 29 45 50 55 69 72 71 92 100 98 122 140 159 175 171 195 205 199 212 204 178 219 218 242 204 220 215 207 194 210 167 186 154 149 140 149 121 131 102 96 89 86 79 67 78 89 64 61 51 
0 0 0 0 0 0 2 2 3 3 2 3 3 3 3 5 7 8 5 13 15 20 24 33 35 41 52 54 50 62 72 82 76 104 121 143 131 147 159 175 200 214 210 194 199 222 220 221 232 227 209 197 194 198 180 185 190 161 173 148 163 132 133 128 92 104 87 84 70 77 68 71 43 
0 0 0 0 0 0 1 3 3 1 1 2 1 4 3 5 6 1 4 6 12 8 19 28 26 38 30 56 74 68 71 84 108 124 105 130 152 165 173 166 192 190 187 221 232 200 229 219 240 226 231 216 190 182 185 190 170 169 153 156 164 142 119 119 92 99 92 88 62 66 73 64 67 
0 0 0 0 0 0 1 1 1 3 1 2 4 2 4 2 11 9 14 12 17 35 27 28 48 35 54 61 67 86 91 105 106 136 141 158 158 141 213 201 222 216 209 197 226 211 250 193 206 230 206 217 230 181 170 161 145 170 143 157 112 120 107 89 99 88 76 71 76 67 52 50 
0 0 0 0 0 0 1 4 3 2 3 2 3 2 2 2 4 5 9 11 6 13 21 13 18 23 39 43 45 65 56 83 71 102 110 103 129 125 154 172 161 176 199 194 202 220 211 216 223 227 225 207 227 179 185 193 209 194 158 155 134 131 115 127 133 121 103 95 98 78 73 74 62 48 52 
0 0 0 0 0 0 1 2 1 2 2 2 3 3 6 6 5 7 6 9 12 14 20 33 38 42 37 62 60 78 80 94 97 118 113 131 146 150 150 172 193 203 214 233 211 218 203 201 229 211 193 239 218 185 182 168 150 158 154 134 114 146 130 111 96 102 80 76 85 68 57 60 58 
0 0 0 0 0 1 2 0 3 2 1 5 1 1 5 3 6 1 3 12 7 12 12 16 21 23 39 32 38 46 75 62 73 86 83 132 145 127 159 161 174 176 177 207 187 211 195 230 215 211 238 235 196 189 202 193 202 199 159 191 154 156 144 119 100 116 97 86 77 53 81 58 68 48 60 
0 0 0 0 0 0 2 2 1 2 1 1 2 5 0 7 3 6 13 20 29 22 29 36 44 47 70 73 83 90 95 97 97 131 130 145 160 168 187 189 209 218 215 226 220 214 227 198 213 209 215 189 183 208 154 150 160 160 139 141 130 108 99 110 93 97 72 70 78 58 51 53 
0 0 0 0 0 0 0 2 3 1 2 2 2 0 1 1 4 6 5 12 16 12 10 21 24 21 37 41 57 53 59 81 85 79 83 110 119 140 140 166 194 162 195 204 207 208 180 206 207 215 225 219 210 181 194 189 187 174 180 185 164 135 125 134 101 104 105 85 78 73 76 91 58 63 44 
0 0 0 0 0 0 2 0 3 1 2 2 0 3 4 6 7 7 12 18 16 20 31 40 47 38 56 70 72 87 83 95 123 127 125 164 155 169 179 196 198 208 199 222 210 224 210 223 214 217 202 206 173 190 186 149 168 156 159 131 108 128 130 96 86 96 88 72 74 74 50 58 
0 0 0 0 0 0 0 0 3 1 0 1 2 2 5 1 3 8 6 8 8 19 12 20 21 26 32 34 34 53 68 57 75 77 86 112 138 130 128 138 168 188 178 176 215 209 216 230 212 221 236 243 230 212 198 201 182 199 172 171 141 166 140 129 127 118 98 96 89 97 98 82 61 76 59 38 
0 0 0 0 0 1 2 1 0 3 2 0 1 3 3 3 5 5 5 9 12 7 22 17 25 29 37 47 46 51 72 66 82 91 101 98 121 156 133 134 187 182 178 216 226 185 202 245 236 237 240 203 208 197 179 199 177 171 161 169 154 127 132 126 125 102 113 92 90 90 74 76 63 48 62 66 
0 0 0 0 1 0 1 1 2 3 2 2 3 0 3 4 4 11 5 6 15 11 14 21 28 35 32 50 62 57 85 73 92 83 110 116 144 156 176 166 166 182 157 198 195 213 222 222 229 223 242 210 216 179 182 175 182 197 162 166 162 135 129 128 126 130 115 90 81 82 69 73 62 45 41 
0 0 0 0 0 1 0 2 1 6 1 1 3 2 2 6 9 8 6 5 10 17 28 26 29 34 44 49 58 69 80 99 96 111 120 143 160 151 168 179 193 189 213 201 201 191 204 243 199 232 223 225 235 213 197 188 168 154 149 158 136 133 107 116 115 108 103 95 81 64 67 66 60 
0 0 0 0 0 1 1 0 0 1 3 2 2 4 0 3 2 4 4 10 15 18 15 22 30 34 35 41 49 68 68 78 71 88 118 124 114 159 135 176 184 184 228 219 203 209 217 234 222 219 199 215 200 216 203 191 177 164 157 137 132 135 122 124 81 97 86 95 87 87 66 73 59 62 
0 0 0 0 0 2 3 2 3 2 2 2 2 4 0 5 3 6 9 4 8 19 21 23 16 31 32 47 43 56 65 87 86 99 99 126 113 144 143 182 169 190 188 165 192 211 220 221 220 241 215 235 205 214 194 200 161 192 173 137 159 161 123 126 112 117 98 91 104 69 68 67 63 54 66 
0 0 0 0 0 0 2 0 0 3 2 1 2 3 6 4 1 8 5 14 11 9 17 29 19 29 24 37 45 66 57 69 84 75 102 130 131 150 144 169 180 192 211 233 199 214 225 230 221 228 188 212 203 199 213 175 179 167 161 155 147 138 135 125 135 101 91 91 81 96 69 74 75 66 57 
0 0 0 0 1 2 1 1 0 2 3 2 2 2 3 2 2 7 3 5 14 16 31 28 31 36 34 48 52 81 79 91 116 120 124 144 128 159 173 170 165 196 223 215 202 195 216 224 225 217 206 205 214 198 169 189 166 150 164 145 145 133 136 109 108 83 99 71 82 59 64 48 57 
0 0 0 0 0 0 0 3 4 2 2 1 4 1 2 3 1 1 5 4 7 10 17 18 16 31 24 33 40 51 59 60 66 81 92 86 97 97 119 139 138 175 158 182 170 199 209 206 208 249 206 206 217 217 230 213 203 191 176 161 181 163 148 143 133 123 102 110 108 90 68 71 74 73 49 59 57 
0 0 0 0 0 0 1 2 2 2 2 1 1 2 3 6 8 2 7 15 13 14 18 18 18 32 37 49 48 65 77 66 109 95 115 117 153 141 183 153 177 194 205 169 241 214 198 210 215 203 221 210 214 191 202 199 184 182 183 160 153 142 131 142 131 124 96 71 75 85 66 70 63 56 
0 0 0 0 0 0 1 2 2 0 2 2 1 3 6 4 3 8 8 12 18 24 19 27 35 33 57 64 82 74 92 96 116 135 118 126 140 184 217 192 204 195 206 226 242 206 245 212 220 224 232 211 173 178 192 197 185 151 154 124 108 131 102 103 100 91 90 78 63 69 63 46 
0 0 0 0 0 1 1 5 0 1 0 2 0 1 6 2 4 10 13 6 7 18 26 33 28 28 47 50 57 70 70 75 80 103 129 145 170 161 169 157 180 173 191 195 223 206 216 227 208 204 233 193 198 224 210 183 195 153 157 155 155 145 125 114 117 107 105 84 84 60 71 75 60 48 
0 0 0 0 1 0 1 0 0 1 2 2 4 1 4 1 1 3 8 8 12 21 31 17 35 30 40 41 63 60 80 73 86 103 119 130 142 152 164 179 203 203 237 230 209 215 229 210 221 201 214 231 190 211 188 193 161 173 148 143 156 143 116 138 119 104 88 99 85 59 76 68 54 56 
0 0 0 0 1 0 2 0 0 4 0 1 2 0 2 3 4 5 3 17 17 14 26 28 24 45 40 53 81 66 84 65 113 122 116 142 130 151 149 170 206 206 199 202 217 221 209 194 235 215 220 205 215 196 179 194 165 166 172 143 147 126 124 106 99 89 84 72 95 64 53 50 53 
0 0 0 0 0 0 1 2 0 3 2 1 1 3 2 7 2 11 13 13 10 13 17 18 29 47 44 62 67 66 80 77 98 110 136 145 148 156 174 165 155 190 222 198 197 232 227 225 241 240 216 214 189 191 182 174 176 163 151 143 141 145 132 104 94 105 104 76 66 73 77 75 60 
0 0 0 0 0 0 2 1 1 0 1 3 5 2 4 4 4 5 10 8 8 14 16 27 34 29 48 46 52 61 78 84 88 112 134 131 145 155 183 182 188 210 204 211 201 239 218 225 245 203 220 213 202 205 197 191 186 172 138 138 129 142 124 110 113 106 97 90 62 73 58 73 52 58 
0 0 0 0 0 0 0 2 0 3 2 0 0 0 3 4 3 5 10 10 18 20 24 29 31 32 48 53 69 84 76 84 104 123 118 140 159 166 173 211 199 214 191 192 216 236 207 249 230 201 222 200 211 200 175 192 182 149 154 137 144 104 123 108 99 104 99 91 76 85 68 69 49 
0 0 0 0 0 0 1 6 2 0 5 1 2 0 0 3 5 5 11 8 16 18 15 19 31 24 42 45 54 64 65 80 88 113 97 110 142 167 156 181 169 209 194 171 220 200 217 204 243 247 208 201 200 202 193 187 157 176 180 156 134 137 138 100 116 86 82 89 81 74 86 70 65 56 
0 0 0 0 0 1 2 1 4 0 0 2 3 3 1 1 6 4 6 8 9 9 22 20 30 34 43 41 49 51 75 77 103 117 113 139 132 147 151 194 170 194 188 229 219 225 191 188 221 213 226 206 242 197 188 202 192 165 157 168 176 132 126 105 109 105 101 78 69 100 60 75 49 44 
0 0 0 0 0 0 1 3 2 1 2 2 1 0 4 3 7 3 8 9 6 6 17 16 36 28 33 32 55 49 59 80 68 89 104 98 119 140 139 171 187 179 227 216 215 218 238 212 224 220 236 241 216 191 191 195 202 188 141 166 139 138 145 119 121 101 97 84 97 86 79 72 55 51 60 
0 0 0 0 0 0 4 3 3 2 3 0 2 2 3 3 0 5 8 8 10 9 14 22 24 24 29 57 47 55 70 71 81 93 108 120 138 142 136 161 166 186 206 213 196 218 225 219 222 233 226 226 214 205 215 184 199 166 162 151 125 132 142 140 103 116 105 99 98 89 66 70 53 69 56 
0 0 0 0 0 1 0 4 2 1 2 4 4 2 1 5 2 7 6 7 6 18 19 23 26 34 44 42 53 71 60 78 85 102 123 126 157 140 172 207 158 193 189 207 212 211 231 218 224 219 206 217 215 200 183 194 175 158 177 160 142 148 135 120 120 112 97 75 86 53 61 58 63 59 
0 0 0 0 0 0 2 1 1 3 2 1 5 3 2 3 4 3 13 16 17 17 25 22 27 29 43 32 66 56 76 92 78 132 122 120 141 166 162 205 169 201 206 206 215 228 233 230 220 232 221 217 221 195 220 181 181 181 161 164 144 137 124 117 131 118 94 84 69 69 62 59 48 60 
0 0 0 0 0 1 2 1 1 1 1 3 0 1 1 5 2 5 9 9 6 15 15 12 15 18 29 35 57 73 54 85 99 105 111 122 133 157 150 162 172 195 207 196 219 205 241 200 233 224 209 219 207 185 178 192 193 178 171 157 168 155 137 115 103 125 95 112 87 94 67 89 68 64 
0 0 0 0 0 0 0 0 0 1 1 2 3 4 2 3 2 3 8 2 7 10 11 16 18 21 24 26 47 43 54 53 79 73 102 108 119 136 148 153 191 172 189 194 210 210 212 235 220 241 228 207 206 206 233 216 214 187 184 195 152 156 128 145 112 106 110 122 78 91 69 61 78 67 60 45 
0 0 0 0 0 0 3 2 2 2 0 0 3 0 4 3 3 5 2 9 14 14 11 12 21 30 21 31 41 41 38 42 62 84 85 106 95 134 133 172 152 174 179 185 173 189 223 212 224 249 228 214 220 202 198 213 223 174 181 173 166 180 141 154 131 126 113 101 89 85 91 80 63 65 70 52 
0 0 0 0 0 0 1 4 3 1 5 3 3 1 2 5 8 8 15 11 18 18 21 30 32 41 39 65 79 78 84 98 108 119 128 140 142 179 185 170 205 222 191 214 228 234 225 223 209 211 212 180 208 184 197 184 167 162 162 141 121 125 121 128 108 93 92 78 79 82 66 46 67 
0 0 0 0 0 1 1 0 0 0 5 0 2 1 2 7 6 8 11 18 21 19 27 34 38 39 49 68 82 88 85 87 132 124 120 143 138 175 175 180 220 186 223 211 220 234 219 225 181 234 195 202 220 178 196 198 187 168 143 145 127 132 115 96 103 97 97 72 68 72 56 60 
0 0 0 0 1 1 0 1 2 0 3 4 2 4 2 4 8 4 14 8 18 18 27 33 41 40 61 59 75 76 80 107 122 129 154 171 157 193 190 210 214 202 220 209 212 208 219 205 200 215 215 223 190 192 179 177 163 170 149 135 110 117 117 110 85 105 86 72 70 79 77 66 
0 0 0 0 0 1 2 3 1 0 3 3 1 2 2 3 5 1 5 9 6 8 18 14 18 18 26 37 39 47 57 49 68 77 98 111 112 114 129 144 154 167 189 188 201 209 198 224 207 225 218 215 223 209 206 206 190 165 175 158 145 155 123 150 152 132 118 107 117 69 84 67 77 72 65 62 
0 0 0 0 0 0 0 1 1 3 0 2 3 3 3 3 3 7 11 10 11 21 26 18 30 44 41 52 48 53 52 91 100 112 108 132 147 163 170 152 192 188 211 210 216 231 211 220 242 205 194 201 219 197 211 159 166 147 164 147 134 137 120 116 104 99 87 69 87 70 73 57 52 64 
0 0 0 0 0 1 3 2 1 1 2 0 2 3 2 4 5 3 4 7 8 14 19 38 31 43 45 49 62 70 53 81 91 109 95 121 130 147 165 194 155 191 187 189 195 206 219 253 221 209 212 222 212 207 181 183 168 195 172 136 138 137 149 128 117 111 87 92 66 81 62 51 70 58 
0 0 0 0 0 0 1 0 2 2 1 2 0 3 2 8 5 14 9 14 17 18 28 24 36 48 61 70 63 74 92 87 91 107 129 133 164 144 185 176 205 169 233 195 215 212 231 237 220 205 216 222 208 179 171 172 172 170 137 171 129 127 115 101 115 73 82 82 69 53 78 60 50 
0 0 0 0 0 0 0 1 0 0 2 1 3 2 4 2 5 2 9 6 11 17 17 6 21 25 30 26 51 58 40 52 83 109 111 113 119 112 145 166 165 169 197 157 188 213 228 212 227 199 247 226 200 206 190 215 171 174 175 165 175 159 142 148 115 117 106 103 88 83 71 64 61 73 46 
0 0 0 0 0 0 2 3 0 1 4 1 3 0 2 1 5 9 8 18 13 14 24 22 28 35 27 45 50 68 76 82 102 112 112 122 150 149 164 142 183 188 194 175 199 200 223 211 245 236 209 243 224 198 197 193 177 161 162 145 143 140 117 106 109 114 108 83 73 90 72 61 69 54 
0 0 0 0 1 1 1 5 1 0 0 1 2 1 1 3 3 5 12 10 9 13 12 24 24 34 33 37 65 64 60 77 81 102 91 141 139 161 149 180 193 191 227 198 209 207 212 232 220 219 221 192 207 221 217 197 191 176 175 173 150 141 113 104 125 134 99 80 76 75 66 68 58 54 
0 0 0 0 0 1 1 2 0 1 8 3 2 5 3 4 6 9 11 13 9 19 23 20 25 34 40 50 52 72 57 72 86 93 107 127 127 162 149 180 175 196 187 219 205 215 206 220 232 218 193 240 199 206 200 193 176 164 184 171 141 114 135 122 127 102 94 82 86 75 88 70 74 57 
0 0 0 0 0 0 0 1 1 3 2 1 3 2 4 3 6 7 6 5 11 5 21 10 23 17 34 34 29 53 45 80 64 88 93 109 114 131 149 154 182 184 195 200 211 217 223 176 206 226 221 195 224 220 213 175 185 198 150 171 137 127 155 137 127 110 124 104 81 102 97 75 74 57 40 
0 0 0 0 0 0 3 3 0 0 1 2 1 2 1 6 4 6 8 12 15 23 16 21 30 38 51 43 47 50 65 73 85 103 120 127 139 162 168 182 202 185 202 219 186 208 197 205 216 202 228 194 211 186 187 181 194 177 158 163 171 135 110 135 97 82 101 101 70 64 68 54 51 54 
0 0 0 0 0 0 0 0 1 2 0 2 3 1 0 0 4 4 6 9 11 10 14 20 20 22 33 52 33 49 72 73 76 97 101 122 122 150 163 150 178 174 181 191 221 177 226 216 232 206 194 254 209 198 187 184 201 151 183 161 139 145 124 119 111 107 112 89 88 80 78 60 79 60 60 
0 0 0 0 0 0 0 1 0 5 2 4 0 1 1 1 5 4 7 6 11 17 20 24 26 35 37 38 54 60 53 77 68 85 117 120 148 153 172 172 180 187 177 192 213 211 217 237 210 234 226 209 206 196 196 185 197 151 175 166 137 164 145 96 121 107 86 75 68 73 85 57 72 64 58 
0 0 0 0 0 0 1 1 1 0 1 3 1 1 1 4 2 5 5 11 9 19 11 24 16 21 29 35 46 70 56 87 82 106 98 133 149 138 142 179 170 195 209 196 212 210 220 210 208 209 247 230 218 212 201 190 198 143 174 151 143 144 119 127 136 98 101 78 83 69 65 73 72 60 50 
0 0 0 0 0 1 1 3 2 1 2 1 0 2 2 5 3 5 2 3 2 11 14 27 27 26 38 33 58 54 70 75 87 111 100 137 116 135 161 141 176 190 204 202 205 218 223 215 220 226 234 206 222 200 197 177 172 150 207 163 152 156 149 131 113 96 95 97 85 73 73 62 61 53 
0 0 0 0 0 1 3 2 2 3 1 3 2 1 3 3 3 2 4 7 11 6 18 22 19 23 49 27 62 67 67 93 84 89 112 115 130 159 162 180 150 193 194 209 210 218 235 215 243 197 207 210 195 199 210 191 198 162 174 163 167 124 144 108 101 128 76 111 77 93 84 64 63 42 61 
0 0 0 0 0 0 2 2 2 0 2 1 5 1 3 8 5 5 4 5 9 21 18 24 31 34 30 51 52 76 68 73 80 85 130 134 163 159 154 171 188 232 208 189 233 224 219 228 213 261 247 204 201 197 200 189 167 194 143 158 143 146 134 118 120 96 111 89 76 71 73 69 72 61 
0 0 0 0 0 2 6 2 1 4 4 1 1 0 3 2 4 7 11 7 13 13 21 22 28 24 49 45 56 65 82 92 99 102 121 134 130 155 161 188 186 188 216 229 217 196 210 230 222 215 227 202 220 218 192 182 177 164 144 157 160 143 119 84 110 82 109 83 88 64 62 64 62 50 
0 0 0 0 1 1 0 0 1 1 2 2 1 8 2 6 6 4 10 15 23 14 37 37 46 40 49 71 92 87 98 94 107 136 146 156 156 135 185 197 212 219 195 189 213 229 232 234 196 211 206 171 184 192 178 165 152 156 140 132 139 123 118 95 99 86 100 60 60 70 54 59 
0 0 0 0 1 3 4 2 0 2 1 2 1 2 2 5 3 11 5 8 10 10 19 23 29 42 36 43 67 75 65 84 94 138 104 136 138 166 168 163 189 187 227 233 232 183 249 204 217 226 216 215 202 206 196 185 187 191 154 151 154 129 124 120 112 127 87 92 71 78 54 66 57 57 
0 0 0 0 0 1 0 0 1 3 3 5 1 3 2 3 7 4 8 17 19 25 25 21 36 41 46 50 60 71 83 91 92 110 112 159 154 163 176 194 204 167 215 194 209 237 219 219 218 222 215 208 181 179 187 183 156 156 162 158 134 113 116 100 109 106 89 77 97 69 72 63 54 
0 0 0 0 0 1 4 0 3 1 1 0 3 5 1 3 2 3 6 4 10 8 29 21 21 33 33 44 49 49 58 83 85 102 95 106 129 130 157 170 175 191 185 188 189 203 228 218 222 230 221 214 212 218 213 201 198 172 186 170 155 160 160 119 127 115 110 108 80 70 77 75 45 58 
0 0 0 0 0 0 0 1 2 3 2 1 2 4 1 3 3 1 2 4 10 12 9 16 15 26 38 38 56 65 83 76 85 85 84 104 131 124 144 162 158 199 210 201 206 237 216 221 216 213 209 211 199 225 199 182 178 205 191 157 171 148 145 105 105 123 99 85 88 91 73 62 57 72 56 
0 0 0 0 0 1 0 3 1 1 3 5 0 4 3 2 5 6 9 8 13 13 19 26 25 25 34 49 57 69 81 65 97 109 121 132 146 159 162 170 171 193 190 196 226 220 224 200 225 233 221 203 213 181 200 172 171 161 155 128 144 115 133 125 105 101 85 83 93 64 61 69 58 52 41 
0 0 0 0 0 1 1 3 1 1 2 1 1 1 2 7 7 4 12 8 12 10 11 16 20 22 27 25 47 44 52 66 72 90 85 109 105 137 135 148 163 183 190 199 158 196 204 227 227 194 239 208 193 207 208 176 193 197 174 181 157 166 150 148 128 127 114 99 100 84 68 75 69 70 53 50 
0 0 0 0 0 0 1 1 3 4 2 1 2 2 7 5 10 8 11 11 13 11 14 32 29 32 34 56 43 65 65 76 86 113 96 130 119 153 155 172 185 179 227 214 204 204 223 217 218 202 222 193 215 174 184 174 190 155 154 147 151 124 124 145 127 110 99 79 64 81 73 69 57 52 51 
0 0 0 0 0 1 2 1 1 0 1 4 1 2 2 3 6 8 5 17 17 15 29 32 46 45 54 62 79 77 99 76 92 105 130 149 166 154 167 169 197 196 202 217 219 243 216 232 208 220 199 192 195 186 193 169 142 149 149 148 126 136 97 105 90 87 93 75 63 77 64 71 57 
0 0 0 0 0 1 2 3 1 3 0 2 2 2 2 2 4 7 10 6 15 10 33 32 26 33 41 55 41 58 75 56 91 110 107 142 137 152 177 162 190 199 205 221 248 203 207 183 236 228 225 228 208 196 205 196 179 188 153 138 140 147 122 101 104 105 90 75 85 74 71 57 54 49 
0 0 0 0 0 1 1 3 3 2 1 2 1 4 2 4 4 7 8 8 13 23 24 23 36 30 39 44 55 64 80 85 107 102 133 132 151 142 173 184 174 199 198 198 208 211 216 217 211 208 208 219 166 189 197 174 189 184 175 146 139 112 119 110 108 94 99 79 80 65 56 70 58 48 
0 0 0 0 1 1 1 1 0 1 1 1 0 3 1 4 5 7 6 3 5 9 16 14 22 27 43 40 55 62 61 83 68 97 94 115 148 124 144 141 173 183 181 175 220 206 234 225 240 208 195 200 219 201 208 185 200 181 183 174 160 143 133 118 118 105 115 83 89 86 70 65 62 59 52 
0 0 0 0 0 0 0 0 4 3 3 3 5 3 1 11 14 16 16 15 17 30 36 45 35 65 53 79 75 109 126 100 129 107 157 160 176 196 181 187 203 201 195 194 246 200 225 211 208 206 222 228 184 190 190 157 173 148 110 109 130 116 113 82 86 92 76 66 66 54 64 
0 0 0 0 1 1 1 0 2 3 2 2 1 0 4 4 5 12 7 13 7 13 26 18 35 30 58 54 57 78 77 94 110 117 134 146 176 175 170 157 194 207 211 208 215 210 205 229 210 245 204 229 203 209 180 195 166 174 153 145 130 131 95 110 89 114 94 82 71 68 64 73 44 
0 0 0 0 0 0 1 0 0 3 3 0 4 4 4 4 3 7 9 15 13 12 19 27 21 35 35 47 54 73 79 90 100 98 134 143 139 165 171 189 178 202 211 211 215 220 218 235 217 211 218 212 218 183 182 173 187 153 159 176 126 148 148 114 109 107 76 80 80 62 69 68 50 
0 0 0 0 0 0 1 0 2 0 3 2 2 0 0 2 2 3 3 4 10 15 20 23 26 22 37 41 42 56 70 84 84 83 109 102 156 140 168 189 181 189 186 213 224 222 197 239 231 233 188 220 200 207 176 198 193 182 177 177 168 137 143 121 104 90 91 97 92 73 67 54 48 51 
0 0 0 0 0 1 2 0 2 6 2 0 1 2 1 0 3 7 3 2 8 8 2 17 9 12 19 29 41 37 48 59 48 75 81 82 95 114 165 153 126 171 170 188 187 208 209 191 198 215 242 214 231 225 220 232 227 169 171 174 167 151 143 138 123 137 112 108 93 97 115 64 86 78 66 53 54 
0 0 0 0 0 0 3 0 2 2 2 4 2 1 6 3 4 5 4 9 11 23 23 17 23 38 36 47 72 73 78 88 110 85 130 123 135 160 180 171 172 209 206 206 187 226 228 214 220 231 231 211 210 176 182 190 179 153 155 163 140 121 139 122 108 108 84 86 78 76 76 62 67 
0 0 0 0 0 0 1 4 3 1 3 1 0 4 2 1 5 4 8 9 8 9 12 17 32 32 32 32 42 41 66 69 88 100 91 91 138 137 120 144 140 184 193 195 219 221 226 233 196 216 235 209 215 232 194 202 179 181 149 163 156 155 142 137 136 123 89 107 103 85 102 55 58 49 46 
0 0 0 0 0 0 3 5 2 0 4 2 2 1 5 2 4 7 2 3 14 10 18 15 17 26 30 26 50 49 63 68 63 88 80 109 116 122 149 151 153 169 194 195 200 207 193 202 234 206 224 191 221 243 218 211 216 167 181 166 164 164 146 112 150 118 98 101 104 86 62 86 61 52 60 51 
0 0 0 0 0 0 1 1 2 5 3 3 2 6 4 5 12 15 8 15 18 31 32 32 39 44 53 55 76 88 102 100 120 154 161 177 163 172 202 179 177 230 229 216 208 221 216 250 205 226 184 219 198 172 176 214 172 149 144 143 125 132 90 106 89 88 85 76 74 54 54 51 
0 0 0 0 0 3 4 1 3 2 3 5 2 1 1 9 3 4 6 8 14 11 18 19 24 32 31 41 43 48 73 67 97 98 112 110 124 144 155 164 168 160 185 186 206 246 242 234 225 242 206 226 203 194 223 182 167 156 155 142 153 142 153 125 106 90 103 83 85 74 67 64 66 62 39 
0 0 0 0 0 0 1 4 1 6 0 8 1 3 0 1 2 4 6 8 9 7 9 18 19 25 30 34 40 48 51 68 70 74 96 108 123 136 153 156 166 180 176 205 222 201 238 209 228 212 224 224 249 231 190 195 217 223 173 173 160 150 138 127 121 123 117 113 87 89 84 77 71 65 62 
0 0 0 0 1 3 1 3 1 1 1 4 1 4 4 2 6 6 4 7 11 12 16 22 21 29 25 61 51 65 84 92 88 96 120 146 131 137 147 172 200 188 199 207 233 235 207 234 208 220 205 206 183 203 183 180 173 157 166 147 151 128 136 123 116 104 103 98 75 74 71 55 52 57 
0 0 0 0 0 0 2 4 0 0 2 1 3 1 2 6 1 10 6 3 13 15 18 20 20 27 36 23 34 55 58 72 67 76 98 86 105 120 140 172 162 206 183 199 220 218 219 192 226 221 240 208 185 224 186 183 213 176 163 171 153 139 153 110 116 100 111 113 97 84 69 82 60 62 51 
0 0 0 0 0 1 1 3 2 3 0 3 2 4 4 10 9 10 14 29 20 22 23 38 41 53 50 69 78 94 94 121 138 144 155 152 154 182 195 181 233 203 204 198 233 212 205 220 216 193 196 195 194 184 148 160 151 153 133 129 138 121 105 118 74 84 71 63 66 64 54 
0 0 0 0 0 0 2 0 1 1 2 4 5 6 3 3 8 7 12 7 10 14 20 20 22 39 33 60 58 63 76 87 106 104 123 108 146 162 180 178 202 176 203 239 227 232 213 209 238 207 202 196 229 236 204 182 186 191 145 131 146 143 116 118 115 87 108 81 87 76 67 70 58 50 
0 0 0 0 0 0 0 1 1 2 5 2 0 0 1 2 9 5 6 13 13 13 19 25 34 28 39 57 57 42 55 74 85 92 107 128 124 139 162 145 166 207 186 202 208 195 198 188 203 211 215 208 196 193 219 206 212 157 175 162 176 150 145 123 116 114 119 115 83 83 96 66 69 56 51 
0 0 0 0 0 0 1 2 1 2 2 1 2 6 2 3 5 4 10 6 18 15 24 31 25 40 51 39 61 76 68 98 109 120 111 140 161 159 146 184 204 194 199 239 221 234 229 225 261 221 176 227 162 217 174 197 153 171 162 154 135 141 110 124 107 98 115 98 75 57 56 50 55 
0 0 0 0 0 1 1 1 1 1 4 2 1 0 3 4 6 5 4 8 10 16 15 24 36 41 33 57 67 68 73 95 91 130 119 140 162 156 146 195 191 209 218 215 206 205 225 235 228 214 235 215 186 211 216 177 170 170 156 143 134 120 138 122 128 96 90 89 86 74 65 63 55 
0 0 0 0 0 0 1 0 3 1 3 3 1 2 4 1 0 9 10 12 12 11 24 21 29 51 33 41 69 76 76 101 100 115 126 150 151 161 168 185 191 193 203 240 225 231 206 238 231 182 197 218 196 218 188 158 187 171 168 161 147 136 142 102 107 103 85 82 85 79 55 56 40 
