0 0 1 1 0 2 2 2 5 5 4 8 3 27 21 17 13 14 32 32 56 29 54 52 74 47 69 86 79 95 95 123 124 132 158 152 178 182 190 197 187 189 211 204 212 219 214 189 170 213 183 166 159 164 153 144 131 161 124 120 107 112 91 95 87 85 70 67 58 49 48 49 53 39 38 44 30 24 32 22 15 19 23 16 13 13 15 8 6 20 8 11 12 5 8 4 3 3 3 6 2 8 4 3 1 0 1 3 3 2 2 1 0 2 0 0 1 2 0 0 1 0 0 0 0 0 3 0 0 0 0 0 0 0 0 0 
0 0 1 1 2 2 1 2 5 15 13 17 15 19 14 22 25 35 27 36 39 68 44 45 57 74 90 98 97 133 118 136 161 150 151 177 178 187 196 182 183 188 195 185 218 205 210 208 168 178 161 184 153 164 128 129 126 115 133 102 105 71 87 97 68 64 69 61 55 39 51 40 56 41 32 35 25 24 27 23 15 23 21 20 17 17 10 12 6 13 10 6 6 7 8 8 6 4 4 0 2 3 6 3 3 1 2 1 4 2 0 2 1 1 1 0 1 1 0 0 0 1 0 2 0 3 0 0 1 1 
0 0 1 0 3 4 5 2 1 10 9 8 30 20 21 28 23 25 37 40 44 47 47 63 69 80 83 99 108 95 115 127 136 140 152 150 164 173 166 190 208 228 185 196 206 229 183 189 191 202 188 177 164 148 148 157 145 120 125 118 111 85 97 89 71 62 66 68 55 41 46 48 45 37 34 41 32 24 27 34 25 21 19 18 15 23 10 5 12 6 9 7 8 7 2 7 8 5 4 1 4 2 1 5 1 3 1 4 1 0 2 0 4 0 1 1 0 2 0 0 0 1 0 0 0 1 1 0 1 0 0 
0 0 1 3 3 3 4 5 4 3 3 9 12 15 24 17 25 34 44 41 33 38 54 66 57 70 85 99 99 91 123 115 136 162 166 147 176 182 188 207 225 207 200 186 197 207 201 193 193 181 172 166 172 168 151 147 156 115 123 121 108 87 85 74 86 69 49 59 76 60 51 33 52 32 27 31 20 34 25 16 23 16 17 19 21 21 13 17 11 9 9 6 5 7 13 4 3 7 7 5 6 3 5 3 6 3 6 1 0 0 2 1 2 3 1 1 0 1 2 3 1 0 0 1 0 1 1 1 1 0 0 0 0 0 0 
0 0 3 3 4 1 3 7 4 8 6 12 3 17 11 20 17 31 32 30 41 53 59 47 62 67 78 84 90 112 128 130 126 150 154 157 172 161 168 179 199 180 190 181 210 186 201 177 186 180 167 170 145 155 207 132 152 145 119 128 106 96 108 97 83 93 55 70 68 47 60 48 37 38 50 26 25 25 20 21 22 19 14 18 15 22 9 9 13 5 8 10 10 7 3 10 5 5 7 4 6 6 3 6 3 1 4 2 0 2 3 1 1 1 0 0 1 0 1 1 1 0 0 0 0 0 1 0 0 0 0 1 
0 1 0 1 2 2 2 6 5 1 12 2 6 5 7 10 20 20 26 28 20 36 52 44 42 45 55 77 78 71 92 114 107 109 136 138 155 126 155 161 178 189 179 224 179 182 191 189 195 197 202 183 160 171 175 171 161 127 146 142 120 101 113 103 107 107 84 74 70 71 66 64 63 40 42 53 36 39 34 30 19 31 15 18 20 14 14 10 16 16 14 10 10 14 12 10 6 7 7 5 8 3 7 3 1 1 0 2 4 2 3 2 1 2 1 1 3 3 1 2 0 1 1 1 1 0 1 0 0 1 0 1 2 0 0 0 1 0 0 0 0 0 0 
0 0 0 2 0 1 3 1 4 8 4 6 19 7 10 13 26 17 22 27 24 29 42 46 49 75 56 70 76 100 99 110 154 136 131 146 168 170 162 195 184 195 182 172 209 206 178 186 193 185 201 184 154 200 164 164 135 146 137 124 119 87 105 103 90 79 90 73 57 58 51 55 47 51 53 30 48 19 21 24 21 22 18 17 17 18 17 17 9 13 15 8 7 10 6 7 6 6 5 3 6 4 3 4 4 3 4 0 5 2 0 0 1 4 0 2 0 0 0 1 2 1 0 1 2 0 1 0 0 1 0 0 1 0 0 
0 0 0 0 4 5 1 4 1 5 9 5 15 14 11 17 17 21 25 33 39 40 55 60 42 66 58 81 80 109 97 122 125 126 146 144 164 189 166 199 195 197 206 199 202 202 183 219 213 179 192 194 172 170 147 156 149 118 146 119 127 118 88 107 83 72 82 68 60 74 66 54 35 47 42 40 52 33 29 19 22 18 21 26 13 12 12 11 9 10 8 9 7 11 6 11 7 6 6 3 7 3 2 6 4 3 0 2 1 3 1 1 2 1 1 1 1 2 1 0 1 0 1 0 0 1 0 0 0 0 0 1 0 0 
0 0 0 1 3 4 1 1 6 7 4 6 12 8 13 8 8 17 26 47 20 34 31 37 36 62 52 66 78 85 93 106 99 120 145 161 169 136 193 182 187 187 194 206 195 209 201 196 197 195 198 180 162 174 153 160 161 144 140 136 120 116 107 106 98 84 83 81 75 70 43 52 46 45 33 35 32 33 31 29 29 19 23 17 16 12 15 10 24 11 19 6 10 14 7 8 2 4 6 6 3 4 4 3 5 1 2 6 3 0 1 3 2 6 0 0 0 1 2 1 1 2 0 0 0 0 0 0 2 0 0 0 
0 0 0 1 0 2 2 4 4 18 11 14 9 14 31 13 26 30 43 34 47 46 55 67 85 89 90 103 106 111 134 135 136 147 161 164 170 189 177 200 188 209 202 204 212 192 195 219 206 194 165 164 155 154 137 157 121 127 122 115 102 105 77 86 57 67 63 62 49 58 54 47 48 26 34 34 29 20 21 16 15 18 16 15 10 6 9 11 10 8 14 8 8 9 9 4 6 3 2 3 2 1 5 2 2 6 1 2 1 2 2 2 2 1 0 1 1 3 1 0 1 2 1 0 2 0 0 1 0 1 1 
0 0 0 0 1 4 6 3 5 6 8 17 3 16 15 30 36 25 38 66 59 64 76 83 79 89 109 140 149 160 119 161 167 186 200 192 184 175 186 222 216 210 230 216 193 193 187 169 183 161 164 174 181 134 143 100 116 129 112 113 91 92 83 67 72 63 44 50 46 48 40 33 36 19 26 26 24 19 15 18 16 16 10 15 9 6 10 10 7 10 6 5 7 5 6 3 4 2 5 1 0 3 2 0 1 2 1 0 0 0 0 0 1 2 1 0 0 0 0 0 0 0 0 0 0 0 0 
0 0 0 2 1 3 4 10 3 2 6 8 13 9 9 15 14 25 20 37 41 36 35 33 55 78 70 83 98 106 94 108 125 133 138 124 152 151 179 212 202 188 219 198 220 206 229 215 181 195 180 170 148 168 167 157 151 128 129 120 119 90 100 83 89 74 79 63 61 55 48 50 49 48 41 42 35 34 37 35 30 10 23 17 25 20 13 11 12 13 14 10 11 8 9 6 5 4 7 3 8 5 2 3 2 2 2 0 2 0 1 4 1 0 3 1 0 0 0 0 0 4 1 0 1 0 0 1 0 1 1 0 0 0 0 0 
0 0 1 0 3 6 9 2 4 10 27 10 8 14 18 26 23 36 38 39 43 46 60 61 87 104 77 116 116 108 113 135 161 164 163 187 181 196 205 220 232 196 211 224 189 186 230 190 192 173 166 161 162 154 141 124 107 125 139 109 82 81 79 74 78 57 66 70 56 52 42 39 42 35 28 36 23 20 21 20 17 13 8 18 11 11 11 11 8 7 7 7 7 5 6 3 4 5 4 2 6 3 2 2 4 1 0 0 2 0 3 4 1 1 2 2 1 0 1 2 1 1 0 1 1 1 0 1 0 0 0 0 
0 0 0 1 1 4 3 5 4 6 5 8 9 6 15 22 18 17 25 35 47 42 38 55 78 55 71 74 90 105 107 121 125 144 144 141 188 168 171 200 167 186 191 200 215 190 192 218 187 195 196 166 169 147 168 135 154 139 129 119 121 106 99 111 86 85 77 71 59 45 66 48 59 41 45 36 37 33 33 23 17 19 24 23 15 20 12 16 17 10 7 11 13 7 9 4 4 2 4 5 8 1 4 1 6 2 4 0 1 2 1 2 0 0 0 1 1 0 1 0 1 1 0 1 1 0 0 2 4 0 0 0 1 0 0 0 0 0 0 
0 0 1 3 2 5 2 5 5 10 14 17 11 9 23 20 19 44 33 35 30 46 62 73 75 85 95 111 112 116 107 170 171 158 161 183 188 185 198 194 195 195 166 182 206 173 198 179 185 175 166 190 148 156 151 150 128 121 105 104 99 103 97 72 70 62 55 67 50 45 57 33 45 46 46 30 28 23 19 23 17 12 18 16 10 23 14 15 5 4 5 3 6 4 10 4 9 6 6 3 4 1 2 3 2 2 4 1 2 1 4 1 2 3 1 1 2 3 2 0 3 0 0 0 0 0 0 0 0 0 0 
0 0 0 1 2 3 2 5 3 4 12 7 14 16 23 30 22 30 28 48 57 59 56 65 71 79 84 102 113 104 121 165 168 167 160 175 203 213 212 190 184 190 203 198 211 192 171 209 173 200 168 155 170 133 145 123 112 133 87 106 95 87 85 82 77 65 66 62 54 42 35 35 38 37 29 36 26 20 17 23 20 11 20 15 18 14 19 9 14 4 14 10 7 7 8 4 6 5 7 3 6 6 3 1 1 1 4 2 2 2 2 1 3 0 0 3 0 0 0 1 0 1 0 0 0 1 0 0 0 0 0 0 
0 0 1 0 2 5 1 5 3 7 6 6 15 11 23 8 4 27 26 15 31 33 44 41 51 53 80 65 91 82 74 90 118 149 143 152 161 183 153 166 198 178 220 207 179 226 212 195 175 184 179 179 153 185 189 146 144 149 132 131 115 115 106 97 108 108 74 56 68 65 54 60 68 40 41 37 37 33 38 33 24 18 16 11 17 7 15 13 9 15 10 14 9 9 4 9 14 8 10 4 5 1 2 10 2 4 2 3 1 0 0 3 1 3 4 2 0 0 1 0 0 0 1 0 0 0 1 0 0 0 0 0 0 
0 0 0 2 1 2 5 2 3 4 5 10 7 14 4 38 27 25 23 38 61 46 41 62 69 71 80 89 91 97 98 116 138 148 147 155 157 186 161 218 216 178 236 222 205 215 196 193 210 190 164 179 152 153 134 134 123 122 101 108 106 112 100 87 84 79 48 72 74 57 32 33 39 32 32 35 37 28 26 23 24 20 27 17 16 16 15 15 8 9 7 12 7 8 4 6 2 4 4 5 0 2 8 4 0 2 5 0 1 2 2 0 1 1 0 3 1 0 3 0 0 0 0 0 0 1 1 1 0 
0 0 0 0 2 5 4 4 11 5 10 26 4 19 11 24 25 33 37 32 35 47 61 70 83 100 88 125 110 117 112 150 148 159 158 183 190 207 198 201 222 213 191 212 187 212 189 188 179 179 163 161 156 155 155 148 131 118 102 99 92 86 76 76 58 42 60 58 51 48 39 44 27 42 39 19 24 22 27 21 23 10 19 15 15 17 13 13 3 7 10 4 10 1 10 10 1 1 2 4 4 4 0 2 2 1 1 3 4 0 1 2 2 2 3 1 2 0 3 1 2 0 1 2 0 1 0 1 0 
0 1 0 1 2 1 1 7 5 8 7 26 15 9 43 30 20 46 36 59 55 66 58 66 72 81 85 108 137 134 130 134 183 191 186 174 184 202 173 193 194 177 209 191 199 172 185 181 184 187 178 151 156 147 141 122 122 105 110 100 103 93 91 67 71 50 56 69 44 48 30 37 43 25 19 29 32 25 28 18 15 15 17 12 9 10 11 9 12 9 9 8 10 7 7 6 2 4 0 1 5 2 0 3 2 2 1 0 1 2 0 1 2 0 1 2 0 1 0 1 0 0 0 0 0 0 0 
0 0 0 3 2 1 3 5 4 10 10 21 12 20 16 14 18 20 29 33 48 46 54 55 72 79 72 95 100 88 116 141 132 144 160 163 177 183 180 179 199 198 222 210 196 198 203 204 189 196 185 180 157 165 175 143 147 134 118 116 121 73 104 95 72 92 82 51 65 54 62 44 39 47 43 33 37 30 24 10 16 22 11 24 16 11 11 14 7 5 11 8 10 9 10 3 2 7 3 4 1 3 4 3 0 1 2 0 4 2 1 0 2 0 4 0 1 0 0 0 1 1 0 0 0 0 0 1 0 0 1 1 0 0 0 
0 0 0 0 4 2 5 3 1 8 9 10 21 16 12 12 33 36 35 47 42 52 41 58 52 79 89 86 109 119 123 119 160 162 165 176 181 194 198 237 213 222 204 224 220 203 203 236 178 194 195 193 157 160 148 148 126 146 105 122 98 77 79 82 70 66 75 52 63 36 52 34 43 45 26 28 32 34 24 14 21 19 14 18 14 11 13 13 6 8 9 10 10 3 1 6 5 8 4 6 5 2 0 1 2 3 2 0 1 1 1 2 2 1 0 0 2 0 0 0 2 0 1 1 1 0 0 0 
0 0 0 2 10 3 6 1 7 7 13 7 7 8 33 12 22 22 43 35 38 45 47 59 69 87 71 79 91 132 125 138 150 154 162 172 180 178 191 185 198 192 192 211 196 212 186 223 198 184 158 194 170 161 149 140 128 111 128 120 102 95 102 96 84 88 61 81 62 53 42 58 35 39 25 31 26 32 18 24 22 20 25 18 17 10 11 12 7 10 5 11 6 6 5 1 6 4 7 6 2 5 5 3 3 2 2 3 1 3 1 1 1 0 1 0 2 0 1 1 1 0 0 0 0 0 1 0 0 0 0 0 0 2 0 
0 0 0 1 0 2 5 3 4 17 7 5 7 8 11 15 17 18 23 25 24 39 48 47 47 51 70 80 79 96 93 107 114 131 125 156 122 187 182 169 204 217 204 203 208 203 211 215 209 185 190 185 190 184 165 159 147 120 113 122 96 106 120 91 94 75 64 77 73 72 59 48 42 39 47 33 36 37 26 32 23 16 19 16 17 12 22 10 7 10 7 5 10 7 7 6 5 4 5 10 5 2 3 3 2 2 3 2 2 2 2 0 0 1 0 0 1 2 0 2 0 2 0 1 0 0 0 0 0 0 0 
0 0 0 2 3 7 2 0 3 7 10 6 7 18 22 17 10 26 28 36 40 32 39 51 63 63 58 85 90 83 100 104 120 132 135 164 144 173 166 186 181 186 198 218 198 209 181 199 218 205 181 166 149 168 154 169 158 152 117 127 105 100 93 109 88 88 71 73 67 59 56 58 61 48 36 33 45 36 23 35 31 24 22 16 12 15 12 18 14 17 12 8 12 11 10 3 10 3 9 6 5 5 2 4 7 4 2 3 2 3 2 1 4 2 0 3 1 0 1 1 2 0 0 1 0 1 0 0 0 0 0 0 0 0 
0 0 0 3 1 3 3 0 2 5 7 13 11 10 14 11 31 24 16 33 30 34 50 40 41 82 56 78 83 77 101 110 141 151 146 133 157 175 174 208 199 190 226 193 221 214 200 217 212 187 208 178 191 168 141 140 162 139 128 113 119 99 101 109 80 92 69 68 73 68 65 47 49 59 41 35 33 25 27 35 17 23 17 18 24 17 13 11 21 9 12 9 11 7 9 8 12 5 5 3 3 3 4 3 1 2 1 0 1 4 1 3 1 1 1 4 0 0 0 0 2 0 0 0 0 2 0 0 0 0 0 0 
0 0 0 1 2 2 2 4 2 2 4 2 9 12 13 14 12 15 29 27 30 28 28 33 38 34 50 58 74 64 81 98 98 99 114 133 148 143 146 174 148 177 159 174 201 185 212 195 185 190 206 204 197 187 191 151 177 148 162 131 141 138 118 126 90 99 97 85 77 72 80 66 60 46 42 39 48 34 41 30 30 26 26 20 25 15 16 17 13 18 12 15 16 11 6 10 5 4 8 4 2 4 6 3 1 3 2 4 6 3 4 3 1 1 0 0 1 1 0 2 1 1 1 0 0 0 1 1 0 0 0 0 1 0 0 
0 0 0 1 1 1 0 3 2 12 12 9 16 6 6 18 16 27 30 23 28 39 53 47 58 70 78 72 98 102 106 101 119 164 144 147 159 185 207 199 181 208 205 200 212 203 193 179 187 188 172 171 151 168 159 128 156 122 113 122 125 110 94 77 78 70 70 64 46 58 56 44 41 53 37 30 27 32 25 27 24 18 17 13 20 10 11 11 17 8 10 11 9 6 4 7 3 3 2 7 7 2 3 2 5 0 3 4 1 5 0 0 1 1 0 1 2 2 2 1 0 0 1 0 0 0 0 0 0 1 0 1 0 0 0 0 0 
0 0 1 1 2 1 0 2 5 6 6 19 9 11 17 27 26 23 22 45 55 47 54 64 66 81 104 103 122 110 100 135 141 166 173 163 179 169 196 210 182 177 186 217 214 217 177 184 200 194 178 170 142 136 156 153 123 144 117 126 107 89 91 74 86 74 72 59 52 49 46 65 33 41 37 24 30 27 30 15 15 21 10 20 14 14 13 11 9 7 10 7 9 9 9 7 5 3 6 3 4 5 2 2 2 1 1 1 1 2 3 0 1 2 1 2 0 0 1 1 0 3 1 0 0 0 0 2 0 0 0 0 1 
0 0 0 0 2 3 4 7 4 6 6 11 8 13 12 17 15 25 13 27 32 36 45 53 52 64 63 70 80 106 108 106 113 111 169 137 120 151 155 182 200 190 219 203 183 196 178 193 203 208 190 208 180 191 148 160 153 146 134 133 109 108 116 84 119 88 81 55 63 64 60 53 57 45 50 45 39 36 28 20 22 19 17 27 22 22 16 17 8 14 14 12 14 9 13 8 5 9 5 6 5 1 3 4 4 1 2 4 1 2 2 0 3 1 1 1 0 2 1 1 2 0 0 1 1 1 0 0 0 0 0 0 0 
0 0 2 0 2 3 3 3 2 8 10 12 19 14 23 23 43 29 49 63 44 50 44 69 92 77 93 79 103 118 149 139 146 142 189 190 177 187 187 184 187 192 215 202 200 182 174 194 171 165 177 178 141 138 133 122 117 107 95 125 85 91 80 82 87 70 56 66 58 50 48 45 42 35 36 25 31 30 23 18 14 16 20 16 11 18 6 7 11 9 11 15 11 10 6 5 5 7 9 4 4 1 5 4 3 6 1 0 2 3 1 0 1 0 0 0 2 1 1 2 0 0 0 1 0 0 2 0 0 
0 0 0 1 1 2 5 1 0 10 2 9 11 10 12 13 11 17 22 21 35 22 60 53 56 58 77 78 90 90 107 117 146 143 150 186 145 151 186 194 197 200 206 209 203 195 219 195 198 214 217 175 155 177 159 159 123 143 122 108 105 117 91 104 72 87 79 69 51 60 65 46 51 42 44 42 26 26 27 18 16 20 20 18 23 23 7 15 5 8 7 12 10 11 6 9 7 5 4 4 7 2 2 2 1 0 1 1 1 2 2 2 1 2 1 2 0 1 0 1 0 2 1 0 0 1 0 0 1 0 0 0 0 
0 0 0 1 4 2 1 4 2 4 6 14 11 24 11 19 24 22 33 41 31 37 63 63 60 93 82 88 92 100 112 112 142 151 174 158 168 196 216 188 193 199 185 209 190 184 184 170 193 166 183 176 165 140 168 125 139 124 110 101 105 92 94 85 93 60 61 65 68 51 45 46 44 36 40 32 29 31 32 29 25 22 11 14 21 15 11 9 4 13 9 8 6 6 5 9 5 4 3 5 8 0 7 1 2 4 0 1 1 2 0 1 2 0 0 2 0 1 2 1 1 0 0 0 0 0 1 0 0 0 0 0 0 0 1 1 0 
0 0 0 0 0 4 3 4 2 11 5 4 6 8 10 11 26 17 21 28 35 49 40 47 50 68 68 80 93 126 117 120 128 143 176 139 160 186 187 209 189 184 202 223 191 187 231 179 198 187 207 163 157 176 173 154 132 136 121 131 100 122 107 88 75 76 85 65 54 62 52 42 42 40 36 30 38 20 30 19 20 26 10 21 16 15 11 13 9 10 12 7 4 7 6 4 5 6 2 7 2 6 1 3 1 5 1 2 1 2 2 0 1 2 1 0 0 0 0 1 0 1 1 1 0 1 1 0 
0 0 0 0 8 3 2 8 5 12 10 10 15 17 11 23 18 25 32 36 46 47 46 50 81 73 75 103 118 120 145 124 136 155 164 164 214 178 172 206 180 194 216 217 201 198 206 212 179 164 159 147 142 177 140 147 130 124 111 81 101 108 86 76 82 64 63 64 49 54 47 50 47 40 34 36 28 25 27 29 23 21 23 16 18 11 5 9 8 8 8 4 5 14 5 6 3 6 5 4 4 5 6 2 3 1 2 1 0 4 1 1 2 1 0 1 0 0 0 0 1 0 1 0 0 0 0 1 0 0 1 
0 0 0 2 3 2 1 0 7 9 8 7 12 13 14 8 10 19 25 31 26 25 44 38 39 44 67 60 60 73 77 96 104 126 108 106 156 143 168 160 173 178 167 205 188 208 211 192 240 189 199 190 187 201 180 145 148 154 119 155 139 127 100 91 95 92 73 88 71 79 52 57 56 49 45 44 42 28 31 31 31 29 26 21 29 20 21 8 14 9 14 12 6 8 4 9 7 2 8 3 4 2 5 7 4 5 3 0 1 4 2 2 1 2 0 2 1 2 0 0 1 3 3 1 2 1 0 1 0 0 0 0 1 0 1 1 0 0 1 0 
0 0 0 1 0 3 7 5 3 6 7 9 13 22 13 18 27 32 36 36 44 44 51 57 64 79 88 101 125 121 119 127 137 164 164 193 188 185 178 205 203 230 228 215 232 209 204 191 220 194 179 156 189 164 153 150 128 118 104 126 100 89 86 62 88 55 62 57 47 56 58 40 44 42 31 32 28 25 19 21 18 18 12 15 11 13 10 10 4 6 14 11 10 5 8 3 2 3 5 6 3 2 1 3 4 2 1 1 2 0 0 0 0 0 0 1 1 0 0 0 1 0 0 1 0 0 0 0 
0 0 0 0 3 5 2 4 4 10 11 11 7 16 19 24 43 12 32 46 41 59 51 56 68 66 74 83 97 115 117 106 121 169 162 161 185 183 195 208 183 205 201 205 195 193 181 194 198 174 185 153 161 176 142 139 147 117 133 117 110 95 85 99 81 74 70 62 48 58 60 43 48 34 27 34 26 22 32 30 25 16 15 19 13 12 8 12 11 11 5 6 10 11 12 8 4 10 6 3 7 3 4 2 2 2 0 1 1 3 2 4 3 2 1 1 2 0 1 0 0 1 0 1 0 2 2 0 1 1 0 0 1 
0 0 1 1 3 2 6 1 1 7 10 6 11 18 10 20 27 30 25 31 43 43 47 56 55 57 99 83 75 85 123 108 136 146 121 179 192 170 205 185 216 238 183 194 215 182 213 188 198 162 162 183 166 154 157 160 138 134 126 126 113 97 87 99 66 79 75 66 44 38 47 45 49 42 43 40 27 30 23 30 16 17 17 13 17 15 16 8 13 5 9 6 9 9 4 4 5 5 3 1 5 5 2 4 3 1 0 2 1 4 1 0 2 1 2 0 0 1 0 0 2 1 0 0 1 1 1 1 1 
0 0 0 1 0 3 3 4 5 11 10 8 19 15 17 7 20 45 36 39 49 32 63 51 53 58 97 78 101 118 106 120 142 165 172 156 186 186 173 191 195 213 198 207 191 233 207 202 196 179 160 173 148 161 153 157 159 128 118 102 102 85 98 101 82 71 60 89 47 65 35 48 37 50 50 43 33 30 30 31 27 16 23 18 22 10 18 15 15 10 8 10 7 2 10 4 4 3 2 4 7 5 1 1 5 0 4 1 1 1 0 0 2 3 3 2 1 1 1 0 1 0 0 3 1 0 0 0 0 0 1 0 0 0 
0 0 0 1 2 6 7 5 5 6 11 12 10 10 11 19 21 27 19 35 31 46 45 39 56 70 61 88 76 107 118 112 138 135 132 152 155 187 184 181 209 194 209 200 202 193 209 200 196 185 205 165 196 176 159 139 152 130 120 104 117 98 89 80 75 72 77 59 57 51 45 49 52 48 47 29 30 23 33 21 18 20 16 20 19 18 17 11 16 17 11 11 3 11 7 9 9 9 3 6 6 4 4 5 4 1 6 1 3 0 3 8 2 2 1 1 3 1 0 1 0 0 1 2 0 0 2 0 0 0 2 1 1 0 1 1 0 
0 0 1 0 3 1 4 7 6 5 4 13 10 18 23 28 12 24 17 35 42 57 43 61 78 74 68 66 88 106 113 138 129 149 143 152 194 167 196 190 201 188 196 199 200 205 200 189 179 191 193 196 177 166 162 139 139 135 107 117 119 103 97 78 76 84 72 63 57 44 55 47 44 51 35 32 36 25 32 23 30 27 21 14 16 14 17 16 15 9 11 7 8 7 9 12 10 6 4 5 6 4 1 5 4 3 2 2 1 1 1 2 3 1 2 0 1 2 3 0 0 1 2 0 2 0 0 0 0 0 0 2 0 
0 0 0 1 7 2 3 5 6 12 9 8 9 29 23 17 27 27 25 46 36 41 46 55 57 74 70 104 95 107 108 109 121 119 160 157 153 184 156 196 186 228 197 213 223 226 192 212 195 178 174 186 143 154 147 147 148 126 127 113 111 119 102 92 87 76 81 59 52 52 49 57 55 49 43 30 25 37 17 16 14 21 15 13 22 8 17 23 12 6 6 14 9 10 6 9 4 9 4 3 2 3 2 3 2 3 1 1 2 0 2 1 1 0 2 1 2 0 0 1 3 0 0 1 1 0 0 1 0 0 1 0 
0 0 0 0 1 3 0 3 8 9 10 9 18 8 16 17 29 36 34 32 44 57 64 66 83 96 83 88 96 113 119 136 158 172 150 169 181 184 187 197 209 199 192 198 193 220 207 194 183 187 173 156 171 158 133 122 123 105 116 79 111 72 84 88 67 56 77 55 43 45 56 46 35 43 33 33 29 29 23 22 12 14 19 16 12 12 13 10 15 5 14 5 7 4 9 5 5 2 7 3 3 3 2 2 4 3 2 2 2 1 1 0 0 1 1 1 1 0 0 0 2 2 0 0 1 0 0 0 0 1 0 
0 0 0 0 2 0 3 7 4 5 9 9 13 12 7 19 10 16 20 28 38 27 60 56 72 69 71 73 85 107 118 106 125 154 171 158 152 168 178 170 223 209 198 198 204 220 222 228 201 178 191 165 176 159 155 132 144 138 145 109 123 101 99 109 75 65 79 66 59 60 59 43 37 42 31 33 31 28 33 24 28 23 18 24 9 9 19 15 12 15 7 4 6 8 5 6 8 7 3 8 1 5 5 4 3 3 3 1 2 0 0 3 1 4 5 0 1 0 0 1 1 0 0 1 1 0 0 0 0 1 0 0 1 0 0 
0 0 2 1 4 8 1 1 13 9 6 13 14 14 21 18 28 33 25 36 39 44 45 49 54 48 84 89 97 111 96 128 135 155 124 181 163 169 169 195 196 185 152 193 205 185 202 197 191 186 168 182 189 146 147 123 162 123 109 116 112 120 87 103 74 73 65 59 50 56 43 43 31 40 38 48 28 25 27 20 31 24 10 24 22 14 11 16 12 11 10 10 10 7 13 8 5 2 4 3 7 4 1 4 0 0 2 2 2 0 1 2 0 2 1 0 2 1 2 1 0 0 1 1 0 0 0 0 1 0 1 0 0 
0 0 1 1 3 1 0 1 4 6 7 7 10 26 25 13 22 20 30 26 36 44 49 49 65 86 65 81 89 91 99 109 121 136 156 175 156 173 166 200 201 199 208 206 217 239 186 170 224 186 171 192 176 154 157 157 133 136 110 119 102 97 109 98 85 87 68 83 64 59 46 43 46 46 42 35 41 29 24 24 20 22 20 15 14 18 12 11 20 11 8 9 15 6 8 9 8 4 6 3 8 2 8 5 2 2 2 2 0 1 4 1 1 2 1 1 1 0 0 0 1 1 0 1 3 0 0 0 0 0 0 0 1 0 0 0 0 
0 0 0 0 4 4 0 5 6 7 7 7 1 15 12 16 19 19 37 31 43 29 51 53 52 75 79 98 82 106 99 101 121 141 165 185 178 181 164 167 192 178 218 190 189 211 170 210 177 169 175 161 152 182 139 158 153 126 143 135 112 108 96 85 102 75 72 64 66 65 50 51 43 35 34 43 34 39 25 26 20 20 25 14 15 14 18 13 14 17 13 3 10 7 6 5 5 12 5 3 5 2 2 2 1 2 3 2 1 2 1 1 0 1 0 0 0 0 3 1 1 0 0 1 1 0 0 1 1 0 0 0 0 0 0 
0 0 0 1 2 3 5 6 5 11 10 12 20 24 20 23 28 26 40 35 45 65 70 72 60 81 74 118 124 128 137 181 136 148 176 189 180 170 189 186 215 194 237 207 209 226 201 176 201 165 188 176 150 146 155 145 154 135 104 116 106 84 96 81 58 75 55 56 51 57 43 36 35 44 21 30 24 34 25 22 19 13 23 9 7 13 11 10 12 11 10 7 6 7 4 4 8 7 4 4 2 3 3 3 2 2 0 4 3 2 0 4 1 0 0 2 0 0 0 0 2 0 0 0 0 0 0 0 0 0 0 
0 0 1 2 2 1 4 1 2 0 2 10 19 7 14 24 16 30 32 44 30 43 43 64 73 58 61 75 89 96 94 128 122 152 147 179 188 170 207 193 223 190 182 242 216 224 193 186 188 224 184 169 148 153 131 149 144 134 120 128 106 89 94 93 94 75 71 69 58 49 50 61 51 46 41 38 40 40 27 16 19 22 23 18 17 11 13 12 11 5 10 10 4 11 8 9 12 9 3 2 3 4 1 1 5 1 2 0 2 1 2 1 1 0 3 0 4 1 0 0 0 0 1 0 0 0 0 1 0 2 
0 0 0 2 2 3 7 5 10 5 8 6 13 11 11 27 14 18 33 37 41 47 44 42 58 66 86 77 93 126 107 148 156 159 165 161 158 195 191 226 204 195 201 183 222 209 207 181 210 189 203 187 162 158 140 161 140 112 119 118 119 123 79 107 83 62 79 64 54 37 37 44 39 40 41 30 19 20 16 19 32 24 19 17 13 12 15 16 14 10 10 7 6 10 6 6 3 3 2 6 5 6 2 3 2 2 3 1 2 0 2 1 2 2 0 0 0 1 0 0 1 0 1 0 0 0 0 0 0 0 0 0 0 
0 0 0 0 2 5 2 2 8 10 7 7 15 14 9 20 22 27 28 20 29 63 36 52 60 59 68 81 101 88 102 119 115 150 152 137 163 173 176 207 205 231 188 201 217 209 223 195 213 198 197 195 183 162 174 183 154 149 118 124 103 113 108 95 90 80 65 81 70 49 46 60 53 41 36 33 32 38 43 32 19 23 16 15 14 12 19 10 16 8 15 5 4 10 9 3 4 6 5 5 2 5 5 3 3 2 1 1 7 1 2 2 2 1 2 1 2 0 0 2 0 1 1 0 0 1 1 1 0 1 
0 0 2 1 0 1 6 2 5 11 6 6 12 7 14 17 21 26 24 35 26 51 40 57 61 71 65 91 71 88 102 115 119 147 155 151 185 162 191 208 181 203 191 209 207 188 184 182 173 197 184 177 160 180 181 156 145 127 133 119 112 108 99 93 99 99 75 62 54 72 48 66 51 39 39 35 37 35 27 31 14 17 17 20 19 12 14 9 13 18 13 8 5 4 10 4 5 9 5 5 2 5 1 3 2 2 1 1 1 4 2 2 0 4 1 0 1 1 1 0 0 0 0 0 0 1 0 0 0 1 1 0 
0 0 0 1 4 4 8 6 12 9 10 10 12 19 17 18 32 24 39 45 35 55 54 60 64 62 76 103 97 112 130 149 144 142 169 160 185 171 211 197 210 221 204 207 213 197 215 209 202 156 175 166 169 145 143 130 120 130 126 123 102 101 80 85 82 72 75 69 57 44 59 44 38 35 33 38 31 23 26 17 24 20 16 19 11 17 12 10 6 7 9 8 6 2 8 3 2 3 8 4 2 4 5 0 2 1 0 1 3 1 0 2 0 1 1 1 0 1 1 0 0 1 0 2 1 0 0 0 0 0 0 1 1 0 
0 0 0 1 2 3 0 3 2 5 3 8 3 28 16 21 26 18 32 41 30 50 61 45 68 73 93 79 116 110 119 124 160 132 157 168 182 179 191 213 199 188 206 192 221 193 212 184 200 185 170 170 197 155 142 137 138 109 109 94 101 63 94 74 84 72 62 56 66 46 47 54 42 40 29 39 26 23 19 24 18 8 16 18 17 5 19 7 12 10 7 5 6 6 4 5 4 6 3 3 1 0 2 3 1 1 5 2 0 0 1 1 0 0 1 0 0 3 1 0 1 0 0 0 0 0 0 0 0 0 1 1 0 0 
0 0 0 1 3 1 6 7 2 13 14 8 13 19 21 12 19 18 44 28 34 45 51 69 54 55 100 94 116 92 120 116 142 158 150 180 169 185 169 199 177 190 200 179 220 207 192 221 183 176 186 173 163 144 149 118 121 136 119 120 126 85 92 98 71 78 75 54 53 45 55 51 44 39 34 28 30 29 15 23 21 19 8 13 19 10 10 8 10 10 15 8 13 11 9 7 7 7 4 3 8 7 3 1 0 5 2 0 0 2 2 3 0 1 1 1 3 2 0 1 1 0 1 0 0 0 1 0 0 0 1 1 
0 0 0 1 1 0 2 5 8 6 3 5 12 5 9 29 28 18 26 33 36 28 43 46 68 57 60 88 84 91 99 101 132 143 139 147 156 147 172 173 196 220 191 199 195 206 226 215 202 192 197 148 180 191 172 167 158 144 134 133 125 136 101 99 73 74 77 90 63 63 56 59 43 47 49 32 26 34 33 33 23 20 25 23 16 20 9 18 11 11 9 14 4 7 3 4 8 7 8 3 6 1 4 3 0 3 3 0 1 2 2 3 2 1 0 1 5 0 1 0 1 2 0 1 1 0 0 0 1 1 0 0 0 0 1 
0 0 0 2 1 1 4 4 5 4 2 14 12 13 13 19 15 27 21 32 37 45 52 60 78 62 62 90 107 128 128 142 141 161 169 179 197 184 208 182 193 205 218 199 197 199 207 211 201 177 199 191 152 146 147 142 144 119 102 118 118 114 105 87 74 64 68 67 60 52 58 46 44 37 29 33 34 27 30 13 34 28 25 21 20 17 9 9 9 6 8 7 6 8 6 3 4 10 3 4 6 4 1 4 3 3 0 3 1 1 3 0 1 0 1 0 2 0 0 0 0 0 1 1 0 0 0 0 0 0 
0 0 0 0 0 5 2 2 2 5 5 10 4 6 10 14 15 15 14 24 27 45 38 46 54 55 82 66 80 92 97 108 123 136 152 150 180 175 155 218 196 215 208 204 188 197 195 212 208 203 194 198 174 177 161 187 161 133 123 113 121 113 103 114 125 105 91 71 91 57 51 54 57 48 49 39 41 35 27 24 21 21 29 19 23 16 21 19 13 13 6 11 9 12 3 7 5 7 4 4 6 4 5 3 2 3 0 2 2 3 0 2 3 2 2 0 0 1 0 0 2 0 0 0 1 1 0 0 0 1 0 0 
0 0 1 3 3 1 1 3 8 2 8 3 5 10 19 18 18 26 28 21 31 31 40 61 49 62 64 88 89 100 100 125 147 119 155 172 178 172 195 178 233 209 215 201 219 214 225 199 190 183 194 198 184 168 172 155 156 124 100 103 109 121 102 80 85 94 78 76 62 56 59 51 41 46 51 34 33 26 27 19 26 21 21 25 18 18 12 16 12 9 7 19 6 4 6 3 1 5 7 3 5 5 5 2 2 0 2 2 2 4 1 0 0 3 4 1 0 3 1 0 0 0 0 0 0 0 0 1 1 1 0 1 1 
0 0 2 0 3 1 5 6 5 5 5 14 12 15 17 21 37 34 34 41 62 57 43 81 85 86 95 96 95 154 136 141 171 187 170 179 217 219 207 193 233 220 195 183 220 234 212 177 190 188 180 173 134 126 152 128 121 113 105 127 105 83 82 88 55 79 53 57 53 44 44 43 30 34 34 31 30 25 23 20 22 19 15 16 16 7 10 7 8 11 7 7 7 6 5 4 12 4 4 4 5 1 1 3 0 1 2 4 1 4 3 2 0 0 0 0 1 0 0 0 2 0 1 1 0 0 0 1 0 0 
0 0 0 3 0 4 1 4 7 3 18 10 20 10 30 24 20 18 35 52 42 65 51 71 72 108 109 125 122 162 145 189 167 186 182 195 213 212 244 219 195 199 189 247 223 194 198 195 200 168 148 165 158 158 119 123 125 104 107 115 97 84 88 91 63 45 62 51 51 33 51 29 39 40 26 31 26 24 31 17 18 18 10 15 11 13 15 5 18 14 11 8 6 4 4 7 1 1 7 7 0 2 6 1 1 2 1 1 3 1 0 0 0 1 1 0 0 1 1 1 1 2 0 0 1 1 0 0 1 0 0 1 0 0 0 
0 0 0 4 2 1 12 3 8 7 4 14 11 25 25 21 33 33 34 54 42 43 60 68 92 110 89 99 113 123 144 154 171 188 187 203 190 177 217 223 202 197 213 195 227 211 177 203 182 186 167 156 173 144 144 130 126 119 101 98 90 91 84 64 67 72 51 48 52 36 35 40 40 44 28 27 24 29 28 20 19 21 20 18 9 17 7 13 6 10 5 6 6 6 2 5 6 4 0 10 5 2 1 6 3 1 2 2 1 2 2 2 2 2 0 0 0 2 0 1 0 1 2 0 0 0 0 0 0 0 0 
0 0 0 3 1 1 3 4 22 6 7 13 7 19 21 22 27 24 35 26 49 41 57 65 76 70 80 96 105 117 124 133 135 150 163 197 187 179 181 201 164 190 173 224 225 184 239 202 182 171 181 190 145 155 142 142 140 130 130 116 109 86 70 84 74 66 78 57 51 53 55 35 38 30 36 31 27 26 30 28 22 24 11 23 19 16 12 13 13 3 9 0 12 7 4 2 7 5 3 4 4 5 4 4 3 3 2 1 3 1 0 1 1 1 3 1 1 0 0 1 1 0 1 0 1 1 0 0 0 
0 0 0 2 5 1 3 2 5 4 5 6 5 21 7 24 32 19 33 48 27 47 53 71 78 91 92 94 105 110 109 151 134 170 194 177 173 199 201 168 193 206 223 230 212 230 213 220 196 203 182 191 152 184 122 127 123 121 112 113 92 96 88 87 63 58 66 47 49 51 40 42 40 27 37 37 26 31 26 29 25 15 23 17 9 12 14 14 15 13 10 15 10 6 6 5 4 6 5 5 4 3 1 1 5 2 0 1 1 4 3 1 2 1 2 0 1 1 0 0 2 2 1 0 0 0 0 0 0 
0 0 0 1 2 2 2 5 2 6 18 10 11 11 10 18 53 23 38 38 59 59 76 80 101 93 98 123 131 129 179 158 162 181 179 189 207 198 213 208 209 182 187 210 221 226 168 191 186 177 162 149 160 140 128 125 125 115 96 81 99 89 75 68 69 61 43 49 35 49 50 33 31 35 40 28 25 22 19 19 20 22 15 16 11 15 10 15 6 8 5 6 12 4 9 4 5 4 3 1 2 6 4 4 4 1 1 1 1 1 0 0 1 0 1 1 0 0 2 0 1 0 0 0 0 0 0 
0 0 1 3 1 4 4 2 8 8 11 11 15 10 21 13 20 26 25 32 48 47 43 45 58 65 80 84 82 99 108 128 130 151 143 133 160 171 186 199 203 197 196 211 207 212 208 219 213 197 186 171 171 171 159 140 148 128 155 114 95 125 102 95 86 82 63 74 61 64 47 57 36 45 34 48 35 32 24 27 21 24 20 23 15 13 19 11 10 12 17 15 13 4 5 2 6 6 8 1 6 3 9 3 2 7 3 3 3 2 1 0 1 3 0 2 2 2 1 0 2 0 0 0 1 0 0 0 1 2 0 1 0 0 
0 0 0 1 2 3 2 4 7 8 8 14 16 15 22 27 17 25 22 54 60 38 46 56 59 76 100 79 96 96 117 142 123 150 176 177 160 184 172 222 219 204 210 207 194 200 211 195 164 163 192 170 164 164 128 157 141 137 150 135 110 87 95 78 74 79 66 71 58 55 58 51 43 38 40 24 26 26 34 21 28 23 16 14 13 16 15 13 12 5 4 9 3 6 4 11 7 2 9 5 7 6 1 3 2 3 4 0 4 2 0 1 0 1 0 1 1 0 0 2 1 0 2 2 2 0 0 1 1 0 0 1 0 
0 0 0 1 3 1 4 3 1 4 3 9 18 13 16 9 26 26 43 45 41 40 57 48 58 82 78 77 98 117 117 126 137 154 142 170 173 179 205 205 187 241 204 206 213 202 212 204 184 186 190 151 179 175 167 139 138 137 149 119 125 101 91 87 78 80 59 68 78 50 50 36 44 33 36 40 41 35 36 22 15 18 27 18 18 17 18 13 16 20 16 6 5 7 7 7 4 6 4 6 4 2 4 3 2 4 1 2 3 2 2 3 2 1 2 1 1 0 1 2 0 0 0 1 1 0 1 1 1 1 0 0 0 
0 0 1 1 2 2 1 3 3 4 25 4 16 18 18 26 21 28 40 45 56 61 51 76 90 101 103 116 108 126 127 155 179 186 174 176 149 190 220 212 202 200 246 227 211 209 192 183 185 170 181 171 168 137 149 113 136 117 97 97 95 77 81 61 53 77 52 47 48 45 54 40 25 32 35 30 29 22 17 17 20 19 19 12 15 14 13 10 7 5 14 9 4 5 3 8 7 3 4 1 8 5 2 4 1 2 1 1 3 3 2 3 1 3 1 0 0 1 0 1 2 0 0 0 0 1 0 0 0 0 0 1 
0 0 0 0 3 1 4 8 5 4 13 11 8 18 25 19 23 26 26 42 49 48 68 73 73 98 108 115 113 130 141 146 146 167 182 167 188 211 209 174 226 202 209 196 216 195 196 180 189 174 171 160 183 161 177 124 123 118 121 109 105 86 101 80 75 69 56 64 50 40 49 34 42 34 43 28 33 22 19 18 16 16 23 15 10 14 7 9 10 15 15 10 3 5 3 7 6 8 3 4 5 5 2 2 3 0 1 0 2 1 1 2 1 1 0 1 0 1 0 1 0 0 2 0 0 0 0 0 0 0 
0 0 0 2 1 1 7 9 3 4 7 11 11 13 20 25 13 20 21 31 41 44 39 54 59 69 62 81 79 105 112 130 111 131 174 132 151 196 172 175 188 218 202 196 188 199 173 196 193 186 185 172 189 149 142 159 158 125 127 112 107 98 103 95 79 73 60 75 58 59 42 45 39 35 36 31 31 35 40 20 20 19 23 16 11 20 14 11 10 12 1 8 12 6 10 7 8 6 6 3 2 6 5 3 2 1 2 2 0 1 3 1 3 0 1 0 1 0 1 0 2 1 0 0 1 0 0 0 1 0 0 1 1 
0 0 0 1 0 2 3 3 3 6 6 6 12 6 21 22 17 21 29 24 39 33 37 41 47 56 70 82 79 102 113 133 108 140 131 164 147 187 192 175 190 199 217 212 221 195 210 197 210 183 195 166 180 165 165 158 165 140 147 143 123 128 115 100 90 97 85 77 62 72 60 63 51 46 43 30 38 34 35 30 26 22 28 26 19 11 10 15 16 12 9 15 6 7 4 4 3 4 5 5 5 8 5 0 1 1 5 1 2 3 1 1 3 1 1 0 0 0 0 1 0 1 0 2 0 2 0 1 1 2 0 0 0 2 0 0 0 
0 0 0 4 4 1 4 3 6 4 4 9 8 11 20 13 23 17 29 33 39 42 52 43 65 94 71 94 97 115 88 140 120 148 169 170 196 181 175 178 208 193 215 199 210 205 209 194 208 173 197 169 199 179 150 163 129 138 137 129 116 99 112 87 67 81 76 63 49 48 61 47 37 48 44 34 28 24 36 28 25 20 17 22 16 11 17 12 18 10 7 13 6 5 7 7 5 5 4 0 5 2 2 4 2 3 1 2 1 2 1 0 1 3 0 0 1 1 0 0 0 0 0 0 1 1 1 0 0 0 0 0 1 0 0 
0 0 0 0 4 2 3 3 7 7 25 10 12 10 23 27 26 25 30 49 41 68 53 71 81 74 102 90 123 134 122 142 166 167 149 197 214 207 182 190 194 215 228 213 210 192 201 213 182 188 172 168 149 140 146 145 123 118 117 106 102 94 93 90 72 54 72 69 54 50 44 50 43 33 27 29 22 26 24 21 23 19 13 12 12 13 4 4 5 6 6 12 9 2 7 1 2 7 2 0 2 3 2 1 1 1 1 1 2 1 0 3 0 1 2 0 0 1 0 1 0 1 1 0 1 0 1 
0 0 0 0 2 2 5 2 2 4 4 14 11 4 12 20 10 16 23 28 40 35 36 37 72 74 66 69 78 92 87 128 141 116 139 128 175 148 184 205 185 232 220 195 190 220 206 203 215 186 187 174 186 169 166 149 159 143 122 125 121 109 87 86 88 87 79 78 73 56 57 43 30 36 39 35 41 27 35 33 25 29 22 23 19 17 22 14 15 9 11 12 14 7 8 7 7 6 7 7 5 2 7 0 1 5 2 4 4 1 3 1 1 1 1 3 0 1 0 1 0 1 1 0 0 1 0 1 0 0 1 1 0 0 0 1 0 
0 0 0 3 0 2 11 0 3 6 13 11 14 17 25 22 40 33 51 38 50 71 68 66 72 101 83 106 107 131 121 143 159 161 147 159 183 232 192 208 198 193 205 222 226 189 206 190 200 161 157 155 170 173 137 116 106 137 102 94 101 87 80 93 63 80 66 52 56 53 43 45 50 32 40 24 27 22 22 22 21 17 14 12 12 13 8 15 10 7 6 4 9 5 2 4 5 4 1 1 3 4 1 3 2 3 0 1 1 0 1 1 1 3 3 0 1 3 1 0 0 1 1 2 0 0 0 0 0 1 0 0 0 
0 0 0 2 1 0 3 5 4 23 7 12 15 13 25 25 30 30 34 37 47 56 68 70 56 86 95 111 118 108 140 136 163 145 172 159 171 197 183 209 199 181 199 185 197 208 217 208 156 189 145 195 163 171 156 146 132 138 106 97 106 91 73 99 95 68 59 60 55 50 56 49 29 41 32 40 30 25 15 22 23 19 14 21 17 20 20 9 11 10 10 3 5 7 5 6 6 6 4 2 4 6 2 2 1 1 3 3 2 1 0 1 1 1 0 1 2 0 0 0 4 2 0 0 0 0 0 0 0 0 
0 0 1 0 2 4 4 2 3 6 6 5 8 7 8 19 15 26 32 21 36 48 38 59 68 79 70 88 100 120 116 130 124 142 162 150 158 184 194 186 199 201 197 225 208 197 197 213 206 204 176 176 161 171 163 155 162 121 141 116 104 104 103 103 98 80 66 64 57 61 45 60 43 37 41 39 29 44 27 36 19 22 18 19 13 13 16 21 22 10 6 11 9 8 8 8 5 3 6 4 4 1 0 4 2 0 1 2 2 0 1 5 2 0 2 1 0 1 0 1 0 0 0 0 0 0 0 1 0 0 0 1 0 
0 0 0 0 1 3 3 5 2 3 7 13 4 23 12 14 16 24 27 39 27 33 51 41 59 68 67 73 91 98 96 111 124 150 137 147 174 167 166 177 180 208 203 221 191 211 176 197 230 206 202 203 168 154 176 165 155 140 153 122 125 118 89 107 85 89 74 66 61 62 75 51 39 32 31 39 30 35 44 31 22 23 15 26 25 15 19 12 10 8 15 9 10 12 9 5 4 6 5 5 1 3 1 3 2 3 2 2 1 2 3 4 4 0 1 3 2 1 0 0 0 1 0 0 0 0 1 0 0 0 0 1 0 0 0 0 0 
0 0 0 0 2 2 4 11 0 11 9 15 16 13 17 14 28 31 39 39 31 36 66 66 72 51 73 79 109 106 113 121 136 159 153 142 199 201 179 199 197 225 218 220 205 215 183 183 187 168 186 192 168 179 150 157 132 119 124 107 98 91 102 88 79 76 76 61 68 61 54 34 45 47 23 41 32 31 27 34 23 27 11 18 19 13 15 13 7 13 10 7 7 9 8 7 4 4 6 2 2 3 4 2 5 0 3 2 1 4 1 0 2 1 1 2 2 2 1 1 1 4 1 1 0 0 0 0 0 2 
0 0 1 0 2 3 6 9 5 5 6 8 12 18 10 37 22 33 32 40 44 58 71 80 77 96 118 108 111 146 139 126 156 158 199 171 165 162 191 215 216 221 208 200 200 198 181 227 190 201 154 175 127 167 128 132 126 116 111 110 85 81 78 85 67 66 58 55 53 46 46 47 29 30 30 26 24 29 17 18 22 30 20 14 16 24 7 16 6 6 4 6 7 2 3 4 4 2 5 3 3 4 5 1 4 2 0 1 1 2 0 2 0 0 1 0 0 1 3 0 1 0 0 0 1 
0 0 0 4 2 1 3 8 3 10 6 14 7 16 10 24 23 27 37 48 40 46 50 93 67 74 79 98 124 112 127 113 152 194 177 179 171 189 213 200 186 213 245 188 191 206 204 183 168 204 163 171 153 148 146 135 117 135 118 120 117 94 103 90 55 67 61 61 58 59 52 43 45 34 39 42 35 22 25 30 24 26 18 15 12 13 13 5 12 12 11 8 12 5 5 5 5 10 6 2 4 4 0 4 2 4 1 0 1 1 3 1 0 0 0 0 0 2 1 0 0 0 0 1 3 1 0 0 1 
0 0 0 0 1 3 2 4 3 10 17 8 25 19 21 23 18 41 60 55 45 57 65 80 81 88 101 120 131 106 157 146 166 167 188 224 209 160 190 203 205 198 220 223 171 198 203 211 174 191 157 181 147 144 131 148 112 112 95 107 88 101 76 89 59 61 57 56 39 60 47 46 51 33 29 27 26 20 23 24 19 22 20 14 14 10 10 5 9 12 8 7 8 5 7 4 3 2 1 2 5 4 4 2 2 0 1 2 2 3 2 2 0 2 1 1 1 1 1 0 1 1 0 1 1 2 0 0 0 0 0 0 
0 0 1 0 0 3 8 3 2 4 4 5 8 15 11 17 17 23 36 15 26 52 38 54 73 75 62 77 108 92 104 136 106 169 168 158 176 185 184 180 199 220 215 194 204 212 209 198 226 188 191 193 172 186 168 166 135 126 127 140 114 112 112 95 71 84 66 64 59 63 46 52 48 43 37 34 39 36 26 21 16 25 14 22 17 14 10 20 13 8 8 8 8 7 4 10 7 7 2 6 6 5 7 2 4 6 1 2 1 2 1 0 0 1 1 1 0 0 2 0 1 0 0 1 0 0 0 0 0 0 0 1 0 
0 0 0 3 1 4 2 1 2 2 2 7 16 23 12 10 23 39 35 17 22 34 42 45 64 70 70 80 87 91 121 116 121 139 144 143 170 185 190 213 197 180 190 214 220 219 202 211 193 198 195 162 189 146 161 165 145 124 158 131 109 119 117 112 81 94 68 87 68 63 47 61 56 47 42 35 30 38 26 29 32 19 24 26 22 14 12 12 10 9 7 15 6 12 9 6 5 9 4 8 5 9 5 7 2 2 4 2 1 1 2 1 1 3 0 1 1 1 0 1 0 1 0 0 0 0 0 1 1 2 0 0 0 
0 0 0 2 0 2 3 1 3 4 7 9 13 11 8 12 33 31 24 22 35 37 43 41 63 61 60 82 98 107 124 136 130 138 158 133 169 170 189 185 199 212 197 214 191 231 206 189 197 186 197 185 209 169 168 158 132 128 132 120 135 113 100 99 90 90 75 66 70 64 61 55 48 48 40 44 43 37 32 34 17 20 12 25 14 14 15 8 18 10 5 12 9 7 5 7 13 5 12 3 6 7 2 4 3 4 1 1 2 0 2 2 1 1 2 0 2 0 1 1 1 1 0 0 1 1 2 0 0 0 0 1 0 0 0 
0 0 0 0 1 4 4 3 5 9 9 17 9 14 25 23 24 33 29 46 39 38 67 62 60 60 93 96 100 109 128 141 163 161 147 186 194 174 182 194 199 213 184 173 222 228 190 188 196 201 183 180 169 149 147 146 132 137 133 117 110 97 97 98 63 79 81 61 70 46 42 34 45 45 34 30 36 22 18 15 24 18 24 14 11 13 19 13 15 12 8 6 4 12 5 3 7 8 4 5 4 7 1 4 3 1 2 0 2 3 2 0 1 1 0 2 3 1 0 2 0 2 0 0 0 0 0 1 0 0 1 2 0 0 0 0 0 0 
0 0 0 3 3 0 3 8 5 3 5 9 14 11 23 7 21 19 31 38 42 50 53 52 65 66 83 100 88 121 109 132 148 134 198 150 161 193 213 206 186 195 235 206 210 204 214 197 170 184 212 170 185 166 137 137 128 133 115 131 110 95 96 100 80 59 62 57 54 55 62 45 48 35 44 24 25 34 27 27 23 18 18 20 16 7 14 8 3 8 5 3 4 4 4 1 5 3 2 4 5 4 5 1 7 1 0 5 3 3 2 3 2 0 0 1 0 0 0 1 0 2 0 1 0 1 1 0 0 0 0 0 
0 0 0 0 2 2 2 2 3 9 11 9 6 17 16 21 32 30 41 57 51 71 71 73 76 93 88 117 124 124 148 162 145 181 205 170 188 193 197 178 202 187 206 225 200 203 194 202 186 176 152 171 157 133 151 112 125 123 116 103 85 94 92 65 67 58 64 59 54 46 45 37 29 39 36 30 25 25 12 18 15 13 25 10 18 13 13 12 13 7 7 9 4 5 7 5 1 4 3 4 4 2 1 3 3 0 3 1 3 3 1 0 3 0 2 1 3 0 1 0 0 0 0 1 1 0 1 1 1 
0 0 0 2 2 4 1 5 3 10 3 8 5 7 12 14 17 23 33 36 32 38 40 59 67 57 72 72 71 91 107 106 120 143 177 167 181 157 178 207 204 192 190 218 195 180 215 190 193 196 208 190 193 163 166 177 142 123 128 115 132 124 116 95 83 81 84 74 66 64 59 67 68 44 43 39 38 38 26 34 30 30 26 20 19 16 17 12 11 8 11 13 6 6 3 10 4 5 3 6 9 8 2 4 3 2 5 2 0 1 0 3 2 3 0 0 2 0 1 0 0 0 0 0 0 0 0 1 1 0 1 0 
0 0 1 0 4 1 4 1 10 3 2 12 19 18 21 19 31 27 35 31 47 49 61 66 78 81 100 116 113 115 121 140 159 170 181 189 179 206 188 209 197 220 221 190 213 215 199 204 193 187 177 151 139 156 167 124 140 123 104 121 88 89 79 80 72 71 55 52 57 45 38 43 45 39 27 34 24 31 27 18 21 17 13 14 10 10 9 9 10 11 6 5 9 9 5 3 1 3 5 4 4 5 3 1 2 3 2 1 1 0 1 1 3 0 1 2 0 2 0 1 1 3 1 1 0 0 0 0 0 
0 0 4 0 1 4 4 2 4 9 10 8 12 16 12 15 31 28 30 34 39 44 38 50 49 64 85 92 91 118 110 130 121 160 168 173 184 195 182 190 186 189 206 211 223 218 221 188 210 196 166 172 178 157 127 158 112 109 131 105 118 119 112 102 81 103 68 50 66 57 46 57 42 46 48 38 35 25 28 31 30 20 23 20 14 17 13 10 5 9 12 7 8 7 4 6 3 8 5 5 8 1 2 1 2 2 5 1 1 4 5 0 0 1 1 2 0 0 1 0 0 0 0 0 0 0 1 0 1 2 1 2 
0 0 2 1 2 2 4 8 2 3 15 8 9 21 24 25 13 32 30 41 42 55 69 58 78 79 110 105 99 115 136 137 130 151 165 174 171 217 183 210 183 192 203 191 223 212 185 179 182 171 178 168 176 139 139 138 146 142 137 112 97 100 98 90 81 80 68 68 55 52 51 40 38 29 37 33 35 31 31 17 26 21 19 23 10 18 11 11 9 10 6 5 12 10 9 10 6 6 4 4 3 2 6 0 2 2 1 1 1 4 1 1 1 3 4 0 0 1 0 1 0 1 0 0 1 0 1 0 0 0 0 
0 0 1 2 3 2 3 6 2 5 9 15 27 16 15 22 31 36 37 47 45 40 66 77 74 70 97 99 127 121 120 151 151 173 161 169 176 180 190 197 206 225 191 236 211 209 191 218 206 185 171 178 169 132 158 122 120 107 117 110 85 103 66 88 74 63 57 57 44 53 44 50 44 43 34 32 29 24 33 21 23 18 19 16 19 12 11 14 10 12 7 11 8 11 8 2 5 7 1 2 4 2 4 2 5 2 3 3 3 3 0 2 0 1 0 2 2 1 1 1 0 1 0 1 1 2 0 1 0 0 1 0 0 0 
0 0 0 1 3 3 4 10 4 5 3 7 11 4 19 7 17 13 13 21 35 49 49 48 64 61 78 110 95 88 97 118 133 135 147 161 156 155 147 181 192 221 205 213 211 214 194 217 194 200 192 183 181 190 177 156 154 140 147 122 140 114 93 92 95 76 81 85 70 69 58 48 49 52 46 41 27 35 27 34 17 27 25 14 16 19 20 12 13 13 7 10 12 6 6 3 5 4 10 1 5 4 3 2 3 3 1 2 1 3 1 2 3 3 2 0 0 2 1 0 0 0 1 0 0 1 0 0 0 0 
0 0 2 0 4 1 7 5 6 5 12 24 12 21 12 30 20 41 47 46 57 55 71 63 87 89 97 115 106 120 152 144 178 185 194 167 178 215 198 236 209 254 215 189 203 207 176 187 187 177 158 167 148 144 133 145 121 114 109 111 108 108 74 72 84 68 55 43 58 44 47 40 42 40 26 22 37 18 25 32 9 18 9 19 13 16 9 9 7 8 5 11 8 5 11 3 1 7 5 3 6 0 0 4 2 2 2 2 0 1 1 2 1 2 0 1 1 1 0 0 0 0 0 1 0 0 2 0 1 
0 0 0 2 2 1 3 8 10 5 4 9 15 9 12 11 18 34 27 32 36 41 54 56 58 65 66 68 97 92 122 125 123 148 120 150 158 147 178 186 201 209 188 202 210 189 194 199 181 207 182 196 164 160 164 160 142 135 120 108 105 119 119 93 90 82 82 82 60 68 58 61 50 55 49 44 40 36 21 29 23 31 20 26 25 14 12 10 9 9 17 10 7 6 2 7 7 6 8 3 9 6 3 3 1 4 3 4 3 0 0 1 2 2 0 0 0 0 0 2 2 0 1 0 0 0 0 2 1 0 1 0 1 0 1 
0 0 0 1 0 6 3 5 3 5 2 5 11 7 10 13 24 21 24 27 28 33 42 44 57 60 63 75 84 112 105 119 113 130 146 136 182 176 170 151 208 183 231 205 195 212 209 195 206 205 189 187 164 194 163 177 152 150 147 135 122 117 117 93 90 95 90 85 69 63 81 53 53 47 42 44 44 41 34 36 30 26 18 16 22 20 23 16 13 9 5 11 11 5 6 8 3 4 3 7 6 6 5 1 2 4 3 3 4 1 4 3 3 2 1 0 1 1 2 2 0 1 0 1 0 1 1 1 0 1 1 0 0 0 0 
0 0 0 2 5 1 0 2 11 5 7 4 14 16 18 24 19 30 26 33 46 46 62 59 67 76 85 100 101 113 94 139 130 163 185 155 188 209 183 198 225 200 214 212 215 212 195 200 170 192 174 160 186 164 136 145 142 135 108 102 97 115 91 74 76 77 83 65 47 50 47 49 38 47 25 38 25 16 23 16 15 21 26 17 20 11 14 15 14 12 13 7 5 10 7 8 4 0 5 3 5 5 1 1 4 1 1 2 3 1 3 0 3 3 1 2 0 2 2 0 0 0 0 0 2 0 0 0 1 0 1 0 1 0 1 0 
