0 0 1 2 4 4 2 1 7 6 9 7 10 14 8 17 29 40 35 64 60 61 77 81 113 113 120 135 136 176 141 212 185 213 203 205 217 227 266 238 246 242 226 223 214 204 200 186 190 184 152 159 152 141 111 106 107 102 102 103 88 78 79 56 52 66 47 52 36 48 31 34 23 18 17 26 23 15 11 15 17 12 11 7 9 12 10 5 7 8 3 7 4 6 4 1 4 2 1 4 3 2 2 2 0 4 2 0 3 0 2 0 1 0 0 0 1 0 0 0 0 0 0 0 1 0 1 0 0 1 0 0 0 0 0 0 0 1 0 0 0 0 0 0 0 0 0 0 0 0 0 0 0 0 0 0 0 0 0 0 0 0 0 0 
0 0 1 5 3 11 13 12 18 19 20 25 40 30 44 57 57 86 87 116 130 112 130 130 190 197 183 213 246 218 271 232 236 249 263 231 236 227 221 195 214 207 181 170 175 158 157 149 148 130 112 105 99 88 108 60 72 71 48 51 47 31 41 38 40 37 30 27 24 20 16 11 22 15 18 13 20 14 7 11 6 9 7 9 5 2 5 5 4 4 5 4 2 4 2 1 0 0 1 1 2 2 0 2 1 1 0 0 0 0 2 0 0 0 0 3 0 0 0 0 0 0 0 0 0 0 0 0 0 0 0 0 0 0 0 0 0 0 0 0 1 0 0 0 0 0 0 0 0 0 0 0 0 0 0 0 0 0 
0 0 1 1 4 1 0 1 5 10 10 2 13 12 15 17 13 37 38 30 38 60 85 84 97 117 116 131 147 180 165 160 207 199 215 207 225 258 218 223 233 226 216 213 197 225 197 196 180 185 178 163 162 112 121 130 108 96 97 73 85 72 69 78 72 58 64 54 48 28 33 28 36 36 27 26 20 15 21 16 12 11 16 9 12 7 10 5 4 4 12 6 2 3 4 0 2 4 3 1 2 3 3 2 0 2 2 4 0 2 1 1 0 1 0 0 0 0 0 0 0 0 0 0 0 0 0 0 0 0 0 0 0 0 0 0 0 0 0 0 0 0 0 1 0 0 0 0 0 0 0 0 0 0 0 0 0 0 
0 0 0 0 2 3 3 8 9 9 12 15 21 19 13 22 22 32 53 52 56 56 68 68 100 134 121 142 162 161 192 212 201 213 194 221 216 225 234 239 257 217 223 226 227 221 189 206 189 179 149 151 151 148 143 125 110 97 104 92 78 79 67 61 65 60 57 46 50 35 37 33 35 34 32 36 33 22 18 16 16 17 11 11 8 7 6 8 3 9 5 6 3 3 3 3 3 4 5 1 1 2 2 3 1 2 0 2 0 2 3 4 0 0 1 0 0 0 0 1 1 0 0 0 0 0 0 0 0 0 0 0 0 0 0 0 0 0 0 0 0 0 0 0 0 0 0 0 0 0 0 0 0 0 0 0 0 0 0 0 0 0 0 0 0 0 0 0 0 0 0 0 
0 0 0 0 2 5 9 6 5 5 4 15 20 17 34 46 37 72 68 57 66 97 103 97 122 159 155 155 182 182 204 201 221 217 218 249 233 249 221 215 226 246 224 199 191 207 162 155 147 149 127 135 132 119 109 90 77 89 86 69 49 67 64 56 48 35 40 35 35 36 27 21 26 24 23 13 16 16 3 10 10 13 11 7 10 12 6 5 7 6 2 1 0 2 4 4 2 0 4 2 4 2 1 0 2 1 0 1 0 0 1 2 0 0 1 0 1 0 0 1 0 0 0 0 0 0 0 0 0 0 0 0 0 0 0 0 0 0 0 0 0 0 0 0 0 0 0 0 0 0 0 0 0 
0 0 0 0 3 4 5 8 7 5 11 11 15 19 9 18 18 23 34 46 55 68 70 93 98 103 115 126 120 144 163 193 198 177 212 226 257 222 243 252 250 212 208 209 227 204 205 191 198 158 165 143 159 129 124 110 113 114 97 84 80 68 66 42 63 55 62 47 40 34 34 32 35 31 18 16 15 13 19 23 12 10 11 11 9 6 6 11 10 6 7 8 4 4 7 3 4 3 2 2 4 0 2 0 1 2 0 1 4 0 0 0 0 0 2 0 0 1 1 0 0 0 1 1 0 1 0 0 0 0 0 0 0 0 0 1 0 0 0 0 0 0 0 0 0 0 0 0 0 0 0 0 0 0 0 0 0 0 0 0 0 0 0 0 0 0 0 0 0 0 0 0 0 0 
0 0 0 1 1 0 1 16 17 11 14 15 34 35 39 50 53 51 67 80 87 89 115 135 146 164 178 159 174 225 209 244 237 249 230 252 217 246 228 230 235 228 203 204 172 192 162 177 143 142 121 130 129 115 109 93 87 68 80 68 45 52 56 45 36 40 38 36 29 26 19 22 12 18 15 16 4 12 9 16 7 3 8 5 6 9 3 3 8 3 4 3 2 4 5 2 2 3 2 1 1 0 1 0 0 1 1 1 2 0 1 0 0 0 0 0 0 1 0 1 1 0 0 1 0 0 0 1 0 0 0 0 0 0 0 0 0 1 1 0 0 0 0 0 0 0 0 0 0 0 1 0 0 0 0 0 0 0 0 0 0 0 0 0 0 0 0 0 
0 0 1 1 2 1 3 2 4 12 13 15 21 25 52 34 48 53 56 74 94 82 103 112 112 111 142 164 177 182 236 210 233 235 220 219 230 257 236 213 238 209 203 211 187 189 194 168 169 162 132 136 119 121 90 84 72 90 91 68 64 73 47 52 49 28 43 27 27 34 26 30 19 20 17 16 16 16 18 13 14 11 7 9 7 7 5 4 5 2 4 4 3 3 2 1 1 3 2 5 0 0 2 2 0 2 1 1 1 0 0 1 0 1 1 1 0 0 0 0 2 0 1 0 0 0 0 0 0 0 0 0 0 0 0 0 0 0 0 0 0 1 0 0 0 0 0 0 0 0 0 0 0 0 0 0 0 0 0 0 0 0 0 0 0 0 0 0 0 0 0 0 0 0 0 0 0 0 0 0 0 0 
0 0 0 0 0 2 2 1 2 4 6 10 7 9 17 21 31 38 51 50 65 77 73 92 105 109 115 129 140 176 173 170 193 188 237 222 235 259 241 220 236 239 225 207 203 231 202 176 189 168 168 144 120 138 138 102 114 94 92 90 87 72 70 54 61 40 45 53 43 40 37 33 26 27 27 26 17 22 18 15 17 12 11 12 15 10 6 9 7 11 5 2 3 1 4 4 8 4 0 4 3 1 1 0 1 2 0 2 0 1 1 0 0 4 1 1 0 0 0 0 0 0 0 0 0 0 0 1 1 0 0 0 1 0 0 0 0 0 0 0 0 0 0 0 0 0 0 0 0 0 0 0 0 0 0 0 0 0 0 0 0 0 0 0 0 0 
0 0 0 0 3 9 7 4 2 6 7 16 19 22 39 30 29 42 44 66 68 90 118 106 124 141 159 153 184 185 213 240 241 245 256 230 250 253 240 214 220 210 224 208 199 186 174 164 148 181 132 122 132 123 100 98 101 94 77 75 67 52 56 50 49 52 48 39 31 30 28 30 16 24 17 24 13 10 10 12 12 13 6 8 2 6 4 5 7 1 6 4 4 1 2 2 2 1 2 2 1 1 1 1 2 2 3 2 1 0 2 1 0 0 0 0 0 0 0 0 0 0 0 0 0 0 0 0 0 0 0 0 0 0 0 0 0 0 0 0 0 0 0 0 1 0 0 0 0 0 0 0 0 0 0 0 0 0 0 0 0 0 0 0 0 0 0 0 
0 0 0 0 2 0 4 4 5 12 3 12 11 23 24 23 43 47 56 87 92 112 98 93 117 140 151 165 186 222 177 217 256 255 225 278 249 253 226 238 236 224 191 231 204 199 194 160 176 154 151 138 130 113 107 84 104 78 66 60 57 60 46 46 38 44 32 37 27 39 25 20 20 22 20 23 13 17 12 10 7 17 3 7 7 12 9 9 11 4 4 3 4 1 1 2 3 2 1 3 4 2 1 0 2 0 4 3 2 3 0 0 1 0 0 1 0 0 0 1 0 0 0 0 1 0 1 0 0 0 0 0 0 0 0 0 0 0 0 0 0 0 0 0 0 0 0 0 0 0 0 0 0 0 0 0 0 0 0 0 0 0 0 0 0 0 0 0 0 0 0 0 0 0 0 0 0 0 0 
0 0 0 4 0 1 4 2 5 8 6 3 11 14 20 21 23 28 38 45 51 85 82 90 110 109 115 139 179 179 189 194 206 221 207 243 248 232 232 259 240 227 247 234 205 210 196 185 164 169 157 149 138 141 130 118 90 100 95 90 75 57 59 52 63 49 34 46 36 33 24 34 24 31 22 15 15 20 13 13 12 11 11 11 5 7 10 7 9 6 4 5 6 2 2 4 3 4 4 0 2 2 2 2 6 0 1 0 2 0 0 0 2 0 0 0 0 0 0 0 2 1 0 0 0 0 0 0 0 0 0 0 0 0 0 0 0 0 0 0 0 0 0 0 0 0 0 0 0 0 0 0 0 
0 0 0 1 1 7 2 8 0 9 13 10 20 17 30 12 51 38 52 75 76 90 103 77 111 119 153 162 176 214 173 190 216 234 202 238 211 240 264 245 227 250 219 233 215 212 198 168 180 162 169 150 120 125 115 115 78 80 76 76 59 63 56 55 49 42 34 37 28 30 31 21 23 26 16 23 15 13 4 12 13 8 13 7 3 10 2 10 9 7 4 2 4 5 1 4 4 0 0 1 0 0 1 2 2 1 1 1 3 0 0 0 0 0 0 0 0 0 0 0 0 0 0 0 0 1 0 0 0 0 0 0 0 0 0 0 0 0 0 0 1 0 0 0 1 0 0 0 0 0 0 0 0 0 0 0 
0 0 0 1 3 4 5 7 4 5 3 16 24 21 32 29 30 52 53 74 81 90 93 100 135 112 150 160 167 183 187 199 222 226 243 216 246 254 249 220 219 227 237 212 180 208 197 163 194 170 155 137 124 125 114 92 88 86 95 73 79 67 54 52 52 37 50 31 30 30 29 28 22 15 25 9 11 15 9 11 7 11 12 6 11 6 8 4 6 2 2 4 5 1 3 5 2 3 1 1 0 2 3 0 0 0 1 0 0 0 1 0 0 0 0 1 0 0 0 0 0 0 0 0 0 0 0 0 0 0 0 0 0 0 0 0 0 0 0 0 0 0 0 0 0 0 0 0 0 0 0 0 0 0 0 0 0 0 
0 0 0 1 3 6 5 4 2 9 27 23 16 27 30 31 43 46 56 76 85 106 101 105 152 129 160 188 193 195 230 210 222 236 243 251 220 222 230 227 229 245 237 214 199 187 167 180 142 154 137 131 131 109 119 84 92 67 76 64 76 65 54 53 46 33 35 41 27 43 31 22 27 20 19 15 14 13 13 11 20 13 10 2 4 7 5 4 7 3 2 0 4 1 4 2 5 3 2 1 3 3 1 1 0 1 0 0 3 1 1 1 0 0 2 0 0 0 0 0 0 0 0 0 0 0 0 0 0 1 0 0 0 0 0 0 0 0 0 0 0 0 0 0 0 0 0 0 0 0 0 0 0 0 0 0 0 0 0 0 0 0 0 0 0 0 0 0 0 0 0 0 0 0 0 0 0 0 0 0 0 0 0 0 0 0 0 
0 0 2 0 4 4 9 2 3 8 13 28 25 25 25 26 53 72 72 90 85 89 109 102 126 141 169 173 188 200 205 260 236 233 236 239 239 262 246 223 206 188 216 206 187 172 186 165 170 142 132 123 129 115 102 111 86 84 72 75 61 52 64 56 42 40 42 43 35 24 22 29 21 26 21 25 15 13 9 7 6 7 7 4 8 9 8 3 4 5 7 3 5 1 3 0 2 2 3 0 0 1 3 0 0 1 0 1 0 0 0 0 0 0 1 2 1 0 0 0 0 0 0 0 1 0 0 0 0 0 0 0 0 0 0 0 0 0 0 0 0 0 0 0 0 0 0 0 0 0 0 0 0 0 0 0 0 0 0 0 0 0 0 0 0 0 0 0 0 0 0 0 0 0 0 0 0 0 0 0 0 0 0 0 
0 0 1 0 3 3 0 2 9 13 9 9 15 15 24 21 39 31 60 58 73 85 99 106 113 114 131 160 183 186 191 226 211 225 253 237 252 224 222 246 194 217 234 225 192 199 195 214 186 180 148 165 124 120 116 103 107 81 87 76 69 53 64 60 51 38 47 41 41 25 31 24 19 23 16 14 16 14 11 10 5 11 10 9 7 5 9 4 4 3 4 3 7 4 2 1 1 1 2 2 3 3 0 1 1 0 1 2 0 0 0 0 1 0 2 0 1 1 0 0 1 1 0 0 0 0 0 0 0 0 0 0 0 0 0 0 0 0 0 0 0 0 0 0 0 0 0 0 0 0 0 
0 0 1 0 4 3 5 5 4 7 8 6 15 16 14 25 31 43 44 52 63 82 73 95 123 148 150 156 146 178 200 182 237 219 201 228 244 241 233 250 268 235 236 225 210 229 176 180 181 185 149 143 132 138 110 102 98 102 81 66 61 65 68 58 42 55 55 33 45 35 35 34 19 29 15 21 17 17 15 12 8 12 11 5 9 8 8 3 6 4 4 2 1 3 3 2 6 3 2 1 1 2 1 1 1 1 0 0 1 1 0 1 0 0 0 0 0 0 0 0 0 0 0 1 0 0 0 0 0 0 0 0 0 0 0 0 0 0 0 0 0 0 0 0 0 0 0 0 0 0 0 0 0 0 0 
0 0 0 2 3 4 2 6 4 7 9 10 11 9 18 38 45 36 47 79 66 84 101 115 103 144 123 138 176 172 217 176 180 240 202 237 221 247 240 220 237 243 221 212 199 223 189 184 197 177 139 132 142 131 111 119 103 91 103 80 77 70 67 64 56 45 40 26 44 44 47 24 25 21 19 21 18 20 19 15 22 16 6 11 5 9 13 13 7 9 8 8 5 4 0 3 1 4 3 4 2 1 1 1 0 1 1 1 0 0 0 0 0 0 0 2 0 1 0 1 0 0 1 0 0 0 1 1 0 0 0 0 0 0 0 1 0 0 0 0 0 0 0 0 0 0 0 0 0 0 0 0 0 0 0 0 0 0 0 0 0 0 0 0 0 0 0 
0 0 0 0 0 1 0 8 2 3 7 9 7 29 24 31 23 53 66 55 73 105 116 87 117 121 157 156 204 206 201 194 223 209 243 258 259 222 259 246 243 244 229 208 192 176 206 155 147 176 151 163 133 127 133 115 103 81 95 84 74 66 61 63 49 49 36 36 30 29 26 26 22 23 24 18 22 17 9 23 10 15 7 8 9 3 7 6 0 8 3 5 1 6 5 2 1 5 1 1 2 2 1 1 1 1 1 0 0 1 0 1 0 0 0 0 0 2 0 0 0 1 0 0 0 0 0 0 1 0 1 0 0 0 0 0 0 0 0 0 0 0 0 0 0 0 0 0 0 0 0 0 0 0 
0 0 2 0 2 3 2 6 4 3 8 14 12 22 35 34 53 53 78 46 72 98 112 148 122 142 148 168 189 201 188 242 222 245 257 229 243 234 253 242 238 219 221 233 198 173 206 192 149 146 138 132 136 104 99 106 87 80 85 50 59 58 46 67 49 37 38 41 33 22 28 31 25 22 11 16 17 14 11 4 9 8 14 7 4 9 5 3 2 4 5 2 5 5 1 2 5 5 2 1 3 1 0 3 3 0 2 1 0 0 1 0 0 1 0 0 1 0 0 1 0 0 0 0 0 0 0 1 0 0 0 0 0 0 1 0 0 0 0 0 0 0 0 0 0 0 0 0 0 0 0 0 0 
0 0 1 2 2 4 4 5 6 13 12 9 13 13 23 31 44 50 56 48 69 93 88 112 114 131 130 176 172 193 181 188 194 213 245 240 230 232 232 206 256 230 234 222 234 195 170 179 182 153 133 133 127 116 128 96 92 74 96 75 66 71 77 50 53 45 47 33 43 22 34 37 23 16 16 12 15 10 13 16 11 6 7 11 13 4 5 10 2 4 2 1 4 2 3 0 2 0 2 3 1 1 0 2 3 0 2 0 1 0 2 0 2 2 0 0 0 0 1 0 0 0 0 0 0 0 0 0 0 0 0 0 0 0 0 0 0 0 1 0 0 0 0 0 0 0 0 0 0 0 0 0 0 0 0 0 0 0 0 0 0 0 0 0 0 0 0 0 
0 0 0 2 3 4 4 6 6 4 18 15 14 29 45 39 29 42 69 81 100 100 121 140 110 160 140 207 202 208 210 214 241 251 233 254 213 231 212 220 231 222 233 203 195 196 207 165 154 160 119 145 133 122 108 82 96 105 68 87 58 65 52 49 33 55 34 37 19 37 41 34 20 22 19 22 13 11 9 15 12 10 9 7 8 7 10 3 5 6 3 4 2 5 5 2 2 1 4 3 1 1 4 1 3 0 1 1 1 1 1 2 0 0 0 0 0 1 0 0 0 1 0 0 0 1 0 0 0 0 0 0 0 0 0 0 0 0 0 0 0 0 0 0 0 0 0 0 0 0 1 0 0 0 0 
0 0 3 3 1 2 4 8 7 12 13 7 18 20 26 47 56 59 72 65 88 105 116 124 116 145 163 171 202 223 227 238 237 250 255 256 264 261 256 245 215 212 220 220 184 191 176 170 176 135 126 118 113 96 120 97 111 84 62 76 73 55 50 44 36 51 46 19 38 44 26 18 30 20 21 15 14 11 10 7 7 6 10 4 10 2 7 8 2 7 1 3 2 1 2 2 2 3 3 2 0 1 1 0 2 1 0 2 0 1 2 0 0 0 0 0 0 0 1 0 0 0 0 0 0 0 0 0 0 0 0 0 0 0 0 1 0 0 0 0 0 0 0 0 0 0 0 0 0 0 0 0 0 0 0 0 0 0 0 0 0 0 0 0 
0 0 0 0 1 3 4 1 8 8 10 6 8 9 16 22 17 26 48 61 68 63 84 104 88 103 120 153 146 160 209 189 206 211 195 225 252 244 253 253 238 242 233 225 225 183 187 195 196 161 172 150 125 137 111 106 111 110 89 70 65 55 68 69 46 52 38 36 38 38 30 21 26 19 20 14 14 13 18 10 6 9 11 11 9 9 5 4 5 3 0 4 4 3 2 2 7 6 0 2 4 1 0 3 0 3 0 4 0 0 0 2 2 1 0 1 2 1 0 0 0 3 0 0 0 0 2 0 0 0 0 0 0 0 0 0 0 0 0 0 0 0 0 0 0 0 0 0 0 0 0 0 0 0 0 0 0 0 0 0 0 0 0 0 0 0 0 0 0 0 0 0 0 0 0 0 0 0 0 0 0 0 0 0 0 0 0 
0 0 1 2 5 8 4 4 3 6 11 19 15 24 19 24 36 51 43 66 83 85 100 126 103 123 138 137 167 183 209 195 232 247 231 236 208 208 208 262 241 233 234 220 207 204 175 173 152 174 159 135 136 125 134 104 97 100 89 68 71 58 67 58 52 50 38 42 24 28 30 16 23 23 26 20 17 16 10 13 16 13 3 10 8 7 7 4 5 5 5 5 3 2 4 1 4 2 3 0 2 2 0 1 0 0 1 0 2 1 0 0 0 0 1 0 2 0 2 0 0 0 0 0 1 0 0 0 0 0 0 1 0 0 0 0 0 0 0 0 0 0 0 0 0 0 0 0 0 0 0 0 0 0 0 0 0 0 0 0 0 0 0 0 0 0 0 0 0 0 0 0 0 
0 0 1 1 2 2 4 4 5 15 18 21 27 44 42 27 47 72 76 79 90 112 110 132 150 156 203 191 188 216 194 238 227 270 217 250 227 243 253 254 243 222 210 183 188 193 137 172 149 149 122 121 124 98 125 88 100 81 67 51 59 66 38 39 45 40 37 34 23 21 24 20 15 33 18 11 15 19 12 12 7 7 9 10 7 6 2 6 6 3 3 5 3 5 3 2 5 0 1 1 4 1 0 0 0 2 2 1 0 1 1 0 0 1 1 1 0 0 3 0 0 0 0 0 0 0 0 0 0 0 0 0 0 0 0 0 0 0 0 0 0 0 0 0 0 0 0 0 0 0 0 0 0 0 0 0 0 0 0 0 
0 0 2 1 3 0 6 4 5 14 15 25 23 28 29 52 43 63 81 68 118 103 119 114 146 165 170 184 214 197 205 220 213 226 211 253 252 245 230 247 204 203 200 223 203 181 171 153 146 144 154 115 140 106 89 106 95 82 70 57 60 72 49 48 43 33 35 30 30 23 34 21 28 12 20 23 10 18 9 13 13 8 7 6 5 6 9 7 5 4 5 4 2 7 2 3 1 1 0 4 1 1 4 1 2 2 0 1 0 0 0 0 2 0 0 1 1 0 0 0 0 0 0 0 0 0 0 0 0 0 0 0 0 0 0 0 0 0 0 0 0 0 1 0 0 0 0 0 0 0 0 0 0 0 0 0 0 0 0 0 0 0 
0 0 2 0 3 0 2 1 1 7 10 15 13 13 32 27 44 44 70 70 60 92 91 117 118 138 149 170 178 169 194 197 231 240 239 240 236 263 214 228 217 222 250 191 222 197 184 190 162 154 157 146 144 120 109 93 98 80 78 80 56 75 66 53 52 58 37 32 38 31 28 35 22 28 23 19 12 10 18 19 6 7 10 10 6 12 5 9 10 9 6 8 6 3 3 3 4 2 3 1 1 1 2 1 1 1 0 1 0 1 2 0 1 0 0 0 1 0 0 1 0 0 0 0 0 1 1 0 0 1 0 0 0 0 0 0 0 0 1 1 0 0 0 0 1 0 0 0 0 0 0 0 0 0 0 0 0 0 0 0 0 0 0 
0 0 0 1 1 2 3 2 5 6 10 20 16 13 19 21 31 43 48 51 64 89 93 97 111 125 149 156 197 185 169 217 233 225 230 236 262 243 221 274 254 222 219 214 186 213 181 192 162 138 162 159 156 138 117 91 94 95 104 86 88 62 53 56 63 40 45 41 26 31 36 20 23 13 19 30 10 14 11 14 13 9 3 7 9 9 6 10 6 3 8 4 3 1 5 2 3 1 0 0 2 2 0 0 0 0 1 1 1 1 0 3 0 2 2 4 0 0 0 0 0 0 0 0 1 0 0 0 0 0 0 0 0 0 0 1 0 0 0 0 0 0 0 0 0 0 0 0 0 0 0 0 0 0 0 0 0 0 0 0 0 0 0 0 0 0 0 0 0 0 0 0 0 
0 0 0 0 1 2 2 5 5 10 9 23 34 25 40 23 75 82 91 89 89 120 121 127 142 169 151 181 211 214 206 243 237 228 266 261 244 252 229 224 243 211 195 217 170 166 196 152 140 143 128 129 120 94 88 100 94 67 64 65 37 49 60 45 46 46 37 41 36 31 17 26 23 20 8 15 15 10 14 8 8 7 7 9 6 8 5 4 4 3 0 6 2 1 3 0 1 2 5 2 2 0 2 1 2 2 0 1 0 0 0 1 0 0 0 0 1 0 0 0 1 0 0 0 0 0 0 0 0 0 0 0 1 0 0 0 0 0 0 0 0 0 0 0 0 0 0 0 0 0 0 0 0 0 0 0 0 0 0 0 
0 0 1 1 8 5 5 7 11 17 18 19 16 18 34 34 27 46 64 77 92 99 81 109 112 123 174 182 196 217 191 233 195 246 213 264 235 259 242 235 227 209 190 186 200 169 186 175 141 153 144 145 116 118 98 103 69 75 74 71 70 79 48 50 37 49 35 37 25 30 29 16 15 19 19 21 11 10 9 15 12 8 11 11 5 4 4 8 6 4 5 3 2 2 2 2 4 3 2 1 2 0 3 1 1 0 0 2 1 1 2 2 0 0 1 0 0 1 0 0 1 0 0 0 0 0 0 0 0 0 0 0 0 0 0 0 0 0 0 0 0 0 0 0 0 0 0 0 0 0 0 0 0 0 0 0 0 0 0 0 0 0 0 0 1 0 0 0 0 0 0 0 0 0 0 0 0 1 0 0 
0 0 0 3 3 1 4 3 8 7 10 13 20 19 26 30 39 40 56 58 79 100 91 99 106 124 133 169 176 183 200 218 213 232 250 247 252 247 226 235 226 229 242 216 209 222 178 183 175 171 149 145 145 123 82 113 102 94 85 70 90 61 57 63 44 50 32 36 34 31 35 30 21 21 27 11 24 13 11 12 14 10 13 4 12 10 6 4 6 4 5 5 11 2 3 2 3 3 2 4 3 5 3 0 0 0 0 1 1 0 1 0 0 1 1 0 1 0 1 0 0 0 0 0 0 0 0 0 0 0 0 0 0 0 0 0 0 0 0 0 1 0 0 0 0 0 0 0 0 0 0 0 0 0 0 0 0 0 0 0 0 0 0 
0 0 1 1 0 2 2 3 1 4 6 9 17 13 19 25 27 31 28 57 50 79 75 71 67 113 111 126 161 164 178 196 179 189 219 228 253 265 273 249 247 246 240 231 219 205 192 203 173 190 165 159 140 142 138 104 108 108 91 81 70 75 63 62 56 49 52 49 37 35 21 35 22 25 26 29 16 24 23 16 14 19 11 20 12 6 12 4 4 5 4 6 7 6 3 2 4 2 1 0 6 1 4 3 3 3 3 2 1 0 1 1 2 3 1 0 0 0 2 0 0 0 0 0 0 0 0 0 0 0 0 0 0 0 0 0 0 0 0 0 0 0 0 0 1 0 0 0 0 0 0 0 0 0 
0 0 2 0 2 2 0 9 9 9 13 12 23 17 25 41 37 88 53 76 86 93 130 129 151 149 149 182 219 212 229 214 237 228 260 250 245 265 232 217 224 229 246 199 178 187 191 172 150 144 107 120 118 122 93 93 91 84 80 67 49 52 52 48 46 46 30 28 28 42 27 16 19 28 13 12 9 19 10 10 7 4 4 5 7 6 5 5 7 5 4 4 1 5 1 3 4 1 3 0 0 0 1 1 3 0 2 0 0 1 0 0 0 0 0 1 0 1 0 0 0 0 1 0 0 0 0 0 1 0 0 0 0 0 0 0 0 0 0 0 0 0 0 0 0 0 0 0 0 0 0 0 0 0 0 0 0 0 
0 0 1 1 3 0 7 5 9 12 10 19 13 26 48 42 48 61 77 65 92 107 142 144 148 159 201 189 211 187 215 218 225 221 229 237 208 264 237 242 197 203 213 163 201 194 170 151 140 134 127 123 105 121 101 81 69 69 52 62 49 61 52 33 40 46 30 37 26 24 24 30 33 11 16 11 16 11 6 12 14 9 8 4 8 9 4 5 5 3 7 1 1 1 5 1 0 2 0 1 0 2 0 0 0 0 2 0 1 1 1 0 0 0 1 0 0 0 1 1 0 1 1 1 0 0 0 0 0 0 0 0 0 0 0 0 0 0 0 0 0 0 0 0 0 0 0 0 0 0 0 0 0 0 0 0 
0 0 1 1 3 3 1 0 5 5 8 9 8 22 34 22 34 38 38 59 69 79 94 83 107 122 158 174 161 185 194 191 186 232 196 247 225 195 237 221 215 251 212 215 218 184 205 208 184 183 165 156 138 141 101 122 116 95 88 80 74 63 66 50 62 49 49 32 45 38 30 25 19 22 17 24 19 10 17 18 15 6 8 7 4 8 9 6 4 4 7 2 6 3 3 4 2 4 2 2 1 3 0 0 0 2 0 0 1 1 1 0 1 0 0 1 1 1 0 0 0 0 0 0 0 0 0 0 0 0 0 0 0 0 0 0 0 0 0 0 0 0 0 0 0 0 0 0 0 0 0 0 0 0 0 0 0 0 0 0 
0 0 1 1 0 3 3 6 12 10 11 20 32 40 35 51 45 70 73 88 97 123 138 135 154 148 148 183 219 206 199 214 218 239 229 238 230 214 208 219 214 226 207 217 186 158 150 168 159 122 124 114 106 99 85 93 86 75 68 65 55 65 54 60 41 36 51 18 26 19 18 22 16 20 20 18 7 12 13 6 9 13 10 8 9 4 4 7 3 4 4 5 0 1 3 2 1 2 4 1 0 1 5 0 1 2 0 0 0 0 0 1 0 0 1 0 0 0 0 0 1 0 0 0 0 1 0 0 0 0 0 0 0 0 0 0 0 0 0 0 0 0 0 0 0 0 0 0 0 0 0 0 0 0 0 0 0 0 0 0 0 
0 1 0 2 4 4 0 4 7 9 17 21 41 19 21 43 54 56 64 80 82 93 86 111 143 162 194 174 204 205 214 226 247 232 241 274 229 195 227 239 235 197 208 185 191 173 188 180 180 165 132 128 121 88 105 89 100 81 77 49 54 53 47 57 44 42 46 37 30 28 20 23 19 17 22 15 19 11 9 10 10 7 4 7 6 4 9 6 3 7 2 7 1 3 1 2 2 2 0 2 1 0 1 0 1 0 2 0 1 1 0 1 0 2 0 0 0 0 0 0 0 1 0 0 0 0 0 0 0 0 0 0 0 1 0 0 0 0 0 0 0 0 0 0 0 0 0 0 0 0 0 0 0 0 0 0 0 0 0 0 0 0 0 0 0 
0 0 0 1 0 4 1 5 3 5 11 12 10 18 11 15 29 40 35 57 74 78 85 79 102 116 120 136 134 141 163 182 191 223 217 236 221 211 216 237 262 232 247 217 222 212 212 188 180 162 131 173 132 131 108 111 96 118 95 89 68 86 62 59 67 47 48 36 40 44 32 31 32 22 23 21 12 11 13 14 12 19 12 12 9 7 11 8 3 8 8 5 5 4 3 2 1 3 1 0 4 2 0 0 3 1 0 0 2 1 2 1 0 2 0 1 3 1 0 0 0 0 0 0 0 0 0 0 0 0 0 1 0 0 0 0 0 0 0 0 0 0 0 0 0 0 0 0 0 0 0 0 0 0 0 0 0 0 0 0 
0 0 0 3 4 1 5 4 11 10 10 17 24 32 20 24 39 64 77 87 86 103 104 120 130 147 181 175 160 193 226 234 247 229 241 237 232 210 227 261 225 201 226 183 209 196 169 136 161 138 153 135 117 117 113 85 91 65 63 65 76 45 47 51 47 42 26 35 30 23 33 23 20 21 13 15 16 17 5 3 12 8 6 10 10 5 7 5 3 4 6 4 3 3 2 4 7 2 2 1 0 2 0 2 1 1 0 0 0 0 0 0 1 1 0 0 0 0 1 1 0 0 2 0 0 0 0 0 0 0 0 0 0 0 1 0 0 0 0 0 0 0 0 0 0 0 0 0 0 0 0 0 0 0 0 0 0 0 0 0 0 
0 0 0 1 1 0 4 6 2 4 9 6 12 19 44 33 21 52 44 54 72 75 67 94 97 144 128 143 154 183 177 185 204 218 243 208 200 244 259 256 253 233 244 224 210 219 181 180 173 140 164 147 125 124 121 94 113 107 79 73 78 72 68 64 50 37 43 43 35 37 23 24 12 22 23 25 18 14 31 9 13 11 20 8 11 9 6 7 4 10 7 3 4 4 3 4 5 3 5 4 3 2 2 2 3 2 2 0 1 0 1 3 1 1 3 0 0 1 1 1 0 1 0 0 0 1 0 1 0 0 0 2 0 0 0 0 0 0 0 1 0 0 0 0 0 0 0 0 0 0 0 0 0 0 0 0 0 0 0 0 
0 0 0 2 1 1 5 5 3 6 9 14 6 9 19 26 28 46 52 47 72 71 73 102 100 129 145 185 174 168 178 196 212 228 227 234 256 243 257 234 241 230 213 205 224 217 189 188 180 165 142 156 140 128 134 135 103 98 74 75 72 83 53 53 55 47 43 32 36 33 29 25 19 27 21 24 13 14 17 6 15 14 13 11 3 5 10 3 6 3 3 7 3 6 2 0 3 0 2 2 3 3 4 1 2 1 2 0 0 1 0 0 0 1 1 0 0 0 1 0 1 0 1 1 1 0 1 0 0 0 0 0 0 0 1 0 1 0 0 0 0 0 0 0 0 0 0 0 1 0 0 0 0 0 0 0 0 0 0 0 0 0 0 0 0 0 0 0 0 0 0 0 0 0 
0 0 0 4 2 5 4 0 1 7 12 10 10 11 23 33 26 37 40 52 63 77 84 77 114 117 136 169 181 181 199 191 224 215 214 233 216 236 221 240 238 215 196 226 224 249 196 191 210 168 152 171 146 119 105 120 116 102 78 64 76 67 67 58 57 41 52 34 49 45 34 18 25 28 23 19 13 15 10 15 13 8 10 8 9 10 5 8 9 4 1 6 5 2 4 1 6 1 3 0 3 6 2 0 2 3 0 0 1 1 0 1 0 0 2 3 0 0 0 0 1 1 0 0 0 2 1 0 0 0 0 0 0 0 1 0 0 0 0 0 0 0 0 1 0 0 0 0 0 0 0 0 0 0 0 0 0 0 0 0 0 0 0 0 0 0 0 0 
0 0 0 2 1 0 2 4 6 12 10 13 23 24 47 49 45 41 78 88 91 96 132 133 136 146 180 167 198 196 210 232 221 227 222 237 253 237 221 231 241 202 204 197 187 180 179 161 178 159 149 135 99 96 100 95 85 91 73 69 60 54 50 42 37 38 33 42 35 31 17 23 22 20 10 18 12 14 16 7 10 7 15 7 6 7 4 5 1 5 3 1 4 5 3 2 0 0 5 4 1 1 0 0 1 1 1 1 0 1 0 0 0 0 0 0 1 0 0 0 0 0 0 0 0 0 0 0 0 0 0 0 0 0 0 0 0 0 0 0 0 0 0 0 0 0 0 0 0 0 0 0 0 0 
0 0 1 1 4 3 1 3 13 12 9 15 19 27 23 25 27 51 69 70 88 82 122 120 146 137 155 155 178 185 187 230 231 226 233 263 240 223 203 259 209 233 211 199 221 177 209 148 136 156 129 144 111 106 112 87 87 88 87 86 65 65 62 44 49 48 37 36 31 27 20 14 13 14 20 9 12 15 13 9 12 7 6 13 8 16 3 9 3 5 3 1 5 3 3 1 2 1 2 1 2 1 0 3 2 0 1 1 0 0 1 0 0 2 1 0 0 0 0 2 0 0 0 1 0 0 1 0 0 0 0 0 0 0 0 0 0 0 0 0 0 0 0 0 0 0 0 0 0 0 0 0 0 0 0 0 0 0 
0 0 0 1 1 5 1 2 7 4 7 8 12 15 16 15 30 46 48 68 55 83 92 104 107 140 158 132 187 176 209 220 196 225 211 232 236 235 238 272 246 224 219 208 192 196 219 202 181 155 173 156 131 140 124 103 104 95 85 87 84 72 61 60 70 39 41 33 47 38 37 25 30 25 19 25 18 22 16 16 8 6 7 9 10 7 9 7 2 6 2 5 3 1 1 1 6 1 5 2 1 2 2 3 0 1 1 2 2 2 0 0 1 0 0 1 0 0 0 1 1 0 0 1 0 0 0 0 0 0 0 0 0 0 0 0 0 1 0 0 0 0 0 0 0 0 0 0 0 0 0 0 0 0 0 0 0 0 0 0 0 0 0 0 0 
0 0 0 0 2 1 2 5 4 4 12 5 11 20 28 29 24 27 39 44 72 72 70 105 118 111 110 134 145 181 191 193 217 224 223 209 233 248 264 243 230 267 218 226 223 215 191 199 169 183 173 172 127 124 126 97 120 102 73 85 83 73 59 65 58 47 44 43 30 35 30 30 28 33 18 16 27 28 16 10 12 8 7 12 9 6 6 8 0 2 8 11 6 7 3 5 10 1 3 1 2 1 1 1 0 0 1 0 2 0 2 2 0 0 0 0 0 0 0 0 1 0 0 0 2 0 0 0 1 0 0 1 0 0 1 0 0 0 0 0 1 0 0 0 1 0 0 0 0 0 0 0 0 0 0 0 0 0 0 0 0 0 0 0 0 0 
0 0 0 2 3 2 0 6 2 5 5 21 27 28 27 36 46 61 66 65 73 87 95 109 121 168 142 156 158 168 228 224 222 204 234 255 261 225 244 223 201 203 204 200 199 203 180 161 147 169 146 134 120 103 112 111 98 92 87 85 69 60 61 51 47 43 39 38 33 30 27 24 31 21 23 14 12 14 9 16 13 6 9 10 8 3 3 3 2 6 2 5 1 4 1 2 3 2 1 0 1 2 1 0 1 0 0 0 0 3 0 1 0 1 0 0 1 1 3 0 0 0 1 1 0 0 0 0 0 0 0 0 0 0 0 0 0 0 0 0 0 0 0 0 0 0 0 0 0 0 0 0 0 0 0 0 
0 0 0 2 2 4 2 1 5 10 15 22 13 16 22 24 33 42 65 74 76 88 87 95 126 130 134 168 175 201 213 192 206 239 223 241 237 230 243 226 238 225 241 222 191 193 187 179 173 163 170 139 139 106 121 111 107 99 88 90 78 52 59 44 47 36 29 27 32 35 21 24 30 21 19 21 14 21 20 8 9 12 10 8 2 6 8 10 6 4 0 4 1 4 1 3 4 2 1 3 0 0 0 1 2 1 0 0 0 1 1 1 0 0 0 0 0 0 0 1 1 1 0 0 1 1 0 0 2 0 0 0 1 0 0 0 0 0 0 0 0 0 0 0 0 0 0 0 0 0 0 0 0 0 0 0 0 0 0 0 0 0 0 0 0 0 0 
0 0 0 1 4 1 5 6 9 11 14 20 33 27 31 40 58 63 58 82 95 108 122 130 140 168 181 196 197 217 201 236 218 234 240 243 242 256 245 226 229 217 207 226 202 172 156 162 161 159 139 128 133 98 99 104 65 80 78 81 69 51 52 34 39 42 38 32 30 27 22 23 21 16 25 8 19 16 8 7 7 12 5 9 8 5 6 6 3 3 5 3 5 4 4 2 6 2 1 3 2 0 1 0 0 0 3 1 0 0 0 0 0 0 0 0 0 0 0 1 0 0 0 0 0 1 0 0 0 0 0 0 0 0 0 0 0 0 0 0 0 0 0 0 0 0 0 0 0 0 0 0 
0 0 2 1 4 3 4 3 2 9 13 7 18 11 17 23 23 35 43 59 53 70 91 100 126 113 107 142 185 168 211 190 230 200 223 214 260 247 233 254 235 246 248 209 224 223 193 187 189 150 162 151 123 112 132 105 93 85 81 86 80 73 70 59 47 52 49 39 37 27 32 38 25 22 26 24 14 17 18 14 18 12 12 11 11 6 8 10 8 7 4 3 4 1 4 6 4 1 2 1 0 1 1 1 2 2 3 0 2 1 0 1 2 1 0 2 0 0 0 0 0 1 1 1 0 0 0 0 0 0 0 0 0 0 0 0 0 0 0 0 0 0 0 0 0 0 0 0 0 0 0 0 0 0 0 0 0 0 0 0 0 0 0 0 0 0 
0 0 0 0 2 0 3 1 5 2 14 8 21 39 30 37 28 44 55 59 61 96 105 115 135 149 160 136 171 194 190 223 221 254 232 221 243 242 236 244 232 224 205 215 195 190 185 187 162 151 143 132 106 127 108 91 86 89 90 72 43 54 50 60 58 47 43 37 33 40 29 22 24 28 24 18 14 10 13 10 13 5 8 2 2 7 3 7 7 2 4 5 2 3 2 2 0 1 1 2 1 0 1 0 2 2 0 0 0 1 0 1 0 1 0 1 0 0 0 0 1 0 0 1 0 0 0 0 0 1 0 0 0 0 0 0 0 0 0 0 0 0 0 0 0 0 0 0 0 0 0 0 1 0 0 0 0 0 0 0 0 0 0 0 0 0 
0 0 0 0 4 1 5 7 9 23 46 15 20 32 42 59 77 69 72 86 110 104 135 142 155 177 184 170 215 232 223 246 210 223 267 255 259 225 245 207 211 200 188 194 199 152 168 186 152 131 139 146 105 89 101 64 92 87 77 55 53 60 54 30 35 36 38 27 26 28 16 13 22 17 8 10 11 12 9 6 12 4 8 5 6 5 2 4 1 7 3 3 0 2 4 1 1 2 4 3 2 1 2 0 0 1 1 3 0 2 0 0 0 0 1 0 0 0 1 1 1 0 1 1 0 0 0 0 0 0 0 0 0 0 0 0 0 0 0 0 0 0 0 0 0 0 0 0 0 0 0 0 0 0 0 0 0 
0 0 0 3 3 4 1 2 2 3 7 16 20 13 32 27 33 45 37 35 49 59 70 96 89 101 130 145 188 181 172 178 203 226 218 215 223 261 246 269 248 235 235 219 201 175 222 200 176 162 131 156 154 138 115 131 99 91 116 89 81 73 54 58 56 49 49 26 44 46 37 36 34 24 26 17 15 17 17 14 12 13 7 12 9 7 4 5 5 10 6 10 3 5 5 3 1 2 2 4 1 0 1 0 0 1 2 0 0 0 1 1 0 0 0 0 0 2 0 0 0 0 0 0 0 0 0 0 0 0 0 0 0 0 0 0 1 0 0 0 0 0 0 0 0 0 0 0 0 0 0 0 0 1 0 0 0 0 0 0 0 0 0 0 0 0 0 0 0 0 0 0 0 0 0 0 
0 0 0 2 2 3 3 13 8 13 9 6 22 36 47 43 47 31 58 72 96 103 118 136 124 177 155 192 174 225 227 223 228 235 260 219 272 229 242 212 228 220 206 191 200 192 165 160 174 129 140 117 121 106 91 85 80 65 67 57 49 58 49 42 45 40 33 35 29 26 20 19 14 14 17 17 12 11 15 8 8 5 13 11 9 6 11 9 6 3 4 3 3 3 6 5 1 1 1 4 3 2 2 2 1 2 0 1 1 0 0 0 1 1 0 0 1 1 0 0 3 0 1 1 1 1 0 0 0 0 0 0 0 0 0 0 0 0 0 0 0 0 0 0 0 0 0 0 0 0 0 0 0 0 0 0 
0 0 0 1 4 1 4 8 7 8 8 11 9 20 18 25 31 44 30 54 59 63 87 111 98 116 111 160 139 137 166 194 188 221 229 211 259 255 268 242 239 232 213 233 202 249 225 199 178 179 174 147 139 118 130 108 110 117 98 73 87 74 62 50 56 56 46 44 39 33 37 33 35 28 24 23 10 17 19 18 17 18 14 6 8 9 5 9 8 6 3 4 2 4 1 2 4 3 2 1 1 2 1 2 4 1 4 0 2 0 0 2 0 0 0 1 0 0 0 0 1 0 1 2 0 1 0 0 0 0 0 0 0 0 0 0 0 2 0 0 0 0 0 0 0 0 0 0 0 0 0 0 0 0 0 0 0 0 0 0 0 0 0 0 0 0 0 0 0 0 
0 1 0 3 3 8 3 3 5 5 17 10 14 18 28 33 45 40 44 46 50 89 79 108 108 132 139 143 137 184 168 211 231 216 201 256 231 218 259 253 268 239 239 220 224 209 181 193 179 174 173 152 137 127 119 109 104 104 90 76 70 66 48 48 57 52 46 34 27 43 29 20 22 17 22 17 14 22 17 9 11 16 11 8 10 7 3 4 2 6 2 4 5 2 3 4 3 3 0 1 2 1 0 1 0 1 1 2 1 1 2 1 1 2 0 0 2 0 0 0 0 0 0 0 0 0 0 0 0 1 0 0 0 0 0 0 0 0 0 0 0 0 0 0 0 0 0 0 0 0 0 0 0 0 0 0 0 0 0 0 0 0 0 0 0 0 0 0 
0 0 0 1 4 3 0 5 4 6 3 3 17 16 12 28 33 33 57 58 48 74 77 87 104 122 132 155 169 174 167 207 208 207 214 221 215 222 271 234 226 230 225 200 201 213 216 210 190 180 145 158 143 120 118 109 93 90 86 83 78 67 72 65 51 54 37 44 39 38 27 40 29 22 21 17 24 21 19 15 16 10 13 14 2 14 5 9 7 4 7 5 3 4 3 5 2 2 3 3 3 1 2 0 2 1 2 1 1 1 0 0 0 0 0 1 1 0 1 0 0 0 0 0 0 0 1 0 1 0 0 0 0 0 0 0 0 0 0 0 0 0 0 0 0 0 1 0 0 0 0 0 0 0 0 0 0 0 0 0 0 0 0 0 0 0 0 0 0 0 0 0 
0 0 3 2 0 8 4 5 10 9 15 8 10 24 32 34 31 56 49 79 85 87 100 116 140 139 148 181 172 204 196 222 206 223 246 252 249 226 202 256 230 228 212 219 199 179 189 170 158 172 148 120 112 132 103 95 87 85 79 76 57 56 53 47 60 39 38 29 33 24 25 18 24 21 20 9 20 10 15 13 18 7 10 10 8 5 6 11 4 4 4 5 2 0 2 1 3 0 2 1 3 2 1 2 0 0 0 1 1 1 1 1 1 0 0 2 0 0 0 0 0 0 2 0 1 0 0 0 0 0 0 0 0 1 0 1 0 0 0 0 0 0 0 0 0 0 0 0 0 0 0 0 0 0 0 0 0 0 0 0 0 0 0 0 0 
0 0 1 0 1 2 3 9 8 8 19 24 20 16 33 28 41 58 72 57 77 99 115 115 115 146 141 175 175 190 232 216 226 232 239 230 235 248 262 229 210 244 201 213 224 178 182 164 150 160 124 115 121 112 107 99 90 85 69 68 45 52 58 53 52 53 46 29 44 30 26 25 18 20 13 13 19 13 10 13 12 6 6 4 6 9 8 7 5 4 4 3 5 1 1 3 0 1 2 1 1 3 0 2 1 0 1 0 0 1 1 0 2 0 1 0 0 0 1 1 1 1 0 0 0 1 0 0 0 0 0 0 1 0 0 0 1 0 0 0 0 0 0 0 0 0 0 0 0 0 0 0 0 0 0 0 0 0 0 0 0 0 
0 0 0 0 2 5 0 5 5 4 17 7 17 19 22 34 27 34 45 48 59 70 96 100 98 116 117 148 163 186 179 221 221 208 220 244 236 232 240 223 232 235 251 218 221 211 195 194 166 165 155 134 128 133 118 97 101 94 92 78 75 70 78 69 46 45 45 44 39 35 34 25 28 19 17 16 19 22 17 15 14 17 10 8 9 8 11 7 6 1 7 1 3 3 1 4 2 3 4 1 5 2 1 1 1 1 1 3 0 2 0 0 0 0 2 0 0 1 0 0 0 0 0 0 0 0 0 0 0 0 0 0 0 0 0 0 0 0 0 0 0 0 0 0 0 0 0 0 0 0 0 0 0 0 0 0 0 0 0 0 0 0 0 0 0 0 1 0 0 0 0 0 0 0 0 0 0 0 0 
0 0 2 0 2 2 3 5 7 4 3 5 12 10 11 18 19 29 42 58 59 56 70 64 117 104 136 146 159 168 189 200 193 210 219 219 223 235 269 225 246 236 233 238 212 197 215 228 223 189 174 136 152 121 130 112 119 103 99 103 75 73 68 60 68 49 41 41 31 27 28 23 32 25 22 13 14 20 20 15 9 14 11 12 7 7 5 6 13 6 4 0 3 5 4 5 3 0 1 2 4 2 1 1 0 2 0 0 1 1 1 0 0 0 0 1 0 0 1 0 1 0 1 0 0 0 0 0 0 0 0 0 0 0 0 0 0 1 0 1 0 0 0 0 0 0 0 0 0 0 0 0 0 0 0 0 0 0 0 0 0 0 0 0 0 0 0 0 0 0 
0 0 1 0 2 5 4 2 6 5 36 27 18 26 30 41 55 58 88 87 99 77 101 114 133 145 156 194 180 241 204 264 215 242 222 224 237 217 213 222 222 243 210 187 184 156 163 172 165 154 137 120 125 122 97 106 91 82 76 59 60 54 57 61 39 42 40 49 36 35 28 28 29 11 21 12 11 18 9 11 13 11 8 5 7 5 6 7 6 3 6 3 2 2 3 2 4 2 2 1 2 2 2 0 1 2 1 1 1 1 1 0 0 0 0 2 0 0 0 0 1 0 0 0 0 0 0 0 0 0 0 0 0 1 0 0 0 0 0 0 0 0 0 0 1 0 0 0 0 0 0 0 0 0 0 0 0 
0 0 0 1 4 3 4 3 3 3 13 4 5 22 10 17 21 18 28 43 41 58 67 86 73 103 112 120 146 149 178 178 186 190 181 217 248 239 246 256 246 229 248 221 211 237 232 206 203 193 186 162 143 152 145 127 114 104 107 83 90 71 65 71 63 58 50 56 39 34 36 42 34 20 26 26 19 15 20 14 15 12 9 13 10 8 11 9 6 4 2 7 3 0 1 3 8 1 3 4 1 0 0 1 0 1 1 0 2 1 0 0 0 0 1 0 0 0 0 1 0 0 1 0 1 0 1 0 0 0 0 0 0 0 0 0 0 0 0 0 0 0 0 0 0 0 0 0 0 0 0 0 0 0 0 0 0 0 0 0 0 0 0 0 0 0 0 0 0 0 0 0 0 0 0 1 0 0 0 0 0 0 0 
0 0 2 0 1 4 2 4 6 5 12 16 22 24 26 36 38 52 57 79 91 100 123 131 139 162 181 182 218 206 206 228 255 220 228 247 219 253 236 228 206 229 210 215 231 178 170 135 160 148 124 124 120 109 100 111 80 78 69 67 59 71 58 41 42 47 31 36 38 25 29 15 10 26 14 16 10 11 8 15 14 10 9 6 9 4 4 9 7 3 4 3 4 1 1 6 1 3 3 2 2 2 1 0 2 2 0 1 0 0 2 0 0 0 1 0 0 0 0 0 0 1 0 1 0 1 0 0 0 0 0 0 0 0 0 0 0 0 0 0 0 0 0 0 0 0 0 0 0 0 0 0 0 0 0 0 0 0 0 
0 0 0 0 1 3 0 3 9 9 14 9 21 22 25 31 36 37 58 59 67 94 83 124 134 150 139 213 179 202 198 224 211 226 222 234 251 245 266 233 257 215 227 207 201 206 194 181 156 131 135 139 111 138 99 115 91 67 72 70 57 67 55 49 46 56 31 36 41 20 35 27 19 28 23 23 13 11 11 16 8 12 10 7 9 8 8 6 5 4 7 5 7 1 6 1 2 2 1 3 1 1 1 3 2 1 2 0 0 0 1 2 0 0 0 0 1 0 1 0 0 0 0 0 0 0 0 0 0 0 0 0 0 0 0 0 0 0 0 0 0 0 0 0 0 0 0 0 0 0 0 0 0 0 0 0 0 0 0 0 0 0 0 0 0 0 0 0 0 0 
0 0 0 3 4 2 1 3 5 2 9 9 11 18 38 22 39 32 51 55 70 83 83 116 126 115 139 165 158 191 190 211 187 223 221 233 245 268 219 258 226 219 211 218 241 186 205 181 161 139 161 154 152 144 125 116 107 83 81 92 82 64 69 71 59 56 40 46 31 28 25 26 29 26 26 25 6 22 16 8 10 7 6 6 13 10 10 2 4 3 5 5 0 3 0 2 3 5 2 3 1 1 4 2 2 1 2 0 2 1 0 2 0 2 2 2 0 0 0 0 0 0 0 0 0 0 0 0 0 0 0 0 0 0 0 0 0 0 0 0 0 1 0 0 0 0 0 0 0 0 0 0 0 0 0 0 0 0 0 0 0 0 0 0 0 0 0 0 0 0 0 0 0 0 0 0 
0 0 0 0 1 1 6 7 5 5 8 13 7 12 22 28 37 40 61 81 67 110 92 107 115 146 137 179 203 176 203 221 243 217 241 253 280 226 225 233 239 232 212 186 196 190 187 217 170 146 142 139 145 104 98 95 89 82 70 62 67 65 59 51 47 41 27 34 28 22 25 28 19 18 17 20 16 21 15 15 8 8 10 12 7 5 8 1 8 2 2 5 4 1 2 2 1 1 4 1 0 0 3 5 2 1 1 0 0 1 0 0 0 1 1 0 0 0 0 0 0 0 0 0 0 0 0 0 0 0 0 0 0 0 0 0 0 0 1 0 0 0 0 0 0 0 0 0 0 0 0 0 0 0 0 0 0 0 0 0 0 0 0 
0 0 0 3 1 2 1 3 5 3 3 5 21 20 19 24 35 34 40 51 56 61 61 73 99 133 135 117 132 154 177 201 207 207 179 202 239 226 197 236 239 232 238 243 214 227 214 209 198 185 174 178 145 128 141 126 107 108 79 90 76 83 63 69 57 64 61 34 40 41 37 29 28 30 21 25 20 19 16 23 13 7 11 7 13 7 5 4 6 9 5 6 7 4 2 1 3 1 2 3 2 2 4 2 0 3 1 0 2 2 0 0 0 0 3 2 0 0 0 1 0 1 0 0 0 1 0 0 0 0 0 0 0 0 0 0 0 0 0 0 0 1 0 0 0 0 0 0 0 0 0 0 0 0 0 0 0 0 0 0 0 0 0 
0 0 1 1 0 2 2 4 3 6 7 13 11 23 24 21 24 44 51 64 69 103 100 112 126 134 157 157 187 171 213 223 227 227 221 215 236 230 242 236 219 244 201 205 224 174 168 196 188 157 158 139 133 115 115 97 102 83 79 90 67 75 50 50 43 38 42 33 28 34 42 23 31 18 18 11 17 19 9 13 10 13 10 6 4 8 8 5 4 3 5 3 2 5 5 2 2 1 1 0 2 2 0 1 1 0 0 0 2 0 1 0 0 0 1 0 1 0 1 0 1 0 0 0 0 1 0 1 0 1 0 0 0 0 0 0 0 0 0 0 0 0 0 0 0 0 0 0 0 0 0 0 0 0 0 0 0 0 0 
0 0 0 1 1 3 4 5 1 2 4 13 17 18 31 29 28 38 47 52 88 64 90 105 103 116 140 123 141 196 217 214 244 226 232 247 227 262 258 266 219 230 210 201 235 204 190 158 172 163 160 138 148 117 107 89 95 102 75 68 64 68 57 56 48 56 45 47 31 40 31 28 26 23 23 23 19 16 13 8 6 13 8 9 5 10 8 6 2 3 4 4 8 3 4 3 2 2 2 1 1 2 1 1 3 2 1 2 2 0 0 1 0 0 0 0 0 0 0 1 0 0 0 0 0 1 1 0 0 0 0 1 0 0 0 1 0 0 1 0 0 0 0 0 0 0 0 0 0 0 0 0 0 0 0 0 0 0 0 0 0 0 0 0 0 0 0 0 0 0 
0 0 1 0 2 2 3 5 4 3 2 5 10 15 20 14 31 45 37 42 42 62 55 73 96 127 114 142 161 162 187 183 200 221 200 225 243 232 241 216 279 224 218 236 234 212 236 201 201 184 166 151 153 110 136 136 105 104 90 69 74 76 70 66 54 47 37 45 37 35 31 31 29 25 28 23 11 21 14 11 13 10 7 16 8 8 4 4 7 6 5 5 6 4 3 0 5 2 2 3 5 3 2 2 1 0 0 1 2 1 1 0 0 0 0 0 0 0 0 0 0 0 0 0 0 0 0 0 0 0 0 1 0 0 0 0 1 0 0 0 0 0 0 0 0 0 0 0 0 0 0 0 0 0 0 0 0 0 0 0 0 0 0 
0 0 0 0 2 1 6 9 4 7 9 18 9 15 21 19 26 42 69 70 66 70 91 83 109 150 160 160 163 173 186 208 203 235 254 259 217 245 252 241 220 229 232 218 211 190 179 192 178 161 164 132 146 139 101 107 91 79 79 82 70 70 58 55 45 57 35 41 23 34 18 21 21 28 19 17 25 15 10 12 13 8 5 9 8 10 4 6 3 3 6 2 6 5 4 4 1 1 1 3 1 2 2 2 2 1 3 1 1 0 0 1 0 0 0 0 0 0 0 1 0 0 1 0 0 0 1 0 0 0 0 0 0 0 0 0 0 2 0 0 0 0 0 0 0 0 0 0 0 0 0 0 0 0 0 0 0 0 0 0 0 0 0 
0 0 0 0 2 2 5 4 8 7 10 13 14 24 31 36 38 64 61 68 66 114 97 107 120 126 143 157 185 201 197 213 188 217 221 245 218 245 243 220 226 226 236 203 230 167 190 171 150 151 133 125 107 117 95 124 90 83 79 62 68 54 44 57 43 35 41 33 25 30 31 30 20 14 24 18 22 19 16 15 8 9 10 13 4 6 5 4 5 4 5 8 2 4 3 6 2 3 2 0 0 2 3 4 1 1 3 0 1 1 0 1 0 0 1 0 1 0 0 0 0 2 1 0 0 0 0 1 0 0 1 0 0 0 0 0 0 0 0 0 0 0 0 0 0 0 0 0 0 0 1 0 0 0 0 0 0 0 0 0 0 0 0 0 0 0 0 
0 0 0 0 1 1 2 3 3 17 15 24 26 31 47 44 46 58 48 80 101 89 117 103 157 130 142 180 208 213 217 239 213 230 259 246 258 220 234 225 217 207 232 193 177 171 179 168 157 147 128 120 139 101 106 90 85 70 68 69 56 70 46 48 48 36 27 44 26 22 31 29 28 23 14 9 16 10 17 20 7 6 9 9 8 7 4 4 2 2 6 4 1 3 3 0 0 2 0 0 1 0 2 0 0 1 1 1 1 0 2 0 1 2 0 0 0 1 0 0 1 0 0 0 0 1 0 0 0 0 0 0 0 0 0 0 0 0 0 0 0 0 0 0 0 0 0 0 0 0 0 0 0 0 0 0 0 0 0 0 
0 0 0 0 0 2 4 1 1 5 6 16 9 13 19 31 44 33 55 56 55 74 86 100 97 128 133 147 175 186 223 216 212 215 223 222 218 234 245 243 249 203 224 242 190 196 186 163 188 167 171 142 106 114 113 110 102 92 76 82 66 64 56 42 60 50 45 36 38 38 42 25 26 27 25 11 21 25 10 11 16 7 21 5 6 7 6 2 3 5 8 4 5 1 6 3 1 0 2 1 4 3 4 1 0 0 0 1 0 2 0 3 0 1 0 1 1 0 0 0 1 1 0 0 0 0 0 0 0 0 0 0 0 1 0 0 0 0 0 0 0 0 0 0 0 0 0 0 0 0 0 0 0 0 0 0 0 0 0 0 0 0 0 0 0 0 0 0 0 0 0 
0 1 4 2 1 5 2 2 2 5 6 14 18 14 27 31 21 41 65 38 64 63 54 80 121 113 162 136 151 153 169 200 181 217 231 231 252 216 244 231 246 219 220 222 216 243 216 165 191 148 159 129 145 128 107 108 95 93 98 81 76 56 71 61 56 53 42 46 30 27 35 43 29 24 20 17 15 12 13 16 8 11 13 6 9 11 5 4 6 5 6 4 5 3 5 2 4 1 7 1 1 2 1 0 1 1 1 1 0 0 0 0 2 1 0 1 1 3 1 0 0 0 1 0 0 0 0 1 1 0 1 0 0 0 0 0 0 0 0 0 0 0 0 0 0 0 0 0 0 0 0 0 0 0 0 0 0 0 0 0 
0 0 0 1 4 2 3 4 5 9 4 10 9 8 21 19 20 39 37 58 67 89 74 87 94 115 123 140 137 175 177 177 199 226 231 221 223 257 220 236 243 244 235 196 218 233 205 189 170 171 186 147 137 130 147 122 120 104 100 69 63 75 69 68 59 48 47 44 45 38 32 31 27 32 21 18 13 16 11 21 7 5 14 4 8 9 7 7 6 9 3 5 5 2 2 2 1 2 1 2 1 0 1 4 2 1 1 4 1 1 0 0 0 0 0 1 0 1 0 0 0 1 0 0 0 0 0 1 0 0 0 0 0 0 0 0 0 0 0 0 0 0 0 0 0 0 0 0 0 0 0 0 0 0 0 0 0 0 0 0 0 
0 0 0 0 1 0 2 13 8 14 15 20 21 23 18 31 62 56 77 83 117 112 109 116 131 156 179 159 207 231 218 236 243 251 246 244 254 228 238 208 233 222 204 195 179 179 154 168 150 134 127 132 97 112 83 88 76 80 72 63 68 52 58 33 36 45 26 30 29 24 15 23 19 29 16 16 15 18 11 12 7 10 2 7 4 9 6 4 2 2 2 3 5 5 5 3 2 3 1 1 2 2 1 0 1 0 0 0 1 0 1 1 0 2 0 1 1 0 0 1 0 0 0 0 0 1 0 0 0 0 0 0 0 0 0 0 0 0 0 0 0 0 0 0 0 0 0 0 0 0 0 0 0 0 0 
0 0 0 0 2 2 2 5 2 3 8 7 14 15 26 27 36 45 43 63 84 83 86 107 134 150 160 173 148 192 199 209 230 216 217 207 245 247 246 210 223 194 215 192 187 185 165 213 193 175 124 148 136 115 112 120 98 90 76 76 79 60 59 62 55 45 42 36 41 45 41 25 25 20 14 13 24 12 16 12 13 12 12 13 9 5 10 3 5 8 6 2 3 5 1 5 3 2 1 3 0 3 2 2 0 0 1 0 0 1 1 0 2 2 1 1 1 0 1 1 0 0 0 0 0 0 0 0 0 0 0 0 0 0 0 0 0 0 0 0 0 0 0 0 0 0 0 0 0 0 0 0 0 0 0 
0 0 0 1 5 3 5 3 6 5 4 10 14 10 25 21 29 40 33 50 65 67 83 86 81 110 119 153 165 178 170 198 215 191 223 232 260 225 233 240 252 231 187 185 194 211 193 190 186 192 148 154 150 138 129 116 107 88 94 93 76 71 62 61 50 52 41 42 44 30 32 20 36 29 24 15 27 16 14 12 9 11 5 9 11 8 5 6 8 2 2 5 5 4 5 2 1 0 2 3 2 1 0 4 1 3 3 2 0 1 0 1 0 0 0 0 2 0 0 0 0 0 2 0 1 0 0 0 0 0 0 0 0 0 0 0 0 0 0 0 0 0 0 0 0 0 0 0 0 0 0 0 0 0 0 0 0 0 0 
0 0 1 0 2 2 6 2 4 6 14 8 16 17 25 34 48 40 42 59 73 93 80 108 115 130 142 173 163 186 190 192 216 224 227 245 215 242 241 244 228 231 209 220 207 181 178 189 153 156 145 149 143 129 101 121 116 99 76 99 83 78 72 49 49 42 46 48 33 38 40 24 21 25 21 20 12 18 19 14 8 10 10 5 9 9 10 5 5 7 7 3 2 2 4 1 4 3 1 3 2 1 2 4 3 4 2 1 0 0 0 0 0 3 2 1 1 2 0 0 0 0 0 0 1 0 0 0 0 0 0 0 0 0 0 0 0 0 0 0 0 1 0 0 0 0 1 0 0 0 0 0 0 0 0 0 
0 0 0 3 3 3 4 5 2 6 3 14 20 14 25 19 35 37 50 49 76 52 77 81 95 113 144 121 151 154 168 200 204 207 239 207 244 248 242 245 220 233 227 236 212 208 181 184 177 166 167 134 113 145 138 109 106 100 87 84 69 69 64 50 52 57 41 29 43 27 25 30 24 26 21 25 27 15 11 9 19 12 7 9 8 6 6 9 9 8 2 4 3 1 3 0 0 1 1 1 2 1 3 4 1 2 1 0 2 3 3 1 2 0 0 2 1 0 0 0 0 0 0 0 0 1 0 0 1 0 0 0 0 0 0 1 0 0 0 0 0 0 0 0 0 0 0 0 0 0 0 0 0 0 0 
0 0 0 0 1 2 2 3 5 5 3 5 7 12 12 21 50 64 45 28 56 86 78 109 115 129 142 166 166 188 186 209 205 217 223 234 236 231 263 250 241 227 237 248 215 189 199 183 170 175 150 144 142 134 114 124 99 84 85 73 73 85 56 46 73 54 41 40 31 26 35 35 32 22 28 14 20 17 15 11 8 10 9 11 11 5 10 3 3 0 5 2 6 8 3 4 3 2 2 3 5 1 0 5 2 1 3 1 1 0 2 0 1 0 0 0 0 0 0 0 0 1 0 0 1 0 0 0 0 1 2 0 0 0 0 0 0 0 0 0 1 0 1 0 0 0 0 0 0 0 0 0 0 0 0 0 0 0 0 0 0 0 0 0 0 0 0 0 0 0 0 0 0 0 0 0 0 0 0 0 0 0 0 0 
0 0 1 3 2 5 2 7 4 3 9 9 16 12 14 23 23 36 65 37 56 76 69 94 115 100 138 145 141 177 188 175 202 209 204 220 215 216 228 226 236 215 226 225 207 185 188 198 197 180 148 121 128 133 111 123 85 107 86 76 74 60 69 60 58 49 41 34 31 30 40 24 30 19 26 17 18 20 21 12 5 11 10 7 10 8 10 3 7 6 5 4 2 2 3 1 1 3 1 1 2 0 1 5 3 3 0 0 1 1 1 0 1 1 0 0 0 2 1 0 0 0 0 0 0 0 0 0 1 0 0 0 0 0 0 0 0 0 0 0 0 0 0 0 0 0 0 0 0 0 0 0 0 0 0 0 0 0 0 0 0 0 0 0 0 0 
0 0 0 0 5 2 7 1 9 7 9 15 16 18 24 34 43 50 69 68 84 98 109 117 121 144 176 186 172 173 175 215 208 234 237 252 254 254 262 251 249 234 193 203 199 201 176 175 156 148 140 149 135 128 124 90 105 72 83 61 70 53 60 50 44 43 30 32 23 34 31 20 20 14 22 21 19 9 14 8 7 15 12 11 8 9 4 8 7 7 2 4 6 4 3 2 1 0 3 2 2 3 2 0 2 1 0 0 0 1 0 0 0 1 1 0 1 0 0 1 0 1 2 0 0 0 0 0 0 0 0 0 0 0 1 0 0 0 0 0 0 0 0 0 0 0 0 0 0 0 0 0 0 0 0 0 0 0 0 0 0 0 0 0 0 0 
0 0 1 1 3 2 2 0 8 8 9 12 19 16 17 26 33 38 35 53 63 65 79 74 102 117 115 135 163 180 178 210 190 202 183 182 236 214 226 194 223 201 234 216 206 206 212 204 208 173 140 157 125 133 130 122 102 90 92 81 89 69 62 63 51 56 44 57 55 33 39 22 30 20 20 23 10 13 11 16 9 15 14 14 13 6 6 3 2 6 4 4 4 5 4 2 3 0 0 2 5 0 1 2 1 0 2 1 0 1 0 0 1 0 0 0 0 0 1 0 0 0 0 0 0 0 0 1 0 0 0 0 0 0 0 0 0 0 0 0 0 0 0 0 0 0 0 0 0 0 0 0 0 0 0 0 0 0 0 0 0 0 0 0 0 0 0 
0 0 0 0 3 2 5 8 10 11 13 6 11 41 39 34 61 68 64 71 73 78 102 131 130 151 159 175 175 202 192 212 195 205 231 241 232 243 214 227 234 221 209 204 188 164 185 169 165 168 158 125 109 116 94 101 92 76 73 75 69 62 48 55 51 24 47 31 34 40 27 30 30 22 23 21 15 21 9 7 11 10 6 12 5 3 13 3 5 2 3 5 2 3 2 4 2 4 1 1 2 1 2 1 2 1 1 2 3 1 1 1 0 1 0 0 0 1 0 0 0 0 0 1 0 0 0 0 0 0 0 0 0 0 0 0 0 0 0 0 0 0 1 0 0 0 0 0 0 0 0 0 0 0 0 
0 0 0 0 3 1 2 2 5 10 13 5 16 22 27 21 33 37 48 54 49 81 91 107 107 140 121 138 153 174 215 218 199 210 241 245 207 241 241 243 229 263 223 211 210 204 187 172 180 179 154 148 146 107 117 90 77 99 88 69 66 75 53 45 45 46 33 38 53 50 29 25 23 20 16 25 20 10 14 12 12 10 6 6 13 7 9 4 6 3 1 9 2 2 2 3 0 2 0 2 2 2 1 0 1 1 3 0 0 3 3 0 1 0 0 0 0 0 0 1 0 0 0 0 1 0 0 0 1 0 0 1 0 0 0 0 0 0 0 0 0 0 0 0 0 0 0 0 0 0 0 1 0 0 0 0 0 0 0 0 0 0 0 0 0 0 0 0 0 
0 0 0 1 1 3 4 2 6 9 13 28 19 33 37 32 46 53 72 85 94 108 126 139 135 158 153 186 184 210 181 221 203 219 258 220 243 226 261 242 240 224 193 189 207 165 160 154 144 145 146 114 106 116 84 101 72 72 70 60 62 64 49 55 47 38 34 38 34 23 25 24 18 22 14 17 14 9 12 14 11 10 10 5 7 9 4 5 11 3 2 5 3 2 3 3 1 0 1 2 1 3 1 1 3 1 1 1 0 0 0 1 1 0 1 0 0 0 0 0 1 0 0 0 0 0 1 1 0 0 0 0 0 0 0 0 0 0 0 0 0 0 0 0 0 0 0 0 0 0 0 0 0 0 0 0 0 0 0 0 0 0 0 0 0 0 0 0 
0 0 1 2 3 5 5 1 4 4 5 11 9 11 24 30 32 29 50 50 57 55 96 105 120 123 121 135 151 179 187 203 187 212 228 213 218 256 255 238 237 235 251 247 198 209 207 209 194 151 138 146 134 123 111 113 106 100 115 91 68 56 80 65 61 64 50 45 44 40 39 28 29 32 28 21 18 16 13 14 5 7 9 10 9 9 13 9 7 6 7 2 8 2 4 5 6 2 2 3 2 1 1 2 0 0 4 2 1 2 0 1 2 1 1 0 0 0 0 1 0 0 0 0 0 0 0 0 0 1 0 0 0 0 0 0 0 0 1 0 0 0 0 1 0 0 0 0 0 0 0 0 0 0 0 0 0 0 
0 0 0 1 2 5 2 2 4 10 5 6 13 17 19 18 35 24 37 52 45 60 70 58 85 110 108 112 127 156 184 176 189 187 220 232 230 235 216 248 241 227 246 216 206 237 212 208 192 146 172 143 166 141 147 128 129 116 94 92 83 71 72 76 57 56 45 45 53 35 38 32 29 20 33 17 16 16 18 18 9 16 12 9 14 3 9 7 6 10 1 4 2 8 4 5 3 6 4 1 2 3 4 3 2 3 1 1 0 2 0 0 1 0 3 0 1 1 0 0 0 0 0 1 0 0 1 1 0 0 0 1 0 0 0 0 0 0 0 0 0 0 0 0 0 0 0 0 0 0 0 0 0 0 0 0 0 0 0 0 0 0 0 0 0 0 0 0 0 0 0 
0 0 0 1 0 3 3 6 7 15 19 26 19 31 41 44 41 48 71 83 92 105 116 129 131 163 164 173 160 183 224 233 210 215 228 255 205 247 234 235 226 219 202 182 184 218 170 173 152 132 139 125 123 108 94 95 84 74 77 77 67 57 52 56 43 36 41 22 34 32 21 27 17 11 19 22 13 18 16 12 9 7 9 6 15 6 7 4 11 10 2 4 1 4 2 2 3 1 5 1 1 1 1 0 0 1 1 0 2 0 1 0 0 1 1 0 1 0 0 1 0 0 0 0 2 0 0 0 0 0 0 0 0 0 1 1 0 0 0 0 0 0 0 0 1 0 0 0 0 0 0 0 0 0 0 0 0 0 0 0 0 0 0 0 0 0 
0 0 2 0 1 3 11 6 6 12 17 17 15 23 29 36 46 54 57 78 86 87 115 122 117 143 155 171 177 205 191 207 254 227 230 240 244 238 252 215 207 207 231 226 188 186 175 176 154 150 148 132 138 104 105 106 90 75 80 66 81 51 62 53 38 42 37 32 31 23 28 25 27 21 23 16 14 9 8 8 10 11 12 3 3 9 4 1 4 7 0 1 2 5 2 1 3 1 1 4 0 5 1 0 0 1 0 0 1 0 0 0 0 0 1 0 0 0 0 0 1 0 0 2 0 0 0 0 0 0 0 0 0 0 0 0 0 0 0 0 0 0 0 0 0 0 0 0 0 0 0 0 0 0 0 0 0 0 0 
0 0 0 1 1 1 2 3 7 9 7 9 13 14 17 27 29 40 38 60 59 64 92 106 104 124 142 129 163 173 143 188 202 235 222 209 207 211 270 221 235 209 231 237 231 208 191 188 190 175 161 151 137 144 122 109 108 99 95 86 81 55 61 56 63 52 49 32 48 31 31 32 40 33 23 24 18 23 17 21 18 15 14 15 8 11 8 5 5 6 8 6 4 8 2 4 2 5 1 2 4 0 1 4 1 3 2 0 2 1 1 1 0 1 0 0 0 0 0 0 3 0 0 0 0 0 0 0 0 0 0 0 0 0 0 0 0 0 0 0 0 0 1 0 0 0 0 0 0 0 0 0 0 0 0 0 0 0 0 0 0 0 0 0 0 0 0 0 0 
0 0 3 1 2 3 3 6 7 12 10 13 16 26 29 37 36 54 70 85 88 93 117 120 111 133 162 194 151 179 210 212 213 227 225 235 250 243 236 231 222 220 206 216 210 173 185 143 170 178 152 157 135 111 80 90 99 70 69 69 70 57 62 44 51 47 41 40 36 34 34 20 20 17 22 21 15 16 12 9 10 6 10 6 8 5 6 7 6 6 5 2 6 0 2 3 2 0 2 2 2 0 1 0 0 0 0 0 1 1 0 2 1 1 2 0 1 0 0 0 0 0 0 1 0 0 0 0 0 0 0 0 0 0 0 0 0 0 0 0 0 0 0 0 1 0 0 0 0 0 0 0 0 0 0 0 0 0 0 0 0 0 0 0 0 0 0 0 
0 0 0 2 1 4 5 4 1 11 13 16 25 25 21 39 60 52 77 98 90 121 114 145 116 167 163 168 195 223 203 222 233 219 254 235 247 247 231 247 218 230 217 211 206 155 186 140 173 134 134 126 105 100 111 89 77 101 79 66 77 49 37 35 48 29 26 35 34 34 37 20 21 28 18 15 14 10 15 5 6 10 11 9 10 4 8 5 5 5 2 2 4 5 1 4 2 2 1 2 1 2 4 0 0 0 0 0 0 0 0 2 0 0 0 0 0 0 0 0 0 0 1 0 0 0 0 0 1 0 0 0 0 0 0 0 0 0 0 2 0 0 0 0 0 0 0 0 0 0 
0 0 0 2 4 2 4 5 5 6 13 15 26 29 53 50 56 61 54 85 121 106 120 134 117 148 160 198 186 186 215 238 229 218 223 208 229 227 231 251 221 207 209 187 191 186 183 165 155 156 136 135 105 95 109 77 91 82 76 53 66 62 53 37 46 42 40 27 24 31 9 18 18 24 15 11 11 13 9 13 5 9 4 7 10 2 4 4 5 2 2 2 0 1 1 1 1 2 2 0 2 1 1 1 0 2 1 1 1 1 1 0 0 1 1 0 1 0 0 0 0 0 0 0 0 0 0 0 0 0 0 0 0 0 0 0 0 0 0 0 0 0 0 0 0 0 0 0 0 0 0 0 0 0 0 0 0 
0 0 0 0 2 2 7 3 9 9 5 11 20 18 23 26 48 60 50 68 81 86 94 110 119 147 163 157 188 200 181 201 227 246 213 229 227 229 232 203 224 221 223 239 194 195 191 176 175 140 132 143 122 135 121 95 97 100 82 96 63 57 55 58 53 40 41 40 32 26 27 22 19 20 17 13 25 19 13 11 12 10 8 7 6 8 5 5 5 4 2 3 2 2 4 2 1 1 2 0 3 0 1 0 1 3 0 1 1 2 0 0 0 0 0 2 0 0 1 0 0 0 0 0 0 1 0 0 0 0 0 1 0 0 0 0 0 0 0 0 0 0 0 0 0 0 0 0 0 0 0 0 0 0 0 0 0 0 0 0 
