0 0 62 51 34 96 142 159 197 266 263 322 448 487 617 726 788 971 1104 1277 1239 1495 1720 1810 2030 2270 2387 2552 2741 2894 2818 3123 3331 3417 3390 3427 3454 3514 3477 3420 3288 3332 3247 3053 2877 2772 2583 2577 2313 2131 2000 1913 1740 1655 1500 1422 1271 1193 1098 1006 965 831 766 681 676 556 526 486 449 402 388 340 291 300 238 221 210 195 165 165 148 123 115 111 97 98 65 76 75 58 60 54 45 27 34 31 28 28 35 17 16 16 15 20 8 12 10 10 8 7 6 2 5 4 3 3 3 1 1 1 3 1 0 0 1 0 0 0 0 0 1 0 0 0 0 0 0 0 0 0 0 0 
0 0 85 58 40 116 170 183 164 343 306 311 342 430 598 638 769 1008 1138 1064 1273 1476 1494 1771 2043 2086 2231 2439 2461 2772 2948 2975 3145 3225 3318 3351 3339 3475 3522 3433 3314 3178 3281 3069 2986 2859 2649 2630 2406 2266 2108 2047 1858 1754 1641 1498 1315 1299 1205 1146 992 892 879 812 650 648 601 569 465 420 420 347 326 294 275 242 229 198 191 189 170 162 129 130 97 71 80 88 59 66 57 60 54 41 40 42 36 25 25 23 16 18 21 23 16 12 16 12 16 13 5 6 8 11 6 5 4 4 4 1 4 2 1 1 1 1 1 3 4 2 1 0 1 1 0 0 1 0 0 0 0 0 
0 0 69 51 47 67 94 112 179 254 248 349 365 385 470 533 721 827 829 1019 1093 1264 1397 1557 1849 2000 2006 2279 2446 2581 2708 2971 3024 3125 3382 3297 3306 3451 3452 3393 3363 3337 3251 3138 3068 2948 2734 2605 2531 2412 2216 2120 2065 1849 1681 1644 1512 1322 1303 1222 1080 1003 903 826 724 721 665 623 554 504 420 427 366 325 310 297 239 239 192 211 146 154 130 115 114 108 105 80 61 72 61 61 49 47 40 42 24 25 33 23 21 19 12 19 21 14 11 11 10 3 9 4 9 8 3 3 6 2 4 8 3 2 3 2 0 2 2 0 0 1 3 3 0 0 0 0 0 1 0 0 0 0 
0 0 58 64 62 118 110 120 170 236 306 285 423 480 575 595 653 897 1048 1059 1385 1468 1512 1785 1915 2120 2320 2570 2656 2825 3003 3130 3230 3330 3413 3499 3549 3629 3514 3467 3437 3365 3237 3143 2921 2907 2736 2565 2400 2269 2185 2012 1924 1750 1634 1487 1354 1270 1149 1060 943 889 791 750 665 608 568 534 437 417 386 311 308 270 223 271 227 189 197 128 139 129 110 116 97 66 71 75 57 51 52 56 39 42 34 36 32 22 30 20 17 11 21 10 9 8 9 4 8 5 5 5 6 4 4 2 3 1 4 3 2 1 3 1 3 0 1 0 1 0 0 0 0 0 0 0 0 0 0 0 
0 0 56 58 49 93 152 158 152 291 406 380 416 516 610 649 802 941 1041 1272 1507 1635 1868 2082 2249 2348 2528 2759 2864 3096 3318 3271 3517 3618 3667 3663 3736 3634 3616 3512 3382 3337 3153 3104 2808 2871 2643 2438 2310 2156 1963 1838 1673 1518 1481 1319 1269 1065 1049 973 870 797 734 630 575 587 504 461 433 396 336 280 261 282 215 193 205 184 167 156 125 108 97 106 71 70 71 62 53 52 38 35 32 39 22 21 22 23 18 20 22 16 7 15 12 7 11 5 9 10 8 8 6 4 6 2 3 5 4 3 4 1 1 1 0 0 1 0 0 1 1 0 0 1 0 0 0 1 0 0 0 0 
0 0 49 37 59 58 125 177 238 216 197 298 446 452 494 630 808 966 1023 1170 1371 1597 1805 1910 2208 2307 2491 2810 2949 3147 3208 3240 3414 3558 3411 3572 3675 3532 3544 3455 3455 3462 3272 3159 2952 2706 2789 2605 2305 2203 1995 1934 1769 1666 1567 1472 1295 1216 1151 1036 937 896 755 725 664 591 556 488 474 429 383 335 321 267 265 228 227 179 169 175 110 150 126 97 98 90 68 66 56 57 47 42 38 27 28 27 25 27 22 13 10 13 11 11 8 7 7 7 5 2 6 6 2 2 4 3 1 0 0 1 0 2 0 1 1 4 0 0 0 2 0 0 1 0 0 0 0 0 0 0 0 0 
0 0 66 50 40 71 86 118 143 152 137 241 280 331 428 506 562 588 872 844 853 1192 1262 1379 1601 1698 1901 2055 2345 2419 2596 2868 2973 3103 3176 3298 3381 3498 3266 3407 3348 3525 3186 3198 3201 3028 2934 2823 2607 2585 2425 2186 2119 2050 1850 1667 1632 1456 1279 1241 1142 1071 1016 901 833 727 704 590 596 542 461 434 414 348 334 292 277 250 221 196 177 175 153 140 128 100 109 80 69 86 61 72 70 55 41 39 38 39 37 27 27 20 20 10 25 13 14 11 14 13 9 19 7 6 5 4 5 5 5 1 6 2 3 1 2 1 0 1 0 2 1 1 1 3 1 1 2 0 1 1 0 0 
0 0 59 64 55 76 115 191 244 332 294 325 575 614 600 841 832 1039 1211 1435 1422 1631 1928 2083 2175 2400 2630 2791 2949 3107 3321 3391 3531 3618 3592 3646 3657 3572 3482 3496 3252 3198 3006 3047 2832 2592 2562 2265 2248 2116 1885 1815 1652 1603 1398 1344 1194 1087 1013 980 883 787 722 609 588 529 484 449 408 335 355 282 257 228 203 207 187 201 157 144 128 95 133 81 83 84 63 68 62 58 43 43 41 36 43 37 18 23 19 17 20 22 16 12 9 7 9 11 9 2 9 9 4 4 8 2 7 5 4 3 6 2 2 4 0 0 0 1 4 2 0 0 2 0 0 2 0 0 0 0 1 1 
0 0 59 58 41 178 180 186 163 331 414 470 474 701 798 810 923 978 1246 1407 1519 1737 2047 2264 2306 2532 2686 2738 2975 3149 3153 3367 3516 3509 3608 3433 3504 3439 3383 3329 3275 3125 3057 2854 2830 2623 2428 2327 2222 2038 1899 1836 1668 1461 1368 1315 1116 1047 932 912 850 730 683 586 569 480 466 409 378 354 346 282 279 230 212 227 175 158 148 128 131 114 92 91 90 76 80 59 67 45 40 36 42 46 33 35 27 37 21 15 14 16 24 5 15 9 5 14 7 7 3 7 8 4 1 4 2 2 2 0 3 2 2 1 2 0 0 1 1 1 1 0 1 0 0 0 0 1 0 0 0 0 
0 0 73 58 59 98 121 152 212 233 225 342 393 507 491 651 770 878 1052 1256 1302 1574 1734 1766 2083 2217 2500 2584 2806 2964 3127 3293 3458 3435 3480 3579 3583 3516 3609 3486 3421 3265 3218 3123 2979 2729 2590 2538 2364 2027 1918 1934 1754 1633 1449 1404 1258 1134 1038 959 847 825 732 694 582 581 533 492 395 398 322 295 293 266 250 219 184 189 178 143 148 107 103 97 97 75 78 72 43 66 42 32 35 25 31 27 18 17 20 21 16 13 12 10 9 9 9 2 9 3 5 9 3 3 2 2 3 3 0 2 6 2 1 2 0 3 2 2 1 1 1 0 1 1 0 1 1 0 1 0 1 1 
0 0 65 52 50 99 177 161 208 301 304 363 476 525 627 662 836 936 1032 1190 1351 1494 1775 1824 2075 2247 2379 2466 2611 2820 2891 3121 3217 3249 3384 3430 3339 3476 3383 3299 3212 3245 3188 2893 2902 2725 2583 2452 2336 2143 1981 1918 1786 1657 1517 1346 1353 1229 1117 1085 911 822 779 735 653 569 591 515 450 447 388 346 304 300 264 271 222 198 163 175 140 128 132 104 99 92 90 64 66 58 49 42 47 44 33 26 17 29 19 18 15 20 10 14 10 15 7 5 4 3 2 8 4 6 4 3 2 5 1 3 0 5 3 1 0 1 4 1 1 0 0 0 0 0 0 0 0 0 0 0 
0 0 50 43 50 117 206 145 237 301 319 364 395 434 579 643 726 862 963 1053 1199 1317 1430 1560 1874 1970 2119 2262 2461 2521 2654 2929 3001 3001 3274 3314 3398 3375 3343 3324 3287 3196 3164 3080 3054 2786 2717 2614 2446 2379 2103 2075 1929 1791 1682 1600 1456 1370 1175 1172 1070 924 852 783 768 662 607 549 500 459 428 391 380 331 320 278 231 255 188 178 182 148 137 120 117 98 85 104 62 57 66 46 58 41 30 30 31 34 25 30 29 10 19 12 20 20 8 7 10 7 12 4 4 3 7 6 1 5 3 9 1 0 3 0 0 0 0 2 0 0 0 0 0 0 0 0 0 1 0 
0 0 70 61 53 230 198 177 302 392 473 515 698 742 857 1023 1201 1236 1481 1635 1772 2006 2152 2285 2541 2702 2904 3086 3303 3286 3438 3511 3650 3547 3633 3655 3525 3531 3397 3308 3101 3091 2959 2802 2604 2402 2342 2173 2051 1943 1776 1622 1469 1439 1251 1156 1067 985 902 779 784 664 641 581 517 477 445 400 314 339 280 269 252 206 179 176 148 145 138 99 108 83 71 67 67 69 52 42 45 36 39 41 28 15 33 26 19 22 18 13 9 12 9 8 11 9 5 5 7 7 5 4 5 6 6 1 2 4 2 2 3 2 2 1 3 0 2 0 0 0 0 0 0 1 0 0 0 0 0 0 0 0 
0 0 49 51 36 55 116 144 166 263 198 286 350 428 483 650 776 827 938 1170 1296 1453 1624 1835 1904 2217 2432 2653 2706 2898 3169 3249 3328 3349 3424 3543 3646 3530 3642 3526 3430 3292 3200 3118 3040 2867 2631 2641 2475 2269 2135 1957 1856 1756 1652 1399 1348 1298 1181 1064 972 912 822 719 651 618 542 472 466 428 349 349 288 252 241 240 190 190 144 145 145 110 86 92 106 83 76 77 66 65 46 43 45 29 34 31 43 24 35 20 19 21 15 20 15 16 14 8 6 10 7 12 6 3 7 6 6 6 2 3 2 5 1 3 2 3 1 4 4 1 1 3 1 3 2 2 1 0 0 0 0 0 
0 0 42 48 54 141 181 171 228 360 310 354 506 626 673 866 964 1119 1260 1375 1603 1739 2050 2270 2360 2552 2759 2942 3001 3229 3306 3487 3478 3516 3463 3527 3595 3489 3569 3422 3273 3123 3041 2887 2727 2607 2500 2299 2174 2019 1865 1714 1589 1444 1418 1262 1097 1049 955 904 807 738 711 616 595 492 446 417 411 343 322 302 241 232 210 197 190 163 131 141 95 124 123 86 77 80 61 58 40 54 52 42 37 26 33 25 28 22 22 15 17 17 16 17 16 6 7 7 4 9 8 3 5 7 3 3 1 4 4 0 0 1 0 2 0 1 0 0 0 1 0 0 0 1 0 0 0 0 0 0 1 0 
0 0 69 56 45 128 144 146 185 328 319 373 418 479 621 665 874 840 997 1214 1358 1478 1609 1849 2036 2198 2367 2494 2804 2831 2906 3110 3201 3220 3430 3448 3433 3538 3499 3351 3276 3332 3280 3107 2904 2803 2669 2536 2392 2265 2005 1942 1823 1661 1563 1419 1312 1202 1097 1080 978 837 760 737 678 622 555 479 447 431 390 330 328 270 278 247 192 175 191 149 121 142 113 95 89 87 74 62 51 48 42 43 50 23 27 28 22 17 22 22 17 15 13 13 9 18 11 7 9 6 3 6 5 3 1 8 1 4 4 0 3 3 1 1 1 1 1 1 0 1 1 1 0 0 0 1 0 1 0 1 0 0 
0 0 62 62 50 61 178 168 134 189 204 277 486 464 508 731 766 853 1102 1147 1313 1475 1745 1891 2002 2204 2429 2625 2860 3042 3185 3299 3430 3565 3539 3722 3664 3588 3586 3622 3413 3242 3325 3121 2861 2813 2698 2539 2350 2281 2106 1933 1782 1682 1494 1453 1337 1167 1066 949 872 830 769 664 652 569 538 474 408 401 386 298 279 235 208 211 179 195 152 129 140 121 121 100 75 87 69 68 59 41 58 46 56 42 35 29 18 33 31 19 20 13 19 11 12 6 3 12 10 8 5 4 6 4 1 3 4 3 1 2 0 1 2 1 1 0 0 2 0 1 0 0 0 0 0 0 0 1 0 0 0 0 
0 0 66 78 49 87 175 186 167 349 272 321 493 506 529 626 758 830 1055 1138 1259 1504 1658 1819 2011 2131 2387 2453 2613 2814 2913 3075 3148 3281 3334 3385 3406 3427 3435 3407 3350 3217 3218 3074 2859 2838 2666 2454 2416 2266 2074 1910 1772 1715 1530 1469 1379 1267 1203 1046 940 899 819 735 658 614 513 520 475 424 391 340 308 266 265 239 232 206 158 115 139 123 122 94 103 99 90 57 70 67 57 49 47 45 34 37 28 28 31 32 20 27 18 17 17 19 12 8 12 14 9 10 6 7 2 8 3 5 6 6 3 4 3 3 3 4 2 3 3 4 3 2 0 1 1 1 0 0 2 0 1 0 
0 0 54 61 54 67 179 169 188 298 305 376 400 542 609 698 766 900 1078 1287 1290 1525 1682 1909 2070 2188 2504 2668 2790 2887 3109 3328 3333 3484 3561 3435 3590 3439 3454 3489 3287 3310 3182 3081 2824 2819 2574 2457 2356 2317 2043 1958 1831 1594 1544 1439 1312 1189 1144 1055 895 931 746 727 615 569 561 492 404 374 364 335 307 263 213 226 199 158 153 142 108 97 100 80 87 73 65 52 53 45 52 42 39 23 25 36 21 27 19 18 16 21 18 9 11 13 4 6 8 6 5 2 4 1 2 0 3 4 1 0 2 2 2 0 2 0 2 1 1 4 2 1 2 0 0 1 0 0 1 1 0 1 
0 0 53 44 39 78 78 109 141 218 232 311 372 498 474 670 760 1000 1043 1149 1322 1472 1670 1913 2027 2311 2472 2597 2802 2973 3188 3314 3349 3541 3664 3590 3682 3663 3555 3497 3462 3411 3252 3197 2912 2897 2772 2586 2457 2237 2056 2021 1901 1723 1547 1548 1391 1242 1184 1071 943 890 810 683 646 597 542 536 425 417 363 332 332 286 259 226 209 194 191 152 146 117 97 108 73 73 74 58 45 58 53 28 43 38 29 22 21 13 17 18 15 16 11 10 9 8 12 12 6 6 7 4 2 1 4 5 4 1 1 3 0 1 3 1 1 4 1 1 3 1 3 0 0 1 0 0 1 0 1 2 1 0 
0 0 58 52 60 188 173 148 250 333 359 446 509 610 682 815 918 1063 1210 1380 1405 1678 1953 1976 2176 2420 2554 2793 2868 3016 3211 3330 3344 3519 3530 3537 3556 3495 3302 3299 3224 3096 3138 2919 2766 2599 2459 2376 2166 2068 1912 1720 1625 1464 1315 1255 1129 1012 1048 859 787 738 652 598 593 502 482 447 412 378 305 302 254 235 201 211 186 156 149 134 135 107 104 91 70 76 71 68 55 55 55 43 42 38 39 32 22 11 16 18 22 19 14 15 7 12 8 10 8 8 4 8 2 3 3 5 1 0 1 1 1 1 0 0 0 0 0 0 0 0 0 0 0 
0 0 65 54 53 94 129 128 194 197 282 316 372 545 510 610 750 830 885 1002 1200 1261 1593 1794 1786 2033 2371 2386 2658 2620 2941 2999 3208 3238 3328 3379 3396 3399 3350 3426 3375 3219 3128 3006 2909 2748 2738 2530 2452 2240 2170 1955 1913 1756 1649 1425 1428 1269 1166 1083 1005 961 834 762 714 656 572 495 479 428 408 371 319 310 295 268 212 203 206 165 150 151 127 97 104 97 83 79 71 61 59 64 45 54 33 41 31 22 32 12 19 22 17 11 13 10 11 14 7 8 11 9 9 7 4 3 6 9 4 6 8 1 3 4 1 4 2 3 1 2 1 1 0 1 0 0 0 0 0 0 0 1 
0 0 73 61 59 123 137 247 187 252 357 346 430 566 544 678 830 928 922 1185 1377 1451 1624 1797 1984 2191 2340 2547 2645 2659 2917 3110 3154 3260 3384 3439 3327 3302 3418 3343 3320 3140 3131 3006 2895 2721 2721 2495 2327 2198 2129 1968 1812 1680 1570 1469 1370 1269 1149 1038 960 932 795 781 642 617 567 547 477 397 392 379 328 277 281 216 247 199 177 146 150 140 123 114 95 103 83 70 67 67 59 55 36 44 39 32 34 26 15 22 13 17 16 16 12 9 6 7 4 10 8 2 6 5 1 3 2 1 1 2 0 4 1 0 1 1 1 1 0 0 1 0 0 0 1 0 0 0 0 0 0 0 
0 0 57 61 48 77 163 107 109 177 231 276 318 385 473 508 655 776 955 1116 1212 1415 1614 1729 1906 2062 2414 2559 2623 2849 3028 3090 3315 3306 3393 3435 3536 3610 3504 3480 3364 3295 3300 3108 3054 3020 2739 2603 2508 2305 2242 2020 1876 1683 1672 1549 1375 1293 1194 1037 1001 868 799 729 658 639 539 498 462 397 389 333 286 259 279 209 237 178 163 174 138 134 126 105 94 97 93 90 63 61 69 44 56 45 42 33 35 36 28 21 17 27 25 13 9 14 17 10 13 4 7 5 8 3 3 5 5 5 2 4 0 1 1 2 2 0 3 1 1 0 0 1 1 1 2 1 0 0 0 0 0 0 
0 0 51 58 57 129 102 136 197 298 327 331 470 612 631 803 1037 1078 1245 1458 1643 1786 2051 2219 2532 2685 2795 3025 3098 3279 3448 3530 3610 3620 3700 3691 3638 3626 3476 3413 3314 3105 3120 2834 2724 2534 2341 2277 2110 1979 1877 1710 1626 1465 1331 1206 1128 1038 997 906 815 682 648 613 545 522 460 396 365 337 311 319 231 220 204 180 177 162 154 139 100 117 89 70 76 69 56 59 55 50 40 35 40 25 31 23 21 25 17 13 19 13 9 12 7 6 6 3 6 4 4 5 1 3 2 3 2 0 1 0 0 2 1 1 0 2 2 0 0 0 2 2 0 1 0 1 0 1 0 0 0 0 
0 0 66 55 61 105 142 134 192 301 307 298 429 496 639 642 768 921 1039 1115 1315 1529 1752 1863 1978 2273 2326 2594 2766 2829 3152 3238 3274 3336 3509 3375 3302 3532 3509 3275 3265 3252 3067 2916 2851 2784 2629 2453 2285 2086 2070 1937 1779 1663 1516 1386 1307 1242 1141 1061 925 856 766 674 710 568 588 485 438 427 380 362 343 300 282 255 225 224 184 164 144 133 116 114 118 91 84 71 64 60 66 45 44 35 40 34 38 30 26 34 30 15 19 20 26 10 11 20 15 6 9 12 10 5 11 5 8 8 2 6 4 6 1 5 1 1 2 0 2 1 1 1 1 2 0 0 2 0 2 0 1 0 
0 0 64 59 48 118 155 112 176 323 344 430 529 614 804 776 924 1093 1137 1469 1532 1645 1939 2145 2316 2488 2698 2893 3043 3219 3378 3481 3435 3589 3588 3598 3709 3622 3442 3363 3331 3266 3050 2931 2767 2550 2468 2399 2123 1987 1892 1736 1625 1535 1363 1291 1128 1043 959 924 796 747 697 583 559 494 456 441 379 347 290 289 276 198 224 161 190 169 133 134 128 110 96 89 75 70 55 57 58 44 35 34 32 19 23 10 13 23 11 13 13 9 10 8 8 9 3 4 2 4 9 1 3 1 3 3 2 5 3 1 5 6 2 2 4 2 2 3 0 0 1 0 0 1 2 0 0 1 0 0 0 0 
0 0 66 49 50 97 118 182 224 236 324 334 373 450 516 623 780 815 919 1081 1169 1378 1518 1658 1720 2048 2273 2267 2436 2651 2735 2896 3015 3139 3311 3345 3237 3226 3344 3423 3232 3146 3157 3032 2986 2803 2657 2660 2476 2177 2037 2054 1952 1748 1645 1528 1436 1340 1219 1072 950 945 882 759 782 673 586 531 492 496 420 401 336 312 262 229 281 222 179 173 156 129 136 107 103 90 90 83 60 68 60 51 39 31 39 27 26 18 30 17 24 14 8 16 16 11 11 11 13 11 6 7 5 10 0 2 1 6 2 3 2 1 2 2 1 1 4 0 1 2 1 1 2 1 0 0 1 0 0 0 0 0 
0 0 48 62 48 77 103 141 208 252 228 342 424 465 522 679 819 896 1059 1224 1347 1504 1656 1843 2048 2128 2443 2525 2702 2902 2964 3144 3243 3297 3551 3475 3561 3495 3480 3463 3324 3316 3217 3010 2937 2873 2641 2570 2372 2169 2105 1911 1792 1691 1572 1411 1313 1208 1107 1019 946 803 782 725 608 607 539 491 423 374 372 335 308 284 237 206 200 197 156 153 115 125 108 122 94 86 71 66 57 62 49 48 42 41 32 37 34 23 29 18 11 14 18 14 17 13 16 14 10 9 7 4 7 11 5 4 5 3 3 0 1 1 1 4 3 1 0 5 1 1 0 3 1 2 1 0 1 1 0 1 1 5 
0 0 73 56 53 78 104 140 122 252 375 240 302 448 531 512 622 693 845 952 1123 1237 1456 1540 1733 1904 1947 2250 2437 2501 2750 2888 3036 3202 3301 3401 3425 3412 3393 3450 3363 3352 3253 3188 3006 3017 2833 2728 2604 2498 2348 2085 2007 1873 1700 1621 1505 1396 1277 1218 1118 935 875 838 776 626 632 581 496 452 454 357 359 293 277 243 233 187 194 195 175 139 137 144 101 102 90 84 77 67 67 50 56 38 39 42 38 26 27 25 24 18 20 17 12 11 17 11 3 9 4 9 3 2 3 1 0 3 2 2 2 3 1 1 0 0 0 5 1 1 0 3 0 1 0 0 0 1 0 0 0 1 
0 0 54 59 39 183 163 181 250 295 344 370 530 543 646 793 791 1014 1190 1285 1530 1601 1842 2135 2157 2330 2701 2759 2968 3104 3339 3444 3501 3573 3561 3649 3583 3518 3604 3435 3344 3308 3143 2816 2835 2707 2527 2290 2239 2063 1847 1767 1575 1584 1388 1296 1240 1079 1017 923 888 736 712 681 611 514 517 412 399 337 398 319 287 205 218 214 188 174 162 148 134 109 98 85 81 82 74 70 50 48 42 41 31 28 28 26 29 27 21 16 14 11 16 14 3 8 6 11 9 6 9 6 1 1 5 5 4 3 5 3 2 2 3 2 1 1 1 4 0 1 0 0 0 0 2 0 0 0 0 0 0 0 
0 0 56 53 43 108 196 144 192 375 342 474 508 486 776 872 981 1114 1253 1402 1619 1859 1918 2199 2409 2486 2581 2976 3100 3278 3304 3365 3558 3556 3571 3580 3636 3554 3475 3410 3220 3070 3057 2903 2788 2592 2355 2269 2077 1971 1820 1783 1600 1469 1364 1244 1118 1043 925 886 771 705 655 599 573 496 457 450 403 354 319 290 242 264 228 173 196 154 156 119 115 106 86 102 61 68 56 45 59 42 29 29 35 31 28 14 17 25 23 9 19 11 11 12 12 10 9 12 4 7 3 3 7 4 6 3 3 1 2 1 2 0 0 1 1 2 0 0 0 2 0 0 0 2 0 0 0 0 0 1 0 0 
0 0 56 65 54 88 87 124 233 179 217 359 445 440 656 717 789 995 1095 1259 1461 1613 1712 1966 2165 2482 2505 2739 3017 3085 3228 3324 3382 3466 3581 3660 3515 3607 3614 3568 3351 3296 3200 3143 2930 2847 2590 2558 2379 2175 2048 1894 1760 1656 1469 1376 1211 1163 1087 975 918 773 737 689 553 551 515 430 434 378 313 297 289 261 203 199 180 166 143 133 131 111 92 96 85 78 60 43 61 54 43 38 40 34 29 24 26 23 21 22 18 19 18 12 12 13 10 12 9 15 6 5 8 6 8 5 5 5 5 5 1 1 4 3 3 5 0 2 1 1 2 0 0 0 0 0 1 0 0 0 0 0 
0 0 46 46 38 118 145 203 164 172 279 328 417 380 513 654 695 807 962 1059 1123 1334 1459 1666 1822 1962 2154 2272 2480 2628 2753 3099 3176 3126 3451 3431 3422 3467 3450 3366 3331 3299 3375 3065 2993 2923 2670 2673 2412 2316 2351 2053 1908 1778 1682 1594 1424 1315 1199 1115 1022 923 868 732 696 620 626 527 479 463 386 364 290 291 257 253 230 197 192 162 124 134 101 79 99 71 70 88 50 64 63 57 41 48 36 25 23 28 22 24 12 11 16 5 12 10 8 10 7 4 6 8 11 0 3 2 4 3 1 0 7 3 2 0 3 2 1 0 0 0 1 0 1 0 1 1 0 0 0 0 0 0 
0 0 59 50 56 77 177 130 183 277 354 354 497 551 721 763 895 1092 1266 1359 1491 1810 2012 2101 2273 2513 2739 3030 3101 3345 3427 3632 3601 3559 3744 3812 3638 3532 3586 3434 3414 3262 3042 2877 2794 2632 2418 2275 2075 1984 1874 1743 1549 1492 1324 1228 1194 1034 954 870 730 747 694 629 600 516 450 438 367 353 307 275 206 235 190 207 157 145 134 121 123 121 88 67 85 72 66 64 65 44 42 37 30 35 31 30 25 23 20 15 17 13 11 11 9 9 11 9 6 4 6 6 7 1 3 4 2 3 2 1 1 2 1 0 1 1 1 1 0 0 1 0 0 0 0 0 0 0 0 0 0 0 
0 0 73 54 64 96 146 147 288 235 258 440 462 550 653 694 810 977 1031 1178 1297 1552 1712 1904 1997 2249 2400 2513 2643 2826 3083 3107 3235 3265 3365 3582 3419 3361 3409 3392 3354 3283 3035 2905 2909 2678 2539 2463 2349 2173 2125 1861 1691 1645 1520 1364 1309 1126 1035 992 931 860 747 694 658 576 525 493 450 411 389 326 290 271 270 242 244 215 185 162 145 114 127 126 101 98 82 70 64 54 48 49 45 46 36 37 27 40 23 31 22 15 27 15 19 22 15 15 15 9 13 12 15 8 9 11 7 4 7 4 7 4 3 6 1 6 2 3 0 1 3 2 1 1 2 3 1 0 3 2 1 1 
0 0 59 49 45 120 131 205 176 327 246 324 443 525 585 688 894 824 986 1212 1412 1571 1641 1835 2022 2298 2359 2573 2854 2870 2989 3177 3328 3339 3544 3489 3468 3517 3475 3467 3316 3310 3246 3108 2911 2798 2719 2564 2380 2228 2045 1909 1906 1729 1557 1430 1296 1248 1051 1031 972 900 841 653 630 588 593 463 471 392 387 318 332 293 273 233 195 190 166 142 145 129 121 92 104 93 92 69 74 68 52 53 46 39 39 36 28 29 34 24 21 25 16 15 10 15 11 10 3 8 9 6 9 9 5 4 6 5 1 5 0 0 2 3 1 0 3 1 0 1 3 1 2 2 0 0 1 0 1 0 2 0 
0 0 77 51 44 85 201 225 209 218 382 387 509 608 616 820 887 1018 1107 1263 1407 1540 1768 2016 2131 2356 2469 2631 2954 2922 3096 3294 3283 3504 3425 3509 3467 3462 3420 3322 3309 3156 3059 3015 2776 2656 2635 2432 2217 2076 2049 1878 1735 1515 1513 1393 1231 1197 1048 987 899 774 758 656 620 565 538 475 366 370 351 318 280 262 236 215 194 191 150 145 132 115 117 87 96 74 82 61 76 56 52 54 47 36 31 32 37 27 35 34 18 20 14 15 12 17 9 15 7 9 7 5 3 6 7 3 4 4 3 3 3 2 5 4 1 0 4 2 0 1 4 0 1 1 1 1 1 1 0 1 0 1 
0 0 50 60 45 44 75 147 178 147 314 393 355 482 611 595 769 882 975 1157 1330 1583 1689 1926 2062 2267 2461 2703 2884 2972 3027 3411 3370 3396 3538 3611 3577 3555 3510 3453 3491 3302 3261 3121 3041 2871 2735 2579 2393 2288 2156 1876 1835 1678 1523 1456 1366 1233 1102 1027 947 895 774 751 625 626 571 481 466 381 357 343 313 268 273 244 214 189 170 148 153 141 103 100 93 94 74 65 52 44 49 51 28 29 40 25 22 23 22 16 25 15 14 22 6 9 12 13 9 4 4 9 3 4 4 9 4 3 8 2 2 2 5 1 2 2 0 3 0 4 2 0 1 0 4 1 1 1 4 2 2 2 
0 0 70 65 60 138 120 138 223 234 229 389 424 527 667 651 768 991 1041 1189 1428 1501 1712 1905 2081 2207 2493 2722 2883 3062 3195 3247 3400 3423 3464 3526 3612 3634 3430 3457 3328 3366 3222 3078 2894 2841 2610 2475 2341 2094 2098 1905 1779 1611 1559 1468 1271 1141 1120 1000 895 836 762 687 619 544 534 498 461 430 326 307 306 242 230 194 206 183 160 159 117 122 98 93 88 64 87 56 67 38 57 48 41 39 37 32 23 18 25 15 17 17 14 15 5 17 10 16 6 7 6 11 5 13 2 6 2 1 8 4 6 1 2 1 1 0 1 0 0 1 1 0 0 0 0 0 0 0 0 0 0 0 
0 0 69 65 45 124 163 193 259 325 359 397 494 614 781 838 981 1158 1319 1430 1545 1653 1959 2142 2291 2422 2556 2771 2886 3122 3143 3229 3405 3376 3475 3416 3486 3353 3388 3327 3190 3078 2945 2821 2699 2630 2437 2199 2189 2053 1879 1740 1661 1557 1310 1276 1214 1062 1006 898 827 826 674 667 592 505 452 439 405 358 329 287 266 269 252 217 194 158 155 140 124 124 120 93 92 82 61 62 76 47 42 41 52 31 29 30 28 19 27 19 30 16 13 19 14 7 8 11 9 5 2 7 3 2 3 1 2 5 1 5 1 0 1 1 5 2 0 0 1 1 0 4 0 2 1 1 1 0 0 1 1 0 
0 0 56 45 49 104 132 201 217 258 300 299 462 564 663 736 924 1102 1282 1461 1597 1715 2054 2245 2243 2549 2842 2991 3325 3321 3384 3530 3579 3650 3651 3649 3641 3675 3534 3436 3378 3191 3063 3009 2772 2621 2486 2389 2139 2009 1805 1736 1611 1411 1348 1202 1160 1069 926 879 747 747 629 599 531 495 447 420 370 338 310 285 240 224 198 178 164 151 127 115 114 99 86 65 63 74 66 48 40 50 39 30 32 27 35 27 21 29 18 18 16 12 18 9 15 7 8 5 7 8 4 6 4 6 5 5 4 1 4 3 2 1 2 1 2 2 0 2 1 1 1 1 0 1 1 0 0 0 0 0 0 0 
0 0 68 53 54 69 110 141 148 262 206 282 323 355 449 602 639 759 944 984 1081 1311 1494 1580 1810 2074 2143 2341 2506 2657 2926 3005 3155 3177 3345 3394 3493 3604 3593 3434 3540 3427 3282 3207 3058 2940 2781 2656 2538 2398 2239 2086 1895 1803 1649 1600 1460 1267 1227 1147 1058 968 861 818 755 627 620 572 540 511 396 359 365 277 256 277 222 221 195 177 140 126 131 103 98 83 66 73 69 53 52 50 41 48 29 30 41 32 19 24 20 18 9 20 7 12 14 8 6 8 7 6 6 9 6 3 3 3 7 1 3 1 6 2 1 4 2 1 3 1 0 0 3 2 1 2 0 0 0 0 0 1 
0 0 41 58 40 72 204 97 126 238 231 304 450 498 454 610 813 827 882 1104 1268 1425 1624 1755 1978 2196 2368 2435 2582 2878 2983 2981 3198 3357 3450 3451 3384 3490 3400 3373 3364 3235 3300 3117 2933 2847 2792 2574 2443 2318 2107 2073 1827 1777 1673 1516 1372 1250 1157 1037 1016 883 873 735 697 618 595 538 510 454 379 362 326 310 274 242 213 205 194 169 168 123 112 116 107 99 65 90 83 54 43 52 60 43 37 31 24 38 25 11 11 18 16 18 14 9 10 15 6 10 6 2 6 5 1 5 1 3 2 4 0 1 1 0 0 1 0 0 2 3 0 0 1 0 1 0 0 0 0 0 0 0 
0 0 70 64 54 72 132 151 161 233 291 298 441 445 463 644 670 746 888 1077 1142 1291 1438 1550 1655 1945 2073 2322 2381 2667 2837 2854 3078 3000 3114 3280 3331 3364 3271 3367 3377 3179 3146 3050 2976 2752 2651 2609 2486 2252 2223 2087 1912 1832 1673 1545 1488 1354 1246 1150 1081 960 893 784 697 716 624 594 541 517 464 417 386 363 317 301 264 234 227 199 170 155 165 119 121 101 96 93 80 71 67 68 59 52 52 39 50 40 29 36 12 24 24 29 13 20 16 19 10 18 10 6 8 8 6 6 9 6 3 2 7 5 4 7 2 2 5 6 3 4 3 1 4 6 1 2 2 1 2 2 0 1 
0 0 69 53 50 117 207 139 236 388 369 411 497 639 668 795 962 1080 1177 1386 1555 1779 1938 2091 2348 2471 2741 2822 2943 3123 3201 3369 3443 3389 3453 3487 3491 3475 3418 3321 3366 3156 3184 2896 2855 2615 2555 2436 2257 2080 1929 1859 1709 1504 1465 1377 1225 1090 1010 940 851 811 762 621 594 555 453 474 406 365 334 306 290 245 228 215 177 179 140 145 111 114 94 96 86 74 63 46 57 46 55 47 34 26 28 30 29 21 20 20 9 19 15 14 8 13 13 16 4 5 11 5 8 5 5 3 6 4 4 3 7 2 4 1 0 1 2 0 0 1 3 0 0 0 0 0 0 0 1 0 0 0 
0 0 50 64 59 133 154 183 236 333 384 432 515 677 726 865 1099 1087 1233 1529 1651 1873 2005 2287 2420 2611 2941 2936 3087 3300 3421 3475 3589 3646 3771 3605 3644 3567 3414 3344 3340 3178 3112 2896 2745 2578 2394 2199 2103 1931 1757 1709 1573 1422 1268 1216 1094 1057 940 853 839 726 688 610 529 493 424 402 396 351 290 318 286 237 213 194 158 140 136 142 116 120 96 89 84 68 54 50 60 56 37 51 31 23 23 30 19 25 22 15 12 15 12 11 9 8 9 11 10 4 5 6 2 7 3 2 4 3 4 1 2 1 1 1 1 1 1 1 0 0 0 1 0 0 2 1 0 0 0 0 0 0 
0 0 75 64 54 88 114 158 170 205 218 275 389 468 451 576 677 844 942 947 1189 1351 1471 1574 1807 1946 2107 2328 2423 2621 2756 2891 3011 3101 3221 3312 3329 3392 3392 3454 3303 3214 3080 3156 2974 2798 2736 2689 2489 2347 2158 2114 1932 1832 1733 1600 1492 1424 1206 1176 1064 956 913 853 751 716 611 572 565 558 467 366 421 393 313 286 244 258 217 178 177 182 134 132 137 133 101 88 81 83 88 76 69 61 59 50 41 51 30 29 30 26 28 24 20 23 7 15 23 11 9 13 5 9 11 5 8 4 5 5 4 3 3 5 3 4 7 1 2 3 2 0 2 0 0 3 0 0 0 2 0 0 
0 0 65 57 53 102 104 119 175 322 246 316 465 688 569 654 907 1032 1102 1350 1358 1555 1795 1907 2229 2331 2600 2825 2955 2971 3247 3417 3453 3582 3660 3571 3659 3618 3622 3476 3346 3265 3129 3096 2929 2659 2631 2461 2210 2142 1996 1806 1709 1648 1467 1295 1247 1138 1027 911 931 793 729 674 600 529 472 462 423 377 324 320 285 247 221 214 176 173 166 141 137 113 108 118 73 71 76 74 57 56 50 40 48 34 36 35 28 21 21 14 20 12 10 13 11 18 17 6 3 6 7 6 6 8 4 5 2 9 0 2 7 3 2 2 1 1 1 2 0 0 1 0 0 0 0 0 0 0 0 0 0 0 
0 0 46 68 52 176 239 229 231 361 354 437 515 637 777 835 974 1155 1245 1519 1595 1716 2032 2380 2410 2699 2833 3060 3099 3341 3545 3478 3675 3760 3736 3686 3662 3795 3698 3501 3353 3143 3114 2904 2761 2616 2495 2331 2166 1996 1848 1701 1603 1464 1360 1183 1158 993 924 854 788 700 584 555 512 449 450 388 351 286 288 255 231 203 218 170 164 144 130 125 112 107 84 78 78 75 70 54 49 43 42 45 32 20 26 26 19 22 19 16 21 15 12 7 7 5 1 5 4 7 5 4 3 2 6 1 2 5 4 1 4 5 2 2 3 1 3 3 2 0 2 0 1 1 2 2 1 0 2 1 0 0 
0 0 58 50 43 152 174 104 184 233 320 362 433 429 513 607 711 762 915 1061 1193 1364 1530 1688 1866 1988 2118 2543 2572 2683 2863 3019 3124 3202 3391 3300 3575 3428 3298 3333 3339 3304 3165 2977 2946 2761 2644 2602 2553 2241 2162 2013 1921 1727 1695 1561 1447 1376 1157 1186 1062 944 835 788 739 666 619 551 490 454 417 387 300 314 295 256 242 204 189 194 150 153 135 121 104 100 99 81 78 70 48 52 54 47 42 48 21 26 26 20 30 14 26 18 13 18 14 12 7 8 8 9 5 5 5 4 2 4 4 5 4 4 1 0 2 1 1 3 2 2 2 1 2 1 2 1 0 1 0 0 1 0 
0 0 48 55 49 106 148 173 266 346 291 390 505 574 843 792 859 1069 1102 1291 1389 1715 1890 2007 2173 2397 2538 2708 2887 3133 3302 3451 3476 3692 3679 3538 3595 3606 3594 3511 3372 3285 3159 3023 2875 2823 2578 2472 2255 2121 1975 1803 1731 1554 1500 1346 1196 1094 976 896 842 765 635 652 612 524 481 442 406 337 351 292 276 234 241 188 145 164 145 126 120 114 117 97 82 81 82 66 40 51 49 42 46 27 32 21 29 24 15 16 16 12 14 7 14 9 6 6 6 7 3 8 7 4 3 2 1 2 3 5 1 0 2 1 0 1 1 0 0 0 0 1 0 0 0 1 0 0 0 1 0 0 
0 0 50 53 49 72 109 115 145 163 202 197 305 290 363 430 500 701 711 807 1077 1114 1359 1647 1676 1906 2105 2259 2459 2808 2914 3070 3220 3351 3479 3589 3592 3603 3465 3541 3571 3522 3389 3267 3196 3003 2918 2803 2617 2402 2336 2123 2023 1861 1786 1643 1482 1446 1260 1175 1156 1016 903 834 750 723 608 600 521 472 439 414 369 327 327 283 254 240 200 192 182 161 127 130 112 91 93 77 73 68 69 72 42 32 37 35 28 34 31 19 17 14 18 6 13 7 6 9 6 3 6 4 7 4 3 3 3 4 2 0 3 1 0 3 1 2 3 3 3 1 1 0 0 1 0 1 0 0 0 0 0 1 
0 0 66 60 47 103 170 203 215 232 291 380 416 511 559 642 740 965 1153 1181 1331 1528 1664 1769 2166 2128 2362 2645 2709 2812 3120 3231 3360 3419 3557 3579 3509 3577 3466 3612 3316 3338 3230 3080 2929 2830 2723 2599 2381 2227 1996 1932 1830 1654 1509 1452 1346 1233 988 1035 888 865 757 698 642 604 544 478 421 373 350 317 287 248 267 232 157 177 191 137 121 118 120 94 88 77 82 87 60 57 46 35 39 40 33 30 22 20 18 18 11 15 16 11 11 9 8 15 4 7 3 9 10 10 3 3 7 6 7 3 1 6 5 1 0 4 3 3 3 0 1 1 4 1 0 2 3 0 0 2 2 0 
0 0 70 48 33 154 139 119 209 306 292 353 376 441 528 660 810 826 936 1130 1248 1422 1627 1761 1975 2201 2291 2421 2701 2779 2949 3050 3234 3356 3399 3421 3462 3425 3460 3356 3178 3259 3126 3093 2965 2806 2760 2487 2465 2357 2176 1936 1905 1668 1560 1508 1376 1294 1151 1071 993 885 822 770 731 612 564 524 439 437 358 361 324 303 288 244 194 208 169 169 149 138 117 90 96 77 94 75 62 59 42 41 44 38 30 40 33 19 24 22 17 19 19 16 20 17 18 12 10 11 8 10 6 3 5 6 5 4 2 3 2 1 1 2 5 0 1 2 0 1 2 1 1 1 1 0 0 0 1 0 0 0 
0 0 48 48 64 61 77 135 197 174 282 266 307 396 469 601 641 742 893 955 1159 1230 1364 1636 1749 1820 2111 2268 2486 2591 2767 2990 3114 3184 3252 3335 3409 3447 3510 3498 3537 3328 3336 3330 3133 3043 2871 2824 2536 2415 2364 2124 1957 1860 1709 1668 1481 1335 1274 1149 1031 1027 916 806 756 695 652 581 516 464 476 444 397 315 265 293 252 216 205 202 152 157 153 109 87 101 96 70 72 73 50 41 37 41 44 36 32 18 35 15 19 21 16 11 7 8 10 8 3 4 1 2 3 4 4 2 6 0 0 4 1 2 2 6 1 2 1 1 0 1 1 2 1 1 0 1 0 0 2 0 0 0 
0 0 54 58 38 124 109 155 275 351 309 373 469 549 662 754 878 1080 1207 1346 1423 1694 1905 2001 2251 2434 2645 2853 3008 3078 3261 3283 3509 3505 3475 3656 3702 3510 3492 3531 3389 3091 3025 2974 2875 2544 2521 2440 2270 2052 1916 1831 1734 1595 1475 1276 1144 1149 1045 916 857 768 733 622 592 545 492 476 415 336 308 288 253 263 208 240 177 186 155 141 133 103 99 98 80 78 63 57 50 53 48 48 50 26 29 40 27 28 19 17 27 17 14 15 19 6 3 16 6 12 4 8 9 5 2 3 3 2 2 3 4 2 1 1 2 0 1 1 2 0 0 0 2 0 0 0 1 0 0 0 1 0 
0 0 58 62 48 92 96 273 224 196 362 321 460 520 617 692 771 1003 1132 1138 1510 1657 1717 1901 2129 2377 2593 2798 2875 2967 3155 3285 3340 3532 3636 3663 3692 3594 3571 3582 3475 3195 3280 3126 2865 2836 2596 2502 2365 2194 2089 1951 1721 1713 1511 1392 1264 1197 1052 975 884 757 726 638 641 557 510 474 413 388 333 313 280 264 238 238 206 160 158 164 134 103 89 93 94 78 74 60 53 56 43 43 37 36 34 26 24 12 24 20 10 15 11 10 6 13 9 2 3 3 3 2 5 2 4 5 2 3 1 4 3 3 1 2 1 2 1 2 0 0 0 1 1 1 0 0 0 0 0 0 1 0 
0 0 57 41 44 66 99 151 223 210 228 272 425 403 428 610 686 746 883 1110 1127 1266 1486 1728 1811 1958 2264 2376 2583 2783 2952 3132 3261 3366 3516 3476 3532 3607 3594 3575 3612 3339 3346 3178 3127 2934 2931 2669 2566 2411 2203 2204 1978 1736 1712 1564 1414 1352 1283 1098 994 892 878 778 694 627 579 513 524 486 369 362 328 310 279 243 216 198 190 173 175 148 116 113 110 111 77 69 74 64 67 48 40 43 46 43 46 31 27 33 20 33 30 14 13 20 14 14 12 11 11 10 5 2 5 5 3 5 6 3 2 1 2 3 1 1 1 3 1 2 0 0 1 1 1 2 0 0 0 2 0 0 
0 0 68 55 42 136 266 170 236 423 361 444 563 786 822 926 1218 1293 1429 1715 1807 2025 2251 2490 2541 2722 2940 3038 3100 3336 3518 3488 3574 3620 3584 3638 3598 3541 3285 3254 3214 3056 2939 2828 2581 2450 2434 2166 2118 1898 1791 1669 1527 1492 1275 1196 1066 1021 907 829 741 668 632 608 501 482 472 375 346 327 271 249 222 221 209 181 154 140 137 114 103 98 105 80 64 63 46 49 59 45 35 37 30 20 18 21 16 19 16 14 8 9 4 8 13 11 8 5 6 9 4 2 5 8 1 5 2 0 3 2 3 0 1 4 2 1 3 0 3 1 0 0 1 0 1 1 0 0 0 0 0 0 
0 0 64 61 62 115 156 133 246 336 340 394 556 539 759 872 841 954 1259 1347 1483 1685 1979 2046 2334 2499 2678 2862 3078 3229 3222 3470 3470 3452 3497 3560 3465 3704 3527 3396 3369 3239 3022 2915 2819 2616 2562 2371 2182 2141 1953 1767 1636 1544 1412 1299 1176 1088 1053 925 834 754 688 642 578 543 536 439 409 344 330 309 287 245 234 194 192 188 151 141 105 115 96 86 79 81 71 61 58 47 53 42 48 37 28 27 24 24 21 19 16 11 18 4 8 9 7 6 1 7 4 4 4 0 5 1 1 3 1 0 2 0 0 2 0 0 0 1 0 0 1 0 0 0 0 0 0 0 0 0 0 0 
0 0 54 47 53 81 96 117 156 262 235 327 489 453 552 722 869 952 1046 1298 1409 1469 1841 2107 2054 2389 2544 2799 2973 3078 3337 3376 3406 3556 3732 3656 3678 3776 3720 3631 3362 3314 3275 3037 2948 2787 2552 2396 2264 2184 2031 1980 1696 1525 1494 1314 1261 1102 987 982 828 846 718 610 619 558 508 469 395 390 350 296 283 265 236 239 162 202 160 139 129 148 96 98 92 82 84 76 65 70 45 43 48 39 37 39 32 24 26 18 16 15 16 13 7 14 9 3 9 7 5 4 4 3 1 3 8 2 4 1 2 1 0 2 1 1 2 1 1 2 0 2 1 0 1 0 0 0 0 0 0 0 
0 0 58 36 43 113 85 183 208 251 285 366 517 558 797 807 909 1069 1267 1391 1513 1745 1880 2082 2236 2519 2547 2765 3041 3066 3267 3329 3530 3649 3503 3545 3647 3579 3528 3338 3337 3231 3107 2972 2817 2663 2574 2448 2256 2010 2029 1826 1674 1561 1521 1313 1234 1143 1081 945 833 748 693 657 610 515 470 464 367 345 352 300 256 259 194 193 170 161 152 141 123 123 108 83 99 66 66 70 71 48 41 40 44 39 42 34 29 31 22 21 16 20 20 15 18 10 9 7 8 8 8 5 8 7 4 4 9 4 0 5 3 6 0 4 1 4 1 2 2 0 2 0 0 1 1 1 0 0 0 1 0 0 
0 0 56 40 31 97 78 84 262 211 158 276 390 428 550 604 605 786 920 987 1100 1270 1504 1650 1762 1956 2189 2512 2599 2756 2997 3010 3171 3308 3400 3443 3598 3597 3546 3646 3489 3421 3301 3152 3231 2951 2797 2721 2507 2308 2196 2061 1898 1798 1644 1522 1488 1325 1194 1107 1020 922 865 766 727 652 651 536 482 437 423 398 322 299 273 276 228 202 178 150 148 152 108 104 111 87 78 52 57 60 53 38 30 37 45 38 37 20 27 15 13 18 17 27 16 6 14 18 6 3 10 6 8 5 2 5 7 3 4 4 2 2 0 3 4 0 1 0 2 1 1 1 0 0 0 1 1 0 0 0 0 0 
0 0 75 50 52 80 164 214 281 245 425 417 527 584 712 856 880 1024 1261 1400 1419 1677 1841 2051 2229 2358 2561 2814 2959 3086 3279 3429 3406 3466 3581 3693 3721 3610 3529 3426 3469 3237 3183 3088 2813 2692 2592 2354 2299 2100 2007 1787 1702 1547 1370 1292 1142 1158 987 918 861 759 714 602 536 513 408 415 373 322 320 290 234 216 203 187 170 141 117 129 104 110 94 78 87 55 61 49 38 55 33 30 35 37 27 21 17 13 18 15 15 11 11 13 5 4 5 6 3 7 11 4 2 4 5 2 1 1 0 0 1 0 0 0 1 0 0 0 0 0 0 0 0 0 0 0 
0 0 58 67 58 183 115 130 351 312 233 350 433 513 561 707 809 973 1137 1273 1464 1485 1816 1973 2185 2264 2520 2680 2758 2942 3199 3242 3275 3417 3341 3488 3508 3435 3233 3364 3275 3156 3011 2930 2820 2628 2495 2336 2222 2059 1919 1789 1653 1611 1469 1296 1223 1146 1001 999 881 782 745 675 600 579 514 455 444 408 364 318 304 266 244 224 204 167 155 161 138 129 108 88 87 88 74 63 55 50 51 40 27 29 45 20 22 17 20 17 15 16 17 11 9 14 5 8 5 5 4 4 5 2 2 3 3 2 0 2 2 4 0 1 3 2 1 0 4 3 0 1 0 0 2 0 1 0 0 2 0 0 
0 0 56 57 57 97 114 312 186 238 324 336 444 546 603 794 933 1008 1064 1268 1420 1613 1884 2023 2137 2327 2514 2616 2926 3062 3176 3461 3494 3597 3645 3572 3672 3572 3645 3430 3414 3278 3131 3026 2887 2731 2562 2481 2287 2122 1940 1823 1738 1581 1507 1341 1264 1153 1093 911 847 805 728 617 584 485 510 431 435 326 313 298 273 229 218 186 174 155 143 161 124 117 101 84 59 84 67 55 50 60 54 39 35 25 22 30 30 26 16 19 8 13 13 12 7 14 12 10 9 5 6 7 1 6 1 2 5 5 1 5 2 1 2 3 0 2 0 0 2 0 0 0 0 1 0 0 1 1 0 0 0 0 
0 0 64 67 60 106 137 197 257 303 409 426 478 666 687 813 888 1015 1171 1350 1387 1592 1827 2032 2184 2304 2540 2727 2941 3102 3172 3253 3384 3537 3507 3584 3613 3540 3469 3438 3337 3298 3061 2946 2895 2644 2493 2386 2164 2018 1948 1760 1630 1554 1401 1357 1263 1086 968 922 843 790 712 656 609 541 509 460 421 362 365 325 261 257 232 217 216 180 159 127 113 128 114 90 79 73 62 58 65 47 45 30 44 42 31 29 23 23 18 20 13 7 19 9 15 7 7 10 7 5 5 5 5 1 2 5 5 3 0 3 3 2 0 0 0 1 0 0 1 1 0 1 0 0 0 0 0 0 0 0 0 0 
0 0 45 48 44 81 86 110 160 170 170 256 325 309 441 499 550 645 786 964 1024 1249 1354 1442 1650 1836 1938 2099 2330 2485 2631 2943 2963 3054 3243 3347 3402 3513 3373 3424 3384 3397 3183 3265 3113 3025 2787 2767 2573 2470 2271 2169 2128 1967 1730 1658 1593 1476 1258 1230 1044 1054 1040 846 848 679 643 604 496 538 421 434 393 358 304 303 298 248 218 161 195 159 169 121 110 131 105 93 80 68 85 74 49 61 43 52 40 41 35 27 38 26 24 20 19 23 16 15 17 12 5 7 14 10 7 7 5 4 9 5 4 9 4 3 4 6 2 4 1 1 1 0 3 2 1 2 1 1 1 0 0 2 
0 0 60 41 43 182 107 169 255 263 422 374 457 659 795 750 913 1085 1247 1233 1434 1665 1733 1960 2043 2285 2476 2590 2646 2944 3071 3204 3316 3369 3367 3430 3434 3520 3476 3248 3319 3294 3003 2970 2785 2762 2616 2432 2306 2184 2061 1887 1695 1664 1567 1414 1298 1208 1080 1052 948 842 797 699 672 585 547 531 415 423 363 343 283 272 240 221 208 180 169 136 142 137 127 85 113 92 87 84 62 71 62 42 62 34 41 29 30 31 26 17 23 21 22 16 13 9 21 16 8 11 14 4 4 6 1 3 9 2 4 2 2 5 0 0 2 3 2 1 3 4 1 0 1 0 0 2 0 0 0 0 1 2 
0 0 50 49 53 120 150 142 177 262 282 332 547 519 556 740 864 961 1109 1321 1427 1548 1871 1937 2121 2310 2523 2653 2910 3187 3135 3357 3431 3554 3455 3598 3552 3528 3582 3427 3421 3154 3142 3114 2978 2757 2627 2471 2277 2103 2022 1877 1731 1547 1511 1315 1304 1208 1066 896 947 810 778 651 605 537 504 420 377 386 332 309 303 243 218 167 197 164 134 136 132 105 94 101 72 84 61 45 47 48 47 27 39 35 31 23 15 22 18 24 21 12 11 19 18 6 4 7 4 8 10 6 4 10 6 2 1 1 5 3 2 2 4 2 3 1 2 0 1 0 0 1 0 0 0 0 0 1 0 0 0 0 
0 0 66 58 58 148 140 145 234 299 304 457 467 660 623 810 945 1019 1192 1307 1499 1596 1821 2065 2147 2401 2578 2846 3020 3180 3230 3295 3515 3557 3556 3600 3546 3542 3488 3437 3317 3271 3141 2994 2825 2786 2533 2383 2240 2048 2013 1844 1731 1619 1477 1407 1254 1115 1070 954 948 764 768 653 633 551 475 461 420 408 371 291 278 265 209 203 178 169 157 129 134 116 104 103 72 83 64 66 35 52 49 47 35 29 26 33 26 21 25 27 16 21 17 8 8 12 13 10 12 9 3 4 3 6 5 10 2 2 3 0 1 2 1 2 0 1 0 0 0 0 0 0 1 1 0 0 0 0 0 0 0 1 
0 0 58 49 43 151 124 124 278 274 198 334 462 430 629 657 799 902 1120 1239 1309 1625 1869 2032 2171 2368 2759 2808 2997 3263 3380 3442 3625 3674 3822 3758 3850 3695 3847 3647 3481 3323 3299 3096 2975 2742 2601 2439 2373 2100 1958 1796 1800 1615 1425 1313 1215 1105 1047 929 821 750 710 621 534 538 456 420 391 380 306 277 276 219 231 192 177 178 149 129 105 106 103 88 93 88 71 60 44 60 34 53 39 29 24 20 17 24 18 13 11 9 11 7 7 7 3 7 6 4 4 5 1 1 5 0 2 2 5 2 1 1 2 1 0 1 1 1 1 0 0 2 0 0 0 0 1 1 0 0 0 0 
0 0 57 58 53 82 111 137 189 221 192 364 349 425 603 617 732 944 1098 1089 1238 1527 1679 1792 1996 2172 2389 2560 2774 2958 3011 3265 3269 3334 3561 3551 3524 3588 3563 3448 3447 3360 3205 3103 3103 2820 2633 2546 2463 2225 2189 2075 1809 1720 1724 1523 1278 1245 1101 1049 1002 897 807 705 675 605 560 502 447 437 369 334 300 271 255 235 216 185 179 148 138 119 106 113 96 86 73 84 54 58 50 46 42 44 35 28 41 36 24 17 19 26 14 21 21 12 14 10 8 10 8 5 8 7 6 3 11 3 2 6 4 5 3 0 3 4 0 3 1 0 0 1 0 0 0 0 0 0 0 0 1 1 
0 0 71 53 47 138 213 141 212 352 314 410 541 572 658 848 949 885 1137 1270 1406 1550 1812 1945 2078 2308 2512 2741 2799 3075 3053 3279 3494 3577 3631 3648 3680 3575 3497 3458 3373 3330 3148 3112 2950 2718 2592 2536 2303 2192 1990 1824 1775 1597 1533 1334 1300 1171 1082 928 903 776 641 671 605 534 480 417 374 387 354 272 263 239 199 210 187 176 143 141 140 124 98 113 75 77 77 78 64 60 46 42 37 29 38 27 29 22 28 18 16 21 9 13 13 8 15 9 10 5 8 9 7 8 11 4 7 6 6 0 2 2 1 1 3 1 0 3 2 1 0 1 1 2 0 0 0 0 0 0 0 0 
0 0 54 51 53 71 165 178 184 328 279 262 434 455 543 796 810 903 1117 1316 1417 1571 1735 1944 2213 2354 2583 2732 2956 3158 3240 3245 3471 3633 3563 3574 3694 3625 3491 3473 3378 3303 3097 3000 2918 2717 2717 2486 2181 2235 1975 1861 1741 1665 1442 1432 1210 1191 1114 973 852 747 697 693 570 552 486 447 391 365 323 294 252 237 221 243 186 175 157 134 112 115 108 97 80 90 74 60 56 45 52 37 32 33 25 20 23 27 26 14 21 14 17 10 12 13 13 7 3 9 8 6 8 1 1 2 5 2 3 4 2 3 2 0 1 1 0 0 1 1 0 0 1 1 0 1 0 1 0 0 0 0 
0 0 57 40 55 98 77 147 232 185 269 395 378 379 574 693 815 879 997 1084 1298 1473 1663 1813 2024 2280 2405 2669 2890 3034 3213 3511 3443 3647 3584 3676 3696 3786 3695 3591 3505 3394 3271 3353 2939 2950 2729 2578 2481 2266 2186 1955 1745 1630 1519 1409 1315 1216 1119 977 971 891 784 686 656 602 524 497 428 427 373 302 315 271 229 207 203 195 153 142 119 111 108 106 90 94 77 71 63 47 60 54 28 34 36 30 31 25 19 17 16 15 13 11 7 11 12 7 4 4 5 4 5 2 4 3 7 1 1 4 3 2 1 3 2 1 0 1 2 0 1 1 2 0 1 0 2 0 0 0 0 0 
0 0 49 58 52 150 120 146 166 233 359 375 419 588 532 647 791 845 986 1171 1319 1362 1541 1787 1867 1983 2235 2413 2601 2749 2865 3060 3152 3211 3287 3373 3295 3300 3394 3372 3340 3215 3185 2894 2844 2751 2634 2357 2356 2115 2039 1908 1760 1663 1484 1443 1369 1276 1168 1058 956 913 846 788 748 614 588 554 514 442 435 397 388 330 290 230 233 235 187 165 171 147 126 114 100 99 87 67 68 76 59 62 57 35 43 34 34 32 24 25 22 21 19 25 18 11 12 15 9 5 6 6 8 8 7 1 6 2 8 4 7 1 2 3 1 2 3 2 3 0 1 1 0 1 0 0 1 1 0 0 0 0 
0 0 60 50 69 99 101 173 161 222 275 316 401 429 507 580 711 803 958 1048 1132 1340 1493 1734 1959 2075 2241 2555 2546 2725 2925 3063 3162 3336 3384 3403 3518 3527 3479 3446 3376 3232 3238 3105 2979 2893 2831 2640 2422 2290 2211 2003 1931 1834 1562 1608 1452 1307 1231 1078 985 947 864 787 760 676 620 501 540 441 446 382 330 316 263 285 228 192 183 181 161 135 115 119 86 89 77 80 64 64 52 53 45 41 29 40 27 24 28 22 20 20 14 10 13 11 11 13 10 7 8 6 8 4 3 6 4 1 6 7 2 3 3 2 3 2 5 0 3 2 2 3 1 4 1 1 2 2 0 2 3 1 
0 0 70 55 65 85 134 236 238 260 344 419 578 705 797 879 1008 1188 1428 1466 1688 1718 1948 2265 2330 2564 2737 2853 3015 3164 3272 3437 3465 3566 3490 3487 3559 3463 3278 3400 3211 3077 2924 2872 2759 2571 2347 2292 2108 1959 1872 1715 1554 1465 1356 1274 1153 1053 970 898 764 750 675 608 564 516 427 421 384 364 282 271 282 231 203 200 190 162 132 121 111 118 96 91 80 72 71 75 59 44 43 37 40 28 26 25 27 20 17 17 10 11 8 3 7 4 6 6 7 4 4 0 1 2 3 1 1 1 0 0 0 1 0 0 0 1 1 0 0 0 0 0 0 0 0 0 0 0 
0 0 65 56 35 100 181 123 165 310 265 334 449 530 566 728 957 916 1031 1252 1424 1506 1740 2053 2045 2315 2518 2625 2843 2958 3064 3230 3246 3398 3529 3478 3621 3559 3489 3527 3263 3278 3108 2994 2869 2615 2521 2460 2380 2091 1992 1824 1688 1587 1460 1405 1266 1129 1135 997 897 790 780 679 645 581 531 436 461 392 381 317 305 256 241 213 204 201 172 146 164 106 131 122 87 99 68 80 58 64 46 49 52 35 39 28 22 25 26 25 23 23 14 17 15 16 8 8 7 3 6 4 6 6 4 3 5 5 0 2 1 2 1 2 1 1 2 0 0 0 1 1 0 0 1 0 0 0 1 0 0 1 
0 0 68 72 49 86 114 128 175 210 201 312 391 400 510 595 728 756 879 1090 1148 1250 1516 1611 1786 1959 2197 2254 2557 2672 2806 2963 3142 3174 3212 3330 3361 3415 3355 3383 3290 3356 3137 3032 2962 2840 2624 2502 2456 2276 2162 2000 1895 1772 1642 1505 1401 1305 1190 1132 1045 941 863 753 730 708 602 562 535 426 396 403 363 322 292 264 245 228 213 168 173 151 129 121 116 102 98 92 83 62 63 56 71 35 48 49 32 43 28 29 24 29 15 12 17 12 8 4 9 11 7 5 8 6 3 2 3 1 1 1 2 5 6 1 1 4 2 1 2 0 2 0 1 2 0 1 0 0 0 0 0 0 
0 0 68 51 49 112 126 132 184 291 278 331 490 459 579 771 968 881 1050 1310 1352 1596 1671 1877 2113 2347 2527 2651 2850 3007 3200 3245 3266 3367 3486 3571 3407 3396 3396 3330 3193 3063 3023 2914 2828 2735 2641 2365 2320 2160 1915 1822 1805 1622 1471 1416 1271 1196 1143 982 904 889 810 690 610 575 557 466 438 413 356 325 315 276 221 254 201 170 177 159 152 125 102 87 101 84 72 59 52 66 54 35 42 23 31 23 34 28 14 22 14 26 13 11 8 11 10 11 4 5 5 8 1 5 4 3 2 2 2 3 4 1 1 0 1 2 0 0 0 2 1 1 0 0 0 0 0 0 0 0 0 0 
0 0 57 56 50 78 115 196 168 222 250 300 435 480 532 614 742 876 1033 1129 1277 1367 1649 1729 1883 2057 2269 2530 2572 2768 2884 3091 3134 3240 3306 3328 3373 3399 3343 3373 3368 3160 3080 3097 2968 2812 2689 2515 2446 2218 2106 2014 1917 1612 1595 1533 1368 1209 1196 1131 1004 914 813 763 735 633 588 490 499 455 382 358 333 297 285 269 233 200 196 169 161 128 124 105 108 100 85 73 69 61 46 48 48 38 33 38 29 18 22 22 16 25 22 10 19 8 10 10 9 11 4 3 6 10 6 4 3 4 2 4 2 3 3 0 2 1 2 0 1 0 1 1 0 0 0 0 0 0 0 0 0 0 
0 0 50 48 41 79 102 85 144 175 149 257 252 352 437 526 564 675 909 860 1054 1273 1378 1577 1789 1878 2094 2187 2534 2671 2766 2894 3057 3266 3335 3429 3532 3494 3530 3526 3497 3339 3336 3163 3034 2966 2705 2733 2603 2372 2203 2149 1958 1875 1690 1572 1520 1407 1251 1126 1090 998 902 851 758 663 645 596 457 497 441 372 362 302 287 292 221 212 211 170 173 136 116 115 123 94 75 77 87 61 81 47 42 36 36 26 41 31 28 39 23 19 16 14 18 16 12 9 10 8 7 7 4 4 4 1 3 3 1 3 3 3 2 4 0 1 3 0 1 0 0 0 0 0 0 1 1 0 0 0 0 0 
0 0 62 62 39 86 152 134 211 313 265 347 431 556 653 692 772 917 1133 1233 1355 1520 1724 1805 1933 2234 2437 2644 2713 2899 3189 3253 3358 3534 3381 3557 3609 3458 3465 3351 3363 3242 3150 2948 2862 2730 2578 2311 2280 2199 1949 1855 1773 1574 1504 1341 1219 1095 1047 954 907 805 775 696 626 499 507 468 457 328 307 324 269 247 231 185 179 148 133 126 117 103 102 92 75 75 60 59 39 55 54 40 33 38 35 33 26 22 20 19 15 11 8 12 19 7 7 5 10 10 4 5 3 4 1 0 6 0 3 4 2 2 1 0 2 0 1 1 1 0 1 3 0 0 0 0 0 0 0 0 0 0 
0 0 62 50 66 108 111 161 270 293 397 472 529 626 703 911 972 1047 1222 1403 1611 1787 1913 2220 2393 2545 2700 2880 3076 3214 3256 3329 3463 3570 3562 3529 3475 3593 3404 3371 3401 3118 3031 2970 2740 2610 2419 2356 2142 1967 1861 1717 1647 1488 1294 1313 1159 1104 1031 930 787 776 633 577 538 523 474 393 365 361 335 272 266 234 209 184 177 163 126 136 137 96 106 70 64 80 69 71 60 52 58 41 34 26 30 33 27 28 22 20 25 25 15 17 20 14 19 10 13 1 12 8 8 8 7 3 8 2 4 2 1 0 3 1 1 4 2 1 1 0 3 1 0 3 3 2 2 0 0 1 0 0 
0 0 58 54 46 60 124 216 131 239 300 366 435 498 531 631 774 838 1015 1164 1251 1405 1562 1773 1823 2131 2255 2529 2660 2854 2906 3026 3141 3267 3270 3363 3422 3387 3493 3367 3227 3180 3166 3075 2849 2866 2658 2448 2422 2198 2135 1929 1812 1752 1528 1423 1290 1227 1110 1026 897 813 805 700 639 606 581 483 460 395 394 376 308 257 238 214 198 219 173 153 153 150 117 107 126 94 93 76 65 69 57 53 58 44 44 44 39 32 23 27 30 19 27 13 17 17 8 10 6 9 10 7 8 7 6 2 5 6 2 4 2 5 1 1 3 4 2 3 1 0 4 3 1 3 2 1 0 4 5 1 0 2 
0 0 48 46 42 96 111 110 231 216 242 370 416 488 577 725 808 927 1117 1134 1307 1454 1651 1723 2068 2322 2391 2461 2737 2976 2912 3054 3239 3319 3312 3504 3416 3565 3408 3288 3345 3249 3107 2898 2865 2632 2670 2408 2327 2135 2006 1876 1697 1597 1564 1373 1223 1188 1061 986 967 871 775 748 640 595 514 490 475 428 371 312 337 321 242 239 237 197 198 171 153 166 115 120 99 105 110 76 71 65 62 61 50 48 42 27 42 33 32 29 24 17 18 20 15 10 11 9 12 5 10 6 2 4 5 8 2 3 4 2 1 1 3 2 1 1 1 1 0 2 0 0 1 0 0 0 0 0 0 0 0 0 
0 0 59 51 44 65 73 125 153 242 222 287 426 437 532 762 824 821 1041 1210 1287 1404 1644 1777 1934 2210 2381 2459 2688 2943 2906 3036 3185 3307 3323 3329 3443 3447 3461 3338 3242 3356 3140 2944 3000 2849 2562 2499 2430 2163 2131 1979 1800 1704 1585 1478 1330 1217 1137 1080 965 851 804 760 679 622 562 547 477 444 394 348 308 281 273 215 221 211 152 163 141 144 93 106 103 91 71 85 81 52 52 52 46 39 32 46 30 26 39 21 19 25 20 21 13 12 13 15 11 8 5 8 7 7 8 6 7 5 2 3 1 4 4 1 1 2 2 3 1 2 1 0 0 0 1 2 0 0 1 1 0 0 
0 0 60 58 55 81 158 162 200 263 260 369 447 477 548 678 782 973 1067 1106 1336 1512 1738 1939 1975 2252 2504 2699 2742 2894 2946 3171 3304 3418 3514 3358 3554 3580 3457 3430 3265 3168 3153 3020 2864 2693 2598 2387 2293 2222 2016 1915 1769 1560 1512 1400 1242 1189 1123 978 955 782 732 679 641 556 527 504 419 405 394 334 324 280 236 248 197 171 190 169 145 132 110 133 102 112 71 72 59 52 48 41 53 55 33 38 28 24 21 22 24 20 16 9 11 13 12 10 10 7 5 4 2 7 5 7 4 2 1 2 6 0 0 3 3 1 1 0 2 1 1 0 0 1 0 1 0 0 0 0 0 0 
0 0 51 57 65 86 106 179 192 214 291 366 417 451 543 604 747 851 1055 1212 1303 1452 1630 1827 1882 2177 2280 2562 2713 2812 2888 3079 3233 3299 3315 3338 3431 3487 3517 3426 3404 3238 3143 2931 2932 2840 2696 2532 2382 2222 2102 1922 1794 1663 1545 1436 1329 1138 1096 1069 958 882 783 705 668 580 568 495 468 442 371 347 343 305 259 259 229 190 200 161 162 146 136 118 116 81 82 86 85 66 66 71 40 39 40 38 37 33 29 24 15 20 22 13 14 14 13 8 3 5 5 5 7 1 0 4 2 1 2 2 2 1 1 0 2 2 0 0 0 0 1 1 1 2 1 1 0 2 0 0 1 1 
0 0 82 47 63 111 143 218 226 244 328 394 461 550 662 762 828 983 1106 1278 1318 1530 1831 1883 2016 2333 2536 2617 2816 3030 3115 3252 3496 3426 3472 3511 3498 3485 3474 3321 3362 3308 3168 3004 2875 2777 2595 2503 2265 2149 1884 1844 1728 1569 1475 1374 1286 1123 1007 955 825 829 768 655 629 573 523 455 407 401 378 315 310 288 218 214 190 178 169 144 153 111 114 99 93 69 75 53 57 59 43 40 39 31 29 22 19 17 23 23 11 17 21 9 7 13 12 12 8 9 5 5 3 3 1 5 6 2 1 2 4 0 1 0 1 2 1 1 0 1 0 1 0 1 1 1 0 1 0 0 0 2 
0 0 65 47 38 112 144 140 174 208 298 443 379 444 633 665 766 857 1082 1262 1220 1465 1757 1911 2112 2204 2453 2744 2950 2966 3087 3155 3415 3343 3440 3400 3438 3636 3466 3369 3289 3267 3194 3058 2757 2723 2650 2478 2313 2239 2114 1854 1732 1651 1508 1440 1285 1134 1100 1004 916 895 721 649 662 597 519 480 446 408 364 318 295 251 243 231 191 157 172 139 148 137 109 101 110 75 85 85 57 66 47 38 40 49 33 32 31 29 18 23 25 18 16 10 8 6 11 9 6 2 5 0 5 2 0 1 2 3 1 0 2 0 0 2 1 0 1 0 1 0 0 2 0 0 0 1 0 1 0 0 0 0 
0 0 76 75 57 113 132 175 297 229 262 380 460 474 503 741 857 1064 1122 1299 1444 1647 1752 2064 2183 2485 2529 2845 2940 3164 3280 3395 3468 3517 3581 3511 3709 3625 3520 3420 3337 3261 3223 3031 2770 2745 2597 2349 2233 2060 1982 1815 1617 1502 1444 1321 1162 1068 1018 938 898 790 699 616 584 549 432 400 393 376 322 294 279 233 223 212 172 149 147 122 125 104 105 68 79 85 50 47 55 44 40 41 36 30 37 33 26 13 21 19 17 14 9 12 10 8 10 7 9 4 2 3 3 3 3 4 2 4 3 1 0 0 1 2 0 4 1 0 1 0 0 1 0 1 0 0 0 1 0 0 0 0 
0 0 50 53 44 77 134 129 193 340 218 323 451 465 647 748 878 1048 1197 1418 1537 1699 1817 2048 2195 2474 2486 2776 2987 3121 3168 3343 3405 3425 3459 3557 3596 3482 3302 3260 3236 3071 2854 2793 2745 2629 2453 2298 2149 2005 1992 1788 1583 1535 1464 1350 1189 1157 982 963 901 807 768 679 620 569 524 476 441 361 354 313 277 295 255 214 180 170 173 121 134 121 114 116 109 70 76 56 70 61 48 44 45 48 24 24 29 33 14 28 16 16 11 10 13 12 15 11 8 5 6 4 12 3 7 4 0 3 1 0 0 2 1 0 0 0 1 0 0 0 0 0 1 0 0 0 0 0 0 0 0 0 
0 0 55 53 56 141 145 134 186 248 221 336 455 463 519 684 714 855 947 1049 1223 1307 1552 1686 1819 2025 2284 2347 2561 2748 2834 2907 3077 3407 3438 3315 3504 3396 3341 3388 3343 3238 3172 3063 2904 2915 2733 2563 2467 2341 2197 2065 1950 1761 1659 1572 1448 1267 1247 1085 989 959 823 783 697 664 596 563 507 420 415 353 368 307 256 274 226 211 191 166 167 138 144 115 100 114 96 63 88 59 67 51 43 53 43 40 39 35 30 30 23 14 19 12 15 22 19 13 17 12 9 5 10 8 8 6 4 6 4 5 3 2 2 1 4 3 1 2 0 1 2 1 2 0 0 0 0 1 2 0 0 0 
0 0 62 56 41 128 118 138 205 369 225 357 533 496 587 665 764 890 1020 1194 1283 1581 1732 1812 1956 2243 2386 2524 2704 2847 3046 3140 3186 3363 3475 3458 3409 3559 3440 3313 3299 3226 3119 3035 2864 2638 2588 2451 2256 2065 1965 1870 1813 1661 1493 1388 1345 1264 1076 1008 984 855 777 711 633 584 559 504 476 416 378 320 306 306 287 255 216 203 175 177 157 132 121 112 129 101 89 80 90 44 74 50 44 43 42 43 37 18 35 29 17 23 20 24 15 15 16 9 16 6 10 3 9 6 6 3 2 4 2 4 3 2 1 2 1 4 2 1 1 1 1 0 1 0 1 2 0 0 0 1 1 0 
0 0 51 46 49 107 151 94 168 220 298 405 384 466 558 630 710 914 910 1030 1221 1397 1472 1708 1870 2101 2253 2320 2672 2732 2795 2929 3065 3187 3230 3295 3346 3368 3365 3271 3166 3243 3138 2946 2835 2818 2643 2401 2425 2327 2170 1958 1935 1776 1649 1491 1396 1333 1204 1085 1021 957 843 794 753 663 616 548 488 484 424 360 369 337 273 272 243 217 207 179 186 150 137 118 110 99 98 83 78 81 66 61 49 48 35 44 41 30 23 23 28 11 15 20 21 11 11 9 12 12 9 7 8 9 12 9 6 6 6 5 4 6 7 2 4 4 2 2 1 2 1 2 1 3 0 2 1 0 0 1 1 0 
0 0 54 57 42 88 107 157 170 174 247 391 357 445 570 663 802 881 983 1150 1360 1438 1589 1908 2000 2220 2359 2457 2652 2904 3011 2961 3172 3306 3348 3445 3431 3449 3424 3466 3385 3217 3208 3004 2942 2822 2665 2518 2463 2307 2194 1980 1937 1746 1611 1511 1366 1307 1219 1054 991 953 796 785 701 661 589 541 488 456 358 389 331 301 261 239 225 214 180 162 154 135 125 109 93 88 74 75 70 65 56 44 36 33 37 33 28 24 17 16 13 19 20 13 11 10 10 5 6 7 6 6 8 2 4 3 3 3 4 6 4 2 3 7 3 2 0 2 3 2 3 0 3 3 1 1 0 2 2 1 1 0 
