0 0 58 52 62 135 176 190 343 401 470 594 878 1079 1272 1500 1882 2234 2583 2928 3182 3498 4024 4402 4587 4663 5212 5280 5446 5435 5415 5402 5363 5154 4932 4791 4412 4276 3968 3652 3386 3081 2887 2576 2300 2168 1869 1724 1508 1383 1203 1083 952 848 748 712 602 531 463 433 354 313 287 251 250 197 184 156 137 113 102 108 74 76 73 57 54 43 42 32 38 28 31 19 18 12 10 16 16 9 16 5 7 10 3 5 7 3 4 3 3 5 1 2 2 2 1 0 1 1 0 1 1 0 1 0 0 0 1 0 0 0 0 0 0 0 0 0 0 0 
0 0 124 94 85 274 297 398 577 827 919 1138 1488 1678 1999 2353 2638 3075 3512 3687 4129 4523 4633 4995 5225 5443 5423 5440 5380 5294 5253 5058 4921 4739 4285 4117 3784 3487 3201 2973 2741 2432 2226 1968 1763 1553 1455 1233 1173 1002 944 803 730 686 556 527 470 382 343 309 293 247 217 204 154 139 132 112 122 78 79 69 68 68 60 34 50 39 27 29 24 16 22 19 18 9 17 11 7 7 9 14 8 3 5 7 6 0 4 3 2 2 0 0 3 0 0 0 0 0 0 0 0 0 0 0 
0 0 82 52 51 96 119 139 200 236 366 388 570 766 920 1180 1379 1662 1986 2351 2654 3008 3375 3656 4098 4427 4778 4922 5276 5327 5563 5431 5424 5312 5357 5161 4773 4603 4420 4006 3799 3466 3221 2838 2758 2483 2192 1968 1742 1595 1472 1252 1145 998 888 871 712 617 612 536 463 384 369 306 283 239 237 206 160 159 117 120 98 92 85 81 59 54 48 43 30 41 34 27 25 26 21 13 15 15 11 17 9 5 9 6 5 3 3 6 4 3 4 2 2 0 4 1 1 0 0 0 2 1 1 1 1 2 2 1 0 1 1 0 0 2 0 0 0 0 0 0 0 0 0 0 0 
0 0 61 70 55 94 221 267 341 425 541 719 819 1019 1271 1670 2044 2148 2578 2940 3258 3666 4174 4345 4669 5047 5317 5417 5579 5614 5528 5415 5392 5137 5031 4634 4424 4026 3761 3598 3144 3011 2777 2480 2219 2060 1755 1664 1528 1265 1155 1064 882 809 736 657 554 514 453 408 351 265 253 258 207 197 150 134 126 105 83 92 78 69 42 54 51 46 44 38 19 27 22 18 13 19 10 9 9 5 5 5 2 5 2 3 2 2 0 1 1 2 1 0 2 0 0 0 1 0 2 1 0 1 0 0 0 0 0 0 0 0 0 0 0 
0 0 47 61 41 172 207 199 273 395 584 719 855 1113 1419 1742 1891 2290 2676 2960 3418 3648 4045 4420 4849 5010 5080 5257 5432 5491 5545 5304 5074 5043 4746 4636 4419 4006 3813 3623 3245 2988 2691 2516 2263 2073 1940 1603 1529 1355 1147 1061 954 812 722 662 593 500 467 381 365 324 265 227 225 223 153 156 108 119 128 94 71 70 42 44 46 52 37 31 36 31 26 22 11 20 19 6 8 12 13 7 7 1 2 3 3 3 2 1 4 1 1 0 0 0 2 0 0 0 1 0 1 0 0 0 0 0 0 0 0 0 0 0 
0 0 50 43 43 79 118 149 185 254 393 471 656 798 860 1195 1480 1676 2104 2417 2744 3212 3665 3945 4251 4643 4894 5093 5151 5580 5494 5558 5525 5253 5288 4960 4696 4596 4292 4016 3668 3418 3165 2896 2590 2371 2168 1993 1697 1602 1348 1196 1106 1001 894 744 717 603 551 506 402 349 322 275 246 242 201 171 156 140 118 114 75 94 75 91 57 44 47 50 40 35 20 28 24 17 13 16 9 13 8 12 7 8 10 5 4 3 4 7 1 1 3 3 3 5 1 0 1 1 1 0 0 1 0 0 0 0 0 1 0 0 0 0 0 0 1 0 0 1 0 0 0 0 0 0 0 0 0 0 0 
0 0 58 36 53 79 286 314 346 473 682 799 919 1265 1285 1760 2148 2314 2641 3064 3525 3873 4148 4319 4828 5076 5332 5247 5505 5597 5538 5365 5255 4966 4831 4589 4224 3986 3687 3457 3071 2945 2594 2353 2169 1948 1733 1598 1407 1303 1095 1033 885 813 716 656 557 535 485 378 345 305 258 250 220 203 170 143 147 100 98 103 87 71 64 60 54 44 40 24 27 24 18 27 20 17 24 13 14 12 10 8 9 6 7 6 5 4 5 5 5 1 5 2 1 3 4 0 0 1 1 0 0 0 1 1 1 0 0 2 1 0 0 0 0 0 1 0 0 0 0 0 0 0 0 0 0 0 
0 0 57 54 53 120 136 220 300 437 531 577 952 1107 1219 1503 1875 2275 2538 2893 3286 3693 3924 4351 4679 4839 5167 5335 5337 5511 5572 5452 5276 5239 4976 4790 4539 4175 3890 3545 3380 3101 2720 2462 2258 2036 1840 1601 1499 1276 1199 1013 895 884 737 666 606 511 480 417 345 313 275 213 227 187 166 145 121 108 112 81 64 71 68 54 51 36 35 32 33 30 21 16 23 12 13 17 10 8 8 10 3 5 7 5 5 4 0 2 1 2 0 0 1 0 1 0 0 0 0 0 0 0 1 0 0 0 0 0 0 0 0 0 0 0 
0 0 46 42 52 74 194 238 236 469 571 745 907 1087 1233 1529 1895 2028 2419 2734 3115 3489 3847 4260 4561 4939 5099 5279 5479 5460 5541 5422 5359 5123 5054 4808 4560 4234 3938 3551 3426 2989 2810 2506 2379 2100 1767 1718 1516 1381 1176 1064 971 836 736 669 605 520 482 420 380 313 278 257 205 229 196 169 143 129 112 124 81 68 72 58 48 59 39 42 30 37 26 24 21 13 15 15 12 15 4 10 13 10 3 5 7 2 3 3 2 2 2 0 0 0 0 0 0 0 0 0 0 0 
0 0 73 56 63 132 164 210 271 346 382 525 718 808 1076 1408 1538 2033 2323 2603 3041 3536 3729 4110 4518 4781 4953 5386 5376 5515 5442 5485 5334 5378 5180 4853 4573 4432 4162 3828 3378 3131 2995 2723 2396 2199 1953 1787 1606 1448 1268 1095 1047 904 824 713 627 544 497 433 410 342 287 271 249 220 198 141 143 143 118 109 80 78 70 60 48 63 35 29 42 41 25 27 18 13 21 16 6 9 13 9 3 10 10 4 6 3 4 1 3 3 2 1 0 1 1 1 0 2 0 0 0 0 0 1 0 0 1 0 0 0 0 0 1 0 0 0 0 0 0 0 0 0 0 0 
0 0 54 68 59 201 278 293 351 565 749 928 1116 1211 1508 1790 2207 2452 2811 3230 3629 4039 4303 4545 4840 5063 5247 5333 5428 5230 5400 5188 5237 4802 4845 4449 4206 3797 3702 3324 3108 2805 2559 2290 2147 1886 1687 1494 1355 1117 1054 944 849 708 712 615 506 496 396 376 326 273 244 237 191 177 175 133 113 109 92 84 81 64 50 54 47 32 30 28 24 26 17 15 23 15 11 10 6 9 8 5 6 4 6 0 2 4 1 2 1 1 1 1 0 0 1 0 1 0 0 0 0 0 0 0 1 0 0 0 0 0 0 0 0 0 0 0 
0 0 48 46 37 115 145 172 240 317 376 486 777 818 993 1308 1610 1902 2291 2688 2961 3516 3912 4135 4439 4758 4998 5206 5324 5534 5448 5310 5372 5189 5133 4903 4561 4253 4142 3899 3494 3286 2931 2820 2472 2275 2063 1847 1597 1461 1283 1108 1023 912 813 720 676 586 489 505 365 353 316 262 237 237 177 168 152 142 117 108 95 78 66 69 59 51 36 41 39 24 26 22 14 17 14 14 10 13 8 8 7 3 1 6 2 2 4 1 2 1 1 3 1 0 2 3 1 1 0 2 0 1 0 2 0 1 1 0 0 0 0 0 2 0 0 0 0 0 1 0 0 0 0 0 1 0 0 0 1 0 
0 0 52 67 53 177 182 191 331 404 474 684 912 1000 1314 1634 1916 2174 2678 2903 3339 3793 4110 4357 4650 5099 5216 5345 5529 5449 5468 5491 5321 5131 4990 4634 4291 4224 3951 3592 3331 3073 2754 2546 2338 2006 1798 1671 1486 1349 1136 1009 936 843 734 619 608 520 435 388 390 325 284 236 223 189 187 163 131 92 119 84 80 60 57 52 50 46 36 27 29 28 16 17 18 16 11 10 6 10 5 5 5 4 6 4 2 4 0 1 5 0 1 1 2 1 2 1 1 0 0 2 1 1 0 0 0 0 0 0 0 0 1 0 0 
0 0 73 48 57 117 149 176 259 290 402 515 762 861 1167 1518 1679 1988 2382 2735 3018 3386 3673 4025 4465 4775 4951 5043 5333 5303 5510 5507 5218 5208 5135 4834 4621 4258 3970 3863 3538 3246 2924 2676 2514 2168 1884 1818 1544 1417 1305 1086 1075 959 873 741 634 564 497 446 418 385 304 277 278 193 182 190 123 133 120 115 81 79 67 52 57 51 39 40 27 31 29 30 23 15 10 17 18 14 9 11 3 7 6 4 7 1 8 7 4 4 2 4 3 0 1 1 2 1 0 1 0 0 0 0 0 0 1 0 0 0 0 0 0 0 0 0 0 0 
0 0 58 64 42 86 150 180 256 485 486 674 952 1074 1294 1605 1974 2144 2551 2963 3266 3644 4139 4384 4710 4812 5190 5422 5530 5519 5569 5413 5212 5210 4886 4651 4516 4052 3887 3569 3281 3038 2746 2518 2294 2081 1841 1637 1485 1296 1255 1054 944 802 702 661 546 513 505 369 357 318 290 231 201 182 168 145 130 113 95 87 79 71 61 62 42 47 41 28 32 32 21 16 18 12 9 8 18 11 4 5 8 8 6 8 9 5 3 4 4 2 1 4 1 1 1 0 2 1 1 0 2 0 0 1 1 0 0 1 0 1 1 0 1 0 1 0 0 1 0 0 0 1 0 0 0 0 0 0 0 0 
0 0 68 66 48 180 237 290 407 594 659 822 1040 1181 1440 1819 2085 2364 2764 3133 3612 3972 4272 4617 4785 5018 5332 5413 5467 5581 5572 5204 5077 5071 4869 4479 4266 3902 3711 3413 3108 2841 2569 2389 2107 1903 1790 1508 1453 1269 1135 986 901 757 703 606 601 458 411 419 306 296 268 242 219 202 157 124 121 110 115 92 93 78 67 65 47 44 47 33 18 30 17 21 24 12 13 14 14 5 5 5 3 4 7 6 3 4 0 1 2 2 2 0 2 1 0 4 1 1 1 0 0 0 1 0 0 0 0 0 0 0 0 0 0 0 
0 0 73 66 55 121 126 208 278 374 514 651 770 913 1306 1541 1779 2123 2429 2889 3145 3597 3876 4218 4525 4783 5073 5239 5338 5429 5392 5457 5253 5194 4895 4732 4425 4123 3965 3763 3387 3085 2913 2568 2325 2224 1927 1712 1575 1346 1207 1127 971 881 774 652 612 558 459 432 402 352 273 235 240 177 197 151 138 111 115 101 75 71 75 61 54 38 39 54 33 17 32 17 21 15 21 15 15 14 12 6 7 9 7 5 8 3 3 1 7 4 0 5 3 1 3 1 1 2 1 2 1 0 0 2 0 0 0 0 1 0 0 0 0 0 0 0 0 0 0 0 
0 0 54 46 56 53 97 156 188 223 336 514 702 797 978 1225 1581 1827 2196 2401 2804 3123 3469 3851 4144 4481 4776 5119 5338 5311 5423 5450 5299 5302 5233 5136 4724 4626 4210 4032 3687 3374 3141 2815 2616 2320 2211 1913 1707 1643 1433 1194 1146 998 925 790 709 625 544 494 438 386 391 286 274 232 213 175 172 138 120 100 110 84 65 77 45 48 52 46 32 32 23 19 27 21 13 18 16 12 8 1 10 3 4 5 5 6 1 1 3 0 3 0 2 0 0 0 0 0 1 1 0 1 0 0 1 0 0 0 0 0 0 0 0 0 0 0 
0 0 56 67 66 229 341 386 493 673 766 998 1250 1430 1719 2067 2499 2620 3099 3609 3888 4215 4525 4818 5099 5349 5414 5570 5480 5610 5532 5257 5218 4880 4572 4311 4078 3675 3483 3208 2867 2594 2368 2043 1870 1699 1546 1366 1188 1128 967 885 755 689 583 530 487 403 360 344 308 255 232 193 164 149 134 127 102 124 87 71 68 63 56 53 39 37 38 29 20 30 30 15 12 15 6 10 10 7 13 10 5 4 5 4 2 2 5 5 3 2 0 1 1 1 1 0 0 1 0 0 0 0 0 0 0 0 0 0 0 
0 0 44 53 54 67 204 212 275 416 435 566 831 920 1083 1477 1736 2029 2489 2799 3130 3616 3942 4294 4605 4802 4955 5228 5440 5417 5441 5415 5307 5066 5013 4871 4496 4213 3984 3681 3386 3200 2895 2569 2442 2127 1922 1741 1606 1366 1251 1154 956 837 802 710 571 554 488 426 388 344 308 257 248 231 164 176 153 120 114 107 80 76 77 63 56 63 45 29 32 36 26 27 20 19 19 22 11 12 11 5 8 6 9 8 5 6 5 6 2 3 4 1 1 2 1 3 3 0 1 3 0 0 1 0 1 1 1 0 3 1 0 1 1 0 0 1 1 1 0 2 1 0 0 1 1 0 0 0 1 0 
0 0 59 60 39 91 138 203 238 422 589 721 850 1107 1449 1634 2042 2280 2653 2963 3413 3669 4055 4393 4716 4922 5190 5349 5504 5523 5428 5338 5275 4980 4797 4587 4365 4036 3815 3441 3176 3015 2658 2349 2232 1982 1778 1573 1458 1338 1116 960 918 827 726 702 572 520 458 416 345 338 278 264 222 199 173 146 159 131 118 93 72 75 70 73 60 36 42 47 35 33 22 29 26 14 18 5 16 15 13 9 12 5 6 4 6 3 5 4 3 3 0 2 2 1 0 3 2 1 3 2 1 2 2 0 1 2 1 0 2 1 0 0 0 0 0 0 0 1 0 0 0 0 0 0 0 0 1 0 0 
0 0 57 56 61 145 172 214 304 386 463 631 794 930 1239 1479 1793 2123 2459 2643 3068 3371 3825 4107 4546 4580 4871 5212 5413 5352 5447 5411 5307 5131 4921 4685 4547 4288 3973 3730 3454 3218 2915 2684 2265 2141 1966 1749 1592 1411 1242 1111 1013 940 743 688 625 554 490 427 378 340 296 254 283 205 204 164 173 124 114 97 92 86 74 79 69 50 45 44 42 39 23 26 20 24 18 15 14 8 13 11 6 8 6 5 2 6 3 0 3 9 4 4 2 2 3 1 3 2 1 1 1 1 1 0 0 0 0 0 0 0 0 0 0 0 
0 0 76 76 54 186 272 257 435 600 658 939 1092 1273 1574 1961 2320 2546 3097 3349 3647 4068 4493 4749 5067 5180 5352 5431 5605 5529 5385 5436 5132 4970 4755 4318 4079 3737 3633 3259 3018 2866 2445 2214 2038 1847 1595 1483 1319 1162 996 908 783 702 637 522 510 433 372 358 274 287 223 188 170 179 130 117 114 89 89 64 70 68 47 47 42 34 26 21 19 24 24 14 15 11 7 6 7 10 3 7 5 1 1 2 0 1 2 2 0 0 0 1 0 0 0 0 0 0 0 0 0 0 0 
0 0 73 48 51 101 126 133 163 311 294 419 687 745 899 1242 1447 1690 2110 2561 2804 3111 3660 4027 4414 4666 4879 5064 5336 5323 5532 5444 5421 5432 5268 5037 4826 4445 4234 4007 3854 3475 3137 2915 2546 2425 2108 1900 1713 1579 1404 1209 1085 958 868 798 700 577 570 487 439 355 365 269 283 234 183 177 146 147 114 94 96 90 80 68 55 65 41 39 35 25 44 21 26 18 17 13 13 13 6 9 5 3 11 4 3 4 5 2 1 3 4 2 0 2 3 1 1 0 2 0 0 0 0 0 0 0 0 0 0 0 
0 0 50 53 53 98 137 158 206 267 471 472 622 744 958 1161 1400 1671 1979 2241 2696 2940 3261 3720 4144 4168 4672 5028 5029 5240 5307 5284 5450 5450 5391 4961 4888 4680 4281 4078 3661 3502 3193 2908 2754 2300 2156 2003 1780 1713 1501 1298 1153 1047 867 848 763 650 638 537 405 375 343 311 286 248 224 196 200 141 132 120 100 97 80 71 66 64 41 53 37 42 38 28 28 13 22 8 16 12 11 8 10 10 9 2 3 9 2 4 6 3 1 2 3 1 2 4 1 1 1 1 1 0 0 0 0 1 0 0 0 0 0 1 0 0 0 0 0 0 0 0 0 0 0 
0 0 58 57 67 97 111 148 203 380 412 514 818 966 1134 1416 1730 1957 2273 2764 2980 3376 3778 4243 4536 4773 5060 5164 5325 5365 5512 5303 5406 5295 4970 4854 4472 4381 3984 3643 3482 3257 2974 2556 2422 2228 2028 1774 1566 1455 1339 1201 1046 900 807 722 616 605 510 485 430 338 328 272 261 222 194 193 159 146 111 113 96 83 72 53 51 58 46 27 43 37 23 24 25 19 21 10 9 10 7 8 6 10 5 4 3 3 1 5 3 6 3 2 2 1 0 2 0 1 0 2 0 1 1 0 0 0 0 0 1 0 0 0 0 0 0 0 0 0 0 0 
0 0 68 61 57 80 115 146 200 263 309 458 676 790 1037 1319 1505 1852 2195 2471 2835 3249 3620 3988 4260 4707 4965 5228 5256 5424 5602 5602 5289 5298 5179 5064 4683 4409 4147 3929 3609 3381 3007 2799 2544 2288 2084 1893 1669 1589 1328 1196 1113 977 844 773 669 581 543 431 412 356 326 274 257 226 179 171 157 116 112 95 88 77 88 47 43 49 32 37 28 18 24 21 7 15 9 9 8 9 4 9 9 5 5 7 4 3 5 4 3 3 4 2 1 3 1 1 0 0 0 2 0 0 1 1 1 0 0 0 0 0 0 0 0 0 0 0 
0 0 64 43 40 177 225 227 339 571 640 754 966 1199 1468 1687 1980 2306 2679 2910 3272 3584 3865 4351 4723 4968 5158 5317 5471 5438 5470 5284 5182 4919 4976 4536 4241 4002 3822 3580 3226 2967 2704 2522 2256 1972 1813 1656 1461 1301 1250 1022 919 871 741 666 550 528 449 392 363 328 270 225 198 191 181 157 123 102 101 73 84 72 55 65 46 42 32 41 14 27 24 27 20 9 17 8 12 16 9 7 9 10 7 5 4 2 2 1 2 2 2 1 1 0 1 0 0 1 0 0 2 0 1 0 0 0 2 1 0 2 1 1 0 1 0 0 1 0 0 0 0 0 0 0 0 0 0 0 
0 0 46 55 51 158 206 284 358 452 544 725 1006 1234 1426 1690 2144 2352 2689 3175 3355 3728 4342 4490 4891 5059 5229 5244 5418 5566 5455 5421 5277 5028 4900 4586 4361 3970 3824 3513 3219 2987 2678 2427 2294 1929 1770 1628 1358 1277 1138 1026 906 800 763 655 551 474 450 369 340 298 264 246 209 175 179 137 124 87 104 88 75 76 71 57 50 36 40 36 24 33 32 22 20 17 11 18 16 13 8 9 7 12 9 9 7 2 7 3 5 2 4 7 3 5 1 3 0 3 0 0 2 3 1 0 1 1 0 1 0 0 0 0 0 0 1 0 0 0 0 0 0 0 0 0 0 0 
0 0 61 55 62 104 180 210 325 369 387 555 786 873 1043 1420 1680 1936 2342 2610 3074 3498 3902 4191 4605 4884 5124 5150 5546 5515 5642 5510 5375 5234 5056 4726 4678 4284 4138 3750 3478 3164 2883 2586 2396 2077 1908 1680 1522 1378 1304 1144 988 943 790 699 644 590 489 410 403 350 291 267 223 232 183 138 143 128 96 100 78 100 84 68 50 37 47 39 35 30 26 23 20 17 11 13 11 11 8 10 10 5 6 1 4 5 1 0 0 3 3 4 0 1 1 1 1 0 3 4 1 0 1 1 2 0 0 1 1 0 0 0 0 1 0 0 0 0 0 0 0 0 0 0 0 
0 0 53 52 55 114 154 294 366 490 661 783 1105 1270 1567 1870 2085 2463 2689 3198 3519 3838 4294 4548 4764 5058 5271 5236 5433 5518 5355 5329 5128 4876 4615 4519 4227 3947 3624 3501 3187 2803 2569 2362 2146 1932 1723 1608 1525 1265 1137 1015 908 815 720 637 576 501 408 375 348 340 240 218 227 185 161 129 134 107 92 79 80 59 56 49 31 39 36 33 22 22 16 19 4 11 9 8 9 11 8 5 1 0 3 7 2 1 2 2 1 1 2 0 0 0 0 0 1 1 0 0 0 0 0 0 2 0 0 0 0 0 0 0 0 0 0 0 
0 0 62 57 44 112 167 185 208 280 367 407 594 673 729 1015 1293 1469 1787 2169 2451 2802 3108 3691 3829 4232 4636 4879 5143 5283 5535 5422 5638 5337 5347 5241 5029 4584 4414 4301 3962 3705 3326 3091 2790 2592 2301 2079 1981 1743 1509 1375 1189 1087 908 879 726 681 577 506 439 398 373 310 249 266 224 206 169 140 148 124 93 93 74 70 58 41 54 40 42 34 28 21 20 19 15 11 9 13 17 12 7 8 6 6 3 5 8 5 3 1 2 0 5 0 1 1 1 0 2 0 0 0 1 0 1 0 0 0 0 0 0 0 0 0 0 0 
0 0 58 55 57 77 103 167 210 278 349 487 574 685 906 1148 1387 1703 2040 2323 2682 3136 3440 3704 4089 4437 4690 4916 5310 5241 5565 5520 5429 5276 5249 5001 4785 4526 4448 3981 3775 3465 3157 2865 2639 2495 2171 1930 1860 1649 1430 1252 1093 956 879 803 694 655 571 455 437 373 343 283 276 231 194 193 163 155 139 135 130 88 85 79 58 45 56 46 37 28 34 27 16 18 18 13 7 10 9 9 4 10 2 0 6 4 4 4 3 5 1 1 1 0 0 1 0 1 1 0 1 0 0 0 0 0 0 0 0 0 0 0 
0 0 54 38 41 77 96 137 186 229 289 432 467 681 930 1087 1399 1600 1979 2302 2715 2972 3400 3743 4071 4355 4736 4957 5207 5424 5373 5419 5361 5440 5271 5117 4871 4664 4406 3992 3782 3500 3336 2953 2700 2476 2221 1951 1904 1580 1451 1253 1194 1015 886 794 754 611 620 521 496 399 370 326 308 257 218 199 180 162 128 116 101 77 80 66 64 47 56 51 39 35 43 21 33 24 18 17 17 17 12 13 8 7 7 7 8 8 3 5 6 1 1 11 2 0 1 2 0 5 3 1 2 2 1 0 1 1 2 2 0 1 0 0 0 0 1 0 0 0 0 0 0 0 0 0 1 0 
0 0 60 51 52 118 155 161 298 400 439 523 706 889 1136 1379 1534 2006 2274 2572 2957 3348 3867 4112 4452 4750 5084 5308 5239 5655 5434 5619 5218 5247 5187 4861 4614 4401 4069 3829 3535 3204 2921 2676 2392 2203 1996 1795 1605 1377 1243 1208 1029 867 814 733 692 587 521 470 415 347 329 277 242 241 171 152 143 127 116 104 82 72 66 53 63 54 42 47 37 27 25 34 21 12 16 14 12 13 5 10 6 12 10 6 4 4 1 2 4 2 1 2 2 0 0 1 0 0 0 0 0 1 0 0 0 0 0 0 0 0 0 0 0 
0 0 66 63 62 79 200 237 289 344 527 565 689 995 1164 1277 1579 1871 2184 2554 2965 3252 3695 4185 4366 4772 4959 5143 5361 5508 5488 5457 5440 5347 5128 4837 4680 4359 4046 3903 3508 3253 2898 2676 2487 2253 1957 1807 1642 1463 1264 1165 1086 928 793 686 626 566 505 470 384 357 308 265 231 235 177 175 150 133 120 106 91 84 75 64 67 60 49 39 32 25 40 25 24 11 21 15 8 9 12 8 6 5 7 3 5 2 3 0 2 1 1 3 2 2 1 1 2 2 0 1 0 2 1 0 0 1 1 1 1 0 0 1 0 0 0 0 1 0 0 1 0 0 0 0 0 0 0 0 1 0 
0 0 54 62 41 82 172 154 192 361 423 497 712 865 973 1221 1572 1720 2132 2515 2775 3200 3660 3954 4231 4773 4914 5085 5299 5395 5481 5433 5423 5175 5191 5124 4709 4428 4196 3975 3620 3299 3052 2787 2503 2188 2040 1754 1678 1462 1296 1178 1053 968 897 700 648 545 523 454 403 338 328 266 248 222 176 176 152 140 114 90 89 81 57 52 49 52 34 47 25 26 22 19 25 14 21 13 9 9 9 14 9 8 5 3 3 4 2 2 3 3 1 1 4 0 2 0 0 3 1 0 0 0 0 0 0 0 0 0 0 0 
0 0 68 38 64 118 156 242 283 492 561 817 972 1103 1506 1706 1981 2297 2670 2941 3355 3703 3926 4343 4622 5007 5220 5206 5379 5468 5447 5287 5223 5094 4943 4688 4282 4121 3826 3547 3334 3014 2695 2443 2320 1999 1844 1586 1488 1373 1217 1051 887 836 734 685 607 532 438 418 386 325 274 236 197 185 179 178 144 131 105 91 94 74 63 63 54 46 37 42 27 25 23 16 31 11 16 10 9 11 5 16 6 5 9 12 6 6 1 2 4 3 3 5 2 3 1 1 1 2 1 3 0 0 1 1 0 0 0 0 0 0 0 0 0 0 0 
0 0 45 42 53 74 116 123 157 259 318 415 492 732 821 1060 1345 1527 1817 2164 2620 2869 3379 3553 3958 4296 4635 4862 5051 5368 5402 5421 5544 5332 5223 5085 4959 4725 4441 4097 3902 3640 3369 2999 2867 2523 2256 2096 1872 1657 1549 1337 1196 1089 944 900 765 715 589 478 481 420 369 318 308 259 226 208 167 171 155 128 111 91 80 65 67 66 52 57 43 42 29 26 32 21 16 21 21 10 12 11 11 2 10 8 11 8 5 2 2 4 5 4 2 2 1 0 1 1 0 0 0 1 0 0 0 0 0 0 0 0 0 0 0 
0 0 68 72 56 122 233 248 316 489 553 845 1015 1183 1464 1765 2013 2332 2597 2981 3469 3741 4199 4392 4763 5164 5286 5314 5536 5525 5498 5534 5210 5011 4878 4507 4287 4178 3819 3461 3147 2856 2676 2419 2119 1963 1740 1655 1460 1265 1133 988 899 820 749 608 550 518 466 419 324 307 294 233 198 213 153 148 125 112 93 87 70 69 58 55 39 44 45 24 35 27 31 22 21 21 10 16 17 10 10 15 11 7 10 5 7 4 4 2 3 5 1 0 0 3 2 1 0 0 1 3 0 0 0 0 0 0 0 0 0 0 0 
0 0 59 76 60 126 306 304 363 574 724 877 1211 1453 1736 1992 2381 2642 3122 3419 3864 4124 4427 4871 5206 5257 5337 5538 5543 5533 5479 5248 5108 4871 4614 4425 4050 3722 3488 3259 2838 2641 2403 2121 1937 1680 1467 1397 1215 1110 961 885 773 659 620 564 480 458 360 341 298 294 230 204 195 161 143 110 104 104 82 67 66 50 67 50 46 36 24 23 27 22 7 20 15 15 10 8 7 14 5 4 6 9 3 1 5 0 2 2 1 0 2 2 1 1 0 0 0 0 1 0 1 0 0 0 0 0 1 0 0 0 0 0 0 0 0 0 0 0 
0 0 54 53 44 57 98 107 259 274 357 430 619 793 902 1155 1392 1665 1925 2376 2562 2930 3353 3642 4128 4365 4616 4863 4966 5250 5298 5427 5200 5430 5301 4946 4794 4603 4392 4062 3707 3602 3268 2970 2686 2550 2274 2049 1759 1649 1523 1380 1216 1074 996 864 760 690 559 543 485 441 402 319 278 254 233 195 201 163 132 123 127 122 81 84 79 51 57 27 39 45 37 26 29 19 21 21 24 17 13 13 10 6 9 7 7 8 5 3 10 4 3 1 4 0 2 1 0 1 1 1 1 0 1 0 0 0 0 0 0 0 0 0 0 0 
0 0 58 54 48 80 115 97 221 263 278 387 542 616 806 1106 1287 1608 1989 2192 2594 3007 3313 3742 4085 4442 4663 5161 5100 5354 5357 5643 5422 5494 5316 5114 5010 4675 4370 4210 3834 3600 3486 3065 2767 2491 2228 2130 1826 1635 1479 1261 1135 1019 871 756 705 641 559 480 452 380 336 302 256 262 224 181 161 154 128 101 107 94 89 77 70 72 46 45 27 31 23 28 34 14 11 17 16 14 12 10 9 9 5 7 4 3 2 1 7 1 3 3 0 2 1 5 0 2 3 1 1 1 1 2 1 0 0 1 0 0 0 0 0 0 0 0 0 0 0 
0 0 50 48 54 70 92 168 246 282 378 459 724 971 1150 1314 1629 2043 2343 2670 3161 3389 3780 4259 4411 4819 5058 5314 5252 5436 5467 5608 5362 5208 4896 4981 4504 4309 4121 3646 3614 3280 2870 2643 2427 2164 1992 1853 1634 1471 1281 1146 1019 935 867 727 571 504 465 433 410 341 337 284 225 205 187 159 119 138 108 103 85 65 76 57 47 39 45 28 32 34 26 26 21 13 11 14 15 10 10 14 6 2 5 7 4 10 6 0 1 2 3 2 0 2 0 2 0 0 2 0 0 0 0 0 0 0 0 1 0 0 
0 0 45 55 51 112 151 240 256 342 503 713 900 1040 1294 1551 1935 2397 2639 2977 3345 3704 4107 4362 4747 4973 5170 5438 5515 5514 5489 5323 5367 5084 4848 4606 4411 3972 3902 3520 3276 2967 2631 2441 2292 2068 1776 1692 1464 1268 1214 999 967 800 713 696 560 516 452 409 362 319 255 224 223 200 162 164 117 106 99 108 74 81 54 55 40 45 23 32 39 31 25 17 17 23 14 8 14 13 6 8 7 9 6 5 2 9 5 3 7 4 2 4 1 1 3 3 0 2 1 0 1 1 0 0 2 0 0 1 0 0 0 0 0 0 0 0 0 0 0 
0 0 54 54 46 103 124 158 328 378 495 715 862 996 1190 1552 1795 2077 2399 2752 3087 3629 3938 4362 4654 4817 5197 5230 5461 5465 5474 5542 5380 5419 4999 4867 4479 4148 3941 3771 3362 3123 2925 2629 2355 2116 1944 1690 1576 1433 1238 1130 1041 878 753 710 604 505 475 388 351 346 267 237 209 198 174 146 133 103 102 90 79 69 74 46 47 45 41 32 29 24 25 16 12 14 20 12 9 12 8 3 2 7 5 9 2 0 4 5 1 0 0 1 3 0 0 2 2 1 2 1 0 1 0 0 2 0 0 1 0 0 1 0 1 0 1 0 0 0 0 0 0 0 0 0 0 0 
0 0 52 57 49 66 191 213 276 357 470 593 753 945 1221 1415 1641 2062 2379 2702 3157 3484 3962 4286 4478 4919 5241 5367 5487 5535 5675 5410 5448 5159 5125 4767 4524 4409 3931 3701 3461 3133 2830 2658 2461 2132 1957 1772 1547 1363 1248 1140 1016 897 785 707 620 541 476 369 404 332 303 281 251 225 184 156 144 137 127 119 95 81 65 69 46 42 30 41 38 24 24 17 23 17 17 7 20 8 6 7 7 8 6 7 5 6 4 3 7 2 1 6 3 0 5 0 3 2 5 1 2 1 0 0 1 0 1 1 0 0 0 0 0 0 0 0 0 0 0 
0 0 74 59 55 137 177 189 305 343 406 588 843 916 1076 1497 1634 2002 2488 2723 3023 3431 3886 4239 4450 4824 4966 5312 5413 5516 5433 5533 5362 5215 5101 4857 4638 4411 4101 3631 3368 3118 2928 2672 2516 2111 1897 1723 1575 1463 1250 1095 1009 869 792 787 631 553 497 451 387 382 308 288 234 224 226 175 165 155 115 108 110 101 90 67 57 62 47 41 29 37 30 23 24 16 21 22 24 15 11 9 12 8 9 7 3 8 6 2 5 3 2 0 1 2 3 1 0 0 2 1 2 2 0 3 0 1 1 0 0 1 0 0 0 0 1 0 0 0 0 0 0 0 0 0 0 0 
0 0 53 58 57 117 188 202 312 466 536 657 906 1146 1316 1635 1843 2170 2464 2888 3088 3450 3975 4329 4495 4730 5066 5294 5272 5447 5399 5469 5367 5131 4976 4824 4509 4286 4040 3716 3342 3177 2906 2606 2389 2159 1941 1687 1555 1361 1221 1114 961 833 780 667 612 528 481 417 357 301 265 251 223 172 159 150 106 116 93 101 81 56 62 59 45 49 28 44 44 23 22 22 22 17 10 18 9 11 6 3 2 3 4 7 2 4 1 1 2 1 1 1 0 0 1 1 0 0 0 1 1 0 0 0 0 0 0 0 0 0 0 0 
0 0 52 48 48 82 148 214 276 461 542 640 870 1010 1240 1554 1925 2130 2412 2865 3173 3668 3946 4295 4659 4893 5096 5490 5484 5636 5626 5553 5472 5215 5090 4797 4503 4250 3941 3591 3459 3075 2802 2535 2295 2016 1868 1704 1405 1341 1202 1072 878 831 785 689 550 533 525 420 361 310 268 255 230 180 203 164 147 111 104 92 93 85 70 68 50 38 52 38 29 20 26 15 22 15 13 7 8 6 7 5 5 2 5 2 4 2 2 0 0 1 2 0 3 0 0 0 0 2 0 2 2 0 1 0 0 0 1 0 0 0 1 0 0 0 0 0 0 0 0 0 0 0 
0 0 61 62 50 95 123 285 340 460 628 675 939 1199 1435 1713 2050 2383 2627 3089 3421 3678 4161 4452 4878 5074 5322 5541 5466 5584 5480 5265 5419 5057 4944 4690 4386 4096 3898 3584 3173 3035 2646 2422 2296 1979 1733 1622 1390 1306 1126 981 919 809 732 619 566 522 410 377 312 271 253 268 221 172 144 144 129 105 85 90 82 68 55 67 54 40 41 35 28 24 24 25 19 9 14 9 7 11 11 9 4 7 5 5 5 2 0 3 1 1 1 0 0 2 2 0 0 1 0 1 1 0 0 1 0 0 0 0 0 0 0 0 0 0 0 
0 0 63 60 49 106 169 237 265 468 581 640 989 1192 1315 1689 2004 2261 2692 3096 3357 3747 4154 4458 4727 5158 5318 5405 5497 5462 5592 5411 5360 5017 5033 4731 4418 4069 3799 3542 3275 2851 2767 2484 2152 1903 1854 1690 1425 1352 1130 1006 974 808 679 651 588 519 454 413 391 323 253 269 208 179 175 157 143 112 97 80 73 69 50 47 40 41 26 31 20 24 21 18 10 18 8 4 11 11 7 4 10 1 3 5 2 1 5 1 0 1 3 0 0 1 0 0 1 1 0 0 0 0 0 0 0 0 0 0 0 
0 0 46 45 43 85 89 107 158 188 223 312 414 522 740 982 1061 1365 1617 1937 2270 2603 2995 3276 3599 4056 4351 4653 4955 5129 5202 5407 5431 5504 5378 5275 5029 4808 4695 4354 4148 3899 3571 3301 3107 2644 2453 2300 2074 1817 1655 1509 1287 1194 1079 911 865 768 662 603 547 434 402 365 331 306 280 233 208 174 170 137 139 119 83 83 90 49 56 51 47 28 35 27 27 26 20 14 13 12 17 4 5 12 5 7 1 5 3 2 0 6 1 2 1 0 4 2 1 1 0 3 0 2 0 1 1 1 1 0 0 0 0 0 0 0 0 0 0 0 
0 0 66 68 69 79 198 308 335 513 665 811 995 1276 1506 1856 2272 2538 2884 3385 3626 4016 4515 4706 4839 5195 5200 5550 5481 5651 5577 5453 5322 5066 4715 4525 4178 3888 3718 3271 3045 2795 2498 2293 2004 1809 1675 1514 1284 1145 1080 927 827 666 662 591 508 467 381 339 288 283 236 213 160 146 134 122 110 92 116 88 57 66 53 38 42 38 23 34 26 16 16 13 15 17 9 17 11 5 4 6 4 5 4 7 3 4 2 3 1 1 1 1 3 3 3 3 2 0 0 2 1 0 2 0 2 1 1 0 0 0 1 1 0 0 0 0 0 0 0 1 0 1 0 0 0 0 0 0 0 0 
0 0 56 51 37 59 192 210 238 362 419 520 663 939 1060 1319 1586 1942 2241 2570 2895 3255 3687 3960 4375 4636 4974 5324 5365 5590 5492 5517 5266 5432 5124 4804 4758 4365 4065 4027 3525 3118 3064 2768 2475 2163 2101 1819 1592 1454 1297 1159 1090 940 777 732 647 545 481 447 415 380 305 268 239 201 171 175 160 133 142 107 73 87 71 66 61 51 37 39 35 39 30 20 25 12 17 17 8 5 11 5 4 4 4 6 6 3 0 3 3 1 3 0 0 3 1 0 1 0 0 1 0 0 1 0 0 1 0 0 0 0 0 0 0 0 0 0 0 
0 0 60 58 63 84 123 253 309 339 513 700 801 1033 1292 1582 1933 2234 2654 2860 3361 3835 3995 4455 4837 5168 5273 5468 5590 5511 5474 5502 5353 5059 4884 4500 4502 4110 3925 3598 3164 3015 2723 2527 2314 2016 1829 1638 1451 1303 1153 1035 971 828 780 646 581 527 450 409 333 326 271 254 235 175 181 153 120 121 119 79 86 78 57 81 47 41 37 41 27 23 26 20 10 21 11 8 11 10 4 8 9 4 4 4 3 3 1 4 2 6 1 1 2 3 3 1 0 2 0 2 0 0 2 0 0 0 0 0 0 0 1 0 0 0 0 0 0 0 0 0 0 0 
0 0 45 45 48 94 115 199 249 308 387 596 698 832 1124 1272 1577 1967 2191 2545 2902 3316 3647 4148 4388 4730 4944 5217 5475 5423 5626 5537 5375 5289 5139 4904 4687 4411 4164 3776 3568 3371 3094 2719 2481 2296 2070 1801 1674 1481 1341 1151 1077 966 853 775 653 607 555 448 441 381 313 309 238 232 228 160 140 138 136 118 101 92 77 64 47 51 55 36 38 42 31 29 20 22 13 14 12 14 12 11 10 6 6 5 3 3 4 2 5 4 1 1 2 0 1 3 0 0 1 0 0 1 1 0 1 2 0 1 2 1 2 0 1 1 0 1 1 1 0 0 0 0 0 1 0 0 0 0 0 0 
0 0 59 62 53 107 160 206 268 323 434 672 838 896 1282 1625 1821 2071 2508 2824 3080 3646 3959 4118 4592 4884 5049 5296 5420 5490 5614 5427 5341 5278 4961 4813 4523 4367 3998 3642 3589 3238 2810 2633 2375 2207 1907 1784 1544 1406 1224 1102 1020 862 782 721 636 551 465 418 372 383 253 262 235 196 170 144 131 126 100 93 83 80 65 62 42 36 46 46 30 37 33 20 18 19 10 10 15 12 10 6 7 5 8 6 2 5 1 1 4 1 2 1 3 0 0 0 2 0 0 0 0 1 1 0 0 0 0 0 0 0 0 0 0 0 
0 0 52 55 54 59 136 168 219 263 362 429 557 749 904 1195 1353 1584 1976 2407 2568 3034 3365 3754 4244 4571 4727 4922 5121 5484 5377 5418 5467 5258 5273 5066 4731 4473 4364 3979 3851 3535 3207 3027 2626 2375 2223 1992 1846 1639 1443 1273 1127 1052 928 748 746 649 598 537 451 422 358 333 301 261 226 202 173 153 168 132 110 103 79 78 72 60 54 43 51 46 26 40 32 23 21 14 17 11 14 12 12 10 5 11 4 7 4 4 5 2 2 7 2 1 4 0 4 1 2 0 2 2 0 1 1 0 3 2 1 0 1 1 2 0 0 0 0 0 0 0 0 0 0 0 
0 0 73 53 56 128 214 277 361 480 610 816 1147 1241 1521 1829 2271 2631 2904 3318 3653 4107 4435 4647 5008 5204 5462 5437 5567 5631 5494 5434 5094 5043 4812 4497 4146 3908 3707 3292 3073 2786 2583 2289 2034 1790 1681 1371 1217 1160 1088 901 866 685 613 556 526 411 423 358 293 273 239 214 206 155 154 116 112 96 82 59 72 73 47 55 39 32 27 21 11 19 20 23 5 10 17 9 3 4 8 5 6 3 4 1 5 2 2 0 3 2 1 1 2 0 0 0 1 0 1 0 0 1 0 0 0 1 0 0 0 0 0 0 0 0 0 0 0 
0 0 55 55 54 145 145 232 299 384 462 633 872 977 1257 1531 1790 2140 2492 2882 3154 3539 3970 4349 4683 4937 5216 5341 5475 5615 5618 5493 5476 5384 5075 4880 4631 4256 4052 3666 3452 3104 2911 2567 2253 2121 1876 1768 1536 1353 1170 1060 949 866 743 678 633 521 468 400 343 314 292 238 221 201 197 149 124 118 84 90 80 60 63 48 37 35 30 31 28 26 17 28 17 13 10 9 19 7 6 6 7 9 7 3 1 1 4 1 5 1 2 3 1 0 0 1 0 0 1 0 1 0 1 0 1 0 1 0 0 0 0 0 0 0 0 0 0 0 
0 0 60 55 54 133 270 299 359 527 647 852 1021 1252 1432 1827 2003 2366 2756 3073 3461 3839 4266 4436 4714 5110 5264 5446 5443 5610 5543 5297 5228 4979 4806 4518 4318 3950 3784 3481 3121 2811 2625 2389 2160 2032 1804 1572 1361 1265 1134 1036 901 794 762 635 560 475 457 369 334 326 260 276 202 181 172 137 135 123 106 87 69 66 58 48 53 36 33 34 28 21 22 24 20 18 13 15 9 7 8 12 10 4 7 8 4 3 3 6 4 7 3 2 1 0 1 2 3 1 0 1 1 1 0 0 0 0 0 0 0 0 0 0 0 
0 0 53 38 50 144 166 252 290 353 475 581 706 792 1125 1403 1565 1875 2279 2564 2952 3351 3836 3877 4451 4707 4863 5094 5261 5456 5573 5384 5378 5226 4999 4946 4665 4308 4100 3832 3507 3247 3135 2704 2500 2312 2075 1772 1730 1499 1355 1227 1119 956 882 728 659 579 513 451 412 384 313 294 272 224 218 156 166 142 126 117 116 102 94 82 62 51 40 54 41 43 42 27 14 26 17 12 12 16 7 12 9 4 6 6 4 5 2 2 3 3 1 1 0 2 4 2 0 3 0 0 0 1 1 0 1 0 1 1 0 0 1 1 0 0 0 1 1 0 0 0 0 0 0 0 0 0 0 0 
0 0 59 43 61 133 231 265 355 490 625 786 1013 1170 1461 1726 1963 2322 2686 3008 3405 3895 4149 4464 4808 5010 5234 5441 5514 5370 5560 5380 5232 5057 5018 4601 4356 4030 3894 3462 3217 2904 2675 2389 2201 2019 1794 1643 1419 1287 1205 1015 883 810 714 638 580 536 421 380 344 312 258 231 197 171 165 141 122 100 117 91 71 65 60 47 34 35 37 25 35 13 12 23 20 13 6 15 1 8 6 5 5 8 2 2 3 2 3 2 2 0 2 0 0 1 2 1 0 0 1 0 1 0 0 0 0 0 1 0 0 0 0 0 0 0 0 0 0 0 
0 0 62 54 61 99 122 207 303 374 507 752 878 1100 1326 1629 1907 2310 2554 2872 3320 3729 4132 4360 4774 4981 5277 5372 5570 5475 5387 5378 5390 5167 4903 4717 4352 4165 3839 3473 3269 2894 2683 2508 2262 1998 1844 1632 1560 1347 1202 1039 917 806 804 684 635 551 462 393 387 297 285 252 230 215 157 161 124 105 106 91 80 75 79 54 43 53 38 36 23 28 25 18 16 15 12 12 12 10 9 8 6 5 3 4 7 6 5 3 3 1 1 6 2 0 3 1 1 1 0 1 3 1 1 0 2 0 1 1 0 1 0 1 1 1 0 0 1 0 0 0 1 0 0 0 0 0 0 0 0 0 
0 0 63 56 71 95 159 292 342 454 634 746 979 1190 1377 1858 1941 2270 2745 2999 3324 3766 4050 4468 4846 4952 5176 5302 5484 5562 5557 5351 5317 5030 4755 4574 4263 3981 3730 3493 3221 3033 2618 2563 2241 2022 1819 1587 1530 1396 1167 1003 927 775 710 654 567 525 464 407 343 299 278 224 223 172 164 144 163 104 97 94 89 80 72 63 50 45 52 32 26 28 20 18 20 13 12 5 11 12 3 4 6 5 6 1 2 7 5 3 3 1 4 1 0 0 2 0 2 1 1 1 0 0 0 1 1 1 1 2 1 0 1 0 0 0 0 0 0 0 0 0 0 0 
0 0 57 78 51 207 296 321 317 559 707 770 1058 1297 1374 1731 2174 2357 2815 3274 3605 3833 4270 4587 4946 5125 5306 5360 5444 5473 5448 5381 5237 4982 4910 4529 4166 3885 3877 3376 3154 2864 2603 2384 2094 1834 1643 1548 1339 1231 1104 1003 856 730 629 595 536 461 442 404 339 264 247 208 179 187 139 155 131 100 98 96 75 68 54 49 49 56 28 29 34 21 15 30 14 16 18 12 6 10 8 4 6 6 4 3 4 1 2 2 3 0 4 1 1 1 0 1 0 1 0 0 2 1 0 0 0 0 0 0 0 0 0 0 0 
0 0 64 54 61 91 136 151 166 237 300 371 474 732 873 1053 1285 1607 1912 2206 2570 2916 3226 3549 4081 4231 4614 4844 5180 5277 5436 5402 5512 5553 5249 5078 4894 4862 4517 4153 4054 3572 3279 3038 2734 2555 2268 2054 1862 1625 1447 1355 1195 1085 937 831 777 652 590 562 437 413 350 318 265 238 180 187 157 155 109 86 79 72 63 67 46 37 31 29 20 29 21 16 17 15 11 10 12 9 4 10 7 3 4 2 5 3 3 1 1 1 1 2 3 4 0 0 2 1 2 1 0 0 0 2 0 0 0 0 0 0 0 0 0 0 0 
0 0 74 47 47 118 202 193 278 372 429 678 938 990 1277 1621 1859 2185 2499 2946 3311 3654 3975 4303 4577 4671 5047 5332 5302 5466 5490 5258 5196 5128 5037 4784 4515 4275 3967 3774 3387 3186 2781 2607 2344 2120 1886 1798 1612 1389 1269 1107 1021 868 770 724 629 538 516 401 402 308 306 238 221 197 185 166 142 118 132 84 80 92 59 60 42 42 34 28 26 29 35 25 22 19 11 18 14 11 10 6 5 4 4 10 2 3 2 3 6 3 2 4 0 2 2 3 0 2 1 0 0 2 1 0 1 0 0 1 1 0 0 0 0 0 0 0 0 0 0 0 
0 0 50 48 59 256 214 277 478 622 703 847 1111 1257 1574 1985 2159 2543 3064 3214 3705 4124 4385 4688 5046 5125 5407 5466 5414 5498 5541 5356 5057 4910 4509 4461 4120 3932 3554 3296 2940 2799 2614 2271 2029 1873 1568 1539 1337 1181 1050 930 813 766 629 547 552 429 428 386 324 292 274 229 178 182 171 125 145 110 118 85 81 72 55 66 53 34 33 28 26 28 29 26 14 20 11 11 12 14 8 6 4 4 2 2 1 5 0 0 2 0 2 1 0 0 0 3 0 1 1 1 0 1 0 0 0 0 0 1 0 0 0 0 0 0 0 0 0 0 0 
0 0 51 46 44 127 131 150 212 365 403 586 900 1070 1214 1597 1835 2063 2680 2931 3112 3572 4028 4276 4648 4939 5012 5360 5560 5584 5680 5514 5520 5261 4876 4765 4449 4284 3909 3677 3398 3001 2782 2634 2274 2084 1886 1680 1511 1290 1193 1065 942 822 746 657 574 487 479 386 357 318 268 256 231 172 174 158 144 117 101 90 91 74 54 61 52 40 41 41 26 20 32 16 20 23 17 11 11 14 15 8 8 11 7 3 3 4 4 5 3 1 2 5 3 1 4 0 1 2 1 2 1 0 1 0 0 1 0 0 1 0 0 0 0 1 0 0 0 0 0 0 0 0 0 0 0 
0 0 70 73 53 191 254 283 379 561 711 818 1201 1394 1600 1997 2375 2591 2990 3319 3748 4138 4374 4799 5062 5220 5422 5636 5647 5471 5496 5432 5266 5044 4794 4322 4212 4050 3517 3206 2905 2723 2582 2198 1936 1813 1554 1494 1203 1195 1002 841 787 719 610 562 518 388 358 346 262 272 246 202 183 148 151 115 88 82 82 82 51 47 53 35 29 38 39 21 23 21 17 14 20 11 13 8 11 7 5 3 5 3 2 3 5 1 1 1 1 3 1 3 2 1 2 2 0 1 0 0 1 0 0 0 0 0 0 1 0 0 0 0 0 0 0 0 0 0 0 
0 0 68 70 64 84 138 181 205 357 393 528 759 940 1116 1354 1757 1819 2111 2668 2970 3377 3691 3969 4406 4714 5026 5151 5480 5409 5648 5551 5389 5318 5257 4992 4737 4420 4129 3836 3706 3365 2982 2826 2523 2250 1945 1935 1620 1515 1316 1113 1010 862 821 700 659 572 462 441 398 363 291 252 222 208 159 154 129 118 111 83 87 92 64 69 47 53 55 40 44 23 16 25 22 14 17 14 11 6 9 6 6 4 1 3 3 2 1 2 1 1 2 0 4 2 1 0 1 1 1 1 3 1 1 0 1 0 0 0 0 0 0 0 0 0 0 0 
0 0 68 57 57 116 185 210 279 406 419 559 788 998 1335 1548 1854 2171 2507 2970 3331 3581 3835 4367 4590 4932 5111 5253 5490 5522 5452 5293 5289 5161 4963 4656 4481 4167 3919 3745 3402 2941 2791 2533 2241 2077 1976 1649 1580 1375 1160 1096 944 860 767 657 587 505 472 421 359 322 340 267 211 191 179 167 122 143 102 96 86 64 76 71 52 64 60 35 31 32 23 24 15 14 22 14 9 9 8 3 7 3 5 4 3 3 2 2 3 2 3 1 1 0 1 3 0 1 2 2 0 0 0 0 1 0 0 0 0 0 1 0 0 0 0 0 0 0 0 0 0 0 
0 0 67 68 45 79 161 159 216 281 282 453 582 656 932 1154 1403 1708 1931 2307 2717 3142 3408 3772 4221 4440 4720 5101 5268 5472 5436 5690 5521 5467 5268 5185 4930 4675 4471 4097 3860 3420 3150 2870 2799 2518 2168 1969 1795 1634 1377 1258 1188 1076 918 773 752 628 572 514 467 386 331 320 255 234 213 182 163 166 124 111 85 80 80 65 58 62 43 36 28 30 30 28 17 16 15 19 12 6 9 11 9 12 3 3 6 4 4 8 5 3 2 2 4 1 6 3 0 1 0 3 3 0 0 0 1 0 0 0 1 0 0 0 0 0 0 1 0 0 0 0 0 0 0 0 0 0 0 
0 0 61 57 57 107 114 117 316 475 484 623 881 1134 1340 1642 1953 2302 2564 2956 3312 3696 3998 4388 4563 4983 5156 5268 5427 5442 5523 5411 5093 5092 4883 4707 4293 4166 3820 3501 3313 3046 2770 2447 2258 2080 1866 1646 1465 1338 1192 1047 938 908 780 674 675 539 456 466 403 349 297 275 227 191 173 151 135 132 132 88 91 40 60 62 48 46 41 47 37 31 13 18 20 10 17 12 17 10 12 7 10 7 6 4 11 12 9 4 2 1 6 4 4 1 4 4 1 3 2 1 3 1 0 1 0 0 1 0 0 0 0 0 0 0 0 0 0 0 
0 0 54 51 42 93 147 181 247 313 438 526 718 867 1050 1402 1668 1933 2259 2557 2854 3260 3557 3882 4248 4767 4867 5155 5312 5304 5576 5570 5464 5403 5149 5001 4864 4437 4276 4000 3629 3377 3110 2747 2540 2301 2072 1810 1717 1495 1328 1136 1048 942 880 739 684 572 571 415 390 334 305 277 218 228 209 179 136 124 117 91 80 78 69 66 49 44 42 48 24 25 28 19 20 19 10 18 16 11 10 11 13 7 9 9 6 6 4 3 3 4 1 2 3 1 1 2 0 0 2 0 3 0 0 0 0 0 0 0 0 0 0 0 
0 0 70 60 62 79 242 252 365 459 567 734 998 1122 1358 1650 2002 2309 2634 2928 3378 3934 4121 4372 4736 4934 5102 5336 5481 5411 5475 5475 5221 4924 4906 4557 4423 4102 3885 3545 3206 2977 2734 2449 2254 2028 1786 1634 1446 1320 1187 1018 933 829 692 664 568 517 455 374 339 298 252 222 205 193 174 145 126 111 92 80 70 74 62 54 60 46 31 30 23 27 24 13 9 15 14 13 8 9 6 11 3 6 7 2 3 2 2 2 2 1 1 0 0 1 0 0 0 1 1 0 0 0 0 0 0 0 0 0 0 0 
0 0 78 65 59 130 170 203 269 319 416 460 737 886 1138 1397 1787 2011 2299 2697 3032 3424 3832 4211 4525 4770 4978 5206 5443 5478 5477 5388 5357 5170 4968 4938 4648 4214 4063 3800 3589 3241 2905 2615 2443 2227 1998 1852 1555 1483 1207 1121 1041 867 779 714 616 587 516 419 397 340 326 253 221 224 207 171 159 148 98 97 95 75 64 73 54 51 49 30 29 34 26 25 21 26 17 8 14 8 13 7 7 6 5 4 3 5 2 1 2 3 0 1 0 1 0 1 0 0 0 1 0 0 2 0 0 0 0 0 0 0 0 0 0 0 
0 0 56 70 39 103 127 150 268 482 484 560 820 998 1176 1606 1728 2035 2332 2763 3021 3410 3914 4080 4411 4695 5096 5231 5366 5533 5413 5501 5393 5267 5057 4864 4673 4300 4090 3820 3426 3138 2990 2607 2379 2199 1962 1830 1555 1368 1284 1118 1039 911 739 718 569 566 477 407 365 340 291 267 239 203 171 158 151 128 107 103 101 94 66 53 67 57 43 41 29 28 33 19 10 10 13 8 15 5 7 6 8 5 8 3 4 6 3 2 0 6 2 2 3 1 0 0 0 1 0 0 0 0 0 0 0 0 0 0 0 
0 0 57 68 46 90 183 214 233 378 471 542 831 1023 1138 1453 1825 2054 2298 2897 3082 3434 3876 4139 4566 4801 5113 5243 5422 5424 5438 5536 5371 5245 5079 4696 4592 4301 4187 3863 3444 3187 3013 2657 2373 2136 1999 1816 1605 1403 1176 1140 1025 905 766 724 642 577 497 462 383 366 315 313 274 182 195 150 159 119 126 106 88 67 62 43 41 42 36 30 29 25 27 22 19 17 12 13 9 10 5 11 7 5 2 7 6 5 3 5 1 1 0 1 1 1 2 0 0 1 0 1 1 1 0 0 1 2 0 1 1 0 1 1 0 0 2 0 0 2 0 0 0 1 0 0 0 1 0 0 0 0 
0 0 82 67 56 114 230 250 384 488 651 872 1024 1120 1433 1868 2161 2427 2735 3121 3676 3907 4267 4579 4956 4994 5277 5551 5581 5454 5507 5266 5224 5092 4681 4525 4409 3975 3694 3408 3173 2890 2636 2393 2172 1863 1746 1593 1411 1247 1104 1014 889 761 662 615 549 507 395 377 331 302 257 231 219 197 154 157 136 110 89 82 78 84 64 57 55 50 39 32 25 31 21 26 18 14 12 14 18 10 4 11 11 6 5 1 7 5 2 3 5 2 4 4 2 1 3 0 1 0 2 2 0 2 1 0 0 2 1 1 0 1 3 0 1 1 2 1 0 1 0 0 0 0 0 0 0 0 0 0 0 
0 0 69 61 34 189 213 250 307 398 571 729 926 1114 1334 1669 1909 2366 2645 2978 3320 3781 4152 4361 4689 4986 5330 5457 5282 5581 5525 5382 5265 5323 4870 4660 4432 4149 3787 3526 3348 3086 2827 2522 2239 2030 1739 1611 1468 1313 1147 1022 915 797 716 675 574 534 447 361 355 354 271 253 202 198 157 134 138 105 94 90 78 68 60 50 28 45 34 26 16 29 15 11 14 9 15 10 4 6 11 6 8 3 7 3 5 0 1 2 4 1 1 0 0 3 0 2 0 1 1 0 1 1 0 1 0 0 0 0 0 0 0 1 0 0 0 0 0 0 0 0 0 0 0 
0 0 45 58 50 60 130 126 199 213 286 366 484 551 642 876 1145 1282 1554 1806 2203 2562 2913 3297 3664 4037 4334 4603 5066 5105 5297 5588 5463 5424 5460 5331 5001 4819 4644 4366 4076 3843 3596 3281 2898 2696 2495 2274 2042 1881 1711 1415 1318 1163 1033 937 826 733 655 596 544 456 391 377 347 275 225 239 194 187 160 124 122 99 88 86 63 59 68 47 37 43 27 26 33 24 34 21 19 21 12 14 11 5 13 9 8 7 2 4 5 4 1 3 2 1 1 2 1 1 0 1 0 1 1 0 1 0 0 0 0 0 0 0 1 0 0 1 1 0 0 0 1 0 0 0 0 0 0 0 1 0 
0 0 52 43 44 82 129 141 161 261 404 499 764 899 987 1318 1701 1990 2201 2690 2989 3444 3687 4128 4429 4753 5038 5121 5393 5451 5550 5589 5341 5379 5022 4881 4644 4407 4108 3785 3473 3249 2932 2670 2562 2248 2000 1840 1628 1438 1361 1183 1126 954 798 740 632 576 531 432 379 341 334 283 220 190 190 175 144 101 108 115 81 73 60 47 47 51 44 40 32 34 14 20 28 19 24 14 12 14 14 10 5 9 10 5 1 5 3 7 3 2 3 3 1 0 1 1 0 1 1 0 2 0 0 0 0 0 2 0 0 0 0 0 0 0 0 0 1 0 
0 0 69 67 57 90 169 225 250 351 465 598 770 1072 1097 1418 1753 2088 2387 2767 3108 3615 3984 4243 4597 4960 5225 5342 5577 5548 5542 5595 5415 5259 4859 4741 4613 4165 3921 3626 3436 3076 2858 2546 2414 2035 1906 1743 1541 1431 1236 1074 1013 825 799 674 651 508 460 439 419 322 297 268 236 215 192 179 151 118 105 111 106 72 72 57 48 42 50 31 47 22 33 29 19 30 15 25 16 14 15 8 9 7 8 10 12 6 4 3 3 3 4 2 3 3 0 1 1 0 1 0 1 1 0 0 3 0 0 1 0 0 0 1 0 0 0 0 0 0 0 0 0 0 0 
0 0 64 54 56 151 201 215 315 434 522 592 858 985 1336 1594 2000 2298 2641 3051 3416 3843 4108 4383 4785 5024 5278 5339 5496 5665 5609 5286 5386 5141 5050 4582 4348 4205 3935 3639 3243 3078 2766 2620 2204 2075 1817 1716 1552 1315 1142 986 964 875 728 626 571 501 423 396 354 290 246 239 224 191 159 167 138 109 91 86 83 68 55 55 51 31 36 42 24 18 20 20 19 13 14 9 11 14 10 10 8 6 6 6 5 3 5 3 0 2 2 0 2 1 0 1 3 0 1 1 0 1 1 1 0 1 0 0 0 0 0 0 1 0 0 1 0 0 0 0 0 0 0 0 0 0 0 
0 0 53 52 52 86 131 138 154 299 337 481 653 722 835 1219 1469 1639 1982 2298 2615 3041 3540 3796 4079 4418 4853 5059 5169 5413 5375 5498 5440 5292 5172 5100 4906 4601 4394 3991 3747 3433 3152 2899 2670 2398 2220 1959 1763 1511 1351 1264 1123 999 911 762 718 613 512 488 420 344 322 300 265 211 219 167 165 130 140 81 109 75 80 56 62 55 45 29 40 25 29 22 27 13 16 16 9 11 11 9 5 5 13 6 3 7 8 5 2 0 3 4 3 3 3 2 1 3 1 0 3 2 2 2 0 1 1 2 0 0 0 0 1 0 0 0 0 0 0 0 0 0 0 0 
0 0 50 43 48 73 94 128 155 285 344 457 663 881 993 1180 1622 1767 2005 2487 2765 2984 3512 3790 4076 4450 4786 4877 5064 5111 5395 5481 5497 5219 5239 4927 4801 4623 4276 4002 3713 3381 3125 2974 2633 2390 2220 1990 1723 1599 1395 1214 1187 1014 900 797 662 607 587 499 397 354 319 320 244 239 195 193 141 141 116 105 84 90 86 68 48 57 53 40 35 19 22 29 18 14 14 15 17 6 13 12 6 7 6 0 4 6 5 2 3 5 1 2 2 0 1 2 0 0 1 1 0 0 1 0 0 0 0 0 0 0 0 0 0 0 
0 0 58 58 64 85 121 152 307 322 363 560 692 942 1128 1503 1684 2110 2311 2783 3218 3465 3845 4234 4579 4845 5144 5298 5404 5589 5523 5512 5470 5207 5140 4784 4609 4273 4043 3747 3517 3270 2978 2657 2458 2199 1936 1782 1566 1423 1254 1109 942 873 772 721 598 530 486 414 423 325 310 255 215 223 173 149 149 127 118 86 83 77 66 78 53 37 51 38 32 28 28 23 24 19 13 12 9 7 6 6 6 5 4 5 1 5 1 6 0 3 0 5 2 1 0 1 1 1 0 0 1 0 0 0 0 0 0 0 0 0 0 0 
0 0 59 55 70 80 88 187 277 282 309 498 746 815 1036 1219 1494 1800 2157 2398 2729 3176 3626 3832 4300 4649 4860 5241 5286 5605 5535 5593 5603 5267 5344 5057 4914 4575 4194 3957 3804 3359 2991 2771 2553 2272 2067 1874 1600 1514 1320 1155 1054 925 827 699 610 597 528 427 417 368 318 284 227 234 159 183 138 116 124 104 94 82 73 62 52 38 52 43 39 33 29 32 14 16 18 17 13 8 9 7 13 10 1 3 3 2 5 2 2 4 2 1 1 1 2 0 0 0 0 1 0 0 0 0 0 0 0 0 0 0 0 
0 0 62 66 51 98 119 167 232 315 449 569 712 905 1045 1320 1549 1916 2062 2530 2967 3251 3590 4094 4289 4764 4971 5281 5487 5518 5463 5464 5564 5282 5235 4965 4800 4524 4166 3897 3702 3397 3056 2710 2519 2292 1998 1846 1655 1451 1357 1156 998 971 848 736 669 583 527 474 398 318 311 277 284 216 215 159 151 135 112 84 105 83 76 63 50 42 37 32 25 22 20 17 18 12 11 11 12 4 8 4 4 0 5 2 2 6 2 0 1 0 1 3 2 0 3 1 0 0 0 1 0 0 0 1 0 0 0 0 0 2 1 0 0 0 0 0 0 0 0 0 0 0 
0 0 77 71 66 139 211 274 340 375 575 741 894 1065 1219 1634 2005 2180 2579 2943 3500 3797 4096 4454 4811 5174 5156 5287 5437 5579 5472 5362 5297 5127 4815 4704 4425 4015 3833 3416 3209 2980 2684 2362 2195 1969 1838 1657 1432 1251 1136 1047 932 802 725 648 594 508 484 405 380 349 294 250 231 208 183 151 157 122 112 104 100 85 79 71 57 53 42 41 26 29 17 18 25 11 14 18 4 7 8 4 10 2 7 5 6 6 4 3 1 1 2 1 0 1 2 0 0 0 0 0 0 0 0 0 0 0 
0 0 49 54 53 162 245 283 354 486 638 904 1123 1275 1437 1880 2299 2526 2840 3316 3711 3941 4483 4882 4950 5238 5537 5545 5499 5645 5512 5329 5110 5086 4773 4432 4174 3814 3685 3337 3030 2813 2475 2319 1991 1842 1723 1495 1364 1196 1105 1003 837 682 629 586 472 487 385 331 294 264 224 193 154 177 130 147 103 95 69 80 69 51 49 40 49 27 27 20 17 19 15 12 8 11 15 7 5 8 2 8 4 2 1 5 3 1 2 2 0 1 2 0 1 2 0 0 1 0 0 0 0 0 0 0 0 0 0 0 
0 0 87 68 70 98 154 254 354 372 607 765 921 1153 1425 1614 1838 2320 2637 2956 3381 3676 4020 4438 4672 4956 5233 5288 5492 5557 5423 5525 5177 5093 4903 4734 4378 4087 3915 3630 3317 3043 2774 2474 2254 2073 1837 1690 1456 1310 1157 1023 940 837 712 596 576 504 402 394 369 336 263 221 218 200 194 159 123 116 112 114 90 61 60 61 52 43 38 37 38 30 25 21 16 12 17 8 13 7 13 8 5 4 5 5 4 2 2 4 3 2 2 2 0 0 2 0 0 2 0 1 0 2 0 0 1 0 0 0 0 0 0 0 0 0 0 0 
0 0 61 60 49 135 173 200 395 404 596 866 923 1199 1496 1869 2086 2519 2807 2973 3598 3952 4140 4618 4859 5089 5368 5376 5464 5558 5613 5442 5192 5176 4810 4595 4317 3862 3594 3421 3108 2734 2647 2365 2087 1883 1653 1567 1417 1204 1124 891 872 777 697 622 577 451 427 370 285 281 274 237 228 172 142 134 104 110 91 88 80 66 64 44 32 33 23 25 27 19 7 21 18 11 8 9 12 5 3 8 7 3 5 5 1 4 2 0 2 4 1 1 2 2 0 4 0 0 1 0 0 0 0 0 1 0 0 1 1 0 0 0 1 0 0 1 0 0 0 0 0 1 0 0 0 0 0 0 0 0 
0 0 67 51 57 115 152 179 273 304 414 550 656 978 1158 1323 1638 1973 2288 2680 3060 3304 3702 4213 4392 4713 4972 5182 5390 5440 5414 5487 5404 5297 5087 4848 4556 4394 4016 3870 3663 3250 3064 2693 2523 2255 2038 1860 1697 1445 1323 1153 1079 889 816 743 643 554 519 452 360 360 328 271 230 247 175 168 137 132 133 101 100 62 65 47 45 40 42 42 32 29 27 17 16 8 17 10 9 10 8 5 9 3 4 3 3 3 4 1 0 4 2 1 1 1 2 0 0 0 1 0 0 0 0 0 0 0 0 0 0 0 
0 0 50 47 40 77 97 106 155 199 200 367 482 574 712 889 1087 1474 1611 1879 2272 2514 2937 3291 3625 4053 4327 4573 4922 5161 5224 5438 5370 5541 5429 5218 5185 4872 4661 4496 4210 3866 3618 3440 2973 2716 2507 2266 2010 1848 1625 1502 1338 1163 1064 949 831 755 638 566 486 449 445 384 332 242 221 232 202 196 146 132 130 93 96 65 72 61 60 35 51 25 43 34 28 26 21 20 20 16 14 9 6 6 5 9 5 5 2 1 4 2 2 2 4 2 1 0 3 0 2 0 0 1 0 0 0 0 0 0 1 0 0 0 0 0 1 0 0 0 0 0 0 0 0 0 0 0 
0 0 66 48 49 100 193 184 256 351 414 526 660 775 997 1210 1565 1834 2075 2352 2779 3087 3364 3898 4047 4426 4785 5059 5175 5290 5459 5330 5417 5300 5136 4976 4796 4569 4195 4082 3672 3481 3232 2821 2581 2404 2198 2009 1814 1553 1388 1225 1095 987 917 815 680 649 555 481 436 406 357 287 284 258 212 202 180 146 135 121 99 112 74 68 50 62 58 39 45 38 32 27 29 31 21 23 13 10 15 10 12 10 10 7 6 2 5 2 5 8 3 1 1 2 1 1 0 0 0 1 1 0 0 0 0 1 0 0 0 0 0 0 0 0 0 0 0 
0 0 61 60 48 105 110 252 333 459 574 736 976 1112 1404 1589 1976 2184 2601 2998 3461 3772 4125 4465 4835 5040 5366 5372 5429 5527 5564 5437 5335 5163 4836 4625 4411 4172 3914 3456 3253 3125 2657 2462 2251 1967 1748 1666 1480 1359 1140 1006 870 838 712 629 549 497 420 391 359 275 283 251 179 177 175 128 109 111 87 87 65 68 55 48 42 27 39 33 22 23 21 19 20 17 8 7 16 6 14 5 3 9 4 3 4 2 2 1 2 1 1 2 0 0 1 2 1 0 0 1 1 1 0 0 0 0 0 0 0 0 0 0 0 
