0 0 64 56 40 80 164 168 193 315 328 576 850 918 1149 1523 1790 2248 2611 2926 3359 4015 4244 4735 5131 5494 5784 6219 6164 6201 6320 6164 6028 5890 5609 5391 4959 4651 4251 3850 3564 3208 2935 2603 2188 2020 1679 1544 1314 1109 925 845 751 600 488 455 380 311 252 207 184 174 124 111 102 65 78 60 57 46 37 28 30 15 25 23 15 10 8 11 3 4 6 3 3 3 1 4 2 0 1 0 1 0 1 1 1 1 0 0 0 0 0 0 1 1 0 0 0 0 0 0 0 0 0 0 0 
0 0 121 94 91 220 323 276 458 640 670 964 1332 1537 1771 2081 2519 2954 3247 3767 4210 4699 5145 5482 5655 5935 5962 6046 6193 6022 5995 5836 5444 5269 4983 4510 4285 3909 3369 3165 2884 2517 2223 1992 1769 1487 1317 1151 998 887 710 684 502 419 389 354 291 218 187 173 127 127 96 99 62 48 46 46 28 28 28 20 11 9 12 5 9 7 4 4 4 2 1 1 1 1 1 1 0 0 0 0 0 0 0 0 0 0 0 
0 0 76 69 67 118 175 258 311 548 604 787 933 1242 1503 1765 2060 2593 2863 3431 3814 4240 4653 4945 5260 5703 5832 6181 6194 6325 6199 6007 5832 5522 5238 5006 4590 4273 3972 3483 3156 2889 2426 2240 2022 1777 1491 1334 1166 958 899 729 626 561 476 378 339 297 213 172 166 140 142 103 79 58 65 50 31 44 28 21 18 9 18 13 9 5 3 7 1 5 6 0 9 3 2 0 2 2 1 1 4 2 0 1 0 1 0 0 0 0 0 0 0 0 0 0 0 
0 0 56 64 61 206 208 218 343 418 412 739 857 1097 1188 1625 1842 2269 2550 2919 3359 3842 4103 4771 5048 5217 5492 5864 6050 6015 6117 6094 5898 5649 5501 5162 4912 4490 4164 3822 3484 3181 2822 2493 2300 1969 1720 1557 1326 1142 1028 871 751 671 557 444 380 346 262 268 207 165 137 127 81 89 63 71 52 37 33 23 18 22 12 13 11 12 11 9 10 6 1 3 4 2 3 0 1 1 1 1 0 0 0 0 0 1 0 0 0 0 0 0 0 0 0 0 0 
0 0 72 64 60 99 240 289 341 548 509 763 1066 1281 1377 1720 2084 2493 2911 3356 3595 4236 4622 4858 5261 5607 5984 6119 6132 6175 6018 6038 5693 5622 5324 5093 4795 4318 3795 3555 3332 2878 2589 2249 1983 1761 1501 1333 1139 976 900 747 618 526 427 369 338 284 234 191 171 126 121 101 78 84 61 53 48 32 22 32 24 18 9 15 11 8 10 4 7 2 2 3 3 3 7 1 1 1 1 1 0 1 1 1 1 0 0 0 1 0 0 1 0 0 0 0 0 0 0 0 0 0 0 
0 0 59 57 47 94 196 298 332 491 445 687 964 1122 1348 1673 2154 2339 2758 3209 3502 4083 4435 4814 5188 5475 5775 5879 5952 6160 6149 6058 5889 5631 5502 5028 4727 4486 4005 3702 3366 3038 2796 2352 2085 1812 1653 1454 1219 1107 961 777 696 532 503 415 371 292 261 235 183 152 130 125 84 66 71 48 53 39 39 21 20 18 14 8 5 9 4 1 3 3 1 1 0 4 0 0 2 0 0 0 0 0 0 1 0 1 0 0 0 0 0 0 0 0 0 0 0 
0 0 69 48 44 153 174 181 384 399 332 466 677 842 1042 1281 1483 1850 2208 2616 2928 3308 3774 4256 4559 5016 5231 5698 5883 6013 6114 6134 6017 5926 5639 5529 5275 4980 4554 4266 3929 3599 3164 2876 2509 2260 1974 1796 1543 1340 1123 1025 911 742 665 510 475 429 320 272 236 194 155 131 110 89 87 83 64 58 45 45 30 25 25 19 23 13 8 6 6 6 7 3 8 6 2 1 2 2 1 1 0 2 0 1 0 0 1 0 0 0 0 1 0 0 0 0 0 0 1 0 0 1 1 0 0 0 0 0 0 1 0 0 1 0 0 0 0 0 0 0 0 0 0 0 
0 0 81 52 64 195 247 351 422 637 681 953 1207 1452 1762 2190 2499 2822 3481 3877 4260 4814 5056 5407 5780 5885 6040 6249 6250 6300 6064 5908 5565 5362 5082 4761 4353 3941 3554 3303 2876 2479 2279 2027 1686 1456 1339 1126 957 844 658 654 516 456 343 320 290 215 186 170 126 108 101 93 73 45 48 47 33 37 32 28 8 16 10 9 6 7 9 10 3 5 4 9 5 3 3 5 2 0 1 1 2 1 0 1 0 0 0 0 0 0 0 0 0 0 0 
0 0 44 56 36 54 120 198 250 365 352 533 765 903 1166 1478 1736 2140 2494 2888 3466 3802 4091 4685 5041 5247 5676 6045 5786 6242 6238 6180 5959 5790 5571 5251 5035 4552 4210 3896 3516 3210 2932 2646 2251 1977 1744 1555 1382 1159 1059 903 727 676 552 478 417 345 276 213 216 184 154 123 103 93 65 51 47 38 41 36 21 19 16 18 15 7 9 11 5 7 9 5 3 3 4 1 1 2 3 0 1 1 1 0 0 0 0 1 0 0 0 0 0 0 0 0 0 0 0 
0 0 73 79 92 109 173 303 393 463 467 636 1000 1104 1362 1744 2030 2484 2826 3148 3681 4280 4734 4993 5301 5803 5784 6125 6187 6368 6339 6115 5958 5719 5483 5070 4655 4448 4072 3708 3316 2974 2483 2378 1967 1908 1541 1385 1152 1059 962 799 654 548 469 434 355 291 224 177 178 126 112 86 87 74 45 61 39 36 17 27 14 20 9 9 8 9 4 6 3 5 2 3 2 2 0 3 0 1 0 0 2 0 0 1 1 1 0 0 0 0 0 0 0 0 0 0 0 
0 0 67 49 42 103 109 114 204 245 234 464 560 576 954 1019 1252 1559 1987 2308 2698 3146 3661 4019 4446 4743 5154 5400 5607 5946 6107 6101 6031 6086 5834 5563 5401 5045 4760 4341 4061 3726 3400 3097 2766 2411 2209 1954 1632 1440 1281 1088 1001 812 714 597 513 435 368 324 270 217 202 160 133 111 112 71 75 63 42 50 28 36 38 18 20 15 16 7 15 6 5 9 7 3 2 4 5 4 2 1 0 0 0 0 0 1 0 0 0 0 0 1 0 0 0 0 0 0 0 0 0 0 0 
0 0 66 46 56 101 102 127 213 310 298 402 659 805 981 1325 1573 1851 2206 2604 3070 3555 3963 4341 4782 5271 5601 5900 6157 6270 6426 6299 6229 6146 5869 5586 5345 4883 4627 4152 3822 3340 3067 2691 2475 2162 1847 1632 1525 1201 993 917 770 672 584 490 417 353 285 274 216 185 147 124 96 92 70 60 42 36 29 22 13 17 15 10 4 5 7 10 3 4 6 2 0 1 0 1 1 1 0 0 0 0 0 0 0 0 0 0 0 
0 0 68 58 54 75 104 142 194 271 269 410 521 694 895 1262 1319 1749 2160 2425 2791 3288 3769 4200 4628 5024 5382 5682 5857 6185 6164 6317 6114 6111 5840 5679 5288 5047 4781 4287 3954 3650 3270 2904 2546 2351 1958 1772 1556 1354 1133 991 834 731 659 538 472 409 347 312 245 208 190 142 130 97 88 77 54 60 44 37 25 18 18 16 13 19 6 5 8 4 2 7 5 7 5 4 1 1 3 2 0 0 1 1 1 0 0 1 0 0 0 1 1 0 0 1 0 0 0 0 2 0 0 0 0 0 0 0 0 0 0 0 
0 0 64 66 55 172 201 271 316 433 426 623 871 895 1172 1443 1604 1985 2464 2675 3140 3526 3959 4415 4793 5149 5321 5582 5826 6083 5931 5878 5827 5641 5478 5116 4930 4713 4230 4010 3602 3202 2923 2711 2289 2188 1831 1607 1428 1269 1059 941 800 665 579 488 450 364 314 259 229 208 170 128 115 86 88 77 64 39 50 26 25 23 18 23 17 7 9 8 5 4 8 5 3 3 3 3 3 1 0 0 1 0 0 0 1 0 0 0 1 0 0 0 0 0 0 0 0 0 0 0 
0 0 63 70 51 109 157 293 368 465 520 675 1041 1195 1389 1840 2222 2599 2999 3400 3836 4421 4776 5079 5785 5727 6063 6397 6304 6239 6156 6232 5807 5637 5273 5023 4648 4201 3878 3524 3172 2853 2582 2308 1932 1706 1535 1333 1223 945 823 750 638 538 452 389 344 274 215 194 161 125 116 81 96 67 58 46 38 35 21 31 18 16 10 11 15 6 5 4 3 5 0 1 0 1 1 0 0 0 0 0 1 0 0 0 0 0 0 0 1 0 0 0 0 0 0 0 0 0 0 0 
0 0 59 53 51 117 174 209 348 474 423 631 875 988 1283 1646 1937 2223 2778 3048 3272 3855 4274 4583 5009 5426 5680 5812 6061 5937 6143 6027 5900 5682 5437 5242 4902 4467 4200 3816 3509 3151 2852 2484 2184 1933 1831 1475 1294 1191 900 854 724 630 557 460 385 315 243 226 185 170 151 127 104 77 71 44 47 42 24 29 34 16 10 10 12 9 5 11 2 2 1 2 2 2 1 0 1 0 0 0 0 0 0 1 0 0 0 0 0 0 0 1 0 0 0 0 0 0 0 0 0 1 0 
0 0 70 66 72 97 96 221 235 398 288 465 697 863 999 1303 1550 1917 2302 2665 2900 3464 4043 4296 4737 5110 5398 5679 5927 6118 6172 6187 5998 5787 5774 5440 5148 4775 4453 4119 3750 3325 3035 2692 2511 2136 1925 1660 1483 1234 1075 943 819 705 557 518 443 363 295 286 227 194 141 139 122 103 80 67 61 37 39 36 23 28 17 15 11 10 11 3 7 3 3 2 3 4 1 4 3 1 0 1 0 0 0 0 0 0 0 0 0 0 0 
0 0 56 51 56 137 175 216 276 368 458 623 721 1003 1219 1447 1820 2105 2571 2955 3216 3758 4217 4597 5005 5337 5728 5971 6082 6147 6275 6019 6101 5946 5442 5451 4932 4676 4266 3817 3599 3160 2916 2490 2227 2001 1781 1598 1334 1211 951 858 761 611 557 432 398 361 294 260 225 180 144 130 104 91 69 71 54 49 40 27 26 25 29 14 11 8 6 14 5 3 3 6 2 1 3 0 2 0 1 1 2 1 1 1 1 0 1 0 0 0 0 0 0 0 0 0 0 0 
0 0 69 65 59 175 204 233 294 469 495 643 953 1112 1186 1811 2086 2346 2733 3271 3589 4038 4561 4878 5209 5595 5810 6027 6071 6143 6048 5982 5809 5640 5327 5001 4764 4277 4029 3773 3224 3004 2715 2364 2087 1887 1564 1372 1237 1007 886 779 636 582 507 436 370 341 254 203 174 150 142 118 103 81 65 60 45 31 35 37 22 15 24 13 8 7 5 6 6 3 3 2 1 1 5 2 0 1 1 3 2 1 2 0 3 1 0 0 1 2 1 0 0 1 0 0 0 0 1 0 0 0 0 1 0 1 0 0 1 0 0 0 0 1 0 0 0 0 0 0 0 0 0 0 0 
0 0 34 58 51 86 121 158 216 288 438 471 710 961 1200 1504 1856 2131 2567 2969 3352 3898 4359 4837 5245 5537 5984 6204 6412 6370 6328 6197 6159 5853 5774 5412 4997 4701 4229 3909 3550 3148 2849 2478 2193 1940 1658 1483 1307 1109 969 755 671 567 452 409 351 292 241 227 206 149 122 103 103 81 77 62 40 43 29 20 16 21 10 9 13 12 13 1 3 4 3 5 2 0 2 1 1 3 0 0 2 0 0 0 1 0 0 0 0 0 0 0 0 0 0 0 
0 0 61 65 49 103 191 243 339 431 326 470 733 856 975 1247 1653 1858 2133 2622 2937 3411 3946 4308 4671 5009 5334 5642 5903 6033 5993 6222 6149 5850 5750 5655 5146 4807 4469 4105 3825 3484 3106 2841 2531 2171 2000 1736 1457 1298 1083 1028 874 698 622 545 459 373 323 262 241 177 197 168 115 98 82 69 55 41 45 24 27 17 11 19 13 12 10 7 2 1 7 1 3 2 3 4 0 0 1 0 2 0 0 0 1 0 1 0 0 0 0 0 0 0 0 0 0 0 
0 0 73 43 76 78 125 211 269 369 422 543 804 1021 1153 1494 1854 1990 2403 2891 3264 3993 4379 4776 5263 5434 5759 6117 6242 6321 6431 6261 6121 5871 5597 5349 5047 4630 4215 3874 3605 3145 2848 2579 2164 1948 1674 1496 1287 1129 969 877 731 577 507 454 387 327 259 240 199 155 148 118 97 77 66 63 47 41 35 34 26 22 12 12 5 8 10 9 3 3 6 0 3 5 0 2 2 1 1 3 0 0 0 0 1 0 0 0 1 0 0 0 0 0 0 0 0 0 0 0 
0 0 75 62 66 136 257 364 459 618 555 847 1109 1375 1647 1960 2437 2800 3145 3552 3954 4391 4870 5167 5479 5917 5948 6043 6193 6217 5928 5978 5813 5407 5285 4860 4451 4241 3802 3428 3001 2705 2408 2127 1836 1627 1475 1285 1120 941 774 705 559 490 447 359 334 237 222 169 143 133 97 103 66 47 51 42 29 29 23 24 12 6 11 9 9 11 4 2 2 4 5 3 0 1 1 2 1 0 1 0 0 0 0 1 0 0 0 0 0 0 0 0 0 0 0 
0 0 53 72 55 88 217 273 302 535 549 700 957 1103 1407 1867 2197 2452 2991 3385 3793 4149 4737 5165 5542 5788 6031 6145 6259 6399 6110 6111 5924 5501 5363 5006 4546 4335 4075 3480 3210 2844 2651 2248 1992 1719 1493 1330 1126 1003 829 707 606 532 425 363 310 258 257 188 156 117 105 97 80 54 58 44 32 29 31 23 21 19 15 11 7 6 7 4 6 8 2 2 3 3 4 1 1 2 2 2 2 3 1 1 0 0 0 0 2 0 0 0 0 0 0 0 0 1 0 0 
0 0 52 46 50 77 107 151 312 416 330 481 693 770 1048 1318 1604 1975 2336 2699 3052 3506 3924 4344 4759 5285 5585 5568 6164 6167 6272 6120 5992 6040 5670 5382 5243 4868 4467 4199 3788 3360 2980 2783 2401 2088 1930 1676 1449 1241 1059 952 819 694 599 494 428 340 307 259 226 190 144 136 125 88 80 75 52 56 45 40 27 27 16 21 10 10 9 9 4 4 7 1 1 1 1 3 3 1 1 2 2 0 0 0 0 0 0 0 0 0 0 0 
0 0 43 55 54 79 129 182 222 285 280 397 623 791 1014 1162 1536 1732 2098 2604 3013 3331 3724 4333 4674 4923 5400 5780 6015 6075 6198 6286 6251 6006 5866 5534 5386 5085 4711 4135 4075 3506 3148 2915 2543 2278 1925 1713 1467 1295 1136 964 838 726 625 517 496 393 360 250 220 176 162 171 118 112 70 69 61 59 37 36 23 19 20 16 11 9 10 6 10 6 4 4 1 1 2 2 1 0 2 1 0 0 1 1 1 0 0 0 1 0 0 1 1 0 0 0 0 0 0 0 0 0 1 0 
0 0 61 43 61 93 290 283 340 521 580 770 1117 1221 1440 1830 2242 2521 2940 3477 3968 4265 4739 5059 5469 5717 5998 6215 6220 6166 6126 5905 5976 5598 5262 4936 4592 4300 3896 3699 3195 2830 2585 2321 1984 1704 1498 1433 1133 1018 816 780 614 515 430 380 315 250 220 182 160 135 126 86 93 67 67 41 36 37 19 23 19 14 10 11 6 6 5 4 1 1 5 1 1 0 0 0 0 0 0 0 0 0 0 0 
0 0 41 68 46 76 270 302 302 548 522 634 942 1234 1425 1891 2198 2418 2856 3260 3693 4036 4538 5013 5181 5544 5840 5942 6059 6125 6064 5966 5761 5545 5382 4948 4521 4400 3910 3580 3337 2885 2525 2327 2102 1796 1535 1410 1177 1036 924 756 593 536 474 416 338 318 283 214 196 157 141 106 108 83 77 78 43 41 44 32 18 22 19 18 11 8 6 12 9 4 4 7 2 4 6 2 3 5 0 3 1 0 2 0 1 0 1 1 0 0 2 0 0 0 1 0 0 0 0 0 0 0 0 0 0 0 
0 0 59 51 49 109 126 168 327 383 341 556 739 861 1162 1507 1774 2108 2533 2815 3285 3582 4275 4614 4866 5297 5611 5864 6045 6162 6187 6192 6063 5685 5599 5301 4988 4603 4264 3997 3561 3287 2873 2516 2266 1994 1765 1586 1329 1162 1044 842 758 639 532 479 382 334 316 233 184 174 180 137 96 86 61 66 56 38 48 40 39 25 14 14 20 14 12 5 5 11 4 6 2 4 4 1 0 1 1 0 1 1 1 0 0 0 0 1 0 0 1 1 0 1 0 0 0 0 0 0 0 0 0 0 0 
0 0 81 59 57 131 189 241 254 313 343 539 595 753 1039 1312 1597 1760 2094 2540 2878 3237 3716 4151 4736 5098 5311 5566 5888 6052 6105 6008 5988 5947 5813 5573 5048 4894 4679 4143 3830 3553 3159 2930 2615 2212 2014 1700 1541 1384 1188 980 863 747 647 547 445 398 323 295 237 172 172 144 106 95 80 69 53 40 51 38 28 26 22 16 13 8 12 12 8 10 3 6 5 2 0 3 1 3 2 2 0 2 0 1 0 0 1 0 0 0 1 0 0 1 0 0 0 0 0 0 1 0 0 0 0 1 0 0 0 0 0 0 0 0 0 0 0 
0 0 59 69 61 69 96 274 278 345 441 702 857 986 1271 1633 1943 2352 2714 3087 3533 3948 4353 4840 5291 5505 5799 5934 6115 6178 6153 6085 5929 5723 5350 5170 4857 4495 4186 3741 3377 3071 2739 2524 2188 1966 1682 1403 1299 1112 990 782 695 601 501 442 358 318 261 234 155 150 129 105 99 79 55 57 49 41 26 26 21 18 12 11 13 10 8 5 5 4 1 4 1 2 1 0 2 0 0 0 0 0 0 0 0 0 0 0 
0 0 63 59 41 114 141 191 225 312 274 358 566 690 778 951 1231 1454 1651 1996 2326 2809 3141 3600 4065 4398 4724 5111 5300 5640 5713 6076 5980 6017 5794 5722 5555 5296 4837 4615 4318 4120 3602 3273 2957 2655 2424 2098 1759 1609 1460 1247 986 918 752 658 603 493 434 377 314 280 207 195 172 129 104 101 77 61 53 52 39 33 29 13 28 15 11 14 14 8 5 4 5 5 2 6 2 0 3 2 1 0 0 1 0 1 0 0 0 0 0 0 1 0 0 0 0 0 0 0 0 0 0 0 
0 0 64 46 54 117 150 179 235 276 262 540 690 731 1018 1358 1522 1749 2221 2591 2915 3544 3952 4346 4636 5083 5533 5764 5892 6280 6296 6253 6104 6005 5860 5465 5208 5056 4660 4340 3924 3422 3178 2814 2505 2191 1952 1698 1521 1242 1141 960 822 713 573 530 467 370 338 225 230 183 153 123 86 97 88 61 70 60 40 38 22 20 14 19 12 6 6 8 4 1 3 4 5 3 2 2 0 3 0 0 1 0 0 1 0 0 0 0 0 0 0 0 0 0 0 
0 0 65 36 46 70 141 235 328 369 352 494 703 946 1055 1400 1802 2168 2390 2872 3317 3740 4362 4612 5066 5475 5778 5944 5974 6330 6333 6165 6079 5959 5755 5549 4963 4731 4365 4002 3749 3246 2879 2707 2365 1944 1807 1565 1335 1188 1021 868 696 600 580 404 387 352 245 210 212 138 146 102 89 76 68 53 49 25 31 25 25 20 7 14 11 8 2 7 3 8 2 3 4 5 1 0 2 0 0 0 0 0 0 0 1 0 0 1 0 1 1 1 1 0 0 0 2 1 0 1 0 0 0 0 0 0 0 0 0 0 0 
0 0 64 61 48 87 195 217 244 360 278 364 666 776 942 1224 1505 1772 2132 2723 2835 3297 3918 4250 4625 5051 5340 5618 5914 6105 6125 6160 6079 5960 5732 5559 5273 4856 4627 4206 3851 3569 3177 2838 2623 2231 2019 1759 1535 1388 1097 1060 924 760 610 519 433 416 347 270 234 207 187 133 122 91 84 72 56 58 35 44 38 25 20 9 16 14 13 8 4 4 3 5 5 3 5 1 3 0 0 1 0 0 1 1 0 0 0 0 0 0 0 0 0 0 0 
0 0 71 75 62 80 230 273 330 588 559 723 1054 1213 1526 1816 2264 2699 2968 3568 3866 4359 4801 5147 5644 5906 6119 6266 6295 6436 6273 6020 5792 5657 5183 4947 4623 4194 3883 3567 3199 2777 2477 2247 1893 1645 1456 1329 1078 924 792 679 567 472 412 339 291 236 230 176 129 123 92 82 70 44 50 53 34 23 20 22 12 9 8 10 8 3 6 2 4 1 2 1 0 1 0 1 0 0 0 0 0 0 0 0 0 0 0 
0 0 56 39 47 176 183 232 320 391 450 557 802 945 1071 1405 1731 2048 2438 2803 3256 3854 4098 4515 4970 5337 5564 5679 6046 6249 6213 6172 5860 5773 5553 5432 4948 4635 4440 3953 3480 3214 2957 2604 2315 2074 1849 1581 1408 1241 1035 895 764 655 601 482 446 338 293 280 218 176 152 140 113 81 73 73 52 37 44 26 27 25 17 17 12 9 10 6 5 6 4 3 1 2 1 2 0 0 0 0 2 0 0 0 0 0 1 0 0 1 0 0 0 0 0 0 0 0 0 0 0 
0 0 65 51 63 99 120 240 316 454 599 715 893 1114 1402 1750 2130 2463 2935 3427 3807 4153 4667 4978 5486 5615 5915 6166 6267 6285 6196 6223 5942 5673 5336 5019 4827 4283 4096 3706 3341 2823 2626 2354 2034 1820 1589 1328 1170 993 874 720 608 537 420 376 336 236 213 175 173 118 111 90 74 68 58 45 42 35 19 25 17 21 19 5 9 6 6 9 1 5 2 1 1 2 3 1 1 1 0 0 0 0 0 0 0 0 0 0 0 
0 0 58 34 60 62 94 127 140 342 246 314 519 613 706 959 1275 1421 1776 2216 2403 2917 3327 3805 4271 4790 5005 5299 5752 6072 5999 6229 6259 6364 6110 5873 5546 5302 5159 4636 4272 3967 3590 3223 2845 2610 2252 1957 1804 1581 1311 1183 1020 882 759 637 526 492 431 338 283 257 187 175 134 112 99 101 63 36 55 43 39 28 25 22 18 16 3 12 7 6 7 5 2 0 4 4 0 0 1 2 0 1 0 1 0 0 0 0 1 0 0 1 1 0 0 1 0 0 0 3 1 0 2 2 0 0 0 0 0 1 1 0 0 0 0 0 0 0 1 0 0 0 0 0 0 0 0 0 0 0 
0 0 95 79 73 222 287 335 553 726 677 882 1250 1463 1660 2061 2462 2816 3052 3624 4117 4442 4766 5192 5511 5658 5853 5936 6058 5963 6010 5754 5499 5356 5058 4733 4239 4017 3664 3394 2976 2688 2410 2038 1900 1614 1351 1254 1076 881 774 728 565 461 425 367 335 265 201 196 170 145 121 95 84 75 56 49 43 38 37 19 29 14 12 10 9 10 13 10 11 6 4 6 5 2 4 4 2 2 0 1 0 1 1 1 1 0 0 0 0 0 0 0 0 0 0 0 
0 0 83 67 68 173 183 289 381 573 558 794 1057 1212 1453 1920 2220 2647 3000 3493 3896 4172 4686 5083 5384 5740 5982 6266 6192 6125 6327 5954 5783 5504 5162 4828 4639 4212 3875 3496 3159 2831 2484 2179 1966 1755 1507 1340 1109 971 828 764 611 531 473 338 344 294 246 185 158 150 89 116 77 55 51 45 38 27 24 23 21 15 15 13 4 5 3 4 3 2 3 4 4 0 0 2 2 1 0 1 0 0 1 1 0 1 0 0 0 0 0 1 0 0 0 0 0 0 0 0 0 0 0 
0 0 59 58 58 117 176 183 300 383 301 462 887 1000 1208 1495 1822 2268 2588 2785 3428 3909 4382 4781 5220 5535 5661 6004 6272 6385 6346 6179 5933 5789 5565 5165 4893 4562 4215 3856 3523 3150 2746 2396 2176 1959 1723 1487 1219 1034 950 765 654 575 540 384 374 300 267 219 166 129 111 91 83 75 51 47 39 33 24 23 17 21 11 15 11 8 7 5 6 5 2 3 3 7 2 3 3 0 6 4 0 2 1 2 0 0 1 0 1 0 0 0 0 0 0 0 0 0 0 0 
0 0 79 54 51 131 174 210 330 401 390 629 850 964 1167 1527 1755 2061 2522 2761 3156 3784 3947 4373 4863 5184 5567 5892 5835 5980 6085 6060 5795 5939 5695 5230 4974 4699 4351 3973 3520 3275 2872 2577 2239 2043 1833 1561 1363 1147 1010 874 750 646 552 486 391 341 275 248 190 183 156 115 109 90 85 67 33 46 32 26 31 22 20 14 13 15 10 10 7 5 7 6 0 5 3 0 2 1 0 1 1 0 0 1 0 0 0 1 0 0 0 0 0 0 0 0 0 0 0 
0 0 46 56 55 80 156 248 367 463 456 690 929 1138 1329 1589 2033 2375 2745 3260 3646 4270 4661 4792 5282 5571 5933 5958 5937 6061 5997 6067 5788 5590 5278 4983 4691 4301 4002 3635 3424 2963 2566 2342 2106 1854 1644 1485 1220 1043 971 777 701 612 504 423 379 317 265 202 162 147 143 116 89 69 68 66 49 28 26 28 25 20 17 20 11 9 8 6 9 3 2 7 4 1 3 2 0 0 3 1 0 1 0 0 0 0 0 0 2 0 0 0 0 0 0 0 0 0 0 0 
0 0 58 64 73 92 137 225 301 359 334 484 671 843 1015 1215 1654 1903 2191 2556 2970 3351 3799 4298 4626 4912 5384 5623 5878 5967 6012 6231 5923 5848 5602 5436 5216 4818 4523 4233 3681 3341 3124 2802 2527 2182 2017 1641 1517 1334 1142 967 849 737 670 501 462 424 328 319 238 240 162 147 118 130 93 73 59 48 44 43 37 21 25 24 11 19 8 8 8 3 7 1 5 4 3 2 0 1 1 0 1 0 0 0 0 0 0 0 0 0 0 0 
0 0 61 59 55 78 193 222 300 453 470 601 897 1237 1383 1577 2008 2437 2760 3164 3592 4038 4442 4866 5189 5530 5747 6055 6066 5989 6159 6149 5847 5681 5359 5057 4737 4464 4114 3769 3400 3054 2703 2419 2144 1843 1699 1423 1326 1107 932 753 671 608 503 386 382 288 256 219 159 133 135 131 93 68 60 46 51 38 32 22 21 22 18 17 13 11 13 4 6 7 4 5 2 3 1 2 2 2 1 0 0 0 0 1 2 0 1 0 0 0 1 0 0 0 0 0 0 0 0 0 0 0 
0 0 51 51 56 96 99 125 180 373 216 386 578 658 768 1105 1286 1382 1886 2257 2466 2977 3369 3769 4180 4554 4894 5181 5546 5882 5968 6045 6156 5943 5703 5600 5452 5234 4936 4498 4178 4016 3563 3151 2881 2519 2291 2035 1760 1492 1384 1237 1018 929 744 647 589 460 419 357 293 233 208 168 166 147 113 92 83 67 53 48 35 28 21 29 19 15 16 12 10 11 9 1 5 4 1 2 5 2 0 3 2 0 0 0 0 1 0 1 0 1 0 0 0 0 0 0 0 0 0 0 0 
0 0 62 60 69 126 162 225 275 367 368 595 791 906 1107 1389 1599 1936 2250 2638 3165 3442 3820 4240 4833 5111 5490 5735 5932 6005 6189 6171 5760 5987 5807 5523 5056 4714 4502 4112 3729 3455 3022 2706 2413 2103 1975 1727 1504 1287 1073 897 831 707 625 539 407 413 340 284 205 218 197 125 111 91 69 75 57 48 36 33 29 16 16 18 10 10 8 7 7 3 3 6 2 1 2 2 2 0 3 4 0 1 1 1 1 1 1 1 0 2 1 0 0 1 1 0 0 1 0 0 0 0 0 0 1 0 0 0 0 0 0 0 0 0 0 0 
0 0 60 59 58 95 201 214 262 373 334 412 777 986 1091 1440 1748 2028 2389 2825 3277 3676 4139 4475 4878 5366 5655 5918 5978 6063 6228 6142 6001 5782 5740 5288 5047 4713 4267 3887 3586 3273 2910 2634 2355 2012 1786 1494 1377 1256 1010 927 771 661 568 464 395 353 296 230 208 173 172 132 92 91 81 55 55 54 39 26 21 35 11 18 20 14 9 7 8 4 7 2 5 1 4 1 0 3 2 1 1 1 0 3 0 0 0 0 0 0 0 0 0 0 0 
0 0 62 53 58 114 186 233 312 437 494 774 952 1109 1419 1753 2084 2434 2912 3325 3736 4133 4616 5097 5216 5723 6024 6091 6140 6332 6364 5963 5874 5738 5306 5027 4622 4343 3966 3663 3340 3003 2628 2370 2063 1738 1623 1352 1174 1019 947 740 620 554 472 384 330 279 261 200 155 135 140 82 103 62 55 45 42 28 25 33 23 15 11 11 18 11 6 5 4 1 2 3 1 2 2 1 1 2 0 0 1 0 0 0 0 0 0 0 0 0 0 0 
0 0 68 69 50 93 259 283 460 579 700 825 1081 1482 1656 2026 2455 2828 3286 3733 4303 4697 5018 5521 5832 6093 6223 6370 6473 6426 6272 6038 5741 5442 5023 4796 4313 3991 3646 3279 2910 2640 2376 1970 1732 1566 1288 1194 960 902 710 662 527 413 392 281 296 256 193 178 141 112 110 85 62 49 44 47 30 23 20 23 15 10 15 7 3 10 9 3 2 3 0 3 6 0 0 1 1 0 0 1 0 0 0 0 0 0 0 0 0 0 0 
0 0 64 64 71 89 210 274 318 521 543 617 881 1137 1338 1755 2122 2291 2726 3204 3681 3954 4472 4949 5375 5674 5947 6209 6192 6249 6142 6254 6040 5776 5611 5080 4735 4396 4029 3695 3267 3008 2610 2361 2096 1735 1599 1412 1194 934 898 752 650 554 474 379 332 286 252 168 188 124 121 95 86 65 52 48 41 44 20 24 17 17 8 9 8 9 4 4 3 4 2 2 1 3 0 2 1 1 1 0 1 0 0 1 0 1 0 0 0 0 0 0 0 0 0 0 0 
0 0 59 42 48 77 90 135 229 289 207 448 573 618 839 980 1259 1581 1913 2230 2605 3050 3386 3829 4405 4556 5048 5597 5829 5924 5851 6297 6218 6203 5987 5723 5454 5221 4828 4571 4273 3860 3473 3080 2803 2526 2147 1858 1704 1530 1306 1073 941 761 698 653 517 457 401 288 260 233 149 152 129 120 84 77 62 53 35 33 28 21 16 21 9 11 13 7 6 7 4 2 4 4 4 1 0 1 0 1 1 0 0 3 0 0 0 0 0 0 0 0 0 0 0 
0 0 73 53 61 179 200 355 421 611 595 876 1210 1338 1625 2078 2368 3005 3373 3838 4169 4842 5163 5553 5842 6213 6194 6460 6446 6362 6158 6131 5761 5394 5146 4829 4453 4034 3780 3169 2905 2575 2345 2006 1773 1530 1378 1133 940 826 673 616 530 494 350 287 276 202 166 161 118 113 86 66 51 38 39 37 27 30 20 10 20 12 9 14 9 6 6 6 8 4 2 3 2 2 2 1 1 1 1 0 0 0 0 1 1 0 1 1 0 0 0 0 0 0 0 0 0 0 0 
0 0 50 55 45 119 145 212 239 314 282 401 622 729 874 1208 1330 1626 1931 2371 2662 3022 3512 3826 4475 4803 4920 5401 5652 5853 5978 6112 6046 5916 5752 5539 5319 4936 4749 4461 4125 3749 3417 3032 2739 2449 2204 1848 1669 1473 1251 1173 941 815 681 570 532 422 386 288 284 223 191 139 118 121 99 85 66 47 63 40 40 16 29 18 20 15 12 15 5 15 7 4 8 7 5 2 4 3 4 1 3 1 0 0 0 0 0 1 0 1 0 0 0 0 0 0 0 0 0 0 0 
0 0 59 54 57 119 180 279 349 491 540 764 1025 1187 1515 1970 2239 2657 3062 3511 4026 4342 4914 5238 5572 5807 6084 6235 6404 6313 6250 6078 5941 5575 5212 5013 4707 4115 3747 3476 3138 2757 2457 2255 1924 1630 1422 1239 1092 917 831 709 549 491 388 347 318 272 209 198 160 119 102 99 82 62 49 39 31 35 28 17 11 18 7 7 7 4 2 5 4 4 4 0 1 0 1 0 1 3 0 2 0 0 0 0 0 0 0 0 1 0 0 
0 0 65 57 45 110 131 183 314 420 294 413 865 920 1033 1384 1655 2070 2447 2732 3149 3609 4101 4467 4828 5184 5474 5683 6082 6021 6173 6020 5884 5814 5597 5423 5084 4652 4483 3979 3641 3351 3017 2697 2492 2040 1822 1656 1448 1202 1047 932 833 726 597 475 388 336 303 255 204 201 180 131 114 71 72 71 50 56 36 24 25 25 15 20 12 8 8 10 8 6 9 4 3 1 1 4 4 2 1 1 0 1 1 0 0 0 0 0 0 0 0 0 0 0 
0 0 56 66 50 81 152 134 166 305 258 321 662 761 883 1224 1445 1756 2179 2475 2953 3424 3828 4302 4716 5084 5494 5616 6070 6278 6290 6272 6275 6001 5768 5749 5316 5072 4757 4289 3890 3595 3235 2873 2605 2357 1992 1766 1589 1383 1137 996 875 738 609 498 431 400 325 282 255 213 185 139 119 89 70 85 64 38 48 36 32 21 21 15 7 10 11 11 6 6 4 4 3 2 4 1 1 0 2 2 0 0 3 2 0 0 0 0 0 0 0 0 0 0 0 
0 0 56 53 38 82 123 280 349 422 436 697 887 1112 1342 1677 1965 2465 2796 3217 3640 4089 4562 4999 5187 5510 5917 6085 6227 6216 6259 6105 5936 5695 5343 5092 4805 4293 4128 3654 3305 3002 2570 2420 2074 1898 1597 1455 1251 1083 898 791 700 597 483 421 393 310 238 228 179 155 154 101 99 91 69 47 48 44 28 33 27 24 13 14 14 10 10 6 4 3 8 1 1 3 1 1 3 1 0 1 1 1 0 1 1 0 0 0 0 0 0 0 0 0 0 0 
0 0 77 77 55 132 187 224 262 408 355 440 690 895 913 1374 1659 1862 2425 2831 3106 3480 4025 4404 4794 5140 5527 5833 6148 6173 6042 6132 6213 5996 5651 5440 5177 4868 4463 4027 3714 3288 3143 2634 2427 2175 1905 1615 1368 1248 1021 956 789 670 571 554 390 350 291 267 218 168 135 125 116 82 74 56 55 30 27 32 20 17 11 20 13 13 9 7 6 9 6 1 3 2 1 1 1 1 2 0 1 0 0 0 1 0 1 1 0 0 0 0 0 0 0 0 0 0 0 
0 0 67 68 60 79 144 231 358 414 341 558 725 954 1147 1402 1930 2194 2505 3082 3432 3761 4234 4809 5149 5397 5734 5885 6220 6280 6046 6190 6219 5808 5428 5340 4932 4501 4422 3912 3511 3235 2901 2549 2222 1994 1764 1543 1314 1167 989 842 736 667 577 467 375 343 291 226 195 175 122 132 92 98 58 74 53 39 31 27 25 14 10 15 9 12 9 5 3 5 1 3 1 3 0 0 1 0 2 0 1 0 0 0 0 1 2 0 0 0 0 0 0 0 0 0 0 0 
0 0 72 55 49 89 96 143 272 346 262 426 694 748 931 1374 1552 1789 2149 2642 2899 3456 3890 4212 4596 5105 5298 5674 5916 6037 6030 6026 6008 6003 5577 5479 5129 4874 4510 4258 3853 3440 3173 2865 2493 2233 1975 1750 1504 1259 1147 990 873 733 624 555 459 394 346 290 279 217 166 170 113 103 90 80 63 49 57 24 36 34 20 16 17 14 16 9 8 9 10 6 6 3 4 1 3 3 3 0 0 3 1 2 3 1 0 2 0 0 0 2 0 0 0 0 0 0 0 0 0 0 0 
0 0 56 58 52 58 94 131 257 277 291 432 670 693 898 1272 1451 1922 2209 2483 2943 3599 3849 4242 4634 5286 5455 5828 5994 6150 6288 6323 6268 6041 5743 5620 5235 4863 4740 4276 3889 3522 3196 2788 2444 2269 1890 1777 1486 1317 1154 970 825 716 632 512 476 356 339 295 216 194 181 133 125 92 76 68 67 45 46 26 22 20 23 9 11 11 10 13 2 3 3 1 4 1 4 3 5 2 0 0 1 0 1 2 0 1 0 0 0 0 0 0 0 0 0 0 0 
0 0 63 41 51 80 106 135 146 200 195 261 410 540 798 874 1052 1307 1624 1976 2254 2640 3214 3601 3915 4480 4867 5090 5424 5813 5996 6212 6141 6259 6041 5826 5696 5491 5216 4904 4388 4194 3834 3521 3063 2747 2507 2165 1900 1597 1396 1249 1068 926 804 720 601 479 422 355 299 277 253 169 138 101 99 88 72 52 51 40 37 30 21 26 17 7 16 9 9 6 9 3 6 4 0 1 1 1 2 1 0 1 0 0 1 0 0 0 0 0 1 0 0 0 0 0 0 0 0 0 0 0 
0 0 60 57 48 102 201 214 255 408 442 588 748 1035 1142 1499 1903 2147 2564 3042 3392 3783 4258 4674 5043 5371 5771 5995 6100 6321 6353 6119 5983 5754 5594 5334 4929 4615 4271 3905 3503 3159 2894 2498 2158 2067 1722 1547 1328 1153 1032 814 715 649 508 451 386 356 260 255 207 157 144 122 99 86 67 65 42 53 35 27 22 20 19 10 14 8 14 11 5 4 3 2 3 1 1 2 2 3 0 0 0 1 3 0 0 1 1 0 0 1 0 1 0 0 0 0 0 0 0 0 0 0 0 
0 0 67 61 60 98 165 237 307 334 387 613 747 846 1164 1420 1630 2051 2460 2705 3064 3793 4074 4474 4981 5334 5703 5897 6062 6427 6254 6267 6041 5971 5664 5445 5009 4868 4444 4061 3646 3344 2959 2611 2347 2141 1835 1573 1364 1188 936 918 763 666 530 483 393 320 261 225 226 162 142 137 92 102 73 60 33 39 43 29 20 19 16 18 12 12 7 1 5 4 6 2 6 1 1 1 1 2 0 0 1 0 0 0 0 1 0 0 0 0 0 0 0 0 0 0 0 
0 0 74 59 50 83 119 238 321 427 435 583 817 942 1152 1561 1883 2126 2550 3013 3360 3773 4169 4781 4994 5426 5819 5969 6184 6262 6201 6177 6003 5768 5560 5238 4838 4526 4215 3827 3494 3160 2767 2561 2257 1957 1716 1546 1326 1096 935 897 703 673 516 423 408 349 277 244 205 156 135 109 111 69 76 63 51 41 35 26 29 18 18 12 12 6 5 8 12 5 3 1 1 0 0 4 3 0 1 1 0 0 1 0 0 0 0 0 0 0 0 0 0 0 
0 0 75 66 63 122 164 208 256 407 428 635 800 1044 1273 1526 1842 2382 2761 3070 3508 4001 4503 4809 5186 5569 5761 6145 6171 6276 6089 6157 6062 5862 5494 5254 4899 4499 4150 3765 3425 3175 2766 2470 2097 1890 1724 1410 1265 1122 925 760 701 651 506 438 413 307 245 231 167 175 133 114 103 96 63 60 52 35 35 36 26 20 17 19 14 6 8 8 7 3 5 3 2 1 3 1 1 1 0 1 0 2 0 1 2 0 0 0 0 1 0 0 0 0 0 0 0 0 0 0 0 
0 0 68 58 56 90 160 170 206 311 296 563 730 801 987 1338 1484 1824 2253 2624 3047 3545 4029 4417 4853 5279 5530 5840 6173 6370 6200 6355 6240 5929 5707 5485 5197 4853 4574 4143 3744 3440 3095 2726 2518 2042 1875 1613 1417 1172 1079 903 783 652 563 461 420 341 317 245 196 170 152 125 93 104 75 60 65 51 35 28 20 21 18 14 15 7 6 10 9 5 3 6 3 1 3 2 3 2 3 1 1 0 2 0 0 0 0 0 0 0 0 0 0 0 
0 0 53 46 50 70 219 231 276 440 524 721 852 1007 1477 1628 2090 2501 2874 3263 3731 4064 4648 4993 5390 5821 6151 6124 6272 6317 6274 6132 6052 5659 5496 5172 4788 4357 3972 3720 3348 2943 2590 2343 2062 1815 1578 1430 1165 1069 791 708 650 534 444 374 303 267 263 170 147 154 107 111 89 68 55 46 45 28 25 31 18 21 14 13 15 10 4 7 3 6 2 0 3 3 3 0 0 2 0 1 0 1 2 0 0 1 0 0 0 0 0 0 0 0 0 0 0 
0 0 59 54 51 102 138 160 295 391 388 722 992 1128 1391 1781 2071 2523 2971 3461 3832 4288 4789 5251 5618 5959 6151 6403 6470 6469 6381 6341 6159 5762 5537 5307 4770 4409 3983 3692 3272 2905 2636 2258 1993 1754 1488 1330 1175 1000 863 705 572 524 467 375 319 268 205 195 163 125 124 106 82 40 61 47 39 30 28 26 20 24 15 18 9 8 7 5 8 5 7 2 1 2 0 2 1 1 3 1 0 0 0 0 0 2 1 0 0 0 0 0 0 0 0 0 0 0 
0 0 69 70 67 126 241 255 342 529 576 800 1066 1285 1508 1939 2243 2647 2991 3601 3937 4418 4956 5216 5266 5828 6011 6038 6356 6240 6096 6084 5805 5361 5136 4826 4500 4222 3845 3441 3122 2852 2425 2139 1948 1675 1477 1301 1096 951 822 745 569 505 411 388 320 255 221 188 161 129 108 100 77 75 47 52 36 36 23 24 16 18 7 14 5 7 8 2 9 6 2 3 1 1 4 1 1 1 1 2 0 0 0 2 0 0 0 1 0 0 0 0 0 0 0 0 0 0 0 
0 0 82 75 57 124 276 288 339 523 589 744 935 1203 1432 1642 2087 2374 2961 3196 3666 4299 4518 4948 5270 5695 5824 6092 6204 6205 6030 6042 5903 5609 5297 5133 4708 4265 3940 3539 3121 2911 2617 2259 1955 1777 1571 1279 1195 1039 851 737 668 522 482 394 321 305 236 191 160 122 115 83 82 68 70 55 39 29 28 23 15 11 9 15 9 8 8 2 5 3 2 4 2 2 2 1 0 0 2 0 0 0 1 0 0 0 0 0 0 0 0 0 0 0 
0 0 53 74 56 135 211 267 353 432 416 664 929 1072 1333 1713 1956 2343 2717 3245 3594 4100 4579 4848 5288 5663 5922 6094 6114 6342 6186 6239 5963 5773 5603 5102 4724 4422 4071 3765 3326 3009 2594 2400 2100 1878 1625 1303 1223 1105 880 704 628 565 488 423 324 256 266 218 184 153 125 126 73 78 66 52 45 30 35 26 19 17 16 12 11 11 5 6 4 1 4 6 0 1 1 2 1 1 0 0 0 0 0 1 2 0 0 0 0 0 0 0 0 0 0 0 
0 0 61 49 53 112 207 234 292 481 405 634 833 996 1295 1666 1884 2272 2774 3173 3593 4054 4550 5022 5354 5698 6005 6190 6237 6411 6292 6198 6236 5855 5404 5219 4969 4606 4117 3853 3363 3007 2753 2469 2146 1804 1609 1392 1253 1007 897 794 648 578 457 408 358 257 265 180 184 143 130 88 97 70 67 38 47 20 21 18 16 18 17 7 7 4 6 6 4 4 8 4 1 3 1 0 2 3 1 2 0 0 0 0 1 0 0 0 0 0 0 0 0 0 0 0 
0 0 54 62 54 73 117 135 266 293 245 445 596 748 964 1233 1403 1736 2157 2317 2936 3247 3777 4079 4472 4869 5418 5705 5920 6001 6104 6144 6191 5924 5816 5534 5324 5001 4590 4264 3937 3552 3244 2913 2577 2393 1949 1794 1658 1373 1180 1006 899 776 657 531 489 391 348 261 226 190 166 125 133 110 104 75 52 53 52 38 40 22 17 16 11 11 7 10 7 3 3 2 6 1 1 2 3 1 2 3 1 0 0 0 2 2 0 0 0 2 0 0 0 0 0 0 0 0 0 0 0 
0 0 60 57 44 108 188 291 357 427 445 579 832 1029 1206 1478 1891 2133 2581 3024 3424 3875 4244 4744 5062 5384 5736 6044 6021 6108 6073 6197 5941 5734 5422 5106 4874 4521 4121 3737 3436 3168 2851 2429 2147 1980 1675 1443 1298 1092 948 809 728 579 514 448 368 306 246 234 205 147 140 116 71 79 67 50 42 31 35 20 17 25 11 19 10 4 5 5 6 5 2 1 0 3 0 0 0 0 2 0 0 0 1 0 0 0 0 0 1 0 0 0 0 0 0 0 0 0 0 0 
0 0 53 48 69 183 234 247 484 553 462 719 1081 1207 1440 1675 2077 2320 2904 3151 3523 3951 4450 4783 5124 5553 5768 5928 6164 6056 6239 6000 5802 5729 5386 5030 4859 4373 4026 3761 3450 2940 2625 2520 2148 1914 1620 1509 1186 1076 914 799 748 639 532 409 381 313 266 197 172 153 137 99 95 73 57 61 51 30 27 26 25 15 21 10 7 9 7 8 7 4 3 2 2 1 0 0 1 0 1 0 0 1 0 0 0 0 0 0 0 0 0 0 0 
0 0 68 63 62 94 162 215 275 411 288 416 694 889 898 1221 1495 1667 1872 2283 2517 3154 3533 3913 4338 4649 4943 5263 5502 5697 5692 5873 5960 5736 5791 5425 5086 4978 4649 4295 4031 3621 3243 3068 2688 2362 2108 1904 1759 1472 1320 1106 974 871 688 624 474 476 384 313 285 254 197 146 142 121 113 107 72 67 49 45 43 35 19 21 20 11 9 11 7 6 5 5 1 3 3 3 3 3 1 1 0 1 0 0 0 0 0 0 0 1 1 1 0 1 0 0 0 0 0 0 0 0 0 0 0 
0 0 56 58 59 76 115 132 141 257 213 289 439 548 628 818 1171 1281 1507 1867 2210 2580 2863 3363 3873 4226 4731 4949 5317 5791 5933 5991 6151 6195 5922 5855 5682 5520 5233 4928 4566 4188 3826 3456 3141 2802 2695 2230 2043 1738 1524 1347 1144 1000 895 798 626 561 496 402 324 268 244 220 158 146 116 128 85 77 73 59 48 36 30 22 19 23 15 18 11 7 6 9 4 3 3 4 4 2 0 1 1 0 1 0 0 1 0 0 0 0 0 0 0 0 0 0 0 
0 0 56 52 38 162 212 253 308 484 474 595 837 1108 1229 1579 1973 2117 2544 3137 3411 3820 4292 4712 5135 5522 5766 5898 6060 6305 6129 6032 6088 5722 5478 5249 4911 4589 4214 3723 3452 3154 2717 2438 2243 1967 1711 1450 1300 1139 953 839 756 607 499 463 395 299 261 205 211 158 133 102 98 77 54 52 47 47 41 27 18 11 15 16 13 14 8 5 8 7 1 1 11 4 6 4 2 2 4 1 0 2 4 0 2 0 1 2 0 1 0 0 0 0 0 0 0 0 0 0 0 
0 0 61 69 49 99 127 134 215 306 235 394 592 726 827 1031 1313 1716 1875 2264 2720 3128 3555 3925 4457 4793 5246 5516 5811 5891 6155 6163 6110 6110 5919 5720 5499 5084 4887 4393 4174 3844 3443 3029 2738 2499 2180 1835 1722 1448 1286 1108 944 826 728 577 519 402 369 310 268 220 171 150 131 106 100 74 59 62 39 36 34 26 19 17 14 17 12 7 5 7 13 3 3 4 5 1 1 1 1 0 0 0 0 0 0 0 0 1 0 0 
0 0 57 64 43 98 117 173 276 414 335 550 736 896 1075 1392 1727 1924 2416 2812 3290 3622 4091 4524 4980 5277 5685 5831 6131 6225 6146 6159 6229 5938 5655 5346 5200 4658 4381 4148 3746 3287 3046 2622 2342 2109 1806 1552 1469 1152 1043 928 784 673 557 499 407 323 285 227 204 185 133 147 110 74 76 56 39 42 28 24 16 16 16 13 15 8 8 2 6 3 8 4 5 3 3 1 4 3 0 2 3 1 2 0 1 0 0 0 1 0 0 0 0 0 0 0 0 0 0 0 
0 0 53 54 55 112 148 165 247 356 321 389 591 681 823 1107 1298 1600 1908 2334 2757 3162 3567 4042 4247 4777 5100 5497 5717 5818 6062 6088 5930 6016 5867 5508 5450 5117 4676 4358 4128 3711 3349 3065 2662 2314 2140 1868 1639 1533 1243 1109 930 784 653 557 484 412 376 314 265 188 176 178 154 115 109 74 61 49 50 46 29 26 24 24 21 8 7 11 4 7 5 2 5 5 4 0 2 2 2 1 1 0 1 0 2 0 0 1 0 0 0 1 0 0 0 1 0 0 0 0 0 0 0 0 0 0 0 
0 0 55 58 43 95 215 246 323 417 436 613 893 979 1279 1614 2019 2171 2663 2982 3406 3865 4346 4754 5092 5413 5657 5949 6005 6064 6108 6078 5823 5736 5313 5066 4841 4508 4054 3724 3373 3113 2661 2394 2129 1929 1630 1452 1300 1114 959 810 735 602 543 464 401 280 259 244 226 154 137 129 102 82 66 62 55 38 44 41 20 19 13 15 17 12 10 5 7 3 5 7 4 6 3 0 1 3 3 2 3 0 2 2 1 0 1 0 1 2 0 0 3 0 0 0 0 0 0 0 1 0 1 0 0 0 0 0 0 0 0 0 0 0 
0 0 64 65 64 114 175 275 328 514 551 731 1010 1205 1479 1721 2056 2468 2896 3203 3709 4168 4528 4992 5408 5706 5982 6151 6253 6143 6436 6041 5844 5656 5416 5120 4680 4214 3973 3612 3185 2893 2602 2268 2035 1750 1573 1358 1125 1010 832 751 624 544 492 362 368 270 236 227 167 140 124 100 87 81 50 63 47 31 35 33 13 23 9 14 13 10 9 9 4 5 2 2 3 3 3 2 0 1 1 1 0 1 1 0 1 1 0 0 0 0 0 0 0 0 0 0 0 
0 0 84 64 59 96 174 193 232 358 350 499 849 836 1146 1528 1809 2131 2631 2921 3308 3779 4246 4663 5073 5457 5789 5969 6135 6141 6259 6138 5860 5895 5647 5289 5129 4704 4287 4049 3494 3252 2963 2548 2238 2024 1781 1505 1333 1192 1008 880 736 628 536 454 420 339 292 231 187 167 149 124 95 95 90 45 49 41 25 35 27 14 23 13 4 7 7 7 6 3 9 2 2 2 3 2 4 2 1 1 0 1 0 0 0 2 0 1 0 0 0 0 0 0 0 0 0 0 0 
0 0 64 52 58 91 146 165 333 417 349 444 686 872 1038 1377 1501 1946 2320 2692 2973 3507 3895 4392 4820 5393 5510 5841 6142 6131 6332 6204 6085 5996 5679 5355 5287 4889 4485 4146 3814 3473 3088 2629 2454 2166 1881 1661 1449 1240 1101 925 782 688 603 500 418 329 305 272 173 164 162 138 121 96 78 63 55 49 43 34 23 25 13 15 13 17 15 7 7 5 2 4 7 5 3 4 2 0 1 1 2 0 1 0 0 1 0 0 0 0 1 0 0 0 0 0 0 0 0 0 0 0 
0 0 64 48 54 113 168 194 323 404 335 568 980 963 1129 1592 1812 2190 2565 2967 3413 3847 4314 4665 5204 5503 5890 6027 6075 6271 6229 6270 6002 5900 5569 5263 4987 4590 4234 3922 3575 3087 2845 2570 2181 1981 1717 1523 1258 1166 965 823 738 636 483 419 363 322 254 210 184 156 128 115 83 84 62 44 33 42 30 34 18 17 17 12 4 4 9 3 4 7 4 0 1 2 0 0 2 0 1 0 0 0 0 0 0 0 0 0 0 0 
0 0 58 48 53 126 134 167 238 346 419 523 695 719 1065 1408 1613 1868 2410 2770 3095 3549 3918 4279 4702 5189 5421 5729 6001 5979 6137 6132 5854 5846 5747 5524 5146 4734 4512 4178 3678 3446 3123 2702 2460 2149 1882 1713 1513 1348 1143 930 831 757 580 526 477 392 357 293 240 206 176 154 121 99 77 72 53 46 47 36 24 20 20 16 17 12 8 8 12 8 3 3 3 5 1 1 2 2 1 2 0 0 1 0 0 0 0 0 0 0 0 0 0 0 
0 0 77 70 49 116 149 155 426 519 417 627 958 1046 1254 1552 1974 2352 2853 3098 3470 4024 4323 4760 5063 5480 5910 6056 6192 6306 6168 6114 5910 5678 5464 5182 4840 4486 4151 3751 3411 3089 2674 2459 2151 1819 1676 1456 1290 1075 922 771 644 577 463 422 347 268 228 203 187 149 118 104 86 62 48 51 42 33 27 31 19 9 10 7 11 3 9 7 6 2 5 1 0 2 0 1 0 1 2 0 0 0 0 0 0 0 0 0 0 0 
0 0 58 58 48 101 117 152 273 298 260 376 640 731 828 1004 1351 1558 1838 2229 2603 3020 3417 3755 4193 4703 5025 5127 5656 5977 5898 6066 6017 5956 5711 5627 5280 5072 4824 4362 4119 3781 3318 3038 2849 2327 2107 1917 1675 1452 1295 1088 934 863 730 585 474 463 379 328 272 243 176 179 128 117 101 83 92 66 49 45 41 33 20 33 20 19 17 14 7 8 11 6 13 5 6 4 3 1 1 1 1 1 0 0 0 1 0 1 0 0 0 0 0 0 0 0 0 0 0 
0 0 51 76 60 83 148 202 320 376 359 559 745 963 1120 1270 1574 1907 2394 2671 3121 3605 3960 4359 4782 5026 5413 5671 5935 5909 5982 6081 5950 5558 5593 5321 5029 4645 4513 3898 3730 3417 3099 2713 2447 2200 1936 1604 1467 1289 1127 916 804 753 612 522 467 361 356 282 261 191 166 138 107 87 87 71 53 45 36 32 26 31 12 16 15 13 10 4 9 5 4 2 1 0 3 2 0 0 0 0 0 0 0 0 1 0 0 
0 0 54 48 49 72 140 169 216 350 392 503 744 914 1102 1354 1726 2059 2435 2764 3132 3650 3945 4462 4855 5139 5512 5640 5936 6203 6102 6043 6048 5637 5598 5363 5056 4820 4394 4071 3700 3264 2969 2689 2443 2109 1858 1591 1429 1235 1081 915 777 724 584 519 399 346 281 252 222 166 163 132 135 82 74 69 70 47 39 29 26 20 23 19 12 11 11 7 9 5 3 4 3 2 3 0 0 2 0 0 1 0 0 0 0 0 0 0 0 0 0 0 
0 0 68 59 78 93 243 307 324 497 414 576 813 1006 1236 1456 1876 2107 2547 3033 3359 3827 4201 4629 5019 5504 5623 5925 5984 6033 6033 5958 5966 5664 5546 5318 4855 4541 4215 3901 3390 3068 2869 2557 2198 1944 1708 1561 1308 1093 964 869 732 619 548 444 414 336 276 244 230 169 127 115 90 81 80 67 49 25 31 26 27 24 23 12 12 10 10 7 3 5 8 5 6 5 5 2 4 4 2 3 0 2 1 1 0 1 1 2 0 0 0 2 0 0 0 0 0 1 0 0 0 0 0 0 0 0 0 0 0 
0 0 67 46 51 93 147 151 267 334 201 428 640 662 742 1093 1312 1417 1808 2107 2327 2743 3262 3555 3869 4383 4635 5075 5226 5390 5684 5738 5787 5920 5765 5569 5451 5116 4975 4568 4274 3976 3642 3263 3032 2729 2428 2144 1864 1664 1415 1218 1131 941 824 696 607 495 430 357 334 272 268 193 159 152 99 105 86 81 69 50 58 33 22 25 22 15 19 21 8 7 11 5 9 1 2 3 3 3 5 4 2 3 1 3 0 0 2 0 0 0 0 1 0 0 0 0 0 0 0 0 0 0 0 
0 0 54 52 66 98 140 173 276 302 345 556 736 906 1240 1513 1787 2184 2630 3066 3433 3944 4435 4940 5173 5626 5934 6263 6271 6400 6334 6394 6245 6015 5729 5302 4994 4616 4304 3924 3295 3087 2864 2418 2160 1847 1672 1428 1269 1034 927 798 724 602 500 444 330 311 272 229 162 140 153 112 86 83 70 67 35 53 22 23 24 10 11 15 6 8 6 3 5 6 5 1 4 2 3 0 1 1 1 0 0 0 1 0 0 0 0 0 0 0 0 0 0 0 
0 0 53 58 47 134 171 189 336 484 423 614 821 930 1327 1709 1940 2231 2618 3072 3457 3843 4403 4814 5142 5611 5702 5827 6119 6127 6004 5978 5983 5571 5409 5302 4809 4522 4078 3828 3398 3085 2783 2512 2164 1930 1680 1453 1267 1180 927 777 710 592 491 458 389 299 272 214 207 155 129 110 82 85 72 54 45 41 42 30 25 18 14 15 17 8 6 5 8 5 3 6 5 1 2 4 3 2 1 0 0 3 0 1 0 0 0 0 0 0 0 0 0 0 0 
0 0 46 50 57 130 247 290 371 537 498 723 971 1189 1430 1841 2038 2528 2946 3426 3802 4269 4738 5053 5435 5635 5926 6216 6102 6051 6176 6041 5838 5671 5336 5001 4518 4304 3889 3505 3184 2868 2612 2254 1984 1757 1547 1312 1178 992 801 780 614 534 433 412 334 290 246 185 165 146 147 96 71 75 52 44 49 44 25 21 17 13 11 10 7 6 5 7 1 5 4 2 0 0 1 0 1 0 0 0 0 0 0 0 0 0 0 0 
0 0 65 65 74 168 257 262 384 491 528 772 1176 1259 1662 2067 2387 2889 3186 3705 4135 4700 5088 5462 5701 6057 6132 6254 6468 6413 6205 5976 5760 5556 5284 4725 4493 4066 3767 3254 2986 2706 2311 2068 1803 1611 1365 1185 1001 829 768 635 528 462 363 344 246 247 203 146 138 109 95 70 68 70 48 43 24 22 23 15 16 10 13 5 9 7 6 2 1 2 2 3 1 1 1 3 0 1 0 0 0 0 0 0 0 0 0 0 0 
