0 0 57 50 60 72 117 174 217 278 352 555 772 879 1236 1563 1811 2184 2574 2973 3308 3943 4298 4775 5122 5550 5791 6098 6252 6392 6312 6398 6242 6167 5907 5560 5152 4985 4542 4231 3875 3660 3181 2835 2654 2290 2030 1926 1669 1433 1252 1241 991 859 813 699 647 536 461 438 378 321 290 261 197 190 157 132 116 114 96 79 67 63 81 51 38 47 48 29 20 28 30 14 13 16 16 11 15 15 6 10 8 8 4 11 3 2 6 2 0 5 2 1 4 0 3 0 1 0 0 0 0 1 0 0 0 0 0 0 0 0 0 0 0 
0 0 115 99 117 161 205 331 392 596 693 820 1142 1531 1744 2014 2502 3049 3295 3968 4247 4680 5066 5652 5753 6087 6527 6362 6287 6515 6312 6037 5758 5505 5348 5142 4739 4260 3910 3576 3242 2926 2574 2391 2195 1890 1712 1519 1359 1090 1038 965 769 650 602 532 462 422 331 296 269 245 202 173 172 125 142 115 89 69 62 66 60 49 53 35 22 33 31 10 17 13 13 8 14 11 6 9 4 5 3 4 5 5 1 4 5 0 0 2 1 1 0 0 0 2 0 1 0 0 0 0 0 0 0 0 0 0 0 
0 0 73 71 61 141 157 213 285 452 531 681 928 1153 1372 1737 2129 2533 2852 3506 3905 4277 4760 5182 5582 5897 6045 6239 6510 6363 6222 6082 6077 5900 5603 5265 4929 4630 4232 3857 3548 3186 2849 2623 2381 2094 1821 1643 1472 1308 1102 1004 877 763 725 617 539 438 395 400 315 284 252 256 203 164 160 125 128 127 93 63 61 53 53 54 40 47 26 26 22 20 20 22 11 16 12 16 6 7 6 12 6 4 4 2 3 6 0 2 0 0 2 2 0 1 1 0 0 0 0 0 0 0 0 0 0 0 
0 0 84 67 60 105 163 172 252 407 418 594 831 966 1326 1603 1858 2241 2698 3031 3365 3960 4358 4898 5351 5497 5941 6109 6123 6418 6437 6375 6182 5988 5722 5523 4985 4868 4584 4149 3862 3445 3124 2732 2568 2296 2048 1805 1637 1485 1338 1139 1003 870 771 714 571 533 477 402 321 317 275 250 223 175 161 119 120 115 99 80 91 53 51 43 48 36 26 23 18 17 14 11 16 9 12 8 3 6 5 1 5 2 2 1 1 2 2 1 1 1 0 1 2 0 0 0 0 0 0 1 0 0 0 0 0 0 0 0 0 0 0 
0 0 70 52 49 102 131 252 344 399 554 862 998 1179 1437 1674 2118 2517 2932 3349 3824 4313 4680 5067 5553 5643 6019 6296 6242 6349 6413 6268 6053 5949 5630 5282 4940 4606 4269 3968 3592 3291 2952 2670 2410 2079 1917 1751 1533 1385 1155 1018 963 797 716 638 551 473 448 376 336 282 246 238 215 179 141 148 113 99 99 71 74 66 63 44 44 31 39 24 24 24 22 18 10 11 10 10 13 7 5 7 5 0 1 4 1 3 4 3 0 0 1 0 1 0 1 0 0 1 0 0 0 0 0 0 0 0 0 0 0 
0 0 57 57 59 117 211 295 410 484 689 875 1069 1401 1726 2111 2345 2891 3345 3666 4205 4594 4908 5307 5827 6082 6056 6282 6283 6436 6299 6099 5821 5742 5378 5083 4620 4409 4087 3618 3341 3090 2636 2467 2249 2026 1763 1578 1313 1228 1123 966 879 746 652 552 463 450 382 345 314 262 213 205 161 140 134 119 102 97 78 61 62 68 43 39 33 35 35 28 15 18 20 9 10 13 8 4 6 5 2 6 7 2 5 4 2 2 1 4 0 2 2 3 0 1 3 0 0 0 0 1 1 0 0 0 0 0 0 1 1 0 0 0 0 0 0 0 0 0 0 0 
0 0 44 45 42 67 149 244 281 427 480 661 915 1058 1355 1738 1967 2317 2768 3121 3621 4127 4488 4871 5372 5645 6037 6254 6343 6228 6435 6398 6218 6006 5520 5545 5115 4621 4291 4091 3768 3340 2984 2637 2423 2222 1977 1744 1588 1292 1143 1105 938 861 704 654 555 468 434 368 330 293 257 216 218 187 173 150 132 91 88 93 71 73 50 49 41 50 29 25 20 29 25 20 12 10 18 10 8 10 6 9 3 14 6 4 4 3 4 4 6 3 3 4 0 1 1 0 0 1 1 0 0 1 0 0 2 0 0 0 0 0 0 0 0 0 0 0 
0 0 58 63 76 109 138 222 248 351 409 700 818 1027 1271 1526 1920 2192 2722 2997 3375 3922 4333 5011 5250 5547 5814 6153 6248 6495 6428 6248 6327 6156 5757 5489 5203 4737 4466 4054 3795 3491 3139 2781 2507 2240 2144 1869 1648 1476 1300 1106 1031 906 776 680 630 498 448 444 351 307 299 212 220 177 176 163 137 119 96 89 76 47 61 63 48 38 32 28 24 19 16 19 18 13 14 12 13 9 11 7 7 5 6 5 5 4 0 2 2 1 1 0 2 1 0 1 1 1 1 0 0 0 0 1 1 0 0 1 0 0 1 1 0 0 0 0 1 0 0 0 0 0 0 0 0 0 0 0 
0 0 51 57 51 68 160 268 280 365 585 712 861 1043 1326 1596 2029 2384 2736 3255 3632 3991 4655 4949 5194 5541 6070 5998 6378 6274 6287 6173 6027 5971 5646 5311 5138 4584 4411 4076 3644 3382 3047 2772 2547 2266 1994 1864 1627 1464 1314 1109 1020 890 773 680 613 553 465 430 383 292 286 236 200 195 175 147 142 118 110 101 92 69 60 57 43 45 29 37 37 27 25 24 15 20 11 17 13 8 4 8 8 5 4 2 3 4 3 2 0 3 1 1 1 1 2 2 1 0 0 3 0 2 0 0 0 0 0 0 0 0 0 0 0 
0 0 79 81 62 129 242 262 416 574 655 943 1221 1511 1786 2174 2439 2911 3441 3747 4351 4678 5065 5577 5651 6017 6162 6263 6293 6310 6317 6052 5967 5593 5155 4965 4612 4301 3883 3592 3254 2945 2684 2317 2123 1915 1641 1497 1306 1163 1018 935 782 675 630 553 505 424 398 321 323 280 223 207 188 177 124 117 103 102 84 85 71 60 49 43 38 34 27 38 17 32 10 16 19 5 10 13 5 4 6 4 7 5 4 3 3 3 0 4 2 4 3 1 1 1 4 1 0 1 0 0 0 1 0 1 1 0 0 0 0 0 0 1 0 0 0 0 0 0 0 0 0 0 0 
0 0 61 58 59 153 185 260 389 446 542 896 1116 1293 1774 2070 2442 2999 3249 3547 4202 4610 4892 5317 5501 5995 6146 6345 6489 6456 6194 6182 5980 5644 5357 5134 4760 4252 4083 3733 3302 3076 2795 2556 2185 2039 1798 1658 1402 1259 1065 1001 886 771 690 579 543 461 411 368 324 282 239 227 205 156 150 111 118 92 89 91 68 54 52 46 38 28 32 26 19 20 23 13 8 11 13 10 13 5 9 5 6 5 3 1 2 0 2 2 2 0 1 0 0 0 0 0 0 0 0 0 0 0 
0 0 46 59 46 94 135 161 231 305 368 544 794 919 1090 1466 1820 2024 2499 2842 3279 3774 4262 4529 4966 5552 5781 6051 6231 6324 6470 6467 6394 6166 5805 5707 5257 5017 4623 4266 3803 3477 3226 2968 2620 2363 2197 1828 1770 1494 1332 1157 1103 854 816 709 615 518 493 453 370 327 325 270 204 231 187 151 127 128 106 94 85 69 59 69 44 30 24 25 25 26 16 21 19 8 17 10 11 8 3 10 3 7 0 3 1 5 2 2 1 1 1 0 0 1 0 1 0 1 0 0 0 0 0 0 0 0 0 0 0 
0 0 64 64 40 85 298 308 349 606 637 956 1159 1407 1824 2151 2604 2829 3427 3790 4259 4671 5138 5444 5679 6176 6289 6430 6294 6341 6163 6110 5875 5533 5304 4909 4649 4424 3885 3523 3210 2982 2584 2394 2170 1895 1777 1547 1329 1227 1120 876 877 747 693 582 542 454 380 341 308 256 241 200 170 146 176 101 107 98 69 73 61 68 47 38 51 27 20 36 20 19 19 18 11 9 7 1 6 4 1 4 1 5 1 2 0 1 1 1 1 1 1 0 2 0 0 1 1 0 0 1 1 0 0 0 0 0 0 0 0 0 0 0 
0 0 62 54 46 192 289 303 416 556 666 957 1207 1410 1645 2092 2447 2868 3363 3743 4133 4589 5096 5429 5713 5817 6037 6487 6138 6307 6229 6061 5791 5681 5321 4944 4663 4257 3930 3642 3402 3002 2697 2440 2109 2064 1710 1568 1382 1216 1100 956 859 765 672 575 520 452 395 359 291 279 222 195 187 145 134 133 104 89 74 70 62 51 39 48 36 35 24 29 30 22 24 13 9 16 12 10 11 9 4 10 3 3 3 3 3 4 1 2 3 2 1 2 0 1 1 2 2 0 3 0 1 0 0 0 0 0 0 0 0 0 0 0 
0 0 54 62 54 80 102 173 233 334 463 629 844 1112 1332 1596 1940 2366 2774 3049 3443 3999 4465 4715 5220 5652 5961 6190 6360 6439 6431 6422 6161 6045 5789 5545 5202 4873 4552 3976 3754 3407 3133 2872 2480 2258 2094 1776 1544 1413 1253 1132 965 878 756 725 574 537 461 360 319 315 272 240 215 181 153 143 123 120 101 93 80 59 60 41 43 45 38 33 32 18 19 19 13 13 13 8 6 3 6 7 8 7 1 2 1 7 3 4 1 1 0 0 1 1 0 0 1 0 1 1 0 0 0 0 0 0 0 0 0 0 0 
0 0 74 48 47 119 228 285 326 493 603 957 1059 1204 1686 2045 2349 2687 3221 3515 4211 4520 4778 5346 5708 5934 6020 6408 6302 6343 6534 6226 5870 5551 5471 4988 4720 4334 4001 3745 3294 3016 2723 2472 2202 1978 1810 1589 1386 1214 1080 958 800 734 698 607 508 450 411 315 306 272 227 232 189 175 158 109 97 78 82 75 61 54 51 46 36 29 25 19 18 19 17 9 17 9 13 4 5 4 2 7 8 3 2 1 1 5 4 1 0 2 0 1 1 0 0 0 1 0 0 0 0 0 0 0 0 0 0 0 
0 0 71 59 65 107 181 239 324 490 639 719 934 1152 1489 1890 2144 2549 2948 3373 3778 4217 4697 5110 5569 5696 5951 6161 6460 6406 6319 6249 6190 5855 5612 5272 4898 4551 4411 4056 3529 3227 2965 2638 2342 2132 1925 1709 1575 1364 1129 964 964 833 694 639 553 504 357 371 304 317 256 193 173 163 125 125 96 86 99 72 70 42 45 34 49 32 30 33 19 22 19 18 14 17 15 13 11 13 7 10 5 8 7 2 6 8 4 8 10 3 2 1 2 0 4 4 0 0 0 0 0 0 0 0 0 0 0 
0 0 64 44 56 86 113 207 260 305 417 523 674 900 1253 1464 1774 2258 2599 2999 3409 3862 4362 4803 5179 5488 5814 6034 6299 6257 6422 6232 6038 6001 5748 5530 5220 4967 4608 4166 3919 3552 3129 2970 2653 2398 2070 1927 1624 1479 1392 1121 1029 937 800 681 664 650 486 437 402 354 302 258 199 212 167 154 140 132 84 88 85 74 56 59 54 44 42 28 16 21 18 17 13 14 12 9 10 6 4 8 8 4 4 4 4 1 2 4 1 2 0 3 1 2 1 1 0 0 1 0 1 1 0 0 0 1 0 0 0 0 0 0 0 0 0 1 0 
0 0 75 60 51 177 228 268 429 634 688 870 1188 1379 1710 2063 2290 2824 3348 3772 4167 4657 4940 5311 5823 6019 6197 6391 6482 6448 6372 6078 5992 5528 5438 5115 4692 4393 4096 3557 3337 2978 2651 2428 2158 1852 1618 1514 1356 1145 1040 905 826 700 613 545 506 438 354 337 301 269 201 196 196 153 138 109 97 104 84 79 56 70 34 38 32 23 23 25 11 16 16 9 8 12 6 4 9 6 7 1 1 3 1 0 1 1 0 2 1 0 0 1 0 0 0 0 0 0 0 0 0 0 0 
0 0 45 49 50 86 114 157 176 311 395 516 633 787 1093 1347 1565 1920 2259 2764 3310 3588 4071 4563 5045 5336 5661 6115 6102 6216 6405 6321 6275 6137 5977 5716 5521 4965 4703 4447 4036 3767 3407 3133 2699 2484 2177 2012 1742 1609 1356 1263 1072 990 832 773 638 623 494 481 405 327 306 256 230 211 172 167 154 110 110 85 85 63 67 57 47 46 35 27 27 18 24 15 17 20 9 11 6 15 4 6 6 5 5 2 6 2 2 3 0 3 4 2 4 0 2 1 1 0 0 0 1 0 0 0 1 1 0 0 0 1 0 0 0 0 0 0 0 1 0 0 0 0 0 0 0 0 0 0 0 
0 0 73 57 53 104 200 244 421 551 701 905 1062 1408 1806 2078 2403 2710 3228 3635 4130 4438 4849 5317 5695 5916 6123 6317 6376 6243 6298 6102 5914 5711 5439 5030 4713 4385 3963 3720 3354 3051 2760 2478 2217 2000 1772 1591 1414 1272 1053 989 820 739 691 574 558 462 401 325 296 306 233 196 191 159 138 112 115 85 83 87 59 59 49 36 40 32 24 40 23 28 16 14 19 18 11 13 10 11 9 10 4 5 4 3 2 0 0 2 1 2 0 0 2 0 0 0 1 0 0 1 0 0 0 0 0 0 0 0 0 0 0 
0 0 51 60 40 97 227 219 253 426 489 618 935 1198 1314 1660 2126 2403 2731 3212 3644 4041 4485 4948 5254 5729 6070 6185 6371 6480 6453 6259 6134 6000 5666 5363 5054 4692 4365 4039 3624 3318 3078 2738 2410 2210 2010 1747 1551 1355 1185 1037 1010 839 756 647 577 521 436 384 360 303 242 236 210 180 154 133 133 101 91 72 66 68 60 45 50 32 26 18 17 20 17 21 11 13 10 13 3 4 6 7 7 3 5 3 6 3 2 5 1 5 3 1 2 2 0 0 1 1 0 1 0 0 0 0 0 0 0 0 0 0 0 
0 0 69 78 61 97 166 271 362 545 628 878 1044 1167 1640 1987 2320 2634 3131 3512 4044 4542 4906 5314 5734 6078 6235 6259 6392 6439 6290 6153 5901 5831 5455 5173 4747 4308 4194 3684 3513 3101 2755 2533 2268 1958 1779 1597 1414 1292 1114 913 887 801 693 613 522 441 418 358 309 279 241 226 189 151 125 132 86 88 72 49 47 63 33 30 31 14 19 15 12 12 14 8 6 3 6 2 5 3 2 1 4 3 2 5 1 1 0 1 0 0 0 0 0 0 0 0 0 0 0 
0 0 55 49 46 92 126 159 262 358 416 530 737 893 1085 1406 1725 2038 2478 2951 3392 3903 4288 4648 5062 5431 5737 5969 6159 6399 6311 6452 6234 6289 5900 5720 5286 5007 4657 4320 4055 3677 3210 2942 2800 2418 2130 1836 1653 1460 1313 1159 1006 930 808 752 580 488 458 438 357 344 316 252 209 199 154 156 148 131 110 102 75 52 63 55 47 31 28 31 28 28 20 17 13 11 9 14 10 11 7 4 6 7 2 3 2 1 2 2 0 0 4 2 1 1 1 1 1 1 1 1 1 0 1 0 0 0 0 0 0 0 0 0 0 0 
0 0 54 53 44 167 260 271 373 537 644 758 1040 1317 1558 1784 2127 2649 3048 3648 3954 4396 4831 5085 5506 5691 6196 6187 6388 6363 6379 6147 5928 5950 5436 5203 4981 4394 4220 3791 3512 3134 2827 2651 2288 2052 1838 1602 1462 1282 1118 962 884 832 633 581 515 493 438 325 313 278 236 221 189 167 152 127 139 97 73 67 55 69 54 32 44 34 25 27 22 18 17 14 12 17 11 11 9 10 11 11 3 5 4 2 2 3 3 2 0 1 0 1 2 1 1 2 0 0 0 0 0 0 0 0 0 0 0 
0 0 61 48 57 113 165 199 321 400 433 691 885 1047 1338 1726 1946 2313 2782 3117 3706 4018 4525 4954 5431 5669 5963 6161 6333 6505 6390 6121 6003 5806 5664 5388 4900 4671 4463 3995 3630 3354 3155 2788 2470 2214 2017 1857 1514 1388 1162 1158 1028 857 792 666 563 502 486 398 367 329 282 262 191 145 175 142 119 112 106 88 55 64 57 53 52 28 31 30 31 18 19 18 21 11 16 11 5 7 1 6 1 6 0 2 1 1 0 0 1 1 0 2 0 0 0 1 0 0 0 0 0 0 0 0 0 0 0 
0 0 59 65 64 108 259 313 356 556 696 820 1062 1379 1562 1954 2256 2575 3234 3529 3989 4552 5050 5308 5544 5897 6118 6423 6416 6383 6272 6079 6061 5825 5421 5217 4722 4425 4160 3775 3500 3077 2871 2552 2290 2014 1765 1622 1465 1218 1068 994 891 751 649 585 510 447 431 338 328 256 234 201 177 153 111 110 103 104 70 53 57 52 45 32 28 17 29 17 16 15 23 10 8 7 7 4 6 6 3 4 5 2 1 2 2 3 1 2 0 0 0 0 0 1 0 0 0 0 0 0 1 0 0 0 0 0 0 0 0 0 0 0 
0 0 58 48 53 84 79 152 219 351 451 555 787 960 1197 1425 1796 2122 2412 2994 3447 3671 4338 4763 5128 5547 5836 6033 6291 6498 6392 6317 6154 6056 5799 5620 5233 4922 4504 4347 3834 3496 3332 2935 2650 2329 2098 1893 1732 1486 1412 1198 1014 904 836 706 650 529 496 438 379 296 284 261 220 161 179 151 136 119 82 104 79 59 48 58 49 38 34 41 26 29 24 18 16 16 16 9 9 10 6 7 10 3 7 5 2 0 3 5 2 3 2 1 2 3 0 1 1 2 1 1 1 0 1 0 0 0 0 0 0 0 0 0 0 0 
0 0 50 44 55 74 77 115 261 313 461 513 760 923 1150 1499 1655 2064 2494 2941 3348 3715 4145 4694 5017 5266 5826 5978 6097 6242 6415 6268 6294 6079 5875 5636 5182 5190 4686 4354 4039 3530 3271 2912 2631 2489 2205 1889 1690 1519 1310 1254 1070 897 790 709 648 501 473 467 403 316 273 240 233 214 179 167 137 142 96 84 85 80 58 48 48 40 31 39 25 22 20 19 10 23 14 10 12 6 5 9 9 5 3 6 1 0 2 0 1 6 1 0 1 0 0 0 1 0 0 1 0 0 0 0 1 1 0 0 1 0 0 0 1 0 0 0 0 0 0 0 0 0 0 0 
0 0 70 46 65 126 133 182 237 281 334 523 712 741 1039 1277 1601 2032 2215 2652 3102 3506 3885 4415 4869 5335 5578 5876 6065 6381 6473 6274 6248 6142 5964 5778 5295 5129 4802 4437 4045 3595 3469 3065 2775 2583 2221 2052 1813 1618 1451 1278 1129 1020 870 762 670 632 518 480 424 366 322 265 239 226 201 177 154 119 116 95 88 84 69 46 61 47 39 37 42 22 32 14 26 21 13 18 13 13 6 5 3 4 4 5 2 4 4 3 1 1 0 3 0 0 1 1 0 1 0 1 1 0 0 1 0 1 0 1 0 0 0 0 1 0 1 1 0 0 0 0 0 0 0 1 0 1 0 0 0 0 
0 0 55 61 60 151 199 330 437 521 673 907 1134 1383 1717 2227 2468 2891 3353 3863 4069 4667 5212 5424 5690 6036 6295 6354 6370 6618 6076 6169 5838 5614 5373 5029 4601 4277 4121 3638 3303 3023 2723 2382 2154 1911 1782 1532 1345 1147 1069 931 849 710 668 539 460 393 369 300 293 233 203 180 178 165 135 115 105 92 68 72 78 62 53 39 36 49 37 35 25 20 16 13 21 9 10 13 6 7 9 9 4 7 8 5 3 3 2 2 1 0 2 1 1 1 2 1 0 1 0 0 2 2 2 1 0 0 1 0 0 0 0 0 0 0 0 0 0 0 
0 0 51 60 52 161 215 210 281 406 641 700 976 1109 1568 1919 2174 2595 2927 3365 3998 4356 4558 5286 5746 5836 6132 6358 6466 6459 6304 6236 6083 5835 5650 5312 4877 4543 4256 3749 3394 3273 2891 2506 2318 1979 1795 1717 1392 1255 1131 995 878 811 696 608 553 460 388 328 320 294 238 218 173 168 138 107 112 98 70 73 62 65 45 56 37 41 40 36 22 23 14 16 8 14 12 12 10 10 3 3 6 4 4 3 2 5 2 3 0 3 2 0 0 0 2 1 1 0 0 0 0 0 0 1 0 0 0 0 0 0 0 0 0 0 0 
0 0 54 52 55 112 154 195 268 346 417 593 793 865 1194 1523 1739 2089 2405 3035 3291 3925 4182 4575 5252 5640 5947 6159 6485 6495 6401 6265 6230 5953 5790 5586 5230 4942 4487 4155 3792 3551 3187 2912 2628 2235 2213 1830 1634 1472 1270 1202 971 859 762 627 600 485 456 422 357 316 241 245 209 157 143 154 130 107 94 74 69 68 49 52 33 44 41 19 25 28 18 8 14 14 11 10 11 5 8 7 7 3 2 2 3 2 1 5 1 0 0 1 1 0 2 1 1 1 1 0 0 1 0 0 1 0 0 0 0 0 0 0 0 0 0 0 
0 0 43 50 44 82 108 190 316 381 445 564 956 1057 1215 1653 1958 2252 2737 3114 3568 3818 4510 4844 5310 5692 6058 6275 6298 6426 6339 6314 6279 6001 5764 5368 5124 4814 4390 4130 3707 3472 3114 2826 2580 2249 2052 1787 1534 1472 1287 1149 997 911 782 674 597 513 491 373 358 327 252 202 231 174 155 114 121 121 95 85 82 74 59 42 41 36 42 38 24 24 20 19 13 14 9 8 7 9 3 7 6 10 3 4 5 2 2 1 2 1 3 0 0 1 1 0 1 1 0 1 1 0 0 1 0 0 0 0 0 0 1 0 0 1 0 0 0 0 0 0 1 0 0 0 0 0 0 0 0 0 
0 0 52 68 55 97 135 248 288 361 455 646 889 1168 1354 1625 1996 2382 2763 3280 3703 4020 4646 4968 5387 5813 6042 6218 6327 6484 6336 6421 6262 5897 5806 5376 5172 4830 4312 4115 3601 3249 3133 2756 2351 2245 1870 1738 1528 1347 1268 1074 933 816 725 600 545 529 428 370 317 318 248 236 194 152 170 148 131 86 79 74 60 67 46 56 37 26 32 23 31 23 14 18 14 15 5 10 9 13 6 2 4 2 4 4 3 6 0 2 2 0 4 1 1 0 0 0 0 1 0 0 1 0 1 0 0 1 0 0 0 0 0 0 0 0 0 0 0 
0 0 69 58 64 82 177 224 314 363 437 755 882 1118 1439 1692 2082 2432 2892 3086 3727 4291 4630 5029 5358 5773 5898 6110 6236 6248 6116 6265 6168 5853 5598 5321 4866 4668 4333 4002 3686 3330 2976 2643 2434 2132 1901 1784 1622 1368 1213 1085 937 829 786 689 591 490 496 425 324 295 317 250 227 176 140 151 131 112 92 85 73 64 51 49 47 44 31 27 19 26 14 14 16 18 9 8 6 3 9 8 6 5 4 5 2 8 2 3 6 2 1 4 5 2 3 3 0 1 2 0 1 1 0 0 0 2 0 1 0 0 0 1 0 1 0 0 0 0 0 0 0 0 0 0 0 
0 0 64 56 62 193 231 256 369 623 733 872 1183 1472 1768 2188 2624 2821 3448 3825 4224 4709 5134 5366 5703 6011 6187 6458 6279 6214 6251 6120 5798 5594 5219 5023 4662 4310 3887 3544 3271 3033 2649 2424 2163 1933 1721 1517 1336 1242 1054 945 826 734 623 547 506 425 405 361 295 251 203 188 168 147 142 112 116 89 76 59 54 57 51 40 38 45 26 16 23 13 25 12 14 11 14 10 9 7 4 9 4 1 4 6 1 2 3 1 0 2 3 2 1 0 1 2 2 1 0 1 1 1 4 1 0 1 0 0 0 0 0 1 0 0 0 0 0 0 0 0 0 0 0 
0 0 68 52 48 108 176 321 481 503 548 758 953 1193 1517 1808 2069 2601 3007 3307 3914 4321 4754 5157 5663 5847 6314 6245 6431 6361 6353 6270 6135 5820 5522 5203 4887 4545 4253 3877 3605 3158 2872 2598 2318 2100 1824 1592 1421 1308 1161 1087 884 834 686 625 526 462 409 391 345 298 258 230 187 177 139 121 122 108 107 91 63 63 56 43 48 33 26 37 25 21 18 13 16 10 8 15 8 6 7 7 8 5 4 9 0 1 6 4 3 6 3 0 1 3 2 1 1 0 0 0 1 1 1 0 0 1 0 0 0 0 0 0 0 0 0 0 0 
0 0 36 46 50 139 190 233 269 420 550 687 853 1034 1258 1684 2084 2472 2677 3125 3632 3938 4565 4936 5166 5449 5883 6253 6351 6270 6304 6204 6245 6068 5783 5393 4894 4825 4578 4068 3647 3419 3013 2877 2462 2162 1946 1790 1598 1376 1188 1064 934 856 759 656 569 524 489 375 346 327 295 246 219 217 145 135 133 123 98 97 62 66 60 46 41 45 31 21 26 20 23 16 21 11 16 5 11 8 13 1 7 4 4 6 2 1 4 4 3 1 3 1 1 3 1 0 1 0 0 1 0 1 0 0 1 0 0 0 0 0 0 0 0 0 0 0 
0 0 80 86 59 119 171 236 337 497 740 875 1122 1397 1761 2070 2556 2746 3210 3749 4204 4544 5026 5571 5784 6032 6232 6434 6388 6423 6386 6098 5956 5608 5385 5094 4570 4378 3892 3565 3243 2894 2706 2273 2135 1881 1653 1533 1266 1199 1071 926 771 715 641 540 492 450 385 351 318 248 200 193 196 144 135 105 118 94 76 61 43 46 41 32 36 32 24 27 10 12 14 9 9 6 8 5 3 1 5 5 5 2 3 2 0 3 1 2 0 1 0 0 1 2 1 0 1 0 0 0 0 0 0 1 0 0 0 0 0 0 0 0 0 0 0 
0 0 81 83 70 116 151 207 310 341 396 732 924 1021 1302 1813 2077 2405 2883 3419 3769 4386 4823 5101 5504 5938 6070 6359 6465 6285 6537 6230 6025 6013 5635 5286 4931 4686 4137 4017 3572 3295 2933 2673 2448 2168 1936 1688 1500 1402 1174 1066 990 834 725 650 574 495 449 340 338 297 255 210 196 171 143 124 117 102 69 76 67 53 56 42 27 34 37 25 22 17 19 14 14 9 13 3 9 5 5 2 3 0 4 2 1 2 4 2 3 0 3 0 3 1 1 0 0 0 1 1 0 0 0 0 0 0 0 0 0 0 0 
0 0 51 55 52 63 144 199 336 476 636 767 1050 1313 1526 1894 2218 2636 2958 3554 3889 4352 4877 5203 5544 5889 6043 6400 6433 6277 6330 6173 6070 5770 5534 5209 4827 4425 4230 3821 3480 3157 2884 2608 2215 2061 1867 1627 1490 1175 1178 1070 859 746 711 594 547 469 386 361 300 276 244 201 186 163 145 138 97 93 91 82 70 52 47 47 35 40 19 26 17 15 15 15 12 12 5 10 5 11 2 5 4 9 6 2 2 4 2 2 2 0 3 1 3 0 0 1 1 0 0 1 0 0 1 0 0 0 0 0 0 0 0 0 0 0 
0 0 63 57 53 100 120 151 256 403 478 584 928 1084 1285 1611 1997 2294 2787 3157 3485 4163 4537 4716 5145 5605 5986 6121 6299 6413 6347 6427 6135 6058 5842 5487 5110 4789 4558 4020 3778 3483 3064 2792 2517 2229 1985 1752 1602 1471 1285 1092 985 885 763 669 566 508 454 413 351 312 263 220 198 176 146 123 118 93 90 82 79 68 55 48 44 45 41 29 23 19 18 19 8 9 20 7 8 9 6 3 4 5 2 7 4 1 4 4 2 0 1 0 0 1 0 0 0 0 2 0 0 0 0 1 0 0 0 0 0 0 0 0 0 0 0 
0 0 68 46 48 97 122 134 277 300 356 624 769 909 1184 1504 1736 2079 2578 2952 3359 3701 4269 4720 5290 5489 5810 6166 6168 6339 6374 6371 6293 6202 5845 5506 5283 4929 4568 4182 3958 3584 3227 2959 2640 2401 2074 1932 1592 1436 1325 1203 1061 906 802 720 616 554 486 420 382 330 264 242 234 208 170 138 140 113 92 94 78 73 40 48 36 46 31 25 22 17 21 12 16 15 12 9 7 5 8 3 2 4 5 4 0 1 0 2 2 0 2 2 0 0 0 0 0 0 0 0 0 0 0 
0 0 67 45 61 114 124 187 258 343 403 575 834 1000 1257 1591 2003 2215 2616 3230 3467 3955 4338 4723 5195 5651 5886 6026 6392 6317 6266 6301 6154 6016 5683 5528 5193 4782 4482 4183 3773 3436 3216 2858 2512 2237 2026 1813 1589 1444 1237 1102 1028 900 816 662 638 540 489 425 398 354 285 263 225 177 173 165 120 128 106 91 89 90 59 55 48 49 37 40 26 35 36 17 24 20 16 14 7 13 8 5 3 4 6 4 9 2 2 4 6 5 2 0 1 2 2 1 0 1 0 0 0 0 0 0 0 0 0 0 0 
0 0 80 50 47 118 149 162 226 426 548 608 797 1043 1228 1620 1879 2198 2604 3192 3612 3948 4478 4940 5271 5604 5869 6163 6255 6478 6495 6155 6203 5929 5680 5479 5160 4847 4357 4183 3853 3347 3080 2829 2543 2306 2010 1822 1517 1405 1257 1094 972 823 727 698 585 521 469 387 353 320 273 258 200 198 173 136 135 103 100 88 78 77 56 48 34 35 36 28 19 21 16 20 20 10 11 11 6 7 7 6 6 6 7 1 1 5 1 2 3 1 3 0 1 3 0 1 1 0 0 0 0 0 0 0 0 0 0 0 
0 0 55 56 57 135 282 256 309 486 560 697 933 1136 1337 1671 2126 2451 2895 3400 3773 4200 4785 5089 5415 5782 5924 6425 6208 6347 6413 6392 6152 5890 5650 5298 4908 4629 4253 3979 3671 3320 3006 2721 2389 2114 1922 1667 1566 1318 1246 1045 942 850 736 619 590 516 438 375 347 290 263 215 199 190 149 141 141 89 85 80 67 70 57 50 35 32 26 33 21 18 16 20 12 5 12 4 12 6 8 4 5 6 3 4 3 5 4 1 1 2 0 1 0 0 1 0 1 0 1 0 0 0 0 0 2 0 0 1 1 0 2 0 0 0 0 0 0 0 0 0 0 0 
0 0 68 66 59 137 199 221 268 346 514 622 860 1018 1249 1596 1960 2270 2552 3067 3657 4011 4490 4917 5425 5857 6066 6387 6231 6435 6362 6320 6140 5962 5677 5324 5103 4633 4430 3992 3600 3272 3133 2737 2430 2215 2033 1811 1581 1407 1255 1079 954 852 805 632 556 511 468 413 340 309 275 244 173 181 183 136 120 118 98 79 76 54 56 37 42 33 25 20 28 23 14 16 16 13 6 7 9 14 5 8 6 6 7 2 2 9 1 3 1 6 0 2 2 1 0 3 0 1 0 1 0 0 1 0 0 0 0 0 0 0 0 0 0 0 
0 0 79 75 72 124 218 248 373 527 559 679 973 1234 1406 1631 2149 2513 3004 3418 3695 4208 4669 5158 5608 5691 6048 6221 6368 6431 6513 6124 6115 6015 5634 5286 4986 4648 4224 3980 3604 3274 2948 2609 2435 2126 1884 1725 1502 1324 1211 1031 914 813 711 615 516 492 424 374 320 245 232 210 158 156 159 157 123 74 96 66 72 54 43 58 35 25 36 23 29 16 19 12 17 15 17 8 6 9 8 13 7 8 4 9 3 6 8 2 0 4 2 2 2 1 3 1 0 0 0 1 2 0 0 0 0 0 0 0 0 0 0 0 
0 0 55 57 57 73 134 155 194 232 312 451 603 680 1019 1179 1458 1856 2305 2619 3093 3685 3934 4437 4908 5226 5667 5921 6098 6475 6567 6409 6420 6301 6147 6068 5563 5211 4841 4601 4141 3842 3545 3153 2764 2512 2208 2117 1837 1579 1423 1257 1110 919 842 737 647 550 513 458 362 363 310 259 225 185 192 158 141 103 88 98 65 79 52 39 34 45 27 26 29 26 20 13 17 10 9 14 6 4 9 8 6 2 6 8 1 3 7 6 3 2 3 2 1 0 0 1 2 0 0 0 1 2 0 0 1 1 0 0 0 1 0 0 1 0 0 0 0 0 0 0 0 0 1 0 
0 0 55 65 54 111 261 294 514 631 679 859 1186 1419 1728 2023 2271 2742 3184 3691 4068 4577 5062 5366 5848 6005 6131 6517 6409 6420 6272 6174 5823 5649 5416 5032 4744 4184 4080 3622 3407 3048 2643 2485 2154 1911 1759 1575 1407 1238 1071 917 797 745 687 546 554 408 388 327 337 272 234 231 196 170 148 114 101 94 103 81 59 55 53 52 43 37 31 19 27 13 17 20 15 3 12 12 8 8 7 8 5 3 4 2 4 4 3 2 0 0 2 0 0 0 0 0 0 0 0 0 0 0 
0 0 61 50 55 184 211 269 377 474 665 748 1119 1285 1627 1953 2410 2843 3208 3587 4135 4540 5123 5379 5673 6001 6094 6316 6460 6424 6260 6017 6077 5602 5358 5149 4692 4343 3909 3608 3352 3022 2800 2448 2186 1950 1788 1532 1367 1210 1088 1017 800 756 667 621 497 429 375 327 306 264 249 203 175 149 138 113 122 80 97 69 54 48 50 46 41 18 27 26 19 21 19 12 13 9 5 6 5 3 5 2 3 5 0 3 3 1 1 0 0 1 1 0 0 1 0 0 0 0 0 0 0 0 0 0 0 
0 0 53 45 44 89 108 174 230 248 390 493 645 863 1105 1336 1780 2037 2466 2870 3178 3679 4176 4648 5096 5455 5817 5961 6327 6364 6532 6392 6319 6328 5955 5723 5249 5042 4629 4302 4008 3589 3380 3001 2618 2440 2091 1911 1710 1512 1340 1181 1069 969 837 702 627 545 498 462 348 301 319 242 216 189 177 171 134 128 100 75 68 69 68 49 49 37 37 28 17 23 26 21 14 15 20 11 8 8 7 5 10 3 6 6 2 3 3 3 5 0 1 1 1 3 1 2 1 0 0 1 0 1 0 0 1 0 0 0 0 0 0 0 0 0 0 0 
0 0 67 79 45 135 261 306 344 555 607 833 1137 1401 1630 2027 2459 2933 3254 3633 4051 4558 4935 5276 5741 6016 6016 6429 6455 6269 6271 6104 5956 5712 5405 5006 4771 4418 4079 3702 3255 3073 2731 2419 2308 1957 1759 1515 1441 1249 1051 941 856 756 652 514 494 448 366 359 286 240 202 205 156 168 144 107 90 105 75 79 59 51 52 40 35 33 31 24 20 25 17 19 20 12 14 12 4 6 8 8 3 4 3 5 3 2 3 1 1 2 0 1 1 4 4 1 2 1 0 2 0 1 1 0 3 0 0 1 0 0 0 0 0 0 0 0 0 0 0 
0 0 58 38 45 95 133 127 207 369 443 604 774 939 1280 1607 1885 2247 2682 3024 3432 3894 4397 4757 5180 5632 5857 6171 6242 6273 6324 6275 6172 6099 5746 5405 5267 4868 4576 4199 3826 3562 3199 2880 2582 2272 2039 1803 1616 1470 1225 1159 1004 891 794 665 603 561 486 432 375 353 320 243 214 194 163 150 137 96 100 94 65 73 46 49 46 37 20 32 33 21 16 10 21 14 12 11 7 9 7 18 10 4 4 7 3 3 4 2 1 2 2 0 1 3 0 1 1 0 0 0 1 0 0 0 0 0 0 0 0 0 0 0 
0 0 56 68 53 104 131 155 223 318 327 495 830 999 1145 1520 1832 2212 2567 3001 3468 3888 4387 4725 5251 5530 5803 6312 6184 6282 6447 6421 6148 6057 5974 5593 5157 4954 4535 4140 3849 3589 3072 2891 2687 2361 2069 1965 1638 1507 1340 1160 1058 896 802 691 632 551 433 444 394 345 318 292 208 191 172 144 145 133 101 85 69 73 70 39 49 44 37 23 22 16 15 20 15 16 13 9 9 9 6 7 2 6 2 1 3 1 2 3 0 4 0 2 2 0 0 0 0 0 0 0 0 0 0 0 
0 0 52 54 40 175 198 211 272 389 561 582 838 1050 1239 1535 1946 2226 2590 3218 3484 3901 4488 4974 5184 5474 5882 6102 6364 6454 6153 6392 6359 6062 5599 5454 5219 4854 4520 4127 3865 3420 3118 2898 2548 2225 2009 1842 1599 1397 1259 1098 949 860 713 618 604 473 439 403 376 302 257 231 188 162 163 142 129 96 101 89 86 63 56 41 39 40 42 30 31 36 18 14 21 19 10 8 7 8 9 7 3 4 7 3 3 2 2 5 1 1 1 1 0 0 0 0 0 0 1 0 1 0 0 0 0 0 0 0 0 0 0 0 
0 0 68 57 48 197 237 212 364 534 638 841 1050 1175 1519 1955 2279 2614 3173 3699 3952 4425 5000 5322 5672 5839 6111 6178 6486 6337 6347 6133 5981 5677 5369 5210 4763 4461 4081 3782 3408 3116 2781 2475 2263 2033 1822 1535 1515 1299 1152 1060 882 803 683 605 535 462 417 379 338 268 235 217 194 186 120 131 116 100 89 80 53 57 47 35 31 27 31 23 21 22 17 18 18 8 11 11 10 4 7 7 7 8 9 4 3 4 1 7 2 3 2 2 2 3 0 0 1 1 0 0 1 1 0 0 0 0 0 0 0 0 0 0 0 
0 0 51 54 46 84 130 159 223 348 420 540 711 985 1119 1402 1665 2052 2438 2803 3247 3738 4330 4771 5107 5566 5860 6122 6390 6424 6364 6378 6259 6183 5753 5526 5347 4971 4596 4209 3967 3580 3218 2876 2601 2401 2129 1799 1687 1537 1276 1227 1048 953 828 694 675 557 477 426 390 309 281 255 242 176 184 171 116 144 101 89 82 81 53 59 41 40 32 36 23 21 20 28 21 16 10 13 11 7 14 9 6 8 1 3 7 3 5 3 5 0 1 4 3 0 1 3 5 0 1 1 1 1 1 0 0 0 0 1 0 0 0 0 0 0 0 0 0 0 0 
0 0 76 61 52 126 160 231 372 518 674 895 1154 1389 1646 2052 2463 2836 3204 3671 4037 4428 4988 5304 5627 5897 6050 6192 6462 6282 6284 6162 5963 5675 5428 4961 4853 4453 3989 3673 3389 3122 2790 2459 2225 2041 1753 1539 1445 1292 1130 983 838 789 650 617 517 474 401 333 319 291 237 216 168 181 129 119 106 91 70 77 74 60 55 52 49 25 31 20 31 17 17 20 6 8 13 8 4 5 2 3 5 3 3 2 0 1 0 1 0 2 1 0 0 1 0 0 0 0 0 0 0 0 0 0 0 
0 0 73 59 57 93 165 185 295 415 551 684 956 1180 1354 1721 1984 2445 2884 3371 3819 4115 4745 5267 5351 5736 6119 6385 6338 6459 6572 6392 6106 5951 5563 5315 4975 4655 4290 3942 3608 3283 2952 2607 2424 2075 1890 1727 1468 1324 1192 1069 903 811 746 674 604 464 426 363 304 272 276 206 209 184 150 138 110 123 90 75 68 59 38 47 48 39 32 20 31 17 14 14 12 10 13 5 8 3 6 3 2 6 3 3 2 0 1 1 0 0 1 0 1 0 0 0 0 0 0 0 0 0 0 0 
0 0 49 58 62 105 179 222 266 373 436 452 744 927 1054 1431 1783 2023 2431 2957 3253 3703 4256 4589 4980 5366 5760 6027 6113 6343 6318 6310 6292 6152 5979 5581 5371 5013 4638 4444 4031 3623 3325 2906 2700 2364 2137 1910 1729 1619 1334 1217 1092 973 814 706 651 584 521 428 390 330 282 223 253 204 185 161 122 112 93 93 92 75 62 69 39 35 33 32 31 29 22 15 19 17 8 10 8 10 12 10 7 5 6 5 6 2 6 2 2 1 5 3 1 0 2 1 0 0 0 0 0 0 0 0 0 0 0 
0 0 75 54 51 222 199 270 366 529 556 783 1078 1184 1483 1908 2252 2613 3118 3476 3793 4470 4853 5218 5437 5958 6064 6214 6479 6266 6109 6226 6088 5638 5414 5217 4817 4522 4253 3894 3550 3198 2898 2596 2265 2074 1953 1657 1446 1270 1131 1063 891 817 698 637 549 490 430 391 322 290 280 212 206 191 151 138 104 98 77 63 73 55 35 41 40 39 28 22 24 31 14 18 11 12 10 9 11 12 6 11 7 5 2 6 4 2 5 1 2 0 1 1 1 1 2 0 0 1 0 1 1 1 0 1 1 0 0 1 0 0 0 0 0 0 0 0 0 1 0 
0 0 61 68 53 65 126 156 201 311 309 614 825 842 1123 1322 1648 2077 2468 2696 3166 3612 3964 4684 4926 5307 5546 5872 6187 6218 6413 6521 6203 6128 5885 5786 5448 5099 4852 4332 3929 3751 3374 3008 2762 2388 2188 2000 1741 1624 1377 1284 1034 991 856 757 666 587 508 445 423 340 331 298 250 206 195 176 160 132 117 94 91 87 70 52 61 53 42 29 33 23 26 22 20 10 10 10 9 9 6 6 7 2 4 3 2 7 3 2 3 3 2 2 2 2 0 1 2 0 2 1 0 2 0 1 1 1 1 0 0 1 0 1 0 0 0 0 0 0 0 0 0 0 0 
0 0 74 67 54 146 253 287 374 519 670 801 1071 1369 1757 1932 2398 2830 3200 3652 4250 4686 4941 5414 5615 6025 6204 6327 6293 6392 6417 6282 5929 5615 5416 5120 4718 4293 4060 3578 3464 2946 2710 2426 2193 1944 1759 1606 1365 1223 1086 961 840 798 664 627 510 444 419 390 298 268 252 219 162 172 142 149 100 88 85 77 49 60 59 34 38 35 29 22 24 28 15 17 14 18 7 4 8 6 9 6 6 5 0 3 0 2 1 3 1 2 1 1 0 0 0 0 0 0 1 1 0 0 0 0 0 0 0 0 1 0 0 
0 0 74 71 60 76 141 177 238 357 404 515 816 1070 1317 1613 1973 2350 2792 3240 3613 4148 4655 5105 5283 5743 6111 6171 6405 6585 6453 6393 6133 6076 5904 5409 5168 4834 4407 4162 3626 3314 2996 2768 2421 2188 1949 1770 1545 1331 1186 993 904 840 740 610 546 514 447 401 362 267 254 259 231 186 154 160 135 101 85 78 74 62 53 42 40 44 36 26 24 10 14 15 14 10 7 9 4 5 5 4 8 4 3 6 2 1 4 2 5 1 1 2 1 0 1 1 1 0 0 0 0 0 1 0 0 0 0 1 0 0 0 0 0 0 0 0 1 1 0 
0 0 63 70 69 101 180 232 251 570 638 733 1044 1207 1603 1861 2303 2641 3115 3554 4141 4299 4787 5278 5616 5980 6056 6442 6288 6429 6426 6144 5942 5783 5509 5107 4789 4480 4108 3844 3557 3117 2821 2524 2350 2016 1838 1608 1449 1281 1151 1004 823 717 669 574 562 464 413 364 257 254 260 196 213 147 159 133 105 95 75 89 66 47 52 38 42 40 24 21 25 19 18 18 15 15 11 4 5 7 13 3 4 3 0 2 6 1 3 5 0 3 1 0 1 0 1 0 1 0 0 1 0 0 0 0 1 1 0 0 0 0 0 0 0 0 0 0 0 
0 0 60 64 64 205 229 237 398 552 742 907 1191 1398 1760 2115 2491 2947 3404 3893 4318 4656 5194 5555 5742 6102 6328 6583 6409 6388 6212 6161 5909 5635 5282 4948 4578 4273 3855 3459 3299 3010 2668 2347 2141 1905 1712 1481 1269 1203 1048 915 848 771 616 568 502 412 372 284 268 276 215 181 163 139 120 111 70 80 99 67 48 43 45 35 27 35 27 29 13 15 15 11 10 8 8 8 5 6 5 3 5 3 2 2 2 1 0 1 0 1 1 0 0 1 0 0 0 1 0 0 1 0 0 0 0 0 0 0 0 0 0 0 
0 0 67 50 56 117 156 206 336 410 456 662 877 1034 1325 1565 1893 2129 2537 2978 3459 3923 4351 4951 5288 5557 6059 6183 6203 6513 6478 6424 6201 6139 5751 5523 5198 4792 4611 4008 3792 3430 3164 2931 2531 2265 1966 1845 1559 1433 1262 1115 899 841 738 643 570 510 440 374 346 311 250 235 222 165 156 135 129 106 92 90 83 78 55 50 48 29 30 38 26 27 23 14 15 8 14 9 5 13 9 9 2 9 2 1 3 3 1 2 2 2 0 0 0 1 1 0 0 0 0 1 1 0 0 1 0 0 0 0 0 0 0 0 0 0 0 
0 0 38 46 54 74 220 238 327 445 583 716 885 1201 1527 1863 2166 2555 2834 3433 3919 4236 4605 5042 5510 5607 6045 6196 6340 6402 6407 6238 5958 5730 5546 5271 4962 4571 4135 3967 3449 3287 2872 2682 2409 2138 1972 1672 1533 1322 1235 1030 912 833 762 648 567 507 470 378 310 280 272 261 202 162 155 134 121 76 102 61 69 64 49 43 45 41 40 26 22 15 19 11 13 19 13 9 7 9 8 3 9 4 4 4 0 1 11 4 1 0 1 2 0 2 0 2 0 0 0 0 1 1 0 0 1 0 0 0 0 0 0 0 0 0 0 0 
0 0 67 50 62 94 170 225 214 456 562 717 951 1228 1458 1814 2225 2470 2853 3510 3895 4262 4828 5122 5448 5800 6140 6362 6369 6408 6276 6326 5986 5725 5551 5383 4790 4557 4168 3863 3489 3228 2907 2680 2369 2117 1836 1724 1378 1354 1174 1020 837 801 702 631 484 517 408 332 321 276 260 220 166 184 156 126 118 93 97 73 61 50 44 44 47 31 45 23 20 25 17 14 13 13 15 7 10 2 7 7 8 6 4 6 3 0 0 3 0 1 1 0 0 0 1 0 1 0 0 0 0 0 1 0 0 0 0 0 0 0 0 0 0 0 
0 0 85 63 60 123 225 214 318 485 569 871 1065 1211 1477 1959 2102 2685 3167 3665 4092 4573 4935 5346 5609 5904 6150 6184 6416 6237 6381 6280 6016 5743 5464 5284 4884 4424 4211 3797 3373 3153 2811 2452 2236 1991 1713 1600 1399 1215 1123 967 889 727 652 619 548 478 382 325 301 283 221 206 173 156 150 104 112 86 74 76 64 66 51 40 50 32 21 24 22 21 16 20 10 9 8 13 8 4 2 4 6 3 3 3 1 0 2 0 1 2 1 1 0 0 0 0 0 0 0 1 0 0 0 0 0 0 0 0 0 0 0 
0 0 73 66 52 87 165 225 291 362 425 602 819 875 1292 1511 1940 2236 2490 2894 3461 3920 4305 4767 5158 5515 5869 6118 6226 6316 6485 6478 6382 6057 5878 5495 5142 5001 4618 4234 3945 3555 3163 2906 2599 2373 2128 1819 1683 1477 1263 1166 1027 898 825 707 633 572 438 401 385 335 280 248 219 179 168 165 136 109 94 90 71 82 56 46 47 35 38 29 24 15 16 18 16 14 16 6 6 7 6 4 7 2 2 5 3 3 3 3 2 3 1 2 0 1 2 1 2 0 0 0 0 0 0 0 0 0 0 0 
0 0 56 58 68 78 135 162 188 225 311 534 661 781 967 1295 1578 1882 2390 2667 3043 3646 4095 4445 4935 5164 5618 5813 6159 6316 6332 6335 6372 6110 6055 5652 5432 5140 4776 4424 4065 3707 3355 3150 2881 2563 2304 2069 1819 1658 1439 1284 1164 980 869 755 655 595 476 425 420 356 315 251 234 193 187 146 147 119 112 92 80 76 73 62 50 44 40 19 26 33 22 21 17 10 11 9 11 2 6 8 2 3 1 0 0 3 1 2 1 0 0 0 0 0 1 0 0 1 0 0 0 0 0 0 0 0 0 0 0 
0 0 61 64 56 159 171 183 372 415 486 758 868 1009 1304 1586 1915 2208 2748 2996 3562 3905 4337 4684 5109 5575 5822 5887 6186 6447 6361 6331 6043 5902 5750 5627 5021 4880 4606 4164 3711 3487 3138 2832 2605 2230 2099 1858 1631 1471 1275 1150 992 904 777 715 601 545 496 438 362 324 298 258 211 206 166 161 106 114 124 105 70 51 64 63 49 45 38 21 31 19 16 14 14 13 13 12 7 8 2 6 2 4 1 2 5 5 0 1 1 1 0 1 2 0 1 0 0 0 0 1 0 0 1 0 0 0 0 0 0 1 0 0 0 0 0 0 0 0 0 0 0 
0 0 76 53 41 81 116 307 354 445 547 754 885 1108 1453 1653 2095 2471 2721 3245 3770 4123 4527 4922 5271 5862 5883 6170 6552 6404 6303 6284 5977 5869 5653 5306 5006 4682 4336 3937 3675 3270 3046 2743 2392 2205 1964 1768 1550 1391 1251 1084 998 859 751 629 579 511 468 420 316 269 246 246 190 181 159 121 99 97 93 74 74 60 56 54 42 28 30 29 20 15 26 12 12 13 11 7 9 8 7 3 5 7 1 4 0 3 5 1 1 1 1 1 0 0 1 1 0 0 0 0 0 0 0 0 0 0 0 
0 0 60 45 55 102 135 162 225 327 451 593 754 1095 1326 1472 1764 2164 2543 3070 3398 3749 4358 4754 5133 5402 5733 5970 6239 6474 6407 6439 6194 6035 5889 5487 5198 4881 4520 4243 3845 3602 3238 2868 2602 2345 2114 1905 1642 1498 1293 1154 1052 888 812 716 597 531 481 441 358 321 280 245 241 189 178 157 128 126 98 97 92 77 44 55 53 45 38 46 31 20 11 17 15 10 12 11 15 6 7 9 7 4 9 2 3 5 2 1 0 1 1 0 1 0 1 1 1 0 1 0 1 1 0 1 1 0 1 0 0 0 0 0 0 0 0 0 0 0 
0 0 60 52 52 101 158 157 261 493 535 593 1030 1274 1478 1870 2201 2348 2912 3393 3826 4208 4644 5091 5447 5748 6083 6172 6383 6311 6402 6205 6093 5887 5631 5252 5008 4714 4368 3972 3662 3322 2887 2676 2271 2184 1916 1698 1450 1274 1142 1070 913 797 670 630 578 493 408 366 293 316 261 241 196 189 161 127 119 118 88 89 59 61 74 55 46 38 33 28 26 19 16 17 19 13 8 6 6 12 1 8 4 3 4 3 0 1 2 2 3 1 0 0 2 0 1 0 2 0 0 0 0 0 1 2 0 1 0 0 0 1 1 0 2 0 0 0 1 0 0 1 0 0 0 0 0 0 0 0 0 0 
0 0 73 76 52 124 160 169 237 335 397 561 660 791 1142 1391 1865 2121 2434 3054 3443 3790 4197 4622 4949 5530 5971 5988 6301 6458 6378 6511 6357 6086 5763 5566 5300 4890 4536 4224 3900 3588 3235 2930 2573 2312 2210 1867 1733 1478 1334 1144 1089 892 816 765 591 558 479 397 349 330 280 264 238 198 178 165 125 116 90 92 76 70 55 53 46 47 36 27 30 27 23 19 16 16 21 17 9 5 11 12 7 10 9 4 4 4 0 2 6 3 1 3 3 0 1 0 0 1 1 0 0 0 0 0 0 0 0 0 0 0 
0 0 60 73 63 133 151 230 404 498 672 800 1048 1282 1686 1940 2224 2783 3174 3644 4127 4539 4931 5470 5887 5970 6250 6393 6497 6375 6343 6228 5954 5788 5348 5089 4909 4371 4113 3752 3286 2983 2725 2428 2215 1971 1802 1532 1424 1186 1128 921 802 735 617 562 498 410 395 366 281 284 218 217 188 159 131 127 112 86 104 79 83 64 54 51 32 50 40 32 34 24 13 13 12 8 10 13 3 8 2 4 4 2 2 1 1 3 2 2 0 1 0 0 0 0 0 0 0 0 0 0 0 
0 0 61 57 53 160 165 201 299 378 507 725 867 937 1321 1653 1912 2246 2787 3147 3655 4085 4447 4983 5373 5657 5935 6319 6290 6479 6402 6286 5944 6175 5819 5354 5165 4743 4338 4112 3660 3397 3112 2800 2511 2198 2089 1775 1564 1442 1268 1087 981 840 772 694 585 516 446 400 365 323 265 251 194 156 156 140 136 103 87 68 76 63 45 53 36 31 28 11 23 17 15 8 12 9 10 8 10 3 4 5 2 4 4 4 0 3 1 1 3 1 1 2 0 1 0 0 0 0 0 0 1 0 0 0 0 0 0 0 0 1 0 0 
0 0 61 72 63 121 156 254 374 568 590 795 1073 1284 1552 1976 2276 2579 3079 3569 4006 4524 4802 5330 5672 5835 6281 6320 6460 6421 6331 6152 5892 5725 5461 5176 4790 4368 4148 3768 3515 3214 2888 2409 2326 2041 1807 1676 1433 1214 1140 1016 900 759 651 572 568 482 394 352 321 255 244 198 168 158 168 98 108 107 83 79 67 60 57 47 50 29 34 30 34 19 13 28 11 14 10 10 10 8 6 6 5 2 10 2 1 4 3 1 1 2 2 1 1 2 0 0 1 1 0 1 1 0 0 1 0 1 0 0 0 0 0 0 1 0 0 0 0 0 0 0 0 0 0 0 
0 0 51 53 53 118 154 145 271 414 418 591 806 973 1152 1491 1728 2086 2665 3012 3355 3991 4458 4705 5107 5544 5809 6086 6239 6376 6572 6433 6377 6056 5883 5598 5220 4978 4521 4290 3901 3525 3171 2894 2602 2386 2130 1876 1688 1451 1316 1102 1023 896 789 643 562 550 500 400 360 322 233 215 222 152 168 135 111 129 105 81 86 65 53 42 48 37 32 33 35 19 26 17 11 11 7 10 8 11 11 8 2 5 4 2 2 2 2 5 4 3 0 1 1 1 0 0 2 0 0 0 0 0 0 0 0 0 0 0 
0 0 64 49 65 141 147 182 285 318 534 762 955 1185 1369 1659 2037 2498 2800 3170 3624 4096 4629 4982 5323 5761 5935 6106 6407 6343 6383 6197 6135 5893 5456 5429 5057 4702 4514 3970 3604 3406 3110 2739 2563 2177 2021 1787 1594 1474 1162 1128 968 834 725 672 581 521 414 376 370 294 240 243 211 172 161 125 110 110 98 74 64 50 47 61 61 35 25 28 21 25 15 14 14 10 7 8 7 6 6 11 3 2 1 3 4 1 0 2 2 3 0 1 0 1 1 0 0 0 0 0 0 0 0 0 0 0 
0 0 52 49 36 91 137 164 201 343 372 511 756 831 1030 1400 1736 1959 2347 2720 3075 3654 4150 4409 4909 5329 5658 5877 6182 6142 6393 6382 6343 6064 5766 5794 5436 5088 4694 4362 4053 3639 3387 3049 2798 2529 2216 2021 1801 1522 1415 1238 1068 970 865 786 656 556 561 455 404 406 309 229 238 219 199 161 132 106 114 103 79 56 67 63 48 46 47 41 33 30 19 12 18 16 12 16 9 9 5 2 7 2 4 2 2 2 3 1 1 1 1 0 1 1 0 0 0 0 1 0 0 1 0 0 0 0 0 0 0 0 0 0 0 
0 0 74 56 49 127 160 191 235 301 400 589 821 876 1134 1440 1649 1961 2346 2822 3229 3765 4161 4690 4992 5266 5658 5927 6128 6240 6474 6385 6309 6146 5943 5537 5253 5049 4770 4407 3991 3690 3279 2961 2682 2505 2235 1896 1782 1568 1358 1226 1088 935 856 713 644 562 505 413 401 333 313 264 248 195 185 161 121 118 112 112 93 56 57 57 50 58 40 38 32 31 22 22 23 17 18 12 13 7 1 10 6 10 9 5 3 3 4 3 5 2 3 4 1 3 2 0 0 1 1 0 0 1 0 0 0 0 0 0 0 0 0 0 0 
0 0 63 53 60 88 148 192 226 315 467 641 754 1045 1338 1575 1769 2147 2638 3050 3418 3992 4385 4835 5208 5478 5750 5982 6261 6358 6297 6298 6241 6150 5928 5678 5371 4899 4663 4218 3898 3528 3211 2898 2623 2277 2125 1890 1654 1443 1293 1124 978 936 777 682 632 553 445 439 320 341 303 241 202 180 158 147 135 100 98 75 68 73 53 46 56 28 31 37 18 17 21 17 18 13 11 14 7 12 8 6 5 7 2 3 2 2 1 1 2 1 1 0 0 0 1 0 0 0 0 1 0 0 0 0 0 0 1 0 0 0 0 0 0 0 0 0 0 0 
0 0 59 69 37 81 130 147 179 359 375 476 645 831 1095 1416 1757 2013 2481 2881 3252 3669 4078 4434 5065 5276 5520 5755 6154 6315 6280 6263 6235 6145 6002 5770 5451 5169 4842 4420 4099 3808 3434 3124 2778 2505 2180 2033 1802 1593 1436 1214 1172 985 823 731 684 566 508 442 404 354 305 236 247 215 163 167 137 133 108 105 85 74 58 67 45 40 48 24 37 43 20 16 20 10 8 14 13 8 4 4 4 3 4 2 2 3 2 2 2 1 1 3 0 0 2 2 0 1 0 1 0 2 1 0 0 1 0 0 0 0 0 0 0 0 0 0 0 
0 0 58 49 45 75 172 196 255 413 536 744 907 1137 1462 1717 2102 2420 2927 3153 3716 4222 4654 5071 5370 5714 6147 6207 6288 6393 6251 6305 6255 5862 5592 5402 4862 4719 4307 3996 3649 3347 2953 2735 2369 2137 1943 1790 1506 1428 1176 1103 976 783 757 656 571 513 437 366 359 306 223 243 207 170 159 146 143 89 91 89 80 69 68 55 32 38 40 30 29 31 26 18 17 13 7 15 11 9 11 13 9 6 1 4 3 7 2 2 2 6 1 4 4 0 1 1 2 1 1 1 0 2 1 0 0 0 1 0 1 0 3 0 0 0 0 1 0 0 0 0 0 0 0 0 0 1 0 
0 0 60 46 49 70 105 175 241 350 421 600 814 1028 1298 1587 1935 2259 2759 3136 3495 4135 4529 4884 5177 5750 6006 6223 6329 6360 6416 6338 6071 5854 5776 5410 5214 4738 4486 4077 3657 3388 3086 2689 2569 2287 2056 1806 1534 1442 1278 1077 945 901 808 663 584 533 437 420 362 303 269 248 230 184 160 148 139 113 91 77 76 73 62 55 39 41 34 26 18 26 25 14 9 14 14 18 10 5 11 6 8 4 4 5 4 7 1 4 5 3 1 1 3 2 2 2 1 0 0 0 1 1 0 0 0 0 0 1 0 0 0 0 0 0 0 0 0 0 0 
0 0 80 62 57 91 175 216 269 442 539 678 883 1063 1278 1565 1977 2300 2573 3056 3517 3994 4452 4822 5197 5464 6015 6178 6389 6495 6419 6355 6311 6183 5890 5526 5209 4851 4547 4192 3872 3448 3100 2817 2469 2253 1896 1764 1578 1380 1183 1094 994 831 699 649 540 486 457 380 305 288 245 255 199 168 163 124 118 90 80 80 80 64 53 50 40 26 29 26 29 14 19 13 15 8 12 6 6 8 8 2 8 5 3 2 4 4 4 2 1 3 1 1 1 0 0 1 0 0 1 2 0 0 0 1 0 0 1 0 0 0 0 0 0 0 0 0 0 0 
0 0 70 59 63 96 86 174 238 241 319 425 518 688 873 1208 1474 1744 2183 2603 2969 3412 3825 4303 4831 5131 5614 5884 6181 6453 6324 6506 6431 6316 5972 5852 5587 5339 4943 4581 4187 3817 3467 3096 2878 2622 2251 2114 1882 1600 1479 1259 1155 1013 929 751 723 616 528 475 432 378 361 284 263 219 172 176 161 152 117 106 99 78 70 58 62 42 52 42 30 41 23 16 12 21 9 20 16 9 6 9 6 5 7 2 3 4 1 1 1 3 3 0 1 3 0 2 0 0 1 0 0 0 1 0 0 0 0 0 1 0 0 0 0 0 0 0 0 0 0 0 
0 0 69 54 66 111 148 155 257 425 461 721 898 1222 1377 1712 2117 2541 2933 3305 3693 4232 4648 5070 5400 5659 6029 6229 6288 6455 6352 6204 6121 5735 5729 5296 5091 4760 4214 4069 3664 3282 2987 2689 2472 2119 1879 1721 1547 1418 1248 1047 920 816 733 641 555 515 437 377 328 275 274 255 210 165 156 122 93 110 99 73 70 47 40 39 39 28 20 29 29 25 13 11 14 10 13 14 5 7 5 7 8 2 2 8 2 6 4 3 4 0 3 3 0 3 1 0 0 0 0 0 0 1 0 0 0 0 0 0 0 0 0 0 0 
0 0 61 60 45 122 172 233 299 343 475 648 868 1089 1291 1675 2031 2596 2913 3204 3825 4161 4467 5099 5313 5672 5865 6164 6225 6425 6206 6303 6138 5895 5662 5423 4995 4596 4363 3999 3679 3278 3036 2650 2483 2223 1973 1772 1527 1435 1249 1114 899 853 796 622 588 530 449 360 356 293 265 231 194 178 152 126 115 97 81 94 62 65 47 44 55 37 32 22 22 16 18 19 14 17 13 14 9 4 10 10 5 5 8 2 3 3 6 2 0 3 3 0 2 1 1 0 2 0 1 1 0 0 0 0 0 1 0 0 0 0 0 1 0 0 0 0 0 0 0 0 0 0 0 
0 0 80 87 65 212 277 277 402 712 818 1107 1292 1600 2052 2367 2868 3033 3501 4124 4589 4941 5312 5716 6004 6230 6299 6517 6396 6353 6284 5922 5811 5543 5123 4813 4521 4037 3667 3388 3064 2865 2523 2234 2009 1725 1605 1399 1225 1071 979 844 736 611 550 504 464 386 367 310 267 237 221 180 187 148 112 96 103 77 74 72 55 47 32 32 25 35 22 23 14 22 10 13 7 6 8 4 3 6 2 2 2 6 4 2 1 2 2 1 1 1 1 3 1 2 0 0 0 2 2 0 1 1 0 0 1 0 1 0 0 0 1 0 0 0 0 0 0 0 0 0 0 0 
0 0 61 60 53 82 167 177 282 483 521 712 864 1098 1309 1669 1972 2303 2864 3184 3565 4073 4579 4941 5378 5688 5956 6198 6229 6466 6529 6309 6340 6021 5608 5475 5189 4639 4406 4038 3815 3443 3022 2751 2389 2188 2047 1761 1542 1424 1249 1061 874 823 738 592 571 474 424 358 321 325 273 211 187 193 126 127 92 113 94 72 75 51 55 51 35 35 40 31 24 19 16 13 17 17 8 6 10 12 7 5 7 7 6 6 5 5 4 4 3 3 0 4 2 0 2 1 0 0 1 0 0 0 0 0 0 0 0 0 0 0 
0 0 79 53 48 319 354 344 571 767 963 1256 1472 1618 1908 2561 2768 3220 3739 4129 4527 4954 5340 5864 6031 6251 6400 6392 6293 6350 6135 5842 5741 5422 5104 4857 4200 4173 3708 3341 3038 2724 2522 2254 2025 1714 1459 1394 1192 989 815 793 726 605 538 453 374 366 314 260 239 227 168 160 147 108 99 87 70 62 57 54 51 44 37 33 14 16 23 15 17 15 16 11 4 3 6 6 2 3 4 2 5 3 4 5 0 2 0 3 0 2 0 2 0 0 0 0 0 0 1 0 0 0 0 0 0 0 0 0 0 0 
0 0 63 60 51 131 167 163 232 331 431 745 894 1167 1347 1688 2001 2419 2912 3196 3627 4136 4549 5000 5272 5629 6039 6187 6309 6370 6321 6276 6319 5790 5615 5422 5166 4663 4391 4041 3591 3412 3045 2742 2461 2209 1969 1743 1520 1395 1249 1062 1008 808 771 680 554 524 480 424 348 318 278 203 222 211 172 135 101 101 89 83 60 57 44 36 50 29 40 26 29 28 20 15 19 15 11 9 8 8 9 4 2 4 3 4 0 1 2 0 0 1 2 2 0 0 1 0 1 0 0 0 0 0 0 0 0 0 0 0 
0 0 47 65 49 90 154 240 340 359 548 753 939 1139 1501 1878 2056 2483 2907 3415 3965 4359 4761 5108 5768 5867 5995 6222 6462 6520 6386 6103 5964 5847 5499 5250 4951 4547 4255 3863 3495 3047 2887 2652 2313 2034 1857 1574 1481 1374 1153 1035 968 801 720 653 581 482 447 396 332 287 272 206 203 188 125 142 115 110 93 68 73 51 48 39 36 44 22 35 22 18 23 14 11 9 8 11 5 6 4 7 3 2 5 3 1 4 3 1 1 1 2 1 1 1 3 0 0 1 0 0 0 1 0 0 0 0 1 0 0 0 0 0 0 0 0 0 0 0 
0 0 54 59 58 106 214 243 290 565 634 707 1046 1273 1561 1912 2154 2691 3070 3535 3919 4322 4828 5259 5744 5854 6066 6276 6430 6461 6247 6017 6008 5709 5468 5198 4886 4494 4047 3802 3501 3038 2908 2553 2275 2049 1860 1578 1439 1255 1146 1009 917 778 668 613 525 477 376 385 331 276 231 222 193 149 147 149 128 87 86 68 82 63 53 47 38 50 35 30 20 27 17 21 6 7 14 13 10 4 6 3 5 3 2 3 1 1 2 1 1 0 1 1 0 0 1 0 0 0 0 1 0 0 0 0 0 0 0 0 1 0 0 
