0 0 0 25 81 105 96 61 70 144 282 482 594 631 598 740 1119 1479 1825 2100 2184 2455 2857 3293 3713 4103 4340 4520 4903 5248 5625 5998 5804 5806 5876 5830 5813 5598 5330 5287 4894 4537 4221 3980 3715 3355 3078 2785 2537 2245 2055 1815 1659 1525 1268 1228 1063 930 868 730 636 595 493 463 424 400 279 278 237 214 190 164 128 130 102 97 85 82 67 57 47 47 34 37 23 28 22 16 16 11 11 8 5 9 3 3 3 4 2 1 2 4 1 1 1 1 1 1 1 0 0 0 0 1 0 0 0 0 0 0 0 0 0 0 0 0 
0 0 0 52 126 176 163 136 230 389 585 707 794 884 1039 1381 1805 2144 2471 2510 2922 3191 3808 4235 4622 4678 5052 5183 5520 5766 5826 5967 5773 5851 5588 5555 5269 5066 4813 4550 4104 3839 3571 3430 3064 2739 2464 2193 2075 1840 1641 1442 1310 1137 1032 938 788 687 679 535 512 433 407 357 314 266 229 224 198 156 150 128 106 99 90 66 74 75 52 41 33 38 41 30 27 26 11 16 22 12 10 13 6 9 7 4 3 7 5 7 2 1 2 0 3 1 2 4 0 0 0 1 2 3 4 0 1 1 1 1 0 1 0 0 0 0 0 0 0 0 0 0 0 0 
0 0 0 20 80 117 97 71 66 151 239 409 483 621 846 1104 1289 1472 1631 1905 2259 2632 3130 3405 3786 4070 4322 4818 5128 5378 5594 5710 5758 5713 5832 5769 5761 5421 5260 4981 4792 4473 4185 3902 3676 3231 3040 2647 2460 2250 1960 1858 1538 1420 1374 1133 1009 876 768 684 651 577 549 440 396 318 326 272 242 205 183 156 143 131 102 93 89 85 65 50 50 55 38 35 32 35 18 16 25 19 12 9 9 10 6 5 8 4 4 5 6 7 4 6 2 4 3 3 5 2 1 0 1 0 2 3 2 3 1 1 0 1 0 0 0 1 0 0 4 1 1 0 1 0 0 0 1 0 0 0 1 0 
0 0 0 28 85 106 90 80 81 179 307 418 490 614 772 957 1070 1340 1603 1932 2248 2434 2762 3286 3657 4000 4281 4768 4984 5316 5665 5611 5897 5882 5987 5970 5732 5557 5297 5093 4860 4621 4355 3888 3639 3350 3101 2785 2554 2334 2049 1854 1679 1539 1273 1192 1112 891 810 753 674 598 500 463 358 358 314 273 258 212 178 160 137 156 115 100 103 80 85 55 66 57 40 35 33 31 25 20 26 14 16 17 8 10 14 10 6 11 6 4 6 10 1 4 3 6 0 2 1 1 2 1 0 4 0 0 0 0 1 0 1 0 0 0 0 0 0 0 0 0 0 0 0 
0 0 0 24 90 91 83 73 104 244 322 410 453 554 798 1133 1322 1563 1692 1874 2230 2639 3052 3470 3584 3866 4472 4860 5224 5303 5595 5692 5898 5829 5756 5705 5498 5498 5167 4923 4599 4549 4072 3769 3544 3241 2950 2733 2474 2212 1984 1786 1567 1453 1322 1152 1044 878 840 795 608 581 531 446 431 390 318 282 267 233 229 160 143 141 116 98 89 76 88 71 72 44 42 34 42 36 22 28 27 18 13 18 8 15 10 7 9 2 7 5 2 10 2 6 1 2 1 4 1 2 1 1 1 0 0 2 1 2 1 2 1 0 1 2 0 0 1 0 0 0 0 0 0 0 0 0 0 0 0 
0 0 0 11 72 87 82 55 79 179 314 394 472 496 647 860 1226 1415 1666 1811 2150 2574 2923 3308 3666 4016 4374 4627 4852 5258 5664 5698 5710 5824 5764 5924 5790 5522 5213 5158 4727 4552 4478 3966 3674 3398 3100 2728 2495 2333 2119 1894 1677 1410 1300 1189 1052 886 867 745 685 544 493 489 397 358 298 273 236 203 176 167 144 148 103 108 100 76 78 42 50 59 43 40 39 30 20 25 20 15 18 10 12 8 4 6 3 8 8 5 0 4 1 3 4 4 3 3 1 1 2 1 2 0 0 3 1 0 0 1 0 0 0 0 0 0 0 0 0 0 0 0 
0 0 0 27 58 87 72 57 51 125 288 433 460 456 441 578 814 1258 1481 1642 1697 2000 2459 3071 3475 3714 3978 4353 4648 5241 5362 5547 5657 5755 5893 5742 5966 5801 5558 5451 5031 4867 4487 4288 4051 3783 3429 3016 2720 2547 2400 2056 1891 1554 1481 1327 1231 1038 921 840 736 588 598 531 460 392 313 327 267 253 200 187 155 168 133 121 92 76 79 64 60 57 39 41 31 27 26 27 18 19 25 10 15 14 11 5 7 7 5 3 3 2 2 4 0 1 1 1 1 1 2 0 2 0 1 0 0 0 0 1 1 0 0 0 0 0 0 0 0 0 0 0 0 
0 0 0 25 75 99 105 64 69 121 234 363 420 373 369 412 662 990 1242 1377 1464 1730 2104 2443 2975 3296 3532 3974 4201 4598 4929 5327 5554 5701 5669 5794 5868 5886 5688 5672 5281 5066 4809 4632 4397 4006 3628 3368 3156 2890 2544 2347 2007 1843 1733 1533 1392 1205 1104 940 867 724 695 600 543 502 425 387 334 296 284 227 202 154 139 138 150 103 93 80 60 68 61 53 43 36 37 28 24 29 23 26 14 13 15 18 13 3 6 10 12 8 8 11 2 3 5 6 1 4 1 1 3 2 1 0 2 1 0 0 1 0 1 2 1 0 1 0 0 0 1 2 0 0 0 0 0 0 0 0 0 0 
0 0 0 18 65 82 71 66 87 144 229 290 419 498 537 695 913 1212 1442 1674 1941 2242 2462 2942 3214 3631 3989 4407 4712 4936 5222 5593 5753 5899 5871 5860 5811 5897 5579 5421 5037 4848 4636 4383 4061 3608 3405 3121 2764 2579 2371 2091 1891 1682 1504 1333 1144 1042 979 809 729 627 577 508 492 391 352 308 271 255 190 193 158 138 139 113 104 99 83 60 55 57 50 44 36 28 25 18 25 19 17 6 11 8 11 12 12 4 2 3 4 2 7 4 3 0 4 5 3 1 2 4 2 4 1 2 0 1 1 0 0 0 0 0 0 0 0 0 0 0 0 
0 0 0 32 96 119 108 89 125 254 412 565 656 745 919 1097 1404 1608 1965 2316 2499 2936 3214 3650 4099 4438 4790 4889 5372 5389 5906 5841 5957 5931 5787 5773 5664 5324 4994 4840 4543 4062 3953 3630 3276 3030 2687 2502 2231 2091 1807 1701 1487 1315 1233 1103 901 820 773 679 571 525 487 397 353 329 319 231 202 204 155 178 138 128 115 86 81 68 68 47 46 47 45 24 22 28 27 22 26 11 13 13 8 11 10 7 7 7 4 13 4 5 1 3 2 4 2 4 1 1 0 2 0 0 1 1 0 1 0 0 0 0 0 0 0 0 0 0 0 0 
0 0 0 18 77 101 95 61 73 159 278 453 483 557 693 865 1141 1430 1743 1972 2203 2606 3074 3352 3663 3962 4305 4882 5303 5308 5571 5845 5840 6102 6038 6044 5669 5571 5314 5079 4827 4586 4161 3916 3572 3334 3140 2776 2536 2247 1935 1804 1576 1381 1288 1104 1043 912 791 660 659 520 484 409 383 329 288 258 224 218 165 190 135 126 114 110 92 85 71 56 64 47 43 31 32 25 25 31 22 20 9 18 9 9 10 12 7 6 6 5 7 2 5 6 1 4 2 0 3 3 0 0 1 1 1 0 0 0 0 0 0 0 0 0 0 0 0 
0 0 0 29 76 85 81 51 62 130 293 422 512 587 536 615 906 1217 1627 1761 2062 2370 2639 3088 3468 3838 4121 4601 4845 5041 5398 5633 5566 5775 5980 5935 5736 5684 5360 5154 5018 4659 4336 4076 3809 3545 3206 2903 2680 2457 2266 1975 1757 1636 1451 1298 1204 1015 927 816 698 643 566 519 453 401 415 323 250 235 232 185 163 137 144 125 114 85 86 66 71 57 60 55 51 35 44 26 16 25 14 20 9 13 11 5 7 12 5 3 2 2 5 1 3 1 2 2 1 2 0 1 1 0 0 1 2 1 0 0 0 1 0 0 0 0 0 0 0 0 0 0 0 0 
0 0 0 23 75 120 105 59 82 168 303 408 371 389 467 640 933 1274 1286 1546 1907 2291 2748 2930 3192 3436 3960 4454 4937 5095 5070 5441 5619 5914 6062 6015 5710 5629 5516 5440 5182 4981 4517 4196 3951 3643 3369 3041 2776 2364 2242 2046 1843 1634 1523 1311 1165 969 952 788 713 661 578 479 457 386 354 287 265 231 210 180 157 142 130 106 117 82 67 68 62 51 42 36 38 33 29 32 16 20 19 17 14 8 5 14 8 5 6 5 8 4 2 2 0 2 2 0 0 0 2 1 0 0 0 0 0 0 1 0 0 0 0 0 1 0 0 0 0 0 0 0 0 0 0 0 0 
0 0 0 34 73 99 91 67 111 197 349 459 487 540 731 962 1228 1449 1649 1894 2359 2631 3030 3364 3827 4190 4610 4864 5119 5337 5534 5961 5982 5927 5840 5852 5634 5590 5416 4938 4752 4440 4134 3813 3658 3333 2923 2589 2411 2305 2034 1780 1590 1502 1251 1127 1016 897 813 667 609 531 428 429 400 326 281 242 223 209 181 150 150 142 113 101 97 92 57 53 47 52 40 34 27 15 22 23 22 18 14 15 6 7 10 10 12 7 5 3 4 3 4 1 1 2 3 0 2 3 2 0 0 1 3 0 1 0 0 2 0 0 0 0 0 0 0 0 0 0 0 0 
0 0 0 21 85 98 89 70 77 163 310 510 662 719 769 932 1249 1620 1941 2119 2281 2603 3041 3502 3856 4121 4460 4768 5025 5433 5626 5762 5747 5675 5698 5789 5667 5529 5202 4929 4680 4343 4172 3779 3486 3331 2985 2717 2369 2335 1980 1883 1659 1430 1246 1186 1097 937 788 732 631 554 508 440 405 344 325 288 228 222 151 159 153 129 117 98 77 65 72 47 69 32 41 28 30 17 22 22 11 21 13 8 8 9 6 4 6 3 6 9 3 3 0 2 0 0 0 1 1 0 0 0 0 0 0 1 0 0 0 0 1 0 0 0 0 0 0 0 1 0 0 0 0 1 0 1 1 0 0 0 0 0 
0 0 0 24 78 97 87 62 95 227 402 586 595 595 691 977 1377 1752 1871 1893 2224 2468 3042 3492 3880 4216 4507 4599 5031 5420 5566 5866 5775 5837 5773 5741 5599 5407 5200 4975 4763 4470 4173 3782 3647 3190 2985 2667 2424 2239 2049 1810 1635 1398 1297 1146 987 913 833 674 663 565 484 449 392 355 321 298 251 239 165 158 133 128 111 90 94 73 69 54 52 54 42 41 33 30 32 27 18 19 18 9 12 11 5 5 7 9 4 6 5 1 3 3 2 3 2 1 0 2 0 9 0 1 3 4 4 0 1 0 1 1 1 0 0 0 0 0 1 0 1 0 0 0 1 0 0 0 0 0 0 0 
0 0 0 27 84 97 99 86 142 201 304 378 503 594 741 983 1164 1507 1933 2179 2439 2671 3121 3673 4002 4386 4842 4984 5119 5362 5627 5840 6031 5897 5906 5709 5518 5352 5258 4922 4651 4373 4002 3755 3519 3119 2946 2666 2427 2238 1954 1669 1613 1371 1271 1143 1021 896 803 705 632 583 474 411 409 330 311 264 220 202 169 151 144 129 110 91 91 66 73 44 48 34 30 41 31 36 25 16 8 12 14 13 4 8 5 5 4 5 7 2 2 1 0 0 5 3 1 1 1 2 1 0 1 1 1 0 0 1 0 0 0 0 1 0 0 0 0 0 0 0 0 0 0 0 0 
0 0 0 26 80 95 89 59 80 210 367 482 482 482 612 780 1045 1233 1515 1648 1950 2204 2684 3092 3341 3586 3985 4312 4742 5134 5541 5524 5754 5840 5823 5971 5798 5767 5537 5225 5097 4719 4524 4153 3732 3560 3242 3002 2794 2470 2141 1964 1789 1646 1413 1312 1116 998 887 821 692 621 535 536 455 428 333 319 262 242 218 191 173 140 119 114 111 90 90 65 56 54 43 45 42 40 24 17 22 17 13 18 15 10 7 6 5 4 2 11 3 3 0 1 3 2 2 1 0 2 0 0 0 0 0 0 0 0 0 0 0 0 
0 0 0 32 77 112 99 73 65 137 286 423 521 554 525 695 926 1227 1507 1657 1885 2131 2556 3021 3421 3519 3832 4229 4633 5062 5342 5726 5642 5661 5780 5886 5788 5766 5498 5216 5068 4742 4458 4213 4011 3609 3321 2957 2715 2565 2299 2031 1904 1590 1521 1349 1185 1015 920 849 745 653 589 515 436 396 358 308 291 261 240 189 163 164 145 110 108 102 66 67 81 55 43 35 48 25 20 28 20 17 24 12 19 14 7 9 9 12 7 6 4 5 6 8 4 3 3 7 4 4 2 1 2 3 2 2 2 0 2 4 0 1 1 0 1 2 1 0 0 2 0 0 1 1 0 0 0 1 0 0 1 0 
0 0 0 26 75 98 72 49 72 167 345 517 579 560 532 782 1092 1548 1758 1799 1882 2278 2760 3299 3789 4046 4150 4374 5036 5363 5689 5643 5755 5859 5829 5748 5879 5541 5509 5034 4939 4600 4299 4002 3737 3405 3158 2825 2614 2286 2191 1883 1733 1545 1338 1250 1050 980 864 774 676 563 533 485 448 375 353 321 250 231 196 197 153 131 117 144 89 78 74 73 51 43 60 36 35 37 17 31 26 17 12 20 12 13 5 9 8 7 4 8 14 2 2 2 3 2 2 0 1 2 3 1 0 0 2 3 1 0 0 0 0 0 1 0 0 0 0 0 0 0 0 0 0 0 0 
0 0 0 27 91 104 99 54 70 149 343 495 626 586 695 889 1108 1278 1517 1834 2005 2425 2734 2976 3513 3923 4261 4685 4860 5136 5322 5661 5703 5842 5666 5687 5761 5675 5391 5142 4861 4653 4443 4100 3777 3532 3264 2857 2675 2443 2140 1946 1769 1608 1332 1268 1204 1051 866 770 654 641 575 505 413 401 325 262 258 252 219 170 146 150 132 120 98 77 66 73 45 53 47 52 22 42 33 26 24 12 17 9 13 13 4 7 10 7 4 5 5 5 5 3 4 6 2 0 2 2 3 2 0 2 0 0 2 1 0 1 1 0 0 0 2 0 0 1 0 0 0 0 0 0 0 0 0 0 0 0 
0 0 0 32 63 117 102 60 85 204 394 549 619 619 771 996 1200 1522 1800 2047 2340 2591 2922 3389 3874 4225 4633 4827 5131 5246 5531 5946 6095 5965 5944 5637 5708 5525 5302 5134 4736 4485 4075 3769 3503 3336 3085 2655 2440 2157 1966 1689 1625 1438 1299 1175 1115 877 840 695 621 572 526 467 366 348 289 279 239 246 186 161 132 135 116 98 97 71 80 60 54 42 42 38 29 20 25 20 13 14 14 7 11 11 11 10 4 1 3 4 5 2 2 1 3 1 0 0 1 1 0 0 0 0 0 0 0 0 0 1 0 0 
0 0 0 35 82 132 111 66 145 328 583 683 764 768 849 1162 1563 1985 2197 2324 2522 2858 3490 3891 4157 4373 4609 4903 5203 5653 5904 5908 5712 5724 5661 5541 5413 5313 5075 4607 4335 4039 3834 3527 3238 2935 2694 2399 2197 2066 1856 1614 1388 1346 1157 989 911 808 727 625 582 482 422 382 357 308 287 224 225 191 181 167 119 126 95 85 82 63 52 53 54 35 40 30 22 28 16 20 14 18 14 15 8 8 9 9 11 6 4 4 5 2 4 1 4 1 2 1 1 2 0 1 0 0 1 2 0 0 0 0 0 1 0 1 0 0 0 0 0 0 0 0 0 0 0 0 
0 0 0 24 64 95 94 45 70 131 295 413 419 388 437 620 849 1114 1297 1520 1763 2030 2506 2871 3327 3539 3962 4181 4598 4967 5302 5565 5758 5878 6002 5898 5686 5683 5639 5529 5215 4922 4718 4220 4015 3737 3464 3021 2788 2522 2355 2084 1896 1623 1479 1354 1240 1107 945 810 741 654 542 564 467 407 384 312 298 264 207 208 178 133 148 132 109 101 77 79 79 71 41 41 39 35 47 26 25 21 17 23 11 25 12 10 11 9 9 6 6 5 4 6 2 4 5 3 2 1 4 1 1 1 2 1 0 0 1 1 0 0 0 0 0 0 0 0 0 0 0 
0 0 0 21 75 102 64 58 64 193 397 536 539 538 588 866 1121 1492 1672 1867 2197 2512 2898 3459 3733 4081 4306 4729 4996 5498 5650 5745 5777 5890 5875 5829 5672 5515 5291 4991 4863 4548 4273 3824 3627 3355 2973 2745 2371 2183 2038 1834 1690 1493 1284 1134 1010 899 885 763 654 585 489 453 378 360 321 283 225 226 196 175 143 117 122 117 93 81 71 75 67 39 36 52 39 38 17 19 19 14 13 13 22 9 9 12 5 7 6 7 5 4 1 1 8 6 0 4 3 3 0 1 3 2 1 2 0 0 0 3 1 0 0 0 0 0 0 0 0 0 0 0 0 
0 0 0 27 71 97 95 78 104 221 312 352 381 404 512 788 1048 1462 1573 1785 1984 2347 2711 3198 3533 3908 4040 4438 4857 5395 5473 5492 5771 5594 5834 5851 5762 5706 5481 5186 4881 4727 4401 4149 3741 3535 3191 2955 2676 2457 2214 2029 1809 1611 1432 1289 1129 996 859 812 725 645 540 520 448 407 360 288 289 227 210 206 184 133 141 104 124 104 68 62 56 58 66 45 36 23 22 30 18 21 17 9 11 12 15 8 12 4 3 7 4 8 5 0 1 3 2 2 4 1 0 2 1 2 3 1 0 1 1 1 0 0 2 0 0 1 0 0 0 1 1 0 0 0 0 0 1 0 0 0 0 0 
0 0 0 24 76 89 94 78 89 200 324 501 588 546 545 671 990 1406 1665 1792 1798 2107 2615 3102 3746 4055 4065 4415 4948 5224 5722 5982 5889 5992 5849 5918 5943 5716 5423 5138 4901 4695 4378 4015 3629 3387 3137 2884 2642 2363 2106 1838 1755 1557 1327 1269 1061 972 856 738 640 622 514 460 422 362 340 297 236 202 205 174 151 135 127 104 89 72 71 72 46 52 52 40 29 39 32 27 28 19 13 5 19 12 9 11 8 9 5 5 3 1 2 0 2 2 0 1 0 0 2 1 1 0 0 1 0 0 0 1 0 0 1 0 0 1 0 0 0 0 2 1 0 0 0 0 1 1 0 0 0 0 
0 0 0 21 71 86 98 65 77 164 285 396 566 606 609 883 1163 1365 1596 1838 2001 2291 2716 3254 3729 4163 4312 4454 4888 5293 5491 5787 5818 5840 5862 5873 5773 5641 5336 5144 4895 4725 4292 4019 3710 3325 3082 2906 2568 2278 2051 1853 1724 1557 1406 1218 1093 983 840 757 701 619 569 506 357 397 298 317 240 229 176 174 131 151 114 114 90 66 75 57 56 52 48 45 29 22 25 28 19 14 19 12 11 15 9 7 14 8 9 2 5 7 5 0 1 4 2 4 1 1 0 3 0 2 1 0 1 0 1 0 0 0 0 0 0 0 0 1 0 0 0 
0 0 0 17 59 98 86 53 59 102 221 307 405 452 507 622 787 1043 1264 1398 1765 1974 2278 2566 3033 3318 3914 4203 4494 4821 5158 5369 5454 5670 5832 5844 5794 5629 5498 5482 5184 4989 4675 4315 4161 3943 3479 3193 2948 2729 2576 2279 1997 1802 1571 1476 1334 1166 1021 960 832 727 667 599 491 427 379 362 313 258 252 188 203 176 150 131 121 101 106 82 67 58 54 36 51 42 27 27 21 34 16 24 12 12 11 10 14 13 5 7 12 5 2 4 4 6 2 2 5 0 1 1 0 1 1 3 1 1 0 1 2 0 0 0 0 1 1 0 1 0 0 0 0 0 0 1 0 0 1 0 0 0 
0 0 0 34 88 81 98 63 80 157 264 382 432 433 519 730 867 1207 1460 1698 2042 2249 2464 2934 3288 3631 3988 4326 4671 4993 5189 5485 5751 5750 5939 5816 5748 5570 5498 5270 5018 4716 4589 4321 3879 3520 3478 3122 2749 2631 2237 2081 1835 1743 1449 1292 1177 995 955 887 799 689 566 545 463 467 367 331 299 273 234 207 190 162 148 122 95 94 83 95 63 71 45 45 35 46 28 36 23 25 21 18 12 17 7 18 7 7 11 10 6 10 7 1 9 8 1 4 1 0 2 3 2 1 0 0 1 0 0 0 0 1 0 0 0 0 0 0 0 0 0 0 0 0 
0 0 0 27 75 93 67 61 96 183 282 375 399 469 571 714 1009 1361 1575 1851 1928 2310 2590 2967 3452 3892 4109 4417 4670 4978 5361 5577 5705 5805 5742 5778 5801 5553 5503 5195 5066 4831 4569 4128 3876 3524 3320 3038 2807 2425 2202 2055 1810 1635 1472 1346 1161 1004 974 867 752 619 587 487 476 385 354 310 252 229 201 171 159 148 127 108 116 94 78 53 58 57 39 39 38 44 14 23 19 21 14 10 9 4 8 10 5 2 4 6 5 1 1 2 2 1 2 0 0 0 1 0 1 1 0 0 1 1 0 0 0 0 0 0 0 1 0 0 0 0 0 0 0 0 0 0 0 0 
0 0 0 29 60 90 109 71 69 157 306 491 559 547 504 680 988 1399 1721 1913 1919 2189 2654 3153 3727 3948 4186 4452 4735 5286 5638 5745 5718 5940 5786 5776 5724 5653 5481 5135 4885 4777 4327 4054 3682 3371 3154 2918 2581 2422 2211 1966 1768 1503 1423 1276 1077 989 924 797 698 633 541 530 433 388 342 301 294 235 199 205 156 162 112 128 100 89 75 66 63 63 50 35 42 32 32 32 25 15 10 10 15 9 6 7 5 8 3 6 5 0 2 2 2 4 3 2 1 1 1 1 1 0 1 1 1 1 0 0 1 2 1 0 0 0 1 0 0 0 0 0 0 0 0 0 0 0 0 
0 0 0 29 64 88 94 45 85 187 265 369 414 468 562 734 888 1302 1585 1929 1948 2168 2468 3042 3607 3872 4138 4456 4660 5106 5518 5785 5842 5830 5777 5746 5681 5639 5663 5262 4892 4785 4568 4270 3896 3690 3232 2966 2692 2509 2283 1972 1860 1560 1416 1283 1128 1043 946 803 692 581 557 490 415 388 346 299 240 240 214 200 170 137 120 133 101 87 82 87 56 60 42 34 40 46 34 29 22 20 17 14 15 7 14 12 12 5 11 8 6 4 1 2 2 3 3 5 2 3 5 0 2 0 2 0 1 0 0 0 0 1 0 0 0 0 0 0 0 0 0 1 0 0 
0 0 0 22 65 89 75 45 66 184 243 388 479 536 682 854 1067 1307 1631 1904 2078 2451 2609 3157 3555 3920 4339 4603 4834 5086 5350 5748 5844 5844 5913 5937 5686 5499 5399 5326 4997 4679 4394 4270 3878 3369 3200 3017 2646 2375 2239 1962 1702 1571 1362 1232 1100 953 852 707 731 580 554 495 411 347 280 299 242 235 178 164 130 128 110 94 93 70 60 63 49 35 37 41 34 24 25 18 21 25 12 5 6 5 11 7 10 9 8 3 6 5 3 2 5 4 4 7 3 3 0 5 0 2 0 1 3 0 0 0 1 1 0 1 1 1 1 4 0 1 1 1 1 1 1 0 1 1 0 0 0 0 
0 0 0 19 70 106 95 54 104 236 500 508 524 556 676 1032 1422 1651 1751 1926 2131 2688 3101 3483 3774 4005 4437 4709 5086 5361 5603 5509 5782 5829 5799 5809 5561 5423 5156 4992 4797 4376 4188 3897 3512 3408 3073 2726 2396 2225 2057 1838 1611 1510 1280 1129 1042 906 808 712 643 611 510 437 384 324 297 251 250 216 172 153 147 122 99 121 76 77 64 57 60 41 35 36 32 31 23 15 13 25 8 17 11 7 5 10 10 11 9 4 3 7 2 6 2 2 2 3 2 3 0 1 3 5 1 2 0 1 0 0 0 1 0 0 0 0 0 0 0 0 0 0 0 0 
0 0 0 28 72 105 101 92 104 190 280 316 399 486 707 827 1053 1159 1351 1523 1972 2465 2784 3104 3430 3689 4139 4504 4765 5073 5433 5572 5775 5858 5977 5832 5760 5553 5433 5266 5042 4673 4309 4093 3791 3576 3212 3110 2729 2415 2281 1988 1817 1620 1471 1348 1128 1043 941 756 739 634 632 517 477 431 338 311 285 258 221 173 167 131 128 121 98 98 69 67 72 55 46 42 30 25 33 24 23 15 14 13 10 13 10 7 7 4 2 7 4 4 3 3 4 3 1 1 1 1 2 0 1 1 0 1 0 0 0 0 0 1 0 0 0 0 1 0 0 0 0 0 0 0 0 0 1 0 0 
0 0 0 18 71 100 77 97 148 282 363 495 577 625 790 1014 1241 1455 1736 1957 2416 2690 3010 3369 3607 4153 4424 4787 5051 5413 5592 5664 5893 5902 5810 5804 5623 5379 5395 5120 4731 4335 4091 3805 3536 3192 2990 2654 2371 2252 2003 1825 1620 1437 1236 1105 1029 929 856 656 611 565 465 426 399 358 263 234 230 198 177 166 144 115 105 98 86 69 61 56 54 51 47 41 29 24 26 15 16 17 15 17 12 11 10 6 9 5 4 5 4 3 4 7 1 2 3 2 2 2 0 3 1 1 0 1 0 1 2 0 1 0 0 1 1 1 1 0 0 0 0 1 1 0 0 0 0 0 0 0 0 0 
0 0 0 30 82 96 85 88 183 371 537 512 539 588 769 1158 1453 1607 1803 1933 2380 2715 3252 3516 3725 4062 4539 4896 5341 5555 5560 5711 5969 5876 6109 5742 5564 5428 5210 4957 4596 4277 4135 3776 3425 3119 3003 2599 2382 2145 1993 1785 1562 1432 1263 1122 986 858 772 695 637 529 440 403 352 313 296 259 210 201 168 164 134 125 112 117 86 81 78 60 45 47 52 45 23 26 23 26 21 13 12 10 17 8 9 8 6 9 5 2 8 2 3 5 2 3 5 3 2 1 1 2 2 1 1 0 1 1 0 1 0 0 0 0 0 0 0 0 0 0 0 0 
0 0 0 23 64 91 58 73 111 230 318 481 484 586 778 960 1237 1466 1626 1999 2267 2592 2991 3365 3828 4126 4480 4786 5043 5400 5671 5895 5950 5964 5750 5776 5613 5455 5097 5008 4682 4473 4265 3845 3486 3226 2884 2711 2500 2259 2019 1835 1630 1429 1290 1178 1034 962 790 759 656 604 498 442 393 368 310 310 246 197 183 184 165 109 119 104 99 86 75 67 53 41 48 42 28 28 26 25 20 22 19 20 14 11 9 5 12 5 8 3 4 6 1 7 2 1 4 3 1 1 0 1 1 1 1 0 0 2 1 0 1 0 0 1 0 0 0 1 1 1 0 0 0 1 0 0 0 0 0 0 0 0 
0 0 0 30 93 108 88 86 113 276 422 474 583 621 765 943 1207 1475 1679 1931 2274 2584 2945 3365 3809 4296 4478 4815 5071 5369 5608 5823 5956 5924 5930 5948 5872 5416 5270 5000 4688 4486 4243 3823 3535 3168 2842 2718 2352 2243 1974 1668 1545 1503 1211 1128 1054 888 779 669 623 527 510 422 419 364 293 260 259 223 205 176 145 124 128 109 86 80 80 71 59 46 42 34 27 28 23 12 26 17 11 17 13 9 10 11 9 3 7 7 9 3 5 3 0 3 3 1 4 3 0 1 1 0 1 1 0 0 0 1 0 0 0 0 0 0 0 0 0 0 0 0 
0 0 0 29 88 135 107 59 116 288 513 586 527 579 748 1028 1341 1591 1771 2073 2386 2710 3167 3601 3862 4367 4459 4780 5202 5450 5682 5790 5768 5829 5862 5662 5676 5552 5242 5000 4642 4391 4139 3816 3430 3056 2797 2549 2411 2062 1926 1697 1523 1423 1246 1060 977 855 739 666 631 547 445 398 357 312 280 228 214 207 175 148 125 90 111 83 76 82 64 55 43 43 38 37 32 29 19 17 25 16 14 13 4 9 11 7 7 8 7 4 2 2 2 1 3 2 1 3 2 0 2 1 2 1 0 0 1 1 2 1 0 0 0 0 0 0 0 0 0 0 0 0 
0 0 0 32 59 87 88 85 187 250 333 346 440 545 771 1032 1180 1256 1580 1832 2121 2737 2958 3218 3637 3940 4368 4850 5217 5409 5449 5570 5795 5893 5931 5920 5779 5688 5310 4995 4800 4461 4272 4039 3632 3136 2913 2855 2636 2315 2106 1826 1607 1435 1264 1225 1097 973 785 712 697 567 540 503 412 368 304 305 279 183 179 163 153 137 113 106 93 80 76 61 58 56 53 39 34 29 27 25 20 17 14 11 10 12 6 5 6 6 4 5 6 0 4 2 6 6 2 2 0 1 2 2 1 3 0 0 0 0 1 0 0 0 0 0 0 1 1 0 0 0 0 0 0 0 0 0 0 0 0 
0 0 0 22 84 96 92 59 78 145 215 277 296 335 500 784 1091 1256 1259 1360 1618 2280 2745 3081 3306 3386 3672 4139 4748 5226 5462 5489 5514 5796 6017 5896 6048 5849 5626 5408 5160 4803 4672 4285 3969 3816 3363 3065 2798 2536 2299 2017 1914 1757 1445 1296 1195 1084 956 806 772 686 575 540 442 390 351 321 273 240 220 190 177 164 146 116 85 85 87 88 68 54 44 51 38 43 40 29 25 11 15 21 12 17 15 6 11 8 8 5 2 3 3 4 4 4 2 2 2 1 1 3 5 1 0 1 0 1 0 2 1 1 0 0 1 0 0 0 0 0 1 0 0 0 0 0 0 0 0 0 0 0 
0 0 0 13 68 99 79 53 90 261 438 540 526 521 663 944 1345 1608 1731 1869 2249 2531 3062 3457 3758 4094 4462 4851 5209 5258 5562 5689 5717 5791 5842 5787 5536 5515 5418 4955 4900 4398 4191 3865 3689 3327 3083 2759 2509 2285 2031 1800 1639 1455 1262 1197 1065 911 802 680 610 595 495 450 400 340 334 250 238 204 183 165 146 130 123 116 73 85 56 45 66 53 37 36 22 24 28 30 18 17 17 11 15 12 11 7 7 2 3 4 5 2 3 0 2 1 1 1 0 0 0 1 1 0 0 0 0 1 0 0 0 0 0 0 0 0 0 0 0 0 
0 0 0 19 91 110 92 96 173 311 380 455 535 762 814 1064 1250 1423 1699 2001 2426 2839 3029 3412 3787 4187 4555 4933 5139 5411 5581 5880 5857 5933 5802 5697 5628 5369 5302 5092 4783 4375 4057 3680 3449 3239 2964 2667 2368 2172 1934 1788 1564 1513 1287 1183 998 927 776 730 638 574 512 442 381 357 293 253 239 196 186 156 171 117 110 90 83 87 55 65 50 34 39 32 41 18 18 21 20 14 15 4 8 10 8 5 6 4 1 4 3 3 2 3 0 1 1 1 2 0 0 2 0 0 0 0 0 1 0 0 0 0 0 0 0 1 0 0 0 0 0 0 0 0 0 0 0 0 
0 0 0 27 72 100 97 111 207 342 467 485 534 590 911 1344 1612 1775 1811 2090 2585 3018 3553 3796 3922 4371 4697 5142 5254 5584 5638 5821 5818 5925 5800 5705 5560 5322 5081 4885 4570 4245 3830 3648 3384 3039 2703 2455 2205 2043 1750 1656 1422 1306 1124 1021 878 848 696 665 537 503 425 422 353 318 279 232 201 219 183 128 109 107 101 111 83 59 64 55 53 41 46 42 37 22 14 17 16 8 21 6 11 5 2 5 5 7 7 6 2 4 0 3 2 0 1 0 2 1 2 0 0 0 0 0 1 0 0 0 0 1 0 0 0 0 0 1 0 0 0 0 0 0 0 0 
0 0 0 24 62 91 84 62 90 230 404 500 534 547 601 876 1347 1610 1751 1984 2086 2422 3005 3550 3944 4142 4358 4731 5054 5400 5671 5687 5775 5726 5963 5801 5647 5577 5318 4985 4708 4513 4128 3963 3544 3248 2896 2713 2383 2232 2016 1841 1639 1440 1344 1153 1020 990 803 712 657 602 529 471 378 392 289 252 254 201 183 157 140 136 128 100 89 74 51 64 53 45 41 30 30 24 23 22 22 16 12 9 6 5 6 7 10 4 2 3 2 2 2 2 2 3 0 2 0 1 0 1 2 0 2 2 1 2 0 0 0 1 0 0 1 0 0 0 0 0 0 0 0 0 0 0 0 
0 0 0 25 76 117 95 84 86 147 256 378 398 514 461 714 962 1252 1345 1513 1852 2347 2603 2977 3249 3555 3967 4347 4732 5014 5083 5585 5613 5743 5820 5772 5835 5707 5427 5213 5035 4777 4544 4218 3952 3607 3343 3153 2733 2543 2303 2078 1911 1659 1545 1396 1202 1100 949 882 759 737 582 510 471 387 381 326 307 250 220 191 181 125 144 100 86 77 74 68 57 73 39 38 27 27 25 24 21 21 13 9 20 13 12 10 5 12 6 8 6 6 4 4 3 1 3 2 2 1 0 1 2 1 0 2 2 0 0 1 0 0 0 0 0 1 0 0 0 0 0 0 0 0 0 0 0 0 
0 0 0 25 79 115 104 109 171 356 459 496 562 720 1014 1375 1570 1701 1890 2135 2656 3106 3431 3687 3876 4440 4749 5026 5282 5525 5603 5707 5768 5901 5867 5631 5378 5258 4969 4758 4453 4152 4072 3675 3262 3132 2794 2490 2288 2047 1900 1650 1489 1256 1160 1030 963 844 759 646 567 488 438 394 350 315 284 259 216 171 159 138 132 123 96 70 72 66 52 52 44 43 30 35 27 24 10 20 20 13 13 12 7 6 3 10 8 5 7 4 2 4 6 2 0 4 4 3 1 2 0 2 1 2 0 0 0 2 2 1 0 1 0 0 0 0 0 0 0 0 0 0 0 0 
0 0 0 23 57 96 94 82 95 158 205 284 389 561 713 893 965 1123 1237 1653 2003 2286 2639 2964 3338 3738 4030 4253 4788 5189 5361 5549 5571 5713 5791 5970 5838 5692 5426 5298 5146 4820 4579 4239 3825 3663 3355 3094 2810 2497 2154 2038 1810 1643 1446 1370 1135 991 903 800 707 662 568 492 437 374 339 325 284 216 196 184 159 157 135 88 81 82 87 66 58 56 45 49 34 40 17 24 16 20 7 19 15 12 5 9 8 5 3 9 2 5 0 2 6 1 3 2 3 2 1 4 1 3 2 0 3 1 0 0 0 2 1 0 1 0 0 1 0 0 0 0 0 0 0 0 0 0 0 0 
0 0 0 35 86 99 96 91 115 250 390 485 493 507 595 880 1148 1454 1674 1831 2053 2363 2910 3283 3649 3990 4349 4578 4785 5214 5555 5718 5802 5911 5771 5874 5773 5558 5397 5245 4974 4588 4282 3949 3648 3421 3288 2841 2494 2288 2122 1917 1740 1567 1288 1193 1152 922 854 732 707 593 511 452 425 334 357 259 225 209 184 165 170 129 117 93 93 70 84 60 66 50 53 49 40 26 26 26 26 23 20 20 12 9 13 9 11 9 7 4 4 6 3 5 2 0 0 3 2 3 2 1 3 1 0 1 0 0 0 0 0 0 0 0 0 0 0 0 
0 0 0 27 67 102 90 64 81 206 357 514 543 530 547 762 1181 1547 1755 1871 2022 2361 2857 3377 3758 4053 4303 4571 4871 5087 5551 5790 5958 5865 5894 5832 5786 5711 5321 5122 4959 4601 4326 4046 3625 3366 3068 2877 2547 2309 2050 1950 1669 1580 1355 1238 1042 921 901 766 685 581 486 482 409 373 332 269 235 238 172 169 152 134 124 95 116 89 74 69 59 41 30 38 31 44 30 17 21 13 15 15 21 9 6 8 6 4 3 3 5 11 3 2 1 2 0 1 0 1 2 0 0 1 0 0 1 0 0 0 0 0 0 0 0 0 0 0 0 
0 0 0 15 51 97 81 78 88 154 252 363 444 492 561 683 869 1176 1395 1594 1844 2202 2465 2978 3385 3723 3804 4371 4615 5102 5446 5444 5810 5846 5928 5749 5918 5737 5600 5400 5063 4866 4551 4381 3883 3553 3396 3070 2829 2561 2288 2028 1908 1683 1537 1268 1149 1035 930 821 698 688 598 508 489 372 351 327 285 250 173 188 161 130 116 109 90 73 71 56 66 48 40 33 40 27 26 15 18 20 16 8 7 10 11 11 8 6 3 3 4 2 4 5 4 2 1 2 0 0 2 2 0 0 0 0 0 0 1 0 0 0 0 1 0 0 0 
0 0 0 31 77 97 91 82 189 360 462 573 622 675 942 1290 1585 1835 2037 2273 2635 3090 3564 3889 4277 4551 4691 5056 5314 5600 5684 5829 5888 5752 5610 5562 5533 5350 5066 4724 4551 4197 3936 3533 3334 3003 2846 2467 2202 1989 1811 1621 1387 1286 1154 1023 886 780 719 617 536 472 437 376 329 298 262 232 199 193 159 157 120 77 98 77 89 61 47 53 29 32 30 28 24 23 23 12 13 17 14 14 6 6 9 6 7 11 7 2 5 2 2 1 3 2 1 1 2 1 1 2 0 1 0 1 0 1 0 0 1 0 1 1 0 0 1 0 1 0 0 0 0 0 0 0 0 0 0 0 0 
0 0 0 26 68 85 85 89 173 279 364 457 536 642 836 995 1158 1410 1711 2163 2140 2604 3024 3373 3732 4240 4526 4806 5236 5441 5572 5810 5840 5790 6013 5802 5783 5574 5284 4999 4772 4567 4157 3857 3544 3171 3031 2723 2464 2203 1889 1794 1621 1455 1272 1053 925 895 817 719 614 527 452 449 393 346 308 212 231 196 180 171 150 123 107 105 91 79 66 63 47 37 53 37 24 22 24 22 17 21 15 12 9 9 10 6 7 3 1 3 5 2 2 2 2 0 0 3 0 2 0 1 0 3 0 1 1 0 0 1 0 0 0 0 1 0 0 0 0 0 0 1 0 0 2 0 0 0 0 0 0 0 
0 0 0 29 70 95 93 37 101 229 385 491 546 544 719 957 1255 1586 1839 2022 2385 2574 3051 3547 3841 4151 4390 4795 4987 5339 5623 5916 5625 5757 5859 5876 5622 5579 5224 4932 4528 4504 4143 3823 3403 3217 2968 2780 2458 2217 1995 1725 1627 1510 1246 1133 988 902 869 692 648 548 493 474 413 343 323 268 252 209 181 172 153 134 109 94 103 87 75 80 63 60 52 32 37 34 37 27 29 17 22 17 14 7 5 10 6 7 3 3 5 2 9 7 3 2 0 3 2 4 2 2 1 2 2 0 0 0 1 1 0 0 0 0 1 0 0 0 0 1 0 0 0 1 0 1 0 0 0 0 0 0 
0 0 0 21 61 87 76 67 71 184 332 489 489 499 569 839 1258 1461 1752 1802 1983 2387 2989 3535 3707 4014 4290 4726 4868 5354 5601 5679 5781 5734 5807 5947 5796 5572 5374 5190 4744 4496 4120 3973 3676 3416 3002 2808 2545 2338 2109 1825 1682 1401 1299 1221 1118 895 830 712 600 608 529 438 397 357 295 280 232 246 186 155 131 120 118 99 86 76 59 70 41 50 33 45 26 24 30 18 21 19 11 12 10 8 14 5 12 4 8 3 3 7 4 1 3 6 4 5 2 1 0 1 1 3 1 0 0 0 0 1 1 1 0 0 0 0 0 0 0 0 0 0 0 0 
0 0 0 22 73 86 97 60 75 115 269 414 472 480 410 656 1118 1304 1464 1471 1639 2076 2693 3032 3385 3473 3936 4364 4793 5070 5428 5480 5566 5695 5760 5835 5927 5849 5478 5288 4947 4785 4497 4284 4017 3642 3389 3109 2723 2600 2363 2147 1868 1735 1520 1389 1227 1116 891 801 788 720 604 549 476 412 354 295 290 258 207 184 184 168 139 116 103 85 72 73 71 46 46 36 31 41 29 22 20 15 17 15 18 4 7 5 6 7 7 8 2 5 1 3 2 2 2 0 4 3 2 0 0 2 3 1 0 0 0 1 1 1 0 0 1 0 1 0 1 0 0 0 0 0 0 0 0 0 0 0 0 
0 0 0 15 49 98 72 41 44 97 185 315 338 373 400 494 628 863 1130 1445 1633 1744 2004 2386 2944 3228 3546 3950 4378 4570 5019 5250 5384 5775 5856 5919 5923 5564 5545 5524 5373 5124 4989 4593 4335 3998 3637 3427 3035 2777 2545 2257 2097 1895 1721 1486 1363 1214 1080 985 890 816 667 571 592 508 426 414 342 281 256 249 173 171 158 154 123 104 99 93 77 64 56 61 53 41 41 28 32 19 25 35 18 10 21 16 8 13 5 7 9 4 5 2 4 5 8 2 0 3 1 2 0 3 2 2 2 1 1 0 2 1 1 0 0 0 0 0 0 0 0 0 0 0 0 
0 0 0 25 81 107 103 73 90 161 273 352 354 426 479 613 819 1040 1149 1357 1503 1939 2338 2814 3123 3364 3651 4034 4291 4798 5158 5347 5555 5736 5822 5896 5837 5754 5645 5487 5195 5126 4790 4537 4189 3741 3499 3290 3049 2770 2422 2188 2017 1765 1589 1472 1251 1087 1007 932 893 707 650 556 509 457 378 344 297 240 250 201 193 168 138 138 105 106 77 74 84 68 54 35 39 42 32 25 30 18 15 14 22 7 13 10 5 9 3 5 6 2 10 4 2 1 1 1 2 4 2 3 1 1 0 1 0 1 1 0 2 0 1 0 0 1 0 2 2 0 0 0 0 0 0 1 0 0 0 0 0 0 
0 0 0 24 69 114 79 81 94 214 306 341 405 453 595 900 1089 1264 1441 1603 1862 2222 2708 3048 3399 3650 3950 4349 4844 5043 5367 5652 5697 5828 5844 5881 5727 5652 5489 5246 5207 4670 4453 4083 3826 3597 3297 3007 2769 2492 2148 2085 1807 1633 1494 1309 1219 1054 934 810 688 658 567 483 423 357 365 330 273 226 199 186 186 146 133 117 92 92 80 53 67 57 40 36 41 39 25 22 20 25 17 15 14 13 12 5 10 11 9 3 3 1 3 6 3 3 3 2 4 2 3 0 1 1 3 1 0 1 1 1 0 2 0 0 0 0 0 0 0 0 0 0 0 0 
0 0 0 18 76 92 103 57 58 104 230 411 613 747 806 878 1209 1626 1882 2015 2211 2531 2936 3378 3855 4237 4557 4928 5100 5386 5524 5758 5925 6055 6046 5884 5601 5420 5176 5209 4770 4539 4223 3682 3449 3269 3014 2772 2371 2252 2025 1725 1604 1392 1295 1143 1022 937 790 751 609 551 469 495 350 357 332 269 233 206 200 167 148 119 91 97 98 90 70 62 60 43 35 34 44 25 34 27 15 13 15 16 8 5 10 3 6 3 4 5 4 2 2 2 2 2 1 1 4 2 0 0 0 0 1 2 1 0 0 0 0 0 0 1 0 0 0 2 0 0 0 0 0 0 0 0 0 0 0 0 
0 0 0 28 45 109 85 88 179 295 409 486 568 634 782 1069 1380 1624 1860 2039 2298 2593 3053 3505 3773 4044 4521 4793 5155 5416 5637 5786 5772 5775 5741 5846 5636 5417 5240 4851 4661 4306 4078 3884 3564 3232 2811 2683 2467 2148 1969 1793 1617 1381 1266 1139 1053 920 757 689 608 547 539 440 403 338 285 303 257 197 185 164 151 137 113 113 107 92 67 75 72 39 34 43 35 24 17 25 18 12 21 21 4 10 13 9 8 9 7 6 4 4 4 2 0 3 3 1 1 0 0 0 0 3 1 0 0 0 1 0 0 0 0 0 1 0 0 1 0 0 0 0 0 0 1 0 0 0 0 1 0 2 
0 0 0 22 65 112 92 62 76 179 355 444 398 381 476 752 1093 1390 1500 1626 1812 2231 2721 3128 3374 3617 3898 4291 4652 5192 5312 5659 5635 5910 6024 5912 5815 5540 5542 5208 4931 4760 4544 4291 3893 3617 3440 3018 2839 2519 2335 2021 1853 1601 1504 1293 1163 1071 955 822 727 645 582 506 437 393 348 332 288 251 217 198 156 140 125 108 108 94 83 59 59 49 53 41 43 24 27 28 15 22 13 18 11 10 8 4 7 4 12 3 7 6 1 5 3 4 1 4 2 2 1 1 1 1 4 0 1 1 1 0 4 0 1 1 0 1 1 0 0 0 1 0 1 1 0 0 0 0 0 0 0 0 
0 0 0 31 75 100 92 60 93 173 255 382 454 549 669 867 1147 1401 1525 1770 2124 2332 2770 2962 3477 3786 4171 4441 4664 5063 5422 5681 5810 5960 5932 5816 5781 5632 5474 5338 5098 4680 4435 4192 3837 3571 3233 2962 2621 2499 2308 1937 1793 1610 1368 1258 1058 979 874 766 688 612 598 471 401 362 328 309 260 257 184 178 177 132 125 113 72 88 72 62 65 53 48 29 38 30 18 29 22 20 19 12 10 9 7 3 9 5 8 7 7 4 7 3 5 3 4 4 4 1 1 2 1 2 1 1 0 0 0 2 2 0 0 0 0 0 0 0 0 0 0 0 0 
0 0 0 27 75 106 100 63 70 131 207 274 288 334 389 656 916 1093 1225 1439 1669 1968 2364 2819 3103 3364 3626 3952 4469 4989 5362 5462 5621 5635 5800 5900 5920 5895 5526 5351 5262 5013 4751 4390 4102 3869 3521 3249 2951 2679 2424 2204 1957 1768 1646 1414 1344 1179 1097 937 804 752 622 629 520 448 378 349 310 294 259 228 200 166 165 138 103 105 99 85 88 83 67 45 48 31 36 35 26 16 21 16 16 15 15 9 11 3 5 3 5 1 3 3 3 1 6 2 4 1 0 1 1 2 1 2 0 0 0 0 0 0 0 0 0 0 0 0 
0 0 0 27 79 121 77 57 129 295 490 670 735 732 782 1062 1360 1672 1872 2101 2390 2910 3273 3678 3876 4107 4596 4934 5278 5670 5672 5817 5749 5819 5970 5830 5608 5344 5094 4781 4679 4418 3909 3581 3354 3062 2764 2616 2344 2072 1910 1678 1535 1349 1146 1103 924 804 770 704 596 504 437 410 371 332 286 262 187 209 182 182 159 139 108 97 86 75 73 73 56 48 46 37 27 24 27 21 27 22 20 14 6 9 11 14 5 4 5 7 2 5 2 5 0 3 5 2 0 2 2 0 1 0 1 0 0 1 2 0 0 0 0 0 0 1 0 0 0 0 1 2 2 0 0 1 0 1 0 0 1 0 
0 0 0 22 77 105 102 122 214 383 420 456 563 690 844 1113 1417 1621 1850 2060 2494 2970 3353 3677 3869 4347 4640 5137 5345 5599 5658 5805 5795 5799 5827 5830 5445 5422 5158 4794 4739 4343 4070 3722 3438 3122 2901 2565 2345 2148 1836 1696 1522 1375 1205 1040 961 879 710 669 598 515 427 417 368 310 283 282 203 210 181 156 138 110 99 106 87 79 63 67 52 50 39 32 46 26 29 35 16 24 12 15 15 12 5 12 9 10 6 4 8 2 8 4 4 4 3 0 4 1 2 1 1 2 0 1 0 0 1 0 1 2 0 0 0 0 0 1 0 0 0 0 0 0 0 0 0 0 0 0 
0 0 0 34 69 103 78 88 174 296 370 434 428 489 677 973 1169 1362 1552 1710 2072 2533 3048 3371 3620 3806 4067 4562 4970 5353 5473 5480 5660 5728 5810 5746 5747 5675 5395 5053 4804 4511 4269 4073 3827 3333 3093 2839 2549 2390 2115 1989 1715 1537 1407 1241 1058 963 879 757 748 623 542 446 423 369 305 300 256 234 203 153 163 150 131 115 101 75 79 74 66 56 45 39 34 37 38 34 27 16 15 10 11 4 14 4 10 11 4 5 3 4 4 3 4 2 1 1 2 1 1 0 1 0 0 0 0 0 0 0 0 0 0 0 0 
0 0 0 12 58 84 77 53 47 86 228 400 582 660 663 739 908 1247 1596 1947 2246 2279 2579 3035 3578 3937 4403 4584 4880 5315 5481 5725 5778 5777 5927 5909 5732 5679 5437 5105 4995 4676 4206 4082 3773 3458 3240 2895 2662 2332 2225 1922 1667 1634 1438 1238 1055 948 827 811 685 607 530 457 392 380 308 295 269 217 190 158 137 117 116 107 81 89 70 68 49 40 41 37 27 24 21 25 13 19 10 12 19 9 7 9 5 4 7 4 9 3 3 0 1 1 6 1 0 1 1 0 2 0 0 2 0 0 0 0 0 0 0 0 0 0 0 0 
0 0 0 23 68 106 87 63 75 146 269 414 431 483 567 783 1177 1409 1734 1752 1915 2424 2890 3318 3769 3850 4171 4514 5027 5277 5622 5660 5849 5920 5927 5930 5910 5688 5464 5253 5043 4697 4326 4047 3866 3376 3116 2919 2641 2288 2098 1864 1738 1539 1382 1193 1140 969 903 716 626 633 499 437 409 376 293 283 241 237 172 175 152 131 122 126 95 79 72 72 61 57 40 33 44 39 32 25 22 16 15 18 12 14 14 12 7 4 9 3 6 6 3 1 4 3 2 1 2 1 3 4 1 0 1 2 2 1 0 2 1 1 1 0 0 0 0 0 0 0 0 0 0 0 0 
0 0 0 24 87 112 101 74 79 222 443 530 633 664 753 1040 1284 1547 1855 2018 2201 2542 2942 3457 3815 4051 4366 4763 4990 5508 5690 5904 5847 5791 5884 5841 5701 5687 5259 5024 4680 4382 4191 3824 3550 3120 2889 2697 2464 2211 1986 1836 1661 1430 1311 1164 991 926 845 722 640 569 493 445 409 356 301 282 237 229 177 177 157 126 129 106 96 84 65 60 52 54 55 39 25 27 23 17 25 32 18 15 13 10 5 11 11 7 4 4 2 6 4 3 4 3 0 2 1 1 2 1 1 0 0 1 0 0 1 0 0 0 0 0 0 0 0 0 0 0 0 
0 0 0 25 65 108 89 62 74 208 354 478 528 520 597 909 1174 1601 1937 2076 2161 2487 2911 3296 3768 4011 4373 4693 5054 5279 5515 5525 5787 5903 5900 5758 5577 5622 5301 4992 4610 4504 4287 3884 3628 3304 3080 2792 2585 2290 1950 1812 1610 1511 1292 1168 1035 954 784 747 702 601 536 459 404 359 295 303 262 191 205 177 156 124 127 100 103 91 71 50 58 52 41 40 30 38 20 22 11 19 17 17 8 9 6 7 6 7 5 2 3 1 1 4 4 3 1 2 1 2 2 1 2 0 1 0 0 0 2 4 0 2 0 1 0 0 0 0 0 1 0 0 0 0 0 0 1 0 0 0 0 0 
0 0 0 18 85 107 99 69 105 274 462 589 577 582 772 1272 1623 1858 1834 1860 2291 2994 3340 3815 3973 4078 4579 4892 5497 5657 5589 5724 5866 5999 5763 5703 5594 5207 5168 4754 4675 4280 4043 3763 3403 3043 2818 2607 2377 2155 1873 1664 1556 1345 1164 1098 940 828 743 680 553 493 433 426 365 308 283 282 217 192 196 155 150 129 116 93 93 73 62 69 44 60 47 37 31 29 17 18 21 18 10 19 16 5 7 11 8 6 9 6 7 3 2 3 1 3 2 2 2 0 1 2 0 2 2 0 1 0 0 0 0 0 0 0 0 0 0 0 0 
0 0 0 22 70 99 106 69 60 137 228 383 495 593 589 670 843 1117 1433 1649 1833 1996 2385 2761 3247 3561 3828 4225 4610 4753 5225 5463 5878 5656 5928 5770 5770 5840 5536 5492 5146 4938 4460 4190 3972 3681 3528 3153 2904 2586 2292 2160 1857 1741 1541 1377 1228 1143 988 910 779 698 599 511 429 433 371 344 282 267 200 207 186 142 148 123 109 76 89 59 54 54 61 51 38 36 26 31 23 19 21 13 14 18 17 9 8 12 9 10 6 4 3 3 6 5 3 3 4 1 1 1 0 2 1 0 0 0 0 0 0 0 0 0 0 0 0 
0 0 0 18 72 92 79 69 139 322 450 475 455 471 631 1014 1386 1646 1763 1970 2209 2603 3099 3460 3927 4079 4451 4817 5125 5424 5635 5830 5756 5752 5760 5691 5625 5223 5336 4973 4635 4426 4136 3891 3617 3234 2992 2682 2436 2274 1994 1796 1615 1451 1265 1120 1055 867 777 736 661 561 519 449 425 351 344 295 224 215 205 195 148 149 115 103 108 77 60 73 54 37 50 28 38 31 28 22 21 30 24 13 12 10 5 12 8 6 5 5 6 3 3 2 1 3 3 1 0 0 2 1 1 2 1 1 1 0 0 1 2 1 0 0 0 0 1 0 1 0 0 1 0 0 0 1 0 0 0 0 1 1 
0 0 0 23 59 92 70 65 59 140 229 304 369 476 688 759 908 1106 1457 1756 1973 2323 2689 2995 3295 3690 4153 4536 4867 5141 5318 5736 5640 5783 5891 5928 5848 5680 5327 5255 5060 4706 4467 4190 3825 3628 3281 2892 2743 2456 2235 2047 1751 1642 1433 1290 1158 1001 927 820 748 555 536 440 443 377 345 285 277 208 187 194 165 151 120 115 96 84 102 69 43 54 41 39 33 41 34 27 27 22 15 24 19 10 13 11 7 6 6 6 4 2 3 4 3 3 6 1 2 2 1 0 1 0 0 2 0 0 1 0 0 0 0 0 0 1 0 0 0 0 0 0 0 0 0 0 0 0 
0 0 0 28 60 116 90 72 78 171 359 470 438 467 471 625 920 1403 1767 1950 2121 2289 2614 3113 3733 4048 4361 4670 4963 5221 5503 5793 5772 5844 5856 5790 5673 5482 5439 5034 4803 4537 4261 4043 3663 3478 3071 2868 2569 2415 2214 1938 1670 1589 1382 1253 1183 956 830 794 679 598 519 479 387 393 313 284 241 206 201 175 134 141 129 79 82 78 78 64 58 46 33 34 39 32 22 19 20 14 11 14 12 8 8 5 6 9 5 4 3 8 4 1 2 2 2 0 2 1 0 1 2 3 1 1 1 2 0 0 1 1 1 1 0 0 0 0 1 0 1 0 0 0 0 1 1 1 0 0 0 0 
0 0 0 26 85 112 79 69 96 195 358 497 562 623 634 874 1169 1543 1799 1990 2144 2399 2868 3503 3894 4113 4330 4687 5101 5511 5631 5658 5773 5904 5959 5723 5760 5602 5192 5000 4688 4367 4191 3878 3644 3382 3014 2697 2519 2309 2031 1799 1742 1479 1324 1195 1066 907 790 765 701 609 553 454 410 355 284 282 261 194 204 160 140 118 96 92 91 90 80 47 50 39 33 52 37 39 23 20 23 22 24 15 12 17 16 10 11 5 5 3 4 6 5 7 4 1 1 2 2 3 0 1 1 0 2 0 0 2 0 0 1 0 0 1 0 0 0 0 0 0 0 0 0 0 0 0 
0 0 0 26 70 112 104 83 60 141 255 367 379 382 427 539 844 1103 1349 1571 1683 1822 2359 2889 3235 3563 3809 4116 4532 5035 5170 5458 5565 5714 6072 5841 5799 5806 5615 5438 5204 4905 4606 4325 4173 3724 3475 3104 2914 2624 2459 2178 1957 1687 1598 1423 1234 1038 967 846 750 666 635 571 490 431 388 353 271 257 245 216 188 164 123 103 125 85 101 72 65 53 39 45 34 34 37 30 27 21 18 19 12 17 11 7 7 12 7 11 3 8 6 5 3 2 3 0 3 3 3 2 1 2 1 1 0 1 0 2 0 1 0 0 0 0 1 0 0 0 0 0 0 0 0 0 0 0 0 
0 0 0 26 65 89 91 54 73 200 320 428 487 524 579 780 998 1261 1469 1665 1957 2267 2713 2917 3294 3642 4191 4482 4733 5116 5230 5367 5571 5822 5770 5801 5757 5737 5299 5425 5141 4745 4387 4081 3941 3572 3304 2976 2738 2478 2192 2006 1843 1588 1485 1301 1204 1036 856 793 690 648 573 505 428 390 380 343 271 241 213 204 203 168 137 107 92 98 94 74 62 62 44 34 44 36 31 25 23 11 12 22 19 7 9 6 16 8 6 4 7 3 5 5 2 1 2 2 1 2 0 1 1 0 1 0 0 0 1 0 1 1 0 1 0 0 0 0 1 0 0 0 0 1 2 1 0 
0 0 0 35 79 113 94 66 77 165 326 481 495 530 613 832 1141 1451 1707 1923 2202 2578 2889 3191 3593 3967 4270 4821 5063 5200 5464 5649 5904 5959 5803 5662 5749 5424 5423 5190 4950 4546 4227 3918 3663 3428 3138 2772 2522 2315 2084 1858 1659 1518 1295 1160 1083 942 820 744 661 573 502 447 399 380 273 300 246 251 189 188 160 136 105 102 99 83 79 76 49 54 40 47 38 35 22 18 19 16 7 8 14 5 13 9 4 4 2 0 6 0 2 1 2 0 1 3 2 2 3 2 0 0 0 1 0 1 0 0 0 0 0 0 1 0 0 0 0 0 0 0 1 0 1 0 0 0 0 1 0 0 
0 0 0 31 68 100 90 63 80 148 268 448 489 485 529 757 1149 1452 1619 1749 2099 2370 2810 3230 3580 4001 4335 4514 4967 5187 5575 5839 5765 5937 5805 5748 5718 5650 5521 5218 4875 4536 4353 4078 3737 3426 3176 2884 2634 2317 2108 1955 1764 1538 1370 1198 1097 970 840 802 654 587 558 495 390 362 303 310 251 237 201 176 143 161 133 124 96 90 72 62 54 63 36 42 36 21 30 25 28 21 17 13 13 13 6 13 4 6 2 3 8 4 6 3 2 2 2 4 0 3 0 0 0 2 0 1 1 1 0 1 0 0 1 0 0 0 0 0 0 0 0 0 0 0 0 
0 0 0 25 63 94 85 64 56 116 205 362 411 410 438 514 720 1000 1271 1457 1588 1879 2248 2618 2984 3260 3641 3912 4316 4629 5022 5239 5533 5686 5740 5801 5958 5789 5666 5528 5347 5080 4826 4725 4249 3875 3555 3317 3134 2826 2556 2267 2078 1809 1666 1489 1302 1231 990 957 816 770 682 576 531 425 439 377 317 274 215 221 166 180 133 116 107 89 74 82 77 67 49 46 40 46 23 25 33 20 22 21 17 15 10 12 6 2 8 5 8 8 2 3 2 4 1 4 3 2 0 0 2 0 1 0 0 1 0 0 0 0 0 0 0 0 0 0 0 0 
0 0 0 14 69 74 95 49 65 148 255 343 412 499 620 707 915 1164 1354 1609 1720 2105 2554 2992 3278 3685 3804 4215 4569 4993 5238 5514 5712 5581 5676 5621 5834 5732 5476 5365 5289 4731 4555 4341 4071 3731 3398 3107 2748 2565 2402 2160 1858 1643 1534 1420 1184 1074 1001 837 782 709 596 496 468 414 385 349 323 281 252 213 174 182 158 115 136 119 87 82 74 74 61 55 32 36 27 29 29 22 26 15 16 17 4 12 13 11 8 5 4 6 5 3 7 1 1 2 0 8 1 3 1 1 4 3 3 0 0 2 3 1 0 0 3 2 1 1 0 0 0 0 0 0 0 0 0 0 0 0 
0 0 0 26 83 79 86 56 63 102 168 279 320 398 507 673 924 1063 1361 1441 1745 1973 2378 2787 3175 3552 3777 4040 4464 4943 5221 5494 5677 5742 5770 5710 5792 5839 5590 5367 5191 4937 4592 4409 4204 3828 3514 3115 2916 2571 2430 2167 1921 1676 1597 1390 1309 1150 1031 900 793 696 576 585 475 429 400 308 313 275 245 197 183 163 139 141 128 99 93 74 65 56 65 56 38 42 29 20 23 30 23 20 11 10 12 13 6 7 3 5 7 5 5 4 4 5 4 5 3 2 4 1 1 2 1 1 1 2 1 0 1 1 1 3 0 1 0 1 0 1 0 0 0 0 0 0 0 0 0 0 0 0 
0 0 0 40 83 93 97 64 101 168 336 434 413 425 486 767 1204 1423 1534 1625 1768 2171 2777 3173 3522 3780 3909 4382 4846 5196 5430 5550 5750 5788 5758 5967 5910 5585 5610 5274 4975 4698 4493 4249 3964 3513 3235 2929 2671 2431 2258 1987 1794 1602 1457 1281 1109 1063 947 841 691 623 562 524 455 416 342 289 259 229 202 186 176 137 116 100 84 92 65 55 55 45 42 44 36 22 32 22 13 24 13 20 17 8 10 6 11 7 10 4 2 2 1 0 5 2 2 0 2 1 1 0 0 0 0 0 0 1 0 0 0 0 0 0 0 0 0 0 0 0 
0 0 0 24 61 91 92 64 95 211 459 543 574 619 699 1051 1350 1730 1886 2012 2387 2688 3161 3504 3896 4232 4434 4827 5047 5461 5573 5746 5772 5831 5889 5734 5704 5470 5124 4883 4744 4435 4103 3817 3470 3333 2892 2739 2384 2134 1976 1782 1562 1402 1217 1157 990 918 803 699 619 532 502 405 352 340 325 265 241 200 165 159 132 106 102 99 75 80 61 46 42 37 37 29 16 30 19 16 16 13 16 18 11 12 9 8 3 7 7 8 4 3 3 3 6 6 3 1 0 0 2 2 0 0 0 0 0 1 0 0 0 0 0 0 1 1 0 0 0 0 0 1 0 1 0 0 0 0 1 1 0 0 
0 0 0 23 60 102 70 50 63 160 302 384 449 471 565 872 1234 1521 1740 1711 1920 2346 2868 3333 3724 3966 4051 4624 4940 5195 5527 5716 5854 5851 5786 5888 5656 5715 5410 5187 4784 4672 4308 4008 3677 3435 3101 2917 2644 2285 2091 1938 1706 1572 1371 1182 1046 932 849 775 653 581 515 444 410 352 322 283 276 214 204 157 130 123 109 108 93 76 56 67 69 51 37 46 44 36 26 24 22 17 18 15 11 8 9 11 4 8 7 4 6 7 5 2 4 3 2 2 1 4 4 1 0 1 1 0 1 2 1 1 0 0 0 0 0 0 0 0 0 0 0 0 
0 0 0 24 61 97 75 63 103 203 286 334 376 460 591 807 963 1119 1264 1493 1900 2301 2606 2972 3255 3655 4087 4502 4922 5045 5376 5414 5779 5896 5931 5761 5818 5607 5543 5373 5280 4860 4485 4209 3885 3599 3378 3022 2763 2358 2232 2056 1849 1667 1464 1305 1136 1020 958 793 706 624 572 542 428 382 326 290 281 236 234 175 134 130 130 123 115 83 82 78 62 52 51 49 49 31 32 24 20 27 7 14 18 11 8 8 3 6 7 2 7 1 2 2 1 0 3 0 0 0 1 0 0 2 0 1 0 0 0 0 1 0 0 0 1 0 0 0 0 1 0 1 0 0 0 0 0 0 0 0 0 0 
0 0 0 28 82 90 86 69 72 132 203 283 351 403 494 662 909 1103 1295 1301 1593 1906 2411 2659 3069 3252 3615 3970 4429 4938 5206 5300 5577 5620 5725 5861 5973 5865 5663 5589 5231 4971 4761 4475 4259 3957 3642 3428 2973 2588 2446 2330 2035 1808 1677 1449 1318 1174 1058 905 763 714 650 524 512 449 413 335 289 272 227 212 164 195 158 119 108 99 81 95 59 71 58 34 51 40 43 25 26 20 11 18 18 13 12 7 5 7 3 8 6 5 3 4 2 4 0 2 1 1 2 0 0 0 2 0 2 0 0 0 0 0 0 0 0 0 0 0 0 
0 0 0 31 74 104 82 79 157 262 381 391 368 469 639 840 1240 1469 1649 1839 2198 2637 3003 3327 3573 3963 4263 4853 5034 5293 5222 5483 5737 5888 5869 5840 5709 5456 5329 5106 4742 4657 4257 3967 3630 3393 3047 2883 2584 2358 2081 1957 1739 1545 1318 1248 1053 1004 882 813 674 607 537 467 439 377 304 305 241 229 214 187 140 138 144 104 103 77 93 62 58 56 33 44 41 31 34 26 15 21 15 18 10 21 9 7 10 9 10 3 6 4 4 4 1 1 2 4 1 2 0 1 2 3 0 2 0 0 0 1 2 1 0 0 1 0 0 0 0 0 1 0 0 0 0 0 0 0 0 0 0 0 
0 0 0 31 83 102 100 92 118 225 331 417 407 482 706 962 1138 1291 1452 1769 2306 2576 2857 3116 3283 3967 4386 4853 5084 5248 5407 5641 5770 5886 6027 5867 5865 5547 5375 5163 4897 4680 4380 4088 3670 3437 3125 2810 2565 2437 2150 1882 1664 1474 1368 1240 1135 960 795 697 639 574 579 476 376 325 326 274 294 214 193 153 136 146 127 113 100 85 72 65 64 48 56 40 30 38 28 23 17 16 10 20 15 11 9 4 10 10 7 7 2 3 7 3 4 5 3 5 1 3 0 3 3 1 1 0 0 0 2 1 0 0 0 0 0 0 0 0 1 1 0 0 
0 0 0 27 80 102 80 59 78 223 454 556 540 504 560 807 1180 1490 1697 1857 2102 2465 2802 3400 3611 4022 4155 4594 4862 5510 5612 5603 5620 5869 5864 5854 5715 5643 5357 4964 4879 4589 4339 3972 3905 3393 3012 2814 2473 2381 2180 1965 1680 1453 1326 1249 1106 946 833 734 697 555 530 478 385 343 308 261 244 232 182 157 121 118 111 101 91 77 71 59 56 48 38 43 30 26 23 33 28 15 15 14 14 19 8 7 13 4 4 6 0 7 3 4 1 3 0 3 0 3 0 1 0 0 0 0 0 0 0 0 0 0 0 0 
0 0 0 37 89 132 135 97 106 262 485 636 721 661 679 1056 1446 1770 1898 2102 2277 2875 3362 3735 4173 4443 4724 4948 5257 5598 5762 5895 6021 5867 5750 5744 5421 5383 5056 4884 4492 4239 4046 3688 3276 3100 2788 2444 2296 2057 1874 1565 1522 1315 1184 1053 930 831 764 636 568 508 456 421 359 302 291 253 193 186 160 142 143 106 115 101 81 58 49 52 47 49 27 34 27 19 12 24 21 19 7 15 9 11 2 12 6 3 2 3 4 0 4 0 2 1 0 1 0 3 2 1 0 1 1 1 0 0 2 0 0 1 0 0 0 0 1 0 0 0 0 0 0 0 0 0 0 0 0 
0 0 0 30 76 103 74 72 62 153 307 474 570 487 526 762 1064 1418 1587 1708 1821 2313 2782 3161 3513 3708 4085 4381 4879 5263 5398 5602 5695 5916 5924 5866 5752 5715 5427 5149 5019 4753 4389 4134 3794 3484 3225 2997 2689 2476 2106 2031 1717 1628 1417 1326 1143 951 948 789 726 603 546 495 436 392 324 316 263 214 220 172 161 172 131 115 96 99 63 79 65 50 40 37 38 28 29 30 16 20 22 12 8 11 13 6 7 5 4 10 8 5 7 3 2 2 2 1 2 0 1 2 1 0 0 1 0 0 0 0 0 0 0 0 0 0 0 0 
0 0 0 23 77 105 89 56 64 146 278 343 367 384 446 763 1004 1261 1274 1458 1574 2024 2511 3118 3412 3661 3867 4080 4507 5098 5318 5606 5444 5504 5810 5809 5830 5624 5481 5277 5193 4963 4554 4214 3988 3707 3458 3137 2956 2565 2250 2131 1826 1717 1555 1403 1232 1056 970 902 817 740 570 524 479 433 388 307 295 241 225 222 181 147 140 118 98 93 75 55 57 65 53 52 36 32 35 21 25 23 21 18 9 18 9 10 10 9 4 6 3 5 5 7 3 3 4 3 2 2 5 3 3 2 1 3 4 0 1 0 0 0 1 0 1 0 1 0 2 0 0 0 1 1 2 0 0 0 0 0 0 0 
0 0 0 32 81 99 75 65 130 260 399 446 499 599 728 947 1231 1528 1623 1798 2112 2576 3104 3390 3663 3923 4307 4681 5125 5332 5486 5554 5811 5826 5841 5748 5705 5595 5409 5135 4788 4629 4178 3910 3541 3253 3008 2821 2536 2227 2063 1753 1657 1455 1269 1184 1007 941 828 730 627 527 505 477 387 354 288 288 242 236 185 169 130 126 123 123 86 85 74 60 58 66 55 36 35 28 30 37 20 23 19 18 18 14 4 7 11 7 8 7 4 5 3 1 5 3 1 1 1 2 1 0 2 0 0 0 2 0 0 1 1 0 1 1 0 0 0 0 0 0 0 0 0 0 0 0 
0 0 0 26 61 87 87 56 132 281 461 541 561 578 790 1213 1506 1642 1816 1981 2461 2943 3383 3554 3738 4163 4613 4914 5331 5482 5543 5794 5845 5983 5774 5922 5655 5404 5160 5056 4665 4351 4014 3811 3353 3077 2950 2636 2380 2265 1982 1671 1546 1342 1184 1081 938 826 754 666 600 515 497 398 343 328 293 258 202 190 152 154 165 115 87 78 71 69 72 55 37 36 41 27 23 44 25 11 15 18 13 12 10 6 2 9 4 7 6 4 2 3 3 3 3 2 1 1 1 1 2 1 1 0 0 1 0 0 0 0 1 0 0 0 0 0 0 0 0 0 0 0 0 
0 0 0 24 89 128 119 67 111 197 353 458 502 471 553 858 1222 1611 1661 1845 2030 2375 2765 3132 3590 3866 4241 4449 4820 5217 5618 5614 5706 5795 5888 5788 5666 5625 5310 5124 4906 4758 4398 4021 3714 3368 3119 2908 2583 2359 2113 1992 1718 1482 1420 1171 1102 1045 904 812 661 578 552 500 430 366 335 274 263 238 204 190 167 136 130 115 87 93 83 74 58 44 56 50 25 25 33 26 17 25 15 18 13 11 7 10 7 7 5 1 5 3 3 4 4 0 4 3 0 3 2 1 3 2 1 3 1 1 1 0 0 0 0 0 0 0 0 0 0 0 0 
