0 0 0 0 70 61 58 40 38 179 75 113 87 91 161 273 283 260 229 272 399 449 542 567 525 672 756 854 916 930 1042 1061 1309 1415 1436 1581 1540 1744 1868 1884 2075 2081 2191 2260 2359 2393 2489 2559 2600 2530 2664 2704 2612 2646 2596 2547 2539 2529 2405 2367 2278 2223 2184 2031 2033 1994 1767 1698 1697 1584 1502 1433 1357 1302 1137 1100 1078 994 899 853 854 753 739 686 667 575 587 502 481 456 413 442 400 339 325 301 284 263 234 231 192 225 202 157 135 151 142 114 111 110 108 85 101 90 84 63 77 64 41 54 44 47 48 51 32 28 30 30 24 35 21 29 16 19 25 8 13 8 8 18 9 6 
0 0 0 0 108 80 98 55 35 100 130 159 254 172 186 245 288 356 387 356 479 547 594 711 721 720 791 932 1028 1160 1151 1197 1458 1470 1653 1710 1775 1826 1997 2120 2072 2217 2367 2388 2444 2403 2593 2577 2610 2654 2493 2709 2560 2551 2591 2411 2404 2317 2337 2326 2153 2049 1935 1935 1884 1724 1657 1649 1523 1475 1389 1306 1236 1166 1095 1050 968 933 821 849 734 719 668 617 609 568 537 482 432 416 395 340 354 331 288 273 262 270 215 201 204 174 177 166 157 140 139 119 98 85 105 90 104 76 78 63 54 53 51 47 46 46 42 31 37 20 29 24 33 29 24 23 20 25 9 11 8 5 9 8 14 7 
0 0 0 0 65 62 55 47 46 70 132 137 98 148 161 214 356 284 271 331 368 518 584 576 677 700 790 882 883 1046 1122 1238 1288 1435 1456 1574 1706 1835 1847 1993 2060 2083 2102 2222 2268 2475 2509 2515 2559 2531 2558 2613 2564 2467 2511 2411 2383 2408 2356 2289 2195 2208 1977 2054 1871 1819 1783 1626 1626 1511 1474 1322 1297 1259 1150 1103 1054 1038 904 910 801 758 744 641 599 603 583 453 502 424 385 388 348 315 340 290 268 267 240 207 218 170 195 165 155 143 133 126 129 93 110 95 88 92 77 76 57 56 64 45 45 44 40 51 35 35 17 29 18 23 30 16 16 20 16 14 16 10 10 12 12 10 
0 0 0 0 68 51 52 59 54 103 123 142 111 138 186 278 289 346 522 352 410 526 607 623 661 738 921 1049 1162 1118 1215 1291 1457 1561 1594 1750 1885 2085 2166 2264 2283 2370 2458 2479 2566 2654 2689 2650 2636 2773 2747 2670 2646 2659 2568 2578 2519 2371 2335 2292 2193 2121 1981 1933 1835 1809 1736 1619 1539 1351 1347 1250 1192 1139 1077 953 898 882 808 735 726 622 605 597 581 493 477 464 420 389 318 335 293 307 270 253 230 202 173 171 162 158 134 139 124 113 93 105 88 88 75 58 60 59 73 63 46 48 53 34 32 29 29 40 26 39 19 17 17 25 25 22 12 17 11 11 10 13 7 3 11 7 
0 0 0 0 58 47 46 51 48 132 106 149 139 158 201 363 362 392 359 397 505 564 597 719 717 818 833 944 1056 1018 1224 1218 1408 1526 1571 1720 1806 1947 2061 2073 2092 2302 2294 2506 2455 2474 2597 2674 2716 2738 2706 2732 2598 2566 2595 2510 2563 2381 2448 2282 2237 2111 2083 1862 1883 1782 1709 1599 1527 1419 1355 1335 1188 1195 1077 983 1001 893 841 811 689 653 615 607 555 523 466 454 420 378 362 303 303 288 256 252 256 196 185 195 157 169 128 127 132 133 124 105 98 77 79 69 61 63 48 60 54 34 41 42 44 36 27 25 31 23 24 23 20 28 20 16 18 19 21 11 11 15 7 10 7 10 
0 0 0 0 61 49 43 31 37 62 94 156 120 167 93 131 193 263 266 282 355 310 428 437 464 571 628 773 738 828 964 962 1158 1210 1282 1356 1498 1622 1734 1894 1997 2063 2141 2100 2355 2281 2361 2443 2464 2592 2564 2726 2660 2657 2682 2604 2657 2571 2578 2448 2432 2396 2368 2194 2183 2103 1958 1843 1824 1723 1640 1513 1427 1413 1351 1237 1163 1090 1058 1000 953 903 788 784 680 640 596 597 524 518 469 451 391 357 350 319 253 291 251 242 226 171 181 156 154 173 119 129 101 132 95 105 87 70 75 61 63 64 51 46 40 55 39 46 34 34 38 31 27 31 24 25 25 19 18 18 22 22 18 14 15 10 
0 0 0 0 51 48 41 46 33 140 155 125 121 235 155 262 273 281 352 330 446 483 549 599 653 689 826 875 934 1051 1120 1232 1393 1435 1398 1565 1701 1843 1915 1982 2064 2233 2249 2363 2343 2518 2514 2641 2621 2662 2643 2637 2625 2727 2676 2638 2557 2561 2464 2265 2341 2172 2153 2022 1945 1937 1757 1682 1674 1587 1395 1377 1303 1178 1098 1060 1046 993 865 844 812 747 724 624 613 557 482 489 463 423 401 355 332 284 294 280 244 217 223 178 207 173 165 143 116 140 108 89 92 90 85 90 75 60 67 46 51 57 48 38 46 38 20 30 27 33 23 21 10 16 11 20 13 17 8 14 14 15 15 8 7 7 
0 0 0 0 52 61 65 52 32 63 137 120 199 93 173 178 241 378 317 355 357 437 485 618 546 700 836 820 935 951 1046 1200 1317 1401 1382 1532 1591 1802 1937 1942 2076 2233 2163 2386 2377 2409 2541 2530 2599 2622 2591 2708 2588 2710 2718 2553 2463 2556 2455 2307 2294 2186 2166 2018 1935 1913 1768 1761 1604 1624 1428 1365 1301 1309 1195 1131 1024 999 957 839 838 800 708 685 631 505 522 503 457 449 402 376 351 336 322 269 268 257 225 209 181 187 158 152 154 146 142 121 109 101 79 95 77 72 73 55 70 61 43 41 46 35 34 35 34 35 34 27 18 21 14 19 16 21 14 15 15 7 12 6 9 14 
0 0 0 0 49 45 44 34 55 122 128 123 118 128 172 333 317 246 251 377 434 527 563 531 654 760 787 923 914 1017 1130 1144 1272 1396 1458 1519 1671 1746 1922 2021 2144 2073 2248 2329 2349 2456 2481 2523 2632 2640 2591 2669 2601 2670 2619 2507 2441 2371 2409 2355 2279 2189 2104 2086 1931 1821 1874 1717 1629 1527 1514 1363 1361 1217 1163 1076 1013 932 887 843 827 735 665 623 599 560 533 506 448 436 392 354 336 319 287 313 248 246 217 219 182 170 165 149 157 127 128 135 100 97 99 75 75 63 68 71 53 62 53 46 38 37 29 29 40 26 29 23 25 21 26 17 13 16 20 12 20 17 7 16 9 14 
0 0 0 0 72 66 60 42 28 87 130 171 90 130 156 263 292 287 316 376 503 570 604 606 667 746 904 1000 1009 1095 1233 1296 1421 1575 1696 1720 1792 1992 2061 2117 2233 2253 2423 2444 2521 2548 2592 2653 2656 2721 2672 2602 2671 2620 2510 2559 2437 2407 2354 2355 2175 2062 1988 1884 1885 1729 1650 1634 1559 1465 1266 1245 1192 1185 1070 1010 946 833 858 778 759 697 622 613 548 530 479 407 414 340 380 360 309 274 258 239 224 232 192 171 170 152 141 118 114 107 81 99 73 78 74 64 44 70 48 43 33 48 47 36 40 31 39 28 27 15 21 14 12 17 16 14 17 9 16 17 7 6 10 8 6 6 
0 0 0 0 57 46 51 40 55 67 101 126 116 156 211 315 358 310 307 332 471 635 636 695 717 747 850 1005 1068 1241 1265 1345 1425 1629 1710 1835 1931 1975 2079 2207 2342 2422 2507 2600 2571 2673 2654 2782 2705 2711 2713 2719 2759 2682 2566 2469 2358 2461 2274 2338 2217 2150 2078 1961 1831 1746 1651 1654 1461 1437 1420 1330 1304 1159 1127 1007 920 896 829 767 725 672 632 636 601 521 438 467 422 385 374 370 333 303 273 213 219 205 175 196 157 157 135 132 118 104 96 82 66 81 84 57 63 48 57 47 38 30 43 33 22 21 28 22 16 21 19 19 11 13 9 7 8 9 11 6 13 11 4 8 1 7 
0 0 0 0 57 41 49 33 41 67 123 154 128 128 133 230 236 229 353 305 430 384 433 627 595 710 676 841 950 988 1089 1192 1299 1359 1464 1549 1656 1766 1862 1973 2053 2028 2184 2218 2409 2434 2464 2517 2520 2641 2712 2605 2664 2638 2677 2490 2497 2503 2424 2320 2353 2201 2176 2118 2061 1883 1861 1763 1715 1547 1458 1417 1354 1261 1253 1094 1095 1055 947 888 835 757 717 631 667 582 565 494 475 457 440 382 363 312 284 277 274 257 247 199 196 182 178 165 159 135 111 117 111 91 88 75 75 62 54 71 53 57 42 37 48 28 38 33 28 29 20 17 14 23 12 25 13 17 13 16 12 6 11 6 9 11 
0 0 0 0 70 60 50 50 37 217 273 175 170 114 209 260 330 373 346 369 446 483 563 576 663 752 798 917 974 1135 1279 1337 1502 1582 1542 1676 1749 1964 2097 2028 2168 2336 2407 2452 2626 2517 2618 2740 2789 2816 2699 2628 2727 2637 2529 2686 2461 2375 2339 2335 2169 2173 2039 2003 1876 1783 1658 1608 1542 1501 1407 1243 1191 1099 1069 1010 999 909 835 782 801 753 645 548 530 533 491 436 466 364 379 326 334 303 277 268 233 215 183 199 153 159 155 146 126 99 112 104 88 71 76 80 90 67 54 56 48 47 35 42 37 36 43 31 30 31 25 15 21 31 21 15 15 14 12 21 20 13 10 11 13 8 
0 0 0 0 50 63 53 46 43 83 99 193 161 157 189 185 360 335 316 353 447 570 624 584 671 728 821 999 1084 1126 1248 1313 1414 1612 1639 1712 1845 1994 2169 2246 2235 2376 2494 2569 2705 2743 2655 2680 2683 2726 2791 2739 2690 2700 2624 2572 2477 2509 2402 2253 2200 2197 1995 1972 1846 1785 1694 1634 1496 1444 1366 1317 1283 1126 1071 998 875 841 821 739 696 646 609 569 524 496 441 444 417 358 361 319 273 286 271 236 196 213 167 185 164 130 124 123 94 92 91 76 85 80 67 64 72 45 50 36 53 41 39 35 32 33 26 24 26 17 20 18 29 21 15 15 17 13 17 14 10 12 7 6 11 8 
0 0 0 0 62 55 53 45 46 115 189 272 121 141 206 348 493 446 372 442 538 642 751 807 846 979 1031 1199 1287 1349 1434 1548 1633 1789 1920 2133 2140 2249 2334 2434 2518 2626 2591 2614 2609 2678 2827 2723 2714 2739 2731 2595 2605 2456 2452 2438 2417 2287 2204 2158 2166 1841 1955 1733 1729 1572 1518 1522 1464 1336 1176 1114 1101 973 912 914 924 733 691 675 595 611 570 469 440 459 419 369 351 305 288 302 279 249 223 206 183 203 166 163 140 135 119 102 103 88 86 69 73 68 56 53 50 40 53 37 42 36 32 27 24 17 26 16 15 16 21 13 12 8 10 13 12 7 8 5 9 2 6 6 6 5 
0 0 0 0 58 53 49 45 34 111 148 166 177 108 262 232 265 273 222 349 466 489 509 548 616 659 712 798 848 896 1045 1172 1241 1321 1366 1458 1626 1790 1880 1929 1895 2035 2156 2222 2313 2418 2474 2513 2581 2654 2570 2649 2554 2611 2616 2629 2476 2489 2385 2396 2319 2292 2164 2085 2073 2007 1946 1715 1696 1546 1459 1439 1334 1286 1232 1128 1046 1049 986 880 818 758 723 701 656 589 563 483 501 451 438 381 353 350 327 277 283 257 259 225 215 159 182 154 145 122 127 125 108 101 100 77 93 67 67 62 63 59 46 38 33 41 35 41 36 22 22 28 12 15 19 16 19 11 10 8 9 7 7 4 4 7 
0 0 0 0 62 69 69 45 41 98 79 134 100 111 200 220 244 249 278 380 406 421 479 507 632 755 783 858 866 978 1216 1258 1289 1428 1438 1583 1703 1773 1954 1927 2140 2220 2420 2374 2355 2507 2503 2618 2746 2566 2745 2643 2565 2651 2623 2592 2602 2496 2363 2336 2290 2152 2078 1989 1874 1925 1775 1640 1622 1466 1432 1354 1314 1282 1214 1069 1028 944 888 825 758 718 735 621 594 606 542 497 445 411 374 340 355 312 312 292 255 223 244 203 206 194 167 158 150 151 107 123 118 92 97 103 90 83 62 66 54 56 43 45 47 51 46 29 33 42 26 25 31 18 24 27 23 28 9 20 13 17 5 15 18 8 
0 0 0 0 47 55 50 36 43 74 79 130 161 124 183 186 361 304 467 418 356 445 508 588 665 682 736 819 914 1015 1060 1239 1270 1359 1409 1641 1622 1806 1876 1977 2039 2108 2327 2456 2431 2337 2452 2573 2475 2490 2617 2575 2659 2674 2579 2470 2519 2444 2402 2317 2224 2247 2181 1988 2087 1995 1823 1741 1669 1586 1464 1432 1299 1279 1249 1128 1022 981 917 907 829 756 705 695 632 549 507 517 489 435 385 412 326 323 298 289 280 221 224 225 191 155 184 167 144 142 112 121 95 110 90 93 70 63 75 62 51 53 55 57 47 35 45 39 29 36 28 24 23 6 15 20 12 14 17 16 12 11 13 2 9 7 
0 0 0 0 74 68 67 61 49 84 103 151 145 200 163 221 293 253 334 380 429 513 648 662 655 693 838 952 1104 1152 1261 1327 1386 1423 1610 1678 1768 1964 2034 2165 2234 2260 2304 2459 2426 2580 2607 2523 2566 2626 2646 2593 2585 2621 2553 2518 2367 2393 2334 2280 2106 2074 2051 1932 1795 1773 1645 1660 1534 1507 1414 1269 1193 1120 1116 945 935 919 878 793 790 689 612 590 551 497 457 502 442 413 377 346 348 300 247 259 229 233 194 190 174 160 159 151 110 126 126 125 103 95 90 79 75 78 71 72 46 54 46 41 36 31 25 34 34 23 31 23 23 23 15 20 16 15 14 20 14 14 9 13 10 3 
0 0 0 0 44 56 39 37 45 87 160 155 94 170 160 210 275 263 288 337 413 458 451 484 651 691 782 823 848 865 1008 1103 1271 1351 1451 1515 1689 1812 1846 1936 1993 2120 2329 2338 2444 2461 2460 2551 2601 2644 2726 2640 2805 2714 2661 2559 2463 2403 2411 2443 2271 2274 2100 2096 1923 1922 1785 1711 1595 1538 1469 1369 1325 1266 1148 1080 1008 984 929 841 809 741 714 655 643 545 541 487 466 439 418 371 354 314 295 278 261 250 234 240 184 170 165 156 130 144 152 105 95 97 82 93 80 88 69 65 48 52 60 42 54 35 33 29 26 28 23 30 20 24 14 14 20 11 13 5 13 5 9 6 6 5 
0 0 0 0 64 55 53 49 45 81 184 173 127 159 231 299 387 350 332 321 491 612 598 682 690 751 826 941 1015 1101 1303 1365 1448 1573 1625 1810 1843 1961 2020 2176 2206 2369 2407 2453 2533 2603 2591 2654 2720 2626 2625 2704 2567 2603 2673 2514 2521 2383 2330 2199 2252 2078 2045 1993 1903 1716 1703 1650 1591 1460 1369 1321 1204 1168 1116 991 957 862 804 797 727 684 646 601 517 478 459 442 430 379 357 367 275 279 246 245 211 211 218 168 179 164 149 142 107 106 94 110 96 91 72 63 62 68 53 53 51 41 33 38 30 37 23 24 22 33 19 14 18 11 11 13 13 12 8 7 6 7 5 4 9 4 
0 0 0 0 63 57 56 53 55 145 119 201 106 178 179 227 320 340 410 418 511 530 531 630 694 723 854 933 1079 1140 1172 1273 1428 1471 1608 1660 1762 1972 1931 1954 2224 2249 2286 2349 2370 2466 2468 2639 2602 2565 2596 2465 2558 2619 2480 2505 2374 2376 2180 2137 2154 2083 1948 1832 1800 1745 1716 1537 1539 1467 1323 1225 1288 1139 1098 1052 904 937 880 823 813 718 631 610 587 615 531 456 456 421 373 340 342 347 295 243 254 222 240 212 198 178 167 144 147 133 121 119 108 109 107 85 76 68 66 50 73 63 60 56 49 42 45 31 39 36 41 34 24 28 19 22 17 20 19 12 13 11 12 15 7 12 
0 0 0 0 69 53 57 44 39 108 105 117 84 105 219 207 284 236 334 365 468 392 437 567 565 655 777 785 872 991 1137 1175 1164 1263 1337 1502 1641 1802 1826 1944 2111 2039 2072 2281 2310 2463 2452 2544 2513 2530 2524 2545 2644 2547 2409 2475 2464 2528 2371 2331 2340 2197 2188 2008 2051 1925 1863 1724 1667 1613 1457 1519 1317 1280 1217 1109 1153 978 900 885 850 795 779 637 587 612 547 526 508 465 430 382 361 360 302 309 252 273 252 243 223 176 179 175 154 139 131 133 97 103 103 97 93 65 69 71 54 55 45 41 34 33 28 35 42 23 23 27 18 34 20 20 17 13 9 19 18 15 11 12 7 9 
0 0 0 0 50 47 62 33 32 62 104 171 80 100 152 173 296 218 245 224 249 370 435 456 472 463 546 657 681 761 786 892 1024 1115 1198 1159 1319 1335 1565 1691 1707 1801 1933 1920 2258 2245 2318 2267 2314 2471 2558 2665 2606 2635 2525 2550 2595 2563 2532 2592 2448 2402 2406 2256 2149 2149 2007 1906 1870 1831 1727 1661 1581 1404 1415 1382 1300 1157 1153 1129 983 946 887 847 714 752 699 650 613 585 521 465 461 429 389 327 345 316 276 301 216 229 191 197 184 155 143 124 144 131 116 118 97 99 73 96 66 71 66 55 51 51 45 35 36 25 32 28 28 23 21 23 22 21 16 8 9 12 9 9 8 8 
0 0 0 0 49 52 48 41 42 119 106 145 154 128 146 198 235 300 286 358 414 424 413 521 472 657 727 760 827 878 996 1093 1224 1276 1415 1512 1692 1831 1871 1959 2034 2185 2316 2366 2466 2465 2574 2580 2711 2746 2789 2786 2643 2749 2694 2717 2598 2578 2546 2489 2397 2398 2297 2106 2111 1960 1853 1832 1714 1608 1594 1435 1381 1254 1209 1182 1096 1000 983 915 839 722 755 670 652 602 567 509 490 446 380 409 384 330 299 280 260 256 217 218 185 173 175 163 150 118 100 135 94 99 91 78 85 70 56 53 47 55 58 58 41 29 43 34 29 28 19 30 26 40 23 11 19 13 19 18 11 14 13 5 12 8 
0 0 0 0 62 48 55 62 29 98 144 173 230 198 232 293 329 455 495 533 557 656 631 800 914 910 1027 1116 1308 1301 1477 1511 1617 1806 1839 1922 2000 2006 2288 2307 2444 2326 2508 2606 2561 2660 2608 2771 2648 2640 2616 2542 2609 2529 2475 2316 2362 2302 2193 2076 2003 1915 1953 1835 1669 1552 1517 1465 1270 1320 1229 1165 1085 991 954 856 808 744 706 665 595 573 580 533 491 414 408 417 352 342 306 276 267 278 241 198 190 163 197 150 167 134 111 117 90 102 90 91 62 73 68 55 51 59 48 40 36 37 49 27 27 25 21 35 24 19 30 15 20 15 22 16 12 11 12 14 10 8 11 5 9 9 
0 0 0 0 36 52 52 41 56 77 110 126 86 104 157 313 247 232 261 252 369 468 566 542 553 650 720 857 985 976 1132 1158 1250 1441 1418 1484 1628 1752 1853 1879 1973 2126 2153 2318 2291 2341 2416 2523 2523 2510 2597 2623 2643 2606 2632 2562 2423 2402 2529 2375 2273 2193 2103 2095 1960 1975 1852 1733 1591 1563 1543 1450 1277 1302 1214 1085 1040 993 945 900 797 796 739 713 620 587 539 508 473 466 425 396 359 331 359 280 289 256 217 230 199 227 188 185 144 156 154 116 122 98 84 99 108 97 56 70 58 60 63 58 39 50 38 36 46 38 29 32 16 26 24 16 12 13 15 13 16 3 12 13 10 9 
0 0 0 0 55 51 51 49 51 76 226 115 103 134 157 307 288 291 336 286 394 485 612 628 668 741 793 914 1047 1162 1205 1336 1418 1524 1614 1668 1842 1987 2058 2177 2185 2381 2448 2364 2569 2551 2557 2705 2738 2698 2677 2771 2603 2654 2514 2621 2560 2439 2311 2357 2177 2158 2066 1919 1930 1859 1716 1694 1531 1400 1436 1292 1220 1181 1110 1024 961 933 855 825 713 699 678 589 537 509 482 448 431 396 392 335 363 292 272 297 223 211 202 204 188 143 143 122 118 112 115 115 97 68 89 86 65 69 61 65 49 37 45 44 39 41 30 26 39 33 29 28 15 22 19 20 27 17 16 18 18 7 7 10 12 7 
0 0 0 0 56 48 41 48 44 116 131 120 123 100 152 218 275 259 249 256 353 413 605 463 524 563 770 771 940 992 1069 1041 1315 1295 1433 1564 1545 1746 1795 1986 2040 2142 2155 2249 2326 2451 2553 2639 2484 2595 2616 2712 2748 2600 2680 2590 2639 2527 2385 2431 2257 2348 2141 1962 1964 1932 1843 1742 1641 1659 1468 1437 1393 1352 1193 1070 1055 1029 964 884 825 819 727 717 682 557 531 521 456 468 409 358 380 340 307 298 267 271 211 224 224 174 146 183 174 146 126 112 109 108 98 88 87 62 91 82 58 64 60 56 50 38 39 42 33 35 26 30 23 27 16 22 16 16 19 14 18 20 14 13 7 12 
0 0 0 0 61 31 61 59 44 132 104 124 100 121 166 236 237 280 317 303 344 434 454 593 571 687 766 866 906 941 1037 1249 1394 1445 1548 1564 1681 1800 1895 2091 2138 2279 2389 2421 2479 2581 2648 2772 2699 2664 2791 2707 2781 2748 2631 2630 2667 2582 2486 2394 2331 2312 2172 2123 1958 1904 1857 1691 1702 1586 1477 1358 1286 1239 1166 1120 1049 918 872 851 786 782 701 581 622 554 475 465 445 392 392 369 323 309 317 287 234 224 197 189 199 163 136 156 132 123 141 86 106 81 94 91 72 74 60 68 49 48 38 28 42 34 33 31 21 27 18 35 22 22 17 12 17 23 8 13 13 15 13 11 12 3 
0 0 0 0 61 45 50 45 33 109 100 122 148 137 167 206 309 259 334 363 383 533 510 642 627 672 759 876 989 983 1125 1201 1265 1394 1489 1611 1692 1732 1925 1962 2113 2195 2328 2405 2419 2466 2555 2669 2699 2627 2637 2550 2660 2632 2645 2617 2558 2443 2411 2315 2255 2261 2136 2081 1940 1854 1835 1764 1614 1545 1471 1339 1229 1310 1166 1072 1056 914 918 849 767 730 690 665 599 612 500 484 453 426 402 372 336 311 288 286 245 256 195 211 177 173 166 146 146 110 135 106 103 94 83 70 82 61 63 51 45 59 58 55 35 34 34 27 37 34 32 25 21 23 16 25 18 13 13 20 15 14 10 14 10 7 
0 0 0 0 47 58 53 39 41 77 103 138 91 204 184 255 332 265 285 298 395 445 548 541 596 677 743 867 961 972 995 1120 1261 1336 1530 1484 1617 1825 1865 1969 2049 2180 2212 2275 2421 2474 2467 2538 2634 2629 2596 2614 2694 2530 2554 2496 2511 2416 2347 2319 2196 2191 2150 2060 1921 1820 1841 1702 1653 1604 1532 1442 1274 1284 1234 1143 1118 974 906 940 828 727 709 693 627 668 557 529 490 432 421 382 361 334 331 303 244 245 250 204 208 196 190 157 162 134 128 132 89 88 94 80 79 84 70 65 70 48 58 48 49 44 38 40 50 35 30 22 27 23 21 17 13 20 17 18 13 13 9 10 10 7 
0 0 0 0 57 57 48 43 44 109 85 118 102 127 186 199 267 335 334 315 332 442 477 584 634 638 802 883 960 1040 1156 1190 1278 1448 1441 1577 1703 1763 1906 1996 2035 2245 2305 2294 2324 2509 2552 2442 2612 2658 2548 2553 2632 2616 2522 2488 2475 2474 2332 2291 2218 2157 2072 2092 2004 1850 1805 1700 1624 1547 1466 1407 1305 1204 1160 1073 1020 990 906 872 823 724 684 662 609 585 542 500 475 438 404 404 342 330 312 288 239 241 206 216 195 177 187 148 132 177 113 119 106 100 91 70 73 68 85 58 73 63 61 43 39 39 36 28 39 37 29 36 23 23 20 13 23 21 15 15 7 7 13 14 8 6 
0 0 0 0 50 50 41 43 30 94 78 139 135 117 179 239 328 290 264 394 443 498 552 641 648 739 794 867 970 1064 1123 1289 1406 1517 1636 1624 1814 1867 2011 2172 2265 2355 2429 2354 2588 2687 2683 2579 2742 2599 2745 2729 2664 2538 2604 2510 2487 2392 2370 2345 2201 2156 2077 1997 1940 1759 1744 1625 1628 1528 1464 1379 1220 1230 1054 1031 1049 861 851 821 797 697 670 615 604 573 484 457 384 379 370 356 332 272 314 236 231 222 230 193 170 146 143 147 133 136 126 107 107 91 96 77 75 62 55 76 63 47 58 38 43 42 36 32 21 34 31 30 24 19 14 15 13 16 8 9 12 16 9 7 6 7 
0 0 0 0 60 51 54 38 35 123 175 160 130 90 143 288 321 302 307 376 510 668 714 697 738 863 981 1056 1153 1257 1285 1492 1507 1616 1799 1954 1934 2239 2165 2323 2412 2448 2622 2560 2601 2728 2714 2720 2672 2698 2773 2678 2686 2616 2621 2549 2434 2390 2246 2254 2210 2109 2063 1905 1859 1748 1653 1594 1469 1427 1340 1261 1172 1098 975 986 918 773 732 698 693 611 607 537 465 469 438 428 354 361 303 288 294 260 257 199 194 185 180 161 160 138 103 114 102 110 87 79 87 58 71 60 68 55 41 43 51 49 47 37 29 39 23 23 21 24 27 27 10 20 18 22 13 17 9 11 14 4 11 10 11 7 
0 0 0 0 76 54 56 59 43 98 133 158 215 157 185 269 316 342 305 385 386 488 631 725 732 751 821 915 1108 1028 1143 1335 1417 1599 1699 1717 1885 1988 2093 2247 2247 2317 2407 2407 2641 2609 2724 2696 2761 2678 2817 2697 2690 2640 2592 2499 2572 2392 2368 2276 2153 2069 2011 2045 1892 1757 1641 1680 1506 1464 1482 1240 1207 1121 1119 1034 929 902 840 754 783 688 614 612 560 447 489 427 373 394 337 315 326 298 243 218 249 205 223 156 180 143 157 125 109 111 107 92 107 91 83 63 65 62 54 47 45 55 38 37 34 41 32 21 16 18 28 24 21 15 20 19 15 17 17 18 10 5 7 5 8 6 
0 0 0 0 67 42 36 45 27 179 137 163 159 138 283 289 349 400 352 399 429 529 700 694 738 804 912 944 987 1114 1125 1213 1323 1457 1523 1684 1723 1871 1905 2053 2085 2189 2258 2368 2402 2443 2486 2422 2698 2529 2672 2590 2382 2486 2484 2431 2382 2319 2242 2178 2145 2100 1958 1876 1802 1825 1696 1620 1548 1412 1419 1338 1225 1128 1026 1072 929 898 860 814 714 712 674 609 578 543 538 486 432 421 362 312 336 311 287 263 263 248 224 211 203 180 152 161 142 138 126 120 104 103 82 78 77 68 73 56 54 52 60 41 43 39 30 28 31 34 28 30 30 17 16 18 15 18 13 17 15 12 11 9 13 9 
0 0 0 0 60 46 48 55 30 75 76 126 147 149 223 235 242 294 299 379 349 432 490 619 768 736 771 772 858 1044 1089 1129 1250 1406 1561 1563 1748 1884 1840 2005 2135 2345 2320 2363 2481 2522 2647 2676 2716 2756 2713 2808 2759 2625 2655 2662 2611 2634 2465 2331 2303 2282 2048 2102 1997 1867 1869 1690 1625 1630 1449 1402 1320 1268 1136 1109 983 959 914 846 804 750 685 630 586 549 491 488 486 437 422 366 315 313 315 275 251 231 227 197 174 157 135 158 121 131 129 99 91 94 96 62 83 78 65 58 53 55 38 46 28 53 46 35 33 21 25 23 16 27 25 12 16 18 13 13 9 10 14 14 8 11 
0 0 0 0 50 38 48 55 45 76 151 121 95 108 154 291 284 218 258 357 352 549 518 439 529 567 782 906 886 956 955 1163 1238 1358 1466 1598 1629 1766 1893 2040 2048 2124 2252 2280 2532 2565 2573 2607 2531 2544 2690 2600 2686 2758 2651 2588 2499 2521 2522 2345 2307 2346 2129 2138 2051 1970 1809 1759 1629 1535 1485 1411 1311 1250 1194 1043 995 977 908 842 758 806 697 653 604 554 500 501 475 420 403 382 344 328 261 296 298 245 233 247 192 204 160 141 159 141 133 112 100 97 103 78 74 71 63 69 50 60 58 35 36 36 42 26 31 17 19 29 26 16 15 10 25 11 16 13 7 9 11 4 10 7 
0 0 0 0 66 51 66 42 51 189 140 155 140 136 291 321 313 352 346 425 456 500 633 712 732 823 933 990 1094 1193 1228 1343 1432 1569 1785 1809 1895 1954 2148 2245 2267 2328 2382 2552 2566 2592 2619 2667 2689 2691 2702 2703 2633 2641 2565 2387 2429 2409 2234 2204 2111 2033 1958 1890 1790 1776 1640 1545 1467 1405 1294 1260 1232 1096 1063 1010 921 851 783 761 700 683 613 556 518 472 450 402 382 378 329 321 300 312 249 233 199 219 193 171 174 154 138 114 133 97 88 87 90 84 83 75 58 63 49 49 38 49 38 40 37 25 20 27 15 19 22 24 12 17 10 12 16 15 5 9 8 7 8 6 8 3 
0 0 0 0 63 77 59 52 51 127 294 319 116 145 196 287 472 400 473 505 569 667 791 770 778 856 1058 1207 1282 1343 1469 1491 1745 1814 1921 1999 1992 2101 2233 2489 2606 2590 2575 2607 2549 2690 2756 2759 2757 2697 2677 2630 2608 2511 2393 2388 2299 2377 2249 2116 2007 1841 1774 1815 1698 1524 1546 1438 1384 1274 1200 1145 1093 999 922 907 863 786 708 657 671 577 574 475 480 460 396 375 396 335 330 280 254 240 222 200 198 183 177 162 132 128 138 106 110 98 102 92 80 66 68 56 63 62 47 41 48 48 41 30 30 24 21 29 22 17 21 13 8 16 10 12 13 6 11 2 5 8 5 3 3 3 
0 0 0 0 54 40 42 37 36 79 97 176 238 144 126 217 250 460 369 319 367 460 737 705 786 739 809 999 1034 1163 1251 1300 1419 1479 1742 1856 1780 1924 1948 2124 2290 2259 2373 2418 2474 2567 2541 2644 2619 2682 2650 2719 2585 2536 2565 2524 2556 2439 2346 2255 2178 2157 2111 2043 1901 1781 1676 1680 1587 1508 1331 1386 1260 1213 1107 1022 975 906 846 817 736 730 618 603 583 483 502 444 435 383 363 337 329 324 252 232 235 213 213 182 174 156 141 133 107 126 91 106 88 83 75 77 64 74 68 47 34 35 36 36 44 30 39 32 21 15 15 14 20 26 17 14 12 11 15 10 7 11 5 11 6 1 
0 0 0 0 62 41 50 54 34 59 100 165 140 103 156 266 330 329 355 358 407 582 559 749 749 805 888 953 1141 1146 1223 1343 1413 1553 1743 1876 1971 2101 2109 2234 2500 2360 2551 2655 2625 2725 2694 2724 2755 2809 2781 2767 2723 2574 2571 2654 2508 2389 2368 2300 2236 2188 2031 1882 1836 1823 1654 1616 1498 1437 1459 1264 1252 1087 1064 976 936 920 847 743 735 647 592 553 544 497 477 402 413 380 344 341 308 277 274 246 230 203 201 175 159 168 136 156 105 113 99 103 83 83 88 74 58 47 57 53 59 35 33 30 38 38 35 25 22 16 23 23 14 14 11 17 10 8 9 8 8 7 9 8 2 9 
0 0 0 0 58 53 56 45 40 167 226 157 115 143 231 349 374 352 316 389 484 659 703 721 721 850 854 995 1045 1160 1243 1348 1408 1604 1669 1689 1861 1899 2079 2107 2240 2269 2318 2444 2487 2492 2501 2561 2581 2508 2583 2441 2508 2471 2414 2449 2453 2255 2226 2115 2020 2053 1911 1892 1876 1771 1643 1510 1487 1418 1306 1207 1175 1156 1059 1014 929 922 870 770 728 661 666 590 558 521 472 465 458 405 344 309 314 320 277 259 228 243 197 204 187 173 145 139 136 123 126 108 104 85 94 92 74 64 67 68 54 51 42 47 33 47 36 44 14 29 28 30 30 21 16 17 11 15 20 9 10 10 12 17 5 10 
0 0 0 0 62 57 43 66 47 160 106 131 114 188 289 222 302 268 295 429 514 563 592 727 662 701 884 944 1051 1157 1158 1329 1423 1613 1571 1678 1819 1858 2090 2073 2228 2241 2276 2431 2469 2430 2506 2484 2585 2597 2698 2568 2554 2547 2453 2599 2415 2382 2261 2167 2229 2109 1964 1987 1832 1752 1684 1620 1504 1433 1376 1319 1263 1100 1057 1059 961 889 862 872 717 683 645 622 571 548 487 446 465 387 370 361 338 307 303 273 234 219 214 203 173 175 150 128 140 123 123 99 112 89 94 66 77 65 75 58 58 42 39 38 40 34 36 41 27 28 25 21 19 30 22 22 21 23 25 18 15 18 14 17 16 9 
0 0 0 0 56 68 57 48 39 172 118 144 141 118 225 198 273 299 357 382 356 494 456 559 658 637 747 839 950 1079 1055 1143 1219 1380 1444 1594 1655 1673 1877 1945 2001 2050 2108 2245 2292 2371 2431 2473 2467 2500 2533 2550 2465 2441 2511 2640 2381 2322 2377 2369 2306 2123 2073 1947 1970 1904 1878 1812 1672 1579 1423 1480 1284 1255 1153 1156 1064 995 961 888 826 754 752 656 643 620 552 513 507 443 451 387 315 343 344 307 284 222 231 222 195 174 195 162 126 141 122 119 104 111 85 103 84 70 77 73 71 64 47 49 42 37 39 40 38 29 29 22 24 21 18 19 17 16 16 21 12 14 11 13 8 6 
0 0 0 0 63 50 42 42 42 201 156 122 88 115 251 254 328 297 333 420 450 551 586 611 725 832 908 1023 1055 1170 1280 1446 1448 1597 1603 1788 1911 2023 2075 2208 2358 2388 2481 2561 2559 2564 2668 2676 2745 2740 2814 2713 2751 2770 2635 2576 2512 2396 2419 2358 2311 2168 2032 1899 1880 1812 1798 1576 1486 1452 1325 1239 1163 1114 1087 1030 859 929 818 758 720 637 601 563 569 502 476 433 378 359 352 298 330 269 252 261 233 206 205 167 158 157 156 134 129 113 115 88 88 80 76 87 72 70 56 61 48 59 48 39 40 39 31 35 35 35 21 25 19 11 27 17 14 14 10 7 10 7 6 3 3 5 
0 0 0 0 53 61 49 45 43 116 150 121 110 125 176 352 410 253 269 278 411 520 570 539 597 685 824 837 931 1017 1025 1175 1195 1372 1437 1583 1705 1804 1846 1905 2079 2186 2232 2323 2243 2428 2481 2476 2593 2527 2643 2554 2625 2547 2522 2494 2501 2434 2311 2315 2312 2185 2176 1984 1914 1913 1768 1715 1666 1556 1520 1483 1296 1277 1191 1131 1080 971 953 889 837 827 749 669 624 593 547 599 478 437 412 414 344 357 297 318 283 248 214 222 212 191 172 145 127 144 132 111 121 93 105 85 73 69 57 66 59 58 62 39 54 51 33 36 37 18 28 29 20 20 26 18 17 15 15 13 14 8 9 8 5 5 
0 0 0 0 67 50 57 46 44 92 134 147 129 124 133 257 340 360 355 334 478 452 652 638 794 879 848 913 1055 1078 1279 1426 1468 1612 1736 1761 1874 1898 2085 2120 2336 2295 2526 2541 2453 2607 2640 2606 2634 2704 2721 2533 2695 2551 2586 2575 2467 2458 2349 2314 2203 2133 2070 1938 1927 1761 1766 1690 1586 1451 1399 1346 1294 1134 1069 1018 994 966 915 789 730 702 657 652 593 566 433 434 439 360 358 320 335 302 271 248 202 209 196 154 175 164 144 128 133 125 111 103 99 78 75 87 65 61 55 41 53 48 43 41 39 29 29 35 23 18 13 20 12 23 11 7 19 12 12 14 9 5 8 3 6 4 
0 0 0 0 45 32 50 46 34 70 93 96 70 124 207 207 224 187 178 297 378 439 404 427 467 548 674 702 680 774 939 1024 1165 1073 1129 1346 1384 1615 1689 1706 1837 1904 2117 2175 2236 2242 2360 2437 2430 2694 2525 2548 2618 2618 2721 2669 2460 2471 2493 2492 2329 2430 2333 2226 2102 2025 1980 1905 1741 1685 1628 1559 1429 1312 1266 1209 1155 1095 1024 969 871 821 793 741 687 634 561 559 502 466 433 426 383 345 304 299 298 265 274 241 207 197 192 188 183 140 128 126 120 115 102 92 88 102 85 87 62 40 60 45 46 51 41 32 42 29 46 32 25 23 17 18 33 28 22 19 14 16 19 17 18 12 
0 0 0 0 54 47 47 53 54 104 71 127 121 114 168 242 227 235 284 288 429 381 441 560 503 734 727 819 827 841 977 1050 1225 1248 1334 1372 1570 1668 1768 1861 1931 2082 2131 2243 2253 2309 2470 2432 2455 2573 2651 2666 2655 2630 2582 2615 2626 2473 2422 2418 2420 2404 2186 2127 1999 1998 1927 1919 1721 1712 1519 1524 1407 1483 1310 1200 1093 1111 1013 947 863 831 780 757 673 663 588 554 495 470 461 384 370 363 330 318 295 269 253 219 175 225 189 171 154 144 133 115 126 107 79 97 78 106 70 76 66 66 59 64 46 51 32 41 41 34 41 31 32 42 29 26 17 24 19 10 22 23 21 12 9 8 
0 0 0 0 56 45 50 54 46 80 106 166 116 125 224 242 387 302 367 428 437 476 655 662 781 771 851 948 1062 1199 1237 1283 1390 1483 1642 1721 1860 1937 2082 2218 2191 2336 2464 2467 2604 2632 2605 2735 2742 2685 2715 2786 2597 2625 2733 2563 2490 2414 2343 2275 2223 2138 2038 1970 1827 1823 1696 1671 1516 1353 1307 1290 1186 1150 1080 987 976 915 835 766 764 707 628 653 550 537 481 432 434 402 337 346 296 308 263 248 257 219 179 176 158 155 148 133 119 114 106 89 93 104 76 72 66 73 74 35 44 44 41 37 26 29 38 40 20 21 27 25 23 22 21 18 15 11 14 9 11 9 8 3 8 6 
0 0 0 0 49 55 36 39 47 67 111 99 95 142 178 334 292 249 295 332 415 470 571 594 677 693 828 896 946 1090 1263 1345 1424 1521 1710 1789 1856 2049 2144 2223 2235 2351 2451 2525 2646 2738 2695 2623 2713 2794 2778 2776 2690 2690 2601 2631 2546 2425 2300 2228 2322 2102 2028 2033 1873 1789 1648 1628 1478 1426 1388 1322 1218 1209 1030 1027 887 919 889 761 711 694 656 560 556 523 479 465 403 416 369 340 302 281 254 248 236 223 189 165 192 164 120 123 111 111 107 92 90 73 72 64 66 68 48 44 43 38 45 38 33 30 27 27 22 31 27 14 24 17 20 16 11 19 13 13 6 13 9 5 5 5 
0 0 0 0 68 59 59 56 50 106 156 162 155 171 181 339 373 376 440 499 567 693 706 788 836 959 907 1184 1182 1225 1477 1530 1704 1796 1755 1912 2040 2178 2296 2265 2377 2575 2524 2676 2661 2637 2640 2762 2695 2704 2755 2610 2666 2551 2558 2474 2324 2234 2221 2214 2004 1917 1864 1745 1722 1669 1635 1473 1415 1319 1212 1138 1133 974 947 836 863 849 717 666 624 583 500 548 495 452 449 379 350 317 335 311 279 233 234 216 197 181 199 146 161 165 132 121 107 102 95 92 81 87 72 64 65 73 32 60 42 46 46 39 37 31 23 20 27 23 25 25 18 18 14 16 10 9 16 15 9 9 7 10 11 5 
0 0 0 0 61 50 56 39 47 135 119 122 126 139 268 243 255 290 210 392 386 427 510 476 581 739 755 864 911 958 1012 1209 1335 1465 1537 1529 1632 1859 1937 2068 2003 2101 2248 2355 2392 2348 2378 2566 2535 2616 2484 2675 2609 2585 2462 2519 2450 2422 2372 2253 2228 2202 2045 1967 2047 1822 1780 1651 1584 1494 1438 1393 1278 1215 1086 1072 1046 946 894 886 793 741 734 634 638 533 545 516 465 441 422 414 368 320 352 289 287 264 235 201 204 188 185 130 134 127 137 115 103 113 103 92 84 86 48 56 57 57 46 51 39 37 36 26 34 32 38 19 28 16 31 12 13 16 13 9 10 5 10 11 5 8 
0 0 0 0 58 53 54 42 54 68 112 171 177 112 150 170 277 370 332 381 360 443 506 536 573 585 711 868 849 986 984 1043 1241 1267 1481 1596 1525 1706 1764 1863 1997 2062 2077 2176 2239 2317 2426 2540 2524 2566 2619 2562 2559 2499 2489 2610 2409 2465 2515 2330 2301 2214 2094 2052 2020 1881 1747 1700 1682 1611 1533 1412 1318 1269 1228 1172 1055 1016 996 853 850 801 736 691 647 579 573 565 515 482 482 385 381 376 349 337 284 269 231 233 239 232 194 199 147 134 137 123 141 112 114 91 88 98 64 79 81 60 67 73 57 52 57 26 32 37 39 33 37 25 25 22 27 26 11 17 11 23 6 9 6 9 
0 0 0 0 60 44 29 35 36 106 129 144 120 118 111 187 310 259 271 305 387 490 677 486 530 654 796 847 934 1023 1039 1157 1244 1403 1496 1473 1627 1921 1833 2020 2004 2078 2259 2318 2499 2480 2520 2640 2666 2650 2702 2728 2732 2784 2691 2689 2602 2535 2497 2345 2378 2283 2204 2081 2085 2046 1879 1767 1694 1516 1534 1417 1387 1269 1185 1152 1039 991 929 868 790 774 720 673 665 546 552 505 461 422 408 367 354 319 300 267 266 246 246 216 187 193 137 145 148 122 136 106 115 97 87 75 80 71 67 53 60 51 54 49 42 34 32 30 29 30 29 21 18 16 21 23 12 12 10 13 17 8 13 9 11 9 
0 0 0 0 62 51 38 45 43 119 142 119 96 129 155 215 236 310 281 276 362 442 472 508 490 606 717 810 847 825 886 1030 1232 1261 1241 1398 1408 1614 1748 1806 1773 1949 2099 2265 2244 2332 2320 2510 2553 2484 2537 2502 2582 2460 2531 2495 2444 2412 2315 2293 2248 2158 2038 2052 1909 1890 1805 1755 1619 1630 1532 1471 1352 1275 1283 1181 1055 1055 1065 975 907 847 749 779 684 625 606 551 507 467 488 455 400 356 309 359 298 258 270 232 214 202 187 171 188 146 143 147 98 108 115 96 86 71 93 61 74 62 59 60 49 42 41 45 30 38 38 31 32 32 18 26 17 22 22 16 13 13 13 22 15 11 
0 0 0 0 51 42 44 45 36 129 102 140 139 85 150 205 297 327 295 326 372 601 602 580 602 608 839 873 1025 1050 1083 1175 1332 1579 1501 1683 1800 1774 2093 2043 2234 2289 2339 2353 2505 2551 2614 2648 2671 2587 2607 2773 2715 2701 2541 2585 2590 2412 2333 2339 2155 2206 2069 2040 1916 1716 1754 1649 1668 1516 1420 1410 1294 1250 1163 996 1115 927 911 860 781 690 611 655 611 586 493 458 434 377 409 348 307 289 286 300 264 214 214 199 183 164 163 152 134 122 133 104 91 100 86 80 74 74 58 56 51 62 55 40 37 32 35 28 31 34 24 22 26 14 27 21 14 18 19 18 18 8 7 12 12 10 
0 0 0 0 65 69 57 59 37 108 148 143 107 106 201 174 286 264 297 317 435 447 499 539 573 777 734 891 954 1010 1049 1261 1276 1336 1380 1716 1755 1891 1903 1931 2160 2146 2362 2469 2479 2529 2555 2784 2517 2631 2637 2650 2758 2739 2620 2565 2546 2555 2436 2446 2192 2113 2036 2064 2038 1831 1790 1724 1666 1537 1466 1358 1274 1254 1092 1113 1026 934 830 890 741 718 692 605 637 537 524 546 452 422 381 369 357 349 310 275 265 220 211 209 207 167 184 153 160 150 128 108 120 101 103 86 96 62 68 54 57 46 41 41 43 36 32 21 16 28 26 26 21 19 30 13 15 13 12 10 11 13 13 9 9 9 
0 0 0 0 63 40 52 58 45 84 173 130 175 173 158 199 277 296 354 341 422 529 597 613 716 729 796 920 989 1054 1149 1280 1352 1400 1510 1616 1854 1887 1951 2125 2123 2162 2281 2435 2436 2387 2449 2468 2648 2636 2568 2651 2498 2470 2602 2501 2398 2332 2344 2298 2273 2121 2017 1995 1856 1803 1688 1620 1613 1503 1521 1348 1304 1180 1179 1038 996 957 876 860 785 701 674 606 588 558 522 459 417 389 351 363 346 283 270 249 237 223 211 176 192 163 141 155 133 121 109 110 87 86 82 80 79 50 69 58 53 43 52 40 39 31 30 40 30 19 27 23 25 17 15 19 18 16 13 14 16 13 8 7 11 7 
0 0 0 0 48 53 56 31 50 51 109 128 96 147 112 197 192 231 239 292 430 451 527 489 592 580 676 822 840 942 1059 1032 1256 1446 1438 1512 1616 1615 1890 1924 2016 2187 2123 2340 2404 2453 2501 2536 2620 2644 2754 2533 2761 2655 2668 2731 2706 2627 2521 2518 2407 2271 2140 2161 2011 1955 1849 1879 1721 1640 1657 1472 1393 1303 1252 1198 1035 1074 966 896 892 750 773 702 636 602 581 499 495 425 418 424 372 312 309 284 272 264 234 200 229 197 175 159 143 134 126 106 87 109 78 84 70 77 64 65 55 53 41 39 38 34 40 24 30 35 17 22 17 32 23 13 29 11 14 15 11 19 15 9 14 5 
0 0 0 0 63 46 43 30 34 243 179 152 87 106 244 265 314 300 281 391 565 556 586 525 609 822 873 923 1025 1026 1105 1470 1523 1504 1702 1676 1864 1866 2075 2154 2178 2227 2422 2500 2431 2641 2639 2543 2771 2705 2674 2693 2631 2567 2635 2480 2517 2433 2228 2256 2148 2202 1999 1919 1840 1739 1696 1614 1530 1511 1368 1305 1232 1153 1092 926 938 921 855 796 773 683 644 595 535 523 495 504 422 404 344 355 330 270 279 249 253 222 213 196 172 149 141 136 157 129 116 102 93 79 80 84 60 65 71 59 45 45 44 30 35 20 25 26 25 17 17 13 21 12 19 15 9 6 14 13 13 7 10 8 11 9 
0 0 0 0 48 36 49 48 47 67 67 104 82 111 275 148 185 189 242 377 407 399 500 536 561 535 678 757 841 975 909 974 1179 1245 1280 1431 1491 1691 1765 1830 1877 1974 2039 2134 2242 2392 2433 2454 2450 2478 2611 2648 2617 2651 2578 2580 2585 2479 2502 2425 2454 2369 2222 2170 2104 1963 1877 1798 1785 1693 1629 1523 1410 1417 1282 1229 1141 1096 1080 923 867 882 770 711 696 671 575 583 483 538 447 397 390 358 338 338 294 268 232 231 211 205 166 186 155 158 142 143 123 115 113 86 97 73 75 54 74 71 38 54 55 43 50 34 38 39 35 24 36 20 26 22 12 21 22 21 29 15 12 6 10 13 
0 0 0 0 74 58 59 44 56 148 124 151 127 210 297 218 322 275 282 482 463 528 550 641 765 786 956 1018 1116 1272 1274 1445 1482 1649 1747 1801 1959 1988 2162 2348 2246 2337 2451 2446 2574 2542 2607 2636 2757 2700 2622 2665 2548 2637 2503 2460 2436 2345 2304 2327 2218 2102 2043 1879 1820 1793 1665 1551 1574 1461 1378 1203 1163 1186 1046 965 939 902 830 758 734 649 631 602 511 489 465 419 377 376 396 319 277 271 250 229 244 164 189 163 161 156 115 116 117 113 89 92 85 68 77 69 59 68 45 52 33 43 49 31 31 30 22 31 28 22 25 17 15 12 20 18 14 23 16 18 13 8 13 7 8 3 
0 0 0 0 68 47 53 58 45 136 126 161 125 127 299 282 292 285 283 389 503 544 541 584 609 701 769 879 1016 1032 1094 1324 1302 1491 1506 1564 1690 1779 2001 1995 2152 2260 2250 2358 2396 2451 2491 2526 2512 2565 2577 2611 2636 2609 2570 2476 2379 2377 2362 2353 2230 2179 2038 1972 1835 1848 1770 1708 1639 1536 1408 1387 1215 1181 1187 1119 1047 925 899 827 798 752 700 688 644 528 548 491 509 421 399 383 376 325 317 257 264 237 225 242 195 200 154 138 140 115 129 108 100 82 107 96 82 66 74 60 60 54 42 39 41 49 48 40 35 34 28 25 25 23 21 14 22 12 17 16 12 11 14 6 9 7 
0 0 0 0 69 60 62 41 53 188 106 208 156 148 185 245 343 401 339 386 459 521 606 664 739 752 900 1029 1024 1206 1270 1255 1453 1488 1668 1704 1749 1955 2127 2109 2200 2312 2427 2451 2511 2549 2643 2672 2648 2691 2563 2630 2771 2634 2594 2486 2388 2390 2299 2226 2125 2127 2035 1831 1889 1770 1583 1569 1500 1426 1369 1257 1241 1090 1070 986 942 877 826 783 738 651 594 602 519 475 484 395 428 393 332 312 336 275 276 231 216 226 198 171 164 136 144 128 115 122 115 109 117 54 59 64 73 62 59 48 55 39 48 26 39 29 40 36 23 34 23 23 21 17 21 21 21 15 17 12 13 11 12 16 7 7 
0 0 0 0 73 57 56 57 43 75 151 172 173 165 200 275 368 348 404 377 435 626 629 635 673 666 833 975 961 997 1079 1212 1270 1437 1417 1528 1729 1734 1845 1979 2003 2129 2238 2224 2250 2318 2394 2534 2408 2512 2420 2475 2537 2439 2434 2413 2327 2270 2180 2237 2061 2039 2019 1995 1929 1753 1758 1601 1499 1457 1363 1337 1193 1170 1168 1024 988 887 923 854 780 713 661 656 606 574 540 467 420 429 398 362 326 304 305 304 287 238 209 222 190 180 188 162 144 133 123 130 115 109 77 81 95 66 57 69 60 61 69 48 46 49 36 26 35 27 15 25 26 21 20 22 17 11 5 16 16 14 6 10 6 9 
0 0 0 0 58 63 41 49 39 98 154 153 113 129 208 283 347 406 351 387 493 561 541 624 717 814 925 1059 1104 1153 1191 1273 1416 1576 1677 1733 1789 1980 1994 2171 2174 2278 2329 2335 2440 2449 2589 2598 2584 2613 2561 2579 2670 2590 2586 2468 2436 2407 2369 2166 2146 2095 1985 1954 1845 1774 1695 1574 1548 1481 1330 1214 1163 1112 1075 1054 936 879 828 729 727 675 638 570 550 493 538 471 450 414 382 335 303 339 293 233 240 214 212 223 176 181 174 165 133 135 112 95 107 100 94 89 84 60 70 61 51 50 54 48 50 38 40 38 30 34 22 16 23 19 34 23 20 12 4 23 16 14 9 6 12 8 
0 0 0 0 36 41 43 45 26 54 200 152 118 106 119 233 312 315 333 346 403 589 622 645 688 676 887 1018 1000 1139 1145 1248 1367 1526 1615 1658 1898 1914 2032 2144 2161 2265 2360 2378 2547 2476 2631 2643 2661 2731 2777 2694 2700 2601 2660 2448 2565 2380 2372 2315 2122 2242 2049 1925 1810 1786 1743 1600 1483 1429 1381 1317 1244 1059 1075 992 1008 917 827 807 724 699 657 624 599 511 480 467 425 369 328 367 329 271 275 252 234 205 198 188 174 163 126 147 121 126 121 92 83 89 85 57 78 68 55 36 47 53 37 36 30 39 32 30 28 26 20 19 21 23 11 14 14 10 16 6 12 8 7 15 10 10 
0 0 0 0 74 53 48 43 54 69 107 117 93 114 133 279 220 298 316 304 416 473 526 569 566 639 702 806 838 923 998 1113 1282 1345 1371 1456 1552 1609 1832 1918 2080 2158 2189 2249 2338 2405 2403 2592 2606 2590 2728 2650 2708 2693 2642 2569 2620 2459 2365 2419 2295 2260 2253 2178 2035 2012 1833 1833 1680 1634 1535 1432 1396 1346 1272 1177 1116 999 988 916 892 764 732 658 683 610 571 542 488 455 452 390 362 337 334 292 276 281 260 256 197 200 182 138 148 168 135 138 115 116 66 97 61 86 71 65 71 51 46 45 47 40 35 32 25 26 27 26 19 24 18 14 12 20 12 11 17 20 11 11 10 9 
0 0 0 0 72 56 46 35 54 155 161 207 94 105 163 319 320 312 357 371 585 595 533 666 659 845 902 956 1031 1096 1293 1337 1458 1511 1584 1721 1879 2008 2014 2176 2253 2244 2412 2335 2508 2583 2626 2647 2702 2652 2596 2649 2521 2552 2491 2510 2450 2354 2373 2298 2197 2118 1928 1960 1899 1834 1768 1567 1501 1416 1350 1280 1173 1106 1076 1023 895 867 806 778 720 658 668 562 553 509 467 460 451 383 367 325 295 299 283 257 209 216 211 174 172 140 115 118 132 114 114 104 105 95 74 79 64 55 66 52 42 51 46 39 35 34 32 26 22 25 21 15 23 18 18 15 11 17 13 9 10 11 11 10 6 5 
0 0 0 0 63 51 47 51 38 112 95 122 120 187 200 220 251 265 352 406 376 416 470 618 598 713 734 861 973 1046 1170 1162 1374 1326 1519 1625 1687 1947 2025 1998 2112 2101 2320 2365 2387 2451 2447 2510 2595 2631 2663 2589 2656 2566 2547 2584 2458 2492 2418 2355 2253 2209 2053 1998 1895 1814 1757 1740 1600 1523 1478 1381 1338 1251 1227 1061 1098 993 918 847 804 721 717 661 642 594 545 489 505 436 388 330 338 339 322 262 266 254 206 220 204 168 180 155 154 148 119 104 94 108 87 87 81 74 74 80 57 55 57 55 32 44 33 23 31 21 29 28 16 21 19 17 16 15 20 19 10 13 9 13 7 14 
0 0 0 0 73 57 52 40 52 142 144 159 130 141 314 276 301 328 351 400 508 575 636 601 655 758 834 1009 1016 1088 1101 1194 1501 1445 1626 1634 1696 1927 1985 2050 2139 2116 2257 2349 2457 2439 2534 2561 2508 2537 2594 2571 2542 2479 2480 2423 2433 2383 2457 2188 2093 2016 1995 1934 1865 1765 1609 1613 1564 1402 1357 1255 1224 1166 1099 1043 960 886 843 799 734 719 659 603 569 551 497 487 430 406 409 340 338 331 292 256 253 235 239 213 188 160 164 164 163 135 123 116 106 97 89 74 77 63 55 71 53 70 44 37 38 36 40 28 26 37 38 27 24 17 16 13 22 16 18 13 14 9 13 11 7 5 
0 0 0 0 52 63 46 52 45 147 166 113 170 180 237 267 317 311 320 369 463 413 478 616 574 665 816 784 920 965 1031 1121 1220 1300 1377 1517 1607 1731 1883 1985 1960 2127 2220 2161 2280 2372 2437 2440 2523 2596 2585 2690 2573 2486 2358 2536 2361 2403 2362 2271 2276 2161 2082 2079 1910 1875 1824 1750 1640 1513 1526 1385 1354 1230 1165 1110 1101 1012 925 891 845 769 740 652 688 619 554 534 472 431 420 405 367 367 347 288 251 259 225 207 209 187 159 169 157 138 137 132 111 102 82 65 73 74 68 66 51 59 60 40 36 35 21 30 28 30 32 30 15 25 9 13 14 10 11 15 13 11 12 10 6 9 
0 0 0 0 59 39 40 43 40 77 66 132 90 162 122 197 266 259 291 270 337 381 450 573 629 687 753 776 909 941 1005 1161 1210 1291 1476 1549 1599 1736 1815 1897 2115 2140 2233 2172 2362 2356 2549 2542 2481 2518 2602 2632 2475 2649 2607 2549 2632 2430 2479 2376 2348 2285 2113 2120 2021 1984 1848 1804 1712 1675 1669 1495 1431 1244 1289 1227 1137 1078 930 907 894 784 750 721 661 634 592 544 505 469 478 421 386 384 330 318 253 257 235 226 205 187 180 171 153 143 138 114 108 113 106 91 83 72 72 62 64 51 62 48 57 39 24 26 21 25 35 23 22 19 11 8 10 12 12 14 9 5 13 6 3 3 
0 0 0 0 45 47 46 38 34 60 79 110 147 118 145 117 198 281 225 254 292 341 419 491 558 575 631 772 736 896 1017 985 1100 1266 1321 1472 1511 1607 1788 1841 1841 2102 2199 2193 2394 2370 2406 2407 2594 2534 2637 2627 2542 2598 2642 2551 2541 2571 2464 2415 2367 2224 2237 2170 2114 2045 1931 1848 1745 1809 1598 1525 1426 1354 1326 1189 1155 1104 985 973 956 819 747 777 714 616 621 538 508 481 447 407 385 404 336 316 289 246 248 228 217 220 179 171 150 141 147 109 121 122 102 96 80 88 66 71 67 64 62 38 54 32 44 34 38 28 23 40 34 29 18 23 14 26 20 20 13 23 11 11 20 11 
0 0 0 0 63 48 49 52 53 152 123 137 89 102 238 306 279 271 258 382 471 513 483 526 617 731 848 902 1001 1023 1097 1205 1279 1435 1462 1648 1807 1806 1999 2114 2153 2175 2304 2365 2421 2626 2613 2577 2603 2659 2600 2602 2546 2564 2587 2584 2474 2371 2376 2303 2260 2102 2067 1919 1841 1885 1824 1668 1635 1548 1441 1359 1337 1217 1133 1070 1020 957 912 842 757 684 642 697 587 563 511 480 467 399 371 365 367 304 272 276 266 203 215 203 159 200 177 159 126 127 131 111 111 98 96 87 63 65 71 70 55 58 55 43 35 37 45 39 32 24 21 30 29 27 15 18 16 10 8 12 11 10 16 13 10 5 
0 0 0 0 73 56 62 45 42 115 101 148 124 154 159 215 280 302 271 331 378 431 486 495 504 585 683 779 820 865 970 1086 1206 1307 1448 1435 1514 1603 1723 1884 2001 2022 2055 2125 2252 2282 2399 2381 2453 2492 2571 2493 2527 2490 2569 2505 2468 2455 2382 2319 2269 2150 2106 2048 1934 1964 1834 1675 1668 1651 1523 1485 1331 1265 1266 1161 1118 1099 992 964 865 830 783 740 658 622 576 515 516 510 461 418 370 355 311 303 296 277 239 252 225 216 189 197 188 155 136 139 117 133 95 95 108 87 65 85 66 70 70 61 53 44 45 54 36 31 28 34 33 24 18 19 19 26 17 16 10 15 9 15 14 10 
0 0 0 0 68 56 55 46 44 63 173 161 121 168 206 422 293 316 297 431 498 574 715 654 810 953 971 1030 1056 1210 1332 1535 1550 1693 1741 1834 1998 2017 2176 2216 2373 2404 2419 2504 2605 2596 2609 2691 2678 2661 2711 2575 2500 2567 2498 2565 2438 2311 2337 2211 2168 2084 1936 1954 1837 1762 1691 1546 1444 1383 1335 1173 1173 1066 1085 966 891 873 820 747 706 661 635 524 563 514 450 403 389 384 329 315 292 256 273 246 227 188 180 155 159 145 137 139 122 107 92 91 93 76 66 66 66 52 56 50 42 40 34 43 38 30 23 24 22 21 12 26 10 19 13 20 13 14 14 11 11 10 8 3 5 6 
0 0 0 0 62 49 48 41 35 80 131 117 99 123 113 185 229 244 322 294 333 370 391 502 641 614 746 732 871 888 991 1109 1155 1212 1272 1431 1574 1610 1711 1883 1973 2083 2083 2106 2264 2335 2379 2359 2511 2515 2601 2504 2561 2630 2637 2557 2497 2416 2423 2391 2339 2322 2218 2129 2111 1961 1917 1902 1759 1754 1642 1503 1453 1349 1371 1292 1234 1141 1075 991 889 891 816 770 685 637 618 573 544 491 487 428 375 387 321 329 294 266 262 216 220 191 194 203 171 158 135 127 96 125 100 95 88 75 75 64 60 67 57 54 65 43 29 37 22 32 32 28 20 29 24 12 14 17 12 8 11 7 10 11 16 3 
0 0 0 0 73 55 60 53 46 93 96 131 108 140 191 165 305 338 288 340 375 450 563 569 577 610 713 786 937 984 1023 1157 1224 1253 1485 1563 1646 1732 1851 1926 2088 1978 2198 2215 2231 2404 2352 2542 2576 2491 2571 2615 2534 2639 2537 2527 2483 2347 2316 2468 2293 2319 2148 2065 1969 1915 1815 1800 1670 1647 1573 1434 1329 1260 1194 1194 1039 1088 964 866 862 756 725 683 631 611 544 524 526 484 413 359 366 346 345 314 295 234 220 204 196 213 174 164 160 148 135 144 121 117 85 98 102 90 71 73 65 49 72 49 46 53 45 40 45 30 46 23 30 27 24 16 22 21 14 15 12 21 9 10 11 13 
0 0 0 0 51 51 48 48 39 75 65 89 103 112 147 185 205 278 230 263 296 335 444 484 452 636 661 645 819 723 963 1051 1096 1182 1269 1415 1458 1495 1620 1666 1826 1970 2102 2141 2202 2272 2249 2345 2348 2455 2576 2467 2483 2465 2428 2485 2448 2608 2341 2431 2193 2338 2257 2185 2039 2031 1911 1863 1761 1780 1642 1526 1434 1354 1370 1327 1229 1091 1107 1057 907 861 827 787 736 745 668 621 575 540 494 509 477 418 381 348 328 324 301 271 260 250 200 230 151 163 157 140 143 115 100 118 107 95 85 69 80 70 66 53 46 44 54 43 45 32 32 39 37 30 29 28 21 24 15 18 17 10 14 14 7 11 
0 0 0 0 56 47 61 57 43 95 160 168 141 228 191 234 293 280 340 357 411 463 577 641 697 726 838 871 1010 1075 1129 1294 1456 1589 1643 1772 1846 1995 2111 2119 2286 2292 2479 2530 2626 2666 2700 2767 2735 2728 2693 2809 2752 2643 2596 2547 2543 2516 2442 2328 2242 2128 2108 2005 1835 1812 1782 1630 1511 1466 1410 1319 1257 1133 1124 1010 962 930 886 769 695 689 609 625 522 519 517 490 441 398 350 340 303 291 253 272 226 245 206 202 168 142 142 153 133 118 111 97 79 70 76 75 76 51 58 68 47 39 44 51 43 38 39 31 21 27 26 23 34 18 14 21 16 20 20 18 11 8 11 11 7 4 
0 0 0 0 45 48 36 37 34 91 125 102 81 130 123 212 308 201 210 275 374 419 407 469 483 573 636 738 763 889 966 1074 1132 1268 1302 1431 1605 1667 1802 1872 2050 2106 2138 2199 2199 2316 2406 2481 2596 2557 2620 2603 2564 2622 2493 2621 2462 2545 2444 2385 2298 2278 2111 2116 2103 1967 1906 1845 1687 1676 1611 1371 1393 1362 1287 1186 1191 1044 1072 930 915 800 790 783 690 588 578 562 549 534 451 430 407 335 344 362 283 247 248 235 225 238 171 170 174 146 155 140 116 117 105 87 106 75 68 67 53 68 42 44 47 41 30 39 30 36 18 27 48 20 16 15 19 21 20 21 15 20 8 16 14 11 
0 0 0 0 49 46 57 41 53 63 97 173 98 115 158 238 258 244 224 248 302 385 431 486 503 553 671 700 860 871 870 986 1067 1221 1228 1440 1451 1535 1632 1720 1773 1904 1963 2005 2098 2224 2262 2370 2430 2437 2494 2437 2487 2539 2411 2474 2548 2381 2329 2420 2338 2242 2224 2065 2039 1995 1924 1873 1681 1646 1611 1503 1450 1353 1252 1294 1205 1076 1006 964 905 866 801 762 729 666 623 628 583 520 423 418 433 421 343 318 292 267 302 244 260 225 219 169 159 162 156 124 121 138 116 98 99 84 85 90 65 63 65 61 57 54 39 38 48 39 28 37 45 35 24 15 27 16 27 23 19 11 14 17 13 9 
0 0 0 0 69 65 50 57 51 165 111 140 82 165 249 312 405 302 293 390 453 557 592 616 667 795 892 1080 1070 1106 1235 1335 1534 1587 1609 1719 1869 1968 2144 2248 2234 2295 2448 2511 2632 2633 2523 2629 2566 2668 2674 2667 2572 2512 2587 2447 2482 2317 2314 2171 2068 2111 1946 1835 1749 1750 1656 1556 1488 1429 1312 1253 1178 1128 1035 987 965 888 820 795 758 675 631 596 566 496 492 449 391 399 382 339 324 279 252 219 236 250 189 183 156 156 144 147 136 106 116 103 85 96 84 71 74 63 58 50 53 50 37 31 45 31 32 32 23 31 29 26 20 20 22 22 19 16 16 16 11 14 9 11 10 9 
0 0 0 0 66 54 50 43 39 98 118 145 183 126 200 208 278 364 410 385 465 494 548 621 629 760 785 883 940 981 1147 1213 1352 1375 1524 1684 1787 1887 2055 2107 2078 2277 2363 2399 2584 2551 2663 2617 2601 2644 2644 2689 2620 2658 2618 2561 2537 2485 2409 2288 2268 2230 2124 2032 1946 1830 1713 1671 1604 1541 1446 1386 1330 1209 1148 1088 972 970 949 866 796 761 672 642 619 538 561 522 443 410 403 359 362 330 297 253 247 245 229 215 167 146 160 166 149 130 114 137 89 86 91 73 76 85 57 53 55 39 43 34 37 43 27 29 27 34 24 14 16 13 21 13 11 9 16 6 6 7 7 10 8 5 
0 0 0 0 62 39 42 52 39 85 107 127 155 139 199 214 257 265 255 373 341 478 487 551 565 619 689 811 1068 980 1030 1138 1229 1328 1471 1555 1662 1826 1825 2054 2026 2096 2348 2272 2387 2427 2403 2524 2557 2610 2604 2562 2593 2587 2570 2571 2530 2394 2368 2363 2279 2165 2115 2109 1988 1914 1775 1760 1619 1556 1451 1395 1289 1220 1179 1113 1077 954 902 890 778 749 725 622 616 556 515 528 478 440 397 342 355 307 277 296 255 236 237 196 215 172 150 177 126 116 104 116 100 102 106 92 82 69 61 55 62 50 49 45 43 42 38 32 35 29 31 27 25 26 17 19 18 17 17 16 9 14 11 22 10 8 
0 0 0 0 56 50 58 39 36 142 123 223 76 107 126 183 231 279 302 296 438 386 554 601 532 611 673 763 810 966 1065 1107 1198 1286 1379 1548 1596 1632 1767 1923 2020 2015 2254 2171 2354 2380 2433 2466 2586 2590 2486 2559 2611 2619 2488 2538 2464 2500 2375 2345 2265 2266 2200 2072 1923 1969 1933 1757 1803 1609 1531 1455 1366 1292 1244 1176 1186 1021 978 915 862 823 750 725 645 641 575 561 505 474 462 393 376 334 351 296 302 259 226 206 202 209 191 180 173 157 140 113 114 84 83 97 84 75 76 54 51 60 55 35 45 45 34 41 23 32 42 26 23 26 18 27 29 17 10 14 12 20 4 8 9 5 
0 0 0 0 59 49 45 48 40 85 110 136 181 132 182 317 230 313 342 379 436 517 612 611 683 729 786 892 966 1056 1162 1217 1395 1466 1592 1723 1704 1924 1983 2042 2138 2187 2322 2357 2444 2523 2512 2713 2564 2602 2696 2588 2636 2586 2573 2525 2475 2400 2325 2266 2263 2140 2091 2035 1964 1831 1734 1683 1681 1476 1426 1296 1299 1233 1093 1119 999 969 854 853 803 727 697 617 599 566 509 517 438 421 374 399 339 317 302 263 275 234 220 219 204 173 191 169 142 136 118 116 124 85 113 74 70 78 79 61 66 58 54 49 49 40 37 27 37 33 29 23 24 10 19 21 13 12 16 9 16 9 7 9 7 10 
0 0 0 0 68 70 43 37 44 86 219 144 99 116 169 227 365 361 304 348 412 547 598 630 717 688 834 868 1030 1102 1181 1301 1390 1456 1549 1654 1746 1828 1940 2121 2161 2198 2350 2368 2414 2601 2536 2636 2556 2577 2590 2683 2577 2665 2578 2487 2497 2423 2338 2284 2196 2197 2116 2016 1880 1869 1736 1599 1537 1451 1378 1388 1232 1189 1103 1002 954 975 850 849 739 724 598 619 583 552 495 459 417 391 396 368 319 307 299 243 243 231 247 206 191 185 163 151 118 126 126 108 86 98 71 83 82 70 62 57 44 42 49 44 34 31 35 33 29 29 26 22 19 25 18 27 13 12 21 17 13 11 11 9 10 20 
0 0 0 0 78 65 47 53 33 117 148 190 143 194 226 260 315 348 404 453 473 502 545 681 838 821 854 877 1100 1209 1201 1416 1381 1446 1634 1723 1791 1986 2006 2163 2209 2321 2423 2431 2555 2570 2565 2589 2657 2680 2658 2710 2693 2629 2547 2527 2552 2551 2392 2247 2241 2205 2136 1926 1806 1833 1701 1650 1613 1433 1333 1309 1251 1134 1158 1059 917 877 811 788 742 710 638 604 541 499 509 487 395 397 387 325 312 305 270 234 254 217 183 186 178 184 134 123 148 122 99 83 89 93 80 81 69 65 64 43 49 54 34 54 30 35 28 24 38 21 28 19 13 19 8 15 16 14 17 14 8 6 8 11 6 6 
0 0 0 0 49 49 48 43 47 95 128 143 190 166 252 286 286 282 326 467 597 623 639 664 786 853 988 1139 1109 1266 1298 1454 1504 1619 1689 1730 1837 1926 2060 2123 2222 2375 2453 2509 2517 2535 2622 2555 2573 2658 2644 2664 2601 2536 2422 2541 2433 2431 2255 2181 2127 2064 2040 1942 1782 1672 1658 1577 1522 1396 1304 1210 1181 1140 988 975 874 879 804 780 716 653 614 614 526 489 455 425 406 392 334 328 320 292 249 219 224 236 190 182 185 168 151 136 120 115 111 116 100 102 94 89 62 61 61 60 56 51 44 49 51 38 30 27 30 28 18 26 19 20 10 15 18 5 9 11 11 13 7 7 10 12 
0 0 0 0 58 58 66 60 58 158 100 143 149 183 361 329 327 327 355 413 522 644 680 657 742 820 1074 1056 1109 1157 1230 1430 1538 1594 1777 1745 1899 1952 2112 2107 2341 2330 2288 2497 2601 2466 2680 2572 2669 2767 2636 2623 2586 2507 2453 2419 2422 2223 2298 2234 2052 1993 1970 1824 1696 1647 1581 1498 1506 1446 1380 1295 1161 1168 1057 961 905 803 809 714 665 666 675 586 530 502 502 457 378 407 382 333 313 279 259 246 230 214 194 188 167 191 129 119 119 99 112 104 108 96 68 65 79 61 63 62 66 49 46 46 40 37 32 35 26 33 34 33 35 18 16 14 21 24 12 14 13 13 18 13 8 11 
0 0 0 0 59 46 52 43 39 69 81 93 132 107 117 139 207 231 281 259 383 405 450 537 572 638 742 762 869 905 1117 1089 1222 1317 1417 1542 1547 1659 1750 1910 2026 2011 2106 2196 2299 2406 2446 2578 2553 2523 2592 2628 2675 2626 2551 2501 2475 2601 2500 2370 2330 2256 2172 2037 2077 1987 1814 1786 1752 1647 1521 1441 1453 1327 1275 1194 1121 1084 1046 943 814 816 765 717 687 643 604 558 514 481 441 415 339 338 316 324 337 295 258 220 214 194 205 192 166 173 154 126 117 121 97 94 94 83 78 92 79 74 69 50 51 46 61 33 30 26 34 36 19 17 16 18 23 13 13 18 12 16 15 9 12 11 
0 0 0 0 53 62 52 42 35 53 100 130 134 123 158 239 243 257 336 338 324 384 481 549 564 642 675 774 885 898 1016 1066 1131 1356 1445 1435 1610 1675 1831 1866 1995 2046 2145 2242 2290 2397 2430 2507 2511 2507 2573 2524 2568 2634 2514 2551 2508 2358 2428 2355 2284 2143 2120 2088 1916 2029 1829 1722 1690 1551 1586 1485 1315 1322 1168 1166 1146 1045 973 884 837 798 788 690 679 596 538 580 494 464 475 390 369 331 353 321 271 294 279 247 199 191 176 185 184 145 133 140 123 98 105 100 73 88 66 62 71 76 44 45 55 37 44 44 37 36 28 24 28 29 40 25 21 13 11 13 14 15 19 16 10 13 
0 0 0 0 57 55 44 47 47 75 221 137 126 145 167 239 263 289 296 357 399 525 546 612 635 708 808 837 1078 1042 1205 1241 1361 1504 1572 1688 1761 1808 1909 2019 2092 2239 2150 2276 2262 2470 2499 2574 2578 2467 2514 2470 2426 2507 2398 2520 2437 2383 2325 2160 2171 2127 2123 1934 1953 1908 1708 1758 1554 1545 1447 1360 1259 1239 1167 1080 964 948 979 875 795 759 677 595 608 586 549 513 446 412 419 361 366 351 331 297 265 211 239 180 185 155 189 157 123 131 114 107 105 87 93 78 71 63 70 66 41 53 47 50 51 51 27 36 35 22 24 31 19 24 18 23 14 21 17 14 15 10 6 11 13 16 
0 0 0 0 61 46 41 40 43 165 137 152 152 177 246 415 429 341 391 455 539 692 697 676 796 816 1017 1116 1215 1276 1326 1549 1606 1775 1777 1954 2053 2080 2239 2279 2320 2444 2609 2585 2585 2605 2668 2763 2708 2664 2625 2566 2587 2564 2470 2483 2421 2343 2305 2222 2029 1904 1926 1764 1718 1671 1580 1446 1333 1297 1280 1181 1132 1028 944 911 861 813 754 683 632 620 575 520 486 464 428 374 376 322 324 266 256 234 247 214 193 203 165 154 153 150 120 129 112 101 103 70 86 76 56 56 61 59 49 54 25 36 35 24 37 22 31 26 23 16 16 21 14 14 14 21 15 12 7 8 9 5 6 7 8 3 
0 0 0 0 68 48 52 56 35 84 159 172 263 145 140 215 291 338 358 421 382 429 512 561 648 720 743 838 956 1049 1141 1186 1265 1388 1596 1685 1640 1810 1866 1962 2118 2221 2355 2297 2434 2498 2486 2523 2426 2614 2622 2660 2600 2575 2460 2502 2485 2404 2444 2285 2244 2126 2138 1950 1909 1869 1825 1729 1643 1533 1430 1376 1301 1230 1167 1188 1009 976 861 833 814 727 679 665 587 583 510 500 480 378 419 316 338 300 320 302 232 215 200 185 195 178 168 139 156 132 118 117 105 97 99 63 67 59 66 51 61 55 32 39 38 33 23 20 32 19 23 20 24 16 16 15 10 22 19 16 8 9 9 10 5 7 
