0 0 58 63 51 131 157 170 248 335 266 392 558 642 965 1142 1360 1607 1909 2346 2740 3176 3425 3961 4296 4752 5121 5372 5628 5862 5933 6118 5991 5831 5822 5517 5232 4968 4793 4391 3969 3728 3270 2959 2659 2331 2151 1926 1601 1467 1260 1028 920 840 653 600 520 475 386 329 271 280 209 159 125 138 105 89 77 56 48 45 31 24 16 27 13 14 10 8 7 4 4 1 1 3 3 2 5 1 0 1 2 1 0 0 2 0 0 1 1 0 0 0 0 0 0 0 0 0 0 0 
0 0 124 96 122 169 277 432 495 681 775 989 1383 1608 1956 2158 2670 3181 3456 4011 4424 5009 5344 5571 5959 6330 6313 6298 6285 6221 6037 5885 5590 5291 4900 4529 4208 3834 3457 3116 2694 2452 2116 1827 1699 1409 1284 1081 910 719 673 552 467 398 351 331 214 175 159 157 109 100 81 75 41 45 29 36 25 28 11 14 11 6 6 9 7 5 6 3 3 1 1 2 1 1 0 1 2 0 0 0 0 0 0 0 0 0 0 0 
0 0 62 78 69 111 151 179 257 350 395 636 760 859 1249 1503 1779 2011 2578 3099 3413 3696 4186 4587 5103 5463 5674 5945 6006 6261 6336 6088 6097 5930 5496 5228 4902 4651 4334 3917 3514 3168 2926 2487 2210 1963 1681 1477 1304 1141 1017 846 734 579 527 427 336 317 269 243 192 145 146 105 96 78 59 64 33 32 38 20 18 15 21 12 14 6 5 5 4 2 0 2 0 1 1 0 0 0 0 0 0 0 0 0 0 0 
0 0 69 62 70 126 169 259 313 538 478 622 895 1264 1506 1768 2164 2626 2994 3379 3789 4391 4783 5194 5461 5797 5956 6228 6257 6178 6208 6055 5820 5639 5383 4990 4638 4248 4024 3619 3278 2946 2547 2254 1916 1718 1530 1325 1221 1006 857 749 606 550 447 386 363 285 215 190 173 149 107 99 79 75 57 35 42 37 33 17 16 13 9 12 10 8 5 1 5 3 2 3 4 2 0 3 1 2 1 0 2 0 1 0 0 0 0 1 0 0 1 0 0 0 0 1 0 0 0 1 0 0 0 0 0 0 0 0 0 0 0 
0 0 54 56 53 126 176 283 345 493 464 761 1050 1243 1489 1881 2276 2615 3024 3416 3907 4338 4973 5347 5579 5874 6121 6305 6445 6308 6140 6064 5957 5569 5367 4943 4704 4335 3832 3481 3205 2713 2576 2166 2024 1734 1469 1266 1136 970 830 678 611 543 439 348 325 247 214 164 147 113 117 97 66 64 40 40 40 20 18 22 24 12 9 12 4 8 6 4 6 0 6 1 0 1 0 0 0 3 0 1 1 0 0 0 0 0 0 0 0 0 0 0 
0 0 58 58 42 82 93 196 273 311 314 431 566 737 862 1231 1513 1781 2159 2442 2847 3178 3693 4286 4583 4804 5341 5445 5730 6000 6314 6206 6208 6203 5828 5683 5353 4963 4781 4300 4143 3633 3213 2899 2557 2374 2074 1845 1570 1436 1208 996 944 776 620 550 501 387 345 291 226 208 160 137 129 97 97 68 59 55 35 39 25 28 16 21 20 10 13 8 3 6 4 4 8 1 3 2 1 1 1 0 0 2 0 0 0 0 0 0 0 0 0 0 0 
0 0 57 54 48 82 124 134 252 274 213 378 566 746 969 1055 1296 1746 2041 2532 2703 3277 3736 4105 4521 4986 5375 5700 5880 6181 6127 6323 6243 6114 5991 5632 5343 5067 4713 4398 4013 3702 3313 3015 2679 2286 2115 1777 1718 1401 1265 1036 924 755 666 557 497 395 385 319 256 231 183 147 132 93 90 71 57 46 41 34 28 26 11 15 14 10 9 8 8 3 4 2 2 3 0 1 0 1 0 0 1 0 0 0 0 0 0 0 0 0 0 0 
0 0 60 53 56 183 211 220 390 464 417 711 949 1045 1364 1771 2034 2249 2727 3116 3566 4106 4562 4823 5250 5742 5802 5840 6255 6320 6274 6043 5896 5744 5404 5072 4929 4526 4018 3860 3353 2987 2737 2422 2075 1856 1699 1424 1230 1057 953 764 642 533 495 427 295 283 235 208 162 148 129 106 90 68 61 57 33 28 24 25 15 11 10 6 6 6 5 2 3 3 1 0 1 1 0 2 0 0 1 0 0 0 0 0 0 0 0 0 0 0 
0 0 46 55 56 189 214 218 409 563 522 749 1046 1273 1557 1888 2260 2636 3099 3459 3928 4371 4884 5114 5555 5854 6072 6442 6307 6354 6352 6020 5984 5630 5389 4920 4570 4285 3971 3548 3241 2904 2454 2225 1978 1823 1402 1298 1129 950 813 707 573 493 401 368 272 259 200 163 132 119 103 87 85 71 45 39 34 40 33 16 23 11 10 4 5 7 5 1 2 1 3 1 2 1 0 0 0 0 1 0 0 0 0 0 0 0 0 0 0 0 
0 0 76 70 65 105 153 230 239 339 365 535 724 848 1210 1456 1764 2172 2498 2991 3248 3825 4370 4752 5241 5590 5724 6193 6248 6384 6427 6327 6248 6198 5774 5431 5094 4818 4422 3919 3669 3284 2862 2679 2358 1951 1834 1564 1308 1148 1031 829 781 642 517 424 376 335 282 229 192 148 142 113 96 68 66 66 46 32 27 26 20 26 9 21 13 8 7 7 5 4 2 3 1 2 2 0 1 0 1 0 0 0 0 0 0 0 0 0 0 0 
0 0 49 56 51 114 160 171 389 439 362 543 824 907 1077 1321 1719 2122 2520 2875 3224 3794 4097 4662 5026 5261 5551 5749 5819 6042 6163 5955 5850 5736 5612 5065 5005 4664 4165 3904 3465 3093 2889 2656 2242 2002 1776 1625 1335 1109 979 880 759 658 556 421 430 348 264 232 206 164 133 134 101 105 77 73 66 50 42 30 26 23 13 16 8 12 12 7 7 3 4 3 4 2 1 0 1 1 0 2 2 2 1 0 1 0 0 0 1 0 2 0 0 1 1 0 0 1 0 0 0 1 1 0 1 0 0 0 0 0 0 1 0 0 0 0 0 0 0 0 0 0 0 
0 0 51 52 45 131 206 213 330 472 513 551 788 1106 1292 1591 1887 2163 2486 2998 3374 3865 4348 4697 5104 5599 5603 5844 6038 6046 6031 6047 5758 5741 5593 5105 4767 4549 4121 3777 3437 3115 2804 2479 2244 1934 1775 1505 1290 1049 955 782 736 613 538 453 383 299 279 264 159 163 149 116 86 79 70 65 52 31 32 26 28 19 10 14 12 9 10 3 7 0 7 2 2 1 0 4 0 2 0 0 0 0 0 0 0 0 1 0 0 
0 0 66 75 69 177 237 271 369 526 520 659 990 1194 1371 1831 2148 2452 3039 3357 3769 4288 4618 5134 5462 5822 6049 6172 6157 6192 6206 6284 5815 5653 5231 4924 4696 4266 3831 3466 3155 2873 2544 2280 2051 1729 1551 1310 1203 961 838 677 637 595 444 347 308 251 227 189 155 131 96 98 78 52 49 34 29 32 25 20 18 7 11 15 3 7 6 4 2 4 3 5 1 1 2 1 2 1 0 3 0 0 1 0 0 0 0 0 0 0 0 0 0 0 
0 0 58 56 58 86 111 251 296 366 388 496 803 962 1115 1405 1826 2104 2512 2766 3319 3664 4347 4770 4982 5468 5661 5986 6107 6095 5991 6053 6051 5807 5552 5330 5004 4623 4295 3930 3530 3204 2952 2558 2250 1994 1781 1491 1292 1113 1045 826 746 640 520 417 380 344 309 210 188 164 126 139 83 82 77 53 51 32 34 26 18 16 21 13 6 11 7 5 3 4 6 5 2 2 0 3 2 1 1 1 0 0 0 0 0 1 0 0 0 0 1 0 0 0 0 0 0 0 0 0 0 0 
0 0 66 63 53 102 299 392 424 680 610 813 1154 1433 1693 1954 2447 2892 3206 3607 4120 4660 4971 5330 5676 5858 6165 6353 6111 6283 6141 5858 5608 5456 5111 4705 4325 3954 3726 3361 2945 2648 2350 2126 1757 1551 1351 1201 994 888 733 666 548 456 390 350 295 224 185 171 127 105 98 81 62 44 46 35 30 29 27 15 14 11 6 7 8 2 1 6 1 1 4 1 0 0 1 1 1 0 0 0 0 0 0 0 0 0 0 0 
0 0 82 54 48 84 176 204 290 404 384 450 751 950 1049 1297 1651 1996 2209 2748 3106 3562 4067 4457 4718 5234 5644 5927 6074 6372 6131 6221 6102 6146 5787 5715 5158 4925 4454 4214 3821 3374 3105 2685 2398 2157 1901 1628 1474 1249 1046 956 794 675 589 498 414 361 321 224 216 171 162 128 103 106 94 65 57 56 46 32 26 28 18 15 13 17 14 5 6 10 4 4 4 4 5 2 1 3 3 0 0 0 0 0 0 0 0 0 0 0 
0 0 66 65 49 170 217 217 497 601 409 675 879 987 1232 1469 1838 2188 2558 2960 3285 3676 4109 4551 4935 5174 5427 5751 6025 6116 5967 6148 5864 5880 5615 5225 5077 4565 4351 4002 3626 3207 2939 2577 2361 2111 1745 1626 1364 1217 1059 903 741 662 536 469 384 338 275 254 202 178 130 114 95 85 63 54 54 35 39 38 29 29 18 8 11 6 6 9 2 3 3 2 1 1 0 0 0 1 2 0 0 1 0 0 0 0 0 0 0 0 0 0 0 
0 0 56 48 53 86 114 143 274 354 252 357 680 736 882 1093 1479 1728 1974 2433 3019 3191 3736 4011 4532 4927 5422 5660 5663 5887 6192 6009 6062 6029 5984 5477 5232 4979 4742 4281 3992 3669 3312 2990 2623 2256 2025 1733 1602 1407 1172 998 937 745 654 505 457 404 348 283 228 212 183 142 108 114 98 75 61 34 45 39 24 23 23 15 17 19 10 9 6 3 6 3 8 4 2 4 1 2 2 0 0 0 0 0 0 0 0 0 0 0 
0 0 70 65 69 120 181 205 336 503 401 626 969 1005 1265 1665 1941 2265 2736 3226 3471 4059 4594 4845 5237 5598 5829 5977 6166 6193 6196 6193 6024 5611 5578 5143 4824 4296 4239 3696 3339 3130 2682 2316 2247 1940 1689 1398 1231 1138 919 798 650 553 496 425 359 327 247 210 149 156 117 91 79 85 71 48 43 30 23 18 10 11 17 5 4 6 8 2 3 0 0 2 0 0 1 1 1 1 0 0 1 0 0 0 0 0 0 1 0 0 0 0 0 0 1 0 0 2 1 0 0 1 0 0 0 0 0 0 0 1 0 0 0 0 0 0 0 0 0 0 0 
0 0 67 49 39 117 176 188 338 569 497 617 931 1105 1284 1629 1903 2214 2581 3161 3319 3727 4216 4580 4894 5244 5552 5597 5731 6102 6090 5875 5798 5701 5410 5111 4842 4519 4054 3774 3453 3183 2929 2563 2262 1982 1759 1562 1332 1210 1027 860 743 624 573 450 404 319 277 219 184 178 143 105 95 85 72 59 42 40 37 28 22 21 21 16 8 9 11 11 7 6 5 4 1 4 2 1 1 3 2 0 2 0 0 0 1 0 1 0 0 0 0 0 0 0 0 0 0 0 
0 0 60 69 66 110 173 227 270 362 367 656 815 893 1261 1461 1679 2051 2289 2645 3189 3630 3921 4395 4697 5318 5504 5671 5934 6044 6199 6017 5896 5800 5631 5162 4938 4664 4482 4010 3844 3393 3042 2778 2462 2138 1873 1619 1435 1236 1050 935 795 728 566 532 430 396 308 282 219 221 172 122 109 107 74 53 49 59 40 35 25 16 19 17 13 8 16 13 6 4 7 5 4 6 8 4 3 1 3 2 1 5 0 1 1 0 0 1 1 0 0 0 0 0 1 0 0 0 0 0 0 0 0 0 0 0 
0 0 63 60 64 147 189 163 325 445 447 687 905 1118 1288 1658 1961 2411 2687 3111 3583 4100 4522 4853 5415 5508 5912 6087 6057 6323 6225 6009 6039 5657 5433 5185 4844 4449 4064 3705 3305 2958 2760 2370 2079 1828 1648 1407 1228 1054 911 736 705 539 464 418 345 283 250 210 187 164 134 98 81 73 63 52 41 45 29 23 26 23 10 12 5 9 5 4 7 3 0 2 0 0 3 1 0 3 0 0 0 0 0 0 0 0 0 0 0 
0 0 67 70 63 276 296 319 481 683 652 911 1323 1424 1713 2249 2577 2907 3384 3897 4221 4772 5066 5377 5756 6082 6084 6240 6439 6083 6092 5863 5526 5238 4968 4637 4072 3816 3561 3211 2894 2514 2203 1953 1704 1482 1271 1115 933 818 742 607 519 441 402 308 261 248 190 166 126 117 103 78 61 53 41 30 38 29 25 26 15 16 8 15 11 10 6 6 7 2 1 2 3 1 1 1 2 1 0 1 0 0 1 0 0 0 0 0 0 0 0 0 0 0 
0 0 54 61 55 113 150 164 281 322 286 458 685 795 936 1224 1521 1757 2161 2583 2860 3247 3696 4309 4616 5097 5387 5631 6079 6209 6199 6237 6102 6106 5795 5627 5214 4983 4553 4248 3928 3535 3215 2953 2620 2283 1994 1691 1519 1344 1193 982 863 734 617 506 442 388 351 292 219 195 156 123 117 95 86 73 68 50 44 39 21 20 20 18 12 11 8 8 4 2 4 7 2 3 2 0 2 3 2 0 0 2 0 0 0 0 0 0 0 0 0 0 0 
0 0 49 65 44 108 109 124 213 336 234 392 535 643 740 947 1170 1462 1870 2030 2366 2857 3146 3552 3942 4362 4707 5123 5246 5557 5762 5950 5991 5923 5902 5778 5443 5198 4921 4580 4223 3869 3514 3200 2994 2606 2289 2049 1925 1612 1377 1183 1104 897 768 664 598 512 393 384 291 272 208 188 147 117 82 76 76 82 43 34 34 16 24 23 17 10 13 8 7 5 3 3 6 1 2 1 1 0 1 2 0 2 0 0 1 0 0 0 0 0 0 0 0 0 0 0 
0 0 48 55 49 81 225 228 253 478 510 667 938 1129 1292 1684 2019 2283 2654 3226 3650 4154 4551 4920 5250 5754 5853 5978 6216 6452 6183 6161 5969 5841 5594 5246 4853 4506 4199 3739 3339 3133 2723 2417 2097 1849 1604 1368 1221 1020 891 742 639 570 467 377 334 278 285 181 185 127 129 102 79 94 60 41 47 30 25 26 20 14 20 10 7 7 4 6 5 2 5 3 2 1 0 2 0 1 0 0 1 0 0 0 0 1 0 0 0 0 0 0 0 0 0 0 0 
0 0 90 56 51 128 164 218 304 485 448 683 955 1089 1314 1623 2036 2453 2754 3125 3753 4083 4461 4854 5122 5652 5772 6055 6045 6103 6261 6195 5959 5680 5480 5041 4670 4430 3923 3650 3367 3039 2664 2398 2122 1898 1608 1438 1222 1068 919 761 646 622 487 421 339 300 220 219 175 132 139 98 82 87 52 62 59 37 30 21 25 14 18 20 13 10 7 6 7 5 6 4 5 4 2 3 2 2 0 2 0 0 0 0 0 0 0 0 0 0 0 
0 0 56 52 58 90 155 256 376 450 515 727 1004 1165 1441 1691 2101 2612 2877 3174 3653 4227 4667 5068 5443 5560 6053 5987 6173 6268 6181 6078 5881 5796 5328 5004 4727 4289 3909 3587 3221 3009 2650 2283 2102 1738 1534 1315 1156 992 835 731 631 584 442 361 363 314 228 204 166 158 108 86 77 74 58 47 34 29 25 28 19 13 18 7 8 10 6 4 2 4 3 1 3 1 3 0 0 2 1 1 0 1 0 0 0 0 0 0 1 0 0 0 0 0 0 0 0 0 0 0 
0 0 58 51 60 107 170 197 275 422 486 529 801 1102 1117 1443 1941 2115 2502 2875 3323 3784 4336 4714 5146 5464 5691 5892 6175 6306 6446 6248 5924 5934 5580 5218 4922 4660 4175 3973 3510 3183 2965 2469 2117 2024 1733 1506 1328 1130 933 743 716 645 550 420 350 344 287 204 193 171 146 139 104 59 66 65 50 32 28 34 19 18 10 14 9 6 10 7 3 4 2 1 6 3 0 0 0 0 2 0 0 1 0 0 0 0 0 0 0 0 0 0 0 
0 0 62 56 62 90 146 194 339 378 349 636 872 969 1208 1580 1933 2206 2597 3087 3539 3962 4345 4886 5316 5526 5823 6169 6227 6358 6299 6229 6026 5934 5462 5141 4821 4499 4202 3762 3360 2970 2768 2448 2134 1885 1649 1517 1249 1039 898 752 668 599 451 444 372 276 258 219 167 141 126 105 76 93 72 65 55 47 25 24 21 20 17 12 9 6 10 12 6 5 5 0 2 2 0 2 0 1 0 0 0 0 0 0 0 0 0 0 0 
0 0 55 45 43 100 179 157 250 403 319 521 767 875 1078 1401 1700 1894 2335 2868 3221 3662 4229 4636 5008 5410 5651 5977 6254 6108 6260 6305 6046 5992 5706 5456 4988 4845 4349 3973 3751 3404 2956 2655 2267 2039 1897 1565 1330 1219 1006 856 736 664 567 457 393 346 293 247 179 166 129 107 96 79 58 53 40 39 27 34 25 23 10 12 14 10 7 4 5 3 5 2 2 2 1 1 1 0 1 1 0 0 0 1 0 0 0 0 0 0 0 0 0 0 0 
0 0 61 56 60 101 144 237 300 463 365 595 880 1040 1196 1625 1777 2159 2693 3029 3427 3948 4353 4824 5136 5421 5865 5881 6190 6133 6099 6168 6018 5834 5473 5215 4988 4559 4033 3915 3349 3065 2844 2424 2267 1932 1642 1451 1303 1118 915 832 702 631 535 433 365 319 292 244 182 187 145 119 98 69 64 54 55 39 40 24 18 20 12 14 6 10 2 4 4 2 5 2 5 0 0 0 0 0 0 0 1 0 0 0 0 0 0 0 0 0 0 0 
0 0 53 52 60 74 105 160 262 337 276 493 730 728 1029 1371 1523 1846 2138 2530 2863 3375 3778 4206 4702 4916 5179 5520 5781 5975 6008 6108 5968 5770 5714 5426 5249 4915 4605 4134 3881 3548 3201 2883 2579 2194 2004 1765 1503 1351 1186 1015 927 744 622 515 474 398 333 278 248 202 173 149 121 88 90 69 33 45 42 38 19 22 10 17 17 13 8 8 10 4 2 4 4 0 5 3 6 0 2 4 1 0 3 0 0 1 0 1 2 0 0 0 0 0 0 0 0 0 0 0 
0 0 50 54 51 95 132 172 249 327 373 525 741 862 1152 1538 1797 2067 2594 3001 3341 3959 4285 4737 5264 5557 5899 6140 6221 6213 6498 6391 6054 5805 5637 5363 5050 4568 4256 3819 3553 3190 2795 2442 2180 1912 1729 1497 1265 1121 924 798 676 574 530 459 345 301 242 220 178 132 120 97 97 59 47 52 34 22 19 32 16 15 4 5 7 7 5 3 3 3 0 0 1 0 1 0 0 2 0 0 0 2 0 0 1 0 1 0 1 0 0 0 1 0 0 0 0 0 0 0 0 0 1 0 
0 0 64 47 55 132 126 173 325 361 270 525 734 913 1056 1380 1654 1865 2271 2591 3117 3635 4134 4295 4706 5174 5489 5752 6186 6155 6228 6230 6117 5961 5787 5486 5185 4812 4516 4238 3770 3406 3052 2775 2457 2149 1877 1680 1546 1266 1091 950 839 726 603 503 406 399 309 256 206 197 133 142 103 85 78 48 45 32 36 29 25 20 21 13 9 8 10 9 7 4 5 5 3 1 1 1 0 0 0 0 0 0 0 1 0 0 0 0 0 0 0 0 0 0 0 
0 0 74 69 55 133 138 221 320 408 338 654 804 876 1084 1378 1676 1990 2379 2689 3137 3552 4031 4462 4761 5152 5541 5762 6088 6098 6201 6080 5840 5914 5665 5198 5097 4568 4235 4032 3566 3268 2906 2676 2391 2053 1792 1599 1388 1143 989 897 770 695 555 496 408 306 289 258 212 179 158 134 114 99 69 60 64 37 59 33 39 25 21 11 14 15 9 9 8 5 5 1 3 4 5 1 2 3 0 4 0 0 1 1 1 0 0 1 1 1 0 1 0 0 0 0 0 0 0 0 0 0 0 
0 0 54 48 36 112 194 179 250 320 288 449 837 871 1003 1543 1736 1954 2392 2805 3283 3715 4198 4596 5051 5323 5629 5961 6032 6240 6224 6213 6071 5794 5627 5334 5181 4678 4297 3972 3661 3423 2931 2711 2382 2161 1826 1618 1406 1159 1005 938 769 694 578 471 393 337 308 216 233 196 145 136 119 82 83 72 55 38 36 51 39 27 24 14 17 18 11 8 9 4 6 9 6 4 7 6 2 1 2 1 4 4 0 1 0 2 2 0 2 1 0 1 2 0 0 0 2 0 1 0 0 0 0 0 0 0 0 0 0 0 
0 0 51 56 58 119 151 286 292 353 413 594 685 1036 1073 1337 1649 2066 2286 2709 3102 3567 3926 4275 4572 5007 5438 5667 5600 5681 5985 5877 5705 5724 5572 5215 4897 4541 4233 4070 3660 3245 3070 2671 2429 2165 1906 1600 1476 1294 1115 974 843 718 643 552 456 403 342 298 252 220 172 153 122 98 93 72 64 41 42 45 30 27 20 25 16 12 8 7 8 5 4 5 2 1 1 1 1 0 0 0 0 1 0 0 0 0 0 0 0 0 0 0 0 
0 0 67 50 51 140 167 219 288 426 313 462 828 986 1067 1363 1734 2153 2317 2812 3134 3704 4110 4509 5042 5374 5657 5834 6026 6099 6231 6226 6055 5853 5693 5484 5227 4740 4358 4059 3652 3288 2939 2656 2379 1997 1791 1624 1368 1138 951 881 756 640 571 449 393 305 289 241 211 189 144 118 109 80 68 60 53 43 24 21 21 15 14 9 6 7 5 3 4 3 1 3 0 1 1 0 0 0 0 0 0 0 0 0 0 0 
0 0 65 62 77 114 218 277 374 528 469 681 872 1011 1382 1587 1999 2328 2660 3153 3656 4040 4362 4694 5256 5427 5691 5946 6172 6011 6109 6007 5740 5545 5481 5007 4703 4348 4112 3669 3202 3089 2786 2386 2157 1936 1634 1462 1248 1048 907 834 717 574 521 430 371 319 258 223 180 153 96 124 94 85 67 49 38 48 27 27 26 24 10 15 10 4 10 7 10 6 7 3 2 4 0 0 4 2 3 0 2 0 0 0 2 1 0 0 1 1 0 0 0 0 0 0 0 0 0 0 0 
0 0 70 86 72 105 201 199 264 438 325 509 824 935 1041 1381 1872 2119 2392 2929 3342 3788 4263 4564 5090 5378 5709 5746 5929 6045 6110 6099 6030 5733 5529 5337 4951 4513 4415 3909 3554 3209 2881 2621 2298 2020 1789 1591 1396 1185 1068 864 770 668 551 463 430 335 314 253 219 189 190 126 103 88 84 56 66 53 28 15 25 22 19 14 14 13 6 2 5 6 5 9 0 3 4 2 2 0 0 0 0 0 0 1 1 0 0 0 0 0 0 0 0 0 0 0 
0 0 58 48 48 84 100 173 212 238 284 360 533 576 730 1033 1321 1542 1749 2218 2516 2847 3201 3490 4102 4584 4835 5181 5544 5780 5823 6008 5895 5940 6009 5801 5446 5240 4868 4670 4365 3935 3537 3310 3005 2627 2231 1967 1787 1598 1333 1165 1057 871 784 647 544 472 415 336 294 229 219 183 177 108 98 73 59 63 44 41 36 31 23 22 19 10 7 12 8 6 5 7 3 2 2 2 0 3 1 4 3 0 1 0 0 0 0 0 0 0 0 0 1 0 
0 0 58 49 45 175 218 242 302 320 360 493 680 745 1143 1409 1617 1964 2365 2635 3001 3415 3850 4364 4803 5198 5401 5669 5876 5955 6036 6148 5976 5888 5803 5553 5111 4859 4500 4158 3861 3434 3018 2735 2425 2130 1855 1702 1524 1269 1094 965 833 671 573 479 461 357 313 260 254 196 153 126 92 85 84 53 50 47 37 18 27 16 21 19 11 7 7 9 0 2 6 4 4 2 1 2 1 2 2 2 2 3 0 0 2 0 0 0 0 0 1 0 0 0 0 0 1 0 0 0 0 0 0 0 0 0 0 0 
0 0 66 50 56 177 209 258 436 664 621 786 1202 1401 1630 2116 2362 2763 3334 3775 3999 4638 5052 5384 5750 5878 6134 6261 6254 6467 6096 5967 5654 5382 5127 4799 4404 3918 3661 3431 2931 2721 2292 2057 1896 1586 1389 1159 1049 895 741 609 566 502 394 356 283 232 198 175 118 136 126 101 66 68 53 28 43 30 29 20 14 16 9 4 14 8 4 8 3 3 2 4 6 5 1 3 1 0 0 1 0 2 1 0 0 0 0 0 0 0 0 0 0 0 
0 0 66 53 63 148 187 220 257 526 474 598 885 1084 1156 1474 1926 2093 2536 2988 3222 3685 4104 4444 4848 5250 5427 5788 6040 5945 6059 6074 5814 5667 5440 5174 4822 4636 4136 3867 3621 3084 2866 2556 2224 1987 1784 1561 1377 1176 1036 917 788 642 546 468 422 296 294 205 228 164 128 115 111 92 73 56 55 41 38 32 36 17 12 10 10 11 8 2 6 1 4 0 2 4 0 0 1 1 2 1 0 0 0 0 0 1 0 0 0 0 0 0 0 0 0 0 0 
0 0 71 65 51 79 127 211 222 349 267 370 573 771 876 1066 1385 1751 1991 2346 2798 3233 3682 3917 4395 4786 5062 5522 5774 5931 6064 6225 6098 5981 5912 5516 5275 5044 4828 4418 3955 3645 3262 2957 2648 2366 2071 1865 1623 1371 1223 1091 902 777 665 541 478 400 344 287 250 201 179 143 113 90 86 89 46 46 39 32 26 25 16 18 20 14 8 9 5 9 5 4 4 5 3 2 3 2 1 1 1 1 0 0 0 0 1 0 0 0 0 0 0 0 0 0 0 0 
0 0 64 67 46 86 171 197 267 349 329 509 639 844 1064 1227 1587 1894 2217 2652 3038 3493 3910 4476 4689 5226 5481 5743 6031 6222 6178 6105 6108 5959 5734 5524 5158 4859 4541 4244 3744 3436 3148 2792 2437 2208 1887 1671 1479 1317 1121 951 826 708 611 524 411 385 319 266 216 191 147 151 107 94 76 55 53 47 38 32 22 20 17 13 16 14 4 7 8 3 9 6 1 0 3 2 0 1 1 2 3 1 0 0 0 0 1 1 1 0 0 0 0 0 0 0 0 0 0 0 
0 0 70 67 62 107 126 209 306 428 418 572 877 1056 1156 1492 1878 2254 2576 2926 3381 3799 4115 4566 5154 5370 5635 5873 5945 6148 6176 6075 5951 5571 5471 5135 4729 4631 4167 3870 3438 3045 2812 2632 2217 1971 1759 1532 1369 1163 990 842 707 668 496 457 441 332 281 221 203 194 165 107 94 75 62 64 50 39 35 21 27 11 10 13 11 7 4 6 3 4 2 6 2 2 2 3 0 1 2 0 1 1 1 0 0 0 0 0 0 0 0 0 0 0 
0 0 76 59 58 113 196 246 339 466 462 714 972 1027 1289 1703 1832 2333 2622 3008 3549 3907 4344 4753 5154 5268 5605 5871 5862 6280 6242 6036 6060 5830 5347 5252 5037 4518 4320 3728 3600 3153 2788 2451 2217 1902 1711 1408 1258 1076 933 805 703 588 470 452 335 311 263 237 169 161 110 122 84 83 55 64 39 31 35 31 21 17 20 14 12 12 13 5 6 3 6 4 1 1 1 0 2 2 0 1 1 0 0 0 1 0 0 0 0 0 0 0 0 0 0 0 
0 0 69 60 47 100 348 358 482 772 827 1079 1404 1641 2091 2482 2878 3342 3838 4231 4848 5346 5539 5911 6353 6541 6438 6584 6504 6470 6258 5835 5636 5355 4889 4526 4064 3696 3421 2913 2592 2461 2043 1717 1553 1346 1076 1013 849 685 625 515 466 368 290 281 261 202 144 132 104 108 78 64 61 57 43 26 25 16 18 18 7 8 12 10 5 1 4 1 2 2 1 0 0 1 0 2 0 0 0 1 0 1 0 0 0 1 0 0 0 0 0 0 0 0 0 0 0 
0 0 62 52 51 119 139 232 297 387 412 634 884 876 1197 1421 1763 2113 2393 2776 3259 3671 3990 4416 4806 5148 5599 5620 5909 6072 6194 6046 5919 5746 5496 5282 4986 4675 4156 4001 3636 3298 2916 2530 2396 2129 1872 1612 1401 1264 1087 921 781 669 609 520 419 351 306 255 211 199 137 145 107 98 82 62 46 47 33 26 16 11 14 20 10 9 8 13 6 4 6 6 7 2 0 2 1 1 1 1 2 0 0 0 1 1 0 0 0 0 0 0 0 0 0 0 0 
0 0 69 56 58 94 135 168 247 337 256 607 649 775 1137 1382 1618 1973 2393 2789 3245 3653 4113 4585 4904 5356 5642 5927 6164 6228 6335 6175 6153 5992 5717 5355 5116 4841 4348 4073 3762 3275 2953 2625 2360 2115 1805 1578 1376 1224 975 865 754 636 514 419 384 293 266 205 170 161 126 114 82 67 62 43 50 30 21 17 15 17 9 9 10 6 6 4 5 3 3 5 0 1 1 1 0 0 1 0 1 0 0 0 0 0 0 0 0 0 0 0 
0 0 70 53 50 115 131 193 268 352 317 516 757 953 1088 1375 1662 2002 2402 2657 3140 3605 4029 4464 4839 5244 5675 5946 5972 6162 6150 6180 6082 5831 5538 5414 5128 4697 4271 4123 3689 3396 2974 2655 2407 2198 1846 1603 1452 1255 1054 925 813 726 613 551 431 344 341 266 231 222 168 131 100 82 99 68 41 41 36 36 32 33 21 15 5 11 8 7 7 7 6 3 1 2 0 3 0 0 1 3 0 1 1 0 0 0 1 0 0 1 0 0 0 0 0 1 0 0 1 0 0 1 0 1 0 1 1 0 0 0 1 0 0 0 0 0 0 0 0 0 0 0 
0 0 65 73 57 133 287 277 374 565 563 805 1164 1345 1706 2063 2308 2678 3018 3607 3918 4424 4938 5121 5631 5939 6110 6192 6268 6284 6075 5855 5638 5673 5093 4918 4382 4180 3774 3333 3083 2762 2450 2180 1878 1662 1444 1242 1045 1029 817 677 618 486 405 362 306 244 218 194 167 140 102 86 76 79 49 49 32 35 23 26 19 18 17 9 8 4 7 4 6 3 5 4 4 2 0 1 1 0 0 0 0 0 0 0 0 0 0 0 
0 0 54 62 44 116 168 182 350 427 364 657 946 1050 1171 1573 1826 2229 2543 3069 3345 3866 4266 4523 4857 5247 5572 5720 5659 5933 6056 5887 5661 5558 5482 5163 4839 4500 4011 3896 3492 3193 2852 2535 2273 1928 1728 1592 1368 1224 1000 890 780 585 598 526 399 354 279 278 204 177 148 112 120 107 79 72 45 40 39 27 24 24 21 13 7 9 11 8 3 5 2 4 3 0 3 1 0 1 2 0 0 2 0 0 2 0 1 0 0 0 0 0 0 0 0 0 0 0 
0 0 69 51 64 120 153 198 318 371 332 568 772 909 1164 1498 1671 1993 2318 2794 3170 3641 4033 4370 4821 5159 5547 5744 5927 6142 6129 6013 6016 5705 5612 5355 5089 4630 4358 3969 3639 3298 2935 2658 2290 2123 1836 1616 1407 1164 1066 945 757 663 596 482 459 367 283 222 188 204 144 137 103 85 63 58 58 30 34 29 15 16 11 15 6 5 4 4 1 2 1 4 1 0 0 0 0 0 0 1 0 0 0 0 0 0 0 0 0 0 0 
0 0 57 62 47 77 149 194 218 304 245 345 572 634 828 1067 1318 1504 1840 2223 2483 3085 3453 3798 4375 4803 5165 5445 5651 6010 6144 6239 6109 6209 5931 5745 5413 5162 4781 4565 4109 3811 3394 3106 2755 2485 2240 1931 1669 1546 1265 1070 986 845 706 617 481 430 389 352 283 235 180 146 119 113 109 86 81 58 52 35 41 28 20 17 25 14 6 7 10 7 6 1 3 7 4 0 2 1 1 2 1 2 0 0 1 0 0 0 0 0 1 0 0 0 0 0 0 0 0 0 0 0 
0 0 74 53 51 105 184 307 408 559 510 745 1084 1244 1571 2024 2339 2702 3023 3611 4052 4482 4920 5168 5706 5842 6114 6156 6232 6370 6245 6161 5778 5519 5247 4960 4585 4062 3805 3417 3138 2711 2411 2183 1900 1675 1430 1296 1081 983 829 714 542 525 407 364 309 288 202 197 138 115 106 84 84 74 50 33 45 25 17 26 15 10 8 6 9 6 1 5 4 2 1 0 0 1 0 0 0 0 0 1 0 0 0 0 0 0 0 0 0 0 0 
0 0 61 57 52 99 175 185 367 470 402 649 924 1054 1347 1608 1770 2253 2659 3016 3488 4012 4423 4731 5236 5476 5861 6021 6133 6310 6208 6301 5942 5779 5454 5245 4811 4415 4087 3813 3405 3072 2664 2434 2187 1798 1686 1441 1193 1167 948 798 713 612 508 398 382 318 283 219 180 155 136 104 88 75 55 68 51 33 39 20 27 17 14 20 12 13 11 6 10 7 6 4 0 2 1 1 0 1 1 0 1 0 3 0 0 1 0 0 1 0 0 0 1 0 1 0 0 0 0 0 0 0 0 0 0 0 
0 0 72 68 69 113 132 251 398 483 477 710 961 1097 1246 1657 2032 2392 2853 3233 3719 4097 4615 5002 5254 5723 5694 6049 6198 6123 6133 6088 5908 5506 5429 5055 4657 4329 3983 3580 3350 2968 2747 2370 2017 1858 1649 1405 1247 1056 889 792 651 529 503 420 363 298 258 214 172 142 148 114 101 71 56 56 55 42 25 32 29 11 18 12 13 8 4 6 4 2 2 2 1 1 1 0 1 1 0 0 0 1 0 0 0 0 0 0 0 0 0 0 0 
0 0 68 56 66 102 131 173 272 385 373 475 649 846 1003 1217 1634 1886 2196 2570 3007 3390 3888 4428 4650 5032 5457 5881 6024 6091 6300 6449 6153 6079 5765 5644 5336 4960 4527 4234 3847 3436 3095 2806 2383 2206 1949 1674 1418 1327 1151 934 835 673 608 483 423 336 316 262 245 199 160 159 83 106 76 64 53 38 33 32 20 22 13 7 8 10 5 6 0 3 2 2 0 1 0 0 0 2 0 0 0 1 0 0 0 1 0 0 0 0 0 0 0 0 0 0 0 
0 0 69 52 54 103 123 241 319 383 416 681 835 832 1293 1584 1807 2146 2633 2873 3249 3811 4193 4609 5067 5293 5641 5786 6043 6034 6168 6191 5967 5818 5552 5158 4932 4659 4348 3897 3552 3199 2914 2581 2286 1956 1669 1583 1351 1125 975 779 750 634 501 440 325 290 255 224 177 170 131 102 94 75 56 59 36 39 21 34 18 10 18 7 9 7 7 4 3 1 2 3 2 3 3 1 0 1 1 0 1 0 1 1 0 0 0 1 0 0 0 0 0 0 0 0 0 0 0 
0 0 52 44 45 70 116 202 315 323 338 540 842 931 1148 1459 1760 2043 2389 2798 3247 3720 4126 4606 4973 5284 5622 5937 6136 6236 6404 6210 6238 6055 5657 5593 5065 4702 4350 4108 3657 3301 3048 2742 2352 2124 1826 1579 1367 1130 1053 873 777 675 575 450 414 306 296 242 223 176 142 109 96 86 73 61 47 36 31 34 26 19 9 9 7 11 6 6 7 1 3 1 1 2 0 0 0 0 0 1 0 0 0 0 0 0 0 0 0 0 0 
0 0 56 63 53 97 193 243 271 416 394 622 803 967 1230 1550 1770 2049 2506 2964 3266 3743 4286 4590 5150 5470 5616 5847 6095 6394 6183 6164 6163 5826 5417 5417 4953 4515 4336 3998 3640 3226 2790 2661 2191 2029 1697 1565 1270 1173 993 879 693 585 536 444 357 335 278 224 207 147 151 116 115 85 73 60 43 40 38 22 16 21 16 15 6 7 4 4 7 4 0 4 3 2 0 0 0 1 1 0 0 1 0 0 0 0 0 0 0 0 0 0 0 
0 0 59 58 57 265 304 286 423 686 790 968 1205 1555 1813 2220 2568 2835 3426 3762 4236 4748 5143 5393 5831 5878 6134 6229 6177 6132 5961 5875 5606 5326 4976 4692 4225 3963 3590 3174 2973 2569 2230 2102 1753 1603 1336 1160 1003 832 771 644 527 458 371 304 293 222 202 165 152 109 95 78 53 59 54 28 35 17 22 12 11 16 10 4 5 4 4 5 1 1 2 0 1 1 1 0 0 0 1 0 0 0 0 0 0 0 0 0 0 0 
0 0 60 55 57 174 174 204 331 421 417 704 834 999 1303 1603 2015 2209 2632 3191 3682 4135 4554 4953 5375 5676 5922 6123 6394 6312 6303 6124 6052 5674 5586 5195 4846 4448 3894 3722 3388 3068 2709 2407 2171 1818 1659 1337 1201 1063 842 771 698 559 472 413 356 306 268 212 164 119 122 120 86 62 58 54 38 42 38 18 28 18 7 11 6 6 6 12 4 0 3 2 1 2 1 2 0 0 0 0 1 0 0 0 0 0 0 0 0 0 0 0 
0 0 78 72 59 110 202 249 307 390 457 558 869 950 1227 1528 1907 2207 2508 2988 3371 3845 4325 4623 5232 5469 5680 6089 6158 6277 6220 6187 5996 5831 5638 5213 4945 4600 4339 3999 3467 3167 2767 2545 2259 1906 1746 1561 1309 1147 982 889 658 624 548 468 364 322 279 199 184 176 141 103 84 75 64 50 48 29 23 23 21 16 18 11 13 3 6 5 4 2 4 2 2 1 1 0 1 2 0 1 0 0 1 0 0 1 0 0 0 0 0 0 0 1 0 0 0 0 0 0 0 0 0 0 0 
0 0 68 51 66 148 183 253 313 424 582 670 959 1076 1410 1737 2047 2353 2833 3240 3698 4132 4456 4891 5317 5574 5863 5942 6155 6267 6101 6043 5844 5494 5249 4966 4670 4348 3955 3688 3291 2936 2548 2359 2141 1823 1544 1382 1203 1077 894 790 659 611 504 389 389 286 248 192 192 149 130 92 77 85 48 51 47 35 39 22 20 14 13 20 10 6 6 8 2 4 4 1 4 2 2 1 0 0 1 0 1 1 2 0 0 1 1 0 0 0 0 0 0 0 0 0 0 0 
0 0 68 56 55 115 132 154 297 316 327 477 674 804 908 1402 1596 1927 2267 2663 3117 3580 4109 4516 4803 5321 5573 5888 6105 6406 6368 6335 6362 6207 5839 5575 5285 5039 4617 4146 3821 3494 3049 2739 2393 2172 1935 1659 1388 1235 1095 930 789 705 540 475 389 354 307 252 207 168 160 108 101 72 53 54 61 46 21 30 31 20 10 17 15 13 5 4 6 4 3 0 3 0 3 3 0 0 0 1 0 1 0 0 0 1 0 0 0 0 0 0 0 0 0 0 0 
0 0 48 60 42 102 186 334 432 519 370 592 932 1055 1361 1642 1962 2320 2706 3048 3411 4017 4248 4621 5223 5352 5603 5891 5991 6123 6127 5907 5890 5625 5370 5062 4699 4461 4140 3790 3358 3031 2651 2363 2179 1848 1598 1407 1254 1105 943 778 706 578 490 431 347 305 256 225 191 152 131 116 94 79 65 62 35 55 33 27 24 22 20 12 17 11 10 11 12 8 5 3 5 3 2 4 4 0 1 1 1 0 0 0 0 1 1 1 0 0 1 0 0 0 1 0 0 0 0 0 0 0 0 0 0 0 
0 0 63 55 54 104 132 170 259 393 376 598 834 912 1183 1566 1681 2053 2538 2803 3222 3868 4230 4600 5021 5350 5698 5952 6263 6220 6152 6293 6067 5822 5689 5486 5141 4676 4454 4026 3533 3288 2974 2566 2312 2031 1733 1613 1350 1149 1011 842 714 660 540 475 409 336 272 205 175 181 128 117 99 79 72 53 45 37 44 30 15 22 15 10 7 8 4 9 2 3 4 10 3 0 0 2 2 1 1 1 0 0 0 0 0 0 0 0 0 0 0 
0 0 69 57 59 98 299 274 426 673 749 766 1063 1307 1624 1935 2474 2707 3215 3642 4036 4467 4845 5303 5424 5846 6110 6195 6172 6135 6079 5817 5656 5541 5198 4803 4507 4020 3734 3436 3164 2823 2461 2139 1911 1606 1368 1284 1058 931 811 689 575 503 412 336 304 263 202 189 162 126 100 74 83 73 45 32 39 25 25 20 25 19 13 15 11 6 7 8 3 5 0 6 0 0 2 0 2 2 0 0 0 1 0 1 0 0 0 1 0 0 0 0 0 0 0 0 0 0 0 
0 0 82 72 48 140 216 257 330 432 400 564 983 1065 1332 1701 1967 2286 2720 3001 3328 3814 4322 4689 5183 5491 5580 5871 6046 6101 5939 6040 5961 5623 5419 5101 4811 4377 4040 3795 3384 3049 2849 2471 2216 1924 1689 1428 1224 1116 1020 873 735 626 531 434 392 313 283 223 199 162 133 133 103 77 69 66 36 48 43 26 31 22 13 17 6 11 8 5 9 4 6 0 3 1 1 2 1 1 2 2 0 0 1 1 0 0 0 0 1 0 0 0 0 0 0 0 0 0 0 0 
0 0 72 78 54 173 251 234 314 481 505 711 1018 1154 1487 1791 2165 2580 2922 3385 3741 4283 4755 5111 5501 5753 5889 6134 6217 6161 6175 6028 5957 5519 5253 4903 4707 4256 3996 3502 3290 2922 2557 2234 1983 1664 1607 1343 1145 988 821 750 640 505 477 398 326 258 240 206 176 139 98 100 101 66 60 46 40 32 34 27 19 7 20 13 8 4 4 10 8 3 5 1 2 0 1 0 3 1 0 0 1 0 0 0 0 0 0 0 0 0 0 0 
0 0 85 72 61 201 281 311 429 643 631 868 1132 1296 1682 2129 2464 2818 3289 3639 4173 4677 4951 5428 5652 6071 6261 6314 6336 6264 6251 5951 5696 5508 5037 4809 4432 4023 3717 3349 2975 2609 2308 2104 1891 1511 1336 1214 996 892 748 616 558 492 427 318 273 254 199 176 145 116 113 86 77 66 54 52 23 23 24 15 14 9 14 9 6 8 6 3 2 0 1 0 5 0 1 2 1 1 1 0 0 0 0 0 0 0 0 0 0 0 
0 0 61 59 53 151 168 213 358 430 379 550 839 887 1072 1428 1755 1976 2386 2727 2999 3514 4080 4291 4763 5087 5438 5719 5771 6115 5960 6059 6033 5723 5580 5334 5064 4711 4356 4055 3646 3322 2967 2754 2509 2127 1848 1621 1505 1215 1098 897 847 693 611 482 439 388 273 272 210 175 161 129 123 91 79 77 55 54 52 26 28 22 19 15 21 12 6 9 6 3 1 3 2 1 2 1 1 0 0 1 0 0 1 0 0 0 1 0 0 0 0 0 0 0 0 0 1 0 
0 0 53 51 54 53 170 262 284 400 471 644 894 994 1242 1559 1876 2292 2733 3148 3549 4008 4446 4800 5256 5610 6043 6239 6294 6342 6338 6225 6047 5849 5529 5232 4915 4425 4261 3791 3515 3020 2810 2502 2111 1964 1619 1417 1238 1023 933 791 662 553 475 407 356 324 252 188 169 143 109 103 90 59 53 51 41 32 29 21 18 11 9 12 7 4 9 7 1 4 2 3 0 2 1 0 2 1 0 0 0 0 0 0 0 0 0 0 0 
0 0 59 82 45 63 206 251 254 348 365 457 792 903 1047 1427 1739 1995 2266 2875 3298 3662 4209 4332 5045 5280 5490 5939 5969 6285 6231 6138 6047 5801 5589 5446 5197 4834 4356 4005 3700 3300 2947 2654 2207 2153 1777 1629 1358 1175 999 911 759 658 586 465 428 350 285 250 178 155 129 125 88 74 54 64 44 41 29 27 26 17 15 14 12 11 12 10 3 8 3 5 5 2 2 0 2 1 1 1 0 0 2 0 0 0 0 0 0 1 1 0 1 0 0 0 0 0 0 0 0 1 0 0 
0 0 65 63 55 104 125 225 278 374 331 538 830 868 1133 1444 1702 2116 2406 2880 3262 3644 4042 4662 4948 5401 5778 5995 6272 6233 6307 6334 5937 6012 5550 5416 4940 4760 4212 3951 3539 3157 2884 2583 2288 1989 1782 1635 1336 1150 956 887 771 655 494 466 460 352 276 258 198 165 154 128 100 81 81 62 47 42 43 28 22 27 12 9 8 7 3 6 4 5 2 3 3 1 0 0 0 0 0 0 0 0 0 0 0 
0 0 64 70 56 117 177 282 304 412 453 731 987 1041 1355 1737 2037 2483 2760 3176 3745 4190 4599 4890 5176 5494 5808 6140 6061 6465 6068 6113 5893 5622 5249 5005 4661 4464 4047 3718 3392 2983 2614 2419 2065 1780 1648 1393 1174 1039 901 819 607 542 508 406 317 283 238 195 191 139 114 94 91 65 55 41 46 47 32 27 31 14 9 11 5 8 8 6 6 1 3 4 1 2 1 1 1 1 0 0 0 0 0 0 0 0 0 0 0 
0 0 60 50 49 198 270 296 442 600 593 781 1159 1393 1607 1961 2451 2763 3160 3683 4097 4487 5010 5314 5410 5837 6170 6134 6308 6158 6182 5905 5774 5516 5268 4835 4562 4138 3758 3356 3014 2687 2474 2204 1905 1559 1415 1181 1012 897 772 670 510 469 440 341 273 235 200 183 140 113 90 76 64 62 49 31 31 26 31 20 21 19 11 8 5 7 6 3 3 1 5 1 5 3 0 2 1 0 1 0 0 0 1 0 0 0 0 0 0 0 0 0 0 0 
0 0 48 70 52 103 171 236 351 368 373 601 814 1023 1238 1488 1832 2164 2625 2966 3525 3954 4305 4845 5189 5645 5708 6022 6136 6218 6301 6175 5956 5897 5472 5264 5005 4560 4241 3834 3419 3227 2793 2547 2215 1968 1796 1444 1242 1157 973 800 702 556 494 399 367 285 265 187 174 146 109 102 99 70 67 42 56 42 17 27 27 18 19 6 10 9 6 7 2 3 5 0 1 1 3 1 1 0 0 0 0 0 0 0 0 0 0 0 
0 0 51 58 63 122 174 178 287 371 268 411 594 647 821 1132 1447 1572 1800 2302 2661 2901 3373 3873 4247 4591 5049 5268 5590 5783 5863 6020 5927 5908 5810 5633 5290 5129 4784 4469 4084 3697 3509 3072 2786 2487 2189 1935 1699 1465 1272 1158 946 811 720 619 519 444 407 314 287 253 207 173 157 116 96 100 83 59 46 55 38 34 33 25 21 19 16 11 7 13 4 5 5 4 5 7 2 1 0 3 1 0 2 0 1 0 1 0 0 1 0 0 0 1 0 0 0 0 0 0 0 0 0 0 0 
0 0 62 61 63 86 109 198 254 301 340 436 520 712 897 1152 1374 1714 2033 2511 2678 3243 3503 4077 4409 4803 5188 5458 5643 6096 6046 6072 6049 5848 5769 5396 5378 5002 4660 4229 4038 3538 3243 3020 2621 2389 2042 1802 1629 1405 1229 1026 861 767 680 525 476 404 352 294 253 201 170 152 131 118 76 61 74 42 42 42 26 23 21 18 19 18 8 0 6 4 3 3 4 0 2 1 2 0 1 1 1 0 2 0 0 0 2 0 2 0 1 0 0 1 1 0 0 0 1 0 0 0 0 0 0 0 0 0 0 0 
0 0 55 46 48 74 112 128 149 223 246 328 448 526 698 833 1103 1367 1697 1932 2282 2601 3064 3591 3905 4403 4882 5106 5475 5826 5869 6050 6366 6160 5962 5846 5614 5374 5129 4873 4612 4036 3705 3286 2988 2712 2559 2161 1934 1704 1378 1280 1097 959 769 687 606 513 434 347 289 248 231 183 147 117 114 88 70 66 47 32 26 30 19 24 17 15 12 6 6 6 6 4 8 5 1 2 2 5 3 3 2 1 1 3 0 1 0 0 0 0 0 0 0 0 0 0 0 
0 0 57 58 57 100 146 168 279 365 282 556 765 804 1099 1478 1825 2140 2533 2939 3365 3895 4224 4660 5135 5477 5874 6000 6167 6354 6316 6257 6085 5982 5688 5197 5019 4689 4240 3786 3472 3160 2940 2647 2262 2040 1771 1508 1348 1123 1004 863 749 618 551 501 393 330 307 230 202 179 153 133 100 86 67 54 66 50 37 36 22 29 26 20 18 11 7 8 6 3 7 9 0 1 1 2 0 0 2 0 1 0 0 0 0 0 0 0 0 0 0 0 
0 0 75 72 67 86 176 252 258 366 361 555 905 1134 1361 1616 1950 2348 2551 2969 3456 3849 4274 4809 5099 5473 5842 5969 6041 6221 6157 6004 5864 5801 5503 5144 4911 4675 4207 3917 3586 3119 2785 2614 2163 2007 1683 1542 1280 1185 992 787 716 618 506 423 384 316 239 249 189 135 149 112 107 66 59 59 39 39 39 24 14 21 14 12 7 12 7 11 4 6 3 3 2 2 2 0 0 2 1 0 1 0 1 1 0 0 0 1 0 1 0 0 0 0 0 0 0 0 0 0 0 
0 0 54 56 51 94 222 209 234 402 400 545 743 997 1147 1493 1889 2115 2525 2960 3450 3781 4224 4805 5304 5422 5677 5981 6269 6332 6153 6136 5969 5902 5610 5232 5051 4699 4163 3835 3532 3188 2874 2556 2332 2008 1782 1489 1300 1122 989 865 727 629 541 458 393 315 282 217 182 169 143 122 104 67 68 78 56 36 25 34 21 18 12 11 18 11 10 8 5 3 4 4 4 2 0 1 2 1 1 0 0 1 1 1 0 0 1 1 0 0 0 0 0 0 0 0 0 0 0 
0 0 54 50 48 175 202 209 333 423 474 607 816 1043 1336 1595 1894 2224 2664 2998 3465 3838 4358 4789 5034 5530 5634 5896 6046 6142 6328 6079 6003 5792 5446 5256 4855 4533 4285 3737 3493 3109 2671 2518 2181 1866 1677 1505 1311 1096 931 800 637 547 456 458 312 286 264 216 158 140 138 81 79 77 45 42 40 22 19 29 14 14 8 6 6 3 2 4 4 4 2 0 1 0 0 0 0 0 0 0 0 0 0 0 
0 0 48 62 56 92 129 192 367 406 284 514 685 824 1225 1372 1686 2120 2480 2790 3317 3699 4084 4506 4888 5357 5523 5915 6083 5999 6309 6190 5991 5723 5622 5267 5047 4786 4372 4053 3642 3212 2936 2651 2328 2141 1745 1580 1346 1190 1032 875 778 648 548 412 414 336 259 245 210 176 151 111 92 89 73 54 46 46 24 33 26 11 11 13 7 2 10 2 4 4 3 3 1 1 2 1 0 0 0 1 0 0 0 0 0 0 0 0 0 0 0 
0 0 46 73 51 130 163 256 302 357 440 616 815 1050 1141 1438 1804 2193 2501 2822 3350 3858 4358 4711 5124 5475 5779 6026 6056 6220 6140 6219 6080 5746 5472 5460 4951 4452 4138 3850 3491 3068 2947 2446 2173 1912 1686 1412 1345 1086 967 784 669 570 513 423 312 308 277 195 172 162 121 105 94 87 58 51 48 42 33 36 20 23 21 12 12 10 8 8 11 4 3 6 2 4 1 6 2 0 4 2 1 1 1 2 0 0 0 1 0 0 0 0 0 0 0 0 0 0 0 
0 0 52 55 51 134 209 226 336 409 344 710 870 998 1253 1655 1921 2152 2707 3051 3398 3975 4413 4853 5225 5643 5862 6096 6197 6266 6191 6346 5941 5800 5529 5350 4913 4628 4122 3723 3433 3089 2826 2534 2220 1950 1619 1529 1237 1120 991 780 724 589 511 456 351 276 269 203 170 151 115 106 106 71 55 48 35 40 33 23 16 19 15 9 9 14 10 7 2 6 9 2 4 1 4 1 1 4 0 1 0 0 0 0 0 0 1 0 0 0 0 0 0 0 0 0 0 0 
0 0 65 67 61 90 112 192 235 325 313 486 688 771 1033 1317 1585 1906 2245 2624 2961 3479 3974 4323 4900 5231 5633 5850 6087 6196 6210 6311 6233 6104 5956 5549 5296 4976 4630 4094 3850 3582 3155 2799 2461 2238 1864 1614 1434 1259 1085 950 840 662 580 488 425 361 296 238 197 189 145 108 120 92 70 60 53 49 31 30 28 19 20 13 12 10 4 9 8 9 2 2 2 1 1 1 0 1 1 1 0 0 0 0 0 0 0 0 0 0 0 
0 0 54 54 48 167 216 300 378 539 488 738 1044 1289 1550 1760 2245 2665 3072 3376 3802 4280 4730 5111 5582 5719 6020 6205 6295 6200 6191 5983 5881 5510 5338 4877 4537 4337 3811 3360 3074 2810 2382 2228 2014 1645 1478 1281 1136 955 845 666 633 568 481 378 277 287 235 175 169 128 111 97 80 67 59 45 34 27 25 26 13 13 19 13 4 4 5 4 3 6 1 1 1 1 2 2 0 0 0 3 0 0 0 0 0 0 0 0 0 0 0 
0 0 85 79 75 141 187 214 413 528 386 623 1053 1143 1346 1741 2125 2503 2865 3257 3555 3983 4477 4934 5173 5566 5815 6069 6226 6190 6042 6035 5864 5659 5487 4997 4682 4345 3930 3644 3294 2920 2616 2340 2087 1843 1635 1373 1169 987 845 739 656 557 488 359 360 264 231 218 158 132 109 116 70 61 51 64 42 31 31 25 21 17 23 10 8 9 11 4 1 7 1 6 5 3 1 2 0 0 0 2 0 0 0 0 0 0 0 0 0 0 0 
0 0 50 48 63 135 228 280 354 534 570 774 1004 1188 1547 1835 2157 2527 2974 3331 3799 4345 4631 4800 5457 5623 5767 5984 6197 6200 5933 5867 5782 5535 5285 4880 4587 4329 3976 3597 3179 2852 2581 2329 1968 1795 1538 1430 1188 968 914 708 636 582 499 453 353 317 240 208 161 155 118 101 92 73 66 42 44 43 25 21 21 14 15 13 10 6 6 3 2 3 4 3 1 1 1 1 0 0 0 1 0 1 1 0 1 1 2 0 0 0 0 1 1 0 1 0 0 0 0 0 0 0 0 0 0 0 
0 0 50 78 56 93 182 197 341 488 472 611 793 1015 1217 1526 1892 2222 2588 3038 3409 3851 4299 4688 4973 5453 5727 6056 6122 6076 6182 6122 5949 5819 5559 5403 4848 4583 4231 3897 3604 3058 2773 2591 2342 1993 1718 1458 1340 1149 966 840 711 582 516 416 398 314 257 235 174 153 121 119 90 87 66 48 61 27 34 29 17 21 11 8 12 12 11 9 8 6 6 5 1 3 1 1 5 1 1 1 0 1 0 1 0 0 0 0 0 0 0 0 0 0 0 
0 0 50 51 57 137 165 219 313 442 397 613 973 1058 1363 1557 1881 2318 2647 3130 3609 4030 4489 4907 5333 5743 5819 6101 6256 6385 6215 6309 5974 5887 5387 5063 4904 4400 3951 3702 3499 3132 2678 2301 2004 1915 1581 1417 1290 1036 816 794 660 554 462 427 317 292 242 196 164 154 102 102 86 72 57 46 39 32 17 23 20 13 6 15 6 5 3 3 6 4 2 1 1 2 0 0 2 1 0 0 1 0 0 0 0 0 0 0 0 0 0 0 
0 0 51 55 38 141 171 206 288 390 426 570 742 924 1125 1582 1821 1966 2476 3031 3231 3780 4163 4733 5017 5332 5526 5908 6120 6153 6317 6133 5952 5804 5642 5316 4892 4536 4172 3981 3480 3124 2926 2571 2199 1935 1711 1484 1286 1162 959 838 714 601 500 402 324 294 252 229 149 172 142 100 86 69 53 52 31 38 29 33 11 11 18 11 8 10 10 6 7 5 2 6 3 2 3 1 0 1 0 0 1 0 1 0 0 0 0 0 0 0 0 0 0 0 
0 0 61 67 67 94 169 189 200 473 441 549 852 912 1088 1589 1738 2054 2435 2963 3311 3663 4149 4716 4951 5274 5690 6021 6188 6238 6193 6166 6131 5911 5506 5448 5067 4664 4271 3820 3545 3163 2882 2481 2248 1985 1756 1479 1289 1155 975 859 740 573 580 507 405 309 305 239 210 169 141 110 96 116 58 58 52 43 39 26 26 14 17 11 8 10 5 5 8 8 5 6 3 3 2 2 1 2 1 0 1 0 0 0 0 0 1 0 0 0 0 0 0 0 0 0 0 0 
