0 0 68 66 50 79 129 178 172 347 206 300 491 394 452 588 634 688 863 983 1076 1159 1264 1463 1506 1751 1769 1920 2091 2103 2198 2414 2410 2533 2614 2563 2495 2604 2621 2483 2483 2463 2345 2310 2274 2091 2033 1975 1793 1746 1663 1494 1461 1325 1287 1198 1076 947 886 852 842 680 620 634 586 533 443 405 378 367 316 292 239 224 217 174 151 146 136 146 95 102 86 74 76 62 59 47 35 46 24 35 39 21 32 26 17 19 13 9 10 12 6 7 6 6 4 7 3 2 3 4 0 0 3 2 1 1 1 3 1 0 1 3 3 0 0 0 0 2 0 0 0 1 1 0 0 0 0 0 0 0 
0 0 134 52 39 155 162 149 269 318 379 372 375 493 647 718 872 907 1114 1293 1318 1477 1591 1729 1939 2086 2265 2259 2408 2607 2649 2639 2903 2843 2912 2954 2902 2951 2880 2832 2660 2629 2533 2399 2308 2125 2029 1865 1851 1626 1586 1530 1361 1187 1122 1082 935 853 823 659 587 585 492 478 420 396 347 305 285 274 220 196 186 181 135 132 119 110 85 113 58 53 61 52 49 46 39 28 26 24 26 20 27 16 12 8 6 8 11 7 12 8 4 4 5 3 1 2 4 3 3 1 2 2 1 0 1 1 0 0 1 0 1 0 0 0 0 1 0 0 0 0 0 0 0 0 0 0 0 
0 0 69 54 63 95 106 160 190 215 189 244 352 294 424 515 527 608 815 894 965 1062 1218 1361 1505 1663 1813 2049 2081 2158 2388 2519 2627 2763 2691 2760 2812 2806 2867 2791 2756 2808 2572 2521 2451 2315 2214 2132 1984 1818 1786 1631 1532 1444 1289 1250 1089 969 1017 848 777 706 658 591 583 490 465 431 336 346 274 268 241 238 171 171 171 123 117 108 109 95 101 67 50 47 61 43 57 44 35 27 25 17 29 7 22 19 15 11 10 7 4 7 6 6 5 8 3 1 0 1 1 0 1 0 0 0 0 0 0 0 0 0 0 0 
0 0 64 46 62 99 108 185 357 167 213 412 392 434 543 579 623 727 842 986 1008 1192 1304 1385 1536 1647 1707 1836 1987 2110 2302 2311 2391 2507 2543 2596 2543 2584 2696 2589 2522 2464 2471 2469 2335 2182 2159 2030 1962 1799 1718 1522 1499 1430 1233 1210 1075 1041 900 878 768 757 599 560 573 464 449 414 339 319 301 264 212 223 198 173 131 142 149 120 100 85 86 65 56 58 59 51 31 33 34 31 26 20 25 14 10 11 10 10 9 7 6 4 6 2 3 2 4 2 1 2 1 0 3 3 0 1 4 0 0 1 0 0 0 1 0 0 0 0 0 0 0 0 0 0 0 
0 0 51 53 47 84 128 135 146 269 169 186 393 383 434 667 607 769 856 948 1098 1218 1336 1524 1710 1843 1917 1919 2206 2398 2355 2457 2641 2748 2709 2772 2822 2730 2817 2824 2694 2629 2571 2368 2344 2317 2096 2085 1961 1829 1635 1604 1556 1428 1256 1204 1100 1010 963 812 787 784 646 565 512 482 426 398 376 306 297 259 243 207 163 178 177 134 101 125 96 83 90 77 56 39 54 42 28 22 27 23 21 13 15 15 14 12 7 6 5 6 2 6 3 6 3 1 3 2 1 0 1 0 1 1 0 0 0 0 1 0 0 0 0 0 0 1 0 0 0 0 0 0 0 0 0 0 0 
0 0 67 46 44 92 84 109 150 194 153 180 339 308 397 486 474 607 784 802 906 1145 1256 1356 1666 1754 1868 1986 2220 2299 2457 2674 2745 2724 2865 2921 2931 2996 3026 2918 2908 2886 2773 2725 2568 2474 2398 2251 2090 1976 1858 1743 1600 1530 1292 1262 1185 1047 987 869 792 750 641 610 462 427 433 340 300 307 270 225 213 201 146 134 146 136 94 98 75 63 66 60 56 44 46 34 32 26 18 20 11 13 12 11 6 7 9 5 1 5 5 3 4 3 1 1 0 2 1 2 1 0 1 0 0 0 0 0 1 0 0 0 0 0 0 0 0 0 0 0 
0 0 55 46 46 90 83 127 221 224 152 222 362 371 388 449 566 669 701 803 888 1091 1188 1215 1472 1601 1678 1920 1938 2167 2179 2417 2477 2617 2664 2715 2855 2821 2827 2717 2751 2844 2608 2568 2482 2328 2342 2250 2173 1916 1913 1736 1652 1561 1381 1294 1170 1145 1019 864 863 807 716 657 521 477 489 440 385 334 306 272 275 201 200 184 180 152 143 116 98 114 86 83 80 62 58 51 59 33 34 32 26 25 25 17 20 16 18 9 15 8 11 15 10 11 10 5 6 6 6 6 6 4 6 4 1 1 1 4 0 1 1 2 1 2 1 0 0 0 0 0 0 0 0 0 0 0 
0 0 73 52 64 90 105 184 196 208 193 365 466 457 567 572 726 829 880 1000 1180 1320 1498 1602 1710 1943 2071 2184 2296 2430 2509 2660 2757 2848 2824 2903 2852 2915 2710 2769 2660 2614 2474 2425 2309 2144 2092 1956 1842 1666 1618 1512 1351 1227 1171 1064 990 879 799 697 638 627 529 481 442 402 374 292 292 259 231 183 185 170 139 118 106 97 84 87 51 56 50 38 52 40 36 36 28 18 23 18 23 12 15 12 10 7 10 5 10 3 6 4 2 4 3 1 0 0 0 0 0 0 0 1 0 0 0 0 0 0 0 0 0 0 0 
0 0 52 45 45 108 116 167 199 204 167 293 513 539 456 662 715 800 803 994 1230 1343 1380 1564 1711 1685 1910 2067 2212 2319 2432 2478 2622 2655 2711 2764 2722 2730 2674 2645 2588 2589 2572 2443 2267 2170 2108 2043 1869 1743 1644 1511 1368 1327 1240 1147 1021 932 844 786 731 673 550 529 491 422 389 370 330 278 248 251 198 181 160 126 142 115 89 103 95 69 56 68 41 44 30 37 29 25 19 19 25 12 5 15 10 9 15 7 5 5 4 7 3 4 4 1 1 1 1 2 1 0 0 0 0 1 2 0 0 1 0 1 0 0 1 0 1 0 0 0 0 1 0 1 0 0 1 2 0 0 
0 0 87 67 46 159 225 195 272 365 402 402 579 644 723 817 1002 1109 1316 1309 1452 1723 1711 1917 2099 2127 2389 2531 2570 2725 2799 2916 2866 2914 2975 2912 2903 2888 2757 2739 2684 2499 2478 2346 2205 2050 1930 1828 1772 1649 1506 1388 1216 1128 1089 946 842 822 723 652 561 574 482 427 431 327 306 266 245 217 199 186 166 140 144 120 99 81 91 69 64 47 59 46 37 27 30 18 22 32 19 24 18 13 11 8 10 13 14 6 6 2 3 8 7 8 2 2 2 3 2 2 1 2 2 1 1 1 1 0 0 2 0 0 1 1 0 1 0 0 1 4 0 1 1 1 0 0 0 0 0 0 
0 0 61 50 49 107 212 234 203 328 321 346 457 492 571 708 871 924 1052 1304 1377 1405 1538 1827 1927 2118 2193 2232 2419 2584 2630 2741 2840 2775 2947 2894 2813 2755 2753 2772 2626 2456 2345 2343 2235 2146 1907 1852 1712 1583 1492 1383 1265 1198 1061 976 879 777 790 647 606 581 535 471 387 363 319 315 249 239 215 205 166 149 144 122 99 112 90 84 71 55 42 46 37 31 46 30 33 30 32 15 19 15 22 11 15 16 12 17 10 10 6 17 9 3 5 13 5 4 5 4 1 7 3 5 2 7 2 0 2 2 1 1 3 1 0 2 0 1 0 0 2 0 0 1 1 2 0 2 1 0 
0 0 47 55 56 88 157 149 251 235 199 343 368 396 533 527 627 801 879 1029 1121 1202 1248 1489 1603 1695 1887 2079 2183 2269 2455 2557 2591 2665 2744 2686 2848 2830 2779 2747 2749 2635 2609 2482 2364 2348 2182 2031 1926 1845 1717 1607 1537 1290 1272 1154 1079 1000 910 842 739 645 643 539 511 420 381 359 300 310 276 231 214 189 169 179 128 110 124 88 87 84 72 72 63 43 49 39 38 39 19 19 25 24 18 22 20 14 14 11 10 9 6 8 8 8 5 3 3 2 2 1 2 0 3 2 0 0 0 0 0 0 0 0 0 0 0 
0 0 57 49 49 173 202 145 271 304 258 355 443 487 569 657 728 824 1027 1083 1215 1420 1441 1668 1854 1940 2054 2178 2309 2408 2544 2610 2835 2778 2783 2769 2833 2821 2781 2755 2690 2594 2532 2420 2322 2187 2058 1921 1902 1748 1571 1547 1448 1241 1241 1060 986 907 872 753 681 647 568 486 447 407 395 314 279 286 221 198 207 168 160 136 120 111 99 95 85 82 65 60 55 47 48 39 35 32 36 21 18 20 12 13 11 11 7 8 2 4 2 7 6 2 4 1 3 1 5 0 2 2 2 2 0 1 1 1 1 0 0 0 0 0 0 0 0 1 0 0 
0 0 49 59 43 63 120 241 200 176 267 319 400 416 422 578 711 758 863 1005 1161 1246 1251 1490 1660 1751 1875 2093 2192 2268 2388 2589 2552 2685 2714 2726 2814 2865 2777 2679 2660 2650 2566 2507 2357 2311 2143 1927 1831 1841 1652 1502 1449 1321 1264 1173 1055 922 885 730 685 644 601 528 505 413 389 354 308 278 282 220 196 202 160 160 130 123 116 89 100 59 71 63 46 39 37 45 40 31 24 32 25 25 23 13 16 14 13 11 22 11 6 6 8 4 5 5 9 4 3 4 3 3 6 1 2 2 3 3 2 0 2 0 2 4 1 1 1 0 0 1 2 1 2 2 2 1 0 0 2 1 
0 0 61 56 53 194 119 198 336 311 262 384 487 568 632 709 940 1032 956 1170 1372 1546 1720 1855 2015 2222 2332 2459 2510 2773 2791 2881 3024 3042 2954 2944 2932 2831 2782 2752 2612 2649 2380 2322 2270 2048 1943 1803 1680 1557 1444 1295 1132 1163 1041 953 853 796 675 623 565 490 473 421 359 341 326 254 246 195 179 157 144 124 84 105 93 73 69 57 54 49 40 31 40 36 26 23 30 26 21 14 15 10 13 12 16 9 5 10 6 3 3 6 7 3 5 4 2 1 2 1 2 1 1 0 0 0 1 0 0 0 1 0 1 1 0 1 2 0 0 0 1 1 0 0 1 1 0 0 0 2 
0 0 50 45 65 131 133 130 189 292 258 310 496 511 628 814 815 938 1068 1220 1373 1497 1711 1818 1900 2140 2180 2314 2428 2544 2594 2767 2805 2724 2797 2910 2742 2830 2741 2706 2650 2467 2487 2362 2211 2116 2058 1883 1763 1657 1439 1466 1266 1158 1082 1054 970 812 851 665 637 550 503 465 451 375 362 310 282 252 240 204 181 157 131 107 125 96 84 93 61 54 49 45 47 38 38 31 26 13 10 16 16 18 9 9 9 8 6 6 5 7 8 4 3 3 4 1 3 1 2 2 0 0 1 1 0 0 0 0 0 0 0 0 0 0 0 
0 0 59 55 39 96 118 126 168 202 171 214 444 324 347 585 586 625 853 965 952 1164 1247 1366 1576 1698 1791 1952 2022 2127 2257 2368 2533 2503 2688 2594 2659 2682 2706 2724 2618 2698 2486 2521 2397 2294 2190 2135 2068 1994 1771 1666 1569 1440 1287 1329 1120 1026 939 854 800 756 653 585 590 532 413 402 385 341 316 281 257 206 207 155 169 144 130 103 96 88 84 76 56 54 45 38 44 37 28 35 21 26 17 16 17 25 18 13 9 6 10 7 5 6 5 7 8 2 1 5 4 1 1 3 2 0 2 1 2 0 0 1 0 0 1 0 1 0 0 0 0 0 0 0 0 0 0 0 
0 0 55 47 39 119 115 111 191 256 168 318 339 396 541 626 620 670 812 938 1029 1227 1312 1459 1612 1761 1850 2016 2263 2349 2486 2490 2588 2795 2702 2901 2791 2915 2816 2727 2772 2592 2532 2596 2420 2347 2157 2095 1986 1858 1675 1584 1466 1370 1291 1149 1074 991 909 795 745 651 607 569 522 457 435 412 342 286 271 238 228 216 196 158 169 124 122 99 97 82 85 78 62 65 57 40 45 30 38 26 30 22 23 16 11 7 10 9 8 3 5 10 6 3 5 2 4 4 4 2 3 2 0 3 0 0 1 1 1 1 1 0 0 0 0 0 0 0 0 0 0 0 
0 0 71 70 54 95 166 215 282 248 214 390 429 502 538 627 757 875 1001 1162 1180 1306 1487 1565 1724 1937 2062 2111 2292 2466 2489 2543 2601 2661 2787 2706 2740 2748 2705 2552 2646 2490 2474 2381 2238 2045 1985 1846 1764 1688 1593 1491 1360 1271 1172 1094 959 946 824 780 666 635 590 585 474 426 360 357 315 271 231 231 210 179 145 123 155 105 120 96 93 70 67 50 61 36 40 42 35 29 25 28 35 18 22 19 19 15 19 13 13 14 7 8 7 6 9 7 6 7 4 7 3 4 4 4 5 3 2 1 3 1 2 1 2 1 2 0 2 1 0 0 1 0 2 1 1 1 0 1 0 0 
0 0 50 52 52 86 166 122 220 219 246 373 484 428 487 664 704 749 834 984 1052 1151 1293 1416 1540 1705 1784 1990 1964 2090 2221 2344 2429 2518 2621 2622 2592 2751 2585 2550 2577 2433 2421 2409 2372 2204 2081 2016 1895 1772 1630 1582 1415 1388 1262 1178 1073 987 930 813 711 686 694 589 519 479 454 391 363 338 311 263 212 237 200 191 161 138 140 119 95 78 83 68 74 54 43 45 37 34 20 23 31 24 17 13 16 20 10 7 13 8 8 4 4 4 5 5 3 4 1 2 1 0 0 1 2 1 0 0 1 0 0 0 0 0 0 0 0 0 0 0 
0 0 64 52 47 97 165 125 231 205 196 330 400 331 493 576 596 760 946 965 1152 1266 1407 1484 1719 1790 2106 2255 2318 2477 2578 2756 2791 2904 3049 2963 2925 3008 3043 2984 2887 2700 2680 2554 2434 2343 2244 2078 1935 1831 1632 1507 1495 1307 1177 1148 981 883 823 749 728 607 530 499 464 406 346 318 270 240 246 211 186 139 135 144 104 111 103 80 66 75 45 58 61 38 44 49 29 19 24 21 12 16 10 16 6 10 6 8 6 6 9 3 2 4 2 3 0 0 3 0 1 1 1 1 0 0 0 0 1 0 0 1 0 0 0 0 0 0 0 0 0 0 0 
0 0 64 52 50 131 101 149 300 302 238 341 447 487 560 745 820 859 957 1190 1223 1367 1537 1698 1815 2060 2069 2121 2342 2425 2666 2619 2744 2700 2859 2868 2868 2778 2779 2801 2732 2535 2546 2443 2380 2348 2063 1900 1897 1779 1591 1496 1346 1274 1183 1099 1000 864 847 700 643 618 551 455 407 422 339 318 255 278 236 216 166 159 120 134 89 105 81 81 77 49 51 49 50 37 23 24 21 36 19 20 14 12 10 11 4 7 6 7 3 3 10 3 2 5 4 4 7 4 2 2 6 1 3 2 2 4 4 3 1 4 1 1 2 2 0 0 2 2 3 1 1 2 1 1 1 1 0 1 0 0 
0 0 59 51 52 102 148 165 288 363 210 348 517 481 535 699 855 932 1029 1235 1323 1445 1679 1692 1902 2242 2234 2313 2346 2618 2575 2807 2859 2843 2841 2851 2824 2902 2834 2676 2702 2576 2511 2390 2235 2131 1998 1864 1731 1608 1567 1348 1247 1190 1127 981 877 839 742 694 616 541 525 442 403 385 336 280 259 235 209 202 178 144 117 119 103 85 88 77 62 67 51 48 42 30 33 32 21 15 16 13 19 14 12 9 7 6 6 4 1 5 1 2 2 0 1 1 1 1 2 0 0 0 0 0 0 0 0 0 0 0 
0 0 50 46 51 72 88 167 188 229 143 284 470 412 403 585 645 662 836 935 968 1125 1305 1282 1461 1641 1781 1801 1999 2126 2207 2402 2495 2641 2604 2723 2625 2711 2774 2624 2540 2578 2558 2508 2432 2333 2117 2042 1985 1792 1684 1618 1481 1406 1273 1187 1135 991 933 832 756 677 619 586 486 438 466 381 334 306 259 277 225 199 179 175 160 140 125 111 115 113 81 79 67 62 49 56 32 37 31 32 18 27 24 23 14 8 16 7 13 9 10 1 6 5 2 2 3 2 2 1 2 0 1 0 1 0 0 0 0 0 0 0 1 1 0 0 0 0 1 1 0 0 1 0 0 0 1 0 0 0 
0 0 64 53 40 84 176 139 151 334 240 399 488 415 553 744 751 813 1080 1215 1237 1353 1605 1649 1745 1955 2121 2211 2352 2484 2604 2572 2764 2812 2859 2802 2870 2863 2720 2711 2747 2660 2528 2448 2380 2253 2032 1966 1879 1784 1601 1498 1429 1289 1174 1033 961 892 851 761 661 584 570 486 425 424 369 308 294 251 284 201 181 154 163 136 107 105 93 87 63 58 51 55 40 45 42 33 29 30 26 24 19 18 21 12 18 13 5 11 11 10 3 9 4 4 3 2 2 5 2 0 2 0 0 1 0 0 0 0 0 0 0 0 0 0 0 
0 0 57 55 54 87 111 133 250 232 151 314 306 459 398 455 661 761 757 908 1006 1161 1240 1371 1479 1698 1796 1992 2116 2297 2317 2489 2625 2787 2864 2783 2786 2791 2784 2714 2691 2681 2575 2464 2460 2403 2185 2081 1990 1823 1707 1610 1455 1376 1298 1241 1069 1010 888 805 760 689 632 529 518 428 423 385 330 282 280 261 232 212 167 163 152 128 130 111 102 94 91 64 52 58 66 34 48 28 33 23 31 30 15 17 15 12 14 11 11 9 3 5 6 7 3 4 8 1 1 1 2 1 4 0 1 2 2 0 2 1 0 1 2 0 0 2 1 0 0 0 1 0 0 0 0 0 0 0 0 0 
0 0 71 48 39 78 92 133 167 180 140 224 375 255 349 444 445 561 712 753 788 954 1064 1075 1349 1379 1514 1676 1834 1990 2079 2237 2208 2383 2513 2488 2636 2659 2720 2642 2639 2583 2454 2535 2465 2498 2344 2230 2112 2000 1872 1785 1712 1629 1404 1342 1300 1188 1178 1033 890 884 838 695 650 631 553 519 461 398 352 353 325 270 236 223 217 160 159 129 136 123 92 87 72 67 70 57 54 53 36 35 29 33 21 17 22 15 17 12 7 10 9 12 6 5 3 9 1 1 2 4 2 5 0 1 0 0 3 0 0 0 1 0 0 0 1 0 0 1 1 0 0 2 0 0 1 0 3 1 2 0 
0 0 57 52 36 92 112 112 172 224 166 284 346 328 498 449 555 669 738 785 915 1169 1193 1309 1548 1564 1722 1862 2140 2170 2305 2381 2479 2681 2591 2751 2836 2845 2815 2734 2798 2739 2708 2504 2470 2434 2327 2195 2064 1853 1777 1682 1552 1545 1352 1192 1154 1020 911 939 806 693 658 606 545 481 409 381 329 349 254 236 193 220 164 150 148 130 117 98 73 68 67 57 67 60 35 30 34 32 28 28 19 20 15 15 13 20 11 9 12 15 16 7 4 6 4 8 4 5 4 5 5 1 0 1 2 3 1 0 1 1 1 2 0 0 1 1 0 0 0 0 2 0 1 0 1 0 0 0 0 0 
0 0 57 49 47 114 198 171 217 284 194 286 398 445 525 594 712 758 971 992 1131 1339 1338 1363 1676 1728 1906 2065 2137 2259 2306 2383 2598 2643 2633 2584 2719 2642 2673 2672 2569 2523 2502 2373 2296 2184 2088 1957 1888 1845 1671 1550 1440 1354 1367 1135 1021 950 907 809 798 700 644 645 530 508 402 415 345 330 264 248 217 186 192 157 143 162 114 88 110 81 78 77 53 56 46 51 36 29 28 23 25 17 19 12 13 12 8 11 9 5 3 2 2 3 4 6 0 3 0 3 2 1 2 0 2 0 0 2 1 0 2 0 0 1 0 0 0 1 0 0 0 0 0 0 0 0 0 0 0 
0 0 58 59 58 106 187 124 268 252 176 330 445 448 580 678 770 921 987 1015 1242 1480 1432 1655 1877 1970 2102 2422 2421 2509 2681 2637 2780 2821 2863 2861 2955 2929 2725 2651 2657 2616 2483 2504 2204 2115 1966 1970 1823 1700 1577 1505 1330 1213 1129 1012 925 909 746 708 635 602 518 510 440 403 341 346 295 252 240 221 162 169 158 147 116 111 97 86 82 70 60 53 56 45 38 31 21 38 28 19 18 16 22 18 14 7 10 11 6 3 4 5 10 6 2 4 4 0 3 4 2 0 0 2 0 1 0 0 1 0 0 0 0 0 0 0 0 0 0 0 
0 0 43 33 40 62 108 114 188 241 189 370 348 405 590 565 658 820 900 1006 1181 1307 1285 1611 1752 1840 1969 2241 2259 2384 2518 2651 2826 2877 2976 2910 2998 3050 2853 2913 2830 2760 2629 2626 2560 2416 2222 2160 2078 1799 1804 1635 1545 1372 1322 1241 1056 949 895 805 690 693 588 521 472 426 391 328 342 293 236 242 209 150 147 139 117 102 79 95 86 58 46 46 36 33 41 21 25 23 18 23 9 10 23 11 10 3 7 7 10 3 4 4 2 5 1 0 3 2 1 1 1 0 0 0 0 0 1 0 0 0 0 0 0 0 0 0 0 0 
0 0 61 48 39 153 141 126 176 186 180 244 325 338 411 503 602 713 806 910 987 1060 1239 1405 1527 1666 1754 1912 2010 2051 2269 2412 2423 2485 2650 2622 2692 2706 2713 2654 2734 2541 2574 2505 2434 2355 2276 2071 2129 1950 1794 1763 1627 1453 1361 1344 1154 1072 996 874 833 759 705 632 593 478 409 442 352 323 324 287 251 229 178 167 168 136 118 118 98 78 60 76 71 52 37 43 53 31 32 33 33 27 17 16 25 20 17 15 19 4 12 6 10 4 4 5 6 4 1 1 2 5 4 0 0 1 2 1 2 0 0 1 0 0 0 0 0 0 0 0 0 0 0 
0 0 56 50 42 98 188 232 186 311 319 396 465 512 577 766 869 1003 1050 1198 1285 1495 1682 1770 1872 1978 2192 2249 2388 2513 2514 2680 2779 2690 2790 2743 2815 2619 2599 2591 2634 2487 2312 2325 2264 2111 1969 1788 1701 1651 1506 1431 1282 1194 1110 1018 868 792 774 679 610 601 528 466 479 402 340 316 281 245 225 204 181 157 143 133 134 99 79 95 74 75 56 53 49 37 58 32 36 37 24 31 20 22 9 15 13 5 6 8 7 9 6 3 1 5 3 2 2 1 2 3 1 0 0 1 0 0 2 0 0 0 0 1 1 0 0 0 0 0 0 1 0 0 0 0 0 1 0 0 0 0 
0 0 47 42 59 87 167 128 180 240 216 217 332 366 465 480 533 625 839 865 862 1069 1269 1346 1461 1635 1784 1848 1999 2149 2325 2398 2543 2667 2590 2797 2761 2737 2887 2768 2626 2634 2691 2517 2440 2293 2234 2133 2057 1872 1791 1629 1543 1377 1302 1315 1167 1037 973 843 792 715 672 544 513 469 374 409 352 320 293 262 183 217 191 187 150 113 98 112 95 72 65 71 61 44 52 47 43 35 33 35 20 27 23 26 19 19 13 21 5 13 11 6 11 5 5 7 3 2 3 1 1 3 1 0 1 0 0 0 1 1 0 0 0 0 0 0 0 0 0 0 0 
0 0 67 47 55 73 102 129 197 329 197 249 388 430 527 563 708 828 875 1065 1096 1329 1377 1539 1706 1781 1930 2017 2192 2279 2412 2488 2557 2606 2699 2744 2804 2755 2648 2647 2674 2660 2460 2426 2281 2284 2078 2023 1913 1833 1714 1554 1467 1316 1231 1190 1070 921 876 871 740 654 557 511 490 434 378 360 317 270 256 232 213 189 166 161 122 106 102 87 94 84 75 65 53 54 35 45 27 30 34 25 28 28 27 30 16 18 12 11 9 6 6 10 5 3 4 4 2 2 0 3 1 0 2 0 0 0 0 0 0 1 0 0 1 0 0 1 0 1 0 0 0 0 0 0 0 0 0 0 0 
0 0 56 62 57 67 100 124 205 249 199 311 425 466 632 635 738 874 994 1111 1250 1314 1502 1707 1693 1947 2122 2174 2430 2469 2692 2703 2800 2752 2772 2976 2985 2814 2888 2801 2748 2724 2576 2396 2385 2180 2055 1980 1801 1769 1623 1576 1343 1250 1210 1131 920 919 859 743 681 611 493 502 462 393 362 322 299 241 226 195 197 169 136 121 114 98 89 82 57 63 69 57 37 39 24 39 23 22 19 19 14 9 7 10 11 8 5 4 10 4 2 4 3 2 0 1 0 2 4 1 0 0 0 2 0 0 0 0 0 0 1 0 0 2 0 0 1 0 0 2 1 0 0 0 0 0 1 0 0 0 
0 0 55 42 41 69 134 167 224 333 240 374 572 598 654 770 871 994 1155 1317 1466 1619 1672 1772 2035 2156 2310 2435 2610 2723 2803 2814 2826 2928 2887 2939 2907 2965 2815 2816 2655 2527 2474 2435 2243 2147 1985 1829 1795 1599 1524 1337 1255 1130 1063 910 906 762 673 657 599 496 442 425 384 369 297 243 222 209 180 166 148 139 114 96 80 59 59 61 59 49 40 43 25 28 40 18 22 30 12 15 10 10 10 10 6 5 13 2 6 3 2 5 2 1 0 2 0 2 1 0 1 0 0 0 1 0 0 0 1 0 0 0 0 0 0 0 0 0 0 0 
0 0 66 49 52 110 163 181 252 341 237 421 481 553 687 788 855 1026 1174 1266 1406 1631 1777 1998 2100 2276 2340 2514 2652 2652 2872 2859 3070 3091 3018 2975 3039 3052 2910 2725 2765 2683 2535 2355 2184 2205 2005 1837 1667 1616 1501 1360 1257 1098 1064 961 892 798 748 660 619 515 490 450 398 336 325 277 256 216 206 162 192 131 116 108 122 91 79 78 66 74 73 42 39 39 40 28 23 22 20 16 8 14 14 12 6 11 10 5 6 4 5 3 5 5 2 2 1 2 3 2 1 3 0 1 1 0 0 1 1 0 0 0 0 0 0 0 0 0 0 0 
0 0 47 45 29 67 176 89 198 250 145 295 345 343 462 533 641 662 889 952 1011 1204 1310 1396 1515 1774 1786 1970 2192 2175 2371 2547 2553 2633 2763 2789 2906 2770 2804 2796 2797 2787 2645 2517 2536 2327 2329 2255 2026 1907 1779 1651 1519 1483 1308 1245 1109 1031 897 878 785 716 635 629 548 489 436 410 353 304 325 265 227 218 191 163 139 144 121 101 106 97 82 70 63 51 45 48 36 38 17 36 27 26 17 21 22 7 10 14 3 6 7 5 6 5 3 2 2 1 1 1 1 4 2 2 2 1 0 0 2 0 0 0 1 0 0 0 1 0 0 0 0 0 0 1 0 0 0 0 0 0 
0 0 61 77 55 91 211 129 194 324 199 323 492 489 670 690 855 920 981 1117 1263 1369 1499 1671 1852 1942 2177 2240 2347 2420 2625 2692 2699 2778 2820 2795 2817 2803 2709 2650 2710 2454 2513 2337 2265 2114 1999 1781 1770 1642 1466 1373 1310 1178 1129 1070 926 856 818 739 609 627 570 467 459 407 388 352 315 264 244 239 185 177 136 148 148 113 104 105 80 95 77 53 55 40 39 31 34 33 20 32 25 30 20 17 20 11 15 12 14 22 3 9 11 8 3 7 4 3 2 4 2 3 2 0 2 1 0 1 0 1 0 0 0 0 0 0 0 0 0 0 0 
0 0 74 60 69 93 121 228 181 297 304 488 512 466 719 936 867 1015 1115 1218 1424 1541 1672 1793 2029 2208 2207 2446 2542 2622 2759 2873 2987 2987 2931 3021 2925 3062 2992 2962 2846 2680 2595 2477 2312 2265 2054 1869 1846 1676 1569 1365 1262 1128 1004 980 845 773 725 682 587 518 513 435 390 367 324 293 294 234 195 187 152 165 143 136 124 97 77 90 59 68 51 54 33 36 40 27 21 20 15 16 16 17 11 10 11 7 6 6 5 9 2 2 8 4 7 5 1 5 4 0 0 1 3 0 0 0 1 0 0 0 0 0 1 0 0 0 0 0 0 0 0 0 0 0 
0 0 51 52 50 101 128 131 367 317 243 400 484 496 658 721 779 1037 1135 1193 1218 1505 1697 1823 1837 2134 2270 2372 2482 2671 2592 2788 2815 2891 2874 2948 2951 2876 2899 2717 2601 2528 2431 2285 2202 2183 1967 1778 1723 1576 1525 1432 1233 1164 1139 982 874 829 732 655 606 521 500 440 398 334 321 275 274 237 207 204 164 144 122 116 102 110 74 84 67 60 60 54 46 47 33 29 28 24 16 22 21 21 8 15 16 14 10 14 11 5 5 7 3 8 2 2 7 3 3 2 2 2 3 1 3 1 2 0 0 1 1 0 0 0 0 1 0 0 0 0 0 0 0 0 0 0 0 
0 0 67 70 56 74 117 193 131 207 223 267 327 329 422 557 628 683 737 854 983 1047 1240 1337 1436 1614 1618 1803 1982 2021 2287 2281 2420 2467 2568 2576 2619 2697 2792 2624 2600 2564 2504 2371 2419 2269 2240 2145 2065 1840 1705 1632 1559 1429 1342 1273 1178 1048 891 874 840 754 634 617 612 526 464 410 357 369 321 290 252 235 218 189 171 152 128 115 113 89 74 68 73 55 57 48 41 32 36 27 21 23 20 21 13 14 18 12 10 14 7 9 6 7 5 6 6 7 5 3 3 4 1 3 1 2 2 1 1 3 1 2 1 3 0 1 1 1 0 0 0 0 0 0 0 1 0 0 0 0 
0 0 62 43 49 72 143 170 200 238 267 402 412 513 599 641 768 951 1000 1185 1336 1375 1549 1793 1862 2198 2159 2296 2505 2495 2758 2799 2896 3025 2913 2897 2835 3014 2928 2751 2805 2749 2593 2517 2280 2333 2086 1945 1863 1658 1666 1453 1278 1239 1094 1023 912 887 756 747 624 535 497 455 395 374 380 325 262 237 206 181 156 146 120 119 98 87 91 74 58 56 46 50 41 30 31 37 20 24 25 13 22 11 15 15 10 13 9 5 4 5 6 4 6 4 7 2 4 5 4 5 3 3 1 2 1 2 1 2 1 0 0 0 0 0 0 0 0 0 0 0 
0 0 66 63 56 100 206 129 217 310 205 341 427 496 611 679 852 878 1127 1210 1335 1543 1697 1801 1978 2083 2144 2408 2557 2655 2701 2858 2917 2885 2927 2911 2856 2879 2775 2786 2806 2542 2463 2384 2309 2145 2057 1881 1823 1673 1494 1381 1307 1254 1117 1048 887 900 794 670 642 567 492 451 417 362 344 302 275 227 243 172 185 152 138 121 91 107 93 77 80 72 63 46 56 49 42 40 37 31 28 20 26 17 20 17 18 13 13 11 9 10 13 8 8 5 8 6 3 2 3 4 0 2 5 1 0 3 2 1 1 0 0 1 0 1 0 0 0 0 0 0 0 0 0 0 0 
0 0 64 49 56 100 137 286 185 288 320 366 426 451 612 715 802 925 993 1234 1277 1423 1462 1683 1817 1911 2074 2285 2301 2523 2580 2747 2721 2747 2850 2849 2826 2808 2801 2712 2646 2530 2483 2303 2255 2172 2046 1935 1800 1697 1589 1509 1375 1280 1194 1049 978 888 828 775 691 587 551 464 437 416 350 317 322 293 234 217 172 148 148 133 132 116 103 73 69 49 62 48 34 33 34 25 27 15 8 20 18 10 14 9 11 5 6 6 6 3 2 6 3 4 4 2 2 4 1 0 0 0 0 1 0 0 0 0 0 0 0 0 0 0 0 
0 0 51 72 50 61 196 184 151 343 251 317 485 446 600 713 781 919 938 1115 1206 1370 1515 1646 1795 1967 2100 2251 2301 2494 2572 2633 2677 2764 2767 2910 2825 2867 2758 2645 2597 2523 2505 2430 2326 2253 2076 1962 1811 1742 1528 1516 1421 1306 1141 1044 1042 862 830 700 699 626 549 492 454 425 341 327 287 259 251 232 178 200 147 149 135 103 98 100 89 75 72 62 55 46 40 28 45 44 28 23 34 24 14 12 13 10 13 20 9 8 17 4 6 8 6 6 4 3 4 1 3 3 0 0 0 1 1 1 0 0 0 0 0 0 0 0 0 0 0 
0 0 73 61 57 101 127 164 177 246 299 276 505 482 482 589 659 747 905 1011 1096 1291 1483 1524 1669 1849 1949 2100 2273 2327 2575 2634 2639 2757 2871 2873 2766 2843 2870 2783 2652 2696 2490 2471 2312 2231 2162 1962 1892 1820 1616 1587 1474 1334 1186 1143 1050 932 842 790 689 638 620 502 431 427 382 322 291 254 215 215 161 174 169 137 94 121 105 79 68 68 60 54 47 61 38 28 32 27 31 29 14 14 22 25 16 8 9 10 8 8 11 5 6 5 1 3 3 1 4 0 3 0 0 0 0 0 0 1 0 0 0 0 0 0 0 0 0 0 0 
0 0 65 61 53 114 174 171 202 279 268 448 373 526 679 719 823 937 1043 1122 1250 1362 1625 1677 1798 2022 2018 2264 2330 2415 2512 2783 2735 2807 2934 2836 2777 2908 2804 2699 2635 2543 2534 2404 2290 2097 1955 2017 1780 1696 1605 1441 1326 1274 1114 1051 944 888 801 707 645 592 534 493 410 333 348 345 284 242 209 181 169 165 151 129 96 97 75 68 72 61 49 56 38 51 34 40 30 25 16 18 17 20 15 13 14 10 5 11 5 8 9 9 5 8 13 5 3 6 8 4 1 5 5 7 3 5 4 3 4 4 3 6 4 2 4 2 1 1 2 1 0 0 0 0 0 0 0 0 0 0 
0 0 56 56 54 186 105 130 251 224 211 325 432 389 487 701 643 745 932 912 984 1246 1407 1446 1565 1799 1974 1981 2202 2219 2467 2501 2574 2671 2818 2729 2747 2847 2815 2783 2693 2756 2596 2478 2297 2387 2209 2076 1994 1812 1676 1595 1521 1343 1213 1216 1152 1053 865 796 758 638 610 570 508 455 412 374 298 286 272 247 213 193 169 152 142 113 101 94 68 72 65 55 55 51 41 42 29 26 22 21 18 22 12 18 16 6 8 6 7 6 7 8 5 1 6 3 3 5 4 7 3 2 3 2 3 2 2 2 0 2 1 0 0 0 0 0 1 0 0 0 0 0 0 0 0 0 0 0 
0 0 69 56 43 143 97 128 256 255 221 306 445 363 451 603 663 758 794 845 1083 1210 1273 1494 1505 1746 1834 1893 2002 2181 2268 2332 2369 2531 2485 2585 2626 2676 2597 2563 2577 2510 2366 2355 2282 2158 2169 2061 1907 1767 1738 1580 1577 1434 1318 1219 1172 1041 911 914 821 722 607 618 565 494 478 468 424 340 298 287 260 223 182 200 202 128 153 145 110 114 91 90 73 70 60 51 53 46 24 38 30 24 22 18 22 18 13 15 13 9 8 9 6 4 3 4 4 6 4 3 1 0 1 0 0 0 0 2 0 0 0 0 0 0 0 0 0 0 0 
0 0 43 67 45 117 184 383 288 303 403 501 593 733 825 986 1147 1236 1300 1536 1633 1790 1949 2166 2162 2364 2389 2595 2689 2726 2823 2762 2767 2960 2869 2766 2807 2707 2581 2514 2459 2310 2202 2097 2043 1747 1733 1633 1506 1401 1273 1225 1130 1001 974 821 764 715 700 578 521 509 400 377 330 314 281 260 226 191 181 153 145 141 108 86 104 83 64 60 60 50 33 41 30 21 23 20 25 16 19 11 15 7 8 7 8 4 4 7 4 3 2 4 3 3 1 0 1 3 2 1 0 0 0 0 1 0 0 1 1 0 0 0 0 0 0 0 0 0 0 0 
0 0 35 54 39 70 155 129 225 269 210 270 502 566 495 750 786 921 1018 1187 1242 1595 1697 1770 1942 2168 2124 2392 2528 2654 2677 2810 2821 2892 3009 2931 2890 2890 2903 2594 2675 2508 2369 2364 2165 2065 2057 1825 1701 1642 1538 1386 1228 1155 1098 1011 889 821 757 646 640 518 490 456 402 363 291 308 285 225 233 189 193 132 122 128 102 99 88 86 72 78 67 59 59 46 36 38 30 23 38 24 24 25 9 14 14 15 10 11 8 9 9 9 4 3 5 5 2 5 2 7 0 0 2 0 1 1 1 0 0 0 0 0 1 0 0 1 1 0 0 0 0 0 1 0 0 1 0 0 0 0 
0 0 57 57 62 127 97 128 201 189 167 332 474 458 427 576 728 818 785 1015 1156 1286 1403 1526 1762 1812 1949 2129 2231 2402 2380 2558 2819 2726 2815 2917 3028 2894 2982 2890 2796 2729 2716 2564 2402 2379 2227 2151 1912 1835 1715 1590 1472 1281 1344 1162 1036 940 844 795 707 646 632 466 468 447 405 344 301 275 277 225 201 190 171 152 150 117 112 106 82 92 61 63 51 46 39 38 44 26 30 25 20 18 17 22 21 14 15 14 15 7 8 7 2 5 6 6 4 3 4 1 3 1 5 2 2 1 0 0 2 2 0 0 0 0 0 0 1 0 0 0 0 0 0 0 0 0 0 0 
0 0 48 50 50 177 94 112 206 242 206 319 359 398 456 481 478 758 847 797 959 1125 1252 1452 1452 1660 1852 2065 2124 2232 2451 2580 2777 2768 2813 2889 2883 2975 2908 2898 2819 2731 2676 2609 2463 2323 2239 2178 1943 1913 1792 1607 1551 1422 1262 1191 1069 1012 909 850 781 674 644 592 493 459 482 385 335 308 245 245 230 197 164 149 158 122 85 99 91 73 64 49 49 46 45 39 38 31 33 27 25 13 20 17 15 13 9 10 12 6 5 7 6 4 2 6 2 2 0 0 1 0 1 0 0 1 0 0 0 0 0 0 0 0 0 0 0 
0 0 58 69 46 120 141 187 228 316 214 299 442 491 475 752 810 837 946 1107 1233 1389 1537 1647 1729 2001 2027 2172 2328 2451 2496 2663 2805 2750 2915 2879 2865 2828 2807 2830 2693 2558 2621 2448 2255 2239 2175 1909 1853 1661 1653 1500 1374 1273 1112 1030 914 865 818 731 630 612 523 462 442 400 337 302 284 267 222 203 159 168 161 118 101 88 103 80 77 61 52 56 55 61 37 39 34 31 25 20 17 18 14 9 10 10 11 8 7 8 6 10 4 2 3 3 1 1 1 4 0 3 0 0 1 3 2 1 1 0 0 2 0 0 1 1 0 0 0 2 0 0 0 0 0 0 0 0 1 0 
0 0 43 51 55 67 102 117 151 199 166 211 311 417 420 632 726 679 850 959 1001 1228 1307 1469 1571 1837 1924 2087 2288 2288 2450 2544 2653 2746 2746 2833 2857 2949 2844 2781 2800 2736 2711 2621 2475 2415 2221 2046 1946 1845 1717 1603 1502 1368 1281 1162 1095 990 878 817 747 705 602 553 482 464 410 356 333 318 251 218 196 182 150 159 152 98 114 107 84 71 86 57 51 50 40 46 38 38 34 33 24 24 22 26 14 14 15 13 17 13 3 3 6 8 5 4 4 2 2 2 1 2 1 5 1 2 2 2 2 2 1 1 2 1 1 0 1 0 1 0 0 0 0 0 0 0 0 0 0 0 
0 0 56 43 41 123 105 184 227 211 220 469 421 500 575 729 769 921 1013 1172 1272 1441 1640 1705 1828 1903 2027 2228 2357 2525 2575 2598 2859 2848 2841 2868 2885 2867 2902 2735 2631 2625 2608 2465 2365 2209 2132 1952 1892 1725 1582 1502 1433 1287 1157 1037 1025 876 831 723 666 581 532 464 417 393 370 322 276 243 262 179 188 162 144 126 104 96 104 84 69 62 58 45 49 44 31 23 29 17 18 21 21 12 11 9 13 6 9 8 13 3 4 3 3 5 5 1 0 2 1 1 1 0 1 1 1 0 0 0 1 0 1 0 0 0 0 0 0 0 0 0 0 0 
0 0 36 53 57 74 116 138 206 236 209 261 360 404 520 598 646 783 871 938 1037 1231 1355 1436 1643 1787 2009 2196 2204 2325 2441 2661 2672 2674 2830 2795 2872 2875 2844 2717 2718 2705 2548 2552 2469 2268 2143 2051 1828 1797 1717 1564 1443 1284 1256 1184 1091 879 879 749 694 641 599 565 453 450 409 328 305 311 250 231 215 163 185 148 124 133 84 103 83 73 60 50 56 53 49 39 38 34 35 15 19 21 16 15 10 13 11 10 13 7 5 6 7 3 2 1 5 1 4 3 1 3 3 1 1 2 1 3 2 1 2 2 1 0 0 1 2 0 1 1 0 0 0 0 0 0 0 0 0 0 
0 0 60 61 66 132 259 153 270 386 251 441 589 559 644 783 859 831 1027 1168 1268 1458 1520 1676 1879 1920 2043 2284 2250 2481 2517 2578 2646 2809 2663 2763 2716 2736 2625 2586 2586 2433 2405 2392 2340 2165 1990 1922 1842 1731 1657 1457 1406 1269 1105 1084 949 912 814 744 630 598 550 512 443 401 362 312 308 277 212 203 188 175 150 127 134 108 80 86 62 68 42 52 55 46 46 30 28 27 23 22 13 13 19 10 7 7 12 8 7 3 4 2 5 3 3 3 2 0 0 1 1 3 0 1 1 0 0 0 1 0 0 1 0 0 0 0 0 0 0 0 0 0 0 
0 0 63 58 59 117 109 159 280 223 265 394 402 436 545 610 736 838 931 1003 1161 1366 1406 1612 1637 1803 2027 2083 2292 2342 2449 2615 2702 2751 2845 2831 2855 2903 2764 2826 2758 2733 2635 2482 2401 2288 2257 2072 1952 1886 1742 1565 1423 1334 1250 1163 1077 935 900 853 716 697 570 571 559 442 413 378 356 292 271 254 196 164 183 146 126 107 94 102 91 63 66 57 56 51 42 37 31 32 25 22 19 17 22 11 15 16 10 7 7 9 6 5 5 0 4 1 0 2 1 2 3 0 0 3 0 0 1 0 0 0 1 0 1 4 0 1 0 0 0 0 0 1 0 0 0 0 0 0 0 0 
0 0 57 54 47 104 120 126 209 317 214 295 449 484 486 553 621 823 874 887 987 1167 1297 1310 1511 1688 1809 1911 2069 2074 2177 2292 2413 2443 2423 2564 2597 2490 2520 2476 2588 2528 2454 2399 2238 2195 2067 1993 1938 1773 1720 1627 1473 1464 1290 1206 1126 1059 940 885 835 740 646 665 543 524 460 414 386 398 313 251 258 244 222 163 161 145 136 140 108 87 95 75 71 64 57 58 39 54 37 27 25 35 32 21 12 22 21 9 10 9 12 9 7 9 7 1 8 2 3 3 3 3 2 2 3 0 2 1 2 1 1 0 1 0 0 0 0 0 0 0 0 0 0 0 
0 0 52 44 50 104 117 98 152 186 261 310 272 334 465 560 563 645 768 975 1042 1105 1308 1343 1488 1691 1916 1926 2097 2251 2406 2453 2743 2755 2717 2975 2954 2843 2941 2934 2912 2755 2798 2666 2588 2462 2328 2252 2047 2008 1820 1764 1536 1459 1376 1291 1200 1004 958 851 784 738 652 606 538 422 423 373 336 320 271 231 214 174 173 174 123 109 110 103 85 77 81 77 66 47 62 43 39 41 33 28 22 24 33 20 18 16 9 9 14 9 5 10 10 5 7 8 2 1 5 1 1 4 0 0 3 4 0 1 2 0 1 2 3 3 2 2 2 1 2 3 2 3 0 0 3 1 1 0 0 1 
0 0 57 54 53 119 132 161 241 351 356 469 474 566 658 784 850 1078 1233 1371 1355 1558 1706 1781 2057 2255 2373 2492 2603 2624 2659 2821 2885 3078 2914 2889 2862 2847 2757 2594 2577 2618 2424 2386 2139 2006 1953 1866 1725 1556 1464 1369 1187 1191 1043 1010 924 784 775 677 592 541 491 440 349 361 363 282 254 235 200 183 185 134 122 116 119 91 75 78 64 46 41 30 29 30 30 26 21 20 18 9 13 14 9 11 10 5 5 6 6 5 8 2 5 2 0 4 4 3 0 2 3 1 0 1 0 0 1 0 0 0 0 1 0 0 0 0 0 0 0 0 0 0 0 
0 0 58 69 49 73 113 138 169 266 255 347 375 482 618 667 686 862 971 1010 1198 1383 1497 1697 1791 1926 2077 2185 2405 2481 2646 2725 2768 2703 2828 2873 2840 2893 2821 2711 2678 2656 2582 2408 2354 2219 2220 1981 1872 1798 1662 1553 1456 1322 1169 1074 1069 916 818 773 697 638 578 514 489 434 380 343 321 274 250 229 210 165 179 137 125 119 98 90 90 80 65 58 38 43 44 41 23 23 22 23 19 16 16 13 14 14 9 12 9 7 9 7 8 5 0 3 1 1 3 1 1 1 0 0 0 1 0 0 1 0 0 1 0 0 2 0 0 0 0 0 0 0 1 1 1 0 0 0 0 0 
0 0 72 62 46 158 150 164 302 402 290 415 612 601 654 845 967 1041 1226 1313 1490 1751 1876 1986 2159 2386 2319 2550 2708 2731 2823 2773 2931 2930 2799 2936 2859 2809 2755 2611 2580 2432 2305 2239 2133 1993 1861 1805 1672 1382 1374 1275 1141 1080 986 897 826 723 650 603 602 514 467 405 362 312 271 290 253 212 188 172 144 125 126 116 99 83 74 70 56 42 41 44 24 35 31 17 21 23 12 19 11 10 9 7 17 4 9 8 3 4 4 3 2 6 3 3 4 2 1 2 0 1 1 0 2 0 0 1 0 0 0 0 0 0 0 0 0 0 0 
0 0 70 58 61 88 152 218 191 278 318 330 432 608 520 702 902 972 963 1206 1263 1354 1556 1640 1830 2001 2154 2219 2317 2388 2476 2597 2679 2706 2724 2747 2758 2797 2730 2698 2565 2433 2412 2293 2218 2115 2006 1795 1763 1672 1565 1475 1398 1140 1078 988 941 866 772 708 673 583 555 450 417 389 357 329 278 258 224 188 184 145 119 129 128 106 87 79 69 69 51 45 36 39 45 27 31 24 22 23 17 17 11 12 11 19 12 10 6 9 7 4 5 3 5 2 2 8 3 1 0 1 2 3 0 2 0 0 1 0 0 0 1 0 0 0 0 0 0 0 0 0 0 0 
0 0 64 54 43 137 216 161 216 360 389 329 450 619 612 677 917 886 1118 1175 1272 1484 1623 1732 1846 2054 2236 2336 2366 2515 2591 2628 2732 2873 2905 2847 2915 2801 2781 2722 2632 2593 2420 2346 2349 2106 1994 1935 1690 1732 1509 1433 1324 1235 1163 1033 929 880 822 687 658 597 518 502 431 344 330 334 288 238 240 194 179 149 139 128 106 106 77 99 67 58 59 54 45 42 33 26 28 23 19 22 22 16 13 13 16 7 9 14 9 9 4 5 2 5 4 4 4 3 3 4 6 2 3 1 3 2 4 3 1 3 0 0 1 0 0 0 2 0 0 0 0 0 0 0 0 0 0 0 
0 0 50 55 52 74 131 183 234 203 279 337 398 474 650 735 820 1083 1131 1195 1422 1620 1775 1815 2040 2231 2387 2452 2647 2740 2838 2938 2982 2974 3052 3041 3012 2883 2822 2871 2735 2615 2441 2386 2306 2242 1945 1830 1713 1560 1471 1347 1298 1154 1076 853 839 778 702 585 548 472 453 437 350 303 288 241 245 222 207 172 161 142 130 95 104 70 88 77 71 59 57 33 37 42 24 19 34 29 24 18 16 18 13 17 14 17 11 7 7 8 2 6 7 3 4 7 5 4 7 4 1 3 5 1 1 2 2 0 0 2 0 1 0 0 0 0 0 0 1 0 0 0 0 0 0 0 0 0 0 0 
0 0 31 56 40 143 176 137 188 277 196 276 398 463 493 585 643 789 846 952 1135 1273 1333 1575 1776 1798 2133 2222 2208 2289 2538 2646 2682 2717 2828 2871 2820 2807 2795 2774 2636 2625 2618 2545 2368 2271 2114 2119 1948 1834 1613 1580 1528 1332 1270 1164 1090 960 818 797 735 638 625 510 497 448 409 331 304 312 280 244 189 197 195 156 132 143 105 100 103 60 79 53 59 52 40 32 29 26 24 23 16 19 12 5 9 13 3 9 10 5 3 6 4 3 2 3 3 2 2 4 2 1 3 0 1 0 1 0 1 1 0 0 0 0 0 0 0 0 0 0 0 
0 0 55 66 53 86 139 176 228 307 311 267 506 511 527 721 767 860 1044 1167 1301 1442 1614 1668 1799 2026 2185 2263 2471 2417 2589 2678 2774 2739 2698 2853 2797 2830 2791 2666 2557 2535 2401 2313 2174 2080 2035 1901 1757 1671 1573 1426 1383 1246 1160 1058 1022 877 792 725 629 613 556 474 459 402 372 302 291 248 222 195 177 172 162 129 114 119 84 78 72 65 59 53 38 39 28 30 33 27 17 17 16 18 17 7 11 11 10 12 8 7 6 14 7 1 4 5 5 3 3 2 2 5 4 2 1 2 1 0 3 1 1 0 0 1 3 0 1 1 1 0 1 2 0 0 1 0 0 1 0 0 
0 0 61 59 55 160 127 152 384 267 284 389 489 583 720 659 900 1001 1107 1248 1354 1496 1678 1785 1845 2119 2204 2244 2410 2554 2651 2692 2735 2804 2836 2753 2716 2740 2698 2572 2437 2578 2309 2259 2196 2066 1912 1800 1760 1629 1551 1443 1286 1243 1134 998 925 879 776 721 575 587 507 424 377 388 329 325 253 238 214 178 182 141 141 119 116 88 71 57 67 48 59 40 33 42 37 28 25 22 22 15 16 12 9 10 12 7 6 14 5 10 9 4 3 10 7 7 4 5 7 9 4 2 3 4 4 2 0 3 2 3 0 0 1 0 0 1 0 0 0 1 0 0 0 0 0 0 0 0 0 0 
0 0 70 60 53 88 125 149 179 257 238 305 396 396 484 718 755 749 908 1099 1139 1299 1460 1577 1753 1817 1849 2205 2231 2332 2442 2596 2524 2756 2751 2751 2822 2788 2753 2648 2717 2704 2473 2384 2366 2265 2175 1961 1886 1715 1668 1552 1440 1300 1182 1080 1040 935 890 820 658 593 617 531 482 436 407 350 312 271 265 230 201 189 164 140 125 111 88 83 75 62 70 54 54 39 32 24 23 20 23 21 10 19 10 5 3 4 8 6 2 5 7 1 1 3 2 4 1 0 0 1 0 1 0 0 0 1 0 0 0 0 0 0 0 0 0 0 0 
0 0 77 59 49 111 111 175 229 271 228 313 516 536 558 677 839 901 1020 1100 1270 1499 1563 1707 1810 2003 2163 2318 2350 2538 2607 2745 2774 2847 2770 2788 2866 2716 2780 2715 2683 2604 2436 2331 2315 2102 2018 1867 1753 1667 1515 1407 1289 1224 1118 1002 953 808 764 677 694 576 517 492 451 369 347 301 255 248 186 163 168 158 139 121 108 75 80 63 69 51 48 57 54 39 44 31 22 26 22 22 19 18 10 14 14 10 6 8 8 5 7 7 9 4 2 4 2 3 4 3 3 3 0 1 2 1 1 0 1 2 0 2 0 0 2 0 1 0 1 0 0 2 1 0 2 0 0 0 1 0 
0 0 66 44 51 105 145 184 172 222 239 291 352 458 579 521 708 835 1008 975 1152 1315 1509 1613 1682 1953 2095 2198 2197 2383 2567 2580 2656 2802 2844 2756 2845 2829 2778 2778 2612 2607 2521 2363 2290 2088 2033 2015 1857 1643 1526 1527 1308 1260 1195 1055 989 893 860 725 675 677 525 531 450 473 414 305 299 273 254 210 214 185 168 146 129 110 101 86 74 82 71 62 60 46 42 43 39 31 31 25 21 23 22 11 14 16 10 11 10 11 9 13 7 5 6 6 4 3 3 4 4 1 2 1 3 1 1 0 0 1 2 0 1 0 0 1 1 0 1 1 0 0 0 0 0 0 0 0 0 0 
0 0 53 39 57 80 114 130 230 205 163 227 281 303 428 581 570 788 752 858 1030 1230 1359 1411 1591 1600 1701 1987 2084 2229 2362 2587 2662 2728 2856 2752 2807 2888 2823 2801 2699 2673 2644 2507 2424 2398 2171 2116 2064 1972 1770 1638 1569 1554 1323 1279 1081 1024 977 839 804 688 710 561 578 493 446 420 382 356 281 287 240 198 201 168 155 136 130 120 86 96 75 74 71 51 42 39 35 28 33 34 11 25 18 18 10 12 4 8 9 7 4 4 5 3 3 2 2 1 3 3 2 3 2 2 2 2 1 1 1 0 0 1 0 1 0 1 1 0 1 0 0 1 1 0 0 0 0 1 0 0 
0 0 54 49 53 105 138 108 261 287 128 291 459 476 509 519 845 805 897 1032 1186 1339 1414 1555 1781 1850 1988 2155 2316 2471 2553 2660 2780 2748 2854 2876 2881 2935 2767 2825 2825 2719 2586 2447 2441 2267 2150 2001 1908 1837 1653 1483 1421 1355 1186 1083 1027 935 837 787 703 615 590 515 450 405 404 346 290 269 249 197 202 150 178 135 144 112 109 103 91 74 56 67 67 49 51 37 43 33 38 22 27 24 17 16 18 20 15 15 10 13 6 6 10 8 3 3 5 5 3 2 1 3 1 4 2 1 0 1 2 0 1 0 0 1 0 0 0 0 0 0 0 0 0 0 0 
0 0 52 55 54 70 175 115 179 271 200 213 446 434 439 572 655 719 827 1010 1114 1174 1375 1594 1657 1743 1957 2102 2206 2286 2496 2633 2623 2760 2788 2872 2815 2878 2797 2830 2546 2614 2536 2492 2366 2181 2146 2062 1894 1833 1662 1494 1491 1352 1222 1061 1013 958 852 811 747 625 583 574 486 441 417 341 370 274 242 248 204 183 176 129 133 122 109 98 93 82 64 56 65 54 39 36 28 32 29 17 21 26 8 19 11 3 6 12 6 3 10 7 4 2 0 1 2 2 3 0 0 2 0 0 0 0 0 2 0 0 0 0 0 0 0 1 0 0 0 0 0 0 0 0 0 0 0 
0 0 55 58 50 141 135 144 341 314 245 370 519 636 614 733 792 982 1177 1138 1343 1597 1682 1763 2002 2170 2224 2441 2400 2510 2616 2735 2693 2834 2927 2752 2824 2765 2742 2639 2555 2402 2387 2393 2244 1992 1932 1868 1737 1583 1460 1377 1312 1207 1088 979 949 826 708 691 666 536 475 462 389 392 347 297 263 228 220 194 177 164 130 120 114 84 69 79 69 53 53 57 44 41 27 21 33 22 18 12 12 7 10 5 5 5 2 7 5 2 2 2 1 1 1 2 2 1 0 1 4 0 1 0 0 1 0 0 1 1 0 0 0 0 0 0 0 0 0 0 0 
0 0 56 72 61 64 95 142 186 253 194 283 319 328 409 469 574 679 832 860 1008 1176 1233 1330 1437 1620 1753 1923 2058 2137 2348 2339 2571 2582 2638 2708 2713 2897 2751 2787 2800 2678 2705 2625 2420 2438 2423 2161 2006 2007 1867 1710 1717 1552 1461 1326 1191 1095 1047 931 827 780 672 654 599 484 479 413 378 335 311 259 251 248 211 166 144 140 144 128 99 96 76 53 69 60 48 40 36 26 18 28 28 9 14 16 11 8 9 3 2 4 6 5 5 0 7 2 0 3 2 3 3 0 0 1 2 0 1 0 0 1 0 0 0 1 0 0 0 0 0 0 0 0 0 0 0 
0 0 49 46 35 95 220 120 167 284 211 389 423 459 530 618 675 743 921 1055 1190 1268 1412 1574 1681 1721 1889 1982 2260 2250 2428 2499 2507 2614 2580 2650 2731 2767 2679 2658 2664 2454 2489 2456 2326 2290 2065 2038 1874 1828 1706 1561 1428 1278 1207 1114 1060 911 903 768 763 674 611 526 494 405 384 352 298 244 271 242 214 172 157 132 135 110 89 119 75 79 61 56 48 43 36 35 35 21 20 22 15 25 9 14 14 12 8 9 11 4 5 9 6 1 3 3 2 2 3 1 2 1 0 2 2 0 1 0 0 3 1 2 0 1 2 0 0 1 2 1 0 0 1 0 2 1 1 0 0 0 
0 0 60 51 55 174 112 124 263 240 214 315 369 435 517 588 634 771 911 1065 1144 1236 1374 1569 1558 1791 2053 2052 2242 2255 2371 2524 2517 2639 2653 2698 2763 2639 2712 2676 2625 2528 2484 2387 2266 2212 2046 2006 1823 1709 1672 1503 1410 1320 1244 1117 1002 945 897 702 757 663 577 530 470 454 388 338 334 299 276 251 229 207 173 168 136 118 99 130 94 89 86 75 75 51 59 43 48 35 39 35 29 39 16 13 23 14 16 7 16 10 5 2 10 7 4 6 4 4 1 3 0 0 6 0 0 2 2 0 1 2 1 0 0 1 0 0 0 0 0 0 0 0 0 0 0 
0 0 65 50 40 93 128 108 197 258 129 267 459 404 417 600 777 661 791 1002 1014 1196 1364 1396 1527 1707 1873 1997 2231 2328 2370 2508 2493 2635 2768 2790 2801 2767 2798 2786 2743 2545 2587 2455 2495 2280 2197 2137 1937 1883 1686 1607 1545 1332 1311 1245 1103 993 902 835 773 737 604 566 503 481 447 348 313 289 271 219 209 186 157 158 137 98 108 88 90 82 79 63 66 53 53 32 37 32 26 24 18 12 12 14 11 6 9 8 7 9 6 2 4 5 4 1 2 1 1 0 1 2 5 2 2 1 1 1 1 2 0 0 3 0 0 0 0 0 0 0 0 0 1 0 
0 0 54 55 58 120 186 167 193 362 386 332 507 661 719 770 892 988 1155 1194 1463 1459 1720 1903 2042 2187 2344 2460 2564 2581 2788 2759 2830 3045 2877 2844 2785 2807 2825 2789 2641 2567 2435 2356 2253 2051 1948 1846 1590 1632 1491 1339 1168 1178 1011 923 831 748 707 652 554 549 459 404 350 310 276 235 235 206 199 183 163 131 116 96 89 89 81 66 58 63 33 33 28 35 30 25 26 22 17 18 19 13 10 17 13 12 8 7 3 13 2 3 7 3 2 3 7 1 2 2 0 2 0 1 0 0 0 0 0 0 0 0 0 0 0 
0 0 42 42 35 80 189 130 120 162 204 203 300 393 429 617 680 695 828 932 1036 1111 1299 1449 1575 1716 1906 2008 2219 2316 2498 2466 2535 2746 2853 2809 2894 2885 2942 2797 2793 2757 2624 2604 2427 2357 2179 2090 1982 1902 1785 1575 1439 1378 1326 1191 1039 985 864 803 697 678 645 500 525 425 382 338 315 256 249 203 195 181 159 156 132 115 103 99 72 85 76 46 51 50 54 33 34 26 19 30 18 22 9 11 9 7 6 8 7 7 3 2 4 2 4 3 1 4 2 1 3 1 0 0 1 1 0 0 0 0 0 0 0 0 0 0 0 
0 0 64 57 48 85 131 136 186 212 154 255 305 316 385 506 478 529 693 821 888 960 1122 1210 1319 1393 1626 1658 1825 2078 2072 2172 2241 2357 2452 2448 2584 2596 2697 2611 2598 2436 2561 2434 2359 2314 2178 2152 2022 1972 1812 1734 1605 1587 1461 1305 1287 1154 1136 956 906 881 872 815 626 617 565 467 511 432 388 371 305 301 284 222 194 176 192 145 145 124 122 82 87 76 62 51 60 67 52 47 32 29 26 29 24 22 18 16 15 10 8 8 8 2 8 3 2 4 1 3 1 1 1 2 1 0 1 0 0 0 1 0 0 0 0 0 1 0 0 0 0 0 1 0 0 0 2 1 1 1 
0 0 66 50 52 81 100 106 173 184 123 234 302 330 378 443 574 651 714 786 860 995 1164 1231 1341 1463 1617 1691 1858 1966 2063 2223 2280 2290 2385 2500 2574 2491 2566 2604 2550 2475 2561 2457 2342 2270 2246 2104 2009 1849 1733 1727 1631 1470 1334 1314 1154 1046 1041 973 844 814 762 628 570 528 486 450 465 413 332 307 278 256 249 192 199 188 149 141 135 108 96 105 77 69 73 69 54 40 46 39 30 34 22 27 22 19 14 17 18 4 7 11 7 5 9 9 5 4 5 4 4 5 2 6 2 3 3 4 3 3 1 1 2 2 0 0 1 1 1 1 0 0 1 0 0 1 0 0 0 0 
0 0 44 55 53 96 126 186 174 227 251 270 368 565 573 633 745 840 876 988 1157 1157 1354 1536 1689 1774 1967 2149 2256 2334 2423 2583 2707 2743 2771 2802 2858 2947 2780 2700 2675 2699 2514 2471 2477 2245 2094 1925 1909 1770 1643 1536 1414 1402 1221 1065 977 914 870 741 693 584 556 539 476 431 363 317 300 259 251 228 191 189 156 128 121 118 75 83 75 65 78 57 47 53 40 43 33 32 21 22 22 24 12 14 16 9 12 7 5 8 8 2 8 3 1 4 6 3 4 2 6 1 4 6 3 1 0 1 1 2 1 2 2 2 0 0 0 2 1 1 0 0 0 0 0 0 0 1 0 0 
0 0 50 34 50 138 143 124 201 283 247 280 392 447 588 715 682 787 970 1114 1229 1276 1552 1563 1678 1917 1953 2181 2314 2303 2394 2511 2710 2635 2758 2748 2789 2742 2606 2652 2643 2490 2385 2283 2184 2191 1870 1847 1832 1670 1544 1425 1394 1266 1138 1050 970 939 773 758 657 634 560 485 497 394 374 351 346 263 242 231 212 203 175 142 141 130 124 97 91 79 72 60 59 52 50 42 32 33 33 19 28 25 23 23 14 14 13 11 10 10 8 9 8 7 5 10 4 4 1 4 3 1 4 1 3 2 2 0 0 1 2 1 0 3 0 0 0 0 3 0 0 0 0 2 0 0 0 0 1 0 
0 0 54 57 49 73 118 176 142 225 216 287 329 396 460 516 681 868 850 988 1128 1203 1339 1494 1698 1896 2066 2174 2322 2462 2565 2705 2841 2867 2911 2942 2963 2906 2875 2858 2772 2720 2634 2541 2504 2353 2166 2070 1897 1844 1662 1512 1464 1323 1239 1089 1058 973 849 757 681 595 566 511 467 399 348 345 288 272 206 199 208 181 144 136 132 123 94 72 67 67 69 62 57 43 40 31 39 29 24 31 25 23 15 8 15 12 6 8 7 9 1 7 7 5 6 3 2 5 2 1 1 1 2 2 1 0 0 1 1 0 0 0 0 0 0 0 0 0 0 0 
0 0 79 50 45 140 138 231 228 222 264 293 502 498 542 739 761 1040 1092 1247 1458 1661 1760 1851 1982 2133 2338 2564 2530 2795 2784 2832 3014 2931 2941 2972 2949 3002 2931 2776 2563 2702 2575 2399 2181 2108 2017 1901 1711 1691 1556 1422 1264 1202 1089 989 915 814 804 696 606 572 529 472 408 405 329 296 286 254 200 181 193 154 141 111 111 113 83 80 76 81 50 57 36 44 33 28 25 20 20 20 12 10 15 11 12 11 14 2 10 4 6 1 6 5 3 2 1 2 0 2 0 1 0 0 1 0 2 0 0 0 0 0 0 0 0 0 0 0 
0 0 62 52 49 119 127 166 188 300 223 281 419 467 513 668 730 928 1043 1022 1254 1451 1581 1734 1912 2142 2231 2422 2483 2610 2704 2802 2934 2968 3057 2973 3044 2961 2975 3078 2823 2705 2539 2543 2370 2229 2081 1997 1897 1691 1566 1452 1390 1253 1094 1030 945 875 792 722 631 610 544 480 472 393 339 318 278 221 211 198 165 142 134 123 94 88 67 70 51 48 45 35 37 31 27 23 19 13 11 12 17 10 7 6 5 4 3 1 5 2 7 3 2 1 5 3 0 2 2 0 1 0 0 1 0 1 0 1 2 0 0 0 0 0 3 1 0 0 0 0 0 0 2 0 0 0 0 1 0 0 
0 0 60 58 47 84 194 203 152 252 226 364 367 497 623 617 767 878 1039 1121 1294 1471 1641 1681 1826 2049 2086 2262 2322 2427 2555 2554 2767 2645 2635 2800 2706 2739 2685 2694 2401 2570 2350 2258 2100 2078 1904 1959 1824 1638 1542 1420 1386 1265 1162 1049 1006 905 849 780 748 638 570 514 482 414 359 354 323 281 265 209 204 198 131 124 144 124 93 96 74 84 64 56 53 47 48 37 30 30 29 26 25 21 17 13 10 15 12 6 6 9 5 5 4 2 5 0 1 2 2 1 1 3 0 1 0 1 0 0 0 0 0 0 0 0 0 0 0 
0 0 55 58 42 100 113 108 306 275 146 382 448 447 611 674 801 882 971 1068 1309 1429 1596 1646 1782 1989 2171 2335 2467 2501 2685 2863 2895 2879 2860 2952 3096 2991 2832 2878 2730 2649 2519 2412 2262 2276 2016 1880 1788 1731 1522 1438 1256 1254 1132 1017 894 899 820 690 629 590 546 471 441 400 355 289 285 277 213 195 203 162 143 134 120 111 97 76 84 73 63 52 48 35 41 34 38 27 22 21 23 19 15 10 11 12 10 12 10 5 8 5 4 6 8 2 4 2 1 2 2 1 1 1 1 3 0 1 0 0 0 0 0 0 0 0 0 0 0 
0 0 78 69 73 105 140 181 246 343 243 426 514 438 648 799 943 942 1207 1245 1321 1585 1770 1744 1935 2105 2176 2330 2480 2641 2716 2710 2771 2810 2810 2769 2774 2743 2817 2735 2654 2541 2458 2325 2150 2134 2004 1836 1774 1660 1540 1405 1355 1194 1073 970 898 866 727 742 611 555 507 415 395 383 331 270 277 220 181 175 167 129 107 119 103 99 82 68 62 58 49 48 39 28 33 30 24 14 22 16 10 12 14 7 8 7 4 3 6 5 6 5 1 6 3 2 2 4 2 5 3 3 0 1 2 3 4 2 0 0 1 1 0 1 0 1 0 0 0 0 0 0 0 0 0 0 0 
0 0 54 56 44 103 105 70 119 187 180 175 275 340 327 493 476 584 756 816 882 1079 1097 1242 1400 1417 1707 1771 1860 1987 2163 2253 2346 2384 2487 2592 2662 2629 2665 2656 2691 2630 2473 2544 2526 2374 2371 2140 2117 1983 1876 1743 1687 1524 1533 1381 1294 1131 1052 1034 892 805 767 696 647 560 488 442 416 377 317 336 311 261 228 201 187 171 146 133 114 99 96 91 73 65 64 40 53 47 35 28 22 28 20 19 23 11 11 12 13 6 8 6 9 5 11 2 3 2 8 3 2 4 1 1 1 3 0 3 0 1 1 0 1 0 0 0 1 0 0 0 1 1 0 0 0 0 0 0 0 0 
0 0 65 51 37 86 94 148 176 232 256 269 433 489 528 575 737 762 893 1065 1124 1287 1386 1584 1745 1769 2051 2226 2267 2377 2469 2687 2749 2829 2844 2791 2870 2824 2790 2812 2715 2685 2615 2414 2316 2137 2055 1917 1839 1688 1622 1546 1367 1310 1140 1059 1014 909 798 761 672 635 557 504 419 425 367 355 300 251 259 204 185 180 155 126 93 111 99 65 74 67 54 61 54 36 32 37 23 27 27 20 23 13 5 10 11 8 3 6 8 6 6 2 5 3 2 0 1 0 1 2 1 0 1 2 1 0 0 0 0 1 0 0 1 0 0 0 0 0 0 0 0 0 0 0 
0 0 55 57 47 81 108 236 204 268 286 396 468 498 715 703 885 1074 1134 1249 1367 1629 1748 1854 2021 2136 2328 2515 2713 2647 2928 2885 2974 3015 3018 2995 3050 3030 2993 2831 2682 2632 2452 2316 2233 2189 1910 1804 1644 1636 1486 1385 1247 1144 1130 957 849 744 765 689 601 521 504 453 416 346 344 303 245 223 210 196 151 143 149 117 95 81 81 60 75 55 41 52 22 35 31 21 23 19 21 17 19 21 12 9 8 8 5 8 4 8 0 5 5 3 3 2 1 4 3 2 1 1 0 2 0 2 0 0 0 1 1 0 0 0 1 1 0 0 0 0 0 0 0 0 0 0 0 
0 0 44 52 36 142 155 175 284 310 284 350 543 522 595 742 799 913 1020 1132 1240 1345 1579 1673 1772 1952 2086 2232 2350 2522 2494 2579 2795 2680 2784 2759 2755 2782 2755 2660 2632 2482 2440 2367 2227 2191 1995 1851 1811 1639 1473 1485 1341 1230 1141 1046 971 863 759 738 623 598 541 516 434 348 339 317 288 265 235 185 178 167 132 133 113 115 79 76 71 73 54 41 52 42 36 29 24 25 17 22 20 21 6 16 9 5 13 11 7 4 3 9 5 3 1 1 1 1 1 0 0 0 2 0 0 2 0 0 0 0 0 1 0 0 0 0 0 0 0 0 0 0 0 
0 0 75 41 59 191 97 170 267 274 251 346 374 534 560 573 680 858 880 1000 1161 1269 1375 1517 1605 1802 1953 2103 2145 2323 2478 2549 2460 2650 2598 2761 2737 2831 2678 2713 2733 2603 2581 2429 2402 2260 2173 1982 1888 1781 1652 1535 1411 1341 1230 1109 985 907 873 765 732 637 557 532 454 421 375 346 292 300 255 224 181 208 138 162 129 109 89 86 80 72 69 71 44 45 52 49 36 24 21 22 20 23 20 8 7 18 6 8 12 6 5 7 2 10 2 1 6 7 4 4 2 2 4 3 3 2 3 1 1 2 2 2 4 1 1 1 1 1 0 1 1 0 0 0 0 0 1 0 0 0 
