0 0 20 70 111 82 110 191 369 513 562 586 791 1207 1560 1899 2261 2459 2976 3563 4189 4754 5030 5389 5886 6308 6760 6779 6778 6783 6844 6696 6327 6046 5645 5384 4959 4420 3965 3676 3328 3054 2670 2337 2045 1783 1587 1393 1208 1078 843 752 685 567 533 442 374 305 268 299 194 188 164 119 132 105 90 72 72 56 55 43 38 35 29 15 17 29 16 6 8 10 13 4 4 7 6 5 7 3 7 0 3 6 2 3 3 2 4 2 3 3 1 0 1 0 1 1 1 0 0 0 0 1 0 0 0 0 0 0 0 0 0 0 0 
0 0 54 132 178 183 207 296 457 609 770 899 1212 1522 1879 2309 2695 3209 3698 4289 4829 5330 5685 6138 6326 6798 6879 6958 6820 6623 6555 6331 5964 5658 5219 4642 4339 3935 3583 3146 2843 2495 2268 2000 1672 1556 1309 1163 1095 914 810 642 567 484 459 362 345 288 265 220 182 172 129 119 121 88 71 73 66 54 47 30 24 32 34 19 13 18 14 18 9 7 9 8 8 6 4 5 5 2 11 3 3 4 0 6 1 0 1 2 0 2 1 0 0 1 1 0 0 0 0 0 1 0 0 0 0 0 0 0 0 0 0 0 
0 0 37 73 111 107 109 184 298 394 452 530 738 952 1162 1461 1952 2371 2777 3150 3658 4198 4639 5190 5664 6178 6366 6475 6973 6899 6929 6699 6584 6265 5848 5591 5152 4773 4366 3984 3484 3108 2830 2535 2212 1982 1675 1502 1288 1155 1063 870 794 644 558 486 448 324 312 306 245 188 165 149 145 107 102 85 92 57 57 46 39 33 40 15 21 13 22 10 15 9 8 4 5 4 4 2 4 3 1 2 5 2 1 0 0 1 4 2 1 0 0 0 0 1 1 0 0 0 0 0 0 0 0 0 0 0 
0 0 28 82 121 111 130 229 397 532 651 822 1144 1417 1736 2134 2715 3067 3369 3870 4520 5169 5478 5703 6131 6502 6703 7107 6827 6691 6757 6358 6033 5838 5325 4932 4468 4074 3794 3394 3010 2697 2431 2038 1857 1617 1390 1232 1089 952 798 689 636 576 455 390 330 291 275 209 169 156 166 118 92 104 77 69 56 57 38 45 27 26 25 15 20 17 10 15 6 7 12 6 9 6 6 3 2 3 4 0 3 1 4 3 1 0 2 0 0 0 0 0 2 0 0 0 0 1 0 0 0 0 0 0 0 0 0 0 0 
0 0 21 76 93 117 106 167 310 520 583 740 856 1282 1692 2064 2328 2631 3149 3846 4279 4809 5076 5621 6097 6504 6753 6900 6748 6891 6774 6449 6231 5884 5463 5181 4664 4213 3932 3584 3239 2788 2431 2176 2029 1717 1481 1317 1136 1007 860 750 622 562 497 433 395 345 279 233 203 178 173 157 111 103 99 91 50 56 52 51 31 23 31 28 23 22 19 21 12 12 9 6 6 8 9 4 2 0 7 3 2 2 1 1 2 0 1 0 2 0 0 0 0 1 1 0 0 0 0 0 0 1 0 1 0 0 0 1 0 0 0 0 1 0 0 0 0 0 1 0 0 0 0 0 0 0 0 0 0 0 
0 0 27 60 93 102 92 132 247 348 436 629 820 1002 1311 1530 2003 2478 2978 3438 3867 4483 5049 5604 5865 6202 6425 6614 6883 6878 7036 6563 6442 6027 5690 5470 4882 4775 4126 3790 3323 3023 2722 2415 2098 1872 1580 1356 1195 1060 978 832 711 651 562 465 422 347 291 256 209 197 151 147 110 115 80 89 58 65 52 42 43 34 38 24 16 20 22 15 14 13 7 11 10 8 4 8 3 2 0 2 5 3 0 0 1 1 0 0 0 0 0 0 0 0 0 0 0 
0 0 24 63 88 94 86 147 337 422 479 574 807 1073 1400 1611 1853 2287 2883 3349 3888 4397 4757 5266 5816 6256 6379 6701 6857 6847 6787 6565 6540 6072 5784 5504 4967 4608 4245 3855 3368 3116 2873 2455 2162 1964 1738 1509 1321 1075 993 808 783 654 529 452 412 340 311 274 232 212 172 161 114 106 110 73 63 52 48 56 33 23 29 22 8 20 16 10 9 5 8 10 9 3 1 5 5 3 1 1 3 1 2 0 0 0 0 2 2 0 0 1 0 0 0 0 0 0 0 0 
0 0 30 86 111 100 99 199 304 464 631 784 921 1327 1623 2057 2454 2849 3290 3761 4354 4871 5364 5769 6061 6485 6749 6796 6921 6891 6660 6450 6206 5811 5600 4997 4622 4183 3835 3453 2967 2733 2418 2159 1921 1609 1452 1245 1134 957 851 725 627 525 496 406 365 308 295 233 203 175 143 118 107 100 85 65 60 47 42 33 34 27 17 18 16 16 15 4 8 5 5 7 3 1 3 6 2 1 1 2 1 1 0 2 0 0 0 0 0 0 0 0 0 0 0 
0 0 26 72 90 103 92 248 374 519 562 664 877 1271 1606 1961 2377 2827 3260 3603 4201 4718 5261 5913 6009 6449 6687 6756 6867 6735 6853 6469 6311 5949 5488 5155 4799 4347 3901 3569 3083 2808 2488 2177 1982 1722 1564 1255 1149 1006 850 757 678 584 520 403 370 300 302 236 235 200 151 147 118 96 69 89 72 44 59 44 37 27 24 32 19 15 12 19 16 9 9 9 9 12 6 3 5 4 5 5 2 1 1 4 1 0 0 0 0 1 0 0 0 0 0 0 0 0 0 0 0 
0 0 30 98 145 163 219 357 480 574 717 1031 1393 1676 2051 2415 3087 3546 3929 4450 4998 5339 5806 6302 6532 6858 6647 6945 6863 6692 6596 6086 5813 5382 5017 4558 4241 3801 3370 3121 2778 2403 2050 1922 1691 1429 1289 1068 977 832 708 617 534 456 395 321 289 241 241 180 152 142 162 105 94 91 73 65 58 45 37 33 28 27 23 19 19 16 21 11 9 9 11 7 5 6 3 5 6 4 2 4 3 2 1 5 0 1 0 0 0 1 1 0 0 0 0 1 0 0 0 0 0 0 0 0 0 0 0 
0 0 26 88 86 129 209 276 399 470 593 856 1172 1550 1893 2115 2415 2979 3568 4196 4636 5045 5328 5802 6285 6437 6775 6955 6668 6683 6517 6285 5904 5650 5261 4807 4450 4220 3629 3204 3070 2642 2327 2091 1819 1660 1432 1239 1020 978 850 729 596 575 484 423 386 301 302 226 188 169 164 155 105 93 72 59 60 56 40 50 26 31 20 17 21 14 12 8 7 13 10 7 2 1 3 5 2 1 0 1 2 1 1 0 0 0 0 0 0 0 0 0 0 0 
0 0 25 77 92 95 95 183 292 425 506 605 719 1028 1365 1839 2031 2353 2830 3343 3850 4357 5015 5402 5698 6024 6391 6802 6873 6936 6795 6716 6450 6005 5821 5459 5071 4658 4251 3889 3381 3062 2847 2406 2096 1898 1641 1477 1265 1134 960 812 730 617 595 466 434 330 288 279 255 226 166 120 130 123 88 86 78 60 64 49 46 34 39 20 28 24 16 21 15 9 9 9 7 9 6 4 13 5 3 6 4 2 3 2 1 2 0 1 1 1 0 0 0 0 1 0 0 0 0 0 0 0 1 0 0 0 0 0 0 0 0 0 0 0 
0 0 29 73 116 108 127 257 351 470 587 678 951 1313 1702 2046 2218 2666 3079 3754 4329 4713 5183 5694 5863 6358 6682 6887 6762 6701 6845 6498 6316 5899 5633 5176 4700 4412 3953 3617 3233 2946 2650 2186 1971 1721 1521 1414 1130 1016 894 758 642 549 474 417 364 315 278 251 203 181 166 114 129 95 82 88 62 63 53 29 40 40 34 23 26 20 23 21 9 11 16 9 13 5 11 2 8 6 4 3 4 1 1 3 1 2 1 0 0 3 0 1 1 0 0 1 1 0 1 0 0 0 0 0 0 0 0 0 0 0 
0 0 22 68 105 107 134 193 324 422 542 703 909 1234 1536 1785 2069 2571 3114 3773 3977 4582 5097 5574 6084 6260 6618 6857 6932 6784 6873 6587 6344 6016 5696 5293 4811 4370 4072 3686 3256 2890 2593 2216 2003 1783 1540 1338 1151 992 880 829 707 573 551 483 399 329 307 270 222 183 164 140 134 83 97 69 69 43 42 47 42 23 29 18 22 14 16 14 9 12 8 4 6 6 2 1 4 3 3 2 0 1 1 0 3 0 1 3 0 0 0 0 1 0 0 0 0 0 0 0 0 0 0 0 
0 0 24 69 100 116 168 276 406 557 622 798 1140 1532 1913 2176 2509 3021 3692 4163 4559 5144 5643 6152 6427 6348 6732 6921 6896 6907 6422 6408 6039 5699 5213 4864 4442 4100 3622 3241 2841 2584 2298 1980 1835 1527 1443 1161 1068 919 793 714 646 572 479 415 383 281 279 241 179 171 146 149 127 92 73 63 60 58 45 37 30 25 28 16 26 18 13 14 6 5 8 3 7 1 5 2 4 2 3 1 1 1 0 0 4 2 0 0 2 0 1 1 1 0 2 1 0 1 1 0 0 0 0 0 0 0 0 0 0 0 
0 0 24 67 131 110 136 263 431 659 719 874 1119 1513 1873 2135 2527 3079 3620 4320 4727 5158 5655 6067 6515 6639 6797 7107 6879 6894 6565 6244 5922 5528 5221 4903 4325 3921 3557 3160 2881 2596 2340 1953 1664 1531 1322 1165 1021 917 714 661 593 529 471 357 332 274 261 228 194 151 138 114 104 87 70 71 48 47 54 35 43 30 21 29 16 22 17 16 14 12 9 7 5 10 6 2 4 2 1 4 2 3 4 2 0 1 0 3 1 0 1 0 2 0 3 1 1 0 0 0 0 0 1 1 0 0 0 0 1 0 0 0 0 0 0 0 0 0 0 0 
0 0 24 87 108 127 104 237 339 434 601 811 1120 1501 1732 2114 2531 3094 3543 4097 4533 5035 5497 6036 6384 6449 6732 6985 6909 6833 6596 6400 6176 5650 5273 4921 4472 4112 3691 3379 3009 2667 2252 2062 1819 1571 1410 1222 1046 924 817 674 616 505 473 373 330 302 271 225 204 158 152 136 99 87 74 71 72 57 46 26 34 26 30 20 11 13 11 18 8 12 8 8 4 4 3 8 5 3 3 1 1 6 4 1 2 1 1 0 0 1 1 0 0 0 0 0 0 0 0 0 0 0 
0 0 31 65 92 111 120 254 407 526 577 780 1049 1506 1817 2229 2587 2950 3386 3858 4440 4984 5609 5944 6173 6274 6752 6962 6730 6856 6526 6379 6113 5741 5344 4927 4626 4175 3671 3408 2962 2663 2403 2124 1849 1635 1476 1278 1089 957 844 750 631 571 502 439 377 311 306 249 210 181 151 147 114 93 73 70 56 59 43 36 33 21 26 17 19 9 12 10 9 8 4 10 7 5 5 0 3 4 3 0 1 2 4 1 1 1 0 1 4 1 0 1 0 0 2 1 0 0 0 1 0 1 0 0 1 1 0 0 0 0 0 0 0 0 0 0 0 
0 0 26 82 101 104 119 210 358 489 695 688 942 1354 1827 2100 2353 2920 3287 3953 4428 5022 5332 5841 6108 6511 6733 6815 6841 6849 6669 6382 6037 5663 5345 4969 4541 4184 3762 3435 3147 2686 2335 2142 1853 1651 1421 1267 1106 1015 833 745 650 563 468 444 393 318 254 205 182 188 159 125 93 91 91 70 68 57 41 52 49 42 33 23 22 21 28 17 13 12 12 8 4 9 2 2 5 5 6 1 6 1 2 2 2 3 1 0 1 3 2 0 0 0 0 0 2 0 0 0 0 0 0 0 0 0 0 0 
0 0 28 63 78 78 131 248 349 544 617 789 1035 1393 1755 2208 2449 2897 3441 3962 4534 5042 5664 6036 6422 6644 6743 6895 6920 6746 6715 6349 6126 5778 5254 4864 4550 4166 3748 3310 2847 2705 2461 2144 1802 1585 1386 1222 1068 942 814 687 603 533 460 367 336 308 245 220 169 158 143 101 108 92 87 63 59 56 33 27 38 31 17 17 24 16 12 10 12 9 7 12 3 1 2 0 2 5 1 2 1 2 0 4 1 2 1 0 1 0 0 1 0 0 0 0 0 0 0 0 0 0 0 
0 0 26 84 103 103 115 209 383 468 544 736 1073 1484 1751 1988 2365 2982 3444 3975 4514 5052 5408 5919 6060 6484 6960 6900 6981 6818 6737 6487 6141 5784 5398 5038 4490 4192 3773 3359 2999 2750 2427 2101 1881 1616 1342 1265 1066 930 847 739 602 524 468 440 342 310 244 242 230 179 139 104 113 100 79 65 44 45 31 41 29 20 27 19 12 14 13 12 4 9 8 5 1 4 2 3 1 2 0 1 0 1 2 1 0 0 0 1 0 0 0 0 0 0 0 0 0 0 0 
0 0 25 64 104 115 111 190 391 571 694 863 1119 1586 1774 2022 2426 2925 3365 3935 4561 5154 5545 5895 6461 6541 6846 6994 6835 6810 6717 6310 6083 5606 5301 4940 4486 4094 3721 3316 3042 2629 2327 2103 1818 1640 1362 1226 1073 977 769 647 579 545 444 412 326 261 228 218 201 147 129 128 94 93 86 50 61 48 43 32 27 28 28 15 14 17 16 12 13 14 4 8 10 5 5 3 1 2 3 1 2 0 3 2 1 1 1 0 2 0 0 1 1 1 0 0 1 0 0 0 0 0 0 0 0 0 0 0 
0 0 40 83 125 102 125 291 599 869 919 1032 1274 1756 2231 2736 2994 3229 3809 4430 4993 5455 5836 5980 6445 6521 6721 6723 6781 6709 6434 6036 5827 5322 4865 4578 4261 3852 3527 2971 2660 2421 2223 1917 1575 1376 1272 1061 964 864 693 640 530 450 384 384 295 265 229 224 179 157 123 119 99 65 65 59 47 35 37 48 31 27 26 21 35 11 7 13 12 4 3 4 7 7 3 0 3 4 3 1 0 0 0 2 0 0 0 0 1 0 0 0 0 0 0 0 0 0 0 0 
0 0 20 68 119 77 112 194 277 325 411 567 728 956 1311 1548 1974 2219 2785 3285 3995 4382 4826 5221 5616 6240 6657 6873 6856 6912 6833 6879 6475 6317 5842 5509 5090 4665 4348 3920 3455 3017 2816 2466 2216 1949 1675 1506 1253 1089 934 870 735 673 555 488 446 349 303 247 210 198 172 143 135 97 85 71 58 65 50 46 50 41 23 27 26 15 17 10 13 9 10 8 4 6 5 5 5 5 0 0 3 2 0 0 2 0 0 0 2 0 0 0 0 0 0 0 0 0 0 0 
0 0 21 67 101 94 98 225 437 589 697 759 1061 1452 1693 2077 2437 2941 3595 3945 4473 5058 5387 5831 6122 6597 6732 6744 6786 6709 6654 6511 6064 5737 5368 4961 4592 4100 3751 3492 3011 2654 2404 2039 1791 1673 1469 1276 1112 880 813 757 634 546 504 407 392 316 247 260 201 178 157 142 129 104 102 81 50 43 58 39 31 31 34 20 13 17 10 17 19 7 9 8 9 6 5 2 3 1 2 1 1 0 0 0 0 0 0 0 0 0 0 0 
0 0 22 70 106 105 105 154 285 465 530 571 789 1099 1571 1833 2148 2548 3053 3672 4186 4549 4877 5575 6103 6444 6592 6831 6868 7128 6783 6574 6320 6022 5907 5188 4883 4456 4111 3611 3274 3016 2518 2366 1885 1873 1559 1356 1201 1021 914 786 643 602 511 431 366 340 303 252 184 163 159 144 119 111 84 69 70 43 55 33 43 35 23 26 25 14 18 14 10 14 11 10 6 14 10 4 2 4 5 7 3 0 0 1 0 1 1 1 0 0 0 0 0 0 0 0 0 0 0 
0 0 24 74 111 99 132 301 423 509 588 778 955 1358 1620 1945 2411 2801 3273 3704 4296 4736 5115 5719 6093 6381 6568 6941 6793 6803 6733 6591 6272 5893 5537 5068 4768 4345 3964 3504 3048 2841 2423 2244 1906 1629 1479 1315 1125 1050 856 775 656 585 511 396 349 331 278 274 213 185 162 109 102 90 91 73 66 58 42 35 31 36 33 24 17 20 20 19 18 11 10 5 6 13 4 3 2 4 6 1 3 1 1 1 0 1 1 0 3 0 1 0 0 0 0 1 0 0 0 1 0 0 0 0 0 0 1 0 0 0 0 0 0 0 0 0 0 0 
0 0 21 72 77 105 90 169 275 415 515 704 807 1139 1472 1757 2140 2540 2931 3474 4219 4575 4994 5662 6045 6409 6457 6815 7049 6980 6859 6373 6483 6121 5724 5152 4767 4490 4087 3631 3231 2908 2552 2359 2024 1847 1576 1330 1248 1110 864 816 680 605 521 430 415 335 292 257 215 191 159 163 117 106 89 65 72 59 41 46 16 40 21 23 17 23 10 13 19 12 9 4 5 8 6 6 4 2 3 4 8 2 2 2 2 1 4 1 1 1 1 1 0 1 0 1 1 0 0 0 0 0 0 0 0 0 0 0 
0 0 20 57 105 100 229 316 485 595 711 985 1139 1404 1780 2319 2613 3143 3416 4046 4691 5317 5498 5875 6376 6526 6817 6916 6945 6952 6484 6440 6140 5690 5243 4930 4460 4050 3718 3304 2895 2627 2400 2028 1811 1504 1408 1182 1012 924 840 682 608 510 439 344 333 290 245 243 171 157 118 123 98 86 91 77 56 45 34 48 30 19 22 14 13 16 11 11 12 10 7 6 5 2 5 4 4 2 2 2 2 1 1 2 0 1 0 1 0 0 1 0 0 0 0 0 1 1 0 0 0 0 0 0 0 0 1 0 0 
0 0 24 83 95 116 141 277 385 515 540 688 895 1175 1547 1930 2367 2841 3244 3493 4195 4818 5250 5609 6059 6383 6774 6735 6845 6884 6569 6527 6252 5974 5570 5192 4783 4348 3931 3532 3164 2878 2504 2214 1881 1715 1574 1308 1112 1042 886 778 639 584 510 421 377 315 292 250 195 154 164 127 117 84 75 86 63 63 44 36 44 40 32 28 19 17 11 12 9 9 12 9 4 4 3 5 2 2 0 3 1 1 0 1 0 0 2 0 0 0 1 0 0 0 0 0 1 0 0 0 0 1 0 0 0 0 0 0 0 0 0 0 0 
0 0 16 65 96 78 100 184 343 492 571 607 984 1360 1761 2003 2242 2750 3335 3942 4414 4683 5300 5677 6289 6547 6567 6953 6917 6873 6779 6567 6392 5855 5387 5141 4586 4271 3933 3367 3029 2739 2494 2174 1970 1696 1376 1355 1115 1053 825 734 625 649 499 409 356 289 254 257 201 199 133 135 121 97 87 60 69 54 39 40 28 25 22 23 14 20 10 10 14 11 10 8 3 5 4 5 2 4 1 1 1 0 1 3 2 0 0 2 4 0 0 0 0 0 0 0 0 0 0 0 
0 0 24 62 110 147 200 297 478 619 849 1005 1166 1448 2009 2331 2869 3226 3678 4124 4609 5178 5639 6177 6430 6687 6803 7011 6845 6676 6412 6346 6012 5723 5176 4731 4348 3844 3593 3045 2856 2533 2200 1927 1636 1531 1318 1158 967 878 732 646 560 466 429 376 316 275 271 185 198 172 147 113 95 98 74 72 64 52 47 35 35 25 25 24 25 17 9 16 13 11 10 5 4 4 5 2 4 1 2 2 1 1 0 1 1 0 0 1 0 0 1 0 1 1 1 1 0 0 0 0 0 2 1 0 0 0 0 0 0 0 0 0 0 
0 0 33 65 97 101 126 184 296 344 432 582 805 1114 1376 1740 2068 2578 2957 3510 4177 4634 5050 5660 5888 6408 6690 6716 6726 6834 6749 6515 6282 5950 5475 5280 5027 4465 4079 3608 3347 2872 2676 2302 2065 1813 1517 1396 1228 1076 955 800 738 604 481 446 397 352 310 242 237 193 162 118 138 116 94 77 57 84 65 47 37 32 18 29 30 15 14 10 8 3 13 6 9 6 3 2 1 3 8 2 0 0 1 1 1 1 0 0 1 0 0 2 0 0 1 0 0 1 0 0 0 1 0 0 0 0 0 0 0 0 0 0 0 
0 0 19 67 100 68 106 237 388 539 668 837 1099 1413 1839 2203 2588 2872 3357 3955 4559 4956 5113 5678 6102 6524 6539 6689 6766 6752 6641 6433 6044 5681 5402 5077 4691 4218 3739 3460 3088 2805 2451 2149 1855 1644 1478 1263 1106 957 891 712 640 587 457 412 359 304 297 213 192 171 170 125 122 95 90 81 60 53 39 37 35 29 20 20 19 15 16 18 9 5 8 5 10 7 12 6 3 6 4 4 5 5 1 2 6 1 1 2 0 1 1 1 1 0 1 1 0 0 1 0 0 0 0 0 1 1 0 0 0 0 0 0 0 0 0 0 0 
0 0 27 72 104 111 132 325 556 694 789 938 1283 1590 1855 2325 2846 3259 3756 4223 4762 5302 5780 6060 6394 6632 6849 6967 7055 6696 6371 6169 5862 5577 5145 4832 4232 3909 3562 3178 2852 2426 2248 1933 1742 1489 1293 1119 1013 872 775 669 576 456 443 375 323 300 229 226 179 146 117 127 103 87 81 64 58 47 45 35 33 39 19 14 17 11 17 15 9 5 7 4 9 5 0 6 1 4 1 2 2 3 0 0 1 1 0 1 0 0 0 0 1 0 0 0 0 0 0 0 0 0 0 0 
0 0 29 81 109 113 133 192 300 417 586 697 911 1054 1238 1687 2073 2642 3109 3656 4188 4695 5076 5654 6005 6427 6540 6695 7026 7051 6793 6636 6330 6013 5513 5228 4920 4547 3892 3517 3183 2926 2627 2273 2087 1713 1532 1353 1206 1067 953 780 690 611 517 455 385 344 286 270 219 191 160 128 129 104 104 94 70 54 70 50 36 42 26 20 16 24 19 14 6 14 12 7 8 6 7 7 7 4 5 7 1 8 3 1 2 1 4 2 0 1 1 2 3 1 2 2 1 1 0 1 1 0 0 1 0 1 0 0 0 0 0 0 0 0 0 0 0 
0 0 16 79 85 90 96 201 366 504 636 793 1083 1372 1684 2025 2386 2896 3464 3846 4210 4762 5392 5778 6227 6391 6676 6941 6903 6701 6540 6548 6084 5783 5470 5000 4630 4251 3886 3407 3120 2800 2344 2182 1980 1675 1554 1294 1135 978 854 742 674 566 474 442 374 323 300 231 192 185 163 131 115 121 91 93 70 48 43 47 42 35 34 28 30 18 12 16 20 11 6 6 4 3 8 5 8 3 1 2 3 1 2 0 0 1 0 0 0 0 0 1 0 0 0 0 1 0 0 0 0 1 0 0 0 0 0 3 1 0 0 0 0 0 1 0 0 0 0 0 0 0 0 0 0 0 
0 0 16 61 98 99 93 157 365 547 656 686 991 1278 1717 2032 2245 2625 3218 3735 4164 4721 5120 5625 6192 6476 6743 7011 6932 6986 6824 6450 6331 5926 5516 5093 4776 4151 3756 3516 3191 2763 2399 2115 1882 1663 1488 1263 1119 961 858 771 685 539 476 419 391 328 295 239 227 183 166 141 98 103 96 74 80 65 53 47 45 28 23 29 22 10 18 10 14 6 10 8 12 7 5 4 3 3 6 0 3 1 2 1 1 0 1 2 0 0 0 0 0 1 0 0 1 0 2 0 1 0 0 1 0 0 0 0 0 2 0 0 0 0 0 0 0 0 0 0 0 
0 0 23 62 88 86 87 146 266 400 423 594 766 1149 1454 1713 2006 2371 2935 3394 3871 4422 4951 5343 5887 5972 6587 6761 6837 6879 6799 6628 6433 6163 5743 5516 5113 4509 4129 3631 3358 3080 2744 2402 2135 1880 1636 1440 1292 1141 949 851 733 659 526 480 402 355 300 269 244 217 187 146 134 129 115 88 75 69 51 55 47 32 33 29 18 26 17 16 7 16 10 11 7 3 5 5 2 4 2 3 3 2 2 1 2 1 2 1 1 1 1 1 0 0 0 0 1 1 0 1 0 0 0 0 0 0 0 0 0 0 0 
0 0 35 66 126 130 125 200 397 499 570 700 1131 1576 1817 2043 2344 2921 3551 4044 4539 4858 5390 5996 6326 6614 6799 6910 6892 6831 6549 6427 6008 5720 5269 4909 4354 4061 3689 3273 3030 2611 2300 2203 1844 1556 1416 1244 1058 1009 796 697 638 565 456 416 384 317 278 213 194 177 159 130 96 87 92 62 69 46 59 52 27 28 27 18 31 17 20 8 9 9 9 8 4 5 1 5 8 4 0 2 2 0 0 2 1 0 0 1 1 2 0 0 0 1 0 0 1 0 0 0 0 0 0 0 0 0 0 0 
0 0 25 97 138 112 145 294 440 656 794 1035 1352 1746 2114 2489 2845 3396 3860 4308 4790 5341 5730 6199 6672 6794 6878 6933 6764 6585 6600 6236 5866 5375 4979 4563 4171 3829 3367 3114 2720 2344 2057 1806 1638 1357 1273 1061 951 804 707 631 527 462 389 351 306 271 229 200 160 132 133 96 106 79 73 61 49 40 38 34 31 33 21 17 15 8 17 6 9 6 9 9 5 8 5 4 3 4 2 2 4 3 2 0 1 0 1 2 0 0 2 0 1 1 0 0 0 0 0 0 0 0 0 0 0 
0 0 24 88 92 79 117 292 403 532 609 861 1168 1432 1760 2177 2722 3246 3492 4032 4605 5037 5654 5938 6287 6607 6881 6923 6814 6723 6618 6339 5907 5658 5228 4848 4398 4023 3707 3286 2880 2626 2293 2018 1828 1545 1413 1201 1035 932 786 710 597 515 452 361 358 303 236 220 185 179 147 134 112 91 94 70 62 48 55 40 50 38 26 20 23 16 17 10 10 11 7 12 9 7 7 5 5 5 2 2 0 1 2 0 3 0 3 1 0 2 2 0 0 0 1 0 0 0 0 2 3 0 0 0 0 0 1 2 2 1 1 0 0 0 1 0 0 0 0 0 0 0 0 0 0 0 
0 0 24 69 89 127 125 168 229 347 595 741 795 901 1180 1637 2012 2338 2731 3121 3724 4192 4802 5357 5680 5980 6366 6640 6852 6990 6901 6798 6611 6128 5718 5401 5185 4742 4113 3936 3566 3114 2703 2491 2109 1860 1644 1460 1326 1146 964 815 760 671 615 498 424 378 348 289 241 202 167 175 145 114 93 77 90 58 47 50 45 42 36 28 17 14 18 17 12 13 12 6 11 9 5 3 3 2 2 0 2 3 0 1 0 1 0 0 0 1 1 0 0 0 0 0 0 0 0 0 0 0 
0 0 19 58 106 90 97 147 246 434 561 601 773 1087 1491 1775 2056 2492 2936 3427 4038 4582 4992 5406 5742 6342 6817 6780 6887 6988 6995 6760 6476 6165 5735 5341 5051 4677 4204 3766 3329 3020 2655 2256 2081 1839 1615 1355 1214 1081 899 800 639 626 557 419 422 340 290 255 211 170 179 134 121 108 82 67 63 64 59 49 35 40 20 13 19 18 9 12 8 14 5 5 8 4 6 3 6 5 4 4 0 2 1 2 0 1 1 0 2 0 0 2 1 0 0 0 1 0 2 0 0 0 0 0 0 0 0 0 0 0 
0 0 23 86 113 88 128 250 356 447 498 661 1004 1296 1462 1639 2088 2704 3314 3523 4208 4580 5186 5664 6057 6284 6550 6797 6972 7040 6712 6628 6388 6028 5667 5149 4822 4390 4040 3709 3262 2949 2573 2211 2080 1729 1545 1330 1131 970 900 766 682 564 479 453 381 311 271 251 222 180 172 115 134 101 71 66 75 60 49 39 38 24 22 25 25 17 17 12 10 6 4 6 5 5 3 2 3 1 2 0 0 1 3 0 0 0 2 0 0 0 0 1 0 0 0 0 0 0 0 0 0 0 0 
0 0 18 72 95 111 113 175 287 388 486 578 789 1098 1479 1850 2099 2537 2964 3595 4058 4671 5025 5569 6137 6318 6530 6707 6825 6982 6977 6597 6304 6024 5752 5203 4774 4397 3984 3684 3290 3002 2536 2245 1997 1801 1563 1407 1221 1030 910 791 678 584 570 432 374 333 253 234 232 201 161 142 133 98 90 98 50 52 54 49 28 32 25 25 24 17 14 15 7 13 13 5 11 8 6 8 9 5 1 5 2 0 3 0 3 0 2 1 0 0 0 0 0 0 0 0 0 0 0 
0 0 20 70 102 106 100 166 322 493 618 704 772 996 1364 1717 2091 2375 2950 3419 4015 4647 4990 5687 5943 6378 6513 6817 6911 6990 7029 6746 6308 6060 5763 5371 4874 4491 4178 3660 3256 2986 2702 2260 2019 1730 1527 1372 1188 1004 894 759 660 567 493 426 348 309 258 235 197 175 174 142 117 94 77 88 52 60 48 43 32 30 41 31 19 18 12 15 15 12 5 8 5 3 8 3 3 6 6 4 1 2 2 1 1 1 0 0 0 0 0 0 0 0 0 0 0 
0 0 29 81 114 114 130 202 330 451 629 849 1130 1339 1565 1926 2391 2939 3385 3870 4392 4687 5385 5705 6206 6490 6710 6886 6821 6799 6729 6378 6112 5769 5401 5024 4721 4225 3833 3479 3094 2782 2441 2109 1884 1673 1489 1340 1138 966 822 784 616 521 465 435 329 318 241 231 195 172 152 128 122 102 72 60 83 58 54 28 22 36 32 20 21 18 10 9 8 5 6 6 5 6 4 0 5 5 3 3 0 1 0 2 0 1 2 0 0 0 1 1 1 0 0 0 2 1 0 0 0 0 0 0 0 0 0 0 0 
0 0 30 76 115 133 167 273 498 621 764 868 1119 1499 1725 2005 2405 2777 3383 3952 4479 4833 5341 5767 6235 6512 6836 6864 7020 6882 6613 6469 6174 5781 5258 5060 4586 4118 3724 3431 2912 2704 2430 2121 1779 1651 1435 1238 1127 916 823 752 641 487 450 392 362 294 236 210 171 165 137 113 102 108 75 67 49 45 50 52 38 35 28 23 15 29 14 12 11 8 13 6 5 5 1 8 6 3 2 1 2 3 2 1 0 0 2 0 1 1 1 0 0 0 1 1 0 0 0 0 0 0 0 0 0 0 0 
0 0 23 59 90 92 91 183 275 415 609 673 875 1162 1641 1979 2347 2620 3149 3803 4202 4708 5239 5679 6194 6396 6807 6908 6920 6778 6833 6455 6374 6005 5511 5224 4711 4392 3879 3413 3264 2816 2465 2186 1977 1680 1540 1264 1176 1007 866 769 628 585 500 457 366 332 290 248 210 179 168 135 125 114 94 71 76 67 66 42 39 30 36 26 25 10 16 21 8 16 10 9 9 6 7 8 8 0 6 0 1 2 2 0 1 0 0 1 0 0 0 0 0 0 0 0 0 0 0 
0 0 24 83 107 93 127 284 437 577 602 835 1058 1349 1778 2090 2441 2898 3501 4090 4464 5104 5308 5869 6313 6569 6745 6832 6957 6773 6702 6479 5990 5878 5306 4920 4500 4051 3783 3343 2947 2576 2294 1970 1869 1579 1382 1210 1066 913 821 739 595 562 450 407 342 289 266 201 209 167 133 128 105 79 77 66 53 40 43 43 26 27 18 22 16 14 13 15 7 13 7 9 4 3 5 3 1 1 4 2 1 0 1 3 1 0 1 0 1 0 1 1 1 0 0 1 0 1 0 0 0 0 0 1 0 0 0 0 1 0 0 0 0 0 0 0 0 0 0 0 
0 0 25 65 108 112 88 204 335 442 589 649 963 1191 1428 1732 2098 2543 2949 3509 3884 4491 5154 5399 5776 6134 6522 6700 6783 6855 6851 6616 6476 6078 5640 5361 5015 4432 4042 3629 3340 2957 2610 2256 1988 1803 1540 1380 1224 1056 937 775 700 578 549 450 396 337 271 225 217 208 174 151 112 102 106 70 76 60 65 48 46 32 30 36 24 27 16 18 14 12 15 10 13 6 4 8 3 6 3 1 1 2 1 1 1 1 0 0 1 1 1 0 1 1 1 0 1 1 0 0 0 1 0 0 0 0 0 0 0 0 0 0 0 
0 0 16 67 87 71 105 202 307 410 497 717 1031 1266 1435 1785 2163 2635 3121 3631 3991 4522 4844 5487 5699 6356 6431 6719 6852 6789 6804 6755 6319 6071 5754 5345 4895 4586 4173 3761 3286 3010 2568 2331 2167 1788 1650 1434 1198 1074 936 850 718 609 551 410 410 325 290 249 212 163 155 144 127 75 76 95 63 62 47 51 42 27 30 21 24 23 11 8 13 13 6 7 6 5 3 2 2 4 1 3 1 2 1 1 2 3 1 4 1 0 0 3 3 1 0 2 0 0 0 1 0 1 0 0 0 0 0 0 0 0 0 0 0 
0 0 26 66 124 102 116 215 457 620 805 873 1146 1641 2143 2523 2848 3300 3868 4423 5002 5350 5759 6085 6426 6766 6751 6807 6784 6781 6547 6213 5664 5336 5128 4609 4274 3862 3420 3049 2786 2527 2303 1948 1640 1449 1267 1180 1016 857 752 698 627 523 433 405 328 301 231 249 177 174 152 116 98 92 79 78 62 48 46 48 35 34 28 26 20 17 24 12 12 4 8 10 9 6 6 2 5 4 4 2 2 3 1 1 3 2 1 0 0 0 0 0 0 0 0 0 0 0 
0 0 22 67 99 95 94 194 406 483 600 768 1008 1280 1543 1932 2366 2823 3333 3709 4268 4945 5297 5674 6079 6352 6732 6842 6970 6910 6727 6512 6215 5898 5515 5081 4620 4208 3869 3480 3060 2863 2445 2177 1877 1656 1535 1222 1146 1016 832 704 651 532 476 408 364 290 258 211 231 179 147 151 113 111 102 82 58 62 53 40 43 26 27 32 35 16 10 12 12 11 9 6 3 7 7 3 3 5 3 1 1 1 3 1 0 3 1 0 1 2 0 1 0 1 1 3 1 0 1 2 0 0 0 0 0 0 1 0 0 0 1 0 1 0 0 0 0 0 0 0 0 0 0 0 
0 0 29 76 94 99 121 189 316 462 603 632 785 1075 1365 1634 2125 2471 2936 3264 3888 4556 5020 5469 5830 6192 6497 6840 7025 6875 6701 6666 6440 6325 5819 5308 4988 4523 4168 3726 3358 2878 2712 2417 2090 1750 1646 1365 1212 1087 942 840 675 612 540 426 407 371 264 271 223 197 163 157 120 110 103 84 82 72 60 55 35 27 41 42 28 20 23 13 13 7 9 10 11 8 5 6 3 3 5 5 5 0 1 2 3 0 1 1 2 1 0 0 2 0 0 0 0 0 0 0 0 1 0 0 
0 0 24 78 78 95 140 238 326 351 449 715 961 1264 1414 1661 2139 2802 3205 3555 4164 4620 5083 5652 6014 6321 6699 6847 6986 6887 6807 6608 6420 5933 5588 5329 4968 4479 3999 3729 3250 2806 2618 2256 2006 1799 1463 1342 1174 1017 897 768 685 599 522 428 341 315 284 224 192 158 152 142 118 99 97 63 63 54 54 35 32 32 28 18 24 15 16 10 7 10 12 8 5 2 5 3 5 5 1 2 2 2 2 1 0 1 0 1 1 1 0 1 0 0 1 0 0 0 1 0 0 0 0 0 0 1 0 0 0 0 0 0 0 0 0 1 0 
0 0 25 82 106 88 131 281 471 654 708 872 1087 1568 1934 2322 2699 3075 3724 4317 4789 5249 5568 6074 6425 6719 7018 7020 7132 6725 6576 6269 6078 5569 5223 4710 4286 3909 3626 3228 2828 2549 2215 1986 1662 1519 1300 1168 1029 863 812 682 557 527 436 379 354 317 247 214 185 174 134 129 106 91 80 77 50 39 49 38 31 22 21 14 17 8 11 7 7 7 5 6 3 5 4 3 1 0 2 2 0 0 1 2 2 0 0 0 0 0 1 0 0 0 0 0 0 1 0 0 0 0 0 0 0 0 0 0 0 
0 0 14 56 76 80 73 146 273 430 498 591 862 1108 1380 1667 2052 2387 2948 3323 3918 4455 4957 5507 5802 6136 6579 6829 6842 6954 6734 6557 6502 6127 5751 5396 4961 4629 4092 3792 3379 3007 2648 2366 2098 1794 1633 1412 1230 1062 865 835 690 517 553 428 399 342 295 269 216 191 173 134 148 111 97 99 71 64 59 47 42 32 27 27 21 19 17 16 14 13 17 5 5 7 5 7 3 1 3 0 2 1 1 1 1 0 1 0 1 1 1 1 0 0 2 0 0 0 0 0 0 0 0 0 0 0 
0 0 24 89 114 97 103 163 287 434 595 665 866 1059 1297 1792 2167 2528 2913 3419 4095 4577 5119 5567 5948 6249 6580 6850 6881 6932 6830 6416 6357 6105 5660 5382 4910 4503 4165 3681 3272 2997 2573 2317 2079 1894 1592 1355 1199 1048 955 769 697 583 505 390 350 348 301 247 191 175 148 145 131 121 90 77 70 62 57 43 36 30 29 20 21 21 15 17 13 12 12 7 6 4 5 3 2 2 2 1 4 3 0 1 1 0 0 1 1 0 0 0 1 0 0 0 0 0 0 0 0 0 0 0 
0 0 27 82 103 90 106 238 384 507 567 726 892 1348 1596 1925 2186 2850 3332 3687 4284 4852 5342 5728 6145 6364 6775 6940 7119 7109 6804 6562 6101 5965 5525 5078 4631 4243 3953 3499 3182 2708 2481 2076 1904 1603 1412 1311 1191 893 821 700 630 559 462 390 379 304 251 191 217 177 137 134 93 90 90 75 63 47 53 39 35 28 16 27 30 16 16 19 17 5 4 12 9 7 8 1 7 4 3 3 2 1 1 0 0 2 1 1 1 0 0 1 0 0 0 1 1 1 0 0 0 0 0 0 0 0 0 0 
0 0 23 80 102 107 93 133 271 426 557 675 862 1176 1639 1939 2242 2646 2993 3649 4142 4775 5329 5625 6003 6373 6766 6917 6875 6877 6910 6681 6284 6105 5629 5167 4910 4360 3975 3631 3252 2797 2555 2270 1950 1789 1512 1327 1152 995 926 813 665 600 538 440 384 351 287 255 223 193 169 140 127 104 76 104 72 42 40 35 49 32 16 23 19 12 17 16 13 8 5 6 10 8 5 2 2 6 2 1 2 2 5 0 3 2 3 1 4 5 1 1 3 0 3 4 0 1 0 0 1 0 1 1 1 0 0 1 0 0 0 0 0 0 0 1 0 0 0 0 0 0 0 0 0 0 0 
0 0 25 55 96 82 86 157 295 448 653 835 970 1162 1468 1959 2590 2997 3293 3927 4428 5055 5221 5804 6414 6646 6579 6924 6951 6735 6767 6484 6077 5873 5411 5040 4703 4129 3825 3543 3121 2868 2513 2165 1836 1651 1468 1292 1185 1035 851 729 645 564 525 403 354 339 277 234 194 175 151 105 109 113 99 77 61 49 51 36 39 25 30 24 19 26 17 9 15 12 9 9 8 6 5 5 5 6 6 3 2 1 3 2 2 2 1 0 0 2 0 0 1 1 1 0 1 0 0 0 1 1 0 0 0 0 0 1 0 0 0 0 0 0 0 0 1 0 0 
0 0 33 64 100 102 162 374 495 648 793 1037 1311 1575 1934 2390 2906 3413 3808 4276 4874 5279 5704 5991 6443 6570 6679 6767 6781 6804 6558 6300 5738 5533 5148 4693 4370 3896 3500 3141 2784 2598 2198 1935 1639 1512 1238 1168 958 831 755 626 591 522 415 383 330 286 232 217 198 169 139 115 102 91 88 64 64 46 48 38 39 30 35 24 22 27 15 11 7 7 7 7 8 6 2 4 4 4 3 2 0 3 2 3 0 0 1 1 1 0 0 1 3 0 0 1 0 1 1 0 1 0 1 0 0 0 0 0 0 0 0 0 0 0 
0 0 22 56 116 112 151 238 347 511 747 922 1063 1335 1757 2242 2566 2949 3400 3846 4533 4924 5454 5845 6182 6471 6761 6964 7056 6715 6567 6396 6168 5773 5310 5016 4521 4197 3738 3340 3067 2678 2434 2074 1827 1648 1436 1277 1052 950 809 739 620 563 464 410 355 300 276 227 211 170 150 117 112 91 76 56 69 49 42 37 39 21 21 20 14 15 12 15 9 10 8 3 3 10 8 3 2 2 1 1 1 0 2 0 0 0 0 1 1 0 0 1 2 0 0 0 1 0 1 0 0 0 0 0 0 0 0 0 0 0 
0 0 34 77 122 114 113 209 368 517 600 726 983 1335 1891 2092 2454 2799 3320 3947 4391 5012 5441 6009 6288 6517 6841 6850 6974 6764 6607 6489 6177 5733 5437 4954 4619 4164 3733 3542 3013 2681 2379 2067 1878 1640 1451 1190 1047 921 803 685 642 578 446 394 324 321 285 224 214 183 154 135 122 95 74 87 64 63 46 41 25 24 23 20 19 11 13 9 5 3 4 4 8 6 1 3 3 4 3 4 4 1 1 1 1 0 1 1 1 1 0 0 0 0 0 1 0 0 0 0 0 0 0 0 0 0 0 
0 0 21 83 119 117 143 251 400 573 817 919 1182 1477 1827 2309 2645 3136 3588 4299 4895 5155 5677 5830 6441 6601 6789 6726 6804 6826 6553 6291 5971 5542 5139 4889 4461 4044 3617 3256 2948 2621 2244 1995 1822 1590 1346 1143 1073 855 772 679 575 484 393 403 340 292 251 188 186 171 143 94 98 88 62 53 51 52 35 28 25 33 19 18 19 9 13 13 8 8 10 6 2 6 4 5 2 2 4 3 3 1 2 2 0 0 2 0 1 0 0 0 0 0 0 0 0 0 
0 0 24 66 108 95 126 290 414 521 625 864 1187 1394 1550 2120 2553 2973 3424 4016 4610 5038 5573 6089 6361 6703 6804 6990 7109 6901 6596 6234 6078 5884 5536 4993 4516 4063 3764 3374 2950 2705 2360 2035 1783 1534 1348 1234 1104 874 840 707 549 492 441 385 324 300 233 203 171 167 122 136 99 87 71 67 66 49 42 40 29 27 21 22 18 11 14 9 12 11 6 3 4 1 5 2 0 0 1 2 1 2 1 0 0 1 0 0 0 1 0 0 0 0 0 0 0 0 0 0 0 
0 0 22 81 100 86 103 166 286 381 448 619 906 1179 1421 1649 2055 2603 3012 3489 4097 4479 5104 5444 6002 6330 6632 6796 6949 6891 6867 6624 6404 6064 5713 5375 4832 4398 4121 3647 3218 2938 2577 2314 2015 1742 1565 1350 1194 1080 945 755 716 585 524 513 380 327 293 283 211 196 154 143 124 87 87 77 66 55 54 39 32 34 21 28 20 22 17 15 10 6 10 10 6 6 3 1 4 3 3 2 0 2 0 1 0 0 0 0 0 0 0 0 0 0 0 
0 0 22 87 76 93 95 230 426 573 680 805 1021 1313 1809 2164 2521 2855 3245 3752 4297 5010 5325 5782 6288 6495 6604 6883 6827 6738 6765 6623 6154 5818 5403 4992 4690 4169 3782 3362 2994 2755 2463 2173 1904 1622 1409 1235 1056 968 854 803 624 493 472 390 403 313 272 228 214 140 138 112 97 110 85 63 53 47 38 29 34 37 25 19 16 14 8 11 8 8 4 6 2 4 3 2 0 3 2 0 0 2 1 1 1 2 1 0 1 0 0 1 1 0 0 0 0 0 0 0 0 0 0 0 
0 0 24 71 108 91 92 179 332 545 646 706 994 1302 1545 1984 2332 2693 3341 3870 4471 4783 5292 5791 6231 6471 6856 6847 6861 6818 6622 6475 6035 5955 5466 5091 4708 4296 3811 3376 3205 2796 2483 2193 1863 1724 1496 1379 1101 1024 830 770 649 563 410 456 397 318 270 230 201 199 156 128 125 96 82 72 62 62 58 36 36 31 26 32 16 16 16 14 11 13 4 9 9 3 9 5 9 3 2 2 3 4 2 1 3 2 2 2 0 2 1 1 0 0 1 0 0 0 0 0 0 0 0 0 0 0 
0 0 30 70 117 128 185 297 407 502 639 813 1115 1446 1940 2206 2402 3095 3529 4013 4443 4993 5412 5784 6294 6646 6735 6831 6712 6884 6668 6385 6082 5767 5302 4912 4496 4073 3607 3383 3035 2717 2436 2036 1760 1646 1367 1242 1190 970 809 666 610 522 499 412 333 323 280 245 205 174 135 122 134 110 93 58 66 54 39 48 46 38 20 22 18 13 16 19 12 9 11 5 8 5 7 6 4 1 2 4 2 1 3 1 0 0 1 0 0 1 0 0 0 0 0 0 0 0 0 0 0 
0 0 33 74 109 91 94 159 320 458 548 658 908 1155 1469 1853 2204 2508 3042 3526 4084 4634 4993 5608 5924 6116 6596 6778 6830 6920 6863 6415 6541 6108 5617 5221 4757 4413 4099 3644 3264 2909 2615 2335 2002 1798 1567 1352 1199 1046 916 812 645 633 498 444 415 309 282 269 215 193 146 151 122 122 93 69 69 63 56 51 43 37 30 26 19 19 21 23 17 13 12 14 11 6 11 5 6 8 7 1 2 1 1 3 1 1 0 2 2 0 0 1 1 0 0 0 0 0 0 0 0 0 0 0 
0 0 33 89 97 87 135 246 392 510 519 751 1051 1452 1769 1945 2209 2736 3431 4003 4457 4853 5344 5738 6160 6558 6809 6875 6882 6914 6652 6465 6317 5843 5269 5150 4609 4260 3756 3551 2965 2665 2496 2192 1946 1674 1433 1278 1092 970 816 715 682 577 439 438 358 324 263 238 196 168 143 106 130 78 101 61 61 50 41 44 49 23 21 26 17 22 18 10 9 8 5 5 5 1 7 2 3 2 0 1 1 1 2 0 1 0 0 0 0 1 1 0 0 0 0 0 1 0 0 0 0 0 0 0 0 0 0 0 
0 0 29 72 110 86 138 292 472 571 641 726 1095 1423 1870 2040 2462 2894 3512 4033 4587 5029 5495 5714 6257 6567 6957 6860 6762 6778 6667 6407 6135 5728 5368 4901 4571 4097 3800 3266 3020 2628 2370 2116 1771 1521 1350 1165 992 921 832 657 606 506 443 383 296 304 248 241 176 153 127 136 108 76 65 53 61 48 37 27 29 32 19 15 19 12 14 13 7 3 4 8 4 5 3 4 0 0 1 0 0 1 0 1 0 0 0 1 1 2 0 2 0 0 0 1 1 0 0 0 0 0 0 0 0 0 0 0 
0 0 24 69 91 87 83 130 258 457 627 583 691 861 1159 1554 1982 2275 2778 3329 3891 4499 4853 5252 5852 6050 6632 6911 6758 6852 6869 6651 6540 6219 5848 5284 4996 4682 4233 3947 3490 3093 2796 2518 2229 1941 1702 1457 1221 1161 969 832 717 666 512 484 408 353 302 265 220 213 161 138 154 113 109 83 80 59 54 46 35 41 23 17 23 15 15 14 12 13 9 7 11 10 6 7 3 5 3 6 7 2 1 2 1 3 2 1 2 1 0 0 0 0 1 0 1 0 0 0 0 0 1 0 0 0 0 0 0 0 0 0 0 0 
0 0 26 77 82 109 124 195 310 396 500 631 831 999 1153 1532 2013 2430 2787 3239 3784 4307 4861 5302 5830 6211 6749 6809 6847 6926 6954 6860 6442 6101 5791 5626 5112 4590 4205 3853 3417 3136 2752 2436 2144 1916 1670 1492 1257 1100 951 861 696 610 526 476 374 398 317 270 226 209 174 157 120 112 104 105 81 64 52 49 38 43 32 36 25 16 18 12 13 12 17 9 8 4 7 7 2 0 1 1 1 1 0 1 3 0 0 0 1 0 0 0 0 0 0 0 1 0 0 0 0 0 0 0 0 0 0 0 
0 0 30 59 103 107 93 155 229 305 402 565 703 793 1155 1380 1730 2136 2582 3130 3492 4012 4510 5022 5657 6067 6351 6561 6803 6831 6895 6720 6509 6313 6054 5653 5324 4849 4534 4001 3548 3326 3054 2659 2257 2037 1846 1592 1478 1155 1046 913 803 710 599 519 447 405 331 311 284 210 208 171 144 119 111 101 79 78 59 58 37 41 32 34 20 18 23 19 21 10 10 6 7 15 6 7 8 8 2 0 2 3 2 2 3 0 3 0 0 2 0 0 0 2 1 1 0 0 0 1 1 0 0 1 0 0 0 0 0 0 0 0 0 0 0 
0 0 30 83 88 109 133 203 259 451 549 701 768 1025 1413 1866 2220 2415 2802 3486 4134 4615 5110 5420 5724 6230 6595 6815 6830 6968 6737 6450 6357 6082 5779 5321 4938 4415 4008 3744 3195 2966 2605 2328 2072 1860 1667 1401 1244 1097 941 815 634 601 559 482 387 347 291 275 241 185 159 135 132 107 99 75 57 56 41 42 49 28 26 17 18 24 18 17 12 14 5 4 8 5 7 5 1 4 1 6 2 5 3 1 3 5 2 0 0 1 1 0 0 0 0 0 0 0 0 0 0 0 
0 0 20 82 118 108 108 181 345 496 610 809 1081 1330 1616 1854 2381 2835 3494 4000 4412 4976 5358 5924 6295 6572 6838 6859 6964 6912 6664 6537 6291 5878 5336 5052 4554 4304 3796 3343 3075 2715 2440 2082 1888 1714 1400 1274 1141 952 857 692 691 567 475 424 376 335 282 200 204 182 146 141 91 110 74 73 59 56 40 39 26 19 24 31 12 13 16 10 7 10 4 5 4 5 3 1 6 4 1 2 4 2 1 1 0 2 2 0 0 0 1 0 0 0 0 0 1 0 0 0 0 0 1 1 0 0 0 0 2 0 0 0 0 0 0 0 0 0 0 0 
0 0 23 73 89 104 145 248 424 560 590 716 940 1250 1703 1993 2331 2874 3361 3864 4432 4831 5406 5752 6169 6634 6682 6946 7032 6762 6719 6490 6170 5841 5532 5074 4649 4218 3837 3441 3091 2694 2464 2238 1888 1687 1447 1274 1066 937 850 768 617 554 471 408 397 323 248 232 197 186 145 138 119 73 73 71 67 53 53 43 28 26 19 31 13 32 11 9 7 7 7 9 6 3 3 0 6 2 5 0 2 2 3 0 1 1 0 0 2 0 0 0 1 0 0 0 0 0 0 0 
0 0 29 82 101 95 144 226 349 458 528 647 926 1315 1682 1987 2273 2771 3306 3875 4295 4792 5373 5792 6324 6649 6893 6834 7012 7019 6920 6614 6266 5892 5428 5206 4848 4208 3750 3471 3043 2743 2460 2165 1808 1613 1464 1198 1032 949 766 695 616 565 415 425 336 296 256 201 187 154 132 124 107 85 59 63 71 50 46 50 35 30 32 21 22 12 19 14 19 6 11 6 5 5 3 4 6 3 1 1 2 4 2 0 1 0 0 0 1 0 0 0 0 0 0 0 0 0 0 0 
0 0 18 59 103 119 139 261 394 529 611 676 871 1276 1586 2034 2274 2806 3214 3635 4304 4811 5244 5643 6106 6551 6639 6905 6832 6894 6810 6493 6152 5845 5580 5098 4690 4374 3954 3452 3160 2844 2521 2204 1981 1701 1485 1273 1185 1004 882 761 674 574 491 445 336 318 283 216 206 183 168 148 120 80 87 75 80 51 47 35 26 29 32 20 11 17 11 14 14 8 7 5 4 8 4 3 1 3 3 3 3 1 0 1 0 1 1 0 0 1 0 0 0 0 0 0 0 0 0 0 0 
0 0 21 65 99 100 85 209 376 456 603 683 937 1262 1535 1841 2170 2578 3067 3725 4233 4912 5370 5673 6059 6648 7119 6994 6935 6962 6878 6495 6364 5897 5731 5193 4818 4232 3935 3566 3211 2781 2456 2172 1947 1720 1407 1230 1109 970 801 740 631 554 467 411 335 293 264 226 199 196 141 111 102 103 103 72 77 50 54 58 33 29 25 23 19 16 13 13 9 10 3 10 9 3 4 2 2 3 3 1 1 2 0 0 0 0 0 1 0 0 0 0 0 0 0 0 0 0 0 
0 0 17 54 79 66 78 113 206 420 606 688 851 1120 1527 1760 2115 2613 3102 3587 4058 4399 4851 5577 5952 6477 6489 6776 6846 6942 6723 6593 6375 6094 5720 5489 5011 4476 4084 3591 3315 3013 2611 2329 2053 1799 1624 1382 1208 1037 892 834 670 607 526 445 378 361 287 257 198 181 164 132 125 105 106 75 62 46 63 41 38 37 27 25 16 21 18 8 10 8 6 10 5 5 7 2 2 3 4 1 2 1 1 2 1 1 0 2 2 0 0 2 0 0 1 2 0 1 0 0 1 0 1 0 0 0 0 0 0 0 0 0 0 0 
0 0 24 77 107 102 129 260 427 558 668 857 1148 1622 1885 2259 2666 3140 3614 4420 4814 5287 5730 6107 6736 6804 6950 6998 7117 6891 6667 6445 6116 5687 5176 4801 4177 3964 3559 3099 2806 2409 2202 1940 1657 1471 1224 1116 953 861 744 645 575 495 409 365 311 270 208 195 154 154 116 94 92 84 67 59 40 38 40 30 28 21 16 15 20 9 12 8 8 4 8 5 3 5 3 2 4 1 1 2 0 2 2 1 0 0 0 0 0 1 0 0 0 1 0 0 0 0 0 0 0 0 0 0 0 
0 0 25 76 117 93 119 155 274 350 512 582 783 1017 1283 1618 2025 2436 2838 3306 3834 4269 4678 5232 5784 6242 6607 6685 6717 6809 6790 6689 6468 6146 5762 5458 5086 4628 4238 3829 3422 3063 2801 2464 2171 1854 1665 1408 1312 1144 998 863 748 670 581 488 444 406 319 273 250 192 205 154 142 133 92 92 89 67 47 49 43 36 36 18 21 17 21 14 19 11 9 6 7 6 7 5 5 5 2 5 4 2 1 3 0 1 1 1 1 1 0 1 1 0 0 1 0 0 2 1 0 1 0 0 0 1 2 0 0 0 0 2 1 1 0 0 0 0 0 0 0 0 0 0 0 
0 0 22 75 94 93 95 156 255 385 453 552 670 851 1143 1444 1952 2266 2681 3018 3740 4182 4559 5093 5613 6094 6358 6840 6839 6891 6883 6796 6582 6358 6023 5638 5235 5009 4390 3918 3547 3158 2874 2575 2249 1947 1749 1541 1289 1116 1009 904 707 635 555 478 454 381 311 259 241 206 172 158 119 88 100 79 70 66 57 59 62 25 31 30 26 13 23 16 14 9 5 10 5 5 4 4 1 2 2 1 0 2 1 1 0 1 1 2 0 0 0 0 0 0 0 0 0 0 0 
0 0 25 66 95 73 97 154 225 342 435 530 669 919 1268 1662 2028 2307 2639 3157 3659 4274 4643 5054 5642 6070 6416 6644 6697 6668 6749 6842 6482 6126 5965 5651 5109 4845 4308 3932 3598 3175 2825 2632 2197 1968 1757 1541 1347 1095 1046 870 707 698 550 498 446 376 346 269 267 212 182 183 129 118 83 102 84 78 53 37 41 36 40 27 22 22 12 14 15 15 7 10 11 6 4 2 1 4 1 2 2 0 1 1 1 0 1 1 1 0 0 0 0 0 0 0 0 1 1 0 
0 0 25 57 107 90 81 145 366 451 552 642 863 1212 1515 1792 2117 2488 3169 3489 3978 4263 4890 5584 6090 6432 6643 6789 6660 6741 6668 6594 6314 5897 5753 5226 4969 4402 4030 3694 3339 2907 2662 2263 2088 1791 1665 1398 1184 1038 946 826 767 589 540 475 420 332 269 282 211 232 177 133 130 124 100 89 89 67 66 50 43 44 44 30 29 28 13 9 17 16 8 13 5 7 6 11 2 4 4 5 3 3 5 1 4 2 5 0 0 1 1 2 0 1 2 1 0 1 0 1 1 2 0 0 2 1 1 0 0 2 0 1 1 0 0 1 0 1 0 0 0 0 0 0 0 0 0 0 0 
0 0 25 74 103 102 101 175 316 499 556 738 890 1209 1554 2069 2390 2786 3266 3801 4364 4799 5346 5789 6307 6408 6779 6750 6850 6900 6746 6506 6223 5956 5429 5142 4565 4293 3929 3476 3037 2681 2535 2080 1888 1716 1494 1257 1104 993 779 712 641 572 471 441 385 305 285 233 222 180 139 131 120 107 79 80 55 62 48 37 38 25 30 24 16 17 13 10 13 7 7 8 10 6 7 4 2 3 2 1 1 2 0 0 0 0 0 0 0 0 0 0 0 
0 0 24 62 105 93 150 201 277 370 478 742 904 1229 1403 1711 2071 2501 3188 3775 4269 4728 5159 5566 5944 6394 6643 6912 6929 6854 6966 6683 6418 6180 5649 5103 4897 4582 3989 3557 3322 2848 2579 2316 1996 1803 1479 1347 1149 1001 883 747 681 560 519 437 378 302 253 275 217 165 167 137 110 86 97 66 59 40 53 40 26 26 16 18 19 10 16 7 4 8 9 6 5 2 4 5 3 0 1 2 1 0 1 2 1 1 0 0 0 0 0 0 0 0 0 0 0 
0 0 27 83 126 103 96 150 262 398 550 598 806 996 1414 1898 2329 2573 2988 3513 4154 4766 5205 5590 6105 6328 6510 6502 6810 6794 6896 6549 6402 5915 5570 5339 4891 4471 3987 3654 3245 2929 2507 2359 1956 1768 1558 1371 1210 1036 929 782 681 585 488 466 370 325 270 217 205 185 134 118 110 70 71 67 57 45 49 33 38 28 20 14 15 19 16 16 7 12 8 9 5 10 4 5 3 1 2 1 1 0 0 0 0 0 0 0 0 0 0 0 
0 0 23 70 122 73 78 211 366 450 504 620 851 1295 1698 2009 2261 2582 3115 3820 4333 4724 5185 5560 6182 6464 6758 6884 6935 6885 6790 6569 6274 5986 5510 5158 4617 4260 3849 3483 3115 2766 2480 2150 1965 1672 1450 1315 1142 965 869 769 670 548 499 408 348 294 294 228 210 173 157 153 130 80 93 70 80 43 43 37 30 27 33 23 24 24 10 15 8 6 14 4 4 5 5 6 5 1 1 0 1 4 1 1 1 1 0 0 1 0 3 0 0 0 0 1 1 0 0 0 1 0 0 1 0 0 0 0 0 0 0 0 0 0 0 
0 0 41 80 134 129 171 367 512 715 748 1031 1370 1716 2145 2557 2870 3437 3966 4510 4947 5566 5913 6467 6454 6669 6930 6827 6848 6497 6330 6167 5834 5362 5024 4506 4188 3800 3373 3045 2669 2284 2138 1756 1508 1539 1219 1089 966 798 741 608 551 443 427 373 306 262 230 207 178 145 126 104 98 68 76 54 45 42 37 29 40 24 24 22 21 15 19 14 10 5 7 7 6 2 4 3 1 4 1 0 1 0 0 0 0 1 1 0 0 0 1 0 0 0 1 0 0 0 0 0 0 0 0 0 0 0 
0 0 29 61 95 94 103 148 232 369 519 661 875 1099 1329 1630 2015 2364 2861 3216 3835 4486 4968 5314 5708 6092 6543 6947 6904 6779 6797 6717 6469 6213 5648 5415 5042 4439 4151 3843 3396 3107 2676 2411 2150 1867 1796 1494 1355 1117 957 877 757 684 520 495 425 391 316 228 231 220 188 144 149 109 90 84 69 81 46 51 38 28 48 31 21 19 13 9 19 13 8 5 10 6 8 4 5 3 1 1 2 2 3 1 1 0 0 0 1 0 0 0 0 0 0 0 0 0 0 0 
0 0 12 90 91 108 83 163 310 454 644 747 898 1163 1567 1966 2281 2695 3272 3906 4282 4772 5329 5756 6211 6525 6824 6886 6947 6906 6697 6647 6315 6009 5496 5167 4779 4296 3956 3581 3081 2723 2532 2153 1924 1709 1495 1292 1198 983 869 793 639 509 486 409 389 318 262 229 186 160 145 121 127 92 88 62 64 48 39 31 42 23 17 17 11 14 16 10 8 7 3 4 2 4 4 2 2 3 1 1 1 0 0 3 0 0 0 0 2 0 1 0 0 0 0 1 0 0 0 0 0 0 0 
0 0 25 79 96 101 121 191 250 362 437 666 927 1161 1377 1740 2062 2756 3180 3635 4066 4564 5072 5516 6030 6498 6475 6743 6919 6861 6695 6676 6401 6059 5652 5173 4974 4466 3981 3648 3315 2995 2640 2268 1956 1811 1538 1336 1231 1063 918 748 663 583 501 479 390 303 281 247 203 202 172 132 123 109 81 84 79 71 50 52 35 38 25 35 24 15 11 10 15 10 9 9 6 7 6 2 6 3 5 1 3 0 1 1 3 0 1 1 2 1 0 1 1 0 0 1 0 0 0 0 0 0 0 0 0 0 0 
0 0 12 75 76 105 97 164 345 467 606 728 928 1211 1538 1993 2288 2640 3177 3845 4370 4654 5254 5539 5984 6347 6676 6759 6836 6757 6733 6625 6358 6043 5656 5176 4924 4305 3889 3583 3333 2950 2508 2253 1956 1824 1597 1330 1136 1071 881 745 624 573 543 451 334 362 292 262 207 192 178 151 143 101 90 85 72 65 49 34 51 38 28 24 20 23 24 19 14 17 10 6 10 7 3 6 3 7 2 0 3 1 3 1 0 0 4 0 0 0 0 0 0 0 0 1 0 0 
0 0 29 55 104 83 96 122 180 290 406 482 710 1005 1363 1686 1977 2391 2879 3356 3709 4090 4849 5308 5809 6164 6563 6823 7024 6814 6764 6661 6509 6241 6047 5370 5076 4641 4304 3940 3482 2957 2769 2446 2119 1939 1669 1402 1245 1132 974 863 744 619 571 455 373 364 325 236 238 167 168 163 126 98 105 89 71 44 52 63 40 29 15 23 28 13 18 16 13 4 8 6 7 6 8 5 3 0 2 1 4 1 0 1 0 1 0 0 0 0 0 0 0 0 0 0 0 
