0 0 24 65 113 96 136 200 343 470 600 876 1028 1326 1676 1965 2290 2709 3483 3877 4471 4831 5362 6003 6415 6654 6752 6926 7167 7029 7086 6673 6481 5939 5639 5273 4719 4267 3930 3591 3143 2814 2400 2195 1891 1654 1470 1254 1053 951 865 740 627 517 462 439 352 293 259 214 207 165 157 110 96 90 61 74 48 40 47 34 40 30 27 17 23 23 15 15 7 8 9 5 6 4 9 3 0 2 0 2 4 0 1 1 1 0 0 0 0 0 0 0 0 0 0 0 
0 0 38 116 199 205 180 261 402 593 843 1144 1429 1671 2044 2359 2888 3356 3946 4469 5022 5668 5939 6289 6555 6881 7074 7099 7037 6780 6705 6245 5895 5517 5107 4672 4227 3962 3515 3026 2791 2481 2178 1967 1601 1408 1261 1099 923 871 788 633 509 501 417 358 313 285 226 218 175 141 142 141 125 92 79 85 76 62 43 41 25 36 31 17 15 20 10 10 7 7 8 5 9 5 3 6 3 1 0 4 1 2 0 1 0 0 1 2 1 0 0 1 0 0 0 0 1 1 0 0 0 0 0 0 0 0 0 0 0 
0 0 34 79 105 99 111 178 316 393 429 593 847 1142 1468 1746 1991 2489 3111 3714 4147 4648 5071 5719 6111 6398 6676 6964 7016 6931 7010 6692 6550 6113 5843 5451 4959 4506 4171 3716 3455 3041 2608 2365 2159 1842 1616 1379 1224 1040 1009 848 702 586 528 420 376 346 303 256 214 210 165 144 121 114 91 75 86 51 60 51 30 38 25 28 26 21 16 14 16 15 9 8 8 11 8 6 9 4 4 5 5 5 3 2 0 0 1 1 4 0 1 1 2 0 1 1 0 0 0 0 1 0 0 0 0 0 0 0 0 0 0 0 
0 0 30 66 108 146 219 334 480 718 865 1176 1395 1760 2045 2458 2965 3457 3888 4342 5143 5606 6093 6373 6668 6835 7144 7076 6993 6853 6439 6349 5932 5487 5126 4532 4243 3797 3462 3078 2698 2356 2107 1926 1580 1402 1216 1066 936 854 678 577 534 437 416 313 305 239 227 175 157 145 111 100 105 78 70 51 59 39 30 27 22 22 21 17 7 14 9 9 6 5 6 4 3 2 5 0 1 1 1 1 0 1 0 0 1 0 0 0 0 0 0 1 0 1 0 0 0 0 0 0 0 0 0 0 0 
0 0 24 74 114 88 95 224 398 484 520 683 1004 1373 1500 1878 2375 2879 3311 3827 4247 4908 5273 5924 6282 6699 6823 7117 7144 6992 7048 6754 6501 5946 5641 5214 4764 4328 4071 3432 3167 2828 2520 2215 1949 1668 1470 1348 1090 987 830 711 680 566 476 435 340 305 281 215 222 175 153 119 106 101 89 55 52 42 52 40 28 26 30 27 15 13 7 9 8 2 6 6 6 3 0 0 1 2 3 2 1 0 1 0 1 1 0 0 0 1 0 1 0 0 2 0 0 1 0 0 0 0 1 0 0 0 0 0 0 0 0 0 0 0 
0 0 28 64 99 97 154 245 311 432 555 690 808 989 1259 1659 1947 2370 2836 3423 4038 4516 5087 5619 6023 6443 6560 6780 7061 7211 6982 6718 6722 6176 5892 5506 5125 4723 4284 3856 3457 3086 2815 2414 2087 1771 1638 1391 1212 1052 912 782 659 629 519 477 374 323 311 245 229 197 174 135 118 108 98 72 77 50 46 39 44 36 30 25 24 23 13 9 13 12 4 7 7 6 6 3 3 1 1 1 0 1 1 0 1 1 1 1 0 0 0 0 0 1 0 0 0 0 0 0 0 0 0 0 0 
0 0 25 65 63 119 181 255 303 350 480 713 845 916 1249 1681 2002 2565 2784 3350 3838 4515 4931 5605 5969 6227 6631 7019 7036 6976 7068 6652 6670 6271 5835 5470 5129 4678 4335 3813 3511 3157 2776 2452 2164 1850 1613 1467 1286 1158 913 837 727 639 558 459 391 352 290 294 220 179 180 171 117 91 89 95 80 74 52 44 44 47 41 23 14 15 16 12 12 12 6 2 9 7 4 2 2 0 2 0 1 1 2 1 2 0 0 1 0 0 0 1 0 0 0 2 1 0 0 0 0 0 0 0 0 0 0 0 
0 0 24 75 120 106 127 266 520 739 802 938 1214 1592 1983 2445 2788 3296 3756 4364 4961 5412 5980 6337 6707 6904 6979 6991 7039 6706 6656 6367 6021 5585 5256 4796 4421 3929 3566 3177 2802 2532 2216 1940 1664 1466 1283 1113 989 823 715 658 551 473 377 338 286 252 237 205 161 147 119 104 97 78 55 59 46 47 37 26 38 25 19 21 13 12 13 13 7 6 7 9 8 7 2 4 5 3 4 3 2 1 0 0 0 1 2 0 1 1 0 1 0 1 0 0 0 2 0 0 0 0 0 0 0 0 0 0 0 
0 0 29 67 101 100 105 252 408 435 543 732 1021 1272 1620 1951 2492 2939 3379 3744 4326 4830 5436 5840 6240 6477 6837 6795 6969 6887 7003 6616 6281 5897 5616 5158 4932 4249 4031 3554 3289 2766 2435 2147 1932 1696 1491 1272 1116 1001 891 723 670 548 479 438 346 314 282 249 210 163 156 158 114 111 92 64 67 55 51 49 32 39 26 18 20 9 15 18 7 8 4 3 5 1 3 1 3 1 1 0 1 1 1 0 1 0 0 0 0 0 0 1 0 0 0 0 0 0 0 0 0 0 0 
0 0 22 90 119 113 109 137 225 361 493 539 645 865 1208 1387 1635 2127 2639 3147 3542 4195 4668 5307 5738 6248 6614 6618 7009 7250 7328 6896 6717 6568 6101 5715 5372 4933 4442 4108 3579 3261 2899 2495 2246 1889 1778 1451 1288 1152 953 872 724 608 549 521 404 336 324 325 238 203 169 173 134 126 122 78 59 82 58 47 36 43 37 30 15 26 27 22 19 12 10 7 11 15 9 8 4 6 4 4 4 6 0 1 2 2 2 0 2 0 0 1 0 0 0 0 0 0 0 1 0 0 0 0 0 0 0 0 0 0 0 
0 0 28 53 101 100 91 187 390 516 570 676 875 1222 1598 1976 2215 2601 3235 3892 4311 4888 5257 5875 6258 6612 6841 6799 7054 7044 6795 6647 6421 5998 5651 5214 4837 4405 3995 3528 3245 2932 2563 2256 2006 1716 1528 1393 1157 1049 897 788 648 589 536 430 381 297 264 227 187 171 175 127 117 71 79 61 72 53 54 45 35 18 32 18 23 16 17 13 9 8 9 10 6 7 5 2 4 4 3 0 2 1 1 1 1 1 0 0 0 0 1 0 1 0 0 0 0 0 0 0 0 0 0 0 
0 0 26 73 86 84 141 239 322 395 427 555 798 1065 1320 1582 1949 2392 2781 3479 3839 4490 4976 5513 6043 6361 6694 6843 7014 7064 7001 6717 6464 6268 5987 5585 5109 4661 4366 3897 3569 3107 2841 2554 2176 1876 1652 1467 1284 1132 897 877 757 631 563 450 402 364 346 252 255 194 168 176 131 106 89 92 83 65 56 35 40 31 32 22 13 24 16 12 11 11 8 10 7 3 12 5 6 4 5 3 3 1 2 4 1 1 1 1 0 0 0 0 0 0 0 0 0 0 0 
0 0 27 75 111 121 97 197 390 530 614 747 1080 1403 1683 1941 2259 2808 3379 3853 4393 4773 5460 5900 6406 6705 6776 6990 7108 6976 6762 6445 6382 6080 5710 5161 4818 4400 3843 3595 3249 2904 2522 2217 1962 1654 1493 1318 1044 1001 852 695 642 543 471 420 365 318 266 257 187 191 144 143 99 99 83 70 53 65 48 45 36 22 33 26 17 5 29 19 8 12 3 10 15 4 5 3 8 4 11 1 3 1 2 4 3 3 2 2 0 3 0 0 0 0 0 0 0 0 0 1 0 
0 0 23 77 111 75 108 197 289 437 519 614 814 1061 1403 1738 2018 2302 2934 3541 4229 4628 4821 5585 6092 6439 6730 7045 6980 6866 6916 6784 6466 6323 5913 5623 5061 4632 4198 3771 3440 3020 2638 2433 2077 1881 1625 1465 1224 1079 976 791 700 591 525 450 357 312 265 235 213 184 151 123 105 106 78 71 64 53 52 43 36 33 28 21 26 23 18 14 13 16 18 11 9 9 3 8 5 1 0 2 1 2 1 0 1 1 0 0 0 0 0 0 0 0 0 0 0 
0 0 28 79 107 91 108 193 364 539 632 753 914 1242 1732 2158 2420 2928 3424 4011 4422 5014 5527 5910 6380 6554 6780 7008 7080 6992 6538 6536 6327 6104 5598 5203 4655 4259 3916 3392 3115 2747 2447 2202 1860 1700 1457 1276 1061 950 785 699 654 564 492 410 355 300 249 249 220 181 164 131 112 95 78 87 64 48 59 37 35 42 27 19 23 16 11 10 11 11 4 3 7 1 2 0 0 3 1 0 0 0 1 0 0 0 0 0 1 0 0 0 0 0 0 0 0 0 0 0 
0 0 24 75 81 83 118 180 354 551 764 778 945 1197 1628 2077 2588 3056 3392 3843 4318 4717 5420 5934 6376 6460 6771 6934 7047 6947 6667 6695 6427 5936 5638 5077 4815 4320 3879 3520 3207 2795 2486 2099 1935 1588 1458 1268 1217 974 829 744 620 562 488 434 370 313 277 243 225 154 152 123 121 115 83 84 71 60 51 43 34 33 28 19 18 19 26 9 12 11 14 15 14 4 4 6 7 3 1 2 2 3 1 4 2 0 0 1 1 0 0 0 0 0 0 0 0 0 0 0 
0 0 32 72 121 108 105 176 278 426 534 626 853 1167 1646 1915 2247 2619 3098 3761 4300 4932 5332 5707 6216 6632 6781 6883 7092 7136 7028 6748 6399 6241 5734 5196 4831 4569 4066 3603 3321 2821 2563 2318 1976 1744 1537 1371 1112 996 844 769 679 550 473 423 375 314 256 249 196 182 143 107 135 100 93 68 60 54 59 42 42 29 24 16 17 16 11 24 8 10 4 7 7 3 5 3 1 5 2 3 2 1 1 1 1 1 1 4 0 0 0 1 1 0 1 0 0 1 0 0 0 0 0 0 0 0 0 0 0 
0 0 26 79 105 133 172 281 373 431 583 832 1201 1475 1805 2264 2681 3031 3479 4169 4813 5212 5636 6033 6391 6938 6954 6881 7077 7019 6853 6431 6249 5674 5353 4944 4561 4121 3669 3280 2963 2599 2324 2062 1812 1477 1352 1224 1089 867 773 682 617 505 433 398 319 330 241 212 207 172 127 138 112 103 80 74 57 65 52 40 33 24 29 23 14 13 14 9 12 8 2 2 8 2 3 3 1 1 3 3 2 3 4 1 2 0 0 1 0 0 1 0 0 0 1 0 0 0 0 0 0 0 0 0 0 0 
0 0 30 82 122 105 105 153 327 491 607 788 912 1173 1586 2009 2503 2844 3227 3750 4231 5027 5402 5786 6316 6585 7084 6913 7106 7040 6924 6722 6367 5997 5659 5370 4745 4404 3967 3499 3199 2717 2459 2190 1887 1667 1462 1334 1100 998 856 760 665 546 462 401 351 343 306 222 190 169 140 122 74 111 85 62 62 39 38 44 33 34 24 21 18 16 12 12 6 11 5 12 6 4 6 2 0 6 2 3 2 1 0 1 1 1 0 1 0 1 1 0 0 0 1 0 1 0 0 0 0 1 0 0 0 0 0 0 0 0 0 0 0 
0 0 24 50 95 80 55 154 368 622 808 913 984 1271 1795 2192 2536 2831 3280 3866 4449 5046 5560 5986 6418 6661 7030 7052 7053 6960 6856 6587 6218 5781 5489 5172 4591 4252 3826 3465 3048 2646 2447 2099 1897 1638 1455 1252 1110 978 814 686 571 507 407 404 335 292 258 188 169 166 140 119 104 77 84 76 57 51 36 39 30 27 19 15 17 11 7 11 8 9 6 7 5 1 5 5 3 4 1 1 5 3 2 0 1 2 2 4 0 0 3 0 0 0 0 0 1 0 0 0 0 0 1 0 0 0 0 0 0 0 0 0 0 0 
0 0 37 55 124 91 107 135 317 444 623 725 850 1095 1515 2052 2303 2642 3101 3670 4215 4610 5153 5629 6120 6362 6772 7003 7023 7075 6834 6765 6262 6133 5666 5283 5025 4393 4072 3633 3272 2923 2554 2371 2023 1744 1531 1319 1140 1016 943 750 686 552 520 439 371 307 288 236 218 180 144 117 103 98 88 81 70 54 50 46 46 42 28 12 17 21 8 21 16 9 10 5 7 4 5 4 6 1 3 0 2 1 2 0 0 0 0 0 0 0 0 0 0 0 
0 0 33 81 104 104 134 261 407 569 625 827 1218 1539 1827 2264 2653 3240 3717 4333 4624 5330 5980 6194 6607 6896 7123 7299 7019 6875 6677 6364 6234 5609 5238 4849 4334 4000 3622 3205 2760 2458 2212 1965 1814 1519 1294 1142 1023 881 775 669 606 486 423 412 323 282 240 194 199 161 128 129 98 78 60 68 50 63 44 39 28 26 18 19 22 20 12 6 8 8 6 8 5 3 5 2 4 0 2 2 1 1 0 1 0 2 0 0 0 0 0 0 0 0 0 0 0 
0 0 33 89 127 126 147 279 517 772 955 1086 1246 1683 2103 2678 3008 3485 3916 4492 4988 5669 5901 6292 6793 6896 7152 7085 6979 6631 6712 6331 5890 5560 5022 4640 4223 3841 3377 3012 2736 2401 2021 1824 1634 1340 1193 1058 885 789 655 603 527 459 382 321 312 231 239 192 141 157 116 122 80 71 82 55 61 40 38 31 33 20 30 19 11 15 11 14 15 10 6 2 8 5 5 3 4 2 1 1 1 0 0 0 0 0 0 0 0 0 0 0 
0 0 30 70 119 103 129 193 362 507 686 830 1016 1370 1717 2068 2529 2954 3397 3914 4327 4939 5524 5996 6428 6577 6827 7187 7036 7088 6784 6660 6429 5995 5544 5031 4651 4297 3883 3285 3082 2691 2412 2108 1805 1666 1413 1201 1062 916 865 697 688 554 477 448 343 316 265 223 225 172 145 139 114 94 82 83 71 53 46 41 41 37 31 22 19 20 19 16 16 11 7 6 4 8 3 6 2 2 2 2 1 0 2 1 2 3 1 0 0 2 1 0 0 0 1 0 0 0 0 0 0 0 0 0 0 0 
0 0 24 74 104 101 132 229 414 492 511 655 948 1292 1406 1787 2130 2513 3028 3649 4053 4638 5117 5718 6083 6407 6807 6960 7105 6886 7007 6654 6421 6133 5672 5355 4959 4512 4211 3635 3302 2964 2616 2316 2123 1830 1543 1323 1169 1097 867 821 688 506 502 425 376 337 271 236 217 185 160 150 144 97 87 57 74 69 45 34 35 39 22 19 23 15 20 17 17 6 7 4 5 7 3 3 2 2 4 4 0 1 2 1 2 1 0 1 0 1 0 0 2 1 1 0 0 0 0 0 0 1 0 0 0 0 0 0 0 0 0 0 0 
0 0 21 69 88 103 109 147 212 296 453 586 836 1007 1180 1551 2091 2499 3078 3369 3900 4370 4828 5517 5778 6237 6673 6774 6918 7090 7166 6858 6701 6444 5971 5439 5260 4813 4302 3889 3526 3115 2753 2435 2165 1888 1694 1465 1217 1093 983 864 705 624 569 501 419 336 324 285 254 195 187 199 131 116 80 93 79 66 51 40 25 29 25 28 16 12 17 8 6 4 7 2 7 4 5 5 0 1 3 0 2 1 2 2 0 2 0 0 0 0 0 0 0 0 0 0 0 
0 0 25 74 114 93 142 271 418 566 721 977 1171 1363 1791 2202 2796 3168 3549 4122 4579 5269 5573 6208 6582 6743 7079 7066 7150 6959 6758 6553 6170 5750 5301 4949 4503 4047 3607 3261 2912 2517 2247 2059 1785 1493 1316 1211 1017 878 737 652 575 438 420 359 311 300 219 211 160 149 127 118 88 90 76 52 50 50 35 31 32 26 20 17 21 14 15 12 10 8 7 7 6 5 6 4 4 3 1 5 3 3 1 2 0 2 1 1 2 0 0 0 0 1 0 0 0 0 0 0 0 0 0 0 0 
0 0 20 69 99 139 186 343 510 717 814 1057 1369 1610 2000 2577 3026 3518 3938 4455 5077 5739 6109 6467 6849 7011 7104 7271 7010 6884 6588 6311 5867 5486 5050 4589 4164 3792 3425 2991 2679 2336 2060 1907 1628 1398 1241 1108 921 778 686 604 517 431 397 324 272 225 204 196 146 143 99 105 95 83 58 57 55 46 32 31 31 35 15 12 15 10 7 8 10 10 8 5 7 3 5 3 3 2 2 3 2 2 2 0 3 1 0 3 2 1 0 0 1 0 0 0 0 0 0 0 0 0 0 0 
0 0 29 69 69 95 115 191 357 533 707 823 1057 1378 1711 2205 2514 2982 3423 4083 4590 5182 5606 6018 6385 6681 6938 7003 7062 6874 6827 6572 6382 5886 5486 4918 4732 4374 3849 3378 3033 2739 2365 2196 1875 1629 1412 1188 1192 961 798 706 604 568 493 399 340 300 259 234 204 155 141 118 116 85 75 67 58 41 47 43 31 23 26 22 9 14 12 13 11 5 6 4 5 4 1 1 4 3 1 2 1 2 0 1 0 0 1 0 1 0 0 0 1 0 0 0 1 0 2 0 1 0 0 0 0 1 0 0 0 1 0 0 0 0 0 0 0 0 0 0 0 
0 0 41 64 116 97 125 167 255 427 481 512 670 917 1374 1669 2032 2354 2760 3327 4004 4609 5071 5359 5876 6493 6863 6974 6992 6944 7081 6940 6703 6263 6028 5656 5146 4836 4259 3940 3467 3112 2737 2505 2196 1937 1693 1441 1275 1047 933 837 770 623 567 455 392 343 295 258 242 184 165 129 117 107 89 60 91 60 44 44 51 19 17 25 17 15 15 10 11 13 12 6 6 6 10 1 4 5 0 1 2 2 2 2 1 0 1 2 0 0 1 0 0 0 0 0 0 0 0 0 0 0 
0 0 26 70 104 81 122 241 412 522 628 725 1003 1364 1739 1953 2314 2826 3485 4041 4434 4862 5299 5938 6366 6680 6726 6817 7008 7003 6873 6522 6283 5984 5546 5254 4740 4359 3918 3517 3242 2780 2445 2188 1863 1698 1467 1262 1136 978 823 744 621 560 461 402 373 300 242 203 189 181 145 125 90 79 82 59 54 43 55 48 40 34 13 22 18 13 11 11 9 4 4 6 1 6 2 2 3 2 3 1 3 0 1 0 2 1 1 0 1 0 2 1 0 0 1 0 0 0 0 0 0 1 0 0 0 0 0 0 0 0 0 0 0 
0 0 25 62 86 99 98 207 428 601 665 781 1021 1362 1761 2057 2472 3005 3479 3942 4350 4975 5603 6095 6292 6616 6779 7062 7032 7096 6835 6566 6153 5949 5455 5091 4800 4183 3822 3457 3162 2680 2459 2143 1899 1687 1493 1201 1064 945 842 711 588 535 455 384 333 289 296 207 215 149 159 128 110 120 98 60 61 63 48 37 41 37 18 19 18 17 12 16 7 5 8 6 5 1 5 3 3 3 2 1 2 1 2 1 2 4 0 2 0 2 0 1 0 2 1 0 0 1 0 1 1 0 0 0 1 0 1 0 1 0 1 0 0 0 0 0 0 0 0 0 0 0 
0 0 26 75 91 65 123 216 342 405 493 631 878 1254 1591 1952 2401 2671 3129 3528 4319 4812 5182 5822 6163 6570 6809 7152 6815 7071 7086 6874 6395 6028 5594 5236 4827 4606 4014 3614 3250 2954 2641 2297 2018 1707 1541 1347 1195 1052 888 802 670 521 524 458 358 336 285 228 221 171 144 142 98 96 94 78 51 60 57 31 39 33 21 24 19 14 18 12 11 13 9 3 2 6 3 5 4 3 2 3 0 0 2 3 1 1 0 0 1 0 0 0 0 1 0 0 0 0 0 0 0 0 0 0 0 
0 0 14 69 93 85 69 136 307 423 433 459 663 1047 1489 1597 1869 2299 2913 3423 3891 4306 4762 5266 5951 6436 6205 6646 6900 6904 7056 6767 6645 6360 5860 5623 5110 4847 4377 3994 3487 3134 2854 2485 2219 1940 1713 1478 1334 1095 997 847 713 635 562 499 442 382 320 268 228 212 170 150 144 116 112 78 84 67 66 55 34 36 38 25 29 23 16 12 10 17 14 7 6 6 2 4 4 7 1 2 1 1 4 2 0 2 3 0 1 0 3 3 0 0 0 1 1 0 0 0 2 2 1 0 0 2 1 0 0 0 0 1 1 0 0 0 0 0 0 1 0 0 0 0 0 0 0 0 0 0 
0 0 31 69 112 100 179 303 484 642 743 956 1306 1693 2116 2507 2823 3421 3990 4532 5005 5479 5846 6260 6678 6956 6974 7005 7010 6856 6602 6256 6006 5754 5090 4797 4333 3932 3471 3225 2769 2459 2029 1817 1713 1475 1320 1154 921 840 761 652 595 472 389 390 294 272 257 218 164 163 138 121 83 90 77 49 54 39 41 35 41 16 27 14 19 12 16 8 12 5 3 2 6 2 1 1 0 1 1 0 0 1 0 0 0 0 0 0 0 0 0 0 0 
0 0 28 58 108 128 94 161 303 440 596 709 831 1069 1434 1761 2389 2778 3059 3544 4096 4904 5379 5828 6016 6621 6847 7055 6999 7100 6841 6717 6406 6057 5793 5238 4986 4505 4039 3644 3257 2989 2567 2282 2018 1759 1595 1333 1139 1011 917 760 658 562 495 399 332 301 251 213 227 176 102 125 99 85 84 86 54 48 58 32 41 35 27 17 21 12 20 12 9 9 10 3 2 5 8 3 4 3 0 2 2 2 3 3 1 1 1 2 1 1 0 1 0 1 0 0 0 0 1 0 0 0 0 0 0 0 0 0 0 0 
0 0 14 80 103 106 152 219 357 510 626 868 1194 1481 1742 2048 2592 3136 3761 4110 4685 5124 5795 6070 6475 6799 6740 7086 6895 6986 6861 6430 6211 5710 5440 4973 4616 4223 3729 3278 3061 2660 2373 2088 1788 1642 1389 1232 1126 908 771 695 645 466 453 403 342 253 230 233 190 152 140 128 92 85 89 61 71 47 28 49 30 38 33 16 14 17 20 16 10 8 4 8 10 4 7 3 4 6 5 2 3 2 2 3 5 1 0 1 2 1 1 0 0 2 0 0 0 0 0 0 0 0 0 0 0 
0 0 25 76 105 110 92 220 375 577 676 863 1117 1521 1864 2245 2656 3081 3651 4126 4821 5222 5671 5927 6425 6824 7088 7120 7032 7044 6805 6531 6243 5724 5442 4936 4510 4070 3608 3363 2948 2673 2351 2027 1770 1568 1429 1185 1041 876 768 645 600 500 393 341 337 283 250 214 162 141 128 147 100 89 60 62 54 49 41 31 33 27 22 16 17 14 6 13 7 7 11 3 3 8 3 4 0 2 1 2 1 1 2 2 0 0 0 0 1 0 1 0 0 0 0 0 0 0 0 0 0 0 
0 0 35 71 96 103 140 292 431 616 661 899 1156 1441 1825 2062 2569 2976 3685 4255 4928 5112 5640 6100 6498 6891 7129 7120 7044 7050 6918 6636 6185 5835 5389 5080 4566 4140 3639 3364 2922 2589 2308 2006 1739 1554 1311 1203 1052 893 802 616 601 465 416 362 305 272 241 230 137 162 134 120 91 84 68 55 73 40 37 34 20 17 22 26 16 13 11 5 7 11 2 8 2 3 3 2 2 2 2 1 3 0 0 0 0 0 1 1 0 0 0 0 0 0 0 0 0 0 0 
0 0 38 106 116 125 151 290 515 693 798 986 1349 1866 2318 2526 2847 3479 4126 4658 5218 5577 6001 6382 6731 6994 7073 6909 6953 6834 6664 6256 5910 5449 5094 4620 4354 3818 3273 3092 2744 2324 2055 1900 1509 1363 1222 1112 908 821 693 645 491 463 377 335 278 244 210 187 138 154 109 106 76 82 69 58 44 41 38 22 25 19 26 17 11 11 9 6 10 11 7 6 5 5 2 4 3 3 2 0 2 0 2 1 1 0 0 1 3 1 0 1 1 0 0 0 0 0 1 0 0 0 0 0 0 0 0 0 0 0 
0 0 28 99 148 102 128 226 345 507 618 805 1042 1393 1756 2105 2554 2934 3427 4126 4737 5099 5676 6074 6261 6745 6814 7012 6871 6989 6700 6711 6250 5975 5478 5087 4618 4146 3778 3418 3044 2605 2381 2125 1833 1688 1354 1174 1097 923 786 681 542 497 468 386 297 285 227 232 179 159 140 109 91 80 88 48 47 45 39 31 30 31 16 15 13 13 11 10 9 12 11 10 6 1 8 4 8 4 2 1 5 3 3 1 3 2 1 2 2 2 1 1 2 1 1 1 0 0 0 0 0 0 0 0 0 0 0 
0 0 27 62 100 94 109 154 294 486 691 821 930 1192 1620 2136 2432 2813 3147 3760 4397 5063 5523 6002 6355 6553 6892 7132 7190 6943 7014 6713 6337 5996 5565 5166 4597 4256 3897 3492 3087 2798 2443 2130 1806 1613 1472 1296 1086 994 832 713 621 544 490 380 357 337 278 231 197 203 157 141 113 85 73 70 68 66 42 39 26 31 23 19 20 13 22 13 14 4 9 10 4 2 5 7 3 4 9 2 1 2 2 1 0 2 2 0 2 1 1 0 1 0 1 0 0 0 0 0 0 0 0 0 0 0 
0 0 26 75 127 84 122 196 285 424 513 808 1118 1385 1655 1940 2431 2951 3445 3921 4244 4890 5412 6201 6307 6631 6845 6932 6969 6998 6785 6816 6555 5871 5674 5204 4877 4447 3956 3544 3115 2810 2552 2275 1857 1670 1442 1252 1084 960 829 682 626 518 469 404 323 319 235 212 161 158 140 122 99 75 63 61 58 40 30 28 30 29 21 16 15 11 9 8 10 9 10 5 3 4 5 1 1 2 3 1 1 1 0 1 0 0 0 0 0 0 0 0 0 0 0 
0 0 28 68 92 101 100 182 347 443 554 710 999 1404 1654 2063 2359 2773 3249 3834 4294 4794 5277 5688 6168 6583 6741 7149 7113 7055 6839 6604 6285 6001 5819 5246 4902 4380 3902 3526 3206 2899 2519 2302 1939 1793 1537 1408 1187 1035 837 737 668 580 493 407 344 330 278 249 204 204 147 128 102 87 81 70 68 49 55 33 32 36 38 36 11 13 21 20 18 9 6 9 2 5 5 7 3 1 3 1 1 1 2 0 1 0 0 0 0 0 0 0 0 0 0 0 
0 0 25 79 110 113 132 220 409 559 590 707 952 1240 1684 2065 2496 2882 3298 3940 4625 5187 5685 5901 6380 6715 6813 7024 7065 7002 6945 6662 6238 5988 5668 5089 4729 4211 3891 3303 3191 2758 2396 2124 1794 1643 1418 1203 1063 914 792 742 578 510 457 346 314 267 242 200 161 132 124 97 98 78 77 64 41 39 26 25 22 21 11 20 14 10 8 9 6 4 5 3 4 4 0 0 0 2 3 0 0 2 0 3 0 0 0 0 0 0 1 0 0 0 0 0 0 0 0 0 0 0 
0 0 20 77 103 112 166 227 394 508 691 850 1114 1458 1870 2143 2654 2896 3432 4125 4697 5223 5871 6250 6687 6877 6918 7155 7158 7137 6779 6428 6239 5897 5296 4977 4492 4214 3662 3350 2978 2631 2307 2011 1784 1588 1318 1126 1017 877 751 669 600 468 453 356 329 265 243 193 197 166 145 105 93 95 64 66 44 38 41 44 35 31 24 16 17 12 8 12 10 6 5 7 1 4 2 6 2 3 2 1 0 3 2 2 1 2 1 3 1 0 2 0 0 0 0 0 0 0 0 0 0 0 
0 0 20 77 92 128 200 246 355 453 605 790 943 1230 1573 1974 2367 2837 3200 3679 4352 4842 5452 5740 6210 6726 6842 6894 7130 6873 6829 6543 6494 6010 5760 5142 4737 4364 4129 3640 3189 2740 2543 2228 1965 1776 1527 1288 1113 1031 893 802 645 528 474 437 389 312 309 240 215 159 169 133 107 105 89 93 68 59 41 43 38 31 30 11 24 17 16 15 13 8 7 3 6 5 2 1 4 5 3 2 4 0 1 0 1 0 0 1 0 0 0 0 2 0 0 0 0 0 0 0 0 0 0 0 
0 0 20 74 121 99 119 234 404 528 595 705 1015 1258 1637 2011 2516 2785 3363 3990 4473 5037 5414 6213 6385 6930 6872 7002 7019 7091 6950 6702 6409 5989 5564 5023 4703 4259 3901 3428 3041 2725 2454 2189 1856 1639 1473 1296 1157 962 790 718 575 553 437 400 335 315 273 214 191 150 175 117 105 99 80 69 67 44 50 49 34 22 39 25 23 14 16 12 9 9 11 9 6 7 4 2 5 3 3 2 3 2 0 2 0 2 2 0 0 0 0 1 0 0 0 0 0 0 0 0 0 0 0 
0 0 28 73 114 163 190 287 413 629 770 881 1130 1487 1890 2254 2557 3059 3646 4050 4523 5272 5703 5992 6506 6728 6921 6967 7042 6928 6789 6659 6102 5609 5306 5048 4448 4136 3680 3306 2941 2716 2334 1974 1779 1573 1406 1185 1017 880 798 686 564 496 417 408 347 266 243 202 191 160 140 101 101 89 78 70 42 45 44 30 35 37 25 18 16 14 20 11 10 5 8 6 9 8 5 7 3 3 3 3 3 2 5 3 6 1 2 0 1 1 0 2 0 2 0 0 0 0 0 1 0 0 0 0 0 0 0 1 0 0 0 0 0 0 0 0 0 0 0 
0 0 28 78 85 86 169 273 465 568 675 927 1231 1567 1867 2297 2757 3235 3729 4352 4802 5269 5835 6225 6606 6855 7034 7146 7120 6940 6826 6384 6046 5721 5327 4769 4386 4089 3603 3265 2923 2599 2189 1884 1703 1555 1325 1205 978 870 701 680 600 530 459 359 353 252 234 209 174 137 144 134 96 70 76 52 53 47 33 27 25 18 20 20 13 11 8 4 3 7 3 5 2 3 1 0 2 0 3 0 1 1 0 0 0 0 3 0 0 0 0 1 1 0 0 0 1 0 0 0 0 0 0 1 0 0 0 0 0 0 0 0 0 0 0 
0 0 26 70 99 108 102 149 308 396 529 576 730 1010 1406 1724 2056 2427 2877 3501 4022 4567 4926 5430 6131 6403 6705 6920 7016 7118 6954 6967 6706 6462 6015 5309 5142 4652 4229 3912 3475 3091 2737 2390 2054 1933 1598 1468 1211 1080 968 782 710 593 556 455 420 378 290 292 225 198 155 124 124 117 86 94 79 44 45 46 34 32 25 23 21 17 12 19 13 8 11 7 6 6 4 4 4 5 3 2 1 1 2 0 0 0 0 1 1 0 0 0 1 0 0 0 0 0 1 0 0 1 0 0 0 0 0 0 0 0 0 0 0 
0 0 36 76 98 98 114 164 283 377 561 700 830 1011 1378 1717 2130 2471 2908 3476 3963 4570 5072 5494 5974 6296 6646 6845 7000 6919 7074 6671 6583 6250 5777 5525 5081 4620 4262 3867 3329 3019 2765 2386 2009 1872 1644 1433 1218 1094 891 851 712 574 535 456 422 378 295 261 212 200 191 167 141 121 115 95 71 54 70 43 34 30 26 20 31 18 12 17 12 13 8 6 6 5 5 6 1 0 2 2 1 0 1 0 1 0 0 0 0 0 0 0 0 0 0 0 
0 0 12 77 78 83 70 141 241 397 454 461 642 947 1368 1703 1862 2206 2649 3320 3860 4275 4898 5324 5746 6270 6533 7007 7164 7214 7059 6756 6816 6512 6061 5692 5197 4880 4447 4050 3608 3226 2913 2557 2254 1910 1660 1469 1323 1067 1010 883 744 656 523 460 409 346 309 244 224 210 180 136 105 112 111 87 60 70 54 65 39 34 29 31 27 21 15 23 12 7 7 7 11 4 9 4 2 2 3 1 0 6 1 0 0 0 2 0 0 0 1 0 0 0 0 0 0 0 0 0 0 0 
0 0 31 90 113 95 162 376 628 746 863 1079 1309 1744 2125 2643 3157 3616 3946 4338 5182 5669 5974 6336 6627 6927 7008 6991 6902 6784 6496 6302 5948 5407 4965 4549 4125 3723 3379 3083 2671 2325 2065 1888 1628 1377 1232 1057 940 784 755 578 528 505 355 333 292 260 233 211 150 142 121 107 90 97 68 54 58 44 39 43 21 28 13 19 17 9 7 7 5 2 1 0 4 1 1 0 0 2 0 0 0 0 1 0 0 0 0 0 0 0 0 0 1 0 
0 0 28 78 89 87 165 332 505 579 613 744 1035 1390 1804 2028 2223 2876 3372 3995 4500 4986 5539 5964 6404 6759 6918 7097 7078 6972 6830 6429 6316 5977 5636 5091 4602 4280 3928 3412 3067 2718 2367 2186 1839 1640 1407 1275 1059 960 828 727 577 532 447 401 356 307 243 213 206 186 149 112 98 99 86 60 51 46 44 49 32 25 25 18 19 14 16 10 9 12 4 5 8 4 3 2 1 2 3 5 1 1 2 0 0 0 3 0 0 0 0 1 0 0 0 0 0 0 0 0 0 0 0 
0 0 17 73 103 91 155 300 475 578 727 1002 1188 1561 2051 2467 2882 3406 3710 4254 4865 5363 5843 6162 6588 6766 7226 7044 6893 6895 6679 6500 6002 5808 5318 4748 4439 3904 3598 3310 2805 2479 2293 1935 1710 1437 1302 1131 992 837 724 651 586 497 406 340 350 253 235 203 182 154 106 104 93 86 74 61 62 50 36 43 31 28 23 27 28 9 14 15 11 8 9 10 13 3 1 5 2 0 4 2 2 0 1 1 3 1 1 1 0 0 0 0 0 0 0 1 0 0 0 0 0 0 0 0 0 0 0 
0 0 23 74 80 106 98 178 397 540 615 786 1083 1464 1863 2149 2536 2980 3572 4088 4675 4967 5594 5986 6445 6756 7059 7014 7013 6936 6941 6610 6174 5939 5520 5086 4681 4182 3663 3476 3041 2708 2399 2110 1813 1652 1439 1232 1121 942 790 689 564 546 476 404 345 278 250 220 169 172 151 129 112 84 65 72 59 46 50 40 34 27 30 37 15 16 13 11 12 10 7 8 2 3 1 1 2 6 0 1 1 3 1 0 0 0 2 2 0 0 1 0 0 0 0 0 0 0 0 0 0 0 
0 0 27 74 116 99 122 240 534 707 749 876 1165 1654 2130 2440 2779 3199 3809 4408 4866 5230 5742 6305 6693 6780 7008 6948 6863 6980 6654 6306 6098 5629 5189 4920 4362 3932 3570 3163 2813 2392 2270 1917 1782 1509 1344 1177 1029 854 760 648 567 488 430 336 314 257 246 237 179 147 135 125 98 74 68 65 47 45 42 44 27 20 25 17 14 12 11 5 8 6 9 3 7 1 5 2 1 1 3 2 1 0 3 1 1 1 0 1 0 2 0 1 0 0 1 0 0 0 0 0 0 0 0 0 0 0 
0 0 19 61 109 76 68 158 365 470 493 516 895 1250 1640 2024 2161 2704 3181 3704 4150 4716 5324 5721 6199 6485 6821 7090 7108 6943 6871 6692 6388 6011 5716 5324 4863 4464 3992 3559 3263 2793 2545 2252 1909 1776 1540 1362 1194 1065 852 774 663 600 492 463 376 308 295 241 243 168 164 139 132 101 79 81 78 72 60 44 35 41 29 32 29 15 16 19 10 13 12 7 7 7 4 6 6 7 4 2 3 3 3 5 1 1 2 3 1 0 2 1 0 0 0 1 0 0 0 0 0 0 1 0 0 0 0 0 0 0 0 0 0 0 
0 0 32 92 113 115 115 254 531 713 844 954 1078 1585 2035 2496 2836 3214 3728 4346 4864 5430 5818 6123 6536 6946 7014 7056 6923 6942 6678 6397 6085 5652 5256 4829 4423 3980 3534 3212 2804 2634 2229 2015 1677 1494 1350 1139 1020 865 720 639 536 445 426 406 308 266 240 205 187 170 135 101 100 80 74 54 57 41 45 43 38 24 20 18 18 14 17 6 7 4 5 7 6 9 2 5 3 3 2 4 2 5 3 2 2 1 0 1 3 2 0 1 1 1 0 1 0 0 0 0 0 0 0 0 0 0 0 
0 0 30 80 95 102 114 176 279 444 538 640 937 1272 1626 1853 2268 2724 3373 3770 4212 4690 5203 5612 6179 6497 6749 6966 7043 7163 6986 6562 6425 6138 5683 5269 4841 4421 4035 3637 3327 2845 2552 2308 1980 1740 1493 1281 1170 992 865 744 670 561 496 433 359 301 273 232 209 182 150 127 107 82 84 63 71 57 47 44 45 32 36 19 23 17 20 13 8 5 10 8 5 6 5 7 2 0 5 2 2 4 0 0 0 0 0 0 0 0 0 0 0 
0 0 29 58 109 87 94 117 181 281 385 442 583 773 1115 1328 1743 2006 2494 2844 3269 3909 4488 5183 5342 5937 6288 6854 6928 6968 7129 6855 6886 6662 6368 5906 5504 5120 4599 4278 3832 3411 3166 2640 2536 2175 1917 1677 1533 1263 1103 996 889 720 635 546 473 401 339 334 251 233 211 154 127 144 120 107 64 77 61 47 32 42 30 25 23 15 7 4 14 10 10 4 2 1 4 1 4 4 1 1 0 1 2 0 0 0 0 0 0 0 0 0 0 0 
0 0 20 65 84 84 123 182 294 440 464 621 873 1223 1500 1857 2144 2537 3069 3657 4292 4536 4905 5705 6161 6518 6944 6971 6992 6981 6999 6671 6378 6096 5824 5511 4941 4569 4095 3717 3283 2834 2623 2338 2074 1729 1551 1338 1193 1048 953 740 730 580 516 456 423 344 291 239 191 185 178 145 115 124 89 90 59 59 48 49 34 37 38 19 15 20 22 14 18 6 8 11 6 4 1 5 4 1 1 1 3 0 0 0 1 2 1 0 1 0 1 0 0 1 1 0 0 0 0 1 1 0 0 0 0 1 1 0 0 0 1 0 0 0 0 2 0 0 0 0 0 1 0 0 0 0 0 0 0 0 
0 0 22 77 80 98 103 167 235 336 470 530 693 852 1187 1602 1943 2301 2755 3250 3802 4132 4616 5387 5786 5981 6483 6808 6993 7101 7163 6844 6711 6381 6211 5847 5246 4878 4564 4041 3595 3227 2834 2525 2315 1974 1722 1479 1351 1173 1000 891 720 709 539 510 411 348 343 265 263 209 156 148 128 124 99 70 70 73 55 42 33 35 36 30 24 24 19 12 19 7 9 12 11 10 14 8 5 1 4 6 5 5 4 4 1 1 3 0 3 0 0 2 0 2 1 0 1 0 0 0 0 0 1 0 0 0 0 0 0 0 0 0 0 0 
0 0 30 84 112 136 168 258 361 532 734 858 956 1309 1797 2280 2663 2927 3500 4095 4595 5311 5672 5997 6433 6820 6934 7156 7166 6924 6815 6561 6210 5863 5521 5024 4601 4071 3678 3325 2986 2549 2317 2056 1775 1560 1415 1237 1014 903 771 694 617 515 456 397 347 315 273 208 213 183 140 125 111 89 77 76 81 56 46 38 37 24 23 16 21 12 8 9 8 7 3 4 2 3 3 3 3 1 0 0 0 1 0 0 0 0 0 0 0 0 0 0 0 
0 0 23 85 104 108 112 219 393 523 563 737 1044 1386 1732 2086 2451 3025 3462 4133 4476 5002 5590 6019 6535 6722 7105 7027 7074 6883 6945 6590 6272 5988 5528 5232 4732 4258 3779 3435 3070 2803 2355 2112 1817 1591 1387 1226 1097 891 819 697 556 513 459 445 320 287 232 205 204 172 138 108 95 80 72 57 70 46 35 31 28 33 16 16 18 15 10 8 8 7 12 4 2 1 4 1 1 1 2 0 0 2 1 0 1 0 0 1 2 1 1 1 1 1 2 1 0 0 1 0 0 0 0 0 0 0 0 0 0 0 
0 0 17 75 123 92 143 269 387 476 602 810 1091 1318 1656 1998 2469 3042 3527 3965 4504 4871 5469 5983 6472 6821 7053 7129 7023 7111 7081 6608 6374 5951 5560 5172 4520 4287 3798 3451 3015 2659 2351 2111 1816 1616 1439 1190 1072 918 791 708 619 549 511 414 366 319 259 247 208 171 146 133 106 111 77 60 52 48 49 33 32 34 37 18 23 19 12 15 10 11 11 4 6 7 6 6 4 2 2 3 0 1 1 1 0 1 0 0 1 0 0 0 1 0 0 0 0 1 0 0 0 0 1 0 0 0 0 0 0 0 0 0 0 0 
0 0 23 84 106 109 99 225 316 415 519 696 1044 1229 1545 1790 2267 2774 3310 3890 4323 4793 5352 5896 6347 6605 7013 6871 7116 6944 6866 6851 6412 6170 5553 5142 4853 4471 3981 3646 3207 2795 2564 2269 1989 1708 1514 1310 1114 955 901 709 643 498 446 443 340 298 221 247 182 179 143 118 131 95 80 65 53 65 36 27 28 32 35 26 16 17 11 15 20 9 9 9 8 9 4 7 3 4 5 6 2 4 1 3 2 2 1 0 1 1 2 0 0 0 0 1 0 0 0 0 0 0 0 0 0 0 0 
0 0 22 61 105 93 110 136 211 317 437 645 893 1051 1231 1576 1881 2246 2646 3238 3960 4443 4742 5446 5913 6350 6715 6708 6891 6964 7064 6923 6672 6344 6150 5636 5238 4893 4421 3975 3613 3186 2779 2476 2295 1951 1751 1512 1303 1079 895 847 797 643 584 480 412 354 356 295 261 215 174 155 135 137 104 94 73 63 63 53 50 40 29 22 26 31 26 15 17 7 16 15 15 10 6 11 15 5 6 0 9 2 4 2 1 6 0 0 1 3 0 0 1 2 0 0 0 1 1 0 0 0 0 0 0 0 0 0 0 0 
0 0 18 54 83 73 99 246 378 531 620 877 1141 1494 1817 2060 2488 3022 3587 3977 4466 5019 5536 6019 6463 6696 6777 7029 6991 6946 6813 6433 6242 5901 5426 5091 4637 4223 3822 3355 2962 2730 2455 2123 1860 1686 1471 1239 1051 956 843 689 600 525 446 446 362 282 247 216 180 164 126 101 100 100 80 66 49 43 35 38 30 33 22 24 13 9 11 8 11 10 3 2 3 0 1 2 3 4 1 1 1 0 2 2 0 0 0 0 1 0 0 0 0 0 0 0 0 0 0 0 
0 0 18 79 104 90 108 216 413 479 623 860 1198 1501 1751 2167 2542 2955 3572 4044 4504 5038 5627 5940 6422 6734 6857 6905 6929 6900 6824 6377 6231 5869 5381 5087 4502 4210 3765 3462 3156 2775 2430 2181 1830 1625 1401 1286 1122 959 835 704 639 557 501 406 349 322 281 219 218 214 148 129 99 130 85 89 71 48 45 32 39 44 25 21 16 15 13 16 14 9 10 8 5 7 7 9 2 3 2 1 0 0 0 0 1 0 0 0 0 0 0 0 0 0 0 0 
0 0 25 95 98 143 190 359 534 664 793 889 1176 1459 2046 2434 2882 3293 3682 4400 4920 5222 5631 6168 6486 6774 7029 7061 7050 6908 6727 6390 6074 5589 5306 4831 4489 3938 3493 3214 2911 2578 2144 2038 1725 1461 1278 1178 1007 850 823 643 581 527 443 382 331 236 253 183 193 154 142 102 94 88 70 49 44 49 45 43 33 15 20 12 12 16 7 12 8 7 9 3 5 5 4 4 3 5 4 1 3 4 2 1 2 2 1 1 0 1 1 0 0 0 2 1 0 2 1 0 0 1 0 0 1 1 0 0 0 0 1 0 0 0 0 0 0 0 0 0 0 0 
0 0 27 78 100 114 138 230 325 458 551 697 853 1166 1489 1837 2127 2577 3125 3661 4145 4582 5280 5894 6146 6511 6710 6994 7078 7038 6861 6724 6545 6257 5816 5399 4984 4441 4081 3759 3348 2974 2574 2233 2074 1851 1529 1348 1113 1007 914 733 675 635 502 438 353 323 308 246 206 167 165 123 113 97 77 74 58 57 40 40 46 27 25 24 22 27 16 17 9 12 9 8 8 9 7 4 5 6 3 5 2 5 1 6 2 1 1 0 2 0 1 0 0 3 0 0 0 0 0 0 1 0 0 0 0 0 0 0 1 0 0 0 0 0 1 0 0 0 1 0 0 0 0 0 0 0 0 0 0 0 
0 0 25 90 111 100 96 140 277 479 616 867 1044 1270 1600 1948 2466 3071 3354 3796 4341 4853 5686 6039 6200 6602 6861 7039 7088 7023 6760 6615 6262 5987 5632 5078 4619 4189 3778 3380 3218 2708 2538 2170 1992 1690 1403 1338 1143 991 861 717 602 570 458 432 340 309 268 212 188 203 140 150 110 114 73 81 71 41 40 46 35 39 27 16 16 9 11 15 15 5 8 4 7 8 6 2 7 6 2 2 3 1 2 1 2 1 2 2 1 1 0 1 2 1 0 0 1 0 0 0 0 0 0 0 0 0 0 0 
0 0 16 71 94 103 124 168 327 436 490 591 779 1080 1464 1721 2045 2571 3013 3518 3998 4612 5110 5669 6048 6651 6660 7135 7115 7178 6892 6849 6543 6293 5873 5456 4928 4503 4156 3913 3362 2845 2584 2379 2130 1745 1538 1422 1225 1064 954 806 716 596 534 444 424 341 309 266 227 206 163 136 105 125 93 78 53 58 53 34 33 27 32 19 15 16 9 17 11 13 13 1 6 2 3 3 6 0 2 0 0 1 0 3 0 1 0 0 1 0 0 0 0 0 0 0 0 0 0 0 
0 0 21 68 96 84 122 233 401 498 570 774 997 1330 1601 1879 2181 2744 3309 3899 4402 4776 5423 5958 6310 6334 6732 6914 7028 7121 7050 6686 6421 6184 5531 5242 4677 4520 3882 3691 3172 2920 2521 2129 2006 1812 1464 1321 1109 934 904 729 678 564 451 418 332 327 277 234 228 181 155 120 125 97 96 79 73 68 44 38 38 34 15 16 21 18 16 10 14 6 6 9 3 7 5 3 3 2 2 2 2 2 0 0 0 0 0 0 0 0 0 0 0 
0 0 26 55 83 93 102 164 282 360 399 534 738 950 1173 1507 1813 2199 2608 3193 3677 4208 4699 5229 5745 6335 6588 6749 6986 7080 6958 6723 6721 6429 6016 5572 5416 4759 4486 4036 3698 3291 2876 2537 2335 1997 1809 1556 1303 1167 1038 927 760 686 593 544 464 384 319 291 252 206 186 162 133 127 107 88 76 61 46 50 42 32 30 30 16 17 14 9 10 7 13 4 6 2 4 5 8 3 2 3 1 2 1 0 2 0 0 1 0 1 1 1 2 0 0 0 1 0 0 0 1 1 0 0 0 1 1 0 1 0 0 0 1 0 0 0 0 0 0 0 0 0 0 0 
0 0 26 60 107 85 141 259 417 460 569 861 1176 1563 1841 2090 2474 3088 3567 3884 4527 4964 5329 6021 6349 6663 6879 7002 6993 7035 6748 6522 6447 5928 5571 5009 4752 4223 3805 3420 3042 2746 2303 2139 1932 1561 1384 1184 1053 900 820 711 651 523 430 385 341 297 260 208 165 167 148 112 100 82 74 69 44 49 49 36 27 27 26 25 16 16 13 12 7 10 14 2 7 6 1 5 2 1 0 1 1 1 2 2 1 0 0 1 0 0 0 0 0 0 1 0 0 0 1 0 0 0 0 0 0 0 0 0 0 0 
0 0 29 99 114 93 135 258 364 395 479 616 894 1118 1444 1719 2030 2517 3078 3634 4100 4628 5157 5648 6108 6334 6811 6795 6819 6902 6910 6834 6562 6176 5907 5411 4983 4558 4319 3645 3370 2961 2689 2385 2102 1865 1623 1416 1254 1088 975 831 723 631 498 437 402 308 308 272 256 174 160 146 141 102 83 76 72 67 57 37 36 38 29 33 26 22 17 17 18 14 12 13 7 4 6 9 3 0 4 7 2 5 2 0 0 2 2 2 1 1 0 0 0 0 1 0 0 0 0 0 0 0 0 0 0 0 
0 0 30 84 116 104 122 229 343 476 603 699 887 1190 1472 1829 2268 2704 3150 3631 4231 4685 5236 5641 6152 6584 6969 7009 7007 7075 6994 6820 6481 6169 5706 5436 4897 4457 4091 3621 3295 2879 2553 2266 2017 1677 1572 1340 1122 1028 930 769 633 533 485 440 407 326 291 240 227 185 149 133 100 96 96 75 52 50 41 37 38 26 22 27 16 17 16 14 4 9 4 6 5 5 2 3 2 2 1 2 0 0 0 1 2 0 0 0 1 0 0 0 0 0 0 0 0 0 0 0 
0 0 19 66 81 99 106 166 221 359 426 546 704 945 1285 1587 1975 2312 2745 3246 3927 4642 4913 5222 5970 6068 6661 7022 7031 6949 7153 6914 6630 6278 5930 5658 5274 4825 4416 3905 3566 3175 2833 2536 2235 1905 1691 1493 1257 1137 1052 861 764 613 545 493 405 378 286 248 222 180 195 140 143 113 105 73 71 64 51 53 41 44 32 28 28 22 14 17 10 6 11 4 10 6 8 4 2 5 1 4 2 1 2 3 0 4 0 0 0 2 1 0 0 0 0 0 0 0 0 0 0 0 
0 0 28 92 106 118 150 281 434 596 727 833 1077 1498 1948 2333 2526 3045 3583 4109 4664 5183 5544 6082 6484 6708 6979 6963 6920 6817 6707 6572 6203 5685 5256 4865 4547 4180 3667 3307 2998 2643 2370 2038 1758 1563 1376 1211 1055 975 784 699 607 495 482 408 358 305 254 212 201 180 129 139 105 90 85 80 68 49 40 42 35 27 28 19 27 19 12 16 12 10 10 3 8 3 5 5 4 1 2 5 3 0 2 0 0 1 0 1 0 1 0 0 0 0 0 0 0 0 0 0 0 
0 0 15 83 104 106 149 252 402 434 605 926 1250 1546 1802 2112 2560 3101 3535 4153 4638 5185 5748 6076 6369 6771 6836 6999 6981 6825 6660 6523 6139 5876 5429 4903 4616 4122 3754 3274 2925 2655 2366 2059 1875 1551 1322 1188 1085 895 839 674 554 522 425 393 333 290 239 221 203 188 112 136 91 98 85 63 66 59 34 46 34 33 22 27 17 18 11 10 8 3 9 6 5 3 4 1 2 1 1 0 4 1 1 0 0 1 1 0 0 0 0 0 0 0 0 0 0 0 
0 0 16 77 98 94 123 221 446 621 634 717 1084 1489 1806 2088 2470 3059 3635 4269 4659 5106 5725 6165 6546 6655 6970 7036 7047 6984 6785 6610 6288 5954 5406 5011 4608 4143 3791 3398 3103 2677 2321 2034 1819 1544 1359 1208 1075 930 807 675 579 537 475 391 326 274 290 217 199 153 149 147 111 95 79 68 71 54 42 40 54 33 28 21 20 16 17 12 15 13 14 13 7 12 10 4 4 8 2 2 8 2 4 2 2 1 1 2 1 0 0 1 3 2 0 0 1 0 0 1 0 0 0 1 0 0 0 0 0 0 1 0 0 0 0 1 0 0 0 0 2 0 0 0 0 0 0 0 1 0 
0 0 19 62 73 89 84 131 190 304 414 538 776 966 1140 1357 1673 2209 2587 3102 3686 4157 4649 5011 5511 6086 6497 6770 6934 6867 7037 7146 6622 6403 6152 5770 5391 5049 4596 4126 3735 3287 3033 2638 2321 2135 1839 1561 1442 1225 1138 876 773 670 613 527 458 408 300 306 280 194 179 164 155 114 83 100 67 58 62 57 40 35 43 31 22 18 20 19 14 15 6 12 7 4 6 6 3 5 4 0 5 2 0 1 2 0 2 0 0 1 0 0 0 0 1 0 0 0 0 0 0 0 0 0 0 0 
0 0 24 71 91 106 84 157 246 355 353 479 821 1157 1423 1480 1793 2338 2945 3288 3616 4144 4678 5279 5719 6201 6611 6872 7061 7017 6869 6972 6576 6485 6091 5621 5223 4691 4310 4020 3567 3160 2857 2524 2223 1886 1709 1474 1287 1142 967 845 740 659 562 497 430 386 307 268 271 209 191 175 140 121 103 95 56 80 55 59 41 29 37 22 17 22 15 14 14 13 7 6 7 5 6 4 3 3 1 1 3 1 1 1 0 1 1 0 1 0 0 0 0 0 0 0 0 0 0 0 
0 0 31 81 107 102 112 170 285 360 457 599 832 989 1239 1575 2064 2681 3130 3462 4010 4506 5167 5469 6149 6302 6554 6872 7107 7082 6886 6713 6618 6391 5917 5504 5017 4620 4240 3726 3304 3000 2663 2352 2046 1833 1577 1442 1226 1096 899 755 709 599 507 459 419 340 287 238 226 199 136 148 125 96 99 77 61 57 57 54 46 41 35 32 29 25 26 18 4 14 9 6 5 7 7 4 3 3 3 3 1 2 1 2 0 0 3 1 0 0 0 3 0 0 1 0 0 0 0 1 1 0 0 0 0 0 0 0 0 0 0 0 
0 0 20 68 87 109 71 96 225 445 510 567 805 1158 1438 1854 2045 2499 3010 3716 4114 4629 5263 5507 6180 6428 6753 6971 7048 7016 6859 6852 6724 6202 5727 5355 5111 4564 4185 3801 3243 2949 2737 2286 1983 1883 1657 1384 1219 1040 905 862 717 576 524 422 362 347 300 240 223 183 159 115 102 107 84 77 66 45 63 44 40 28 18 21 13 19 13 15 8 5 4 5 4 3 4 3 2 1 2 3 1 0 1 0 2 1 0 0 0 0 0 0 0 0 0 0 0 
0 0 16 59 95 86 102 193 332 434 508 764 1008 1373 1685 2003 2512 3029 3409 3788 4440 5037 5573 5948 6393 6725 6919 6996 7143 7110 6892 6718 6430 6054 5715 5017 4812 4443 3893 3348 3151 2826 2468 2123 1899 1674 1422 1330 1117 996 874 723 612 521 454 438 316 304 271 234 172 172 130 127 103 86 81 64 53 51 42 40 33 22 20 23 21 14 7 6 10 3 5 3 7 5 5 3 4 2 3 0 1 2 1 2 0 0 0 0 0 0 0 0 0 0 0 
0 0 11 73 91 87 115 260 474 650 721 777 1061 1424 2057 2327 2666 3018 3688 4419 4777 5210 5709 6121 6523 6847 6919 7109 6913 6972 6693 6440 6081 5664 5229 4880 4571 4127 3753 3169 2890 2614 2360 2112 1800 1636 1351 1194 1020 931 750 683 649 540 435 390 392 305 265 204 194 146 142 130 90 87 77 70 72 50 37 33 40 24 26 28 26 15 10 17 8 12 6 3 4 3 1 2 2 0 1 2 2 0 1 0 0 0 1 1 0 0 0 0 0 1 0 0 0 0 0 0 0 0 0 0 0 
0 0 23 86 115 98 94 151 284 555 763 856 1093 1380 1772 2199 2678 2950 3328 4000 4645 5051 5618 6046 6421 6582 6944 7107 7102 6788 6644 6527 6340 5729 5334 5089 4734 4232 3764 3494 3029 2746 2445 2068 1840 1663 1476 1256 989 926 819 754 634 531 432 422 334 317 248 204 205 179 138 114 112 96 72 70 42 55 43 24 23 21 31 12 16 19 8 12 8 7 8 7 8 8 0 7 6 4 0 3 4 0 2 0 1 1 0 0 1 0 1 1 0 0 0 0 0 0 0 0 0 0 0 
0 0 23 76 121 124 175 312 424 594 840 1067 1359 1833 2050 2468 2905 3416 3863 4666 4959 5447 6064 6331 6574 7001 7073 7127 6945 6814 6592 6440 5943 5429 5091 4737 4335 3930 3515 3064 2732 2455 2198 1839 1634 1472 1227 1144 926 817 717 641 537 440 416 322 300 281 199 217 154 142 123 119 94 81 67 56 55 41 33 28 22 19 21 13 10 13 6 5 7 4 5 2 1 0 3 3 0 1 2 1 0 1 0 2 0 0 0 0 0 0 0 0 0 0 0 
0 0 26 75 94 100 119 195 267 366 411 496 710 1075 1326 1613 1957 2342 2609 3335 3992 4452 4779 5284 5769 6254 6635 6857 7135 7113 7180 6768 6651 6391 6063 5620 5237 4746 4377 3914 3543 3092 2892 2555 2218 1904 1630 1482 1338 1034 976 865 743 555 540 499 393 371 311 284 234 196 148 147 137 87 93 102 69 49 62 34 53 38 25 37 19 12 17 14 19 9 5 7 5 3 6 3 2 4 2 0 1 3 2 0 1 0 1 1 0 1 0 0 1 0 0 0 0 0 0 0 0 0 0 0 
0 0 26 60 91 88 87 175 335 548 649 743 962 1372 1822 2121 2374 2901 3562 4026 4551 4987 5609 6010 6421 6845 7009 7097 7067 6927 6833 6675 6337 5852 5287 5038 4743 4274 3936 3439 2962 2767 2419 2178 1825 1627 1423 1274 1106 943 833 678 609 530 466 418 331 285 215 233 196 176 136 132 111 77 99 75 59 50 50 44 35 33 35 33 15 17 13 17 13 3 6 2 6 6 2 7 5 4 1 1 3 1 4 1 0 2 1 1 2 2 0 0 0 0 0 1 1 0 0 0 0 0 1 0 0 0 0 0 0 0 0 0 0 0 
0 0 30 104 103 122 125 203 314 473 597 799 1003 1341 1620 2003 2536 3055 3630 4010 4618 5176 5729 6249 6517 6800 6994 7191 7229 6950 6913 6561 6179 6013 5493 5094 4668 4106 3753 3449 2981 2636 2324 2057 1925 1593 1365 1222 976 930 817 694 606 513 382 368 306 323 259 203 192 149 137 141 121 79 71 67 51 45 49 49 28 31 18 24 10 22 17 8 9 6 5 9 4 2 5 3 1 2 0 1 2 0 0 0 0 0 0 0 0 0 0 0 
0 0 23 71 92 97 90 161 308 389 545 671 880 1132 1428 1715 2030 2457 3019 3687 4113 4605 4876 5461 6056 6476 6598 6952 6878 7053 6942 6744 6671 6153 5779 5461 5071 4550 4103 3726 3335 3044 2674 2276 2026 1860 1585 1444 1234 1034 943 805 727 644 566 442 379 365 330 259 231 205 153 139 135 136 103 89 70 72 58 49 46 35 35 41 32 19 20 20 14 17 11 8 7 5 12 5 4 1 3 3 4 0 1 1 1 3 0 0 1 0 3 0 0 0 0 1 0 0 0 0 0 0 0 0 0 0 0 
0 0 31 77 99 92 123 191 346 491 539 679 986 1470 1768 2052 2333 2853 3305 3956 4401 5056 5391 5769 6049 6609 6889 7060 7095 6844 6727 6648 6461 6111 5593 5276 4666 4367 3928 3564 3289 2845 2473 2256 2004 1628 1510 1276 1086 933 869 749 646 544 454 387 396 282 253 226 183 180 120 135 86 78 90 56 53 42 48 32 31 23 25 20 20 21 16 8 7 8 11 7 5 4 2 3 2 4 7 5 1 0 2 2 1 1 1 0 0 1 1 1 1 0 0 2 0 0 0 0 0 0 1 1 0 0 1 0 0 0 0 0 0 0 0 0 0 0 
0 0 24 78 91 107 159 246 384 514 591 861 1058 1456 1766 2179 2646 3062 3651 4185 4780 4991 5672 6071 6443 6904 6978 6988 6851 6970 6783 6575 6306 5829 5458 5092 4652 4251 3701 3505 3029 2608 2406 2108 1832 1641 1371 1231 1082 932 808 695 560 544 416 371 326 306 245 218 169 142 147 124 99 79 66 72 56 45 38 35 37 21 21 20 19 12 15 14 5 15 7 7 9 8 5 4 2 4 6 2 2 3 1 0 5 0 2 0 2 1 2 0 0 0 0 0 0 1 0 0 0 0 0 0 0 0 0 0 0 
0 0 13 67 84 95 88 176 311 461 576 678 1027 1381 1659 1991 2360 2871 3253 4038 4657 5112 5395 5966 6395 6831 7023 6975 6947 6943 6923 6721 6302 6005 5564 5182 4599 4303 3926 3468 3149 2671 2398 2104 1910 1649 1436 1239 1091 976 851 706 641 524 458 415 353 309 268 252 185 179 121 130 118 98 85 78 70 53 35 38 22 35 23 18 17 18 13 7 10 7 4 5 4 5 0 3 2 0 1 0 1 4 0 0 0 0 0 0 0 0 0 0 0 
0 0 23 86 114 99 110 227 401 567 614 737 929 1254 1645 2108 2417 2922 3368 3882 4375 5032 5559 5884 6186 6568 6851 6887 7176 6809 6713 6653 6227 5790 5704 5220 4729 4345 4051 3519 3122 2869 2552 2226 1978 1650 1475 1319 1126 968 852 761 646 568 409 419 362 350 245 221 203 170 145 139 122 83 78 60 65 49 48 41 34 27 23 18 15 16 13 14 9 9 4 3 3 4 3 2 7 2 4 0 1 0 1 0 0 1 0 1 0 0 0 0 0 0 1 0 0 0 0 0 0 0 0 0 0 0 
