0 0 14 68 114 87 86 169 308 377 446 580 720 1018 1147 1458 1782 2235 2640 2908 3433 3762 4221 4703 5082 5344 5491 5923 6013 6016 5941 5914 5712 5552 5307 4992 4604 4314 3977 3685 3417 3031 2704 2438 2094 1846 1681 1506 1301 1154 979 924 773 697 599 510 499 428 343 297 284 243 183 195 157 152 131 91 68 94 54 59 52 43 32 29 26 27 22 20 15 17 12 8 10 15 7 10 4 2 6 5 5 6 0 0 2 2 3 1 1 1 1 0 0 1 0 4 0 0 0 1 0 0 0 0 0 0 1 0 0 0 0 0 0 0 0 0 0 0 
0 0 44 119 182 206 303 393 536 692 921 1130 1361 1681 2113 2473 2729 3078 3575 4142 4545 4867 5308 5680 5762 5958 6052 6090 6008 5883 5726 5384 5154 4855 4471 4027 3729 3357 3054 2829 2485 2220 1988 1685 1509 1268 1215 1104 931 782 721 665 545 476 436 375 304 274 238 234 167 155 148 109 98 63 86 73 60 41 42 33 32 30 20 14 20 10 11 9 8 13 7 9 10 6 2 4 4 5 1 4 1 3 2 0 0 0 1 0 0 0 0 0 0 0 0 0 0 0 
0 0 30 73 94 114 110 141 257 362 470 503 671 986 1322 1486 1733 2105 2544 3148 3476 3844 4208 4648 5148 5256 5758 5891 5807 6066 6116 5854 5616 5560 5299 4994 4605 4359 3970 3548 3312 2929 2643 2290 2076 1911 1690 1416 1237 1202 994 875 758 657 614 510 452 418 312 324 264 214 203 179 156 115 107 99 83 65 62 64 41 38 42 28 23 25 18 20 13 14 13 7 8 7 3 9 6 3 7 2 2 6 2 1 2 1 2 0 1 0 0 1 0 1 0 0 0 0 0 0 0 0 0 0 0 
0 0 26 75 100 86 93 130 213 220 295 392 487 611 848 1080 1382 1676 2077 2467 2932 3270 3730 3960 4424 4985 5263 5429 5582 5776 5915 5942 5812 5658 5477 5252 5027 4695 4413 4056 3702 3315 3167 2752 2530 2181 1885 1701 1555 1397 1244 1051 957 810 690 627 577 438 424 380 326 289 236 230 163 171 144 120 103 88 85 68 48 65 43 34 25 31 20 24 13 13 11 16 6 10 10 5 4 3 5 1 3 2 0 2 1 1 2 1 1 1 2 2 1 0 0 1 2 0 0 0 0 0 0 1 0 0 0 0 0 0 0 0 0 0 0 
0 0 22 55 98 94 68 105 180 282 395 443 694 891 1163 1304 1582 1998 2462 2847 3240 3607 4132 4635 4687 5105 5569 5708 5814 5927 5869 5916 5893 5607 5396 5042 4789 4403 3959 3592 3366 3133 2789 2556 2151 2016 1798 1585 1386 1226 1130 951 793 744 670 565 488 417 358 326 289 258 202 214 185 154 122 88 94 93 85 55 51 40 48 35 20 34 29 30 22 19 11 14 16 10 5 8 2 4 3 1 6 3 3 1 0 4 0 3 1 2 0 0 1 0 0 3 0 0 0 0 0 1 0 0 0 0 0 0 0 0 0 0 0 
0 0 15 74 85 66 110 211 346 522 569 618 751 936 1285 1713 2041 2301 2573 2931 3577 3961 4387 4789 5115 5333 5681 5928 6077 5909 5957 5896 5689 5529 5135 4980 4607 4290 3998 3539 3114 2889 2562 2351 2113 1882 1606 1470 1277 1149 974 829 727 665 580 449 414 405 331 284 253 239 165 144 158 128 101 91 73 83 67 60 44 35 41 33 33 31 18 14 19 17 6 14 7 8 2 3 2 2 3 3 0 0 0 2 3 1 0 1 0 0 0 1 0 0 1 0 0 0 0 0 0 0 0 0 0 0 
0 0 30 53 93 79 105 184 304 357 369 456 584 856 1079 1297 1417 1787 2203 2730 3194 3461 3906 4277 4840 5075 5320 5693 5923 5921 6066 5873 5979 5744 5586 5159 4825 4572 4211 3943 3506 3133 2845 2647 2410 2014 1770 1543 1396 1226 1101 938 790 736 637 570 527 436 336 303 292 224 223 185 163 142 103 104 103 86 71 76 71 51 44 34 32 39 21 18 16 14 9 20 14 7 11 6 8 5 7 5 2 3 4 3 3 2 1 0 2 2 2 2 0 0 0 0 1 3 1 0 0 0 0 0 0 0 0 0 0 0 
0 0 25 73 99 100 127 193 282 418 544 656 838 1064 1284 1678 2049 2569 2971 3266 3597 4265 4620 5044 5397 5637 5963 6002 6020 6111 5930 5851 5646 5199 4967 4713 4424 4127 3730 3302 3025 2684 2420 2141 1870 1682 1538 1338 1170 958 892 757 677 597 529 421 387 346 294 246 211 173 156 147 121 109 116 76 68 71 51 48 45 29 32 28 34 20 13 16 14 12 13 6 8 5 7 10 4 4 6 0 3 1 1 1 2 0 1 0 1 1 0 2 0 0 0 0 1 0 0 0 0 0 0 0 1 0 0 0 0 0 0 0 0 0 0 0 
0 0 25 64 84 103 144 217 344 488 639 708 927 1137 1391 1756 2249 2625 2935 3259 3662 4146 4685 5008 5189 5602 5683 5974 6009 5926 5750 5722 5471 5250 4992 4682 4436 3867 3607 3281 2997 2766 2418 2108 1912 1640 1512 1381 1164 1037 895 788 703 622 518 461 406 348 324 293 228 193 177 157 151 129 96 80 65 59 53 45 40 34 30 31 28 18 10 18 8 8 8 7 7 6 4 2 7 1 2 1 3 3 2 0 1 2 1 2 2 0 0 0 0 0 0 1 1 0 0 0 0 0 0 0 1 0 0 0 0 0 0 0 0 0 0 0 
0 0 33 87 136 105 126 235 388 567 702 847 1174 1580 1818 2089 2364 2750 3219 3775 4155 4575 5056 5317 5755 5911 5976 6032 6023 5933 5895 5637 5355 4963 4620 4305 4099 3812 3353 2985 2771 2399 2208 1997 1767 1557 1355 1220 1085 902 773 697 582 586 450 393 351 290 288 251 223 176 169 139 135 90 87 88 72 57 58 48 33 23 30 26 23 19 12 11 9 7 11 3 6 5 5 2 1 4 3 1 2 1 5 0 1 1 1 3 0 2 1 1 0 0 0 0 0 0 0 0 0 0 0 
0 0 17 66 107 90 100 174 301 465 645 716 949 1176 1372 1630 2060 2391 2884 3309 3753 4063 4477 4911 5425 5681 5852 6023 6003 5944 6008 5782 5439 5364 4995 4588 4368 3986 3800 3422 2965 2728 2379 2202 1941 1744 1498 1282 1225 1072 855 818 712 602 550 437 454 341 294 282 235 204 168 152 126 113 91 89 59 72 69 46 40 26 35 29 24 19 16 13 20 13 11 10 9 7 3 7 5 2 5 0 5 3 1 1 0 3 0 1 0 0 1 0 1 0 0 0 0 0 0 0 0 0 0 0 
0 0 23 70 103 84 90 265 423 568 556 696 970 1322 1547 1872 2213 2526 3019 3321 3810 4198 4784 5010 5370 5564 5846 5976 6065 5987 5781 5674 5583 5320 4971 4651 4352 3901 3742 3196 3015 2642 2391 2137 1897 1652 1416 1267 1076 1022 826 754 664 546 532 441 380 336 290 251 226 187 172 148 115 110 96 80 77 68 52 54 55 51 36 40 38 33 10 24 13 19 18 18 10 11 10 10 15 8 7 5 9 2 8 9 3 3 2 2 1 0 1 1 2 1 0 0 2 0 1 0 0 0 0 0 0 0 0 0 0 0 
0 0 29 74 122 117 147 259 486 543 700 860 1088 1380 1592 1957 2272 2709 3123 3480 3969 4468 4895 5225 5516 5724 5943 6156 6045 6027 5861 5668 5380 5123 4905 4475 4259 3835 3482 3105 2802 2481 2269 1950 1814 1570 1385 1245 1107 945 833 683 626 546 468 415 331 296 272 223 176 163 182 145 123 102 77 73 53 53 48 37 34 23 14 17 19 17 10 9 17 12 9 7 2 7 7 2 3 2 2 3 2 0 3 0 0 1 0 1 0 2 0 0 0 0 0 0 0 0 0 0 0 
0 0 25 59 84 80 84 110 230 355 449 612 649 910 1257 1490 1672 1958 2403 2901 3327 3634 4034 4575 5049 5378 5590 5837 6064 6080 6145 5979 5943 5676 5425 5086 4729 4316 4034 3754 3353 3068 2783 2425 2153 1954 1683 1504 1271 1102 1023 878 759 687 641 493 417 369 326 264 252 201 177 162 174 129 116 84 82 66 55 69 38 49 28 23 18 18 24 15 14 15 14 8 11 8 5 5 3 3 5 2 2 1 1 0 1 2 1 1 0 0 0 1 0 0 0 0 0 0 1 0 0 0 0 0 0 0 0 0 0 0 
0 0 19 71 94 75 76 135 252 347 431 509 675 1069 1426 1649 1903 2169 2681 3239 3609 3971 4430 4752 5235 5631 5923 5940 6119 6108 6091 5818 5827 5502 5213 4897 4476 4069 3848 3404 3166 2829 2543 2156 2081 1777 1648 1449 1230 1056 963 910 789 654 573 523 428 350 361 268 228 227 212 174 147 128 115 64 78 73 68 47 41 49 42 25 30 21 19 15 17 11 9 6 11 5 7 9 5 6 4 4 2 3 2 4 2 0 2 4 1 0 1 2 2 1 1 1 0 1 2 0 0 0 0 0 0 0 0 0 0 0 
0 0 32 66 87 89 125 238 403 491 529 674 910 1255 1594 1866 2188 2587 2957 3511 3835 4391 4926 5211 5581 5824 5982 6039 6153 6110 5840 5731 5591 5267 4912 4559 4265 3871 3471 3174 2884 2702 2245 2030 1769 1625 1470 1228 1071 921 773 716 666 564 491 409 343 321 313 257 210 174 176 155 124 119 93 82 88 57 50 51 44 46 38 31 23 15 27 13 18 12 9 9 8 7 6 7 4 4 1 1 2 0 1 1 0 0 0 0 0 0 0 0 0 0 0 
0 0 27 72 107 99 138 167 215 399 590 745 858 1057 1357 1660 2112 2493 2826 3199 3747 4018 4634 4871 5198 5480 5730 5875 6057 6013 6020 5747 5655 5478 5240 4784 4382 4127 3821 3398 3093 2729 2489 2238 1931 1727 1559 1330 1140 1056 914 775 700 606 589 426 401 325 336 298 221 193 186 144 125 106 84 99 102 65 56 36 48 37 34 23 15 18 19 11 15 17 8 10 7 10 4 5 7 6 1 3 3 1 5 3 3 1 3 0 0 0 0 0 0 0 0 0 0 0 
0 0 26 77 89 100 114 194 248 342 420 478 699 977 1294 1550 1866 2131 2520 3085 3547 3895 4284 4650 4967 5365 5584 5838 5903 6076 6037 5852 5674 5477 5240 4957 4652 4253 3926 3580 3295 2940 2524 2288 2107 1887 1719 1483 1262 1111 994 848 815 666 563 504 411 353 315 305 219 178 179 142 145 136 92 98 74 66 58 40 41 43 30 20 17 15 16 5 10 10 8 18 7 4 8 9 7 7 8 0 5 3 1 3 8 2 2 1 0 0 1 0 1 0 0 1 1 0 1 1 0 0 0 0 0 0 0 0 0 0 0 
0 0 19 80 101 95 94 189 291 442 502 697 939 1331 1512 1776 2110 2414 2960 3374 3889 4143 4714 4975 5398 5733 5836 6165 6105 6082 6032 5836 5696 5420 4977 4620 4198 3921 3595 3286 3033 2669 2438 2156 1868 1579 1508 1231 1196 1024 903 716 654 615 532 457 404 358 282 238 220 199 179 177 142 109 102 72 74 76 70 45 31 31 29 29 20 20 11 21 13 9 11 4 6 4 3 4 1 2 0 1 1 5 4 1 1 2 2 1 0 0 0 2 0 0 0 0 0 0 0 0 0 0 0 
0 0 17 58 78 62 64 137 240 353 404 461 622 875 1157 1264 1565 1855 2228 2646 3044 3450 3914 4329 4849 5109 5352 5648 5891 6040 5975 6036 5883 5774 5416 5046 4898 4573 4286 3811 3599 3217 2880 2518 2250 2057 1777 1554 1430 1193 1075 936 781 703 612 596 514 436 365 306 257 247 230 185 122 158 126 107 86 93 91 57 69 53 45 36 43 29 29 24 21 18 12 10 12 6 8 8 2 5 3 2 2 2 0 3 2 2 2 2 0 1 1 1 0 1 0 0 0 0 0 0 0 0 0 0 0 
0 0 24 66 115 99 71 147 336 495 598 677 950 1112 1370 1648 1832 2296 2724 3183 3563 3883 4289 4700 5175 5384 5686 5775 6001 5879 5981 5951 5622 5418 5141 4806 4445 4179 3857 3462 3129 2826 2542 2326 1956 1819 1594 1394 1256 1033 985 854 727 670 566 540 432 380 331 290 226 237 167 175 150 126 121 87 72 65 61 54 57 38 31 38 36 23 22 11 14 17 8 15 8 6 7 10 8 5 4 8 4 2 2 4 4 2 1 1 4 1 3 1 1 0 1 1 3 0 0 0 0 0 0 0 0 0 0 0 
0 0 27 82 79 115 138 210 424 554 597 852 1094 1434 1742 1983 2375 2795 3232 3722 4091 4540 4819 5114 5393 5751 5928 5986 5912 5824 5700 5514 5271 4950 4655 4299 4059 3831 3363 2964 2712 2597 2125 1992 1883 1563 1346 1242 1094 954 899 761 624 573 509 433 362 319 305 259 217 194 143 135 131 103 95 76 63 58 56 37 51 34 30 27 22 21 24 14 11 12 11 9 12 4 6 3 6 5 3 4 4 2 5 4 2 2 1 0 2 0 0 1 2 0 0 0 0 0 1 0 1 0 1 0 0 0 0 0 0 0 0 0 0 0 
0 0 28 69 103 99 92 177 266 355 371 527 739 917 1063 1242 1597 2074 2456 2633 3267 3603 4217 4533 4948 5186 5431 5569 5915 6113 6028 5777 5675 5574 5176 5101 4657 4308 4002 3626 3382 3010 2690 2373 2193 1915 1772 1504 1401 1197 1022 943 835 757 652 560 508 411 403 346 300 265 205 214 161 135 148 122 109 86 59 71 48 42 40 34 36 27 18 21 11 17 13 12 16 10 7 5 6 7 8 9 5 3 5 1 2 5 0 3 1 1 1 4 1 0 0 0 0 1 0 0 0 0 0 0 0 0 0 0 0 
0 0 24 65 99 87 90 148 209 289 322 407 585 809 1054 1258 1660 2050 2407 2605 3019 3529 3989 4359 4849 5098 5440 5733 5871 6086 5996 5994 5822 5741 5462 5124 4846 4673 4122 3840 3436 3116 2822 2552 2285 2072 1853 1570 1401 1268 1121 999 860 689 613 521 462 435 387 289 277 238 206 162 173 112 132 106 80 76 66 59 43 42 35 25 31 29 16 21 22 21 7 7 10 9 14 4 4 3 3 3 4 4 2 2 1 4 5 4 3 1 5 3 3 2 0 1 0 0 0 2 1 1 0 0 0 0 0 0 0 0 0 0 0 
0 0 23 59 87 83 88 148 229 367 462 488 681 920 1282 1507 1709 2027 2392 2833 3282 3617 4156 4461 5037 5281 5494 5757 6043 6000 5869 5858 5804 5621 5292 5069 4747 4390 4061 3712 3330 2893 2656 2377 2130 1876 1656 1563 1295 1157 1045 896 760 702 642 544 495 349 359 327 285 215 208 200 153 126 133 103 105 65 65 70 53 38 36 36 37 27 25 19 17 16 10 23 18 12 8 3 7 7 5 5 4 4 4 4 1 1 1 2 1 0 0 0 2 0 0 0 0 0 0 1 0 0 0 0 0 0 0 0 0 0 0 
0 0 23 67 95 93 98 130 236 303 455 500 617 761 982 1391 1757 2040 2329 2653 3155 3636 4103 4578 4721 5226 5432 5815 5984 6041 6039 6019 5900 5658 5397 5112 4718 4276 4156 3695 3420 3108 2798 2447 2143 2013 1786 1625 1404 1235 1113 953 844 704 669 542 513 446 414 306 321 251 219 188 164 158 137 118 103 85 63 67 47 46 47 47 29 23 25 26 19 15 18 9 6 7 7 9 11 2 6 7 4 2 5 8 3 3 2 4 2 2 2 2 2 0 2 1 2 0 1 1 2 1 1 1 2 1 0 0 0 0 0 0 0 0 0 0 0 
0 0 22 61 99 92 88 156 254 392 511 639 772 1033 1353 1660 2039 2312 2605 3096 3481 3950 4491 4737 5132 5472 5703 6125 5921 6066 6133 5847 5763 5386 5191 5005 4519 4129 3700 3386 3087 2879 2565 2204 1960 1767 1549 1414 1223 1115 989 774 750 655 593 508 419 372 342 280 242 212 215 151 161 111 103 113 72 75 63 71 37 36 25 25 34 21 19 10 11 5 14 10 5 2 4 2 4 3 2 3 1 0 0 0 2 0 0 0 1 1 0 0 1 0 0 0 2 0 0 0 0 0 1 0 0 0 0 0 0 0 0 0 0 0 
0 0 22 68 85 99 123 200 323 371 481 674 977 1220 1411 1653 2079 2659 3084 3549 3709 4161 4651 5131 5550 5699 5908 6046 6105 6142 6068 5794 5571 5242 4895 4770 4175 4035 3597 3278 2919 2615 2446 2215 1877 1665 1452 1258 1103 968 897 748 662 595 498 447 427 288 294 276 217 213 176 164 132 102 98 86 64 62 44 51 49 33 37 17 21 18 13 14 10 15 5 4 4 6 3 3 2 5 3 5 0 3 4 0 2 0 2 1 0 0 1 0 2 2 0 0 0 0 0 0 0 0 0 0 0 
0 0 23 51 82 97 80 167 296 419 484 491 692 1077 1423 1525 1739 2183 2647 3029 3355 3871 4324 4803 4967 5369 5679 5844 6059 6107 6014 6100 5559 5486 5151 4917 4550 4292 3826 3660 3152 2908 2593 2365 2012 1772 1666 1482 1273 1106 985 885 802 670 588 520 442 388 380 325 271 220 190 176 145 129 109 101 84 82 63 66 40 41 27 34 25 23 17 16 13 6 10 10 8 4 8 2 5 5 3 0 1 2 1 0 0 1 0 0 0 0 0 0 0 0 0 0 0 
0 0 30 69 105 156 246 344 384 485 761 996 1241 1403 1762 2078 2386 2899 3415 3675 3961 4455 4800 5250 5559 5742 5992 6010 5860 6019 5649 5658 5275 5007 4775 4314 4128 3806 3309 2985 2845 2362 2246 1948 1694 1560 1349 1206 1054 939 819 720 611 548 469 440 367 326 259 231 194 193 141 140 123 109 80 76 57 54 53 36 36 19 25 21 16 17 16 9 16 11 10 3 10 3 3 4 4 4 4 1 3 1 1 1 0 0 1 0 0 1 0 0 0 0 0 0 0 0 0 0 0 
0 0 17 72 88 71 106 213 322 381 502 563 771 985 1237 1382 1816 2170 2554 3011 3449 3875 4243 4652 5206 5272 5669 5784 6010 6096 5852 5912 5733 5429 5084 4965 4728 4246 3944 3616 3206 3006 2731 2320 2113 1923 1645 1477 1236 1183 1008 876 733 673 612 487 446 404 327 279 239 246 197 170 148 116 92 91 85 79 67 50 59 51 43 33 32 18 25 18 13 16 13 12 8 8 5 7 3 5 3 2 2 4 0 2 1 2 0 0 1 1 1 1 1 0 1 0 0 0 0 1 0 0 1 0 0 0 0 0 1 0 0 0 0 0 2 0 0 0 0 1 0 0 0 0 0 0 0 0 0 0 
0 0 20 65 91 76 71 162 308 428 529 569 749 967 1403 1621 1906 2194 2568 3098 3577 4018 4447 4770 5068 5404 5776 5891 5855 6182 6067 5920 5725 5403 5089 4857 4588 4180 3935 3433 3158 2909 2552 2251 2012 1708 1587 1460 1225 1084 964 818 727 652 564 501 443 367 338 267 237 220 193 166 135 116 105 97 91 69 61 50 54 40 47 26 35 24 25 15 19 20 17 6 13 9 8 8 5 2 1 7 2 4 0 0 1 1 2 0 0 0 2 0 0 0 0 0 1 0 0 0 0 0 0 0 0 0 0 0 
0 0 14 79 91 74 103 145 211 281 361 520 706 882 1053 1171 1443 1818 2448 2724 3082 3515 3922 4409 4911 5188 5427 5661 5870 5876 6139 5884 5887 5618 5333 5159 4858 4594 4083 3801 3459 3184 2769 2457 2273 1998 1845 1625 1385 1161 1074 977 865 770 688 562 518 439 390 289 289 241 228 167 167 161 121 111 102 75 93 62 40 46 40 36 24 20 22 13 10 11 8 7 9 5 4 4 9 3 3 3 4 1 4 2 1 3 0 5 2 0 0 1 0 0 0 0 0 0 0 0 0 0 0 
0 0 22 66 67 73 77 102 166 241 276 338 454 628 857 1130 1319 1635 1973 2304 2747 3172 3595 3964 4457 4816 5149 5531 5890 5998 6066 6094 5915 5842 5654 5350 5149 4972 4471 4184 3693 3389 3138 2863 2528 2257 2067 1798 1562 1363 1248 1112 938 828 742 608 564 499 427 376 317 277 220 219 173 164 143 129 112 117 73 75 48 49 46 44 33 31 33 13 16 22 16 9 10 3 3 4 6 6 6 6 1 2 4 4 3 1 1 0 1 0 0 1 0 0 0 0 0 0 0 0 0 0 0 
0 0 19 60 98 86 109 213 340 385 466 686 932 1097 1280 1689 2157 2502 2999 3394 3845 4282 4793 5147 5390 5703 5963 6065 6266 6025 5845 5617 5654 5293 5078 4587 4335 4015 3642 3372 3018 2701 2464 2119 1954 1743 1454 1372 1132 1055 897 869 659 598 550 464 416 364 294 294 236 211 164 167 123 114 93 81 75 63 38 55 41 43 40 37 31 15 21 22 7 10 17 12 10 4 4 4 6 6 2 5 5 2 3 2 2 0 2 1 0 0 0 1 1 0 0 0 0 2 0 1 0 0 0 0 0 0 0 0 0 0 0 
0 0 27 69 89 106 129 191 305 399 471 563 727 905 1198 1436 1842 2202 2531 3023 3521 3916 4472 4808 5249 5452 5626 5903 5985 6096 5971 5795 5752 5501 5117 4780 4537 4081 3820 3557 3223 2898 2518 2398 2018 1832 1605 1391 1271 1067 944 849 714 651 548 477 407 374 305 322 249 246 208 165 165 116 120 96 109 53 60 55 60 48 29 29 27 27 26 15 10 5 8 15 5 7 5 9 2 2 2 2 5 1 3 2 1 2 4 1 2 0 1 1 1 0 0 0 0 0 0 0 0 0 0 0 
0 0 25 64 103 85 118 250 440 550 709 828 1098 1330 1716 2096 2384 2729 3224 3571 4006 4451 4990 5232 5590 5844 5899 5947 6017 6036 5798 5559 5364 5198 4859 4391 4053 3807 3565 3130 2847 2544 2283 2002 1782 1612 1339 1255 992 898 831 677 612 532 455 391 320 312 250 216 195 161 141 118 119 95 76 82 56 54 56 37 32 27 29 24 18 17 15 17 9 7 6 4 11 6 9 3 3 7 4 4 5 2 2 3 2 1 1 1 1 2 0 0 0 0 0 0 0 0 0 0 0 
0 0 25 63 84 89 74 141 230 390 600 817 1047 1186 1363 1650 2244 2546 2987 3389 3805 4436 4847 5018 5484 5671 6083 5979 6123 5924 6144 5823 5526 5253 4983 4741 4187 3954 3629 3253 3004 2665 2336 2113 1923 1722 1474 1279 1157 964 883 791 658 554 523 489 433 321 298 277 243 197 190 159 132 124 103 91 72 64 70 38 50 25 47 29 25 17 18 22 9 17 7 5 9 9 7 4 2 3 3 4 3 3 1 4 3 2 2 3 1 1 1 0 1 1 0 1 0 2 0 1 0 0 0 0 0 0 0 0 0 0 0 
0 0 33 57 81 84 74 122 199 222 332 415 452 537 750 1042 1301 1644 1842 2254 2567 2989 3390 3920 4370 4693 5023 5420 5750 5865 6013 6103 5845 5973 5673 5475 5138 4870 4624 4285 3796 3681 3214 2794 2632 2350 2062 1864 1554 1383 1275 1098 978 865 722 622 557 489 451 363 325 305 253 226 171 184 123 121 92 92 80 76 67 59 47 46 40 37 34 27 26 27 23 13 11 11 14 7 4 6 4 6 3 1 1 1 3 2 1 0 0 1 1 0 1 0 0 0 0 0 0 1 0 0 0 0 1 0 0 0 0 0 0 0 0 0 0 0 
0 0 26 89 111 129 145 214 301 472 559 774 945 1156 1333 1797 2235 2729 3098 3389 3938 4331 4792 5166 5395 5515 5904 6147 6011 6109 5949 5882 5601 5362 5046 4657 4343 3934 3549 3259 3031 2656 2452 2133 1819 1663 1407 1272 1098 957 862 744 676 535 473 455 381 352 312 250 198 160 165 153 148 113 93 75 73 45 72 38 48 43 28 28 16 19 25 20 14 11 9 14 14 7 7 7 5 7 5 7 2 3 4 1 0 0 1 1 3 0 1 1 0 0 1 1 1 1 1 0 0 1 0 0 0 0 0 0 0 0 0 0 0 
0 0 30 81 129 120 101 215 349 505 592 766 1020 1380 1570 1954 2366 2757 3313 3701 3957 4318 4875 5194 5475 5663 5892 6075 6143 6060 5897 5674 5328 5073 4831 4525 4184 3859 3380 3065 2779 2515 2260 2113 1761 1556 1423 1207 1103 973 876 709 645 582 488 441 383 302 275 276 239 185 171 118 117 82 101 83 66 70 42 47 45 27 27 25 19 25 20 16 10 11 11 6 11 8 5 3 3 3 7 3 1 0 1 0 0 0 0 1 0 0 0 1 1 0 0 2 0 0 0 0 0 0 0 0 0 0 0 
0 0 22 76 84 68 94 139 228 295 393 557 728 958 1167 1374 1662 1993 2477 2881 3289 3654 4251 4646 5011 5239 5553 5918 6059 6052 6054 5866 5669 5541 5338 4966 4625 4324 4010 3705 3289 3030 2665 2448 2194 1900 1665 1543 1300 1148 1022 898 847 680 576 541 412 402 366 353 295 300 208 171 174 141 141 119 111 75 79 66 51 64 35 48 34 34 28 16 13 20 14 10 14 6 9 4 6 4 2 2 2 1 1 1 0 2 1 0 1 0 0 0 0 1 0 0 0 0 0 0 0 0 0 0 0 
0 0 20 80 91 92 105 127 181 245 387 497 751 960 1144 1394 1674 2007 2464 2863 3300 3650 4163 4544 4801 5344 5555 5955 5930 6102 6081 6015 5723 5614 5442 5043 4680 4398 4042 3701 3316 2969 2774 2520 2270 1933 1750 1497 1389 1158 1031 909 818 716 631 510 472 376 330 301 255 219 173 187 183 142 111 94 86 72 67 56 47 38 32 31 27 21 15 11 16 11 2 15 8 5 3 5 3 6 8 3 2 2 1 2 1 0 1 0 1 2 0 0 1 1 0 0 0 0 0 0 0 0 0 0 0 
0 0 26 60 77 87 111 134 199 320 383 558 754 998 1147 1413 1693 2111 2532 2927 3335 3622 4208 4632 4956 5308 5518 5745 5993 6045 6035 5948 5866 5540 5326 5055 4519 4557 3928 3701 3255 3016 2743 2432 2135 1823 1752 1555 1296 1181 1026 906 843 651 610 498 433 372 358 294 265 227 192 159 133 122 98 108 95 68 60 59 54 32 36 20 19 37 21 15 16 14 15 8 8 8 10 5 7 4 3 3 4 4 2 0 2 1 3 2 0 0 0 1 0 1 0 0 1 1 1 0 0 0 0 0 0 0 1 0 0 0 0 0 0 0 0 0 0 0 
0 0 30 71 104 100 141 274 466 637 696 844 1177 1461 1711 1951 2390 2928 3414 3855 4215 4640 5030 5382 5635 5836 6085 6178 6100 6002 5840 5692 5390 4934 4731 4248 3969 3732 3340 2946 2556 2428 2108 1941 1644 1447 1284 1191 987 918 759 691 559 510 442 421 330 313 262 249 186 159 147 125 102 109 82 67 58 53 38 41 26 31 22 29 19 18 12 9 15 5 9 4 7 2 4 4 2 6 3 2 3 0 3 2 1 1 1 0 0 1 0 0 0 2 1 0 0 1 0 1 1 0 0 0 0 0 0 1 0 0 0 0 0 0 0 0 0 0 0 
0 0 13 75 100 107 105 248 438 578 656 775 995 1469 1890 2253 2412 2730 3333 3741 4233 4638 5046 5220 5597 5770 5896 6041 6080 6077 5850 5669 5395 5012 4744 4483 4124 3733 3301 2976 2738 2454 2176 1875 1759 1473 1344 1137 1050 943 767 683 565 541 468 382 332 298 272 202 176 171 133 134 111 81 62 79 59 59 38 42 32 33 30 22 14 14 17 10 6 10 4 7 8 1 5 1 2 2 0 2 0 0 0 0 2 0 0 0 1 1 0 1 0 0 0 1 0 0 0 0 0 0 0 0 0 0 0 
0 0 18 63 76 116 127 224 368 521 578 624 777 1105 1471 1591 1872 2378 2750 3284 3731 4043 4440 4959 5313 5630 5819 5906 6051 6296 6080 5737 5593 5401 5105 4800 4410 4137 3687 3385 2934 2757 2411 2166 1909 1623 1518 1348 1175 1048 908 798 696 662 567 492 383 342 311 288 229 208 187 147 125 115 93 89 74 62 58 49 44 40 37 35 16 28 23 13 16 18 14 5 7 9 5 8 1 2 5 0 1 4 0 0 0 3 2 0 0 0 1 0 0 1 0 0 0 0 0 0 0 0 0 0 0 
0 0 28 92 118 102 127 189 315 388 450 495 701 950 1231 1538 1678 2052 2471 3023 3536 3953 4256 4487 5021 5623 5841 5869 5969 6162 6065 5909 5714 5572 5214 4980 4551 4262 3837 3608 3161 2909 2617 2325 2089 1878 1718 1408 1299 1159 986 839 783 679 565 501 496 388 329 279 260 233 218 177 156 119 100 83 94 71 48 46 50 60 33 32 24 27 17 15 13 16 8 6 7 4 4 6 2 4 4 2 3 0 1 0 0 2 1 1 0 0 0 0 0 0 0 0 0 0 0 
0 0 23 70 101 103 103 156 203 293 390 516 674 851 1054 1220 1458 1819 2134 2560 3106 3458 3762 4189 4689 4991 5471 5794 5848 5896 6019 6160 6053 5531 5507 5260 4906 4637 4255 3821 3464 3240 2884 2650 2341 2017 1796 1647 1502 1236 1104 970 871 771 631 575 521 497 375 332 277 237 234 195 155 155 102 91 94 69 61 46 54 52 39 30 32 19 16 17 18 15 14 7 6 7 5 6 2 7 7 0 3 3 2 0 1 3 1 2 2 1 2 0 1 0 1 0 0 1 1 0 1 1 0 0 0 0 1 0 0 0 0 0 0 0 0 0 0 0 
0 0 16 45 90 87 134 191 296 402 543 786 977 1147 1451 1871 2086 2561 2902 3465 3899 4325 4807 5299 5522 5574 5972 6133 6108 6102 5861 5669 5527 5282 4981 4606 4350 3927 3609 3356 2860 2622 2295 2089 1828 1577 1506 1226 1092 1007 866 719 625 567 493 392 365 314 262 271 221 173 137 125 127 115 83 60 63 61 51 41 32 18 32 19 24 16 13 14 13 10 10 8 7 7 5 4 5 2 6 3 2 1 3 0 0 1 2 0 0 1 1 2 0 0 0 1 0 0 2 0 0 0 1 1 1 0 0 0 0 0 0 0 0 0 0 0 
0 0 22 77 105 89 97 203 365 443 544 571 708 963 1282 1496 1724 2075 2503 2967 3448 3864 4198 4630 4964 5283 5609 5882 5895 6002 5960 6052 5770 5443 5168 4843 4677 4318 4022 3612 3256 3031 2660 2346 2158 1898 1678 1509 1298 1125 1049 923 830 705 605 568 480 382 345 317 291 258 201 210 146 137 124 101 88 68 63 64 54 38 35 37 24 23 24 22 16 16 7 10 7 4 7 3 1 3 0 4 3 2 1 0 1 5 2 2 1 0 0 1 1 0 0 1 0 1 0 0 1 1 0 1 0 0 0 0 0 0 1 0 0 0 0 0 0 0 0 0 0 0 
0 0 33 65 95 94 89 127 222 345 479 637 792 988 1189 1470 1915 2240 2565 2830 3382 3806 4375 4692 5098 5372 5710 5895 5940 6002 5985 5984 5800 5646 5319 5022 4620 4330 3990 3728 3188 2936 2670 2435 2155 1835 1619 1501 1249 1125 970 855 769 627 588 504 374 364 322 280 236 214 166 139 150 121 88 99 68 70 61 44 51 20 27 30 22 26 23 15 7 14 5 11 9 4 4 6 5 5 3 5 4 4 4 1 1 0 2 0 2 2 1 0 0 2 0 0 2 0 0 0 0 0 0 1 0 0 0 1 1 0 0 1 0 0 0 0 0 1 0 0 0 0 0 0 0 0 0 0 0 
0 0 26 66 68 68 82 111 182 190 289 424 564 712 827 1069 1272 1699 2020 2337 2726 3087 3577 4016 4480 4838 5291 5450 5892 6021 5986 6067 5955 5834 5627 5453 5087 4774 4492 4092 3845 3529 3128 2740 2483 2201 1981 1831 1504 1323 1170 1064 989 800 704 607 508 464 407 371 323 253 207 210 186 154 138 116 105 94 66 62 51 47 43 37 37 31 34 22 16 15 14 11 12 13 13 7 4 3 5 3 4 1 1 0 0 1 1 0 0 0 0 1 0 1 0 0 0 0 1 0 0 0 0 0 0 0 0 0 0 0 
0 0 24 74 88 92 139 238 349 388 443 575 763 893 1129 1438 1792 2036 2403 2735 3280 3730 4110 4470 4854 5210 5346 5750 5947 5823 5897 5825 5685 5592 5275 5012 4714 4320 4029 3736 3372 3114 2717 2569 2110 1960 1729 1552 1328 1175 1051 973 815 675 610 515 426 409 365 314 292 223 212 154 162 138 103 108 88 77 56 48 61 48 46 32 24 19 21 26 22 21 8 5 9 8 6 5 6 4 3 2 1 1 1 2 3 2 2 0 1 0 0 0 0 1 0 0 0 0 0 0 0 0 0 0 0 
0 0 28 62 78 91 127 266 445 488 560 729 953 1271 1572 1888 2214 2636 3063 3519 4087 4474 4852 5087 5561 5614 5970 6047 5921 6089 5850 5767 5536 5311 4757 4586 4200 3841 3631 3181 2821 2594 2391 2077 1843 1609 1449 1205 1136 988 874 804 607 581 512 398 389 341 286 216 218 184 176 149 120 100 87 79 62 60 45 44 48 40 27 20 24 20 15 15 6 9 15 8 7 5 3 2 3 4 3 4 1 2 4 0 3 2 2 1 1 0 0 1 0 1 1 0 0 0 0 0 0 0 1 0 0 0 0 0 0 0 0 0 0 0 
0 0 21 65 98 90 93 159 328 456 573 643 844 1087 1418 1767 2022 2398 2774 3135 3577 4082 4529 4827 5162 5450 5669 5872 5996 6008 5903 5739 5705 5342 5215 4766 4440 4036 3724 3453 3157 2792 2508 2282 2031 1775 1639 1409 1181 1047 948 824 774 611 586 421 457 349 343 271 232 194 143 164 127 121 115 65 73 66 56 54 51 49 33 26 26 22 15 18 16 11 11 7 5 4 13 3 7 2 4 5 2 2 0 4 1 2 1 2 0 0 1 2 0 0 0 1 1 0 1 0 0 0 0 0 0 0 0 0 0 0 
0 0 21 53 92 79 113 178 328 430 433 557 797 1109 1360 1619 1968 2272 2674 3127 3451 3928 4237 4737 5072 5466 5590 5907 6061 6122 5840 5715 5636 5439 5115 4845 4491 4149 3883 3523 3128 2876 2555 2269 2098 1777 1564 1479 1263 1101 993 870 733 647 576 519 416 334 301 298 244 192 179 150 133 115 124 110 86 67 70 68 46 32 36 33 33 29 22 5 17 19 17 9 9 10 4 8 7 5 6 0 4 5 6 0 3 1 2 1 2 1 2 1 1 1 0 1 1 0 0 0 0 0 0 0 0 0 0 0 
0 0 25 79 100 83 85 115 250 394 536 611 778 1001 1386 1706 1906 2322 2684 3236 3643 4123 4438 4908 5160 5447 5585 5967 6155 5951 5822 5745 5661 5422 5101 4863 4433 4107 3792 3422 3150 2918 2439 2177 2023 1845 1622 1331 1219 1116 961 863 731 629 542 463 425 371 322 297 240 192 190 162 152 125 105 79 72 58 49 39 37 28 31 28 27 22 11 8 11 16 15 8 7 10 12 6 3 3 5 2 3 2 2 3 2 2 3 1 1 1 2 0 1 0 1 4 0 0 0 0 0 1 0 0 0 0 0 0 0 0 0 0 0 
0 0 22 60 95 81 114 184 275 408 478 656 812 1072 1400 1731 1940 2241 2656 3056 3479 3872 4335 4698 5131 5398 5552 5804 5905 6073 6069 5776 5551 5542 5144 4745 4480 4179 3750 3532 3216 2907 2591 2255 1967 1771 1597 1436 1298 1147 1000 893 737 632 618 507 449 410 332 321 273 214 182 164 142 128 106 93 92 87 66 56 59 42 37 35 30 30 29 20 23 20 15 13 5 6 11 12 2 1 2 2 4 0 3 1 0 0 1 0 0 0 0 0 2 0 0 0 0 0 0 1 0 0 0 0 0 0 0 0 0 0 0 
0 0 28 75 121 109 99 118 248 397 516 655 830 1013 1414 1629 1963 2456 2863 3390 3687 4211 4529 4959 5422 5707 5981 6172 6150 6099 6029 5979 5831 5504 5088 4719 4323 4104 3784 3236 3058 2777 2424 2195 1928 1693 1596 1245 1176 986 865 790 675 578 511 385 412 334 290 247 222 225 200 153 130 116 97 90 82 73 59 38 43 34 34 21 28 17 17 19 17 8 12 11 12 8 6 5 5 12 1 3 3 2 1 2 0 1 1 0 1 1 2 3 1 1 1 0 0 1 2 1 0 0 1 0 0 0 0 0 1 0 0 0 0 0 0 0 0 0 0 0 
0 0 31 55 92 153 124 187 340 534 756 806 1014 1385 1662 2014 2430 2686 3082 3496 4006 4509 4897 5260 5486 5717 5888 5932 6067 5955 5914 5669 5370 5182 4892 4528 4034 3789 3415 3296 2896 2529 2185 1974 1727 1592 1414 1215 1033 975 836 700 639 586 476 484 379 315 274 233 207 169 159 134 128 90 94 82 66 35 61 40 28 29 28 20 23 19 6 10 9 4 6 12 2 5 5 6 3 2 2 1 1 2 0 1 0 0 0 0 0 0 0 0 0 0 0 
0 0 28 62 104 131 170 222 344 480 604 746 917 1203 1590 2071 2287 2603 3077 3508 3980 4407 4730 5232 5558 5867 5958 6073 6038 6097 5926 5838 5489 5325 4971 4506 4228 3913 3524 3185 2798 2552 2365 2048 1855 1606 1368 1288 1125 945 872 698 610 599 540 413 390 299 295 256 191 190 163 143 122 98 72 80 72 53 53 61 30 32 32 36 27 20 23 12 8 17 12 10 8 3 5 7 6 8 8 1 2 7 4 0 1 1 0 0 3 0 1 1 0 0 0 0 1 1 0 0 0 0 0 0 0 0 0 0 0 
0 0 19 51 92 72 109 248 381 468 500 742 910 1180 1604 1869 2234 2684 2997 3458 3898 4374 4708 5266 5449 5724 5870 5991 6075 6113 5938 5669 5611 5093 5008 4634 4166 3874 3540 3136 2827 2595 2297 2038 1803 1609 1412 1252 1073 898 872 710 613 559 507 407 404 309 261 258 209 173 174 149 138 118 86 71 68 70 61 46 34 39 28 27 23 19 23 15 12 13 10 6 7 5 5 1 7 2 0 5 3 4 0 2 0 0 0 1 0 0 1 0 0 0 0 0 0 0 0 0 0 0 
0 0 22 70 73 88 89 141 237 290 375 540 729 953 1278 1508 1869 2017 2476 2921 3383 3731 4122 4559 5052 5418 5651 5986 5869 5913 5956 5865 5766 5564 5188 4991 4632 4337 4117 3585 3207 2904 2690 2469 2111 2026 1713 1460 1382 1150 1050 904 766 655 631 521 430 430 340 305 263 222 195 168 145 131 112 80 79 66 53 54 47 49 28 26 25 19 23 17 23 15 11 11 10 10 9 7 6 7 6 5 3 2 3 3 3 2 2 1 0 0 1 0 1 0 0 0 2 1 0 0 0 0 0 0 0 0 0 0 0 
0 0 24 76 100 129 156 215 274 384 541 711 892 1159 1465 1775 1965 2329 2823 3366 3864 4223 4568 4894 5347 5807 6022 6178 6112 6019 5841 5859 5610 5369 4955 4700 4339 4024 3527 3222 2911 2710 2330 2178 1911 1658 1404 1316 1108 993 875 786 719 555 458 425 370 341 285 238 236 190 166 165 115 129 94 93 72 63 55 53 49 36 41 21 22 20 14 8 15 13 7 3 3 6 6 1 1 2 1 5 0 0 0 3 0 1 1 1 0 1 0 1 1 0 0 0 0 0 1 0 0 0 0 0 0 0 0 0 0 0 
0 0 26 69 109 113 130 290 426 536 595 802 1077 1311 1621 1945 2289 2664 3247 3723 3865 4379 4940 5298 5583 5720 5799 6024 6126 6020 6010 5764 5541 5210 4899 4517 4213 3877 3472 3157 2779 2592 2211 1984 1783 1544 1416 1193 1085 909 821 714 626 551 507 426 345 324 261 251 222 206 153 127 130 107 104 98 55 61 61 48 44 40 25 31 14 22 19 16 19 8 5 9 6 5 7 6 3 2 2 5 1 0 0 4 1 2 0 0 3 0 1 0 0 0 0 1 0 0 0 1 0 0 0 0 0 0 1 0 0 0 0 0 1 0 0 0 0 0 0 0 0 0 0 0 
0 0 23 77 107 129 97 192 321 518 655 652 887 1160 1400 1753 2014 2310 2705 3198 3617 4153 4485 5027 5105 5611 5780 6008 5991 6110 5965 5902 5532 5356 5053 4749 4475 4054 3683 3342 3054 2684 2489 2180 1963 1637 1513 1318 1133 1026 848 829 646 614 523 407 392 331 316 260 232 186 162 168 129 98 108 97 81 76 66 61 38 28 29 32 41 29 16 15 14 13 11 14 9 5 1 4 4 6 2 2 1 1 0 1 0 2 1 1 0 0 0 0 0 0 0 0 0 0 0 
0 0 28 61 102 117 125 237 388 489 558 792 1108 1273 1486 1790 2246 2636 3106 3418 3762 4273 4773 5193 5379 5579 5862 6047 6238 6019 5850 5650 5462 5267 4991 4513 4184 3880 3652 3257 2890 2666 2315 2128 1940 1654 1481 1312 1171 1006 868 749 682 595 530 455 382 333 316 269 203 178 176 149 117 107 100 92 75 75 68 49 42 39 38 22 24 25 27 14 22 15 15 18 11 7 10 8 5 8 6 3 0 6 4 2 0 1 2 2 1 0 1 1 0 0 1 1 0 0 0 0 0 0 0 0 0 0 0 
0 0 28 65 95 85 95 110 164 295 426 640 772 863 1108 1303 1662 2063 2341 2759 3266 3763 4352 4551 4863 5301 5585 5869 6156 6150 6128 6048 5836 5635 5502 5109 4584 4412 3966 3704 3391 2928 2668 2497 2203 1883 1682 1452 1309 1163 1048 899 770 681 586 541 429 397 337 283 249 213 197 167 145 131 117 96 76 74 68 58 49 49 34 46 20 25 26 15 9 10 13 14 9 3 11 6 3 1 2 2 3 4 1 2 2 2 1 1 1 0 0 1 0 0 0 0 1 0 0 0 0 0 0 0 0 0 0 0 
0 0 22 54 79 109 178 284 386 480 703 954 1148 1402 1698 2114 2346 2850 3087 3671 4016 4545 5034 5301 5592 5852 6061 6027 6043 5957 5718 5678 5432 5089 4844 4486 4113 3675 3497 3111 2700 2429 2152 1908 1712 1499 1358 1137 1053 928 812 687 627 539 467 360 331 320 268 239 186 165 130 142 117 89 104 71 68 63 47 39 32 28 22 31 15 21 22 10 12 13 9 6 3 4 7 8 3 4 2 2 2 3 0 0 1 0 1 0 0 0 0 0 0 0 0 0 0 0 
0 0 21 82 101 80 123 191 307 415 506 610 815 1031 1378 1664 2004 2337 2823 3195 3667 4162 4666 5050 5362 5590 5969 6190 6297 6288 6190 5957 5733 5467 5253 4864 4360 4025 3681 3329 3090 2793 2431 2064 1812 1685 1487 1244 1151 987 822 709 656 593 515 413 368 304 273 243 222 189 146 134 111 111 82 81 70 62 44 45 39 29 31 21 18 16 15 15 8 8 2 8 4 3 4 6 5 4 0 3 0 1 1 1 2 1 0 1 2 0 1 1 1 0 1 0 0 1 0 0 0 1 0 0 0 0 0 0 0 0 0 0 0 
0 0 20 88 98 108 112 147 255 396 576 751 895 1096 1413 1624 2027 2485 3016 3421 3844 4163 4825 5011 5521 5732 5870 6032 6019 6091 6053 5672 5465 5385 4860 4613 4164 4031 3655 3307 2939 2707 2428 2131 1919 1732 1547 1304 1127 963 917 798 667 590 489 438 366 333 287 244 228 214 156 134 125 117 97 75 87 61 60 54 49 35 35 35 20 20 16 17 8 17 20 9 7 5 5 3 4 10 2 0 4 1 1 1 2 2 0 1 0 0 0 1 0 0 2 0 0 0 0 0 0 0 0 0 0 0 
0 0 28 76 108 104 112 171 259 336 395 484 722 974 1232 1531 1846 2150 2611 3000 3425 3925 4360 4670 4992 5319 5675 6021 5992 6054 5912 5795 5795 5680 5279 4960 4635 4160 3977 3583 3220 2889 2683 2438 2071 1832 1572 1352 1263 1108 1025 921 717 680 591 531 438 383 337 311 288 242 223 195 150 133 116 110 83 75 67 66 63 50 54 42 35 32 26 23 14 19 18 11 9 9 10 3 5 3 7 2 6 5 4 3 2 1 2 2 0 1 0 0 1 1 1 0 1 1 0 0 1 0 0 0 0 1 1 1 0 0 0 1 0 0 0 0 0 0 0 0 0 0 0 
0 0 29 64 103 100 95 157 300 405 495 552 816 996 1464 1722 1991 2284 2696 3273 3665 4193 4521 4830 5101 5589 5693 6047 6149 5954 5985 6069 5685 5399 5125 4732 4422 4159 3774 3468 3092 2931 2498 2236 2001 1709 1562 1357 1194 1049 926 800 678 649 539 444 413 361 294 259 239 213 174 165 153 132 84 107 73 83 76 69 59 34 36 34 23 33 22 15 15 14 11 11 10 10 7 8 11 2 2 4 4 9 3 3 2 1 1 2 1 1 1 0 2 0 0 0 0 1 0 0 0 0 2 0 0 0 0 0 1 0 0 0 0 0 0 0 0 0 0 0 
0 0 26 77 101 115 189 303 369 422 483 650 919 1159 1384 1606 1997 2390 2847 3258 3619 4040 4468 4865 5290 5653 5804 5965 6088 5930 5902 6014 5800 5313 5084 4656 4413 4109 3732 3310 2996 2619 2366 2222 1940 1681 1473 1320 1166 1003 894 772 670 617 521 411 387 373 304 289 232 209 167 167 159 103 97 95 90 74 56 51 42 46 31 28 21 28 13 17 16 8 7 6 6 12 9 4 5 1 2 2 5 0 2 1 0 1 3 0 1 1 1 0 0 0 0 0 0 1 0 0 0 0 0 0 0 0 0 0 0 
0 0 22 81 70 110 143 220 278 356 405 513 759 1048 1263 1512 1716 2225 2452 2835 3304 3896 4345 4702 5069 5522 5678 5954 5973 6224 6069 5962 5647 5604 5368 4959 4676 4245 3888 3510 3340 2906 2747 2386 2133 1974 1512 1483 1319 1067 969 925 813 669 563 494 421 368 302 273 256 210 194 137 143 128 101 85 68 66 60 56 36 40 34 28 20 16 16 15 24 9 7 11 11 5 10 8 4 3 6 4 1 2 2 2 1 1 1 4 1 1 2 0 2 0 0 0 0 0 0 1 0 0 0 0 0 1 0 0 0 0 1 0 0 0 0 0 0 1 0 0 0 0 0 0 0 0 1 0 0 
0 0 21 52 98 80 91 130 234 314 304 429 545 793 941 1062 1377 1865 2148 2490 3012 3320 3837 4112 4522 5103 5356 5531 5851 5891 5876 6056 5894 5737 5454 5157 4953 4550 4311 4058 3672 3249 2825 2640 2373 2212 1901 1675 1508 1356 1180 1028 963 801 731 603 537 453 405 360 290 271 234 185 187 134 125 114 105 86 73 68 62 63 56 39 33 25 17 16 17 15 12 12 7 10 6 12 7 2 2 7 5 4 2 1 2 3 1 1 1 2 1 1 0 2 0 0 0 1 1 0 0 1 0 0 1 1 2 0 0 1 0 0 1 0 0 0 1 0 0 0 0 0 0 0 0 0 0 0 
0 0 20 73 86 92 99 185 303 401 471 584 801 989 1309 1650 1739 2138 2501 2868 3356 3798 4033 4385 4677 5213 5590 5902 5849 5897 5844 5859 5599 5411 5274 5000 4681 4268 4012 3518 3215 2938 2698 2349 2107 1880 1659 1451 1247 1172 1015 901 812 696 590 521 457 440 368 317 274 252 198 174 179 128 116 94 97 83 69 67 68 46 40 34 25 39 18 17 16 14 15 11 11 6 4 7 11 5 1 1 1 1 3 2 0 1 2 0 1 1 1 0 0 1 0 1 0 1 0 0 0 0 0 0 0 0 0 0 0 
0 0 19 74 99 88 91 100 208 289 402 516 657 842 1093 1386 1687 1948 2373 2855 3429 3790 4097 4444 4982 5254 5584 5886 6019 6145 6072 6077 5845 5586 5345 5056 4800 4514 4018 3630 3322 3084 2707 2474 2129 1851 1628 1510 1276 1181 944 876 771 635 613 480 460 365 349 259 285 223 204 197 161 128 103 90 95 93 62 44 54 48 52 38 26 31 32 20 18 18 17 12 9 11 15 9 6 3 6 5 3 7 2 4 4 5 4 2 0 1 4 0 0 0 0 0 0 0 0 0 0 0 
0 0 26 72 112 90 83 193 316 473 517 614 788 1087 1388 1544 1861 2318 2827 3400 3604 3987 4362 4920 5294 5624 5734 5855 5954 6052 6033 5865 5661 5432 5257 4919 4546 4003 3788 3335 3027 2752 2543 2253 1935 1710 1490 1330 1178 1093 898 823 674 616 534 456 382 369 289 227 212 213 197 140 135 117 94 81 67 55 48 46 48 35 33 25 27 17 19 11 13 6 7 10 4 5 6 2 4 2 3 2 2 1 0 0 0 0 1 1 0 0 0 1 0 1 1 0 0 0 1 0 0 0 0 0 0 0 0 0 0 0 
0 0 22 72 78 82 93 169 332 431 590 701 941 1172 1491 1770 2128 2412 2860 3320 3656 4109 4492 4838 5267 5743 5762 6056 6054 6101 5857 5832 5618 5252 4948 4726 4348 4112 3612 3215 3053 2774 2379 2116 1931 1789 1591 1337 1194 1012 921 775 725 574 540 461 404 345 319 264 208 211 194 147 102 104 100 80 67 55 48 50 34 38 24 27 19 15 11 10 11 14 6 8 4 8 6 4 7 1 1 2 1 0 1 1 0 0 1 1 1 1 0 0 0 1 0 0 0 0 0 0 0 0 0 0 0 
0 0 28 78 119 103 112 191 244 353 431 556 678 860 1178 1462 1872 2074 2440 2964 3326 3807 4031 4651 4928 5453 5645 5826 6085 6011 6058 5893 5833 5510 5422 4992 4646 4281 3904 3698 3293 2933 2682 2280 2150 1861 1632 1418 1260 1140 979 859 786 612 559 485 447 382 314 266 254 216 173 156 157 98 98 89 96 70 64 48 51 34 36 27 34 33 29 17 14 10 6 17 9 18 5 5 3 2 6 4 1 2 2 2 1 3 2 2 0 0 1 1 1 0 0 0 0 0 0 0 0 0 0 0 
0 0 25 63 92 90 97 159 213 290 304 452 663 960 1272 1446 1755 2091 2464 2993 3577 3948 4182 4548 4914 5407 5737 5926 5996 6150 5987 5908 5748 5423 5074 5049 4676 4308 3953 3476 3232 3078 2700 2237 2153 1929 1667 1472 1304 1149 980 901 722 663 617 504 431 409 321 303 246 212 170 164 136 125 97 67 96 68 59 47 46 46 37 39 29 29 13 15 17 13 9 12 11 8 2 6 4 3 3 4 0 2 0 3 1 0 1 2 1 1 0 0 1 0 0 0 0 1 0 0 0 0 0 0 0 0 0 0 0 
0 0 26 53 94 139 197 269 335 504 692 869 955 1221 1596 2006 2259 2526 2913 3532 3928 4271 4671 5076 5507 5637 5919 5890 5870 6106 5828 5785 5521 5241 4753 4577 4177 3968 3572 3258 2787 2588 2352 2099 1794 1562 1401 1305 1132 1025 871 720 628 554 502 433 414 333 315 249 209 161 145 144 136 105 90 82 87 54 52 39 44 45 34 31 24 28 15 12 14 11 9 7 12 7 8 7 8 4 6 5 3 5 2 2 2 2 0 2 1 2 1 0 2 1 0 3 0 0 1 0 0 1 1 2 0 0 0 0 1 0 0 0 0 0 1 0 0 0 0 0 0 0 0 0 0 0 
0 0 26 54 92 78 87 137 290 359 406 450 655 960 1229 1400 1582 1885 2333 2958 3301 3837 4241 4488 5105 5436 5687 5627 6128 6148 6140 6005 5863 5830 5380 5032 4780 4452 4153 3607 3319 3056 2744 2462 2161 1951 1643 1535 1291 1200 980 863 799 682 592 523 498 405 375 311 246 238 204 175 148 139 114 106 101 93 56 50 54 47 52 23 23 18 19 13 11 13 13 15 7 10 7 6 11 2 7 0 2 6 3 1 1 1 1 1 0 0 0 2 0 0 0 0 0 0 0 0 0 0 0 
0 0 21 60 101 89 100 131 200 289 345 493 594 769 1050 1213 1448 1716 2048 2477 2927 3397 3771 4132 4468 5007 5398 5646 5832 5903 5975 5925 5807 5884 5516 5329 4968 4581 4331 3900 3613 3193 3018 2697 2419 2088 1855 1656 1470 1295 1191 992 877 789 663 655 513 462 401 343 330 283 228 177 174 168 150 119 92 107 77 55 51 32 49 28 24 20 15 21 16 6 8 14 10 6 4 5 5 5 3 1 1 1 0 2 0 2 0 0 1 0 1 0 0 0 0 0 0 0 0 0 0 0 
0 0 29 68 103 109 92 128 249 353 436 586 726 905 1093 1533 1881 2372 2468 2986 3557 3951 4348 4847 5091 5585 5698 5762 6132 5995 6070 5907 5710 5453 5212 4884 4482 4118 3774 3481 3173 2826 2671 2367 2114 1875 1681 1479 1314 1166 990 862 769 642 574 520 451 358 348 283 256 219 178 156 160 113 123 92 103 80 62 59 39 43 26 29 28 25 13 15 6 10 11 3 7 5 8 2 5 1 5 2 3 1 1 0 4 1 1 0 2 0 1 0 1 1 0 0 1 1 0 0 1 0 2 0 0 0 0 0 0 1 0 0 0 0 0 0 0 0 0 0 0 
0 0 23 92 94 140 193 364 488 566 695 977 1377 1579 1890 2090 2600 3106 3523 3929 4247 4709 5011 5405 5707 5955 6127 6106 5971 5866 5736 5502 5240 5011 4703 4250 3920 3585 3392 2909 2636 2372 2151 1829 1669 1450 1385 1196 978 849 758 674 561 508 457 397 340 301 271 226 216 179 135 126 128 103 86 72 64 63 51 44 48 28 19 24 26 24 13 14 8 10 4 8 11 5 4 6 1 3 1 2 0 1 2 2 1 0 3 0 2 0 0 0 1 0 0 0 0 0 1 0 0 0 0 0 0 0 0 0 0 0 
0 0 21 61 82 84 92 118 232 294 376 509 689 937 1232 1512 1801 2080 2454 2963 3292 3762 4215 4604 4835 5132 5537 5685 5890 5981 5941 5810 5682 5681 5413 5030 4653 4391 3909 3651 3296 3037 2719 2338 2154 1883 1730 1467 1314 1158 1012 893 779 642 624 491 487 421 361 299 274 259 192 173 157 149 107 108 103 68 49 65 56 40 34 44 19 19 25 14 12 9 23 9 7 8 10 8 3 4 1 3 3 4 0 4 0 2 1 2 1 1 0 1 0 0 0 0 0 0 1 0 0 0 0 0 0 0 0 0 0 0 
0 0 14 68 79 77 74 120 164 223 414 611 815 933 1114 1437 1796 2185 2522 2868 3355 3831 4292 4643 5017 5334 5681 5958 6130 5858 6152 6046 5777 5521 5279 4862 4548 4288 3991 3689 3228 3048 2681 2410 2125 1827 1788 1532 1222 1120 972 859 757 665 549 504 431 380 374 272 261 225 200 173 101 148 121 104 84 81 66 61 42 54 43 35 39 19 24 17 19 16 8 12 9 7 4 5 5 6 6 2 5 2 1 3 2 2 1 0 2 3 0 1 1 4 1 1 0 0 1 0 0 0 0 0 0 0 0 0 0 0 
0 0 21 64 104 101 99 167 270 408 481 506 650 854 1194 1433 1739 2115 2527 2991 3534 3808 4341 4659 4996 5488 5655 5862 5970 6066 5949 6041 5761 5656 5413 4897 4728 4312 4031 3649 3355 2903 2655 2420 2193 1880 1675 1516 1269 1110 1002 873 741 698 588 502 417 373 341 264 293 249 193 184 147 130 119 110 83 78 69 57 43 59 49 32 35 29 26 19 21 15 15 15 7 10 6 10 9 5 4 0 5 6 4 1 3 2 2 2 1 1 0 0 2 0 2 3 0 0 0 1 1 0 0 0 0 0 0 0 0 0 0 0 
0 0 26 64 93 88 138 290 448 584 665 814 1133 1471 1787 2138 2487 3005 3428 3749 4181 4618 5126 5591 5682 5797 6099 6220 6172 5981 5942 5632 5236 5033 4566 4363 4040 3650 3320 3070 2703 2511 2100 1809 1685 1496 1319 1100 1024 898 796 650 608 480 429 389 317 296 250 227 193 128 124 112 126 95 75 68 59 35 42 37 25 35 28 19 13 10 10 10 7 7 3 3 7 4 3 4 3 3 1 2 1 0 1 2 1 1 0 0 1 0 0 1 0 0 0 0 0 0 0 0 0 0 0 
0 0 25 79 113 111 128 193 363 517 621 732 1003 1434 1713 2029 2430 2846 3234 3682 4132 4632 5021 5258 5512 5868 6142 6050 5937 6086 5740 5680 5451 5088 4751 4351 4048 3884 3493 3085 2685 2398 2256 2000 1810 1542 1349 1195 1088 940 843 676 617 566 475 401 356 314 249 215 192 176 165 140 120 98 80 94 74 74 43 48 49 37 48 25 29 21 19 13 17 10 15 5 9 4 6 3 5 3 6 4 1 3 0 1 4 1 1 0 0 0 1 1 1 0 1 1 2 0 0 0 0 1 0 0 1 0 0 0 0 0 0 0 0 0 0 0 
0 0 21 67 82 84 116 198 384 495 608 634 791 1017 1370 1645 2014 2275 2627 3069 3581 3962 4423 4943 5409 5532 5910 6015 6193 6040 6112 5922 5759 5352 5134 4759 4443 4012 3757 3453 2963 2727 2456 2252 1991 1747 1557 1339 1151 1047 964 808 702 647 549 504 426 368 339 275 231 247 200 153 121 117 110 93 87 60 52 58 31 45 34 31 27 26 22 20 14 11 11 14 3 5 7 5 5 3 1 2 1 3 5 8 0 1 0 1 0 1 1 0 0 0 0 0 0 0 0 0 0 0 
0 0 25 100 133 134 126 211 346 532 660 740 854 1217 1478 1766 1986 2466 3056 3458 3922 4258 4656 5010 5496 5773 5928 6064 6036 6040 5754 5694 5445 5296 4948 4683 4458 4034 3568 3295 2897 2656 2297 2063 1896 1654 1473 1281 1134 1033 888 759 653 619 555 445 356 325 303 276 241 197 170 137 141 104 85 96 88 66 58 48 42 38 49 30 25 21 25 20 18 22 11 8 12 11 6 9 9 6 8 7 6 1 4 9 3 0 3 4 3 0 2 1 1 2 0 0 1 1 0 0 1 0 1 1 0 1 0 1 0 0 0 0 0 0 0 0 0 0 0 
0 0 14 68 100 92 72 229 488 708 783 921 1182 1407 1752 2177 2632 3029 3346 3735 4182 4714 5035 5387 5684 5911 5990 6054 5941 5822 5777 5566 5188 4966 4585 4294 3984 3580 3281 3066 2736 2454 2181 1939 1716 1466 1301 1172 1065 864 799 664 585 518 455 387 345 296 243 201 218 169 158 137 96 100 79 77 58 68 41 42 38 23 23 17 19 13 21 17 10 15 6 9 6 3 8 4 3 4 1 1 4 2 1 3 3 1 0 2 1 1 1 1 0 1 0 0 0 0 0 0 0 0 0 0 0 
0 0 20 70 102 95 88 204 310 397 483 586 903 1256 1660 1875 2123 2406 3096 3621 3926 4215 4718 5013 5596 5771 6019 6016 6021 5990 5994 5757 5565 5260 4893 4801 4423 3932 3595 3264 2934 2669 2393 2040 1866 1675 1535 1283 1136 961 863 805 693 552 522 476 371 363 276 276 220 202 169 163 139 127 102 76 70 62 67 65 46 34 36 31 20 17 19 17 7 7 6 7 4 6 3 4 0 2 2 1 0 2 2 0 3 0 2 1 1 0 1 0 2 0 0 0 0 0 1 0 0 0 1 0 0 0 0 0 0 0 0 0 0 0 
0 0 33 71 67 99 142 259 359 450 476 637 928 1109 1490 1824 2132 2467 2895 3374 3923 4420 4655 5114 5428 5917 5864 5996 6141 6049 6035 5830 5491 5398 4890 4620 4347 3993 3620 3293 2878 2601 2432 2077 1832 1656 1436 1277 1120 1005 871 830 632 548 499 449 376 311 308 244 215 177 153 176 129 97 102 84 76 54 60 39 29 27 32 31 28 21 17 11 6 16 7 5 7 7 6 6 7 6 2 4 4 3 1 1 2 3 2 1 0 2 3 0 0 1 0 0 0 0 0 0 0 0 0 0 0 
0 0 20 70 88 76 101 257 389 429 421 594 801 1032 1277 1614 1843 2140 2470 2987 3491 3905 4360 4783 5261 5531 5811 5882 6110 6171 6104 5959 5741 5497 5166 4838 4580 4152 3723 3584 3109 2803 2580 2267 2065 1854 1555 1431 1311 1084 1041 870 736 661 582 525 439 354 368 306 307 234 182 173 149 148 131 103 93 75 71 58 45 47 43 30 34 26 20 23 22 16 19 8 8 9 5 8 5 5 6 2 5 3 1 2 2 2 1 3 1 0 1 1 1 2 0 0 0 0 1 0 0 0 0 0 0 0 0 0 0 0 
0 0 24 72 95 106 112 178 400 535 650 750 1020 1249 1619 1959 2302 2672 3152 3480 4048 4390 4848 5102 5493 5901 5921 5982 6051 6025 5936 5798 5490 5199 4996 4518 4284 3938 3471 3181 2899 2582 2291 2042 1873 1569 1418 1231 1107 931 850 740 668 551 481 403 393 314 257 264 220 182 151 151 139 125 98 89 68 50 61 54 49 36 35 32 28 22 17 14 16 17 5 11 9 12 8 6 5 6 2 5 1 3 2 1 0 2 1 0 0 0 0 1 1 0 0 0 0 0 0 0 0 0 0 0 
