0 0 24 69 105 104 105 147 222 306 367 516 735 940 1227 1658 2053 2382 2686 3210 3702 4343 4928 5465 5886 6414 6479 6641 6898 7083 6878 6796 6456 6223 5754 5322 4881 4409 3944 3530 3211 2814 2397 2136 1805 1511 1296 1122 987 787 682 554 492 367 364 258 234 207 158 139 106 93 86 62 44 34 32 16 26 21 8 9 9 4 3 6 2 4 2 1 0 0 1 0 0 0 0 0 0 0 0 0 0 0 
0 0 52 136 188 169 198 408 559 786 807 991 1388 1910 2279 2594 2855 3337 3931 4683 5226 5610 5903 6214 6600 6865 6884 6865 6743 6457 6202 5946 5594 5052 4665 4318 3905 3451 3028 2656 2416 1984 1799 1480 1339 1101 934 790 615 503 515 334 315 266 197 186 144 113 91 72 52 48 43 36 28 31 29 13 17 13 17 9 12 7 12 4 0 8 5 2 0 1 0 2 0 0 0 1 0 0 0 1 0 0 0 0 0 0 0 1 0 0 0 0 0 0 0 0 0 0 0 
0 0 22 84 110 102 95 137 292 416 359 422 674 1109 1361 1456 1737 2218 2780 3130 3589 4042 4580 5165 5578 5883 6049 6366 6604 6808 6623 6546 6275 6138 5717 5393 4896 4478 4126 3687 3391 3039 2659 2246 2023 1707 1486 1274 1105 960 782 645 588 486 379 331 272 219 223 166 129 99 81 68 62 57 40 30 16 17 18 13 4 8 8 10 5 7 2 1 0 0 0 1 0 0 0 1 0 0 0 0 0 0 0 0 0 0 0 
0 0 33 86 119 110 130 275 432 540 468 675 956 1288 1615 1929 2146 2734 3313 3806 4220 4812 5203 5689 5921 6340 6543 6709 6757 6724 6378 6268 6049 5738 5335 4853 4594 3952 3517 3309 2884 2497 2200 1993 1709 1409 1272 1099 898 780 620 576 535 434 366 253 238 198 166 129 107 97 83 40 56 43 32 25 17 19 13 18 10 5 6 7 4 6 3 3 4 2 4 1 3 2 2 1 0 2 1 0 0 0 0 0 1 2 0 0 0 1 0 0 0 1 0 0 0 0 0 0 0 0 0 0 0 
0 0 32 54 114 115 132 202 304 417 435 554 785 1112 1429 1797 2056 2482 3100 3376 3828 4492 4987 5582 5998 6239 6357 6768 6928 6927 6639 6465 6286 5928 5587 5088 4690 4260 3744 3404 2994 2619 2329 2087 1777 1477 1312 1077 977 800 663 610 482 409 318 300 277 188 154 147 97 109 88 87 51 42 46 33 19 19 16 14 14 7 8 4 5 5 1 5 3 0 1 0 0 1 1 1 0 0 0 0 0 0 0 0 0 0 0 
0 0 23 65 106 89 78 106 198 283 235 295 480 653 874 1136 1400 1737 2074 2451 2819 3215 3917 4369 4781 5311 5621 5989 6520 6406 6494 6595 6644 6501 6263 5779 5523 5210 4804 4379 3985 3630 3151 2802 2560 2159 1761 1595 1377 1226 1054 854 710 629 496 445 351 298 257 225 190 131 110 106 97 64 68 61 32 30 24 24 17 18 10 14 8 10 7 2 5 4 5 8 2 1 1 1 1 2 1 1 0 0 1 0 0 0 0 0 0 0 0 0 0 0 
0 0 23 71 95 84 105 194 325 390 299 459 655 840 1011 1107 1500 1978 2273 2609 3139 3474 4207 4783 5100 5455 6047 6323 6678 6702 6790 6665 6712 6301 6105 5769 5354 4923 4504 4037 3696 3312 2846 2629 2317 1871 1536 1488 1220 1030 848 717 670 515 461 399 291 274 228 163 147 128 130 64 66 55 44 41 30 22 19 22 9 8 9 10 4 10 5 4 2 3 2 1 0 2 1 1 0 1 0 1 0 0 0 0 0 0 0 0 0 0 0 
0 0 36 78 100 93 152 325 460 551 534 689 1006 1337 1643 2014 2232 2756 3324 3693 4307 4620 5207 5880 6029 6240 6550 6686 6714 6717 6588 6330 6087 5675 5175 4835 4443 4010 3633 3239 2861 2559 2188 1854 1568 1425 1213 993 878 714 597 485 442 371 290 263 229 153 143 115 97 72 61 50 49 34 26 14 20 17 9 13 6 5 7 4 1 3 3 0 3 1 2 4 1 0 0 0 1 0 0 0 0 0 0 0 1 0 0 0 0 0 0 0 0 0 0 0 
0 0 22 60 77 82 73 151 311 493 383 511 752 973 1231 1565 1888 2267 2628 3029 3625 4026 4527 5016 5488 5950 6305 6544 6472 6601 6592 6518 6319 5990 5765 5428 4878 4493 4157 3757 3201 3025 2574 2230 2009 1734 1446 1292 1099 967 759 676 546 481 408 330 277 241 205 178 136 106 109 68 59 57 26 29 27 19 20 14 10 6 2 4 6 2 2 1 1 0 2 3 2 0 0 0 2 1 0 1 1 1 1 0 0 0 0 1 0 0 0 0 0 0 0 0 0 0 0 
0 0 31 105 130 146 124 202 351 460 526 537 654 900 1288 1651 1871 2280 2595 3282 3802 4292 4732 5138 5608 5996 6398 6517 6691 6756 6650 6553 6331 6126 5741 5363 4970 4616 4034 3651 3305 2952 2438 2187 1911 1628 1476 1223 1028 862 710 690 592 447 365 339 279 209 189 161 123 116 90 82 71 45 35 38 36 26 15 15 18 9 9 6 8 2 2 0 0 0 1 1 0 0 0 0 0 1 0 0 0 0 1 0 0 0 0 2 0 0 0 0 0 0 1 0 0 0 0 0 0 0 0 0 0 0 
0 0 22 83 88 104 145 293 402 453 436 703 1063 1391 1692 1890 2143 2616 3224 3907 4304 4632 5009 5439 6080 6349 6393 6630 6701 6697 6452 6227 5971 5737 5345 4995 4567 4163 3723 3332 2936 2653 2272 2008 1766 1494 1257 1008 913 783 643 557 502 391 315 245 218 188 174 122 93 88 65 54 49 42 22 31 26 10 10 10 16 12 3 4 2 3 4 1 1 2 1 1 1 1 1 0 1 0 0 0 0 0 0 0 0 0 0 0 
0 0 24 62 86 121 126 213 275 324 371 669 960 1187 1328 1590 1985 2484 3040 3375 3947 4304 4841 5479 5824 6432 6523 6695 7006 6818 6834 6517 6416 6227 5658 5075 4743 4263 3830 3537 3073 2616 2302 2002 1807 1473 1269 1097 992 770 648 578 456 409 342 262 225 162 144 125 112 87 72 35 34 37 30 17 29 15 10 12 11 11 8 4 4 1 4 7 2 2 1 0 1 1 0 0 1 1 0 1 0 0 0 0 1 0 0 0 0 0 0 0 0 0 0 0 
0 0 26 80 93 104 102 182 265 353 403 638 825 1031 1256 1649 2163 2516 3048 3310 3804 4546 5049 5560 5889 6246 6424 6669 6755 6847 6775 6533 6274 5979 5590 5127 4775 4319 3804 3345 3151 2777 2437 2081 1807 1516 1330 1162 946 840 660 566 526 408 373 307 261 214 147 139 130 101 84 75 47 51 35 28 25 21 22 11 14 7 16 4 6 4 4 1 2 2 2 1 1 0 0 0 0 0 0 0 0 1 0 0 
0 0 26 73 92 114 108 231 443 689 656 710 1038 1374 1912 2114 2555 2944 3541 4164 4609 5033 5426 5926 6329 6438 6855 6880 6859 6583 6504 6180 5908 5536 5155 4682 4273 3848 3465 3000 2708 2410 2081 1791 1524 1291 1141 973 775 709 584 506 383 351 292 204 216 207 160 123 88 89 60 55 44 36 29 24 11 19 14 7 11 8 4 2 7 6 1 2 2 0 1 1 0 1 0 1 0 0 0 1 0 0 0 0 0 0 0 0 0 0 0 
0 0 24 68 113 104 136 284 438 527 454 631 935 1222 1587 1894 2144 2620 3220 3823 4145 4536 4945 5536 6011 6418 6531 6642 6731 6693 6593 6221 6131 5764 5401 5087 4483 4185 3742 3329 2905 2515 2335 2069 1652 1423 1248 1060 960 785 690 578 465 373 317 254 240 201 170 122 100 101 62 57 41 42 29 28 21 13 14 9 8 6 6 3 2 1 5 7 2 1 0 1 1 0 1 0 0 2 0 0 0 0 0 0 0 0 0 0 0 
0 0 18 77 100 93 85 138 288 475 538 602 756 1128 1516 1787 2177 2516 2986 3465 4045 4538 4983 5365 5871 6259 6629 6657 6843 6774 6689 6428 6311 6030 5600 5190 4719 4296 3897 3467 3075 2709 2380 2046 1769 1504 1267 1091 996 812 684 558 440 405 336 262 231 198 174 149 112 100 75 65 47 51 53 33 23 28 19 19 9 9 8 2 8 6 4 2 2 2 0 2 0 0 0 0 0 0 0 0 0 0 0 
0 0 32 95 106 102 115 210 402 462 537 610 889 1170 1500 1729 2146 2493 3096 3605 4073 4505 5115 5640 5909 6163 6552 6701 6822 6924 6715 6332 6072 6051 5508 5104 4554 4176 3806 3475 3078 2653 2274 2072 1669 1494 1305 1107 910 777 663 581 459 402 310 258 233 190 147 131 102 75 70 54 53 43 33 32 20 5 18 15 12 5 4 1 5 0 2 2 1 2 0 0 0 1 0 0 1 0 0 0 0 0 0 0 0 0 0 0 
0 0 28 92 90 91 132 256 323 466 394 536 774 1108 1360 1634 1841 2230 2894 3245 3721 4247 4704 5259 5866 5984 6294 6549 6698 6844 6719 6624 6296 5896 5680 5336 5020 4555 4161 3658 3185 2854 2499 2194 1940 1664 1371 1221 1051 890 717 598 466 460 380 307 239 191 171 136 127 94 82 79 67 33 33 29 26 14 14 11 10 6 8 5 1 4 2 3 3 1 0 2 0 0 0 0 0 2 0 0 0 1 0 1 0 0 0 0 0 0 1 0 0 0 0 0 0 1 0 0 0 0 0 1 0 0 0 0 1 0 0 0 0 1 0 0 0 1 1 0 0 1 0 0 0 0 1 1 0 0 
0 0 33 85 94 129 143 250 449 683 571 766 1056 1450 1845 2155 2519 2878 3364 4105 4716 5103 5555 5945 6334 6635 6880 7179 6718 6691 6585 6397 5958 5583 5102 4729 4252 3859 3487 3124 2631 2326 2074 1839 1526 1338 1087 1021 868 697 578 472 398 359 306 261 216 180 141 114 81 79 59 58 44 31 32 31 16 18 12 14 10 6 3 8 7 3 1 2 2 2 5 0 0 1 2 0 1 0 0 0 2 0 0 0 0 0 0 0 0 0 0 0 
0 0 23 61 92 96 131 225 373 487 491 676 854 1154 1418 1745 2198 2670 3070 3691 4132 4823 4932 5496 6011 6390 6680 6723 6672 6757 6636 6377 6209 5902 5397 5184 4572 4342 3722 3341 3007 2506 2298 1963 1733 1500 1274 1044 923 723 653 541 488 384 325 272 259 169 141 116 128 102 64 44 50 46 36 27 20 15 14 10 9 11 7 5 4 6 2 3 5 1 1 1 2 1 0 0 0 1 0 0 0 1 1 0 0 0 0 0 0 0 0 0 0 0 
0 0 25 85 105 100 129 237 404 447 447 621 969 1284 1541 1810 2238 2631 3097 3631 4158 4836 5257 5534 6124 6324 6628 6732 6879 6898 6553 6416 6204 5984 5524 4940 4499 4152 3782 3373 2954 2648 2333 1964 1720 1439 1236 1054 902 741 680 549 470 372 329 247 221 186 132 122 112 79 67 57 43 31 34 22 23 16 11 8 9 15 5 7 8 3 2 4 3 0 2 0 0 0 0 2 0 0 1 1 0 0 0 0 0 0 0 0 0 0 0 
0 0 27 84 98 111 133 206 330 484 445 624 888 1233 1559 1795 2069 2489 3043 3653 4037 4363 4953 5542 5928 6263 6749 6722 6685 6755 6582 6409 6102 5794 5496 5152 4679 4130 3724 3385 3094 2667 2372 2037 1692 1545 1261 1123 931 811 688 545 473 410 349 271 221 200 166 135 114 83 80 70 47 36 32 27 17 17 13 6 14 9 6 8 5 3 2 0 1 1 1 4 1 3 1 1 0 1 0 1 0 0 1 0 0 0 0 0 0 0 0 0 0 0 
0 0 29 73 111 119 165 250 482 670 744 936 1133 1470 2045 2495 2835 3352 3751 4424 5118 5456 6026 6222 6633 6865 7042 7005 6982 6712 6491 6127 5793 5528 4939 4432 4029 3561 3276 2930 2567 2118 1784 1623 1364 1172 1017 819 664 597 505 382 354 294 207 188 153 110 102 74 68 57 55 38 26 26 23 17 10 13 14 7 7 6 2 5 10 1 2 2 1 2 0 3 1 0 0 0 0 0 0 0 0 0 0 0 
0 0 17 80 107 98 101 159 244 365 340 528 741 1122 1316 1545 1819 2188 2622 3245 3775 4103 4645 5074 5743 5933 6288 6573 6818 6897 6792 6608 6360 6044 5966 5487 5040 4619 4163 3638 3382 2953 2535 2252 2012 1712 1448 1239 1052 919 789 693 588 445 412 298 272 245 203 170 162 107 80 73 61 55 43 42 33 21 27 12 17 11 11 5 2 4 5 1 5 1 3 1 4 1 2 1 1 1 0 1 0 1 0 0 0 0 1 2 0 0 0 0 0 0 0 0 0 0 0 
0 0 21 70 79 73 83 127 246 381 393 495 639 1018 1291 1506 1699 2084 2522 2928 3360 4118 4634 5021 5459 5892 6026 6563 6783 6824 6824 6730 6463 6292 5906 5368 5072 4672 4331 3833 3321 2965 2623 2329 2007 1766 1528 1330 1047 972 744 600 556 475 421 312 292 210 165 160 118 113 73 68 55 45 45 32 26 14 14 7 8 8 12 5 1 5 3 2 1 1 1 3 1 0 0 0 0 0 0 0 0 0 0 0 
0 0 28 77 105 103 64 142 253 389 326 401 601 830 1167 1333 1599 2201 2630 2969 3413 3974 4530 4983 5439 5855 6289 6438 6787 6999 6578 6661 6579 6339 5951 5524 5098 4629 4307 3895 3346 2938 2661 2295 2020 1776 1443 1322 1119 896 812 686 572 460 401 353 310 215 198 180 150 113 121 87 71 69 53 44 28 26 23 15 16 11 4 7 3 2 5 0 1 1 1 0 1 0 3 0 0 0 1 1 1 0 0 0 1 0 0 0 0 0 0 1 0 0 0 0 0 0 0 0 0 0 0 
0 0 21 67 106 91 110 211 397 486 532 707 1086 1416 1643 2113 2358 2804 3385 3920 4588 5022 5517 5887 6253 6620 6890 6928 7004 6916 6657 6374 6098 5739 5321 4815 4284 4094 3541 3216 2756 2421 2202 1833 1581 1300 1198 975 787 690 565 474 391 339 300 203 206 156 126 102 75 74 61 43 31 30 24 28 23 11 9 10 5 3 4 4 2 3 0 0 0 0 0 1 0 0 0 0 2 0 0 
0 0 21 61 107 93 116 212 338 521 521 564 825 1157 1293 1489 1862 2367 2751 3135 3447 3952 4561 5107 5345 5807 6089 6309 6474 6617 6354 6294 6310 5976 5607 5293 4779 4504 4129 3487 3241 2930 2527 2264 1999 1750 1445 1247 1104 968 777 675 584 526 395 338 271 242 204 177 154 110 103 79 86 52 46 44 39 32 18 22 14 6 10 4 3 4 4 0 1 3 0 2 2 0 0 0 0 1 0 1 0 0 0 0 0 0 0 0 0 0 0 
0 0 18 72 83 83 80 137 224 385 352 540 744 944 1165 1379 1772 2395 2730 3186 3447 3953 4681 5370 5679 5895 6384 6658 6934 6944 6857 6758 6477 6324 5939 5437 4991 4515 4251 3765 3255 2976 2561 2212 2012 1612 1476 1193 1055 935 777 596 603 482 388 304 282 226 188 146 148 100 84 67 59 55 34 30 22 23 17 12 9 14 6 3 5 4 1 2 1 4 2 1 0 0 1 1 1 0 1 0 0 1 0 0 0 0 0 0 0 0 0 0 0 
0 0 27 74 118 112 105 188 296 475 516 724 902 1208 1531 1861 2182 2681 3071 3643 4156 4628 5137 5425 5958 6338 6652 6834 6740 6956 6589 6454 6184 5904 5468 5029 4553 4218 3789 3397 2959 2611 2339 1994 1744 1474 1252 1144 922 808 667 544 500 407 345 263 230 190 167 150 113 90 85 65 47 39 36 37 21 19 16 15 7 7 3 5 10 2 1 4 1 4 0 0 0 0 0 0 0 0 0 0 0 
0 0 22 72 91 110 95 205 381 545 366 636 986 1273 1357 1548 1971 2408 2978 3309 3809 4162 4636 5306 5731 6151 6174 6443 6586 6588 6471 6533 6255 5925 5553 5199 4786 4337 3905 3459 3133 2802 2453 2080 1903 1604 1360 1165 1077 860 718 647 556 452 385 309 264 227 180 166 120 108 77 78 47 38 35 34 23 27 18 15 9 13 6 13 6 7 2 6 3 3 2 2 2 2 1 1 0 1 1 0 1 0 0 0 0 0 0 0 0 0 0 0 
0 0 20 65 81 110 64 115 195 295 305 386 443 682 911 1103 1327 1659 1836 2318 2895 3359 3697 4179 4702 5104 5735 6055 6203 6467 6570 6721 6588 6378 6399 6014 5624 5186 4764 4456 4020 3657 3253 2791 2498 2188 1926 1648 1458 1209 1015 928 762 652 534 468 375 331 245 202 171 159 136 109 94 75 51 44 31 23 26 25 15 7 2 12 8 10 3 3 2 1 2 2 3 1 0 1 1 0 0 2 1 0 0 0 0 0 1 0 0 0 0 0 0 0 0 0 0 0 
0 0 30 61 95 113 186 323 422 530 677 851 1083 1553 1897 2396 2836 3211 3707 4210 4780 5306 5831 6155 6284 6687 6681 6786 7008 6648 6336 5983 5849 5519 5040 4544 4053 3626 3324 2990 2547 2183 1910 1779 1421 1174 1029 832 693 660 531 424 376 288 259 207 173 156 122 118 85 68 67 42 50 26 30 26 24 17 12 9 4 7 6 0 3 1 1 1 1 1 1 0 0 1 0 0 0 0 0 0 0 0 0 0 0 
0 0 23 52 92 90 90 137 342 495 331 408 711 1054 1386 1614 1792 2189 2597 3243 3868 4370 4699 4943 5625 6163 6422 6684 6816 6822 6685 6514 6515 6113 5780 5354 5028 4621 4005 3669 3334 2876 2630 2212 1926 1687 1404 1210 1113 863 693 608 541 471 374 320 249 226 193 154 122 103 74 61 69 47 32 19 21 17 13 17 8 6 8 7 2 4 1 5 0 1 1 1 1 1 0 0 0 1 0 0 0 0 0 0 0 0 0 0 0 
0 0 34 87 107 102 115 265 392 565 593 660 909 1255 1725 2166 2461 2695 3158 3589 4222 4924 5282 5623 5893 6140 6552 6776 6651 6813 6577 6223 6018 5643 5423 4976 4379 4076 3609 3191 2780 2418 2181 1948 1627 1371 1198 1007 847 749 631 524 441 347 302 241 210 167 139 99 96 69 73 50 43 37 33 19 20 18 11 7 8 10 8 3 3 7 1 6 3 0 0 1 2 0 0 1 0 0 0 0 0 0 0 0 0 0 0 
0 0 35 93 97 120 111 244 348 499 513 741 999 1355 1675 1933 2214 2795 3381 3772 4243 4807 5306 5900 6204 6351 6465 6736 6946 6676 6515 6269 6061 5797 5490 4891 4495 4019 3717 3210 2972 2601 2200 1900 1679 1443 1264 1029 816 737 600 515 430 345 319 235 205 154 127 113 93 97 68 55 60 31 26 28 22 16 16 14 12 10 6 8 4 4 2 0 0 2 1 1 0 2 1 0 0 0 0 1 0 0 0 0 0 0 0 0 0 0 0 
0 0 21 68 116 107 155 258 386 494 601 762 1098 1488 1728 2015 2525 3064 3557 4029 4467 5151 5595 6052 6452 6774 6758 6940 6902 6836 6725 6383 5909 5598 5201 4671 4332 3825 3380 3007 2665 2294 2022 1727 1457 1366 1052 939 814 677 549 483 365 332 284 235 196 157 122 114 78 71 42 56 39 29 23 19 21 9 5 8 9 7 6 4 2 4 3 3 1 0 0 1 0 0 1 0 0 0 0 0 0 0 0 0 0 0 
0 0 24 76 98 84 98 167 270 342 407 499 743 1068 1401 1628 1957 2457 3035 3312 3979 4517 4980 5387 5925 6342 6467 6689 6984 7172 7000 6586 6334 6011 5671 5249 4816 4540 4007 3547 3136 2826 2431 2154 1869 1631 1431 1135 1009 846 731 600 508 415 351 269 254 183 160 134 106 92 78 48 48 44 36 26 21 16 11 10 10 6 5 4 6 2 3 2 4 0 0 0 0 4 1 0 0 1 0 0 0 0 0 0 0 0 0 0 0 
0 0 15 66 95 96 100 172 308 385 362 437 641 941 1251 1472 1797 2171 2596 2962 3535 3908 4596 5069 5569 5994 6353 6498 6585 6824 6796 6548 6437 6053 5867 5516 4956 4518 4189 3740 3356 2936 2607 2241 1945 1794 1469 1215 1051 904 797 659 547 484 385 324 258 230 206 179 104 104 95 80 54 55 31 34 24 26 18 10 11 13 7 5 6 1 4 2 1 2 0 1 1 1 0 0 0 0 0 0 0 0 0 0 0 
0 0 32 86 110 125 171 249 336 432 468 681 977 1166 1479 1789 2200 2613 3105 3728 4091 4649 5401 5746 6175 6413 6627 7044 7066 6856 6792 6597 6316 5997 5399 5001 4511 4240 3807 3375 2858 2584 2191 1967 1773 1452 1196 987 859 713 626 497 433 348 299 240 202 140 149 120 78 76 63 53 39 38 23 34 21 15 13 14 7 12 7 7 6 2 5 6 4 2 0 1 0 2 3 0 0 2 0 0 2 0 0 0 0 0 0 0 0 0 0 0 
0 0 30 86 116 130 138 223 379 490 448 561 883 1358 1529 1747 2119 2596 3070 3624 4125 4676 4995 5530 6046 6200 6407 6770 6734 6678 6546 6318 6092 5692 5407 4973 4591 4285 3785 3294 2969 2678 2275 2023 1782 1472 1332 1058 963 799 700 525 441 379 323 279 225 159 147 102 107 87 60 51 51 32 33 25 13 27 9 8 15 7 6 6 2 4 8 3 0 2 2 2 2 0 1 1 1 0 3 1 1 0 0 1 1 1 0 2 0 0 0 0 1 1 1 0 0 0 1 0 1 0 0 0 1 0 0 0 0 0 0 0 0 0 0 0 
0 0 29 61 76 90 80 130 241 376 295 427 637 904 1260 1526 1759 2011 2495 2929 3379 3870 4288 4946 5330 5912 6156 6537 6624 6781 6848 6781 6606 6128 5907 5589 5125 5010 4316 3827 3482 3040 2771 2406 2106 1756 1515 1312 1093 984 813 699 549 482 417 337 303 240 215 162 161 128 97 87 68 62 62 36 30 38 29 29 17 8 11 11 4 5 4 0 3 3 3 1 2 0 1 0 1 1 1 1 0 0 0 0 0 0 0 0 0 0 0 
0 0 23 75 98 78 100 184 263 391 376 474 691 974 1148 1383 1606 1892 2262 2747 3253 3674 4091 4541 4795 5469 5951 6161 6422 6261 6622 6564 6440 6241 6092 5526 5309 4758 4384 4103 3636 3205 2902 2559 2206 1915 1562 1483 1261 1123 889 810 655 551 460 402 318 324 218 205 184 148 125 105 79 68 69 55 40 27 24 22 18 11 8 15 7 8 9 3 1 2 2 1 4 0 1 0 2 3 1 0 0 0 0 1 1 0 0 0 0 0 0 0 0 0 0 0 
0 0 21 79 104 91 83 96 207 321 304 329 473 720 937 1063 1276 1683 2066 2407 2760 3380 3871 4364 4719 5274 5705 5966 6257 6340 6508 6719 6625 6249 6085 5816 5489 5198 4683 4266 3974 3570 3107 2805 2302 2131 1837 1587 1425 1125 957 835 701 571 503 417 376 285 230 208 169 153 104 71 82 66 47 36 36 31 26 17 19 12 10 9 9 3 5 9 4 2 7 1 2 4 2 0 0 1 0 1 1 0 0 0 0 0 0 0 0 0 0 
0 0 26 81 107 94 108 158 280 432 353 583 894 1237 1343 1591 1800 2334 2929 3440 3823 4129 4714 5134 5743 6106 6327 6647 6457 6629 6500 6475 6290 5831 5540 5113 4800 4310 3896 3524 3130 2708 2411 2045 1806 1602 1342 1156 972 794 708 581 515 422 369 258 296 205 172 154 134 108 94 77 62 63 47 49 39 31 29 26 14 13 11 6 3 2 8 1 0 3 0 0 1 1 0 0 0 0 1 0 0 0 0 1 0 0 0 1 0 0 0 0 0 0 0 0 0 0 0 
0 0 29 62 108 100 124 161 229 362 397 561 770 1095 1462 1651 1959 2389 2955 3481 4023 4390 4606 5478 5675 6373 6463 6563 6705 6769 6707 6612 6163 6015 5661 5147 4933 4508 3874 3560 3122 2779 2474 2169 1963 1572 1399 1187 1028 900 746 611 491 456 350 323 234 227 182 148 115 102 85 76 65 45 39 27 29 16 17 11 11 12 9 7 3 7 7 3 3 3 1 1 0 0 0 0 0 0 0 0 0 0 0 
0 0 24 84 96 80 133 242 404 493 426 603 848 1194 1564 1820 2043 2486 2994 3463 3944 4420 4937 5411 5856 6104 6366 6720 6736 6682 6622 6485 6199 5889 5656 5070 4733 4352 3956 3424 3124 2719 2346 2122 1839 1585 1352 1127 969 835 695 584 465 428 353 288 231 206 160 133 127 98 94 70 59 46 37 35 23 22 18 14 12 8 9 9 7 5 6 3 4 0 1 3 0 1 2 1 0 0 0 1 0 0 0 0 0 0 0 0 0 0 0 
0 0 26 79 128 118 95 155 288 358 361 457 693 910 1244 1465 1899 2209 2542 3042 3474 4111 4504 5065 5405 5573 6165 6530 6718 6737 6693 6444 6547 6072 5944 5495 4968 4642 4270 3834 3509 3138 2666 2377 2111 1819 1448 1376 1105 1001 828 686 600 455 384 325 284 198 173 185 117 107 87 61 52 65 41 36 25 23 20 11 9 10 14 8 7 4 1 1 2 1 3 3 0 0 0 1 0 0 0 2 0 0 0 0 0 1 0 0 1 0 0 0 0 0 0 0 0 0 0 0 
0 0 24 96 119 127 193 351 540 616 684 774 1102 1517 2046 2303 2645 3106 3585 4061 4575 4973 5704 5959 6459 6588 6603 6741 6969 6735 6525 6074 5816 5374 5085 4668 4236 3801 3298 2929 2664 2253 2064 1763 1525 1282 1090 898 773 660 547 486 391 322 281 216 202 168 121 110 62 74 63 57 32 33 34 26 17 21 14 10 7 10 5 1 3 6 1 2 4 0 0 0 0 1 0 0 0 0 0 0 0 0 0 0 0 
0 0 24 86 92 105 130 216 362 536 663 688 983 1279 1598 2077 2513 2856 3147 3790 4262 4824 5314 5748 5954 6383 6604 6855 6898 6828 6575 6538 6103 5788 5239 4803 4362 3987 3632 3136 2720 2494 2101 1829 1550 1335 1160 975 827 702 542 492 430 341 283 229 216 163 131 106 90 68 64 65 34 34 30 33 17 18 13 12 5 9 6 6 4 7 4 2 1 3 1 4 3 1 0 0 2 1 0 0 1 1 0 0 0 0 0 0 0 0 0 0 0 
0 0 24 96 94 97 105 173 334 584 655 742 842 1160 1637 2066 2519 2824 3249 3790 4432 5060 5346 5912 6192 6694 6874 6835 6745 6952 6655 6469 6000 5621 5254 4872 4369 3970 3547 3212 2755 2420 2123 1841 1595 1399 1169 972 830 741 612 510 461 369 287 264 219 161 145 118 84 86 60 45 46 34 27 22 14 12 15 8 4 7 3 6 0 3 1 2 3 1 0 0 0 0 0 0 0 0 0 0 0 
0 0 22 80 124 87 101 214 348 507 419 489 788 1110 1379 1633 1906 2354 2793 3652 3944 4451 4888 5324 5803 6277 6650 6534 6721 6726 6850 6608 6194 5947 5494 5150 4821 4311 3992 3348 3043 2707 2382 2088 1701 1548 1363 1160 939 861 704 615 498 397 354 292 253 194 175 143 120 84 91 60 45 37 38 27 21 17 17 20 4 13 12 4 3 7 4 4 1 0 2 3 0 0 0 0 0 2 0 0 1 0 0 0 0 0 0 0 0 0 0 0 
0 0 20 61 78 92 101 141 234 319 239 398 510 705 965 1163 1324 1819 2240 2634 2967 3456 4025 4612 5211 5435 5857 6170 6391 6749 6955 6772 6540 6366 6261 5771 5448 5048 4576 4215 3802 3412 2996 2627 2311 2026 1799 1466 1283 1112 931 805 662 582 475 395 342 272 225 175 150 116 110 89 85 60 48 40 31 36 36 20 15 14 11 19 8 7 6 5 9 3 0 3 4 3 1 1 0 1 1 0 0 0 1 0 0 1 0 0 0 0 0 0 0 0 0 0 0 
0 0 28 85 97 91 111 205 392 480 370 533 909 1212 1245 1452 1728 2228 2874 3139 3424 3887 4631 4996 5397 5663 6060 6212 6416 6534 6535 6521 6217 5919 5599 5218 4950 4301 4084 3720 3301 2888 2572 2331 2024 1744 1428 1290 1092 929 851 693 601 526 418 349 326 251 178 179 137 132 100 86 62 69 54 38 34 28 26 19 15 15 8 11 6 5 8 2 3 0 2 0 2 1 0 1 1 0 0 0 0 0 1 0 0 0 1 0 2 0 0 0 2 3 0 0 0 0 3 0 0 0 0 1 2 0 0 0 0 0 0 0 0 0 0 0 
0 0 20 51 93 120 228 366 454 591 615 778 1050 1333 1691 2073 2533 2892 3214 3773 4366 4881 5347 5878 5994 6428 6623 7016 6767 6726 6642 6265 5970 5644 5185 4875 4316 3987 3530 3028 2688 2409 2120 1892 1585 1364 1146 1003 847 741 568 514 427 357 300 260 212 156 144 119 99 68 77 45 36 32 20 22 22 20 7 8 9 7 6 2 1 2 5 1 0 0 2 0 0 0 1 0 0 0 0 0 0 0 0 0 0 0 
0 0 18 72 83 82 147 231 433 609 598 686 868 1235 1653 2200 2435 2619 3263 3814 4327 4930 5405 5811 6128 6368 6513 6854 7029 6769 6548 6285 6165 5667 5256 4892 4374 4077 3546 3208 2823 2501 2136 1761 1518 1404 1144 1010 824 697 593 484 448 351 296 223 184 177 158 108 85 87 64 58 61 38 34 27 19 13 19 12 12 7 5 6 10 4 6 4 2 6 5 1 2 4 2 2 4 1 0 0 0 0 0 2 0 0 0 0 0 0 0 0 0 0 0 
0 0 29 69 83 89 107 156 275 462 483 518 688 940 1121 1449 1625 2094 2522 2943 3469 3940 4528 4932 5452 5751 6195 6529 6536 6693 6455 6512 6402 6142 5927 5271 5012 4673 4239 3837 3452 3072 2629 2364 2049 1725 1614 1304 1154 973 759 653 612 493 439 327 295 230 217 160 171 110 89 90 78 53 50 36 30 27 17 19 14 11 10 4 4 2 2 2 1 2 3 0 2 0 2 0 0 1 0 2 0 0 0 2 0 0 0 0 1 0 0 0 0 0 0 0 0 0 0 0 
0 0 18 85 111 107 83 180 389 648 483 595 842 1232 1499 1826 2105 2552 3213 3668 4117 4718 5152 5634 5989 6466 6663 6915 6933 6909 6717 6665 6344 6061 5484 5101 4694 4213 3717 3282 2902 2563 2288 1949 1706 1447 1193 1061 873 727 653 496 461 359 294 240 209 176 136 104 70 83 63 62 36 28 39 29 20 4 9 9 7 6 5 4 0 0 1 0 2 0 0 1 0 0 0 0 0 0 0 0 0 0 0 
0 0 27 58 70 79 83 129 211 305 220 280 425 678 844 978 1182 1542 1924 2186 2656 3206 3574 4051 4559 5007 5403 5886 6326 6440 6575 6741 6611 6480 6342 6102 5606 5405 5001 4389 4134 3639 3173 3002 2568 2311 2023 1665 1470 1246 1095 921 821 643 551 462 402 353 284 240 212 181 133 113 112 69 86 61 39 34 31 29 24 9 15 7 5 9 10 5 5 2 1 5 6 1 0 2 1 1 0 0 0 0 0 0 0 0 0 0 0 
0 0 24 86 112 98 126 242 315 393 384 532 848 1122 1264 1368 1746 2294 2768 3365 3717 3948 4570 5134 5539 5923 6256 6345 6539 6565 6654 6476 6274 5957 5637 5315 4829 4542 4178 3551 3273 2894 2557 2317 1862 1688 1444 1265 993 866 762 600 564 470 409 308 255 201 214 146 118 103 87 61 57 48 43 36 32 20 19 13 15 16 9 4 4 3 2 6 3 1 0 0 0 2 0 0 1 0 2 0 0 0 0 2 1 0 0 0 0 0 0 0 0 0 0 
0 0 31 55 111 106 117 160 335 503 403 562 885 1142 1410 1628 1917 2371 2953 3458 3947 4282 4817 5414 5699 5954 6291 6644 6648 6798 6544 6423 6271 5749 5572 5231 4656 4460 3760 3523 3095 2680 2401 2137 1818 1557 1359 1177 1010 845 724 635 543 422 363 316 270 201 180 135 134 112 77 70 45 56 44 34 33 22 20 13 17 14 7 14 5 8 4 6 6 3 2 4 4 4 3 4 1 2 0 0 1 0 0 0 0 0 0 0 0 
0 0 22 75 104 88 90 155 258 419 370 485 746 1024 1116 1298 1608 2082 2510 2936 3275 3789 4377 4743 5083 5721 6091 6253 6536 6601 6662 6556 6489 6134 5875 5509 5068 4849 4431 3877 3501 3046 2711 2419 2069 1851 1578 1391 1154 1034 892 714 603 477 447 374 303 228 211 166 130 118 103 86 70 51 37 34 37 33 27 17 14 11 7 8 5 4 2 1 3 2 0 2 1 0 0 0 0 0 0 0 0 0 0 0 
0 0 16 78 105 119 206 336 487 666 731 918 1284 1685 1933 2328 2801 3276 3831 4468 4663 5375 5811 6146 6715 6881 6813 6962 6732 6611 6600 6151 5846 5422 5014 4464 3996 3609 3233 2878 2513 2197 1818 1619 1375 1160 987 814 722 617 513 418 349 305 221 234 170 131 104 87 71 61 46 43 37 31 25 22 15 14 14 12 7 8 6 2 5 5 2 1 3 2 1 0 1 2 0 1 0 0 1 0 0 0 0 0 0 0 0 0 0 0 
0 0 26 74 95 102 121 157 270 426 404 556 736 1147 1436 1590 1828 2221 2850 3367 3962 4364 4812 5181 5671 6250 6461 6575 6757 6728 6817 6569 6285 5980 5705 5345 4838 4424 3880 3587 3378 2881 2448 2082 1894 1639 1430 1181 1009 798 740 618 554 445 352 291 225 183 175 141 102 100 103 61 53 40 45 41 29 23 23 22 12 13 16 4 3 6 6 3 8 2 1 0 0 1 1 0 1 0 0 0 0 0 0 0 0 0 0 0 
0 0 25 77 110 89 134 267 455 613 519 654 1043 1428 1805 2068 2447 2817 3162 3745 4420 4954 5379 5721 5899 6363 6741 6779 6797 6596 6531 6309 5831 5663 5265 4846 4349 3898 3569 3199 2879 2475 2089 1847 1578 1363 1202 996 863 691 581 511 409 361 336 243 230 150 127 126 107 70 60 67 47 26 32 26 16 20 10 13 9 2 8 3 1 2 4 0 3 0 0 0 0 0 0 0 0 0 0 0 
0 0 29 101 129 115 148 277 378 513 439 665 1077 1579 1793 1959 2105 2698 3379 3977 4371 4902 5368 5649 6219 6529 6490 6632 6657 6572 6515 6093 5846 5600 5148 4787 4570 3933 3495 3134 2748 2548 2184 1859 1658 1331 1219 1024 886 696 632 533 448 371 300 261 207 152 131 120 108 92 63 60 38 44 34 22 11 22 21 9 9 7 15 5 4 5 3 1 4 3 3 1 0 2 0 0 1 1 0 1 0 1 0 1 0 0 2 0 0 0 1 0 2 0 1 0 0 1 0 0 0 0 1 0 0 1 0 0 0 0 0 1 0 0 0 2 0 0 1 0 0 0 0 0 0 0 0 0 0 0 
0 0 32 80 116 93 129 255 323 401 449 539 759 1042 1310 1507 1840 2255 2829 3271 3673 4222 4689 5137 5598 5965 6456 6527 6716 6823 6799 6504 6360 6042 5674 5249 4939 4569 4199 3809 3337 2931 2500 2271 2010 1688 1517 1212 1082 909 797 637 531 435 415 342 232 232 214 150 123 93 100 73 62 44 31 36 19 18 13 15 14 8 6 4 6 4 4 1 0 1 2 1 0 0 0 0 1 0 0 0 0 0 0 0 0 0 0 0 
0 0 25 82 101 105 163 265 458 602 513 635 957 1488 1791 2040 2393 2780 3306 4013 4523 4847 5353 5670 6176 6337 6709 6587 6743 6562 6409 6264 5924 5598 5132 4764 4354 3889 3493 3030 2568 2397 2149 1746 1507 1338 1134 979 816 703 568 490 400 345 316 241 203 179 155 114 79 84 61 50 50 32 30 22 14 10 8 11 8 4 2 0 1 2 2 1 1 2 2 0 0 0 1 1 0 0 0 0 0 0 0 0 0 0 0 
0 0 18 59 78 107 147 195 256 346 329 475 694 1054 1263 1488 1689 2161 2593 3161 3615 4024 4486 4970 5490 5790 6204 6365 6644 6592 6609 6592 6408 6125 5794 5477 4959 4477 4272 3775 3325 2942 2599 2283 2059 1728 1484 1215 1051 936 803 655 523 461 379 351 276 214 168 173 128 114 103 79 66 41 43 32 30 23 27 8 16 16 10 10 7 5 3 2 3 2 1 2 0 2 0 0 0 0 0 0 0 0 0 0 0 
0 0 14 53 78 75 102 229 411 583 403 632 909 1276 1599 1907 2192 2495 3020 3614 4000 4542 4974 5528 5961 6174 6578 6524 6687 6599 6495 6340 6094 5762 5307 4943 4558 4140 3846 3411 3017 2588 2347 2103 1766 1500 1271 1120 953 852 703 593 495 456 362 306 257 206 162 137 144 102 82 72 64 36 34 29 32 26 28 10 14 13 9 5 8 1 2 3 3 3 2 0 0 0 2 1 0 1 0 0 0 1 0 0 0 0 0 0 0 0 0 0 0 
0 0 23 70 99 117 96 174 311 552 452 692 1013 1361 1495 1818 2232 2785 3291 3779 4294 4788 5212 5907 6137 6517 6531 6701 6824 6834 6824 6406 6098 5802 5349 4933 4538 4214 3653 3299 2971 2544 2259 2031 1686 1408 1228 1083 919 769 591 545 465 385 334 230 200 166 144 108 98 80 82 53 41 34 33 30 23 16 8 8 5 10 4 1 5 2 2 1 4 1 0 0 1 1 0 1 0 0 0 0 0 0 0 0 0 0 0 
0 0 33 76 110 110 150 227 382 543 403 600 932 1260 1444 1752 2055 2648 3186 3534 4019 4607 5105 5633 5982 6390 6510 6773 6800 6687 6726 6491 6131 5667 5587 5046 4562 4081 3812 3348 3045 2592 2349 2011 1775 1507 1265 1082 900 836 697 580 456 412 363 280 212 179 149 147 112 93 67 50 45 40 49 30 24 27 9 9 9 6 3 4 4 1 1 0 0 0 1 0 0 0 0 0 0 0 0 0 0 0 
0 0 27 89 95 106 130 244 439 648 536 670 1006 1377 1758 2044 2412 2801 3329 4030 4377 5031 5566 5905 6350 6538 6663 6897 6858 6940 6582 6192 5929 5464 5138 4853 4352 3933 3591 3050 2717 2423 2117 1788 1590 1409 1158 937 829 699 610 526 404 372 295 231 230 181 123 103 102 88 71 48 37 40 30 22 28 19 12 9 10 9 5 4 6 3 3 2 4 2 3 1 0 1 0 1 1 0 0 0 0 0 0 0 0 0 0 0 
0 0 27 69 110 125 125 180 253 352 328 487 808 1120 1351 1638 1927 2241 2732 3221 3672 4206 4900 5248 5603 6052 6231 6467 6639 6613 6600 6464 6351 5853 5586 5163 4902 4475 3957 3552 3132 2759 2445 2211 1941 1592 1387 1247 1059 856 745 639 551 473 362 315 271 191 212 165 145 108 95 88 58 54 51 40 27 28 19 20 15 6 8 8 14 7 3 4 4 4 0 3 2 1 1 0 0 0 0 0 1 0 0 0 0 0 0 0 0 0 0 0 
0 0 22 81 97 97 138 219 365 467 499 556 816 1134 1552 1836 2074 2376 2939 3518 4040 4591 5169 5636 5989 6335 6475 6701 6809 6880 6725 6394 6266 5803 5542 5050 4654 4183 3880 3327 2932 2623 2334 2065 1747 1500 1320 1133 912 808 706 577 468 380 371 319 246 176 173 141 126 98 76 84 48 33 28 38 37 26 19 22 10 17 7 9 5 5 4 4 2 3 1 1 0 1 2 1 0 1 1 0 0 0 0 0 1 0 0 0 0 0 0 0 0 0 0 0 
0 0 25 62 85 95 82 143 330 469 210 326 580 888 1048 1148 1299 1767 2207 2585 2895 3286 3777 4375 4842 5347 5557 5846 6090 6227 6495 6453 6415 6205 6019 5520 5428 5020 4504 4167 3849 3431 2966 2772 2396 2101 1810 1559 1391 1124 1039 883 757 637 493 458 426 338 280 251 208 158 123 116 113 77 68 68 48 41 43 30 27 18 15 16 9 15 5 7 2 5 3 5 2 1 1 1 0 0 1 0 0 0 0 0 0 0 0 
0 0 25 70 96 115 130 238 377 541 502 638 832 1057 1267 1536 1889 2410 2787 3273 3700 4118 4880 5246 5512 5952 6177 6582 6609 6684 6426 6462 6173 5818 5745 5172 4727 4359 4007 3560 3137 2877 2449 2145 1850 1636 1438 1161 1032 856 799 665 557 423 362 312 273 220 171 164 139 113 93 69 72 49 45 37 39 27 22 14 12 23 10 12 9 5 4 6 3 2 1 3 5 2 0 0 4 0 1 1 0 0 1 0 1 1 0 0 0 2 0 1 0 0 0 0 0 0 1 0 0 1 0 0 1 0 0 0 0 0 0 0 0 0 0 0 
0 0 27 56 105 100 104 147 242 284 276 399 608 771 893 1053 1284 1614 2084 2486 2680 3218 3685 4264 4585 5157 5512 5782 5933 6314 6664 6574 6231 6380 6081 5744 5527 5117 4702 4340 3954 3452 3222 2753 2466 2079 1898 1628 1441 1194 1024 880 739 681 516 416 373 325 228 217 191 157 115 102 73 57 58 58 39 30 23 22 20 18 13 11 7 4 7 8 4 5 3 1 5 3 2 3 1 1 0 1 0 2 1 1 0 0 1 0 0 0 0 0 0 0 0 0 0 0 
0 0 24 89 113 103 110 196 328 480 411 590 908 1209 1434 1621 2085 2470 2963 3498 3872 4395 4876 5325 5737 6143 6302 6509 6778 6856 6617 6425 6232 5835 5488 5168 4712 4258 3992 3483 3073 2747 2500 2168 1828 1599 1430 1201 936 803 758 575 494 425 357 306 247 205 188 141 134 103 68 69 56 40 43 38 22 15 17 14 21 12 13 11 7 5 2 5 4 5 1 4 2 1 2 0 0 0 1 0 0 0 1 0 0 0 0 0 0 0 0 0 0 0 
0 0 33 70 108 123 116 163 313 498 437 544 704 1063 1344 1533 1870 2194 2751 3280 3759 4175 4443 5020 5706 6047 6248 6484 6482 6626 6681 6494 6280 6127 5732 5361 4789 4511 4135 3644 3359 2897 2495 2266 1918 1739 1450 1272 1070 871 767 674 539 478 360 304 264 232 202 161 124 101 96 67 70 49 47 34 40 21 19 13 15 13 10 7 7 3 3 2 5 2 1 1 0 0 0 0 0 0 0 0 0 0 0 
0 0 22 54 78 94 88 167 394 564 442 517 668 997 1424 1495 1882 2231 2724 3049 3532 4227 4542 5210 5634 5907 6294 6438 6759 6911 6813 6660 6226 6118 5918 5538 5035 4416 4098 3737 3297 2852 2580 2171 1980 1657 1464 1239 1048 839 741 606 522 472 353 291 225 224 205 137 115 84 71 60 61 55 36 30 22 15 11 21 13 11 6 1 6 4 5 3 0 0 2 0 1 0 1 0 0 2 0 0 0 0 0 0 0 0 0 0 0 
0 0 24 76 112 104 119 137 251 448 379 531 772 1048 1355 1632 1934 2335 2856 3339 3858 4399 4873 5346 5751 6129 6484 6648 6868 6756 6583 6563 6237 6196 5677 5218 4750 4421 4006 3453 3077 2729 2442 2062 1921 1602 1319 1117 975 834 734 593 490 412 325 285 274 195 183 141 119 91 83 67 62 55 43 38 33 23 19 13 10 15 12 11 4 9 3 7 7 1 2 2 4 4 2 7 4 0 0 2 1 2 2 0 3 1 1 0 0 1 0 0 0 0 0 0 0 0 0 0 0 
0 0 30 58 82 96 142 213 332 424 313 473 757 1059 1413 1541 1788 2251 2630 3154 3551 4101 4608 5012 5358 5648 6051 6420 6664 6522 6583 6436 6367 5886 5737 5375 4913 4535 4261 3801 3314 3030 2582 2284 2007 1821 1473 1298 1143 898 807 670 568 499 414 364 312 223 209 144 132 109 100 81 67 42 41 30 38 28 16 10 9 8 10 3 7 1 4 3 0 1 0 0 2 0 0 1 0 0 0 0 0 1 0 0 0 0 2 0 1 0 0 0 0 0 0 0 0 0 0 0 
0 0 29 58 114 86 92 143 250 378 378 460 611 882 1128 1184 1616 1971 2290 2736 3243 3693 4206 4545 5057 5582 5804 6415 6502 6587 6631 6489 6365 6279 5989 5651 5255 4889 4479 3999 3652 3246 2908 2531 2181 1971 1676 1433 1283 1040 940 830 634 595 485 401 325 289 221 215 171 129 136 102 96 66 44 45 34 42 26 13 25 12 15 10 7 4 8 2 4 2 4 4 1 4 0 0 0 1 1 0 1 0 0 0 0 1 0 1 0 0 0 0 0 0 0 0 0 0 0 
0 0 22 76 90 85 100 191 290 358 342 446 664 979 1335 1464 1658 2147 2634 2988 3621 3983 4486 4963 5438 5643 6126 6253 6520 6791 6567 6283 6269 6066 5730 5415 4986 4583 4141 3752 3394 3018 2603 2338 1959 1732 1533 1360 1161 957 804 686 575 534 434 359 314 249 213 164 140 121 115 82 70 49 45 41 31 27 14 18 14 6 9 7 5 7 6 2 3 1 3 1 1 1 0 0 0 0 0 0 0 0 0 0 0 
0 0 26 68 97 90 80 155 219 316 301 442 615 860 1054 1314 1510 1784 2321 2868 3204 3647 4009 4618 5138 5399 5906 6187 6417 6537 6568 6501 6468 6373 6089 5792 5370 4979 4522 4157 3826 3365 2970 2576 2333 1963 1740 1509 1245 1141 969 776 631 544 456 395 315 297 219 193 138 123 105 89 55 64 40 38 38 27 16 14 7 7 11 6 2 1 3 1 6 0 0 0 1 0 0 0 0 0 0 0 0 0 0 0 
0 0 27 76 108 122 91 151 260 429 445 614 865 1113 1392 1660 2001 2363 2950 3285 3793 4204 4744 5344 5774 6120 6372 6577 6764 6772 6619 6408 6434 6089 5732 5405 4786 4386 3940 3606 3129 2851 2462 2213 1849 1592 1444 1112 992 810 736 601 524 423 372 307 282 190 202 143 127 113 81 65 50 57 30 40 32 17 16 12 4 10 5 9 3 2 0 0 3 1 0 0 0 0 0 0 0 0 0 0 0 
0 0 12 54 95 95 80 146 234 335 375 458 652 768 955 1199 1544 1850 2155 2517 3216 3749 4245 4403 5083 5490 5866 6165 6553 6713 6594 6708 6479 6415 6149 5747 5439 4839 4556 4167 3673 3271 2896 2620 2337 1868 1659 1483 1247 1129 981 786 616 557 476 350 325 267 229 171 143 121 105 86 73 48 38 32 38 18 16 29 20 16 6 9 9 8 10 3 3 2 1 1 3 2 1 1 0 0 0 0 0 0 0 0 0 0 0 
0 0 14 72 95 68 104 200 350 404 368 547 853 1167 1322 1611 1814 2147 2833 3205 3556 4014 4493 4906 5469 5892 6157 6200 6445 6517 6478 6354 6216 5959 5612 5386 4737 4315 3958 3710 3433 2933 2658 2266 1978 1725 1547 1240 1144 1019 785 678 576 497 403 349 253 239 187 141 130 109 79 86 82 44 45 40 18 22 20 15 14 15 8 8 3 10 5 2 1 2 2 1 0 4 0 0 0 0 2 0 0 0 0 0 0 0 0 0 0 0 
0 0 25 65 98 108 195 395 579 680 609 860 1152 1488 1814 2112 2513 3105 3647 4027 4430 5095 5612 5924 6464 6653 6883 6699 6758 6778 6529 6204 5962 5397 5047 4533 4089 3824 3383 3027 2671 2147 2030 1654 1517 1212 1066 900 747 618 558 449 383 316 282 190 195 150 130 111 86 50 43 45 43 39 25 16 20 15 22 10 7 4 2 6 1 4 5 3 1 0 0 0 1 1 0 0 0 0 0 1 0 0 0 0 0 0 0 0 0 0 0 
0 0 29 64 119 90 103 133 230 323 401 645 810 988 1166 1492 1767 2256 2783 3148 3611 4262 4825 5197 5546 5884 6215 6701 6757 6617 6562 6359 6307 5943 5637 5306 4877 4594 4119 3634 3313 2877 2587 2199 1920 1548 1456 1197 1023 869 788 643 542 455 405 308 282 234 201 151 144 100 92 82 63 63 37 39 38 30 18 19 15 9 12 8 5 4 6 6 3 2 0 1 3 0 0 1 3 1 0 0 0 2 1 1 0 1 0 0 0 0 0 0 0 0 0 0 0 
0 0 24 87 119 99 117 233 389 493 411 587 810 1045 1315 1624 1921 2324 2873 3195 3671 3965 4590 5176 5474 5897 6162 6326 6511 6758 6503 6296 6041 5896 5534 5367 4828 4383 3976 3673 3348 2808 2507 2234 1934 1643 1425 1280 1060 867 797 649 557 443 355 319 273 237 187 148 147 102 91 63 66 40 44 35 34 25 18 8 12 11 6 9 9 8 4 6 4 1 3 1 2 1 1 1 1 1 0 0 1 0 0 2 0 0 0 0 0 0 0 0 0 0 0 
0 0 30 58 109 123 94 203 340 547 566 557 810 1094 1508 1831 2191 2657 3176 3684 4001 4643 5206 5774 6118 6279 6552 6692 6857 6615 6603 6463 6240 5956 5259 4917 4562 4068 3608 3360 2895 2623 2146 1945 1626 1451 1253 1092 886 803 658 552 489 432 328 289 225 210 179 127 122 96 89 64 71 50 59 31 32 26 18 11 22 11 12 6 13 5 5 4 4 3 3 1 2 1 0 0 0 0 1 0 0 0 0 0 0 0 0 0 0 0 
0 0 27 68 99 95 81 126 258 369 326 445 633 958 1177 1402 1747 2168 2582 3064 3510 4177 4760 5310 5590 6144 6356 6805 6881 6949 6963 6717 6579 6137 5818 5448 4988 4698 4189 3780 3350 2974 2578 2196 1879 1689 1532 1270 979 884 782 639 564 475 400 299 252 194 182 152 104 97 79 75 50 40 47 27 16 11 20 12 5 8 3 2 3 3 1 1 0 1 1 1 0 0 1 0 0 0 1 0 0 0 0 0 0 0 0 0 0 0 
0 0 30 107 112 152 119 199 331 495 433 517 793 1097 1428 1643 1951 2365 2721 3268 3934 4404 4785 5247 5493 5900 6206 6631 6562 6558 6529 6389 6242 5895 5579 5124 4726 4455 4022 3487 3170 2812 2446 2070 1870 1638 1375 1225 1036 903 812 602 476 472 379 314 250 212 176 156 131 105 85 50 49 42 46 22 12 20 21 12 5 4 11 6 4 3 3 3 2 3 0 1 0 0 1 0 1 0 0 2 0 0 0 0 1 0 1 0 0 0 1 0 0 0 0 0 0 0 0 0 0 0 
0 0 26 75 99 70 110 221 297 438 374 578 698 991 1259 1423 1664 2173 2535 3140 3634 3970 4429 5003 5428 5768 5985 6475 6537 6788 6673 6472 6330 6150 5816 5392 4909 4756 4256 3810 3457 3078 2678 2355 2049 1783 1518 1410 1158 972 752 673 582 503 414 348 250 247 218 177 137 134 86 75 76 45 47 40 26 33 27 21 18 11 9 8 7 7 2 4 3 2 2 0 0 1 1 2 0 0 0 0 0 0 0 0 0 0 0 
0 0 25 75 102 116 116 162 267 361 366 514 715 1075 1403 1548 1714 2126 2656 3338 3641 4141 4530 5208 5720 6313 6451 6595 6720 6896 6922 6719 6414 6041 5694 5449 5065 4562 4202 3619 3216 2921 2622 2224 1907 1625 1468 1265 1099 799 736 606 528 427 355 280 281 209 169 175 117 102 83 51 59 53 34 34 20 18 16 23 11 13 10 2 3 10 4 0 2 0 0 1 0 2 0 0 1 0 0 0 0 0 0 0 0 0 0 0 
0 0 23 94 90 123 152 270 426 654 557 637 952 1268 1571 1824 2226 2520 3056 3586 4141 4611 4828 5302 5785 6064 6322 6389 6479 6586 6454 6222 5910 5827 5359 4848 4565 4063 3801 3381 3025 2633 2344 1977 1761 1521 1382 1128 958 832 759 596 499 444 376 312 263 224 175 150 121 107 82 66 59 48 43 38 28 26 11 18 12 16 12 6 6 9 10 5 2 5 5 2 3 3 2 0 0 0 1 0 1 0 2 0 0 0 0 1 0 0 0 0 0 0 0 0 0 0 0 
0 0 25 55 96 117 180 343 457 571 616 720 961 1299 1521 1881 2174 2708 3138 3564 4189 4631 5108 5571 5744 6249 6414 6724 6802 6667 6546 6211 5952 5783 5385 4822 4526 4244 3758 3369 2932 2486 2170 1935 1630 1411 1227 1019 892 742 617 534 458 393 355 298 214 190 159 169 119 91 77 56 61 49 39 29 26 21 15 14 10 11 12 4 4 6 2 5 3 2 4 0 1 0 2 1 0 1 0 0 0 0 0 0 0 0 0 
0 0 24 70 114 107 126 181 276 393 368 471 677 1036 1415 1559 1644 2194 2667 3216 3614 4100 4502 5084 5554 5963 6168 6520 6672 6751 6772 6616 6428 6193 5752 5231 4972 4671 4091 3697 3297 2955 2517 2284 1848 1670 1473 1272 1097 857 762 638 561 448 398 314 270 236 193 158 162 113 78 83 62 52 49 32 39 24 14 15 18 11 8 8 7 4 2 4 2 1 2 0 0 0 0 0 0 0 0 0 0 0 
