0 0 21 107 102 84 106 150 237 281 363 385 412 642 883 825 962 1167 1402 1435 1696 1784 2025 2204 2475 2641 2877 2936 3146 3299 3462 3526 3691 3760 3834 3722 3714 3616 3561 3437 3384 3177 3011 2961 2731 2528 2377 2219 2153 1838 1780 1572 1516 1382 1210 1114 1058 925 819 780 691 649 584 506 491 405 445 370 289 244 277 246 197 191 164 131 149 109 117 98 91 86 74 72 58 51 56 43 51 30 34 37 35 24 20 29 22 22 21 9 16 12 11 6 8 1 7 6 7 5 3 1 4 3 1 3 0 2 3 1 1 1 0 0 0 0 1 1 0 0 0 0 1 0 1 0 0 1 0 0 0 0 
0 0 41 105 94 80 80 211 314 288 347 445 672 734 786 773 963 1256 1378 1585 1748 1984 2182 2452 2709 2850 3149 3328 3458 3646 3667 3741 3828 3883 3811 3734 3855 3759 3586 3458 3304 3086 2999 2874 2688 2475 2298 2241 2002 1761 1664 1526 1360 1254 1180 1020 970 844 760 713 643 576 504 481 437 345 328 297 271 219 211 188 169 132 141 134 112 86 90 73 72 57 48 38 46 41 38 35 26 23 19 20 14 11 9 7 15 10 5 6 5 4 8 6 2 4 6 4 2 1 1 3 2 3 0 2 1 1 3 0 0 1 2 0 0 0 0 0 1 0 0 0 0 0 0 0 0 0 0 0 
0 0 29 73 100 134 96 125 182 293 325 341 414 505 647 731 748 902 1092 1300 1449 1743 1877 1994 2278 2584 2859 2998 3244 3268 3494 3748 3855 3821 3908 3816 3816 3772 3660 3637 3467 3402 3260 3028 2854 2707 2544 2331 2153 2040 1884 1743 1542 1429 1377 1234 1138 1031 833 776 722 676 577 526 453 422 353 320 255 276 272 200 186 160 157 136 129 108 88 83 90 62 65 49 34 50 26 36 33 20 34 19 25 15 17 15 13 17 20 9 12 14 4 9 7 4 4 1 6 3 3 1 3 4 4 0 1 1 2 0 1 1 0 1 0 0 1 0 0 0 1 0 0 0 1 0 0 0 0 0 0 0 
0 0 30 80 105 88 135 187 195 269 357 413 486 596 712 834 916 1067 1242 1479 1706 1915 2051 2193 2649 2847 3005 3038 3249 3557 3555 3615 3782 3845 3908 3998 3743 3739 3656 3660 3401 3232 3142 3011 2690 2609 2415 2270 2122 1854 1743 1578 1427 1302 1271 1091 1000 816 785 688 624 598 516 460 401 371 298 296 260 221 239 199 171 159 140 127 124 102 86 74 68 52 62 48 36 34 41 26 28 26 22 25 19 11 13 9 14 9 11 7 7 5 5 4 8 4 4 2 1 3 3 3 1 3 1 3 3 0 1 1 0 3 0 1 1 0 1 1 1 1 1 1 0 0 2 0 0 0 0 0 0 0 
0 0 27 67 87 100 115 169 308 408 390 573 587 762 813 1071 1212 1259 1505 1823 2044 2258 2422 2691 2950 3162 3419 3606 3726 3695 3731 4102 4100 4097 4070 3851 3764 3673 3714 3393 3292 3007 2851 2623 2413 2282 2032 1946 1755 1590 1475 1301 1246 1120 1078 860 817 744 694 664 548 526 444 412 354 334 311 297 223 203 187 160 153 139 141 110 103 72 76 65 61 38 47 42 25 34 25 16 18 19 23 14 14 10 10 8 8 8 11 3 6 5 5 6 3 5 1 5 0 1 0 0 1 1 2 2 0 0 1 1 0 0 0 0 0 0 0 0 0 0 0 
0 0 25 70 103 129 207 151 264 356 389 492 537 655 844 929 990 1200 1376 1608 1761 1955 2251 2465 2788 2927 3238 3345 3554 3681 3757 3920 4003 3906 4019 3801 3810 3701 3642 3552 3274 3191 3045 2821 2698 2451 2322 2185 1974 1765 1623 1489 1369 1240 1098 1061 940 842 736 703 619 567 476 435 396 372 333 290 252 229 228 185 203 159 122 122 93 99 101 72 75 72 43 45 34 39 31 33 20 17 18 14 13 15 10 8 12 3 8 5 8 8 7 2 7 6 5 7 3 1 5 3 1 2 0 3 3 0 1 0 2 1 0 0 1 0 0 0 1 0 1 2 1 0 1 0 1 2 2 0 2 0 
0 0 26 57 104 85 72 125 227 309 489 492 481 646 792 854 1065 1098 1282 1473 1748 2019 2179 2404 2549 2826 2982 3301 3493 3689 3733 3860 3866 4010 3967 3862 3926 3784 3681 3515 3349 3359 2963 2788 2613 2536 2238 2193 1962 1840 1634 1527 1338 1170 1094 1042 932 828 719 645 598 545 501 444 379 337 322 317 244 234 190 165 147 152 128 111 108 106 70 61 68 53 61 55 31 31 35 33 26 25 26 26 23 18 14 12 14 5 15 7 8 8 5 6 3 1 4 5 3 2 2 4 3 1 1 0 2 0 3 0 0 1 0 0 0 1 0 0 0 0 1 0 0 0 1 0 0 0 0 0 0 0 
0 0 29 84 108 119 242 317 271 313 418 588 651 762 924 987 1090 1272 1489 1739 2009 2192 2369 2487 2811 2959 3182 3438 3611 3571 3747 3954 3914 3960 3858 3899 3808 3564 3635 3417 3239 3120 2943 2752 2501 2282 2139 2038 1793 1697 1552 1410 1313 1188 1077 983 883 782 729 642 593 529 473 430 395 326 325 279 233 228 214 161 153 157 126 136 109 111 87 85 84 72 49 54 47 48 45 40 36 27 21 19 18 17 17 17 10 10 10 11 8 6 7 4 9 4 3 5 5 6 5 5 4 4 1 1 1 3 0 2 1 1 0 0 2 0 0 0 1 0 0 0 0 0 0 0 0 0 0 0 
0 0 16 65 74 76 115 139 211 198 249 309 450 542 612 680 786 900 1190 1330 1567 1717 1987 2175 2439 2610 2850 2994 3168 3319 3480 3723 3865 3944 3913 4005 3937 3889 3854 3578 3508 3439 3183 3107 2851 2651 2513 2278 2204 1986 1852 1694 1507 1378 1267 1171 1104 978 881 734 662 692 584 507 509 442 376 334 314 266 246 245 225 187 166 144 150 121 99 99 95 90 78 67 44 53 48 44 51 35 25 22 15 12 20 14 13 11 10 12 9 4 9 7 8 8 2 2 4 2 4 4 6 2 0 0 3 1 1 2 0 1 2 0 2 2 1 1 0 0 0 1 1 1 0 0 0 1 0 0 0 0 
0 0 28 86 123 138 152 228 310 363 435 556 643 826 1042 1045 1275 1548 1666 1958 2291 2476 2777 3030 3277 3406 3720 3843 3911 3959 4165 4104 4217 4139 4073 4034 3763 3553 3517 3366 3116 2914 2697 2544 2383 2214 1993 1788 1678 1588 1385 1236 1153 992 912 896 818 639 609 548 516 440 388 369 327 306 291 260 188 187 164 153 137 116 102 101 72 75 65 54 41 40 45 32 29 24 31 21 14 21 14 19 11 12 4 11 5 5 2 5 4 9 1 1 2 8 3 3 2 3 0 5 1 3 1 0 0 1 0 1 0 1 1 0 0 0 0 0 0 0 0 0 0 0 
0 0 26 57 109 86 126 150 208 196 252 389 523 475 565 766 864 997 1138 1339 1606 1800 2001 2213 2422 2524 2874 3015 3234 3408 3482 3644 3848 3863 3786 3819 3947 3842 3755 3680 3533 3348 3271 3080 2956 2699 2648 2301 2245 1982 1854 1714 1590 1476 1332 1156 1075 1063 945 795 706 656 602 537 490 417 378 329 322 263 236 240 200 185 147 163 132 118 97 85 74 76 64 48 60 61 43 29 28 29 27 27 22 19 25 14 16 11 7 14 6 3 6 5 8 5 3 0 3 0 3 3 1 0 2 1 0 0 1 2 0 1 0 0 0 0 1 0 0 0 0 0 0 0 0 0 0 0 
0 0 22 50 94 86 97 245 300 344 344 483 586 701 685 885 1024 1166 1332 1501 1752 2039 2162 2432 2646 2756 3013 3210 3379 3561 3774 3869 4064 3994 3982 3977 3969 3860 3774 3601 3295 3205 3106 2800 2685 2625 2312 2183 1958 1819 1683 1537 1430 1264 1147 1070 945 894 762 693 605 563 517 459 423 389 327 266 281 202 214 167 177 168 112 135 120 103 98 74 69 57 49 59 46 38 30 30 39 26 24 19 11 24 16 16 10 8 9 11 13 11 10 12 6 6 7 7 5 9 4 3 1 4 2 1 1 5 0 5 3 1 0 2 4 0 0 0 1 2 4 0 0 0 0 1 0 0 0 0 0 0 
0 0 18 82 96 121 81 130 281 337 347 418 563 598 711 866 1057 1219 1368 1556 1840 1956 2313 2428 2705 2844 3253 3434 3601 3616 3835 4061 3984 4075 3985 3938 3922 3772 3829 3526 3200 3211 3009 2919 2720 2468 2271 2138 1945 1850 1682 1555 1354 1278 1105 981 888 780 741 647 625 514 446 425 436 345 279 274 275 238 198 194 148 144 136 129 83 107 93 94 60 56 57 66 28 45 28 27 19 29 25 21 11 16 13 13 8 5 15 5 3 3 4 0 4 4 1 2 2 1 1 1 0 0 1 0 0 0 0 0 0 0 0 0 0 0 
0 0 23 80 84 88 98 118 209 324 390 404 511 587 703 867 1007 1189 1341 1497 1618 1787 2129 2373 2555 2813 3045 3259 3517 3610 3819 3811 4013 3929 4073 4016 3946 3777 3761 3587 3398 3284 3163 2875 2672 2615 2397 2153 1971 1867 1729 1585 1389 1288 1108 1080 972 868 811 662 598 565 514 461 394 372 311 300 287 222 216 189 169 155 120 111 118 84 83 79 74 52 53 48 48 42 31 34 29 28 21 17 19 17 11 18 10 10 11 10 7 9 5 7 8 7 7 8 5 3 9 4 4 1 3 1 2 0 1 0 1 1 1 1 1 0 0 0 1 1 1 0 0 0 0 0 0 0 0 0 0 0 
0 0 20 60 105 78 103 160 225 328 317 354 405 574 694 767 773 994 1073 1285 1368 1538 1770 2015 2310 2374 2585 2864 3053 3291 3372 3562 3607 3722 3820 3804 3817 3834 3605 3629 3464 3419 3260 3077 2904 2799 2512 2498 2271 2108 2004 1747 1600 1494 1329 1250 1093 1024 945 825 696 646 609 504 477 417 411 368 348 288 262 249 208 178 178 135 138 117 107 94 72 55 69 43 38 39 41 38 29 30 21 17 13 20 8 10 16 11 8 8 4 4 8 6 5 3 2 2 3 3 4 1 0 1 1 2 0 0 1 0 1 0 0 0 0 0 0 0 0 0 0 0 
0 0 16 71 94 112 102 137 223 239 289 366 423 530 577 644 775 964 1101 1324 1475 1647 1845 2147 2291 2410 2708 2949 3128 3337 3483 3560 3807 3743 3853 3859 3772 3827 3641 3609 3566 3410 3181 3101 2882 2685 2552 2419 2290 2060 1933 1663 1572 1501 1346 1222 1070 1034 893 800 714 677 620 551 447 458 365 360 326 260 254 250 201 178 147 142 125 129 105 91 76 81 79 43 49 40 31 35 30 27 24 19 15 18 16 12 13 8 11 8 6 7 7 5 3 6 8 3 3 4 3 1 3 1 3 0 1 1 5 1 1 2 4 1 1 1 1 2 1 0 0 1 0 0 0 0 0 1 0 0 0 0 
0 0 26 73 101 97 109 155 186 331 355 352 389 545 725 903 944 1094 1197 1438 1678 1858 2161 2472 2513 2852 2961 3319 3464 3613 3804 4060 3939 3983 4051 3966 3864 3811 3767 3718 3498 3274 3066 2919 2808 2649 2464 2081 1950 1782 1755 1587 1395 1204 1157 1079 922 759 796 649 614 546 502 420 402 366 347 260 249 210 243 191 194 154 131 125 98 114 99 70 66 49 46 39 43 34 38 28 18 23 36 24 15 20 10 10 13 20 9 8 8 9 8 2 3 4 3 3 2 0 2 2 1 2 0 1 0 0 0 0 0 1 0 0 0 0 0 0 0 0 0 0 0 
0 0 27 66 98 82 91 121 181 229 255 286 388 430 481 573 703 798 855 1087 1250 1306 1535 1783 2050 2279 2456 2801 2992 3177 3168 3411 3669 3865 3719 3905 3997 3998 3820 3884 3704 3697 3481 3377 3154 2969 2838 2601 2423 2297 2069 1850 1763 1635 1429 1323 1181 1041 961 868 805 731 645 542 515 440 422 400 362 296 255 262 228 204 169 173 142 105 121 112 84 80 62 78 55 62 49 44 40 35 19 25 27 23 14 13 24 18 13 11 13 6 4 5 10 9 2 1 3 7 2 2 3 4 3 2 2 2 2 4 1 2 2 0 1 0 0 0 0 2 0 1 1 1 1 0 1 0 0 1 0 0 
0 0 25 72 101 94 118 133 172 243 304 375 421 506 646 704 853 1065 1142 1278 1480 1734 1997 2129 2187 2542 2747 2954 3142 3300 3446 3581 3706 3772 3896 3906 3890 3766 3886 3654 3548 3403 3099 3055 2902 2795 2530 2385 2222 2108 1937 1716 1631 1528 1322 1230 1147 990 957 793 748 666 642 587 471 432 361 368 312 286 264 233 228 181 157 143 138 119 108 104 83 80 67 67 46 50 59 41 24 27 34 24 25 26 17 21 18 14 16 14 10 7 7 5 2 4 4 3 7 2 0 3 4 0 3 1 3 1 1 1 0 1 2 1 1 1 1 1 1 1 1 1 0 0 0 0 0 0 0 0 0 0 
0 0 28 67 94 77 87 111 265 369 310 399 566 635 646 776 976 1090 1242 1421 1684 1892 2131 2414 2399 2834 3132 3174 3450 3686 3736 3978 3989 3908 4008 4062 3933 3822 3747 3639 3470 3299 3019 3017 2718 2581 2395 2156 2106 1850 1727 1611 1423 1261 1191 1024 980 857 774 698 670 538 517 481 458 341 302 342 234 241 204 214 148 157 124 127 109 95 92 72 66 55 56 50 37 29 25 35 18 21 26 16 19 15 14 16 8 7 10 5 4 8 6 3 4 2 1 1 3 3 0 3 2 1 1 0 1 0 0 0 0 0 0 0 0 0 0 0 
0 0 25 67 98 103 60 143 224 351 305 318 451 622 653 823 842 1076 1229 1489 1603 1743 1945 2216 2396 2571 2887 3212 3366 3411 3626 3708 3794 3891 4069 3871 3957 3819 3752 3732 3592 3405 3264 2951 2771 2625 2572 2252 2068 1940 1839 1637 1499 1311 1217 1092 1051 968 812 787 677 616 520 500 426 412 347 357 291 272 237 220 185 184 163 157 125 117 105 83 78 59 63 56 51 42 37 47 36 25 25 19 24 23 25 14 13 14 8 7 8 9 9 13 15 3 3 3 6 5 2 1 3 3 1 0 0 0 0 1 0 0 0 0 2 0 0 0 0 0 0 0 0 0 0 0 
0 0 28 63 82 97 105 160 195 263 383 381 374 490 666 888 1013 1241 1334 1441 1678 1794 2034 2240 2608 2814 2929 3094 3319 3542 3738 3766 3794 3746 3907 3860 3852 3783 3597 3519 3457 3280 3116 2843 2699 2527 2331 2193 1990 1918 1765 1571 1425 1303 1150 1121 970 874 829 755 662 587 507 489 414 409 346 304 262 235 220 184 179 138 118 123 109 92 78 65 67 63 45 51 47 35 42 22 28 28 21 20 17 13 11 13 14 7 13 8 5 4 4 3 3 3 1 1 1 2 1 1 0 0 2 1 2 1 0 1 0 0 0 1 1 0 0 0 0 0 0 0 0 0 0 0 
0 0 26 83 98 122 208 244 241 288 413 668 675 613 704 941 1168 1381 1405 1707 1919 2136 2339 2641 2895 3186 3314 3532 3584 3826 3704 3998 3931 3937 3990 3976 3888 3773 3530 3517 3362 3114 2902 2861 2582 2336 2233 2012 1952 1645 1585 1474 1333 1257 1096 962 872 837 732 691 605 527 464 416 400 349 316 265 216 216 211 164 143 145 128 105 90 80 64 73 63 58 42 42 39 25 35 32 32 28 20 23 28 16 15 16 11 10 10 8 4 7 6 5 7 7 4 2 2 2 4 0 0 1 1 4 0 0 0 0 0 0 0 0 0 0 0 
0 0 29 80 79 76 82 143 228 217 261 351 526 579 664 698 785 971 1167 1348 1470 1716 1873 2240 2421 2604 2893 3009 3204 3390 3630 3676 3818 3779 3941 3937 3960 3940 3855 3691 3591 3367 3330 3078 2836 2706 2591 2328 2189 1946 1783 1656 1542 1456 1263 1187 1037 983 859 763 674 611 619 486 422 435 354 325 289 236 241 198 199 130 168 128 124 103 76 83 74 78 61 49 49 40 33 37 28 29 21 22 23 21 14 15 8 11 9 10 16 9 4 9 10 3 4 7 5 7 2 7 2 0 3 3 1 2 1 3 2 1 0 2 1 1 1 0 2 1 1 2 0 0 0 0 1 1 0 0 1 0 
0 0 14 59 97 89 80 162 282 350 439 392 493 641 793 974 1091 1167 1414 1625 1816 1995 2286 2366 2594 2962 3361 3498 3501 3777 3881 3976 3927 4129 4108 3978 3985 3761 3670 3600 3464 3157 3008 2928 2689 2508 2247 2196 1949 1811 1641 1485 1345 1224 1129 1009 897 898 749 711 564 511 488 439 419 351 308 285 275 254 202 184 149 138 125 124 89 89 89 77 74 64 60 39 49 43 32 25 23 23 25 14 9 10 9 9 2 6 5 3 3 5 4 1 3 3 6 1 1 1 0 0 2 0 0 0 0 1 0 0 1 0 0 0 0 1 0 0 0 0 0 0 0 0 0 0 0 
0 0 19 72 103 95 114 115 194 248 356 408 550 751 701 834 974 1256 1532 1545 1755 1995 2292 2586 2816 2877 3202 3263 3491 3671 3879 3917 3933 4197 4092 3988 3857 3920 3772 3612 3410 3267 3169 2958 2624 2609 2322 2142 2028 1870 1659 1541 1410 1263 1096 950 893 817 727 626 580 579 477 415 414 365 350 254 278 229 216 191 207 146 143 135 123 89 109 85 75 69 57 54 56 33 42 31 20 38 28 11 21 16 17 14 13 16 12 4 5 8 7 6 6 2 2 6 3 5 6 4 2 1 5 1 2 1 2 1 1 1 2 0 0 0 0 0 0 0 0 0 0 0 
0 0 32 55 114 94 106 121 215 269 388 367 485 575 755 859 882 1000 1236 1448 1622 1864 1931 2278 2515 2695 2957 3017 3288 3501 3547 3613 3864 3892 4045 4048 3893 3854 3857 3538 3505 3385 3140 3000 2898 2606 2448 2219 2104 1905 1824 1601 1519 1328 1237 1118 1023 992 835 748 672 601 578 445 443 396 342 337 291 264 245 206 176 193 143 131 129 89 102 96 75 75 71 55 55 55 46 41 48 32 34 21 16 27 20 19 16 9 8 3 9 11 6 6 4 4 8 8 2 6 2 7 1 1 2 1 3 1 2 0 0 0 0 1 1 2 0 0 0 0 0 0 0 0 0 0 0 
0 0 21 63 81 94 116 222 156 244 333 375 419 488 628 780 924 932 1145 1425 1497 1838 1872 2262 2411 2786 2967 3127 3275 3357 3591 3764 3861 3916 3898 4005 4010 3974 3784 3691 3576 3544 3309 3142 2900 2785 2440 2383 2183 1990 1829 1715 1577 1403 1282 1174 1051 990 871 780 695 592 575 497 452 418 344 321 294 228 211 224 190 144 152 123 121 93 96 79 80 52 54 64 67 44 47 47 45 40 20 32 23 23 13 13 14 11 12 11 9 10 8 10 7 7 7 10 9 5 2 6 6 2 7 2 1 3 4 3 0 2 2 3 2 2 1 0 3 1 1 1 1 0 0 0 0 0 0 0 0 0 
0 0 20 65 79 90 114 167 275 340 288 380 528 656 747 793 914 1187 1495 1408 1667 1893 2224 2337 2513 2771 2956 3288 3390 3542 3702 3798 3960 3808 3972 3926 3869 3844 3602 3582 3407 3246 3021 2923 2704 2608 2260 2152 2033 1834 1755 1664 1456 1272 1232 1111 1014 953 815 724 706 584 560 486 471 405 377 345 310 266 253 231 198 171 174 135 125 117 102 83 89 78 55 57 45 39 34 40 26 28 32 20 14 15 13 18 8 12 9 9 3 7 4 5 4 6 5 1 4 6 1 0 1 0 2 2 1 0 0 1 0 0 0 0 0 0 0 0 0 0 0 
0 0 21 59 78 56 54 97 135 178 251 316 365 467 515 580 717 845 1009 1105 1329 1437 1604 1812 2109 2264 2480 2720 2962 3159 3385 3382 3627 3739 3863 3841 3844 3872 3713 3768 3744 3492 3319 3170 3051 2852 2720 2533 2389 2145 1929 1871 1789 1608 1378 1241 1214 1073 989 879 830 721 616 595 555 508 420 353 366 345 254 250 223 203 185 152 140 139 104 123 111 91 83 65 64 57 40 40 39 39 34 28 30 18 9 24 20 16 15 13 12 17 10 10 6 17 4 5 3 6 10 7 7 2 4 4 3 6 4 3 3 2 1 1 3 1 1 0 1 0 0 1 1 0 0 0 0 1 0 0 0 1 
0 0 25 65 94 103 139 212 242 367 432 492 599 777 884 1038 1269 1456 1676 1924 2065 2219 2563 2948 3044 3294 3479 3657 3880 3934 3935 3979 4092 4028 4032 3837 3753 3539 3476 3327 3141 3093 2842 2660 2468 2338 2058 1902 1751 1635 1489 1392 1275 1097 983 900 807 649 678 600 524 469 419 381 374 262 277 244 220 199 159 174 134 137 100 86 76 80 75 52 54 50 42 31 32 28 30 31 20 9 20 18 19 8 15 10 12 5 4 6 6 3 1 0 5 0 1 3 1 0 0 1 1 0 0 0 1 1 0 0 0 0 0 1 0 0 0 0 0 0 0 0 0 1 0 
0 0 24 64 98 129 118 155 234 277 409 441 483 600 662 896 1048 1169 1283 1498 1779 1947 2237 2373 2620 2941 3092 3233 3517 3616 3796 3950 3966 3966 4029 3985 3942 3687 3699 3477 3363 3180 3057 2778 2642 2431 2311 2100 1965 1773 1740 1572 1360 1268 1166 1036 913 828 760 697 630 548 531 443 423 361 322 300 267 247 209 174 166 144 150 136 98 94 87 92 65 53 51 57 41 34 40 37 28 28 23 20 17 23 11 10 13 11 6 6 11 1 5 4 4 2 4 3 3 1 1 0 1 1 1 1 1 1 1 0 1 1 1 0 0 1 0 0 1 2 2 0 2 0 1 1 1 0 1 0 0 0 
0 0 17 63 78 90 98 109 151 227 212 300 350 507 447 575 664 756 873 990 1155 1344 1460 1672 1847 2062 2303 2553 2671 2890 3030 3269 3379 3634 3689 3647 3721 3750 3609 3723 3706 3602 3349 3293 3172 3047 2901 2661 2465 2244 2172 2040 1828 1646 1558 1448 1304 1231 1074 943 860 805 731 669 551 537 469 404 410 358 315 278 251 250 218 206 171 169 150 106 115 97 95 85 78 61 66 52 40 40 50 38 37 28 21 24 26 16 20 16 14 9 15 9 9 6 8 2 4 6 6 2 2 3 3 4 5 4 3 4 0 3 2 3 2 2 1 2 0 3 0 0 0 0 0 0 0 0 0 0 0 
0 0 20 51 90 78 68 118 192 220 203 297 416 427 470 607 761 931 918 1073 1289 1483 1661 1742 1986 2298 2594 2584 2816 3127 3277 3449 3515 3742 3836 3742 3804 3780 3870 3820 3754 3492 3464 3265 3294 2951 2775 2626 2392 2196 2151 1908 1703 1573 1452 1334 1126 1078 1046 890 795 689 636 594 577 498 429 405 345 320 296 247 230 222 207 163 133 130 129 113 112 91 77 76 59 55 51 51 50 34 34 29 28 31 23 15 24 16 17 13 12 14 9 5 8 6 9 7 5 2 5 2 3 2 5 0 2 0 1 1 0 2 0 1 0 0 0 0 2 0 0 0 0 0 0 0 0 0 0 0 
0 0 24 63 107 97 128 255 253 184 337 384 498 627 699 765 843 988 1167 1495 1575 1690 1966 2172 2527 2688 3025 3191 3336 3565 3634 3744 3916 4025 3851 3957 3951 3804 3787 3694 3452 3306 3158 2929 2913 2749 2488 2261 2113 1917 1811 1620 1500 1326 1272 1145 1032 931 850 776 669 607 557 487 406 407 364 301 287 225 230 205 175 148 153 106 122 99 86 84 70 71 47 49 39 39 38 33 24 24 24 15 19 21 13 19 11 4 10 16 13 8 10 4 6 8 2 5 2 4 2 4 3 2 1 1 2 2 1 1 0 0 1 0 0 0 0 0 0 0 0 0 0 0 
0 0 22 80 99 85 90 121 235 246 259 279 405 484 546 590 650 828 1020 1200 1307 1416 1501 1888 1997 2248 2318 2511 2797 3050 3059 3294 3344 3448 3537 3814 3551 3704 3590 3608 3550 3356 3232 3119 2998 2871 2671 2541 2393 2257 2083 1941 1721 1575 1531 1369 1251 1099 1003 978 847 756 748 606 569 505 505 436 374 377 319 290 251 238 212 183 172 158 133 126 101 95 88 95 65 53 58 59 46 30 32 24 36 21 20 18 15 22 11 15 6 17 5 9 8 14 10 6 2 9 3 2 6 0 3 4 1 3 3 4 3 0 4 1 1 1 2 0 1 0 1 1 0 0 0 0 0 0 0 0 0 0 
0 0 20 59 82 85 93 96 193 242 225 300 439 460 547 710 782 959 1025 1167 1465 1629 1873 1930 2167 2553 2814 2910 3213 3389 3624 3632 3870 3933 4132 3894 3906 3848 3884 3792 3622 3443 3280 3112 3019 2886 2531 2408 2265 2154 1894 1713 1697 1447 1377 1191 1110 1016 822 821 764 673 620 528 438 477 411 367 315 266 236 214 201 181 162 137 105 104 105 95 85 76 63 46 48 47 44 47 44 32 32 23 24 18 23 29 21 12 14 18 8 15 5 13 13 4 4 5 4 4 0 3 3 2 1 4 3 5 1 0 1 1 0 0 0 0 0 0 0 0 0 0 0 
0 0 20 70 83 87 144 210 322 308 383 440 522 732 819 833 879 1137 1441 1623 1694 1877 2048 2320 2627 2809 2957 3158 3225 3474 3511 3629 3732 3857 3687 3789 3718 3635 3539 3272 3242 3125 2995 2841 2595 2427 2259 2156 1841 1807 1663 1570 1441 1271 1130 1071 977 819 789 731 687 576 526 472 446 418 349 312 293 253 209 207 198 177 130 136 115 113 104 109 78 77 56 65 56 45 52 46 37 26 14 24 34 15 16 18 13 10 14 9 11 8 8 5 5 4 6 7 6 3 1 1 3 3 1 0 2 1 0 0 1 0 0 0 0 1 0 0 0 0 0 0 0 0 0 0 0 
0 0 18 46 82 66 50 113 127 161 203 275 340 379 400 564 777 1035 932 1144 1386 1586 1834 2073 2323 2499 2673 2926 3173 3499 3594 3632 3757 3920 4046 3991 3987 3987 3966 3866 3728 3610 3331 3280 3049 2870 2661 2540 2394 2114 1918 1789 1624 1421 1347 1206 1075 1039 910 785 715 640 617 524 481 434 389 325 298 268 232 219 178 176 154 137 124 93 104 67 82 51 61 43 35 34 30 28 30 22 15 12 27 14 9 9 11 11 11 11 10 7 6 5 4 4 3 2 2 2 0 0 0 0 0 0 0 0 0 0 0 
0 0 30 81 104 101 116 221 434 311 392 494 585 657 861 1025 1098 1312 1396 1720 1864 2119 2362 2578 2859 3104 3194 3473 3724 3845 4092 3999 3993 4025 4091 4030 3931 3745 3668 3428 3382 3023 3056 2811 2551 2325 2285 2007 1895 1800 1550 1356 1284 1161 1076 923 866 759 721 667 548 490 472 379 383 339 307 236 213 227 209 172 162 141 154 101 89 81 76 70 66 61 49 51 47 44 37 26 22 20 21 21 15 9 13 13 4 13 10 8 5 3 1 6 3 2 0 1 2 2 1 1 2 0 0 0 0 0 0 0 2 0 0 0 0 0 0 0 0 0 0 0 
0 0 24 85 143 73 95 144 250 300 328 397 535 655 789 817 943 1050 1136 1458 1662 1956 1925 2303 2577 2689 2895 3118 3398 3447 3776 3681 3874 3876 3938 3888 3886 3804 3628 3648 3442 3267 3135 2975 2766 2689 2495 2281 2106 1841 1664 1586 1444 1348 1295 1099 1048 926 816 758 659 601 587 519 434 395 366 332 283 248 245 229 193 164 158 124 111 98 101 79 66 82 61 60 51 38 26 34 29 30 27 26 18 15 15 15 8 18 9 6 7 7 8 6 8 6 2 2 6 4 4 2 1 1 1 2 0 3 0 1 0 0 0 0 2 0 0 0 0 0 0 0 0 0 0 0 
0 0 17 67 85 83 91 176 264 295 376 388 479 564 741 871 1091 1134 1225 1411 1706 2001 2108 2360 2588 2795 3034 3182 3354 3514 3659 3817 3881 3931 3870 3727 3715 3646 3690 3512 3394 3176 2972 2866 2722 2585 2383 2186 2147 1872 1692 1545 1501 1281 1201 1125 987 839 787 737 597 587 524 496 423 365 351 303 248 244 196 208 173 176 122 127 125 90 84 85 72 69 54 54 42 40 51 42 25 30 23 20 22 19 19 8 14 14 7 8 11 5 7 5 7 6 2 2 3 3 2 2 1 4 4 3 1 1 1 2 1 0 1 0 0 0 1 0 0 0 0 0 1 0 0 0 0 0 0 0 1 0 
0 0 24 70 88 88 85 97 142 219 300 340 362 548 606 753 797 940 1111 1204 1475 1688 1962 2151 2274 2524 2861 3133 3278 3341 3451 3692 3703 3857 3807 3879 3961 3832 3645 3647 3459 3323 3242 3066 2871 2730 2545 2366 2180 1975 1838 1662 1540 1425 1281 1145 1053 986 870 800 680 678 557 503 466 400 379 320 288 285 221 209 198 146 168 144 135 113 105 99 85 87 62 56 67 53 42 45 29 16 25 17 15 35 17 19 9 14 12 14 15 13 8 7 5 6 4 7 4 9 5 3 1 5 5 4 0 3 2 2 2 6 3 5 2 1 0 3 0 0 1 5 3 2 0 0 1 3 3 2 2 0 
0 0 15 80 92 79 102 182 188 283 351 414 478 556 719 828 878 1096 1339 1445 1662 1736 2008 2195 2479 2646 2803 3073 3325 3483 3617 3806 3851 3980 3971 3934 3875 3811 3767 3525 3542 3356 3122 2885 2805 2735 2338 2308 2049 1916 1779 1638 1407 1306 1185 1099 1021 950 810 695 634 580 558 484 446 388 306 309 278 252 212 237 204 191 161 123 132 117 99 101 82 66 64 55 56 46 41 42 41 25 31 22 20 19 19 19 14 10 15 14 9 11 7 2 7 2 3 7 4 5 5 0 0 0 2 1 0 0 1 0 0 0 0 0 0 0 0 0 0 0 
0 0 36 78 102 73 82 165 228 275 265 345 477 569 614 743 832 958 1113 1328 1530 1601 1779 1998 2315 2493 2793 2909 3059 3305 3384 3496 3605 3676 3677 3781 3763 3730 3594 3572 3428 3295 3158 3014 2912 2564 2552 2379 2164 1987 1915 1705 1524 1422 1265 1161 1119 964 860 775 721 691 596 545 478 450 413 361 314 277 264 225 219 176 164 152 156 122 118 90 84 96 76 63 62 64 47 51 37 33 30 32 39 21 17 26 14 20 11 22 16 11 11 7 10 7 7 2 10 6 4 4 2 4 3 2 4 1 0 2 0 1 0 1 0 1 0 1 1 4 0 0 0 0 0 0 0 0 0 0 0 
0 0 30 74 107 87 112 181 305 330 355 396 598 718 737 913 1099 1212 1475 1669 1876 2060 2274 2628 2630 2816 3193 3305 3428 3550 3525 3704 3849 3797 3717 3671 3634 3643 3506 3387 3200 3054 2953 2792 2577 2350 2208 2113 1921 1794 1627 1474 1386 1224 1115 1007 936 894 818 721 610 575 499 470 451 391 322 290 284 250 241 200 178 150 130 119 115 91 79 78 75 59 59 69 48 46 38 33 25 20 25 22 14 16 17 5 14 7 7 7 7 6 7 3 8 3 1 3 3 3 2 3 0 2 3 1 1 0 1 0 1 1 0 0 0 1 1 1 0 0 1 0 0 0 0 0 0 0 0 0 0 0 
0 0 31 65 80 100 169 127 236 310 346 399 507 545 702 812 890 1017 1135 1462 1639 1787 1854 2136 2379 2521 2699 2936 3158 3247 3387 3540 3689 3807 3732 3715 3689 3790 3702 3519 3336 3336 3133 2992 2909 2603 2514 2359 2119 1889 1815 1676 1528 1436 1281 1126 1047 933 853 769 734 668 590 523 521 446 366 332 297 305 259 231 212 169 173 157 138 136 127 107 86 80 80 60 68 46 58 32 27 29 34 32 31 18 19 18 16 10 9 13 7 9 6 11 9 5 6 2 5 8 4 2 3 2 1 0 3 0 2 1 0 1 2 2 0 1 0 0 1 0 1 0 0 0 1 1 0 1 0 0 0 0 
0 0 25 78 93 88 112 177 227 302 331 377 469 579 668 782 911 1068 1184 1314 1583 1677 1957 2263 2468 2756 3034 3108 3389 3559 3764 3769 3863 4122 4143 3973 3986 3973 3878 3687 3580 3468 3141 3102 2963 2715 2475 2347 2180 1918 1722 1681 1524 1323 1196 1154 931 914 823 704 716 570 571 463 411 342 398 324 286 232 222 201 205 189 155 131 132 97 100 89 61 70 59 56 38 35 30 27 45 22 22 12 12 19 12 12 7 9 6 3 3 3 7 2 2 3 5 3 1 2 3 1 0 2 1 1 0 0 0 1 0 0 0 0 0 0 0 0 0 0 0 
0 0 20 83 104 91 162 229 218 261 372 426 492 636 735 821 920 1178 1435 1657 1725 1894 2122 2422 2664 2960 3001 3235 3576 3609 3897 3922 3953 4052 4074 4072 3939 3707 3677 3520 3396 3319 3140 2807 2772 2480 2341 2072 1949 1819 1620 1473 1332 1250 1136 1087 861 819 750 639 623 594 494 452 361 384 339 304 243 271 249 212 169 135 133 140 117 98 94 70 65 66 62 59 39 42 30 42 26 24 30 23 22 21 12 13 11 10 10 12 7 7 2 2 2 4 2 3 0 3 2 1 1 0 0 0 0 0 0 0 0 0 0 0 
0 0 16 68 90 73 76 125 157 176 215 304 359 335 408 488 577 684 720 877 1029 1229 1355 1357 1623 1761 2101 2160 2407 2628 2799 2936 3042 3196 3402 3408 3566 3485 3595 3630 3543 3444 3304 3298 3046 3089 2973 2727 2570 2357 2254 2153 2004 1814 1636 1527 1356 1291 1166 1089 1019 926 789 744 697 641 584 502 418 410 394 350 298 273 243 235 196 181 162 135 122 118 99 104 79 71 77 61 57 38 50 38 41 42 24 26 16 30 18 17 15 15 20 16 18 11 11 13 8 8 5 13 7 4 6 1 2 4 2 3 4 2 1 0 3 2 1 2 0 0 1 0 0 0 0 0 0 0 0 0 0 0 
0 0 23 70 98 103 115 192 235 281 305 354 446 564 635 758 871 1008 1167 1310 1498 1706 1933 2076 2427 2510 2718 2866 3093 3196 3389 3549 3576 3822 3799 3786 3824 3810 3734 3665 3592 3346 3107 3108 3028 2702 2628 2334 2261 2186 1906 1747 1656 1441 1375 1280 1096 1025 895 858 749 679 649 578 486 449 401 375 327 329 241 252 204 197 161 156 145 133 111 84 89 70 76 70 51 43 53 38 30 39 23 17 20 18 13 11 9 8 13 9 12 7 5 7 3 7 2 4 4 4 4 1 1 1 1 2 0 0 1 0 0 0 0 0 0 0 0 0 0 0 
0 0 17 69 89 94 98 141 227 303 350 425 492 647 769 893 1039 1018 1225 1564 1685 1977 2084 2267 2527 2803 2987 3296 3350 3679 3747 3855 3881 4006 4020 3869 3835 3830 3550 3523 3336 3165 3106 2903 2670 2495 2327 2162 1959 1876 1636 1542 1457 1282 1197 1100 932 886 846 725 642 564 538 481 467 433 376 331 261 235 220 243 180 177 145 112 109 101 97 95 86 70 58 46 52 40 43 37 25 41 31 21 30 20 16 15 21 16 17 10 14 16 2 5 4 2 2 5 2 1 2 2 0 1 0 0 2 1 1 1 0 0 1 0 0 0 0 0 0 0 0 0 0 0 
0 0 21 62 81 76 75 145 205 274 361 373 426 491 621 694 853 944 1137 1344 1415 1725 1826 1998 2245 2636 2807 2924 3248 3329 3495 3661 3847 3924 3936 4002 3950 3984 3860 3706 3612 3528 3295 3179 2933 2686 2656 2416 2145 2125 1890 1792 1577 1391 1328 1214 1055 907 862 841 734 605 584 500 508 435 387 334 345 266 263 233 192 191 147 143 140 121 82 85 83 72 67 74 52 46 33 35 38 29 31 25 21 12 20 22 5 11 9 10 2 9 6 12 9 4 3 7 6 4 2 2 0 4 2 1 4 2 2 3 3 1 0 1 0 0 0 0 0 0 0 0 0 0 0 
0 0 25 65 95 86 118 182 220 292 347 438 497 526 692 802 988 1147 1328 1505 1647 1848 2122 2303 2548 2905 2996 3259 3479 3588 3679 3807 3895 4035 4080 3979 3992 3916 3681 3708 3419 3325 3010 2962 2820 2623 2378 2188 1969 1892 1753 1509 1463 1275 1172 1054 978 848 792 658 644 558 516 447 388 341 330 294 267 246 212 216 163 147 115 115 116 94 81 77 66 60 50 54 32 31 37 30 24 19 21 14 17 20 10 12 9 8 8 4 8 6 4 11 4 1 5 4 3 2 5 1 2 3 3 2 3 3 3 3 1 3 3 2 1 1 2 2 2 1 2 1 0 0 0 0 1 0 1 0 0 0 
0 0 26 64 85 79 132 220 155 217 351 519 445 513 711 842 1107 1206 1311 1538 1630 1940 2079 2375 2710 2829 3106 3204 3438 3709 3866 3845 3986 3844 4047 3993 3968 3868 3779 3734 3396 3193 3084 2891 2887 2561 2303 2162 2051 1875 1755 1554 1393 1372 1149 1076 995 839 791 709 619 573 514 461 403 369 334 288 271 219 184 166 166 128 115 110 83 83 87 76 54 39 51 49 40 34 27 30 24 27 20 19 15 16 10 11 15 9 9 6 7 5 9 4 5 3 5 6 1 2 2 1 2 1 0 0 2 0 0 0 1 1 1 0 1 0 1 0 0 0 0 1 0 0 0 0 1 0 0 0 0 0 
0 0 24 71 80 123 74 145 204 223 253 334 427 472 535 612 797 974 1083 1174 1326 1567 1751 1941 2144 2458 2625 2884 3079 3186 3434 3606 3746 3825 3972 3868 3995 3981 3839 3799 3731 3540 3405 3291 3079 2931 2775 2552 2470 2153 1971 1824 1718 1625 1397 1237 1195 1045 901 866 766 725 658 545 510 439 421 360 338 307 264 233 212 199 187 182 121 143 115 100 87 74 81 46 53 39 38 40 39 29 25 25 32 23 21 28 23 14 16 18 10 9 6 4 8 7 4 4 4 0 3 5 2 3 3 0 3 2 3 0 3 0 2 0 0 0 3 0 0 0 0 0 0 0 0 0 0 0 
0 0 22 62 72 78 76 144 270 242 294 323 531 525 629 701 862 1026 1163 1273 1506 1635 1948 2093 2361 2570 2715 3182 3281 3512 3735 3716 3987 4033 3970 4076 4060 4004 3893 3854 3619 3488 3387 3119 2937 2796 2591 2396 2133 2029 1895 1739 1576 1404 1290 1169 1049 965 888 782 718 615 557 463 436 443 406 333 303 240 239 218 205 168 152 137 108 106 101 86 79 76 60 68 45 31 35 34 32 30 19 20 16 15 10 10 11 9 9 5 8 5 9 7 5 3 7 6 8 3 3 2 3 1 6 2 0 2 1 2 1 0 3 1 0 1 1 1 0 0 1 1 0 2 0 1 1 0 1 1 0 1 
0 0 22 54 97 73 87 97 140 242 264 316 335 350 461 542 637 763 922 950 1120 1373 1564 1801 1824 2144 2405 2485 2712 2820 2997 3312 3546 3612 3704 3762 3707 3787 3687 3706 3590 3366 3393 3233 3030 2815 2747 2621 2424 2314 2109 1964 1696 1709 1607 1363 1263 1142 1043 1020 817 733 666 642 537 552 489 392 372 356 320 272 230 237 200 168 176 141 130 112 98 98 91 78 70 62 59 55 35 45 36 24 26 24 23 22 18 22 20 15 11 16 5 18 11 13 9 9 5 7 5 8 5 1 4 7 5 2 4 3 4 2 1 1 2 1 3 2 0 1 2 0 0 1 0 1 1 0 0 1 0 0 
0 0 19 46 83 76 71 79 188 263 288 283 378 467 562 676 843 938 1133 1354 1410 1599 1883 2062 2350 2608 2660 2821 3025 3356 3440 3669 3657 3755 3814 3939 3967 3824 3677 3708 3416 3429 3336 3130 2947 2662 2595 2407 2329 2103 1918 1798 1666 1526 1396 1270 1171 1023 932 870 830 650 643 524 494 466 416 373 343 322 245 239 208 187 178 132 140 122 112 101 78 73 69 50 46 48 34 39 25 25 27 18 26 19 15 9 11 11 15 5 6 8 6 3 2 2 1 2 3 3 1 1 2 3 0 1 0 1 2 3 2 0 0 1 1 1 0 1 0 0 1 1 0 1 0 1 1 0 0 0 0 0 
0 0 35 71 90 87 93 134 177 216 244 300 424 453 515 634 777 910 982 1019 1233 1411 1596 1875 1921 2179 2226 2625 2843 3050 3247 3246 3397 3685 3705 3738 3627 3785 3639 3705 3557 3502 3282 3291 3075 2933 2729 2530 2447 2307 2138 1947 1854 1718 1473 1434 1195 1156 1025 933 866 831 691 650 588 520 475 465 375 366 297 271 267 229 198 190 156 161 122 118 90 95 88 76 63 66 59 48 51 36 27 29 32 24 16 23 13 18 9 13 11 10 8 6 7 5 5 3 4 8 4 1 3 3 2 2 1 0 1 0 0 0 0 0 0 0 0 0 
0 0 23 64 99 87 99 161 221 300 294 368 482 511 670 694 893 988 1231 1381 1605 1692 1896 2162 2480 2766 2961 3100 3301 3426 3726 3846 4028 4020 3842 4005 4002 3952 3866 3593 3549 3348 3307 3014 2776 2608 2533 2343 2107 1937 1781 1656 1551 1319 1289 1172 1018 852 872 777 687 635 566 484 472 403 349 300 265 241 225 186 179 158 147 104 119 113 91 62 67 69 78 46 35 45 48 40 28 25 32 26 16 21 13 15 13 12 7 7 4 6 12 7 1 1 6 5 1 4 4 4 2 0 2 1 0 0 0 0 1 0 0 1 0 0 0 0 0 0 0 0 0 0 0 
0 0 25 66 106 96 77 128 201 234 272 305 358 431 527 643 792 952 989 1159 1355 1486 1654 1814 2117 2392 2647 2811 2958 3190 3372 3625 3751 3682 3876 3990 3862 3891 3863 3665 3668 3591 3373 3170 3027 2939 2637 2571 2368 2218 2006 1830 1631 1588 1449 1306 1195 1001 981 865 770 677 663 568 556 466 420 341 311 299 294 228 201 184 161 161 144 118 98 95 81 72 72 54 43 50 45 36 44 33 27 32 25 23 15 23 12 11 17 10 11 9 9 9 11 8 10 5 5 4 5 4 3 1 1 3 3 0 3 2 0 0 0 0 0 3 0 0 1 1 1 0 1 0 0 0 0 0 0 0 0 0 
0 0 28 48 92 77 94 139 179 239 370 452 489 497 611 800 932 1104 1241 1302 1536 1685 1860 2105 2261 2447 2653 2788 3035 3334 3435 3616 3698 3674 3715 3986 3877 3950 3712 3572 3523 3384 3237 3029 2883 2698 2529 2353 2188 2030 1896 1715 1578 1480 1259 1248 1083 1028 887 779 765 670 616 525 474 421 355 343 325 274 258 233 226 191 142 153 141 128 112 91 102 87 83 71 63 64 50 53 58 36 31 24 29 36 35 18 19 12 20 15 13 9 10 8 7 7 4 4 3 3 4 4 4 0 2 2 1 3 1 2 1 0 1 0 1 0 1 0 0 0 0 0 0 0 0 0 0 0 
0 0 15 63 78 93 97 130 184 224 312 317 440 478 590 703 821 928 1105 1342 1665 1730 1809 2095 2421 2676 2772 2827 3172 3382 3504 3509 3665 3836 3893 3986 3696 3755 3701 3612 3470 3462 3170 3018 2958 2659 2544 2414 2169 2019 1882 1673 1562 1431 1350 1156 1090 937 855 815 746 666 617 540 449 429 376 353 305 277 261 211 185 178 138 137 142 132 93 92 84 68 68 60 62 43 32 36 39 29 29 28 18 21 16 18 8 15 13 17 4 7 9 10 2 6 8 4 9 4 3 5 8 2 6 3 4 3 1 3 2 0 2 1 1 0 0 1 0 1 0 0 0 0 0 0 0 0 0 1 0 
0 0 20 67 96 97 88 104 192 351 424 326 414 622 639 793 875 1218 1232 1389 1706 1868 2103 2311 2448 2696 2909 3266 3489 3493 3751 4018 3964 3950 4093 3965 3998 3842 3701 3665 3547 3343 3169 2950 2824 2694 2400 2303 2111 1852 1755 1599 1490 1336 1186 1105 963 921 838 742 683 613 517 512 427 419 379 323 305 231 226 197 178 153 140 119 101 101 89 81 59 53 47 53 44 28 28 22 19 23 14 17 13 12 9 10 8 16 8 3 6 6 10 4 5 7 7 3 4 5 4 2 3 4 0 2 1 4 1 0 2 1 0 0 0 0 0 0 0 0 0 0 0 
0 0 40 77 103 109 108 176 247 282 271 466 591 542 657 964 1034 1161 1215 1488 1805 1995 2384 2381 2541 2858 3142 3273 3447 3538 3590 3767 3820 3890 3853 3915 3668 3695 3715 3421 3357 3202 3012 2954 2636 2499 2296 2166 2013 1819 1709 1595 1389 1287 1179 1082 965 912 813 738 679 584 544 495 434 374 353 322 266 250 230 218 182 180 161 131 136 101 85 90 85 77 53 55 62 43 54 47 39 30 33 24 26 27 17 22 16 16 16 20 17 11 10 6 6 10 6 10 3 8 2 5 2 4 1 1 0 2 0 3 1 1 0 0 2 1 0 1 0 0 1 0 0 0 0 0 1 0 0 1 0 0 
0 0 27 77 87 100 108 141 233 324 275 291 437 599 735 724 866 1130 1188 1276 1424 1604 1919 2127 2380 2487 2563 2935 3197 3409 3490 3623 3786 3882 3958 3957 3942 3829 3812 3703 3433 3436 3237 3086 2911 2717 2525 2359 2179 1999 1902 1760 1514 1462 1300 1206 1045 972 910 799 796 700 645 546 504 447 422 355 321 274 280 244 199 207 183 136 135 108 129 88 94 86 68 58 46 47 38 36 32 29 29 14 18 19 13 15 10 6 11 3 5 6 8 1 2 3 1 2 3 4 1 1 1 0 3 1 3 0 1 0 1 1 0 2 0 0 1 0 0 1 0 0 0 1 1 0 0 0 0 0 0 0 
0 0 22 80 122 96 129 243 380 397 381 496 610 728 901 1016 1203 1250 1514 1663 1968 2162 2371 2538 2777 2988 3120 3347 3585 3775 3772 3827 3880 3974 4022 3951 3934 3804 3535 3384 3293 3196 3059 2754 2598 2354 2233 2096 1918 1699 1613 1409 1350 1195 1092 933 861 813 727 619 599 502 448 450 377 339 295 299 210 219 219 149 165 163 131 115 113 80 98 65 67 61 55 43 43 33 27 30 22 19 24 10 17 10 9 9 4 9 10 8 4 3 6 6 5 4 2 2 4 1 2 1 1 1 2 1 0 1 1 2 0 0 0 1 0 0 0 1 0 0 1 0 0 0 0 0 0 0 0 0 0 0 
0 0 28 76 82 113 87 133 219 263 307 425 406 475 800 847 882 1019 1208 1453 1596 1840 1967 2215 2460 2708 2844 3114 3271 3469 3673 3716 3882 3961 4043 3909 3935 3903 3708 3648 3556 3376 3237 2998 2817 2652 2464 2346 2086 1998 1764 1711 1437 1418 1201 1147 1058 971 843 803 690 609 547 571 419 388 389 294 314 237 238 192 165 174 154 119 115 95 87 96 67 48 49 54 44 27 35 39 26 22 26 21 23 13 15 7 12 12 10 6 8 8 8 3 2 4 3 4 3 3 0 1 1 2 0 0 0 0 1 1 0 0 0 0 0 0 1 0 0 0 0 1 0 1 0 0 0 0 0 0 0 0 
0 0 23 60 71 75 84 140 208 234 231 319 394 555 624 730 803 933 1082 1271 1365 1566 1694 1914 2208 2468 2654 2871 2993 3273 3394 3577 3723 3774 3830 3816 3883 3836 3824 3795 3652 3658 3302 3101 2958 2930 2816 2474 2291 2124 1928 1766 1724 1479 1377 1242 1033 1034 907 821 772 693 607 515 477 480 410 400 338 277 251 214 216 192 161 122 137 132 123 99 79 73 71 58 77 51 47 45 38 36 37 30 23 21 16 17 21 10 15 6 6 12 7 6 3 5 5 4 2 2 3 2 2 0 2 3 2 2 1 2 2 1 0 1 1 1 1 1 0 0 2 1 1 1 0 0 0 0 0 0 0 0 
0 0 26 60 109 79 97 158 234 371 267 373 434 510 635 802 872 890 1079 1279 1528 1662 1708 1918 2275 2478 2647 2835 2963 3181 3284 3515 3573 3632 3698 3614 3903 3771 3721 3496 3436 3348 3244 3021 2836 2749 2462 2341 2168 2149 1928 1692 1636 1426 1319 1180 1076 981 839 821 759 646 578 535 521 409 380 355 321 280 251 250 211 192 170 150 135 110 99 89 89 71 66 62 57 47 43 43 38 35 29 29 21 24 19 8 16 16 16 10 13 5 13 9 13 10 9 11 4 1 5 5 6 6 3 6 6 1 2 2 5 1 2 0 1 0 0 2 0 1 0 2 1 0 0 1 0 0 0 1 0 0 
0 0 25 78 104 91 104 128 218 252 307 425 347 464 645 772 907 978 1182 1337 1647 1897 2021 2171 2519 2763 3096 3221 3440 3618 3840 3933 3916 4055 4184 4168 3996 3803 3756 3699 3598 3430 3108 2953 2776 2685 2413 2235 2110 1920 1755 1652 1454 1402 1244 1129 980 926 749 742 618 583 518 491 437 381 309 312 220 240 190 201 185 148 129 97 107 93 95 80 59 64 46 46 42 38 45 31 24 21 29 20 15 11 18 18 7 11 12 13 8 17 12 10 7 8 8 8 6 2 5 3 3 5 1 0 2 4 1 1 1 2 0 0 1 0 3 0 2 0 0 1 1 0 0 0 0 0 0 0 0 0 
0 0 21 87 96 76 101 164 174 247 260 394 372 448 585 720 818 901 1045 1180 1372 1563 1722 2097 2301 2476 2612 2729 2991 3318 3333 3622 3638 3714 3774 3949 3810 3844 3719 3639 3533 3337 3202 3155 3032 2814 2578 2324 2230 2110 1958 1796 1644 1505 1324 1266 1153 1057 929 896 741 673 616 581 527 458 443 398 363 309 273 249 215 205 191 165 148 119 109 108 95 99 60 68 67 49 42 44 36 29 23 26 16 24 16 19 20 12 12 10 7 16 11 8 9 9 6 7 3 3 2 4 2 2 1 2 2 1 2 1 0 0 1 2 3 2 0 2 0 2 2 1 1 0 0 0 0 1 0 0 0 0 
0 0 29 76 90 104 99 192 251 268 311 428 591 555 546 685 919 1111 1256 1331 1427 1702 1866 2212 2347 2400 2592 2946 3331 3470 3462 3615 3774 3941 3931 3993 3735 3720 3741 3668 3572 3323 3183 3062 2863 2724 2569 2395 2192 1993 1804 1690 1556 1357 1301 1140 1049 965 832 769 778 649 561 513 480 439 346 365 307 290 260 219 187 192 179 158 149 130 111 105 83 91 65 72 52 42 37 47 33 17 22 23 23 23 20 19 13 17 9 4 10 9 9 6 4 4 3 3 2 2 2 2 0 0 0 0 0 0 0 0 0 0 0 
0 0 29 79 85 84 91 162 244 180 226 381 533 538 676 717 876 1067 1192 1365 1609 1772 1945 2075 2286 2633 2804 3016 3242 3407 3501 3666 3706 3852 3795 3789 3923 3779 3673 3554 3481 3360 3259 2972 2770 2630 2402 2293 2153 1977 1833 1634 1523 1365 1344 1172 1111 959 871 778 714 598 595 550 459 448 376 325 304 291 260 231 210 163 151 134 129 114 86 88 68 66 67 60 59 44 35 50 23 33 30 29 20 13 20 24 17 16 10 14 8 10 14 8 6 3 7 3 2 4 4 1 1 2 2 2 3 1 0 4 1 1 0 0 1 1 1 0 1 1 1 0 0 0 0 0 0 0 0 0 0 0 
0 0 21 74 77 120 76 143 195 249 287 349 386 494 611 673 739 835 964 1190 1427 1565 1791 1986 2207 2340 2755 2988 3113 3257 3410 3709 3765 3855 3786 3964 3853 3789 3732 3685 3537 3383 3288 3171 2970 2811 2625 2321 2308 2132 2053 1740 1548 1538 1352 1286 1162 1122 960 871 777 731 689 626 500 461 450 368 346 308 268 235 239 194 164 157 133 126 117 94 87 73 68 59 57 39 44 40 35 28 37 23 14 25 21 14 18 14 10 14 5 8 9 5 10 4 5 3 3 6 1 4 6 2 4 3 5 3 1 3 1 4 3 1 3 0 0 1 4 2 0 0 0 2 0 0 0 0 0 0 1 0 
0 0 21 47 90 88 109 152 296 235 261 354 477 522 582 622 824 962 1049 1239 1369 1531 1731 1907 2202 2404 2704 2758 2955 3197 3285 3376 3652 3550 3716 3822 3872 3769 3780 3544 3508 3438 3297 3083 2941 2877 2628 2341 2364 2130 1891 1869 1771 1491 1376 1314 1208 1101 936 893 792 709 691 570 523 443 420 375 352 306 260 237 204 184 163 151 112 140 138 92 79 70 65 76 73 42 48 46 38 25 30 20 31 18 15 17 11 18 7 9 3 5 13 5 3 6 3 1 2 5 3 3 0 2 3 0 1 1 0 1 0 0 0 0 0 1 0 0 0 0 0 1 0 0 0 0 0 0 0 0 0 0 
0 0 23 59 90 88 105 147 215 334 343 303 401 487 676 770 892 943 1059 1308 1554 1725 2007 2112 2514 2624 2882 3087 3201 3509 3648 3866 3986 4074 4078 4100 4011 3923 3891 3738 3515 3437 3318 3129 2953 2771 2576 2354 2187 1974 1844 1636 1575 1425 1276 1166 1086 905 856 759 723 662 584 505 440 424 373 331 290 258 217 215 184 167 145 133 94 115 102 76 78 68 54 70 53 49 36 42 35 29 24 18 22 20 19 16 14 12 15 8 10 11 7 4 5 8 6 7 2 1 2 4 2 3 3 0 6 0 1 1 0 3 1 1 1 0 0 0 1 0 0 0 0 0 0 0 0 0 0 0 
0 0 24 78 121 97 81 141 216 315 358 349 496 510 684 777 853 1009 1185 1367 1532 1706 1857 2132 2373 2559 2743 2957 3231 3414 3535 3700 3732 3753 3864 3732 3812 3870 3830 3654 3610 3352 3150 3006 2825 2762 2479 2337 2135 2037 1805 1749 1608 1395 1310 1239 1085 987 912 785 705 636 591 537 473 434 412 348 300 280 238 236 237 199 175 138 129 126 134 97 89 78 70 83 74 61 45 50 42 39 33 34 26 20 17 21 16 12 11 9 7 12 7 7 2 4 0 4 3 2 1 0 0 0 0 1 0 0 0 0 0 0 0 0 0 0 0 
0 0 21 81 94 113 157 159 271 333 337 355 514 667 810 874 927 1186 1352 1492 1666 1873 2030 2304 2505 2835 2920 3215 3392 3600 3697 3772 3975 3965 4031 3937 3801 3815 3827 3611 3427 3259 3084 3044 2717 2502 2431 2254 2083 1910 1721 1552 1500 1341 1250 1017 1045 917 823 746 662 638 590 497 437 386 362 301 289 256 213 229 174 136 159 143 112 88 81 84 71 65 39 47 50 40 32 30 29 17 15 25 17 23 7 10 8 8 3 5 6 6 10 2 2 3 3 4 3 2 2 2 2 2 1 4 1 1 1 0 2 3 1 1 0 0 1 0 0 0 0 0 0 0 0 0 0 0 
0 0 23 61 86 86 91 182 227 217 285 365 373 457 616 765 823 933 1204 1283 1447 1732 1811 1960 2261 2539 2759 2787 3108 3306 3551 3612 3793 3935 3972 3863 4006 3923 3785 3704 3624 3392 3278 3035 2894 2722 2646 2459 2216 1937 1923 1750 1614 1426 1341 1212 1084 1005 853 813 731 683 585 499 497 451 400 372 288 307 254 228 210 184 162 136 121 106 99 76 77 68 57 47 51 47 29 32 25 33 25 15 13 18 11 15 8 10 11 5 4 1 3 5 0 3 2 2 0 0 0 0 1 1 0 0 0 0 0 0 0 0 0 0 0 
0 0 25 87 106 105 107 149 302 265 281 387 495 528 709 717 783 1023 1179 1399 1544 1696 1936 2130 2424 2552 2670 3025 3318 3398 3430 3584 3737 3944 3879 3953 3825 3971 3768 3722 3478 3424 3258 2955 2851 2703 2611 2377 2184 2005 1831 1650 1525 1473 1285 1158 1008 910 835 778 717 613 546 485 433 421 341 329 311 298 226 201 174 192 168 134 112 97 97 92 92 67 61 67 56 53 43 38 52 36 26 26 19 21 13 17 19 10 22 13 13 7 3 8 6 8 5 1 3 3 2 2 2 1 1 0 0 1 2 0 0 0 0 1 0 0 0 1 0 0 0 1 0 1 1 1 0 0 0 0 0 0 
0 0 21 61 101 82 79 127 190 241 277 275 387 578 690 739 776 919 1104 1265 1432 1603 1736 1947 2188 2443 2614 2835 3089 3241 3565 3713 3725 3724 3866 3871 3785 3810 3704 3661 3579 3377 3197 3038 2929 2678 2625 2448 2247 2142 1891 1864 1698 1476 1385 1267 1122 1050 971 855 729 701 597 584 510 464 424 368 356 285 258 257 226 196 167 153 151 139 121 131 92 84 97 81 67 55 56 42 38 25 48 38 22 22 18 21 15 26 14 16 21 14 7 8 7 7 6 6 4 3 2 2 2 1 3 5 1 2 3 0 2 2 0 1 0 0 0 1 1 0 0 0 0 0 0 0 0 0 0 0 
0 0 20 81 80 100 104 155 146 208 320 442 453 532 635 835 953 1105 1286 1349 1586 1776 2007 2349 2514 2673 2841 3025 3308 3483 3653 3543 3852 3881 3877 3871 3826 3793 3820 3695 3553 3256 3223 2962 2863 2558 2437 2259 2192 1985 1824 1650 1506 1351 1282 1160 1033 942 833 747 655 594 546 442 452 407 309 318 280 259 203 195 189 178 135 123 114 92 94 81 57 63 53 45 47 35 30 33 25 18 28 21 16 24 14 11 17 8 8 9 6 5 7 6 1 4 7 3 3 2 2 1 1 2 0 2 3 1 0 2 1 1 0 0 1 0 1 1 0 0 2 1 1 0 0 0 0 0 1 0 0 0 
0 0 10 49 84 100 64 162 237 221 241 307 437 528 535 662 848 981 1113 1364 1481 1587 1806 2102 2201 2475 2711 2862 3147 3300 3504 3821 3806 3891 4014 4134 4030 3988 3799 3823 3548 3522 3341 3139 2970 2819 2674 2332 2312 2070 1942 1685 1631 1469 1375 1263 1039 985 890 837 708 652 558 508 438 411 382 302 294 279 239 198 179 176 182 138 127 107 116 91 63 70 65 50 46 43 35 32 18 19 26 19 17 11 12 9 8 17 7 7 13 5 4 6 5 4 6 3 2 5 3 5 2 0 5 2 5 0 1 2 0 0 1 2 0 0 0 1 1 0 0 0 0 0 0 0 0 0 0 0 
0 0 21 63 97 75 70 106 174 268 281 311 337 419 567 580 744 871 898 1089 1243 1395 1528 1786 1974 2208 2348 2531 2688 2940 3137 3327 3540 3578 3582 3727 3671 3681 3743 3646 3576 3551 3400 3223 3186 2882 2797 2622 2353 2109 2072 1922 1778 1627 1450 1313 1225 1128 1017 905 847 698 650 620 519 485 413 409 350 353 275 267 189 197 186 168 162 136 103 84 95 82 85 67 59 59 43 42 51 45 21 29 29 20 23 17 12 17 12 10 11 6 6 3 8 3 5 6 2 4 2 2 3 5 3 3 2 3 5 2 1 1 2 2 1 2 1 0 0 0 0 0 2 0 0 1 0 0 0 0 0 0 
0 0 23 70 111 91 88 109 189 262 297 400 453 482 587 737 872 891 1114 1323 1476 1676 1803 2125 2286 2571 2762 2919 3185 3373 3512 3739 3916 3861 3856 3908 4000 3919 3831 3679 3601 3387 3234 3045 2843 2784 2626 2341 2183 2039 1876 1747 1514 1352 1293 1184 1051 906 884 770 643 652 607 509 457 424 327 326 279 227 246 220 197 154 150 127 108 99 111 81 63 77 65 62 53 44 34 43 23 38 30 30 25 24 28 23 17 13 13 19 11 10 11 9 6 10 6 7 8 4 7 5 3 3 4 1 0 1 2 1 1 0 2 1 1 0 0 1 2 1 0 0 0 1 1 1 0 0 1 0 0 0 
0 0 20 58 99 85 84 192 202 214 268 363 448 496 659 659 844 878 1157 1325 1403 1667 1927 2237 2400 2504 2726 3072 3264 3413 3524 3719 3803 3969 4105 4014 3895 3799 3848 3672 3529 3423 3246 2943 2844 2580 2647 2308 2131 1988 1786 1668 1593 1472 1305 1123 1077 981 921 781 706 628 581 540 439 436 377 297 305 308 233 232 188 177 166 127 132 103 102 95 59 69 70 63 48 40 39 41 35 25 24 30 20 16 12 12 11 8 8 9 7 8 5 4 4 4 7 5 4 3 3 4 3 5 3 1 0 2 1 2 2 0 0 0 0 3 0 0 0 2 1 0 0 0 1 0 0 1 0 0 1 0 
0 0 28 63 74 79 69 131 199 241 298 343 435 598 749 802 868 979 1282 1441 1577 1727 1964 2232 2462 2626 2839 3044 3305 3589 3636 3820 3828 3932 4038 3907 4032 3764 3739 3625 3528 3366 3180 3115 2927 2659 2422 2343 2146 1954 1772 1565 1470 1342 1256 1124 996 875 837 762 641 611 566 512 437 380 382 345 302 246 206 223 195 172 152 141 122 105 113 79 79 65 59 59 50 43 54 34 35 37 21 22 28 21 11 16 17 8 9 12 7 4 8 8 6 5 6 4 4 5 1 2 3 1 3 2 0 1 2 2 1 0 1 1 1 1 0 0 1 2 0 0 0 0 0 1 0 0 0 0 0 0 
0 0 19 62 91 86 86 210 320 290 342 507 716 735 731 860 1038 1333 1554 1567 1862 2077 2246 2440 2814 2994 3043 3287 3604 3692 3769 3827 3934 3940 4016 4004 3836 3712 3707 3597 3324 3161 2950 2741 2588 2442 2289 2042 1884 1711 1610 1501 1404 1203 1086 1013 875 865 775 677 588 596 496 457 415 343 340 305 258 243 199 202 160 165 139 119 93 89 89 74 76 56 64 55 46 51 27 40 27 28 28 18 24 8 16 14 13 19 14 9 11 6 13 4 6 4 3 1 3 5 3 1 0 2 3 1 1 0 2 1 0 0 1 1 4 0 0 0 1 1 0 0 1 1 0 0 1 2 3 0 0 0 
0 0 27 68 81 83 77 88 184 224 297 280 366 478 639 654 737 915 1161 1309 1495 1650 1837 2213 2358 2616 2805 3103 3284 3447 3562 3595 3797 3916 4018 4070 4054 3831 3802 3761 3717 3429 3361 3131 2961 2752 2598 2400 2277 2102 1905 1689 1600 1458 1286 1221 1178 1038 861 797 724 703 642 523 495 464 396 363 302 256 280 236 195 183 125 150 133 109 73 91 61 64 58 56 45 40 34 26 37 32 24 20 17 15 19 19 17 7 14 9 11 6 10 5 5 6 4 3 2 5 3 3 4 5 2 3 4 3 1 2 1 0 1 0 0 0 0 1 0 0 0 0 0 0 0 0 0 0 0 
0 0 33 90 116 73 86 161 247 263 374 322 382 582 708 788 865 1167 1225 1483 1570 1900 2222 2221 2470 2632 3080 3132 3450 3549 3820 3969 3977 4080 4072 3970 4015 3884 3826 3658 3640 3292 3162 3084 2915 2637 2477 2344 2109 1903 1783 1573 1382 1342 1220 1056 927 887 786 725 640 561 560 478 419 356 360 306 284 233 224 195 175 149 159 128 117 80 69 95 78 75 75 37 47 49 38 36 26 26 22 27 17 8 11 12 12 8 8 11 3 5 11 0 9 4 5 3 2 3 4 2 0 2 1 1 1 1 0 0 3 0 0 0 0 0 0 0 0 0 0 0 
0 0 18 73 117 99 105 175 223 312 289 403 428 542 656 795 798 999 1178 1372 1509 1697 1838 2113 2326 2467 2741 2937 3155 3330 3392 3602 3662 3891 3872 3856 3809 3878 3881 3707 3594 3489 3222 3047 3010 2795 2506 2342 2178 2006 1834 1743 1560 1485 1213 1158 1052 950 863 788 732 601 596 530 495 440 382 337 312 249 240 235 210 196 162 149 117 119 104 108 87 91 72 66 76 52 50 36 33 34 32 24 23 23 19 12 14 11 10 6 3 7 7 8 1 1 5 4 2 1 1 2 1 2 1 4 2 2 0 1 1 1 1 1 3 0 0 1 1 1 0 0 0 1 0 0 0 0 0 1 1 0 
0 0 15 62 76 90 90 124 178 307 341 330 366 544 751 761 887 1048 1188 1318 1575 1632 1883 2142 2285 2449 2630 2910 3065 3204 3340 3500 3602 3664 3732 3660 3682 3653 3582 3513 3478 3363 3269 2966 2869 2760 2518 2400 2261 2154 1948 1775 1601 1514 1407 1251 1082 944 914 781 768 699 611 508 532 445 449 368 307 276 250 262 239 189 167 170 150 132 115 107 102 75 66 64 55 63 43 49 54 37 34 26 22 24 18 26 15 16 11 15 10 15 11 9 7 6 8 11 5 4 6 3 1 5 5 4 4 1 2 1 2 0 1 2 0 1 0 2 0 0 0 0 0 0 0 0 0 0 0 
0 0 26 88 135 114 109 172 224 265 328 383 400 578 707 935 903 1065 1307 1412 1686 1878 2062 2271 2652 2848 3007 3231 3413 3545 3710 3817 3869 4000 3919 4001 3972 3854 3795 3618 3358 3382 3174 3054 2839 2586 2393 2318 2152 1863 1738 1576 1433 1321 1268 1056 976 870 816 778 708 584 572 495 431 404 395 322 318 272 247 207 197 184 158 146 122 98 110 96 80 67 59 47 57 46 41 38 28 30 32 19 19 12 12 17 9 17 12 9 14 9 10 7 4 5 3 10 5 2 3 1 2 1 1 0 2 0 0 0 0 0 0 1 0 0 0 0 0 0 0 0 0 0 0 
0 0 16 59 107 85 80 130 233 278 230 306 449 422 522 593 738 788 910 1003 1222 1340 1711 1735 1946 2160 2317 2688 2898 3059 3241 3270 3514 3639 3860 3898 3846 3829 3747 3884 3650 3444 3368 3187 3188 2878 2772 2669 2343 2299 2031 1914 1840 1646 1506 1371 1180 1117 1026 947 836 782 755 576 516 521 482 398 373 318 279 278 227 205 202 170 178 146 132 106 108 97 83 70 51 71 47 44 37 52 36 30 28 21 26 13 18 17 12 14 13 5 16 8 6 8 7 6 7 3 1 3 3 4 3 6 3 0 2 1 2 1 1 0 1 0 0 0 0 1 0 0 0 0 1 1 0 0 0 0 0 0 
0 0 27 77 106 93 89 107 201 290 377 428 472 506 679 943 995 1058 1314 1463 1830 2019 2097 2334 2553 2803 3132 3228 3433 3604 3663 3789 3901 3965 3782 3879 3850 3700 3560 3529 3311 3300 3162 2767 2656 2554 2350 2211 2077 1851 1669 1641 1526 1322 1267 1092 977 909 831 744 678 608 515 511 428 369 353 327 280 218 219 214 170 172 141 119 98 108 88 82 66 61 40 44 37 32 28 34 26 22 27 26 14 15 19 13 19 11 11 10 14 10 5 7 8 3 4 6 2 2 1 5 0 2 1 0 0 0 1 0 2 0 0 1 0 1 0 1 0 0 0 1 0 0 0 0 0 0 1 0 0 0 
0 0 22 73 93 91 96 179 230 309 377 495 657 737 889 943 1149 1317 1462 1711 1951 2230 2459 2500 2779 2874 3273 3402 3506 3678 3687 3754 3947 3902 3959 3891 3687 3682 3403 3471 3345 3069 2967 2831 2635 2373 2210 2068 1928 1696 1529 1426 1353 1194 1094 968 929 818 755 686 601 562 479 428 382 347 302 285 279 228 201 170 174 156 141 105 98 111 84 84 59 60 54 51 41 35 35 30 25 21 22 22 13 17 15 11 11 7 6 9 7 6 6 6 9 0 6 4 2 3 3 0 2 0 2 1 2 0 0 0 0 1 0 0 0 0 1 0 0 0 0 0 0 0 0 0 0 0 
0 0 20 74 87 85 134 117 180 294 349 413 444 503 656 763 946 1120 1228 1485 1744 1885 2128 2357 2655 2927 3188 3345 3588 3573 3934 3981 4041 4160 4218 4035 4034 4070 3864 3854 3507 3426 3209 3050 2936 2628 2335 2289 2067 1882 1736 1546 1463 1319 1209 999 959 903 790 670 611 556 498 470 404 332 327 278 256 215 208 171 162 158 137 141 113 101 71 85 57 69 56 52 37 34 32 22 21 20 32 20 17 12 11 13 11 13 7 12 11 6 9 5 5 6 5 5 4 1 0 0 1 2 1 0 1 0 0 0 0 0 0 0 0 0 0 0 
0 0 25 77 108 115 113 183 198 333 394 504 470 544 688 931 944 1140 1291 1465 1683 1790 2141 2517 2766 2947 3002 3225 3389 3573 3832 3949 4079 3960 4047 3934 3947 3931 3764 3521 3407 3373 3050 2976 2708 2640 2463 2198 1989 1883 1731 1618 1444 1334 1201 1095 967 859 824 732 680 603 514 443 411 403 314 309 287 228 217 185 176 158 123 117 108 89 79 76 77 69 72 60 50 58 40 46 35 42 30 26 23 18 21 10 19 12 14 13 5 14 13 7 7 5 6 6 5 5 1 3 2 1 0 3 1 5 2 0 1 2 2 0 0 1 0 0 0 0 0 0 0 0 0 0 0 
