0 0 0 0 0 0 0 0 0 1 0 0 0 3 1 2 4 1 1 5 4 6 2 4 7 12 13 17 16 12 27 30 30 30 30 30 30 30 30 30 30 30 30 30 30 30 30 30 30 30 30 30 30 30 30 30 30 30 30 30 30 30 30 30 30 30 30 30 30 30 30 30 30 27 27 28 
0 0 0 0 0 0 0 0 0 0 0 0 0 1 3 1 3 4 4 3 5 6 10 11 16 16 16 26 30 30 30 30 30 30 30 30 30 30 30 30 30 30 30 30 30 30 30 30 30 30 30 30 30 30 30 30 30 30 30 30 30 30 30 30 30 30 30 30 30 30 30 30 30 
0 0 0 0 0 0 0 0 0 0 0 1 2 0 1 1 4 3 4 2 8 7 5 14 18 19 15 27 26 29 30 30 30 30 30 30 30 30 30 30 30 30 30 30 30 30 30 30 30 30 30 30 30 30 30 30 30 30 30 30 30 30 30 30 30 30 30 30 30 28 30 29 19 
0 0 0 0 0 0 0 0 0 0 0 0 2 0 0 0 0 4 2 6 8 7 10 15 12 17 25 30 30 30 30 30 30 30 30 30 30 30 30 30 30 30 30 30 30 30 30 30 30 30 30 30 30 30 30 30 30 30 30 30 30 30 30 30 30 30 30 30 30 30 30 24 23 
0 0 0 0 0 0 0 0 0 0 0 2 1 1 2 2 2 5 6 3 9 6 12 9 15 16 24 19 27 30 30 30 30 30 30 30 30 30 30 30 30 30 30 30 30 30 30 30 30 30 30 30 30 30 30 30 30 30 30 30 30 30 30 30 30 30 30 30 30 30 30 30 28 
0 0 0 0 0 0 0 0 0 0 0 2 2 1 2 1 1 5 4 5 2 13 10 14 13 15 18 25 27 24 30 30 30 30 30 30 30 30 30 30 30 30 30 30 30 30 30 30 30 30 30 30 30 30 30 30 30 30 30 30 30 30 30 30 30 30 30 30 30 30 30 30 29 
0 0 0 0 0 0 0 0 0 0 0 0 1 0 1 3 1 1 1 2 4 6 6 8 16 12 10 13 20 25 25 30 30 30 30 30 30 30 30 30 30 30 30 30 30 30 30 30 30 30 30 30 30 30 30 30 30 30 30 30 30 30 30 30 30 30 30 30 30 30 30 30 30 30 27 
0 0 0 0 0 0 0 0 0 0 0 0 0 0 2 3 2 0 0 2 3 2 6 11 14 13 14 22 22 29 30 30 30 30 30 30 30 30 30 30 30 30 30 30 30 30 30 30 30 30 30 30 30 30 30 30 30 30 30 30 30 30 30 30 30 30 30 30 30 30 30 30 26 29 
0 0 0 0 0 0 0 0 0 1 0 1 0 0 0 1 0 2 1 6 10 10 12 16 17 24 20 25 30 30 30 30 30 30 30 30 30 30 30 30 30 30 30 30 30 30 30 30 30 30 30 30 30 30 30 30 30 30 30 30 30 30 30 30 30 30 30 30 30 30 28 28 28 
0 0 0 0 0 0 0 0 0 0 0 1 0 2 2 1 2 3 5 9 7 7 10 14 20 26 26 30 30 30 30 30 30 30 30 30 30 30 30 30 30 30 30 30 30 30 30 30 30 30 30 30 30 30 30 30 30 30 30 30 30 30 30 30 30 30 30 30 30 30 30 25 
0 0 0 0 0 0 0 0 0 1 0 1 0 2 0 3 5 5 6 4 9 11 5 12 18 16 25 21 30 30 30 30 30 30 30 30 30 30 30 30 30 30 30 30 30 30 30 30 30 30 30 30 30 30 30 30 30 30 30 30 30 30 30 30 30 30 30 30 30 19 26 28 
0 0 0 0 0 0 0 0 0 0 0 1 1 1 0 1 3 4 5 8 7 6 9 21 13 24 14 21 18 30 30 30 30 30 30 30 30 30 30 30 30 30 30 30 30 30 30 30 30 30 30 30 30 30 30 30 30 30 30 30 30 30 30 30 30 30 30 30 30 30 23 30 30 
0 0 0 0 0 0 0 0 0 0 0 1 0 0 2 0 1 1 0 4 6 6 12 13 10 21 23 23 30 30 30 30 30 30 30 30 30 30 30 30 30 30 30 30 30 30 30 30 30 30 30 30 30 30 30 30 30 30 30 30 30 30 30 30 30 30 30 30 30 28 30 30 29 19 
0 0 0 0 0 0 0 0 0 0 0 0 0 2 1 0 0 1 3 6 1 7 4 9 9 15 11 14 23 23 30 30 30 30 30 30 30 30 30 30 30 30 30 30 30 30 30 30 30 30 30 30 30 30 30 30 30 30 30 30 30 30 30 30 30 30 30 30 30 30 30 29 30 27 20 
0 0 0 0 0 0 0 0 0 0 0 0 0 0 0 3 3 4 4 6 7 8 7 8 16 24 24 15 30 30 30 30 30 30 30 30 30 30 30 30 30 30 30 30 30 30 30 30 30 30 30 30 30 30 30 30 30 30 30 30 30 30 30 30 30 30 30 30 30 30 30 30 30 
0 0 0 0 0 0 0 0 0 0 0 0 0 2 2 3 1 6 3 4 9 9 16 19 17 28 27 28 29 30 30 30 30 30 30 30 30 30 30 30 30 30 30 30 30 30 30 30 30 30 30 30 30 30 30 30 30 30 30 30 30 30 30 30 30 30 30 30 30 22 21 30 
0 0 0 0 0 0 0 0 0 0 0 0 1 2 0 4 3 1 3 2 7 6 7 16 14 13 15 20 25 30 30 30 30 30 30 30 30 30 30 30 30 30 30 30 30 30 30 30 30 30 30 30 30 30 30 30 30 30 30 30 30 30 30 30 30 30 30 30 30 30 30 30 30 30 
0 0 0 0 0 0 0 0 0 0 0 0 0 0 1 1 2 1 4 5 8 9 6 14 12 23 11 29 27 30 30 30 30 30 30 30 30 30 30 30 30 30 30 30 30 30 30 30 30 30 30 30 30 30 30 30 30 30 30 30 30 30 30 30 30 30 30 30 30 30 30 30 30 
0 0 0 0 0 0 0 0 0 0 0 1 1 0 0 3 1 3 5 4 7 4 7 12 16 23 18 23 26 26 30 30 30 30 30 30 30 30 30 30 30 30 30 30 30 30 30 30 30 30 30 30 30 30 30 30 30 30 30 30 30 30 30 30 30 30 30 30 30 30 30 30 30 
0 0 0 0 0 0 0 0 0 1 0 0 1 2 1 1 1 3 3 9 6 10 5 22 15 13 16 19 25 30 28 30 30 30 30 30 30 30 30 30 30 30 30 30 30 30 30 30 30 30 30 30 30 30 30 30 30 30 30 30 30 30 30 30 30 30 30 30 30 30 30 30 30 27 
0 0 0 0 0 0 0 0 0 0 0 1 0 2 1 2 3 1 1 5 1 6 5 9 14 15 10 22 20 30 30 30 30 30 30 30 30 30 30 30 30 30 30 30 30 30 30 30 30 30 30 30 30 30 30 30 30 30 30 30 30 30 30 30 30 30 30 30 30 30 30 30 21 27 
0 0 0 0 0 0 0 0 0 0 0 1 0 0 0 2 2 6 3 4 8 6 8 13 11 7 16 23 25 30 30 30 30 30 30 30 30 30 30 30 30 30 30 30 30 30 30 30 30 30 30 30 30 30 30 30 30 30 30 30 30 30 30 30 30 30 30 30 30 30 30 30 25 20 
0 0 0 0 0 0 0 0 0 1 0 2 0 2 1 3 4 3 5 10 6 11 12 15 13 17 24 30 27 30 30 30 30 30 30 30 30 30 30 30 30 30 30 30 30 30 30 30 30 30 30 30 30 30 30 30 30 30 30 30 30 30 30 30 30 30 30 30 30 30 29 30 30 
0 0 0 0 0 0 0 0 0 0 1 0 1 3 0 3 3 2 5 5 7 7 8 11 12 12 16 29 21 27 28 30 30 30 30 30 30 30 30 30 30 30 30 30 30 30 30 30 30 30 30 30 30 30 30 30 30 30 30 30 30 30 30 30 30 30 30 30 30 30 30 28 26 
0 0 0 0 0 0 0 0 0 0 0 0 2 1 2 2 4 2 2 3 3 3 6 5 7 8 10 10 11 24 26 30 20 27 30 30 30 30 30 30 30 30 30 30 30 30 30 30 30 30 30 30 30 30 30 30 30 30 30 30 30 30 30 30 30 30 30 30 30 30 30 30 30 30 30 30 30 
0 0 0 0 0 0 0 0 0 2 0 1 1 0 0 0 3 1 3 3 4 6 4 10 7 13 18 24 19 26 30 30 30 30 30 30 30 30 30 30 30 30 30 30 30 30 30 30 30 30 30 30 30 30 30 30 30 30 30 30 30 30 30 30 30 30 30 30 30 25 23 30 30 25 29 
0 0 0 0 0 0 0 0 0 0 0 1 0 0 0 2 0 4 4 2 1 6 4 5 10 9 11 21 17 16 20 24 29 30 30 30 30 30 30 30 30 30 30 30 30 30 30 30 30 30 30 30 30 30 30 30 30 30 30 30 30 30 30 30 30 30 30 30 30 30 30 30 30 30 23 22 27 
0 0 0 0 0 0 0 0 0 0 0 0 0 0 0 1 3 0 3 5 3 5 7 9 13 9 10 16 20 24 29 23 30 30 30 30 30 30 30 30 30 30 30 30 30 30 30 30 30 30 30 30 30 30 30 30 30 30 30 30 30 30 30 30 30 30 30 30 30 30 30 30 27 29 19 
0 0 0 0 0 0 0 0 0 0 1 0 1 0 0 1 2 3 2 3 5 4 8 9 9 9 16 17 16 28 26 30 30 30 30 30 30 30 30 30 30 30 30 30 30 30 30 30 30 30 30 30 30 30 30 30 30 30 30 30 30 30 30 30 30 30 30 30 30 30 30 30 30 30 30 
0 0 0 0 0 0 0 0 0 0 0 1 1 0 0 3 2 5 3 4 8 5 6 10 10 13 17 19 26 26 28 30 30 30 30 30 30 30 30 30 30 30 30 30 30 30 30 30 30 30 30 30 30 30 30 30 30 30 30 30 30 30 30 30 30 30 30 30 30 30 30 30 30 30 30 
0 0 0 0 0 0 0 0 0 0 0 0 0 1 1 0 1 2 4 4 3 6 6 12 13 15 19 24 25 29 30 30 30 30 30 30 30 30 30 30 30 30 30 30 30 30 30 30 30 30 30 30 30 30 30 30 30 30 30 30 30 30 30 30 30 30 30 30 30 30 30 26 29 30 
0 0 0 0 0 0 0 0 0 0 0 0 1 0 2 2 5 3 5 8 3 8 13 11 15 18 27 23 24 30 30 30 30 30 30 30 30 30 30 30 30 30 30 30 30 30 30 30 30 30 30 30 30 30 30 30 30 30 30 30 30 30 30 30 30 30 30 30 30 30 30 30 19 
0 0 0 0 0 0 0 0 0 1 1 0 0 0 1 0 3 1 0 3 5 3 5 8 4 11 17 20 23 26 25 30 26 30 30 30 30 30 30 30 30 30 30 30 30 30 30 30 30 30 30 30 30 30 30 30 30 30 30 30 30 30 30 30 30 30 30 30 30 30 30 30 29 26 27 
0 0 0 0 0 0 0 0 0 0 1 0 0 2 1 4 2 2 5 5 7 7 14 6 14 8 19 11 15 30 25 30 30 30 30 30 30 30 30 30 30 30 30 30 30 30 30 30 30 30 30 30 30 30 30 30 30 30 30 30 30 30 30 30 30 30 30 30 30 30 30 22 30 25 26 30 
0 0 0 0 0 0 0 0 0 0 0 0 0 0 0 1 1 4 1 2 13 8 7 16 12 16 19 29 29 24 30 30 30 30 30 30 30 30 30 30 30 30 30 30 30 30 30 30 30 30 30 30 30 30 30 30 30 30 30 30 30 30 30 30 30 30 30 30 30 29 23 30 24 
0 0 0 0 0 0 0 0 0 0 0 3 0 2 1 3 3 3 2 3 0 9 10 9 5 17 21 14 20 29 30 30 30 30 30 30 30 30 30 30 30 30 30 30 30 30 30 30 30 30 30 30 30 30 30 30 30 30 30 30 30 30 30 30 30 30 30 30 30 30 30 30 30 30 
0 0 0 0 0 0 0 0 0 0 0 0 1 3 6 5 3 9 6 7 10 15 17 28 30 21 30 30 30 30 30 30 30 30 30 30 30 30 30 30 30 30 30 30 30 30 30 30 30 30 30 30 30 30 30 30 30 30 30 30 30 30 30 27 30 30 30 30 27 24 
0 0 0 0 0 0 0 0 0 1 1 1 1 0 1 0 5 2 6 3 1 7 10 12 9 15 15 30 24 30 30 30 30 30 30 30 30 30 30 30 30 30 30 30 30 30 30 30 30 30 30 30 30 30 30 30 30 30 30 30 30 30 30 30 30 30 30 30 30 30 30 19 19 26 18 
0 0 0 0 0 0 0 0 0 0 0 0 0 1 2 0 1 5 3 8 10 9 6 11 10 13 20 21 23 22 30 30 30 30 30 30 30 30 30 30 30 30 30 30 30 30 30 30 30 30 30 30 30 30 30 30 30 30 30 30 30 30 30 30 30 30 30 30 30 30 27 30 24 
0 0 0 0 0 0 0 0 0 0 0 0 0 2 0 1 2 5 3 5 7 10 14 10 14 16 19 24 27 28 30 29 30 30 30 30 30 30 30 30 30 30 30 30 30 30 30 30 30 30 30 30 30 30 30 30 30 30 30 30 30 30 30 30 30 30 30 30 30 30 25 30 28 
0 0 0 0 0 0 0 0 0 0 1 0 2 3 1 2 2 2 3 3 4 13 12 11 13 17 19 15 18 30 30 30 30 30 30 30 30 30 30 30 30 30 30 30 30 30 30 30 30 30 30 30 30 30 30 30 30 30 30 30 30 30 30 30 30 30 30 30 30 30 30 30 26 
0 0 0 0 0 0 0 0 0 0 0 2 0 1 2 0 0 1 0 7 3 6 6 9 9 16 17 17 24 30 27 30 30 30 30 30 30 30 30 30 30 30 30 30 30 30 30 30 30 30 30 30 30 30 30 30 30 30 30 30 30 30 30 30 30 30 30 30 30 30 30 22 30 25 
0 0 0 0 0 0 0 0 0 0 0 0 0 1 2 1 1 4 0 2 6 6 4 9 11 9 8 12 16 17 18 28 30 30 30 30 30 30 30 30 30 30 30 30 30 30 30 30 30 30 30 30 30 30 30 30 30 30 30 30 30 30 30 30 30 30 30 30 30 30 30 30 30 30 30 30 
0 0 0 0 0 0 0 0 0 0 1 0 0 0 2 2 3 5 3 4 8 5 9 10 16 17 19 22 21 30 30 30 30 30 30 30 30 30 30 30 30 30 30 30 30 30 30 30 30 30 30 30 30 30 30 30 30 30 30 30 30 30 30 30 30 30 30 30 30 30 30 30 28 27 
0 0 0 0 0 0 0 0 0 1 2 0 1 1 5 1 5 2 6 4 9 2 12 9 16 23 17 25 30 30 28 30 30 30 30 30 30 30 30 30 30 30 30 30 30 30 30 30 30 30 30 30 30 30 30 30 30 30 30 30 30 30 30 30 30 30 30 30 30 30 28 30 30 
0 0 0 0 0 0 0 0 0 0 0 0 2 1 1 0 1 1 5 2 6 4 7 15 15 20 28 23 30 30 30 30 30 30 30 30 30 30 30 30 30 30 30 30 30 30 30 30 30 30 30 30 30 30 30 30 30 30 30 30 30 30 30 30 30 30 30 30 30 30 26 30 23 
0 0 0 0 0 0 0 0 0 0 0 0 0 3 2 2 4 9 6 8 7 12 14 14 30 18 30 23 29 30 30 30 30 30 30 30 30 30 30 30 30 30 30 30 30 30 30 30 30 30 30 30 30 30 30 30 30 30 30 30 30 30 30 30 30 30 30 30 30 30 30 18 
0 0 0 0 0 0 0 0 0 0 0 1 1 0 0 0 2 0 6 6 5 5 9 13 16 13 13 13 24 30 30 30 30 30 30 30 30 30 30 30 30 30 30 30 30 30 30 30 30 30 30 30 30 30 30 30 30 30 30 30 30 30 30 30 30 30 30 30 30 30 30 30 29 30 27 
0 0 0 0 0 0 0 0 0 0 0 0 1 2 4 0 1 1 2 3 3 9 9 7 12 12 24 24 26 25 30 30 30 30 30 30 30 30 30 30 30 30 30 30 30 30 30 30 30 30 30 30 30 30 30 30 30 30 30 30 30 30 30 30 30 30 30 30 30 30 30 29 26 23 
0 0 0 0 0 0 0 0 0 0 1 0 0 0 2 2 0 2 4 4 6 6 11 13 4 20 27 29 22 30 30 30 30 30 30 30 30 30 30 30 30 30 30 30 30 30 30 30 30 30 30 30 30 30 30 30 30 30 30 30 30 30 30 30 30 30 30 30 28 30 30 30 24 
0 0 0 0 0 0 0 0 0 0 1 1 1 3 2 1 3 4 2 5 5 7 6 9 13 14 16 21 30 21 30 30 30 30 30 30 30 30 30 30 30 30 30 30 30 30 30 30 30 30 30 30 30 30 30 30 30 30 30 30 30 30 30 30 30 30 30 30 30 30 30 30 29 25 
0 0 0 0 0 0 0 0 0 0 0 0 2 1 1 4 3 2 3 9 8 12 11 10 16 11 25 21 30 30 30 30 30 30 30 30 30 30 30 30 30 30 30 30 30 30 30 30 30 30 30 30 30 30 30 30 30 30 30 30 30 30 30 30 30 30 30 30 30 30 29 20 
0 0 0 0 0 0 0 0 0 0 1 0 0 1 2 2 2 1 3 6 7 12 13 5 7 21 18 19 28 29 28 27 30 30 30 30 30 30 30 30 30 30 30 30 30 30 30 30 30 30 30 30 30 30 30 30 30 30 30 30 30 30 30 30 30 30 30 30 30 30 30 26 30 17 
0 0 0 0 0 0 0 0 0 1 0 0 0 0 1 3 3 2 6 4 5 8 10 6 14 12 17 24 30 29 30 30 30 30 30 30 30 30 30 30 30 30 30 30 30 30 30 30 30 30 30 30 30 30 30 30 30 30 30 30 30 30 30 30 30 30 30 30 30 30 30 30 16 21 
0 0 0 0 0 0 0 0 0 0 0 2 4 0 0 1 0 6 0 5 3 7 5 5 19 15 21 21 23 30 29 30 30 30 30 30 30 30 30 30 30 30 30 30 30 30 30 30 30 30 30 30 30 30 30 30 30 30 30 30 30 30 30 30 30 30 30 30 30 30 30 30 29 25 
0 0 0 0 0 0 0 0 0 0 1 0 2 0 2 2 1 1 4 1 5 4 4 8 7 12 10 14 19 22 30 30 30 30 30 30 30 30 30 30 30 30 30 30 30 30 30 30 30 30 30 30 30 30 30 30 30 30 30 30 30 30 30 30 30 30 30 30 30 30 30 30 30 30 26 
0 0 0 0 0 0 0 0 0 0 0 0 2 1 2 0 0 2 2 2 5 6 5 11 6 9 11 22 26 25 25 21 30 30 30 30 30 30 30 30 30 30 30 30 30 30 30 30 30 30 30 30 30 30 30 30 30 30 30 30 30 30 30 30 30 30 30 30 30 30 30 30 29 30 24 
0 0 0 0 0 0 0 0 0 0 0 0 0 1 1 3 3 0 2 3 7 2 8 7 8 10 11 14 16 26 30 29 30 30 30 30 30 30 30 30 30 30 30 30 30 30 30 30 30 30 30 30 30 30 30 30 30 30 30 30 30 30 30 30 30 30 30 30 30 30 30 29 30 28 30 15 
0 0 0 0 0 0 0 0 0 0 0 0 0 1 0 1 1 2 1 1 4 8 7 7 8 14 20 21 28 20 30 30 30 30 30 30 30 30 30 30 30 30 30 30 30 30 30 30 30 30 30 30 30 30 30 30 30 30 30 30 30 30 30 30 30 30 30 30 30 30 30 30 30 28 24 
0 0 0 0 0 0 0 0 0 0 0 0 0 0 1 0 5 2 2 5 8 7 5 9 7 15 20 28 29 29 21 30 30 30 30 30 30 30 30 30 30 30 30 30 30 30 30 30 30 30 30 30 30 30 30 30 30 30 30 30 30 30 30 30 30 30 30 30 30 30 30 30 30 30 
0 0 0 0 0 0 0 0 0 0 0 1 0 1 0 2 3 1 0 1 1 4 5 6 9 6 2 16 19 16 25 23 30 30 30 30 30 30 30 30 30 30 30 30 30 30 30 30 30 30 30 30 30 30 30 30 30 30 30 30 30 30 30 30 30 30 30 30 30 30 30 30 30 30 28 28 25 
0 0 0 0 0 0 0 0 0 0 0 0 0 0 0 1 2 1 3 5 2 6 9 7 12 14 22 15 20 30 30 30 30 30 30 30 30 30 30 30 30 30 30 30 30 30 30 30 30 30 30 30 30 30 30 30 30 30 30 30 30 30 30 30 30 30 30 30 30 30 30 30 21 30 
0 0 0 0 0 0 0 0 0 0 0 0 0 2 1 2 3 4 4 4 5 13 17 15 10 25 19 25 28 30 30 30 30 30 30 30 30 30 30 30 30 30 30 30 30 30 30 30 30 30 30 30 30 30 30 30 30 30 30 30 30 30 30 30 30 30 30 30 28 30 27 26 29 
0 0 0 0 0 0 0 0 0 0 0 0 0 0 2 1 1 2 2 5 6 3 5 7 12 21 14 20 21 21 30 30 30 30 30 30 30 30 30 30 30 30 30 30 30 30 30 30 30 30 30 30 30 30 30 30 30 30 30 30 30 30 30 30 30 30 30 30 30 30 30 30 30 25 
0 0 0 0 0 0 0 0 0 0 0 0 1 1 4 0 1 3 3 3 6 5 10 12 10 13 11 21 24 30 28 30 30 30 30 30 30 30 30 30 30 30 30 30 30 30 30 30 30 30 30 30 30 30 30 30 30 30 30 30 30 30 30 30 30 30 30 30 30 30 30 30 28 30 28 
0 0 0 0 0 0 0 0 1 0 0 1 2 2 2 1 1 1 4 5 5 5 5 10 8 14 17 20 21 29 30 30 28 30 30 30 30 30 30 30 30 30 30 30 30 30 30 30 30 30 30 30 30 30 30 30 30 30 30 30 30 30 30 30 30 30 30 30 30 30 30 30 30 30 20 
0 0 0 0 0 0 0 0 0 0 1 1 1 0 0 4 1 2 3 6 3 8 9 4 8 9 14 18 18 25 23 30 30 30 30 30 30 30 30 30 30 30 30 30 30 30 30 30 30 30 30 30 30 30 30 30 30 30 30 30 30 30 30 30 30 30 30 30 30 30 27 30 30 23 
0 0 0 0 0 0 0 0 0 0 1 1 0 2 2 0 3 2 4 5 6 7 9 13 12 16 15 23 26 26 30 30 30 30 30 30 30 30 30 30 30 30 30 30 30 30 30 30 30 30 30 30 30 30 30 30 30 30 30 30 30 30 30 30 30 30 30 30 30 30 30 24 28 24 
0 0 0 0 0 0 0 0 0 0 0 0 1 3 2 4 2 1 3 2 5 7 8 9 19 10 14 21 20 26 30 30 30 30 30 30 30 30 30 30 30 30 30 30 30 30 30 30 30 30 30 30 30 30 30 30 30 30 30 30 30 30 30 30 30 30 30 30 30 29 28 29 28 30 
0 0 0 0 0 0 0 0 0 0 0 0 2 1 1 0 2 5 0 1 1 8 8 10 11 8 19 18 17 26 30 30 30 30 30 30 30 30 30 30 30 30 30 30 30 30 30 30 30 30 30 30 30 30 30 30 30 30 30 30 30 30 30 30 30 30 30 30 30 30 30 30 21 20 30 
0 0 0 0 0 0 0 0 0 1 0 0 0 0 3 1 4 6 9 10 10 11 20 20 23 18 30 30 27 30 30 30 30 30 30 30 30 30 30 30 30 30 30 30 30 30 30 30 30 30 30 30 30 30 30 30 30 30 30 30 30 30 30 30 30 30 30 30 28 30 30 30 
0 0 0 0 0 0 0 0 0 0 1 1 1 0 0 4 2 2 3 6 11 7 12 12 11 21 24 24 30 30 30 30 30 30 30 30 30 30 30 30 30 30 30 30 30 30 30 30 30 30 30 30 30 30 30 30 30 30 30 30 30 30 30 30 30 30 30 30 26 30 21 30 
0 0 0 0 0 0 0 0 0 0 0 0 0 0 1 0 0 1 6 6 2 5 6 9 5 18 15 19 25 25 30 30 30 30 30 30 30 30 30 30 30 30 30 30 30 30 30 30 30 30 30 30 30 30 30 30 30 30 30 30 30 30 30 30 30 30 30 30 30 30 30 30 28 30 28 
0 0 0 0 0 0 0 0 0 0 0 1 1 0 1 1 2 2 5 4 6 12 15 12 9 16 17 25 30 29 30 30 30 30 30 30 30 30 30 30 30 30 30 30 30 30 30 30 30 30 30 30 30 30 30 30 30 30 30 30 30 30 30 30 30 30 30 30 30 30 30 30 30 
0 0 0 0 0 0 0 0 0 0 0 0 2 0 0 2 1 2 3 7 4 6 6 6 15 7 14 18 21 24 26 30 30 30 30 30 30 30 30 30 30 30 30 30 30 30 30 30 30 30 30 30 30 30 30 30 30 30 30 30 30 30 30 30 30 30 30 30 30 30 30 30 30 27 28 
0 0 0 0 0 0 0 0 0 0 1 0 1 2 1 0 1 2 2 2 8 1 9 7 8 11 14 14 15 24 30 30 30 30 30 30 30 30 30 30 30 30 30 30 30 30 30 30 30 30 30 30 30 30 30 30 30 30 30 30 30 30 30 30 30 30 30 30 30 30 30 30 23 30 26 
0 0 0 0 0 0 0 0 0 0 0 0 1 0 0 1 4 0 2 3 7 3 7 9 14 6 16 24 28 24 27 24 30 30 30 30 30 30 30 30 30 30 30 30 30 30 30 30 30 30 30 30 30 30 30 30 30 30 30 30 30 30 30 30 30 30 30 30 30 30 30 30 30 27 24 
0 0 0 0 0 0 0 0 0 0 0 1 1 1 3 2 1 4 4 2 3 5 6 12 12 14 11 21 17 30 30 30 30 30 30 30 30 30 30 30 30 30 30 30 30 30 30 30 30 30 30 30 30 30 30 30 30 30 30 30 30 30 30 30 30 30 30 30 30 30 27 30 30 30 
0 0 0 0 0 0 0 0 0 0 1 0 1 2 3 1 1 3 5 5 2 6 5 18 12 17 15 23 30 30 30 30 30 30 30 30 30 30 30 30 30 30 30 30 30 30 30 30 30 30 30 30 30 30 30 30 30 30 30 30 30 30 30 30 30 30 30 30 30 30 27 25 30 
0 0 0 0 0 0 0 0 0 0 0 0 0 0 0 2 0 0 1 4 4 10 6 16 11 13 16 21 25 30 30 30 30 30 30 30 30 30 30 30 30 30 30 30 30 30 30 30 30 30 30 30 30 30 30 30 30 30 30 30 30 30 30 30 30 30 30 30 30 30 30 30 27 30 
0 0 0 0 0 0 0 0 0 0 0 1 0 2 2 2 2 3 3 4 7 9 5 13 11 15 11 20 25 19 28 30 30 30 30 30 30 30 30 30 30 30 30 30 30 30 30 30 30 30 30 30 30 30 30 30 30 30 30 30 30 30 30 30 30 30 30 30 30 30 30 30 30 30 23 
0 0 0 0 0 0 0 0 0 1 0 1 1 2 0 0 1 3 4 6 7 12 12 22 16 25 21 25 30 30 30 30 30 30 30 30 30 30 30 30 30 30 30 30 30 30 30 30 30 30 30 30 30 30 30 30 30 30 30 30 30 30 30 30 30 30 30 30 30 28 30 24 
0 0 0 0 0 0 0 0 0 0 0 0 0 0 0 1 1 3 4 5 3 9 6 8 4 7 23 20 24 26 24 30 30 30 30 30 30 30 30 30 30 30 30 30 30 30 30 30 30 30 30 30 30 30 30 30 30 30 30 30 30 30 30 30 30 30 30 30 30 30 30 30 30 30 26 
0 0 0 0 0 0 0 0 0 0 0 0 0 0 0 1 0 6 4 1 3 8 1 9 16 17 15 21 30 19 22 28 30 30 30 30 30 30 30 30 30 30 30 30 30 30 30 30 30 30 30 30 30 30 30 30 30 30 30 30 30 30 30 30 30 30 30 30 30 30 30 30 27 28 30 
0 0 0 0 0 0 0 0 0 0 1 0 2 0 1 2 2 0 3 2 4 5 4 3 6 8 18 16 21 30 26 30 30 30 30 30 30 30 30 30 30 30 30 30 30 30 30 30 30 30 30 30 30 30 30 30 30 30 30 30 30 30 30 30 30 30 30 30 30 30 30 30 27 30 29 
0 0 0 0 0 0 0 0 0 0 0 1 1 1 0 1 2 2 1 2 6 9 8 10 13 16 22 23 20 21 30 30 30 30 30 30 30 30 30 30 30 30 30 30 30 30 30 30 30 30 30 30 30 30 30 30 30 30 30 30 30 30 30 30 30 30 30 30 29 30 30 30 21 30 16 
0 0 0 0 0 0 0 0 0 0 0 0 0 3 0 1 3 5 6 4 6 8 9 10 17 14 23 30 30 30 30 30 30 30 30 30 30 30 30 30 30 30 30 30 30 30 30 30 30 30 30 30 30 30 30 30 30 30 30 30 30 30 30 30 30 30 30 30 30 30 26 29 27 
0 0 0 0 0 0 0 0 0 0 0 0 2 2 2 0 3 3 0 3 3 3 6 10 9 15 12 15 14 18 29 20 28 30 30 30 30 30 30 30 30 30 30 30 30 30 30 30 30 30 30 30 30 30 30 30 30 30 30 30 30 30 30 30 30 30 30 30 30 30 30 30 24 29 26 30 
0 0 0 0 0 0 0 0 0 0 0 0 1 0 2 0 1 3 6 5 6 8 7 15 14 11 26 26 30 30 30 30 30 30 30 30 30 30 30 30 30 30 30 30 30 30 30 30 30 30 30 30 30 30 30 30 30 30 30 30 30 30 30 30 30 30 30 30 30 30 27 30 30 
0 0 0 0 0 0 0 1 0 0 0 2 0 0 2 1 4 4 4 8 10 10 11 11 18 26 30 30 30 30 30 30 30 30 30 30 30 30 30 30 30 30 30 30 30 30 30 30 30 30 30 30 30 30 30 30 30 30 30 30 30 30 30 30 30 30 30 30 30 30 30 30 29 
0 0 0 0 0 0 0 0 0 0 1 0 0 2 0 3 0 1 2 3 3 3 10 4 8 16 15 15 18 24 28 29 30 30 30 30 30 30 30 30 30 30 30 30 30 30 30 30 30 30 30 30 30 30 30 30 30 30 30 30 30 30 30 30 30 30 30 30 30 30 30 25 30 26 30 30 
0 0 0 0 0 0 0 0 0 1 0 0 0 0 3 0 4 2 5 6 1 2 9 7 3 9 10 12 18 17 24 27 30 30 30 30 30 30 30 30 30 30 30 30 30 30 30 30 30 30 30 30 30 30 30 30 30 30 30 30 30 30 30 30 30 30 30 30 30 30 30 30 26 30 21 28 
0 0 0 0 0 0 0 0 0 0 0 2 0 1 0 1 2 1 2 6 6 7 6 9 9 18 19 24 20 30 30 30 30 30 30 30 30 30 30 30 30 30 30 30 30 30 30 30 30 30 30 30 30 30 30 30 30 30 30 30 30 30 30 30 30 30 30 30 30 30 30 29 29 30 
0 0 0 0 0 0 0 0 0 0 0 1 1 1 2 1 2 3 2 6 5 3 10 8 9 15 17 18 24 30 30 28 30 30 30 30 30 30 30 30 30 30 30 30 30 30 30 30 30 30 30 30 30 30 30 30 30 30 30 30 30 30 30 30 30 30 30 30 30 30 30 30 30 28 
0 0 0 0 0 0 0 0 0 0 1 1 1 1 2 2 2 3 4 6 5 8 4 15 10 11 14 16 30 29 30 30 30 30 30 30 30 30 30 30 30 30 30 30 30 30 30 30 30 30 30 30 30 30 30 30 30 30 30 30 30 30 30 30 30 30 30 30 30 30 30 30 20 
0 0 0 0 0 0 0 0 0 0 0 0 0 0 1 2 1 2 3 4 5 10 4 7 13 15 13 22 28 23 30 30 30 30 30 30 30 30 30 30 30 30 30 30 30 30 30 30 30 30 30 30 30 30 30 30 30 30 30 30 30 30 30 30 30 30 30 30 29 30 29 30 29 29 
0 0 0 0 0 0 0 0 0 0 0 1 0 1 0 0 1 2 1 5 7 8 4 8 12 9 13 12 18 24 19 23 30 30 30 30 30 30 30 30 30 30 30 30 30 30 30 30 30 30 30 30 30 30 30 30 30 30 30 30 30 30 30 30 30 30 30 30 30 30 30 30 30 30 30 30 
0 0 0 0 0 0 0 0 0 0 0 0 1 2 0 1 1 3 0 2 4 4 14 7 13 17 20 30 25 30 30 30 30 30 30 30 30 30 30 30 30 30 30 30 30 30 30 30 30 30 30 30 30 30 30 30 30 30 30 30 30 30 30 30 30 30 30 30 30 26 27 28 21 
0 0 0 0 0 0 0 0 0 0 0 1 3 0 1 1 0 5 2 2 4 3 8 7 13 13 9 19 26 26 29 24 30 30 30 30 30 30 30 30 30 30 30 30 30 30 30 30 30 30 30 30 30 30 30 30 30 30 30 30 30 30 30 30 30 30 30 30 30 30 30 30 30 29 
0 0 0 0 0 0 0 0 0 0 1 0 0 0 0 0 2 4 3 4 3 9 4 9 9 11 16 18 18 25 25 30 30 30 30 30 30 30 30 30 30 30 30 30 30 30 30 30 30 30 30 30 30 30 30 30 30 30 30 30 30 30 30 30 30 30 30 30 30 30 27 30 29 30 25 
