0 0 0 2 3 3 2 3 5 15 19 25 35 41 36 52 56 47 56 93 88 111 131 148 145 160 179 168 204 207 192 207 231 217 194 230 241 224 213 209 208 205 216 211 174 164 177 139 140 136 128 92 106 99 100 80 72 68 70 65 46 53 48 48 40 21 27 29 26 29 19 20 26 15 13 18 10 17 13 10 5 9 9 11 6 3 4 10 4 2 6 5 4 3 2 3 6 4 1 4 2 0 0 0 1 0 0 1 1 0 0 0 0 1 0 0 
0 0 0 1 5 8 3 5 9 12 6 20 17 18 32 30 48 57 57 73 92 78 109 117 153 142 172 166 186 187 189 211 229 238 198 195 227 223 202 223 203 205 197 189 181 179 170 200 140 148 141 119 118 102 120 100 91 88 84 68 72 64 55 66 49 45 37 40 24 41 30 23 23 26 15 18 13 22 10 9 10 14 10 7 7 6 6 6 7 4 5 4 2 3 5 1 5 3 8 0 2 4 1 2 0 1 2 0 0 2 1 0 1 1 2 0 1 0 
0 0 0 1 0 6 2 3 5 1 6 12 22 20 16 25 25 32 31 32 64 47 55 88 90 97 113 120 131 159 161 161 202 173 224 213 217 228 214 223 224 222 225 196 198 209 192 188 182 177 143 147 145 140 148 115 119 116 96 60 100 90 57 72 68 47 61 47 45 34 28 42 30 29 28 24 20 17 9 16 15 10 16 12 7 9 10 8 4 7 4 7 1 5 3 2 5 4 4 3 3 4 2 2 1 2 1 0 2 2 1 0 0 1 0 0 2 1 2 1 2 
0 0 0 1 2 4 4 1 7 3 20 16 23 14 14 39 41 52 57 59 70 84 77 104 131 122 131 156 183 176 207 191 182 196 235 220 233 247 212 210 238 202 196 208 216 176 170 146 142 149 154 157 134 108 120 101 88 81 82 78 74 69 54 49 53 51 30 31 41 38 41 30 30 23 18 24 19 17 11 14 11 10 8 4 9 5 9 9 3 1 6 5 7 3 1 4 3 6 1 2 1 2 0 2 2 0 3 0 0 3 0 2 0 1 1 0 0 0 1 0 0 
0 0 1 1 2 8 3 3 10 7 13 19 19 21 20 40 44 53 54 64 82 89 101 101 144 146 170 159 165 183 203 190 213 226 184 227 222 189 204 226 216 200 195 181 198 186 192 174 150 149 156 130 131 122 133 102 90 89 79 70 79 67 55 52 53 40 41 39 39 27 23 28 18 23 24 18 15 17 15 13 8 8 8 12 8 6 6 8 3 4 6 3 2 2 4 1 1 2 2 3 0 3 0 2 2 0 1 1 1 1 1 0 0 0 0 1 1 0 1 0 0 0 
0 0 0 1 4 1 1 2 2 3 9 11 20 26 24 17 41 48 39 49 77 62 72 90 113 115 141 134 146 171 166 202 197 209 199 180 226 223 220 230 210 222 221 227 197 195 204 208 164 162 147 147 132 132 115 115 95 111 102 87 79 63 72 44 46 42 36 34 42 39 30 27 17 19 29 21 16 12 20 10 8 10 10 6 7 6 2 6 3 6 6 1 2 4 4 3 1 3 1 1 2 0 3 1 3 2 0 3 0 0 2 1 0 1 0 1 0 1 1 0 1 0 
0 0 0 3 1 2 4 0 8 7 5 8 5 10 19 11 12 29 18 31 30 47 66 54 63 66 94 84 117 134 122 148 160 173 180 185 182 208 238 220 231 237 203 208 210 209 227 200 203 201 172 160 189 154 127 138 104 130 109 112 119 92 89 72 73 63 74 59 44 41 35 30 32 26 25 18 35 19 32 25 16 21 16 13 7 11 15 9 7 6 5 6 3 6 3 5 5 4 4 3 1 4 0 2 0 5 1 1 1 0 2 2 1 0 1 1 1 1 1 0 0 0 1 
0 0 0 1 2 2 4 4 7 13 13 14 14 21 22 25 29 31 49 49 56 59 68 104 110 125 114 121 164 173 169 177 209 199 196 214 222 222 241 239 214 230 199 221 194 197 197 163 140 156 151 121 114 118 120 95 128 124 81 93 68 72 69 81 62 43 35 51 41 38 37 29 20 22 29 24 18 12 9 16 16 13 16 10 12 3 4 8 5 7 5 4 1 7 3 3 3 10 1 3 0 4 2 1 0 0 2 0 1 2 0 1 0 0 1 1 1 0 1 
0 0 0 0 1 1 2 4 6 4 5 11 16 15 22 26 27 41 42 59 89 64 70 96 121 113 142 143 162 165 167 182 189 181 215 211 208 215 254 230 239 210 205 226 180 199 209 177 157 178 156 138 157 121 102 106 114 105 82 96 78 72 67 64 60 46 42 48 37 44 36 32 28 32 28 19 12 16 16 20 15 8 5 13 14 10 5 7 4 7 4 1 4 7 6 3 3 2 4 4 3 3 1 3 0 3 1 0 1 1 3 2 0 1 0 2 0 0 0 
0 0 0 0 4 0 1 10 28 10 5 27 46 37 35 45 56 65 89 74 97 106 116 114 142 157 177 162 186 200 204 211 221 254 214 202 221 241 215 224 212 202 179 175 192 159 158 152 150 139 126 126 105 104 108 97 61 85 71 63 63 63 54 40 31 30 38 34 30 26 27 26 13 14 21 12 14 10 13 10 6 11 10 5 2 0 6 3 7 6 4 4 1 2 2 2 3 6 2 0 4 1 0 1 0 0 0 0 1 0 1 1 0 0 
0 0 1 2 1 4 4 6 4 4 12 5 15 20 16 19 27 25 38 44 47 78 84 90 101 110 128 123 125 136 147 174 183 193 213 248 201 209 243 231 224 232 215 210 206 192 178 199 175 164 139 142 155 153 120 107 121 107 97 79 90 65 56 61 74 65 48 40 53 26 39 27 39 23 28 25 16 24 19 20 22 7 13 16 8 10 6 7 7 7 3 4 2 4 3 3 3 1 3 3 1 1 2 1 1 1 2 1 1 0 2 0 1 0 0 0 1 0 2 3 0 1 0 
0 0 0 1 0 2 0 3 6 2 6 11 7 12 34 33 37 57 48 55 69 65 100 117 114 136 138 143 155 192 196 204 216 240 219 227 214 228 244 224 222 206 197 201 231 177 191 169 165 162 140 120 129 113 112 99 76 88 91 77 55 60 76 51 43 47 41 32 34 20 33 28 15 23 18 17 20 10 12 21 9 13 7 9 6 8 4 5 3 4 2 1 3 4 4 7 1 0 1 5 2 3 1 3 3 1 2 1 0 0 0 0 0 0 0 2 0 0 0 
0 0 0 1 2 3 7 3 2 19 10 15 19 15 27 29 40 39 55 52 73 81 90 121 148 130 144 150 151 169 176 188 220 226 209 245 196 228 224 228 232 217 210 219 201 180 198 177 177 157 128 150 121 124 92 103 87 104 95 63 60 52 73 56 50 44 45 25 31 41 32 30 26 21 15 20 13 18 14 11 17 11 11 13 6 7 9 12 3 3 6 5 6 2 4 1 2 3 4 4 3 1 0 0 1 0 0 0 1 0 0 1 1 0 0 0 0 
0 0 1 1 2 5 4 8 9 6 8 15 24 20 26 34 36 42 59 58 56 78 70 90 85 128 136 157 143 152 169 200 203 194 233 190 205 215 224 214 207 212 215 187 205 183 187 164 183 172 153 152 149 119 116 124 116 90 96 78 57 66 64 53 63 41 47 45 32 30 34 28 30 27 21 20 7 16 18 12 7 11 20 6 10 7 11 12 5 7 4 4 7 2 1 0 3 4 4 3 1 1 2 1 2 1 0 2 0 6 0 1 0 1 1 0 0 0 
0 0 1 2 0 2 4 11 9 8 7 18 20 15 17 14 24 32 38 56 55 67 75 94 88 102 132 126 161 169 149 172 165 180 194 178 196 196 217 227 243 205 201 213 200 202 216 161 209 165 177 142 135 131 128 133 109 102 93 84 84 62 74 72 40 60 50 51 41 51 25 27 29 24 32 37 23 22 12 11 17 15 14 14 10 11 7 8 1 5 4 4 7 2 3 2 3 2 4 0 2 2 0 0 3 2 1 0 1 0 1 0 2 2 0 0 1 3 1 0 
0 0 1 0 2 5 3 8 5 14 17 17 15 31 34 37 44 41 56 57 83 98 92 115 122 120 150 170 191 179 184 208 204 236 246 210 242 246 229 248 228 200 226 225 176 178 182 188 174 150 153 141 132 113 105 109 89 87 86 50 62 65 42 45 52 47 41 27 40 30 19 18 16 24 21 12 23 20 16 14 15 9 6 10 4 8 8 8 7 5 4 3 1 3 2 2 2 5 0 2 1 2 2 1 4 0 2 1 0 3 0 0 1 0 0 0 0 0 0 
0 0 0 1 2 8 7 2 2 6 7 7 10 7 24 37 35 37 37 39 60 81 92 91 105 107 136 146 168 171 179 185 181 210 227 219 236 217 227 209 214 222 207 192 205 196 168 178 193 159 158 128 136 115 119 119 85 96 83 69 72 71 55 53 58 54 51 34 33 44 37 20 26 18 24 17 27 12 18 16 12 4 11 9 5 11 10 7 4 3 9 5 3 6 3 3 2 4 3 3 1 2 3 4 2 2 2 2 0 1 2 1 0 0 0 0 0 1 1 0 0 0 
0 0 0 0 1 2 2 5 4 11 18 14 21 13 20 31 25 50 50 53 52 78 92 91 140 122 118 138 150 175 163 188 216 219 199 204 234 223 217 219 232 210 203 191 227 196 192 146 198 154 146 158 122 120 112 117 113 88 95 70 90 66 67 62 49 43 46 33 34 30 43 34 29 21 22 13 11 18 7 16 11 16 10 10 6 8 9 5 5 3 5 3 5 9 4 1 0 2 2 1 2 3 1 0 0 2 1 0 2 1 0 0 2 2 0 0 0 1 0 0 
0 0 0 2 3 3 7 6 5 5 11 11 18 20 24 21 29 46 60 60 58 67 73 82 102 117 125 143 161 181 187 195 189 179 215 207 240 259 186 220 251 211 209 217 196 187 169 157 156 159 134 163 159 111 118 115 110 100 89 78 71 62 78 57 46 50 43 32 44 25 30 34 20 19 21 14 20 13 11 8 9 13 9 10 8 10 8 7 6 3 3 2 6 2 2 2 1 4 2 4 6 3 0 1 3 2 1 0 1 0 1 1 1 1 1 1 0 0 1 0 0 
0 0 0 2 3 2 3 2 2 9 7 7 14 23 29 28 47 39 55 67 74 87 119 138 115 135 136 162 169 178 198 190 199 207 218 239 226 241 208 226 205 216 217 204 183 174 172 168 158 151 151 142 94 137 109 103 88 84 91 55 75 75 54 63 48 47 38 48 36 42 24 21 18 23 19 21 21 22 14 16 15 9 8 6 3 9 7 5 6 2 5 8 3 6 1 2 3 4 3 1 1 2 5 1 2 0 0 1 0 0 0 2 2 0 0 0 1 0 0 
0 0 0 3 1 3 3 4 12 7 15 13 25 18 19 28 32 39 54 71 79 80 99 114 107 125 136 150 165 173 197 211 211 208 226 211 224 214 226 247 224 233 212 239 199 184 180 171 176 134 164 138 123 135 108 101 105 86 90 79 61 68 52 44 44 41 38 39 28 39 20 24 25 24 18 26 24 15 13 13 10 5 5 10 9 3 7 3 3 6 6 7 6 4 5 1 2 1 2 5 1 2 1 1 0 0 1 1 1 1 1 0 0 0 2 1 2 0 0 
0 0 0 1 2 2 1 4 5 5 10 17 23 12 23 38 53 36 56 62 83 79 82 89 100 134 128 179 168 177 167 183 178 216 242 207 249 192 252 224 214 245 224 196 202 191 201 161 163 153 126 130 99 117 105 101 113 81 91 80 56 84 56 52 50 61 45 37 44 32 34 36 28 21 23 15 16 16 12 13 7 14 11 8 12 11 2 4 6 3 4 5 5 6 2 2 1 3 3 3 2 3 2 0 0 0 0 1 2 1 1 1 2 0 2 0 0 0 1 1 0 1 
0 0 0 1 4 3 3 5 8 6 7 12 16 22 30 37 56 38 63 77 93 103 108 112 141 136 150 156 195 176 197 242 228 242 233 233 243 222 200 223 212 199 204 200 190 174 175 162 160 152 121 122 128 108 105 90 89 76 83 72 65 53 53 58 39 41 36 48 39 25 28 29 24 19 17 13 8 18 12 15 10 11 3 1 11 7 4 6 5 5 2 8 5 3 2 1 4 3 0 1 2 0 2 1 0 2 1 0 0 3 1 2 3 1 0 0 0 
0 0 2 1 3 1 4 3 4 6 4 8 7 17 21 15 37 32 36 34 51 60 73 89 87 103 130 123 158 184 186 170 189 196 237 236 212 221 218 230 234 236 207 203 206 204 196 188 196 170 161 160 168 141 120 130 111 106 83 97 93 80 61 63 53 36 42 50 43 21 28 26 23 25 23 20 14 19 8 12 15 11 14 9 8 5 12 9 6 4 7 5 3 1 8 3 1 4 2 3 2 1 3 2 3 1 4 3 0 1 1 0 1 0 0 1 0 0 0 1 0 
0 0 0 1 1 5 2 4 3 2 7 6 12 11 27 33 27 45 35 52 50 63 81 87 101 94 126 135 143 134 160 170 169 203 184 194 206 205 242 182 233 200 240 236 220 212 177 178 177 157 173 140 142 141 133 107 135 111 95 87 86 81 77 65 73 55 56 47 33 40 43 29 27 18 20 24 19 23 20 15 15 18 14 11 12 6 7 9 4 4 1 5 5 4 4 3 2 5 5 3 4 1 3 2 3 2 0 1 0 3 2 1 0 0 2 0 0 0 0 1 1 
0 0 1 1 0 2 1 2 4 8 5 15 15 17 34 25 32 30 50 67 60 95 87 94 98 119 131 136 141 144 190 187 194 202 242 240 234 231 238 237 211 208 216 185 223 190 191 174 181 141 157 140 112 122 110 121 99 100 87 88 63 66 66 52 59 45 39 40 41 23 26 23 22 22 16 16 24 8 8 11 10 7 10 15 7 9 4 8 4 3 5 6 7 1 0 2 1 3 4 3 2 1 0 3 0 2 1 0 2 0 0 0 1 0 2 0 0 0 0 
0 0 1 0 1 2 9 1 3 6 12 11 12 18 26 34 44 60 38 54 78 95 103 134 101 135 157 158 179 180 171 192 221 208 233 259 235 204 233 212 219 221 207 215 164 195 185 174 179 136 158 130 133 112 109 117 78 77 77 82 71 74 58 44 45 63 36 48 26 36 36 28 19 22 27 22 23 23 12 15 16 15 11 9 8 8 5 4 6 3 7 8 5 1 3 3 4 2 3 3 0 3 1 1 1 1 0 0 1 2 2 0 0 1 1 1 0 0 1 0 
0 0 0 0 3 3 13 12 12 10 14 7 19 28 37 49 78 65 63 102 81 102 110 126 149 130 151 190 196 206 222 198 212 216 236 234 236 221 242 209 209 190 213 179 191 185 161 161 129 135 126 111 111 115 86 78 89 69 64 78 59 53 58 47 52 35 37 23 30 22 27 15 14 17 17 13 15 11 9 8 10 3 10 6 4 6 4 5 4 7 6 2 2 2 1 5 2 1 2 4 2 1 2 0 3 2 0 0 0 0 1 1 0 1 0 
0 0 1 1 2 3 2 3 2 6 6 2 15 15 34 34 29 53 44 50 58 89 77 75 108 143 119 132 147 146 163 186 192 202 234 222 233 224 247 242 221 236 239 201 231 195 176 199 200 167 148 148 154 157 130 117 112 106 87 95 78 80 65 69 71 58 45 45 45 37 41 28 30 27 33 26 18 20 21 20 12 8 8 10 9 8 5 3 6 4 6 2 2 2 1 4 4 2 2 4 5 1 3 1 0 0 1 0 0 1 1 0 0 0 1 0 0 0 0 
0 0 0 1 3 1 2 1 6 6 12 11 12 15 16 38 37 35 48 62 77 65 84 116 118 121 127 138 153 199 179 202 179 187 221 202 227 233 193 225 234 213 204 220 195 197 176 188 150 181 141 137 125 126 118 105 115 86 91 76 63 53 70 58 54 43 53 48 23 42 29 29 27 23 17 19 21 15 13 20 5 14 12 8 3 9 8 8 9 7 9 1 5 6 1 3 3 6 6 5 1 5 0 1 2 2 1 1 0 1 0 0 0 0 1 
0 0 0 1 1 1 4 7 8 1 11 18 15 8 20 40 40 43 50 71 59 69 91 97 106 134 148 152 163 198 189 193 205 189 219 220 186 225 240 234 229 208 206 210 171 179 191 174 180 158 145 147 135 110 120 87 91 91 78 81 69 67 63 57 59 57 48 39 40 33 22 34 29 19 19 23 17 14 18 11 11 12 15 9 5 5 5 6 2 6 4 4 2 5 3 3 3 2 4 0 2 0 1 3 1 1 1 1 1 0 1 0 1 1 0 0 1 2 0 1 
0 1 1 2 2 3 1 12 4 6 14 12 12 21 28 33 35 42 57 68 59 78 81 125 121 118 137 146 164 163 177 194 195 224 219 198 221 217 234 242 226 186 220 206 180 200 182 199 163 159 137 140 123 130 108 104 95 106 88 82 67 65 59 63 51 42 34 40 34 25 34 34 36 27 19 20 16 22 14 10 12 11 17 13 11 10 9 8 12 6 7 6 5 5 3 4 4 4 3 1 5 1 1 3 0 0 2 3 0 0 1 0 0 1 1 0 1 0 1 1 0 
0 0 0 0 0 3 1 6 5 4 11 16 21 22 30 32 38 51 46 78 68 86 87 95 115 118 132 146 150 163 218 182 212 221 219 239 226 254 225 220 224 215 199 177 181 167 181 165 153 178 146 150 140 112 101 93 93 88 72 81 62 53 51 49 45 44 51 40 46 38 31 17 19 22 17 15 19 12 18 11 17 11 7 11 6 7 5 4 3 8 4 8 6 5 2 3 2 1 4 2 3 2 1 4 3 2 0 1 0 0 1 0 1 1 2 0 0 2 0 0 
0 0 0 2 3 1 5 4 5 2 5 8 9 22 18 12 28 30 44 34 46 73 74 87 88 111 106 125 138 164 192 173 209 182 192 206 194 215 259 224 248 209 235 205 207 205 188 207 174 168 161 184 149 119 130 109 120 93 89 99 81 76 69 66 70 54 39 46 39 43 30 26 30 40 24 18 23 12 16 11 13 20 15 8 9 12 15 6 5 8 8 8 1 4 4 2 5 1 2 3 3 3 1 1 4 2 0 1 1 0 0 2 2 1 0 1 0 0 0 1 
0 0 0 1 1 3 1 8 2 1 6 5 10 9 10 26 22 34 31 27 42 42 55 71 75 91 112 93 127 134 135 162 146 161 181 182 218 220 214 225 212 212 215 213 221 213 189 197 195 186 180 175 167 188 140 153 135 140 113 98 102 103 89 82 78 69 82 49 48 41 36 31 29 36 36 23 20 20 20 15 20 19 16 13 7 11 10 6 6 5 5 2 4 6 7 5 1 5 5 2 3 1 1 1 2 1 1 3 2 3 1 1 0 0 1 0 0 0 1 0 0 1 
0 0 1 0 1 1 2 3 11 10 14 8 26 25 40 41 50 55 71 72 114 87 116 126 117 135 165 200 178 189 177 203 227 210 222 245 185 244 235 208 233 213 211 210 168 208 155 167 142 134 134 125 125 105 85 85 102 97 73 69 69 56 55 51 39 39 39 31 38 36 22 19 17 22 20 14 15 16 9 13 12 4 8 9 0 6 1 2 8 5 2 5 4 1 5 3 1 2 3 0 0 1 3 1 0 1 0 0 2 1 0 0 0 0 0 1 
0 0 0 2 4 6 5 7 9 5 7 11 9 16 15 23 30 28 33 50 60 86 73 86 114 113 142 128 160 174 173 176 200 196 226 222 218 213 202 242 218 211 209 221 205 201 196 186 163 183 145 155 147 133 110 129 80 92 92 83 63 76 64 45 50 41 39 39 43 40 33 27 32 25 21 26 13 19 19 9 13 10 7 10 8 7 11 3 6 11 3 6 5 3 4 0 1 0 1 2 1 0 1 1 3 2 0 0 0 1 0 0 0 0 1 0 
0 0 1 1 1 1 6 5 7 8 17 14 21 25 27 52 67 41 60 66 81 85 115 140 144 148 134 174 177 201 186 242 211 217 226 234 226 256 199 218 226 207 200 207 201 178 170 170 143 154 135 109 108 103 94 97 80 77 74 72 71 47 47 39 42 52 25 40 26 27 30 20 34 22 7 19 19 17 10 9 10 6 12 9 2 4 8 5 6 5 5 6 5 5 4 4 2 1 2 4 0 2 2 2 2 0 1 0 1 1 0 0 3 0 0 1 
0 0 0 0 1 1 6 2 4 8 7 8 15 10 14 14 25 26 27 36 38 55 63 76 90 109 114 101 123 133 159 154 194 169 184 221 199 201 213 227 240 227 220 215 206 222 192 186 179 178 180 153 148 148 130 121 133 104 105 107 114 64 73 76 70 54 62 59 45 31 34 46 35 29 26 26 20 17 16 15 16 10 17 13 12 7 16 9 6 6 10 8 5 9 4 2 4 2 4 2 3 1 1 4 1 2 0 0 0 3 0 0 1 0 0 0 3 1 1 1 0 0 
0 0 0 2 3 3 4 5 3 6 19 18 12 15 16 24 25 44 37 42 60 67 92 72 83 133 125 144 140 184 172 180 210 202 203 222 220 226 239 222 224 219 231 223 213 179 207 212 192 172 158 155 126 130 121 121 101 101 89 89 76 56 54 48 45 48 45 50 43 39 30 33 30 20 22 23 20 23 15 16 19 12 9 8 11 9 7 6 7 8 7 7 9 10 4 3 5 6 4 2 1 1 5 0 3 0 2 1 3 1 1 0 1 0 0 0 0 0 0 0 0 
0 0 2 1 1 4 5 2 16 18 17 17 9 24 27 49 48 73 54 67 90 121 108 104 139 152 124 173 158 209 186 199 209 218 232 204 211 236 232 225 190 201 199 191 184 189 189 151 151 140 131 114 122 125 120 104 108 86 76 77 62 45 51 64 54 43 34 29 30 19 28 25 29 22 20 13 13 13 13 9 9 5 11 3 3 5 10 5 7 1 4 5 5 5 3 2 3 3 1 2 2 3 3 1 5 1 1 0 0 0 0 0 1 0 3 0 1 0 
0 0 0 1 0 0 3 6 1 9 5 33 16 32 22 32 50 47 66 53 69 74 98 113 127 123 172 179 187 204 206 207 195 221 225 212 209 231 232 219 218 211 200 201 195 203 200 171 172 175 144 128 119 130 117 115 105 93 71 77 54 66 39 55 54 38 30 30 26 29 26 25 26 24 22 20 26 20 11 13 13 13 6 5 3 3 7 3 4 4 6 5 4 1 2 4 1 2 2 1 4 2 0 1 2 3 3 5 0 0 1 0 0 1 0 0 0 0 0 0 
0 0 0 3 0 5 3 3 8 4 10 8 35 27 27 36 53 51 65 68 78 76 95 121 124 142 142 180 165 175 180 192 186 178 233 203 233 220 214 228 216 188 209 210 210 190 173 183 152 147 143 132 109 118 129 105 102 85 81 77 54 70 53 46 52 34 38 34 35 38 24 18 23 29 19 13 18 18 11 9 10 11 6 10 10 4 7 10 3 3 3 8 3 3 5 2 2 3 4 3 5 1 0 2 2 3 1 1 1 0 1 1 2 0 0 1 0 1 0 0 1 
0 0 0 1 2 3 4 2 8 14 14 10 4 24 36 39 50 39 53 73 68 65 98 108 158 133 144 138 185 205 205 207 236 193 192 211 215 221 252 242 222 241 213 182 179 175 156 153 151 156 157 135 124 116 103 102 101 88 80 71 70 58 61 52 42 41 31 28 26 32 21 26 25 21 14 11 16 12 11 10 12 9 10 3 12 10 5 3 6 3 6 5 8 6 4 1 2 1 0 0 1 0 1 0 3 3 2 2 0 1 1 0 0 0 0 0 0 0 1 
0 0 0 1 6 2 8 0 3 9 9 13 25 30 26 28 36 43 73 73 88 105 89 103 131 117 165 154 160 178 182 185 198 197 217 230 217 208 238 222 234 210 216 174 230 163 182 152 154 185 143 120 115 106 114 98 93 92 75 87 83 60 46 51 35 41 49 35 41 31 33 23 23 19 19 13 16 14 10 16 20 10 7 9 5 4 6 5 4 4 3 2 4 3 1 1 4 2 1 3 1 2 0 1 0 1 0 1 0 0 0 1 0 0 0 0 1 0 0 
0 0 0 2 3 3 3 2 7 17 19 23 21 22 49 34 49 64 73 68 69 88 103 108 135 134 147 176 160 164 211 191 220 207 227 224 251 225 216 238 201 231 204 225 200 193 180 153 159 143 150 126 129 96 94 96 100 70 83 80 66 72 64 40 38 49 41 38 36 34 20 29 16 16 16 13 24 11 14 11 9 8 12 8 5 5 3 4 8 8 7 2 3 4 7 2 6 3 4 1 2 2 0 3 2 1 1 2 3 2 2 0 1 0 0 2 0 0 
0 0 0 2 0 3 6 3 3 5 5 17 19 24 28 24 39 47 47 47 62 84 110 119 93 122 141 122 174 198 174 206 177 206 208 209 227 237 224 237 210 233 234 188 185 201 182 171 164 138 151 153 140 137 120 111 103 112 70 79 67 64 63 43 41 40 40 41 37 43 33 30 32 24 14 22 16 12 18 9 20 14 6 7 8 11 6 5 3 7 3 3 3 3 3 2 0 2 4 2 3 1 3 1 2 1 0 2 1 1 1 0 2 0 0 0 0 0 0 0 
0 0 0 1 6 4 2 2 7 5 5 18 22 12 12 23 20 34 56 46 56 80 89 88 115 118 113 132 138 159 157 203 172 188 200 201 214 222 228 236 213 203 208 218 194 222 218 178 182 157 186 162 135 153 129 115 107 83 85 80 93 85 64 69 50 48 51 40 40 36 36 32 23 19 19 18 21 12 20 11 15 13 18 9 14 6 16 9 8 5 9 3 7 4 2 8 1 1 3 2 1 1 1 2 1 3 3 0 2 1 1 1 2 1 0 1 1 1 0 1 0 
0 0 1 2 0 1 9 3 4 8 11 14 6 24 22 19 16 35 36 37 48 60 67 66 82 117 109 134 132 148 143 176 162 188 174 179 206 207 225 207 242 230 217 211 226 184 199 217 172 152 152 137 174 142 159 126 127 119 87 106 88 93 69 92 65 69 55 49 43 34 37 41 31 31 23 24 25 15 19 13 18 17 15 13 12 13 10 10 12 5 2 7 9 4 8 3 6 3 2 0 3 2 1 0 2 2 1 2 2 1 0 2 0 3 0 0 0 1 0 1 0 0 0 0 
0 0 0 0 2 4 4 3 3 3 8 7 8 18 11 25 27 23 33 35 52 67 66 74 92 103 96 162 138 180 174 177 159 187 213 191 232 215 222 218 243 213 227 205 231 199 177 200 180 148 161 162 158 127 134 114 112 104 104 102 85 74 80 58 60 64 65 43 46 40 28 35 36 24 34 14 25 18 16 16 17 20 11 10 7 9 14 7 6 4 2 6 6 9 6 4 2 4 4 3 1 1 1 2 0 2 4 0 1 1 1 0 3 0 0 0 0 0 1 0 1 
0 0 0 2 2 5 1 4 4 15 13 14 17 29 33 26 65 36 62 66 89 75 85 111 110 123 124 151 157 168 182 178 170 223 259 206 222 211 210 222 212 229 212 185 194 156 178 167 168 168 157 136 133 129 113 113 106 88 98 90 68 54 67 47 47 44 42 37 27 34 31 26 22 28 14 13 16 11 10 9 7 11 10 7 6 10 7 3 9 5 2 5 3 2 4 4 3 2 3 0 0 3 1 2 2 1 0 4 2 2 0 1 0 1 0 0 0 0 
0 0 2 0 5 0 4 14 2 15 18 14 18 36 19 36 33 45 51 77 81 105 107 101 118 122 151 169 184 177 164 198 210 170 201 199 243 242 223 238 213 223 193 206 191 205 179 178 149 169 130 146 109 119 124 99 79 97 86 83 71 74 49 51 49 52 42 35 48 25 32 19 26 32 15 27 18 12 17 12 10 7 12 7 6 3 11 6 5 5 5 3 3 5 6 5 1 4 4 1 1 1 1 1 3 0 0 0 1 1 1 0 0 0 0 0 0 0 
0 0 3 0 2 0 1 1 2 4 8 7 10 7 22 29 26 23 27 37 40 52 70 83 80 94 89 120 152 146 177 180 192 217 213 222 222 215 230 227 234 218 215 210 207 195 197 208 174 173 191 146 129 123 126 113 119 129 108 83 81 89 71 76 58 55 48 37 44 45 31 35 29 22 29 27 18 23 15 15 11 8 12 6 9 7 7 5 6 6 6 5 7 3 1 4 1 1 3 1 4 1 3 2 1 0 3 1 0 1 2 1 0 1 1 1 0 1 0 1 0 
0 0 0 0 2 1 5 8 11 13 20 28 24 29 29 32 42 56 67 74 89 105 114 147 145 122 160 167 180 182 198 215 225 217 216 252 234 255 211 217 192 226 200 192 171 195 168 158 163 119 131 133 127 110 85 103 94 82 79 75 73 55 50 43 57 45 34 44 34 25 32 41 28 15 26 10 20 14 24 15 3 11 18 8 5 8 5 7 7 3 6 5 2 8 6 9 2 1 2 5 3 0 1 0 2 0 0 1 2 0 1 1 0 1 0 0 0 1 
0 0 0 2 0 2 2 4 2 10 8 6 8 18 17 19 41 36 31 35 36 74 95 91 100 99 117 114 150 155 191 171 195 196 227 196 208 230 214 219 225 238 222 218 228 223 194 193 162 165 187 154 133 134 129 135 106 88 102 84 90 78 71 63 52 46 51 43 51 39 27 25 22 30 30 23 19 18 18 19 17 16 9 7 17 4 7 7 7 9 10 4 8 4 3 5 1 0 5 3 4 3 1 0 0 1 3 0 2 0 1 2 0 1 0 0 2 0 
0 0 0 0 3 2 1 4 8 17 19 12 18 29 28 35 34 40 48 70 73 87 111 115 121 131 148 135 184 189 199 217 200 228 199 220 271 241 239 204 192 242 230 196 199 181 192 139 170 150 158 123 118 112 126 98 109 82 78 80 68 67 51 47 46 51 43 33 30 31 35 21 23 20 36 17 20 21 11 12 12 12 12 4 8 4 6 4 7 6 2 1 6 3 3 2 3 2 1 1 3 2 0 2 2 1 3 3 1 1 0 1 0 1 2 0 0 0 
0 0 0 1 1 2 2 4 8 2 12 21 10 17 12 21 23 40 49 65 71 87 81 93 94 98 113 119 170 155 163 155 203 187 180 211 218 218 232 213 233 209 233 217 207 207 221 172 200 148 162 176 142 139 125 133 100 92 88 95 81 60 57 46 76 47 54 43 50 37 31 22 35 29 27 11 15 16 24 15 20 12 11 16 6 9 7 8 4 7 8 2 8 3 3 3 6 3 2 4 0 1 0 2 1 1 3 1 4 1 1 0 1 0 0 0 2 1 0 0 
0 0 0 0 4 0 3 2 4 3 11 19 17 30 29 30 43 56 64 77 90 85 138 127 108 155 152 166 192 215 207 210 224 220 236 224 254 249 225 233 224 210 218 188 200 181 166 199 140 152 127 120 116 125 132 109 91 81 86 89 61 46 58 38 50 35 34 32 42 38 26 32 20 21 11 21 14 12 9 13 11 6 9 7 4 7 8 9 7 2 3 4 2 3 2 2 3 5 2 0 1 0 2 1 1 1 0 0 0 0 1 2 1 1 0 1 1 1 0 
0 0 0 4 0 4 1 3 3 3 2 7 14 13 14 15 29 34 28 48 56 48 70 77 82 120 112 135 134 147 183 205 198 194 182 216 210 248 226 231 220 203 256 234 235 199 204 204 227 197 190 143 161 151 157 123 136 98 108 100 94 73 86 67 64 50 52 41 46 46 39 31 37 25 21 29 22 16 16 16 15 17 24 14 10 11 9 9 8 4 8 6 5 6 9 2 2 3 0 2 0 4 3 0 2 3 3 0 0 1 1 2 2 1 1 1 0 0 0 0 0 
0 0 0 1 3 2 6 7 6 4 15 12 10 18 18 18 16 24 33 46 47 51 83 75 80 110 108 124 138 170 161 177 204 185 193 213 211 226 225 233 224 207 249 232 202 221 199 174 175 177 159 133 147 121 125 122 127 99 102 97 80 80 87 75 63 62 51 54 44 30 36 35 34 25 22 20 30 19 14 20 17 13 8 9 13 7 6 7 3 7 3 8 3 5 4 6 1 2 4 1 4 1 5 3 1 0 0 1 3 1 1 0 3 2 0 1 0 0 0 1 2 0 0 0 
0 0 0 2 2 3 7 1 7 10 5 5 13 16 17 14 27 34 32 52 87 79 78 79 100 103 128 123 142 150 166 169 199 195 207 206 215 227 214 210 215 194 223 223 219 227 198 197 177 190 149 150 148 135 132 108 106 97 106 102 83 100 73 67 51 59 56 47 32 32 39 29 26 20 27 17 19 21 13 14 15 9 12 10 9 14 8 6 5 8 6 2 3 3 5 0 2 1 2 1 2 3 2 0 1 0 1 1 2 1 1 0 0 1 0 1 0 1 0 0 0 
0 0 1 1 1 4 4 6 6 6 6 5 9 6 7 18 21 38 31 22 38 51 55 70 85 94 118 104 120 128 165 165 161 174 221 215 202 216 235 237 226 233 232 257 255 208 211 214 181 196 183 166 157 135 134 130 140 108 108 89 106 98 67 68 65 81 68 48 39 44 48 28 28 31 27 28 32 23 19 19 9 13 13 12 13 15 13 6 9 8 5 5 7 1 7 6 8 4 0 1 3 3 1 5 3 2 1 2 2 3 2 2 0 0 0 1 1 2 1 1 2 0 1 0 
0 0 0 1 1 2 2 1 2 5 2 21 15 23 9 17 25 34 47 63 72 71 104 107 100 132 132 161 167 206 221 211 210 206 210 235 227 225 238 233 202 231 216 207 173 180 207 175 176 169 161 138 158 132 119 121 98 103 85 78 79 68 70 63 36 48 40 42 56 30 26 29 23 22 30 19 14 26 12 17 20 7 12 11 9 5 4 6 12 2 4 7 4 4 3 4 5 3 3 4 1 3 1 2 1 0 2 1 0 0 0 0 0 0 1 0 1 0 1 0 
0 0 0 2 2 3 7 9 9 16 17 23 19 20 22 30 39 52 60 73 83 88 107 117 115 131 128 186 171 179 184 217 219 195 205 235 214 217 214 234 246 212 197 215 181 197 160 149 160 154 136 144 132 122 109 110 87 90 89 74 64 75 69 49 53 47 42 45 28 41 36 26 30 32 17 19 15 20 8 16 11 14 8 13 8 7 8 9 9 4 3 6 5 3 3 2 3 1 2 3 4 1 2 2 5 1 0 1 0 1 0 1 1 1 0 1 0 
0 0 0 0 1 2 8 4 6 7 21 15 24 8 32 42 55 33 60 63 85 77 112 98 131 138 157 154 184 188 205 194 199 205 208 223 229 232 217 216 237 239 191 242 177 190 185 189 170 158 141 139 128 110 99 112 94 78 80 69 68 56 55 54 62 51 34 39 34 36 29 27 26 18 18 15 14 17 16 13 11 10 9 7 9 9 6 8 2 4 4 7 5 4 2 4 4 0 0 0 1 0 0 3 2 2 1 0 0 0 0 0 0 2 0 0 0 
0 0 0 2 2 3 2 4 1 9 10 7 8 16 23 29 43 52 53 69 67 74 78 90 101 123 148 141 154 151 175 179 199 195 246 227 221 221 205 225 231 220 241 238 219 177 214 184 195 173 144 148 140 133 109 105 112 101 90 74 71 77 70 58 51 50 54 46 41 35 29 25 23 20 19 27 13 22 15 13 11 13 10 13 11 8 6 6 4 6 4 4 7 1 2 2 1 2 2 3 3 4 1 3 2 0 0 0 0 0 0 1 3 0 0 2 0 1 1 
0 0 0 0 3 2 7 4 5 5 4 13 7 22 23 18 17 36 50 43 76 70 71 77 106 114 124 145 142 139 173 177 197 184 230 243 222 249 248 219 223 241 237 226 187 187 182 203 173 173 144 149 143 111 108 106 113 110 93 76 86 57 60 60 52 57 50 42 39 44 42 33 35 33 19 23 29 21 20 11 13 17 13 10 6 12 9 12 8 8 4 3 2 4 4 3 1 2 0 1 2 1 1 1 1 2 2 1 0 2 1 0 1 0 0 0 1 0 1 0 1 0 1 
0 0 1 1 5 3 5 9 7 19 15 23 18 31 18 37 45 46 55 79 75 93 104 129 126 156 172 158 169 189 219 184 205 238 241 247 215 224 219 231 223 203 189 168 196 203 161 151 163 155 127 135 130 95 113 111 78 105 90 65 75 62 63 67 43 38 29 46 29 25 29 24 23 22 16 18 17 12 12 9 9 13 12 9 6 9 6 5 1 6 4 5 5 7 3 4 2 1 1 0 2 4 1 2 1 1 0 1 0 1 0 1 0 0 1 1 
0 0 2 0 1 3 6 3 2 11 9 13 21 26 19 32 29 53 69 59 69 80 90 119 119 131 145 147 191 196 213 208 217 226 215 234 240 233 217 228 191 218 215 196 216 218 183 173 191 158 147 114 114 114 110 109 94 88 88 77 73 64 63 47 45 40 25 33 36 27 29 28 25 18 23 15 19 18 18 19 13 10 13 15 11 9 5 8 4 5 4 1 2 0 1 1 5 2 2 0 1 1 0 0 1 0 2 1 3 0 1 0 1 1 1 1 2 0 0 0 0 0 0 
0 0 0 0 2 1 3 4 3 5 5 14 16 28 33 44 54 61 50 62 82 78 89 103 134 124 130 164 169 193 187 197 189 215 219 223 231 215 255 227 193 226 226 215 205 196 180 206 177 148 159 157 113 120 131 115 85 97 94 81 58 63 59 47 54 42 50 39 37 41 20 25 18 18 14 26 17 14 15 11 7 10 7 12 8 5 3 9 8 5 8 3 4 0 1 1 2 2 2 3 1 0 0 0 1 0 0 0 1 1 0 0 1 0 0 0 0 
0 0 0 1 2 1 5 3 3 8 14 13 13 15 44 39 58 50 48 64 58 76 91 109 139 132 148 151 159 156 203 189 201 221 202 202 256 231 208 242 230 211 212 203 182 190 184 181 181 181 139 137 131 144 115 104 109 79 94 77 49 58 59 59 50 55 47 31 33 30 33 29 22 22 22 13 21 14 18 12 11 10 12 9 9 4 3 3 6 6 4 4 4 7 1 2 5 0 1 2 2 1 3 1 2 1 2 0 1 0 0 1 1 0 1 0 0 0 0 2 1 
0 0 1 3 5 1 2 9 12 7 12 18 22 25 26 46 51 48 72 66 95 89 106 106 122 130 170 163 188 205 190 222 237 221 233 253 248 257 227 233 225 197 221 184 204 212 160 156 149 140 131 123 108 94 106 87 84 81 72 62 49 58 61 40 53 37 34 38 36 25 29 26 19 14 17 19 19 14 8 17 10 7 11 5 9 7 6 4 7 9 6 4 4 4 2 2 2 2 2 2 2 0 0 0 2 0 1 1 1 1 0 0 0 0 0 1 0 
0 0 1 1 3 1 1 7 4 7 5 14 6 13 35 33 40 35 66 58 74 91 104 117 127 125 138 171 154 209 191 214 214 215 220 219 228 232 222 221 251 202 222 241 205 197 169 181 172 158 171 164 129 113 87 117 105 95 91 82 76 56 62 51 50 38 48 33 34 28 40 37 31 19 25 17 19 19 12 10 12 9 8 7 5 2 12 14 7 4 9 5 3 2 4 1 3 3 4 5 3 0 0 2 0 2 3 2 3 0 1 0 1 2 0 0 1 1 0 0 
0 0 0 0 1 0 2 3 11 17 7 19 21 22 31 32 39 49 78 67 79 97 91 110 130 136 129 155 171 145 197 216 188 218 246 240 216 235 261 230 218 236 211 191 186 197 158 186 141 149 159 127 124 109 109 103 100 104 64 84 77 75 59 53 59 49 39 36 38 30 29 23 28 24 21 16 13 18 13 19 11 9 6 4 7 5 6 7 7 3 5 5 2 2 3 3 3 6 2 4 0 1 4 1 1 0 2 0 0 1 1 0 0 0 0 1 0 1 1 0 0 0 
0 0 0 1 0 4 3 4 5 7 13 9 10 20 25 37 52 48 30 53 78 89 86 101 97 126 141 149 175 182 176 215 202 219 232 224 220 248 239 237 215 216 196 216 191 185 188 204 195 168 159 133 145 125 147 109 113 96 67 77 70 65 58 51 57 37 48 32 37 41 31 29 27 21 16 20 24 9 16 11 12 10 13 10 15 6 6 3 3 9 3 2 5 0 2 5 2 2 4 5 0 0 1 1 0 0 0 0 0 0 0 1 1 0 2 1 0 
0 0 1 1 2 4 3 4 4 4 8 12 23 20 19 17 38 32 38 36 45 61 79 96 113 116 132 128 137 129 159 140 179 237 196 207 216 237 226 239 205 235 210 248 232 194 187 189 188 168 159 160 158 131 111 130 93 100 112 88 75 66 79 73 51 50 70 48 40 44 35 29 32 22 20 21 28 17 22 18 16 12 10 10 7 8 13 8 8 5 4 6 6 5 6 1 3 4 1 4 4 2 2 1 1 2 3 0 1 1 0 0 2 0 0 1 0 0 1 1 1 
0 0 0 1 2 4 7 4 3 8 10 19 25 17 23 22 24 43 43 68 71 68 70 97 113 99 136 148 168 161 198 197 219 226 222 240 237 239 219 254 243 247 233 211 199 206 188 176 175 157 153 134 130 115 129 104 100 93 87 86 81 53 53 57 49 36 46 48 36 21 29 14 21 22 20 28 11 17 9 14 7 7 10 14 4 6 2 8 8 5 3 5 6 9 2 1 1 5 1 0 1 1 1 0 0 1 2 1 5 0 1 0 1 2 0 0 0 0 0 
0 0 1 4 1 4 5 6 2 7 6 20 14 21 29 40 47 54 61 75 105 107 104 123 123 134 148 164 174 192 223 216 247 219 212 258 253 235 253 227 207 241 232 189 189 186 195 164 174 148 131 126 136 123 112 114 80 94 80 69 86 64 47 53 35 39 33 31 36 28 29 28 20 19 18 17 13 15 10 13 13 5 5 7 6 7 9 7 7 2 5 3 5 2 1 3 3 1 3 1 3 2 2 2 4 1 3 1 3 1 1 2 0 2 0 1 2 2 0 1 0 1 
0 0 0 2 1 3 6 3 6 10 15 9 13 20 21 17 14 15 17 36 53 59 68 83 85 98 109 127 155 141 155 196 193 203 190 196 204 225 232 224 234 239 231 235 206 208 241 187 186 168 186 156 150 135 150 112 141 100 100 90 89 76 59 90 59 67 66 50 29 47 33 44 30 28 21 26 28 20 20 15 13 21 11 6 7 9 12 8 2 6 12 4 5 9 3 2 4 1 2 2 1 3 3 2 1 0 1 0 1 1 0 0 2 0 0 0 1 0 0 0 0 0 0 
0 0 1 1 0 4 1 4 6 8 8 19 10 14 19 19 14 31 48 45 55 62 59 93 90 110 109 152 128 119 149 182 172 181 205 223 216 227 211 229 220 200 220 223 245 207 211 212 188 168 185 173 176 142 119 133 135 99 97 95 83 67 84 82 76 60 50 55 40 27 35 38 39 29 30 35 15 24 27 17 12 13 12 11 12 11 8 12 7 3 6 8 5 8 8 2 4 4 2 7 4 2 4 2 0 3 4 1 0 1 0 0 1 0 1 2 2 2 0 2 0 0 0 
0 0 0 1 3 2 5 4 2 6 7 16 17 14 16 26 33 34 45 47 69 60 85 107 109 102 106 144 132 177 188 163 184 215 203 246 200 218 268 256 216 231 237 246 197 196 186 216 196 163 155 150 126 123 138 113 116 126 79 98 86 64 66 72 57 44 41 47 43 48 41 36 22 35 29 17 29 23 13 17 16 5 14 11 11 9 10 2 6 7 6 5 2 5 2 4 3 3 1 4 1 2 3 2 3 1 1 1 2 1 1 1 1 0 1 1 0 1 0 0 
0 0 1 1 1 0 4 6 6 10 12 11 15 12 18 46 32 50 42 57 79 75 99 107 125 117 153 161 164 199 172 182 213 198 232 245 217 237 253 241 236 218 213 232 191 193 190 191 166 155 166 139 130 132 101 101 87 81 84 68 80 62 63 48 49 49 44 35 53 33 34 26 30 24 21 23 16 11 8 13 13 12 10 15 8 6 3 9 8 8 5 7 6 7 7 4 1 2 3 0 2 2 3 0 0 1 2 0 1 0 1 0 0 1 0 0 0 0 1 0 1 
0 0 0 0 2 4 4 8 4 7 17 11 18 19 20 21 23 27 49 56 62 78 104 107 130 123 119 137 175 197 160 178 180 217 210 254 238 246 214 242 240 241 240 190 206 193 199 168 148 162 153 135 113 127 132 94 108 104 87 87 83 74 64 58 46 52 47 31 48 34 34 29 20 31 22 22 18 18 11 17 18 3 10 3 3 3 7 9 6 5 2 6 3 4 2 1 3 2 3 2 1 1 1 1 0 0 0 2 1 0 0 1 1 1 0 0 0 0 0 0 
0 0 0 2 2 2 3 6 7 4 2 5 9 15 11 38 35 22 39 41 51 60 68 70 98 119 129 137 113 155 177 172 187 210 209 210 229 218 221 224 235 212 226 213 210 195 198 219 166 180 166 142 137 138 124 108 134 125 120 81 93 83 60 62 44 53 54 55 46 42 27 31 27 36 20 31 24 22 21 20 13 15 13 10 14 12 11 13 7 5 7 4 3 8 7 4 1 3 1 3 5 4 1 2 5 0 2 2 1 0 0 0 1 0 0 0 0 0 
0 0 1 0 3 2 2 7 7 37 20 12 17 22 35 50 58 67 72 87 82 99 107 131 137 157 146 163 205 179 186 222 250 208 225 221 225 216 243 236 211 192 187 209 184 175 180 162 148 147 148 118 116 121 93 97 104 85 74 73 56 65 61 60 49 43 33 34 32 33 30 25 26 20 17 14 18 14 18 11 14 14 7 12 6 6 8 3 7 3 5 6 3 1 2 5 2 1 1 2 3 1 2 3 3 0 2 0 0 0 1 0 0 0 1 0 2 1 0 1 
0 0 0 1 3 0 1 0 7 15 14 13 8 17 23 48 38 39 50 50 58 80 92 101 98 114 133 136 138 173 179 194 186 174 188 224 207 226 194 242 221 243 229 201 200 228 190 172 194 169 156 150 117 111 122 109 100 85 85 89 70 77 65 58 49 52 50 37 32 41 39 28 39 21 18 28 15 14 16 11 14 14 9 10 10 10 8 6 6 8 2 3 2 6 1 2 2 3 0 6 1 3 1 1 2 2 0 1 0 2 1 3 3 1 0 0 0 1 0 
0 0 0 1 1 4 5 5 6 10 17 6 20 33 41 43 42 68 82 84 108 109 97 128 111 139 165 183 205 181 209 221 248 242 232 236 249 235 225 224 225 211 221 171 191 172 215 174 140 154 129 141 121 113 124 85 99 76 79 81 63 62 51 55 40 43 38 40 32 26 30 21 22 22 7 18 26 10 13 19 9 13 6 6 9 4 4 1 3 6 7 2 5 6 1 7 5 1 3 2 0 1 1 1 0 2 1 0 0 1 1 0 2 1 0 0 0 1 0 0 0 
0 0 0 2 2 3 3 1 6 1 10 11 22 20 23 37 37 27 59 51 79 67 92 94 88 130 145 146 161 161 195 198 199 197 226 210 226 254 263 251 243 230 206 217 207 201 191 191 180 185 163 131 152 104 99 105 100 95 72 69 71 64 75 58 71 53 47 42 31 38 35 27 18 30 20 15 17 19 12 14 11 8 11 10 7 8 6 7 4 10 3 5 3 4 4 6 3 1 5 1 2 1 4 2 0 0 1 2 2 0 1 1 0 1 1 0 1 0 0 2 
0 0 1 2 1 2 2 6 1 4 3 7 7 15 8 9 15 37 26 43 33 61 69 50 76 88 92 100 110 133 128 137 145 161 204 200 221 216 227 234 213 240 248 213 227 209 205 222 206 167 208 176 178 156 155 154 138 115 113 107 105 91 97 79 70 83 56 48 70 41 48 35 29 39 36 30 26 27 23 16 13 16 15 17 10 10 9 9 7 9 9 8 8 3 8 6 4 2 5 1 0 2 3 1 1 2 1 4 1 1 0 0 0 2 4 0 0 0 1 0 0 0 0 1 0 
0 0 0 0 2 2 4 3 4 6 8 9 27 23 19 33 26 30 46 79 82 88 89 108 123 139 147 122 160 198 202 195 193 217 251 259 219 238 234 229 254 238 215 196 190 195 186 191 189 172 151 126 132 126 121 112 88 92 74 86 72 67 71 47 50 48 35 46 41 26 32 26 22 26 12 14 17 15 14 13 8 16 11 7 7 13 3 7 5 6 3 4 5 4 3 6 4 1 5 0 3 2 1 0 0 1 1 1 0 0 0 0 0 0 1 0 1 0 
0 0 0 0 5 0 3 2 8 16 19 16 21 12 17 28 40 45 53 60 78 77 87 104 128 118 140 147 164 159 179 200 196 214 239 227 234 215 212 201 223 211 226 214 198 188 162 191 159 154 148 158 122 119 137 100 78 90 90 98 76 65 53 50 53 49 26 44 41 36 28 39 32 20 25 22 18 23 17 15 13 14 16 6 7 13 12 7 5 7 3 6 5 4 5 6 5 1 2 1 2 3 3 3 1 0 0 0 0 2 3 1 0 1 1 1 3 1 0 0 0 
0 0 1 2 0 3 6 1 4 3 12 9 13 9 24 24 39 33 35 57 55 73 83 88 89 136 120 147 144 171 197 177 195 200 229 249 237 222 250 225 246 208 237 226 243 175 181 218 154 152 137 132 131 130 132 130 100 96 90 78 82 72 69 48 44 51 40 51 41 28 20 30 37 23 22 27 15 7 15 14 11 15 8 16 17 9 13 6 7 8 7 3 0 1 1 4 2 5 3 4 3 0 7 4 1 2 1 1 2 0 1 0 0 0 1 0 1 
0 0 2 0 1 5 9 6 7 9 5 15 20 16 20 26 28 48 46 76 98 60 87 125 140 135 138 160 162 175 204 217 202 217 215 231 242 215 235 232 245 188 165 197 181 175 180 186 163 147 147 135 138 128 124 115 116 88 79 77 66 56 72 51 59 57 51 39 41 40 28 27 35 34 22 27 22 17 10 14 11 7 13 5 11 6 4 6 8 7 1 3 2 2 2 0 6 6 4 1 2 0 1 1 1 0 0 0 2 1 0 2 3 3 0 1 0 
0 0 0 0 4 2 8 16 9 9 17 17 27 45 42 47 44 53 61 90 88 86 123 117 132 167 164 179 206 184 220 219 244 233 220 211 195 236 213 216 225 187 202 218 197 189 169 181 147 159 151 132 117 102 107 75 90 72 68 66 61 54 55 54 39 31 37 35 38 28 25 25 16 25 17 21 18 11 13 12 12 9 9 8 10 7 7 7 4 2 3 3 5 3 7 1 2 3 1 3 4 2 2 2 0 2 1 0 0 2 1 1 0 1 1 
0 0 0 1 1 2 3 3 5 4 7 9 11 19 26 35 48 29 43 47 74 79 102 85 112 147 146 160 162 169 191 200 242 234 191 208 232 219 206 237 250 200 206 213 210 203 190 199 179 161 138 144 131 136 115 106 82 86 88 87 76 71 58 73 43 53 41 50 27 42 26 29 19 23 16 24 19 21 15 15 8 11 15 6 10 9 2 7 7 1 4 1 4 4 1 5 0 1 1 2 2 0 5 4 2 2 0 0 0 1 1 2 0 0 0 0 0 1 1 0 0 
0 0 0 1 1 2 0 3 4 9 4 3 10 8 13 26 30 36 35 41 54 73 85 90 78 86 129 115 124 137 161 183 188 212 210 197 211 247 236 230 223 212 220 200 203 199 215 187 207 161 175 172 134 147 120 127 129 109 94 99 87 77 63 65 54 53 53 58 59 39 41 31 26 25 16 19 15 16 15 18 11 16 12 16 7 11 10 9 3 6 4 9 4 3 5 6 4 3 3 2 2 0 3 2 0 1 0 0 3 2 1 1 1 1 0 0 0 1 1 0 1 0 0 1 0 1 0 0 
0 0 0 1 1 5 1 4 3 7 12 9 13 11 18 20 25 33 40 56 62 67 102 101 80 112 138 125 146 162 207 204 198 212 227 206 228 232 217 204 255 243 229 227 237 233 174 202 183 168 160 132 147 133 98 124 121 109 80 84 68 81 78 45 52 59 50 54 46 42 30 39 26 31 19 27 29 22 20 20 16 15 13 14 11 3 8 7 4 6 13 3 5 3 7 4 3 1 4 3 1 3 1 2 0 1 0 1 1 1 2 0 2 1 0 0 0 0 1 0 
0 0 0 0 0 4 2 4 8 11 14 11 9 29 31 43 48 49 53 59 70 68 95 105 139 151 138 181 175 194 196 189 179 210 217 223 229 228 242 219 223 211 228 226 201 200 181 177 148 170 147 158 141 119 102 91 95 85 101 88 80 71 73 59 49 54 40 34 34 36 33 25 31 22 14 16 15 10 19 7 10 11 10 16 9 7 8 6 3 5 3 3 6 3 5 2 1 2 4 6 3 0 1 0 3 3 2 1 0 0 0 1 0 2 0 0 1 0 
0 0 0 0 0 7 4 6 13 11 11 23 22 27 28 25 45 60 55 65 72 94 116 120 95 159 139 167 170 175 177 216 202 227 240 219 210 209 231 198 229 224 244 184 229 193 184 199 164 168 157 147 122 110 99 93 89 91 89 58 84 78 76 53 49 49 34 39 43 26 22 25 20 22 25 19 10 18 19 10 19 19 6 12 3 4 10 3 5 6 0 5 3 4 3 7 2 3 2 0 0 4 2 1 2 2 0 0 1 1 1 1 0 0 0 0 0 0 1 
0 0 0 0 1 4 7 15 13 9 16 24 31 27 52 34 43 56 82 97 106 105 99 120 163 155 186 172 199 195 197 204 207 236 211 241 211 222 221 230 207 213 195 220 190 182 176 172 145 140 129 152 108 112 91 88 84 71 68 59 58 46 47 58 41 43 36 37 35 31 27 31 16 15 18 23 19 10 12 10 9 8 10 9 8 6 8 10 5 11 2 2 3 2 1 2 2 4 0 2 1 3 3 0 0 2 1 1 0 2 0 0 1 0 3 1 1 0 
