0 0 0 0 0 0 0 15 0 0 3 3 6 6 9 12 19 22 16 35 35 58 76 89 101 127 183 223 244 268 248 290 258 316 342 344 359 339 354 330 313 307 258 256 291 240 221 185 150 139 147 113 93 87 93 67 53 56 51 43 32 42 19 20 10 23 11 14 14 9 4 7 11 4 3 5 3 3 3 3 1 1 0 1 0 1 0 0 0 0 1 1 0 0 0 0 0 0 0 0 0 0 0 0 0 0 0 0 0 0 0 0 0 0 0 0 0 0 0 0 1 0 0 0 0 0 0 
0 0 0 0 0 0 0 10 0 0 3 6 9 5 3 18 16 43 45 45 64 90 103 120 143 187 182 175 245 261 283 308 287 322 316 348 315 351 314 327 267 299 251 253 220 176 175 157 135 115 108 86 84 65 59 71 52 43 41 31 36 26 24 16 18 12 13 13 9 9 5 7 5 4 6 5 2 1 3 3 3 2 2 3 0 2 1 1 1 0 0 0 0 0 0 0 0 0 0 0 1 0 0 0 0 0 0 0 0 0 0 1 0 0 0 0 0 0 0 0 0 0 0 0 0 0 
0 0 0 0 0 0 0 8 0 0 0 5 7 7 9 20 20 21 19 36 47 55 72 76 102 122 149 179 194 265 260 282 319 302 371 354 345 341 330 321 289 298 280 269 225 213 210 194 162 138 118 126 110 81 77 74 62 43 38 45 42 29 22 15 29 15 12 8 14 7 6 7 5 4 6 3 1 1 1 2 1 2 1 0 2 2 0 0 1 0 0 0 0 1 1 2 0 0 0 1 1 0 0 0 0 1 0 0 0 0 0 0 0 0 0 0 0 0 0 0 
0 0 0 0 0 0 0 25 0 0 2 3 10 7 10 14 19 30 32 52 59 65 84 105 152 149 169 176 207 258 275 321 316 362 315 379 348 368 327 353 302 295 257 231 224 223 206 155 147 135 117 118 91 73 76 68 60 48 41 28 25 28 23 18 12 14 10 7 8 13 11 6 3 5 6 7 1 3 2 3 4 1 1 0 1 2 2 1 0 1 0 0 0 1 0 0 0 0 0 0 0 0 0 0 0 0 0 0 0 0 0 0 0 0 0 0 0 0 0 0 0 0 0 0 
0 0 0 0 0 0 0 11 0 0 2 2 8 4 9 22 26 39 39 63 79 101 110 127 148 160 172 240 264 302 255 313 337 304 347 362 348 313 328 312 256 267 232 202 211 194 152 137 125 105 119 84 74 69 74 51 47 51 39 37 35 31 13 16 17 14 7 11 16 12 8 4 4 2 5 5 1 2 2 0 2 2 2 2 0 1 0 0 0 1 1 2 1 0 1 0 0 0 0 1 0 0 0 0 0 0 0 0 0 0 0 0 0 0 0 0 0 
0 0 0 0 0 0 0 13 0 0 3 2 8 1 5 11 13 12 31 45 39 57 69 98 126 114 149 175 218 233 262 272 288 317 339 324 367 344 364 333 315 293 270 280 253 220 193 188 145 150 111 106 98 75 72 75 58 61 41 36 33 21 31 27 24 19 16 7 10 7 4 7 6 6 4 5 2 3 1 5 2 2 1 1 1 1 2 0 1 1 0 0 0 1 0 0 0 0 1 0 0 0 0 0 0 0 0 0 
0 0 0 0 0 0 0 15 0 0 1 4 3 10 14 21 27 26 41 57 81 88 83 106 153 167 169 197 217 276 278 301 326 304 324 332 343 327 334 341 281 261 227 223 208 205 182 151 143 140 91 84 83 67 65 59 51 59 47 44 30 25 15 13 11 8 13 11 7 10 8 4 3 9 3 0 3 1 2 3 0 2 1 1 0 0 0 2 1 1 1 0 1 0 0 1 0 0 0 0 0 0 0 0 0 0 0 0 0 0 0 0 0 0 0 0 0 0 0 0 0 0 0 0 0 
0 0 0 0 0 0 0 6 0 0 1 5 10 2 3 12 24 25 32 33 50 64 86 96 122 137 163 226 255 226 251 268 301 346 302 322 341 361 338 328 302 282 272 274 254 209 208 182 153 134 126 108 104 91 74 60 47 49 36 34 53 37 17 21 14 13 13 10 13 3 11 7 6 6 8 3 2 1 2 0 0 1 2 2 1 1 1 2 0 1 1 0 0 1 0 0 0 0 1 0 1 0 0 0 0 0 0 0 0 0 0 
0 0 0 0 0 0 0 8 0 0 0 3 6 1 4 7 16 15 23 23 39 51 65 76 73 109 128 154 199 216 234 257 260 325 335 334 365 343 333 303 328 315 292 315 253 220 221 211 177 174 148 119 122 120 71 83 62 44 55 43 29 41 38 24 35 14 21 20 19 4 13 8 9 4 6 4 4 3 3 2 1 2 3 1 0 0 1 1 0 0 0 1 0 0 0 0 0 0 0 1 0 0 0 0 0 0 
0 0 0 0 0 0 0 12 0 0 1 3 7 9 4 5 24 31 34 41 74 58 75 99 126 173 157 186 238 250 275 294 309 324 304 362 364 327 325 307 307 275 243 224 232 214 200 181 127 140 113 112 98 97 73 56 57 63 43 31 33 15 22 16 14 21 5 17 16 10 4 3 5 5 3 6 2 2 3 1 2 3 2 2 2 0 2 1 0 0 0 0 0 0 0 0 0 0 0 0 2 0 0 0 0 0 0 0 0 0 0 0 0 0 0 1 0 0 0 0 0 0 0 0 0 
0 0 0 0 0 0 0 6 0 0 2 9 4 5 7 13 16 21 39 40 51 63 101 105 127 140 158 207 227 234 276 311 325 316 351 345 357 329 322 321 300 283 281 255 249 209 168 157 127 146 108 100 69 75 84 55 55 46 36 24 37 17 22 21 16 15 11 10 11 9 12 11 10 5 4 1 7 6 3 1 0 1 2 1 0 0 1 1 2 2 0 0 0 0 0 0 0 0 0 0 0 1 0 0 0 0 0 0 0 0 0 0 
0 0 0 0 0 0 0 9 0 0 0 2 5 6 6 3 16 24 32 30 58 63 72 110 120 137 148 169 215 218 268 272 294 341 343 305 305 297 329 313 319 310 271 270 265 224 189 161 182 154 125 121 86 94 78 68 55 46 43 49 27 23 30 29 20 15 17 6 12 8 8 7 8 4 4 4 1 1 3 1 1 3 1 1 3 0 0 0 0 2 0 0 0 0 0 0 0 1 0 0 0 1 0 0 0 0 0 0 0 0 0 0 0 0 0 0 
0 0 0 0 0 0 0 8 0 0 1 2 5 3 7 8 9 22 27 37 56 54 53 76 105 133 129 198 219 216 248 293 283 304 328 298 340 301 368 341 307 287 271 268 263 219 226 169 175 131 132 116 100 84 84 70 71 53 60 39 28 28 36 23 22 14 14 10 14 9 10 9 5 8 3 3 3 5 2 1 3 3 2 3 2 0 1 0 0 1 0 1 1 1 0 0 0 0 0 0 0 0 0 0 0 0 0 0 0 0 0 0 0 0 0 0 
0 0 0 0 0 0 0 19 0 0 0 2 4 7 6 7 11 20 11 32 37 40 59 94 96 112 122 158 168 228 217 233 298 317 302 300 345 340 349 379 329 333 316 303 239 247 207 191 162 170 169 132 95 121 91 70 62 71 54 39 44 30 30 27 26 22 21 11 13 10 14 5 14 8 6 5 2 4 4 3 0 1 1 1 0 1 0 0 0 0 0 0 0 1 1 0 0 0 0 0 0 0 0 1 0 1 0 0 0 0 0 0 0 0 0 0 0 0 0 0 
0 0 0 0 0 0 0 14 0 0 1 1 2 5 2 6 15 20 36 38 45 61 77 85 116 152 154 168 210 233 279 298 276 328 319 334 337 357 322 283 297 281 297 224 261 222 210 175 175 138 140 131 106 99 88 76 60 50 59 41 39 29 29 19 27 16 18 10 14 15 4 4 5 5 11 3 5 5 4 1 4 3 3 1 2 1 4 2 1 0 1 1 0 0 0 0 0 0 0 0 0 0 0 0 0 0 0 0 0 0 0 0 0 0 0 0 0 0 
0 0 0 0 0 0 0 17 0 0 0 3 3 5 7 12 11 24 23 25 44 41 76 100 91 115 120 160 200 240 262 266 281 319 299 323 331 338 344 301 331 294 278 245 239 224 192 189 171 149 119 137 105 81 78 80 59 44 53 43 33 24 26 23 10 28 15 12 12 11 15 9 7 5 7 5 4 1 4 2 1 1 0 0 2 1 0 0 0 2 0 0 0 0 0 1 1 0 0 1 0 0 0 0 0 1 0 0 0 0 0 0 0 0 0 0 0 0 0 0 0 0 0 
0 0 0 0 0 0 0 11 0 0 2 4 5 12 8 5 14 22 22 27 39 47 74 85 107 122 151 173 215 226 238 279 275 320 342 296 317 338 339 364 330 304 294 252 246 246 222 174 149 140 130 112 99 89 76 60 67 43 44 36 32 29 24 25 22 19 21 17 11 14 6 10 9 3 7 6 5 6 2 3 3 1 0 2 1 1 0 1 0 0 1 0 1 1 0 1 0 0 0 0 0 0 0 0 0 0 0 0 0 0 0 0 0 0 0 0 0 0 0 0 0 0 0 0 0 0 0 0 0 0 0 0 0 0 0 
0 0 0 0 0 0 0 10 0 0 2 7 6 5 6 8 17 21 22 31 35 68 70 92 110 123 158 186 217 250 262 252 299 327 346 331 351 349 351 306 312 298 275 235 253 216 207 179 158 149 140 105 97 95 73 64 50 59 42 31 32 20 26 25 20 8 14 15 13 12 3 7 4 6 6 4 4 2 2 2 1 2 1 1 1 2 0 1 0 0 0 0 0 0 0 0 1 0 0 0 0 0 0 0 0 0 0 0 0 0 0 0 0 0 0 0 0 0 0 0 0 0 0 
0 0 0 0 0 0 0 19 0 0 0 3 7 7 12 15 21 38 40 52 79 88 113 108 140 144 186 213 220 256 284 300 266 381 355 366 337 334 326 316 268 282 262 216 227 229 175 132 150 116 106 91 72 66 54 61 59 51 42 37 35 31 24 26 18 18 13 10 4 6 7 5 3 7 5 0 1 4 4 2 2 2 6 3 0 0 2 0 0 0 2 0 1 1 1 0 0 1 0 1 0 1 0 0 1 0 0 0 0 0 0 0 0 0 0 0 0 0 0 0 1 0 0 0 0 
0 0 0 0 0 0 0 12 0 0 2 4 4 6 5 14 17 17 26 36 48 65 81 82 111 153 160 207 218 230 271 295 301 308 315 337 360 321 306 280 302 274 277 231 231 196 193 164 140 117 107 91 95 86 79 46 63 39 48 40 38 24 37 24 22 6 6 12 9 7 8 6 5 4 3 5 2 2 5 3 2 2 2 2 0 1 1 0 0 0 1 0 1 0 0 0 0 0 0 0 0 0 0 0 0 0 0 0 0 0 0 0 0 0 0 0 0 0 0 1 0 0 0 0 0 0 0 0 0 
0 0 0 0 0 0 0 15 0 0 1 3 7 8 15 25 25 42 46 48 61 63 116 110 137 115 159 203 242 235 256 285 317 311 350 322 355 357 324 350 282 280 286 240 214 173 191 143 137 145 108 95 110 74 78 60 60 59 37 30 35 21 18 16 19 21 6 10 5 9 7 13 4 3 2 3 2 0 2 0 2 1 0 2 1 0 0 0 0 0 0 0 0 0 0 0 0 0 0 0 0 0 0 0 0 0 0 0 0 0 0 0 0 0 0 0 
0 0 0 0 0 0 0 14 0 0 2 5 4 6 4 6 7 31 15 28 38 48 87 97 114 143 132 171 204 214 277 268 296 347 357 320 351 367 375 312 308 309 263 286 253 212 212 151 200 166 136 97 103 100 81 79 47 46 55 29 42 18 27 38 22 19 11 12 13 10 7 5 6 1 2 3 2 1 3 1 4 2 1 2 2 3 0 0 0 0 0 0 0 1 0 1 1 0 0 1 1 0 0 0 1 0 0 0 0 0 0 0 0 0 0 0 0 1 0 0 0 0 0 0 
0 0 0 0 0 0 0 11 0 0 2 4 6 7 8 18 25 29 43 50 78 94 102 112 140 191 208 222 256 275 276 313 318 385 364 312 334 335 311 328 264 295 247 213 240 189 190 167 148 116 114 94 86 65 67 68 42 45 25 29 36 27 24 14 17 12 9 13 14 3 4 8 4 3 1 6 4 4 3 2 3 2 1 0 1 1 0 1 0 0 0 0 0 0 0 0 0 0 0 0 0 0 1 0 0 0 0 0 0 0 0 0 0 0 0 0 0 0 0 0 0 0 0 0 0 0 0 0 0 0 0 0 0 0 0 0 
0 0 0 0 0 0 0 18 0 0 0 6 4 3 5 8 17 16 21 25 43 59 55 65 94 114 149 150 183 187 239 253 279 313 308 347 307 330 332 342 322 310 301 252 235 256 220 202 154 165 149 111 108 83 72 74 68 51 43 40 50 31 20 21 17 25 15 12 16 11 9 14 8 9 4 5 2 2 1 6 3 0 2 2 0 2 1 0 0 1 1 0 0 0 0 0 1 0 0 0 1 0 0 1 0 0 0 0 0 0 0 0 0 0 0 0 
0 0 0 0 0 0 0 13 0 0 1 0 7 3 4 10 12 19 34 38 37 58 61 93 116 125 127 162 192 210 287 268 295 306 344 308 327 351 328 324 331 295 281 249 248 239 208 184 169 142 147 114 108 88 83 70 55 62 48 40 43 23 25 30 15 14 11 11 10 8 6 5 6 7 3 4 2 1 4 3 3 1 3 1 2 0 3 0 0 0 1 0 0 0 0 0 0 0 0 0 0 0 0 0 0 0 0 0 0 0 0 0 
0 0 0 0 0 0 0 9 0 0 0 7 7 2 9 5 15 16 23 31 38 63 87 82 98 121 169 159 200 250 258 270 267 326 295 326 353 336 336 353 321 325 277 261 220 207 204 176 170 136 135 115 109 89 65 69 51 46 41 47 40 34 28 17 17 7 15 11 6 10 7 4 5 5 4 5 3 7 1 4 1 0 3 1 2 0 0 0 2 1 0 1 0 0 0 0 0 0 0 0 0 0 0 0 0 0 0 0 0 0 0 1 0 0 0 0 0 0 0 0 0 0 0 0 0 0 0 
0 0 0 0 0 0 0 10 0 0 0 1 5 2 4 13 17 34 32 41 60 83 118 135 133 147 174 202 244 277 269 287 327 313 373 318 340 355 348 303 303 316 268 225 215 180 153 165 118 130 102 101 107 85 57 63 55 54 37 45 33 24 24 27 19 14 18 13 6 7 8 9 7 2 5 6 2 1 1 1 1 0 1 2 0 0 1 0 0 0 1 1 1 0 1 0 1 0 0 0 0 0 1 0 0 0 0 0 0 0 0 0 0 0 0 0 
0 0 0 0 0 0 0 9 0 0 1 1 3 8 5 12 18 20 24 27 43 44 70 85 98 98 141 182 175 233 220 296 304 333 296 346 384 320 341 323 318 324 281 276 242 218 197 165 140 152 147 106 117 91 57 68 59 62 46 38 17 35 22 35 21 13 17 15 15 12 7 6 10 7 6 5 1 4 3 2 1 0 0 1 1 1 2 1 0 1 0 0 0 0 0 1 1 0 0 0 0 0 0 0 0 0 0 0 0 0 0 0 0 0 0 0 0 0 0 0 
0 0 0 0 0 0 0 15 0 0 0 3 6 3 1 4 10 25 18 13 34 55 71 69 86 107 125 158 180 214 226 258 253 332 340 339 309 353 353 348 323 298 284 311 244 260 220 183 210 174 137 129 107 106 76 78 91 48 61 30 36 30 29 32 26 17 16 13 13 8 7 7 7 5 3 5 1 3 2 0 5 1 1 1 2 2 1 0 1 0 0 3 1 0 0 0 0 1 0 0 0 0 0 0 0 0 0 0 0 0 0 0 0 0 0 0 0 
0 0 0 0 0 0 0 13 0 0 0 4 8 7 4 11 25 25 27 32 61 78 102 92 115 139 160 185 195 226 265 295 304 302 334 326 317 346 364 329 318 304 283 253 219 229 204 177 176 151 117 124 98 75 74 68 52 52 44 35 35 31 17 14 23 24 15 12 14 10 7 5 4 6 5 3 3 6 1 1 3 1 3 3 0 2 2 0 1 0 0 0 0 0 1 0 0 0 0 0 0 0 0 1 0 0 0 0 0 0 0 0 0 0 1 0 0 0 0 0 0 0 0 
0 0 0 0 0 0 0 17 0 0 2 3 4 6 3 7 5 17 30 21 33 36 66 90 95 138 131 158 197 183 269 245 271 284 305 313 362 351 320 350 342 312 314 269 286 235 206 194 186 148 127 105 112 79 85 71 73 61 53 37 42 29 35 20 23 18 14 14 13 9 10 5 7 2 3 5 3 5 2 3 2 0 2 1 1 0 1 1 3 0 1 1 1 1 1 0 0 1 1 0 0 0 0 0 1 0 0 0 0 0 0 0 0 0 0 0 
0 0 0 0 0 0 0 12 0 0 3 2 2 9 3 14 8 26 39 29 48 66 79 110 116 132 162 161 201 240 268 296 305 347 331 365 378 365 331 308 324 301 264 273 254 220 197 166 165 163 134 124 86 82 72 63 61 51 38 37 22 25 19 20 20 15 16 12 12 6 5 7 4 7 8 3 3 3 7 0 1 2 0 0 2 0 0 2 0 0 0 0 1 0 0 0 0 0 0 0 1 0 0 0 0 0 0 0 0 0 0 0 0 
0 0 0 0 0 0 0 9 0 0 1 5 3 5 4 8 12 17 30 38 47 42 64 120 110 115 136 168 208 220 234 263 298 333 338 335 338 351 336 298 288 317 269 273 273 245 206 193 183 144 142 99 104 99 59 79 61 51 42 39 25 36 31 18 17 12 18 16 18 7 9 5 4 8 3 5 5 7 2 2 1 0 2 2 0 1 1 0 0 1 0 0 0 1 0 0 1 0 0 0 0 0 0 1 0 0 0 0 0 0 0 0 0 0 0 0 
0 0 0 0 0 0 0 6 0 0 2 0 3 2 6 22 24 25 20 33 56 62 67 89 106 151 140 189 215 249 284 268 296 330 308 347 366 357 326 329 309 282 287 252 252 231 169 193 155 131 111 100 89 88 64 60 66 53 51 41 26 27 20 17 19 20 9 7 9 3 6 5 2 2 3 3 3 4 2 1 5 1 1 0 1 0 0 0 0 1 0 0 0 1 1 0 0 0 0 0 0 0 0 0 0 0 0 0 0 0 0 0 0 0 0 0 0 0 0 0 0 0 0 0 
0 0 0 0 0 0 0 14 0 0 0 3 9 9 8 5 14 26 41 35 46 68 94 83 119 127 152 187 206 233 262 268 311 306 305 345 352 330 350 322 306 315 264 274 239 206 189 175 136 136 147 124 99 90 95 64 65 56 55 36 39 30 22 28 24 8 12 11 8 8 11 5 4 1 6 6 6 2 3 2 4 5 1 1 0 2 0 3 1 2 0 0 1 0 1 0 0 1 0 0 0 0 0 0 0 0 0 0 0 0 0 0 0 0 0 
0 0 0 0 0 0 0 16 0 0 1 3 10 4 1 8 11 13 16 20 29 44 43 74 101 101 123 147 168 201 237 261 282 305 310 315 308 351 375 325 334 303 302 294 259 230 230 188 185 166 133 142 116 89 75 73 75 47 51 38 44 31 26 28 26 16 13 16 9 7 9 4 4 5 2 5 2 3 3 4 2 1 1 2 1 3 1 2 1 1 0 0 0 0 0 0 0 0 0 0 0 0 0 0 0 0 0 0 0 0 
0 0 0 0 0 0 0 16 0 0 0 3 7 5 6 12 16 27 33 29 39 61 78 112 90 139 146 188 216 238 232 288 296 305 334 335 362 328 339 375 296 302 266 279 217 220 198 191 149 161 119 122 94 66 76 63 63 47 39 38 30 22 25 16 18 11 9 18 6 10 13 5 7 3 5 6 1 3 2 3 0 2 1 0 1 1 0 0 1 0 2 0 0 1 0 0 0 0 0 0 0 0 0 0 0 0 0 0 0 0 0 0 0 0 0 0 
0 0 0 0 0 0 0 12 0 0 1 2 8 5 9 14 11 30 37 55 60 70 111 112 107 164 181 215 223 258 262 295 303 328 280 327 313 321 327 367 303 311 266 216 223 194 179 167 128 123 108 87 96 80 50 58 48 46 48 26 33 30 18 18 21 14 7 10 13 13 5 4 3 8 2 4 3 4 0 2 1 0 3 0 3 2 0 0 0 0 0 0 0 0 0 0 0 0 0 0 0 0 0 0 0 0 1 0 0 0 0 0 0 0 0 0 0 0 
0 0 0 0 0 0 0 10 0 0 1 4 2 1 5 13 21 25 40 43 52 71 89 106 106 135 143 206 206 261 287 294 302 338 345 341 348 360 353 300 324 297 265 242 224 223 188 202 202 141 110 102 85 69 58 58 56 60 45 34 33 32 29 29 20 16 14 9 12 11 6 8 5 3 6 1 2 4 3 0 1 2 2 0 4 0 1 0 0 0 1 1 0 0 0 0 0 0 1 0 0 0 1 0 0 0 0 0 0 0 0 0 0 0 0 
0 0 0 0 0 0 0 11 0 0 2 4 7 2 11 16 22 30 34 48 62 81 118 114 133 166 186 203 251 256 263 279 318 313 333 318 363 368 322 350 310 312 232 236 218 196 179 183 150 135 95 103 86 97 68 54 62 33 34 37 31 22 21 20 17 19 13 11 12 6 9 2 5 3 5 3 0 3 3 5 2 3 4 1 0 1 0 0 0 0 0 0 0 1 0 0 1 0 0 0 0 0 0 0 0 0 0 
0 0 0 0 0 0 0 13 0 0 1 5 6 5 8 17 25 53 44 36 71 96 115 115 139 190 199 230 270 257 292 299 325 379 324 356 339 343 296 308 317 252 282 231 216 192 166 149 139 128 103 91 70 86 60 74 56 37 39 26 31 21 18 13 13 11 15 11 5 7 4 1 8 3 3 0 1 0 2 1 0 1 0 2 0 0 1 0 0 0 0 0 0 0 0 0 0 0 0 1 0 0 0 0 0 0 0 0 0 0 0 
0 0 0 0 0 0 0 13 0 0 0 4 1 5 8 7 11 21 20 36 34 48 69 94 110 119 159 176 181 256 236 259 308 328 347 361 360 344 318 282 295 303 297 273 229 220 221 168 173 149 137 107 94 109 79 65 55 61 39 42 23 29 27 19 27 21 11 12 8 11 10 5 3 8 9 4 4 5 3 1 2 2 1 0 2 1 1 1 1 0 1 1 1 0 0 0 1 0 0 0 0 0 0 0 0 0 0 0 0 0 0 0 0 0 0 0 0 0 0 0 0 0 0 
0 0 0 0 0 0 0 11 0 0 0 3 5 6 1 4 15 23 18 26 30 49 73 82 106 122 134 166 178 213 227 296 278 303 325 317 318 364 369 362 328 324 275 290 255 248 225 192 175 158 133 114 113 71 70 83 67 60 64 55 22 29 34 24 21 18 15 15 16 5 6 3 10 2 4 2 5 4 3 0 0 2 1 2 0 0 0 0 0 1 1 0 0 0 0 0 0 0 0 0 0 0 0 0 0 1 0 0 0 0 0 0 0 0 0 0 0 0 0 0 0 0 0 0 0 0 0 0 0 0 0 
0 0 0 0 0 0 0 10 0 0 1 4 3 4 7 15 26 29 31 45 55 104 97 105 127 160 204 193 233 224 284 289 325 345 358 366 333 324 315 324 293 284 228 221 242 181 173 179 137 113 107 87 87 72 71 60 48 54 37 34 28 26 23 19 14 19 12 8 9 6 5 11 7 4 2 3 1 3 1 4 3 4 0 0 1 1 1 0 1 0 0 0 0 0 0 0 0 0 0 0 0 0 0 0 0 0 0 0 0 0 0 0 0 0 0 0 0 0 0 0 0 0 0 0 0 
0 0 0 0 0 0 0 19 0 0 2 3 3 5 13 17 25 35 23 40 68 84 88 130 116 174 194 211 263 281 301 344 341 329 355 317 356 337 379 310 271 260 261 241 214 200 164 176 139 108 116 116 101 76 78 54 37 44 35 29 32 19 23 14 17 16 8 7 14 6 6 4 9 5 3 1 1 4 3 0 4 1 0 0 0 1 1 0 1 0 0 0 1 0 0 1 0 0 0 0 0 0 0 0 1 0 0 0 0 0 0 0 0 0 0 0 0 0 0 
0 0 0 0 0 0 0 6 0 0 3 5 5 4 6 10 16 23 23 37 53 55 84 80 98 151 157 185 205 191 256 310 321 293 344 355 320 344 338 307 339 272 292 259 244 211 204 199 167 143 114 114 108 89 75 63 59 45 34 33 30 41 24 21 21 10 14 10 11 12 8 7 7 3 3 1 5 3 4 5 0 2 1 2 0 1 3 0 0 1 0 0 0 0 0 0 1 0 0 0 0 0 0 0 0 0 0 0 0 0 0 0 0 0 0 0 0 
0 0 0 0 0 0 0 13 0 0 0 4 7 7 11 10 25 15 23 38 39 51 72 91 126 143 180 192 206 236 291 297 298 354 344 328 368 348 347 305 316 279 277 248 229 204 195 169 170 161 135 85 94 81 64 70 66 38 41 31 23 31 33 14 18 11 11 12 14 10 10 6 4 4 7 3 4 3 0 1 1 5 1 0 0 1 0 1 0 2 1 1 0 0 0 0 0 1 0 0 0 0 0 0 0 0 0 1 0 0 0 0 0 
0 0 0 0 0 0 0 19 0 0 0 5 9 4 10 10 21 28 45 45 59 77 99 97 115 172 182 204 193 228 257 316 339 320 326 339 331 324 328 342 313 299 265 249 208 187 167 159 163 153 118 104 94 83 69 62 42 46 41 34 33 28 29 20 17 15 14 11 8 6 4 6 1 3 8 6 4 7 1 3 1 1 2 1 1 1 0 1 0 1 0 0 0 1 1 0 1 0 1 0 0 0 0 0 0 0 0 0 0 0 0 0 0 0 0 0 0 
0 0 0 0 0 0 0 12 0 0 0 4 4 4 4 14 17 27 32 30 42 53 71 106 102 127 168 193 186 221 268 291 293 302 332 308 369 328 349 342 325 299 256 286 266 260 198 196 160 153 122 117 109 101 83 76 58 56 52 38 26 31 27 26 25 21 20 12 12 11 10 12 12 7 5 2 4 2 3 3 2 0 0 0 3 1 0 1 0 0 1 0 0 1 0 0 0 0 0 1 0 0 0 0 0 0 0 0 0 0 0 0 0 0 0 0 0 
0 0 0 0 0 0 0 13 0 0 3 1 2 7 11 18 24 30 48 54 64 102 102 136 170 187 176 187 238 269 273 343 332 338 318 339 341 305 342 315 308 254 214 236 215 182 171 138 105 110 89 92 74 64 69 62 46 51 39 33 27 23 17 21 18 17 7 14 11 5 4 8 2 2 4 4 3 1 3 2 3 1 0 2 0 1 0 0 0 1 1 2 0 0 0 0 0 0 0 0 0 0 0 0 0 0 0 0 0 0 0 0 0 0 0 0 
0 0 0 0 0 0 0 9 0 0 2 3 6 5 7 13 10 11 19 37 54 54 71 79 111 123 148 186 219 249 249 289 336 339 338 351 352 389 299 324 265 274 294 263 223 187 202 189 153 154 128 125 111 75 85 74 67 61 46 39 40 16 22 14 23 20 12 13 10 12 9 10 11 9 7 2 1 2 0 0 1 2 1 2 0 2 0 1 0 0 0 0 0 0 1 0 0 1 2 1 0 0 0 0 0 0 0 1 0 0 2 1 0 0 1 0 1 0 0 0 0 0 0 0 0 0 0 0 0 0 
0 0 0 0 0 0 0 9 0 0 2 4 5 5 1 10 12 18 19 17 34 37 44 57 72 93 122 161 157 186 235 259 282 307 352 300 337 342 345 356 336 316 270 284 283 259 231 209 166 160 149 122 106 114 80 74 85 70 45 37 46 32 27 23 18 19 17 14 15 12 5 8 7 8 3 4 7 6 1 1 1 1 2 1 2 1 2 2 0 0 1 0 0 1 0 0 0 1 0 0 0 0 0 0 1 0 0 0 0 0 0 0 0 
0 0 0 0 0 0 0 9 0 0 0 2 6 0 3 6 12 21 27 22 29 40 79 95 99 96 122 183 157 218 249 279 274 315 302 334 306 332 300 325 341 321 284 275 246 239 196 196 162 170 139 122 100 90 90 78 68 62 47 39 32 36 27 23 24 24 15 15 10 2 11 9 4 2 6 5 6 2 3 4 2 2 2 0 3 3 0 0 0 1 0 1 0 1 0 0 0 0 0 0 0 0 0 0 0 0 0 0 0 0 0 0 0 0 0 0 0 0 0 0 
0 0 0 0 0 0 0 8 0 0 0 4 6 9 11 15 28 35 48 57 62 73 81 115 164 195 190 240 226 268 295 313 306 356 337 362 334 366 350 308 313 302 243 227 197 197 165 147 131 126 98 80 84 75 68 58 30 42 22 27 27 21 31 12 11 14 13 10 11 9 7 6 8 4 5 8 1 3 2 1 2 2 2 0 1 2 0 1 0 0 1 1 0 0 0 0 0 0 0 0 0 0 0 0 0 0 0 
0 0 0 0 0 0 0 16 0 0 0 0 5 6 4 5 10 12 30 20 36 53 59 60 93 90 135 151 164 224 211 231 265 299 330 334 321 346 366 338 300 348 295 265 260 239 232 208 169 199 140 137 105 98 80 71 78 64 58 42 33 43 37 26 24 19 15 9 7 12 9 11 7 7 3 3 4 0 5 3 0 4 3 4 0 2 1 0 1 1 0 1 0 1 0 1 0 0 0 0 0 1 0 0 0 0 0 0 0 0 0 0 0 0 0 0 0 0 0 0 0 0 0 0 0 0 0 
0 0 0 0 0 0 0 16 0 0 0 5 5 7 9 10 20 28 29 36 52 96 83 94 130 128 182 195 237 240 271 243 281 340 321 335 326 352 362 310 308 285 248 241 213 210 172 189 149 137 136 88 88 95 61 80 50 44 45 39 24 33 24 20 18 19 17 7 15 9 4 11 0 1 4 2 4 6 3 0 1 3 0 2 0 0 0 0 0 0 0 0 1 0 0 1 0 0 0 0 1 0 0 0 1 0 0 0 0 0 0 0 0 0 0 0 0 0 0 0 0 
0 0 0 0 0 0 0 12 0 0 2 2 2 6 5 8 13 19 18 32 42 58 96 89 99 110 167 191 229 222 253 286 312 296 329 337 330 332 313 311 297 321 244 278 232 182 227 204 185 135 120 121 116 93 80 86 55 46 43 36 31 26 24 23 14 22 10 10 15 6 8 5 4 6 9 6 4 2 4 1 2 0 1 2 0 2 2 1 1 0 0 0 0 0 0 0 0 0 1 0 0 0 0 0 0 0 0 2 0 0 0 0 1 0 0 0 0 0 0 0 0 0 0 0 0 0 0 0 
0 0 0 0 0 0 0 13 0 0 1 7 9 5 5 4 17 13 24 34 38 69 69 75 91 132 143 170 194 237 226 257 274 301 309 356 360 372 355 350 330 277 276 248 269 219 194 166 186 131 144 123 115 94 82 54 55 58 59 48 34 33 30 22 25 13 17 9 15 10 14 6 6 7 5 6 3 6 2 5 3 2 2 0 1 1 0 2 2 2 1 0 0 1 0 0 0 1 0 1 0 0 0 0 0 0 0 1 0 0 0 0 0 0 0 0 0 0 0 0 0 0 0 0 0 0 0 0 0 0 0 
0 0 0 0 0 0 0 7 0 0 0 3 4 9 5 10 18 18 35 41 50 56 89 97 113 131 171 193 226 259 272 294 325 309 326 312 314 333 347 309 301 264 306 273 246 190 182 182 148 112 110 82 95 71 71 76 59 45 48 39 26 26 22 23 15 12 13 8 11 13 6 9 5 7 7 2 3 5 3 1 2 3 2 0 0 0 1 0 1 0 0 1 1 0 0 0 0 0 0 0 0 0 0 0 0 0 0 0 0 0 0 0 0 0 0 0 0 0 0 0 0 
0 0 0 0 0 0 0 11 0 0 2 6 3 4 9 4 14 16 22 34 47 48 77 85 93 138 146 194 233 240 267 266 328 285 364 337 347 336 352 360 304 318 280 274 245 259 196 195 158 158 124 140 102 89 84 67 62 61 45 42 35 22 18 33 20 15 14 12 11 14 4 8 14 7 2 2 2 4 1 5 2 3 1 0 2 0 0 1 1 0 1 1 0 0 0 0 0 0 0 0 0 0 1 0 0 0 0 0 0 0 0 0 0 0 0 0 
0 0 0 0 0 0 0 13 0 0 1 3 2 4 6 12 9 18 28 35 45 49 68 93 101 135 164 173 198 240 250 245 307 316 313 349 348 333 331 323 326 326 281 264 220 230 215 163 153 150 135 112 122 88 100 67 52 51 44 42 29 23 21 13 27 15 9 14 11 11 4 6 6 5 4 3 5 4 6 3 1 2 0 2 1 2 1 2 1 1 0 0 0 0 2 1 0 0 0 0 0 0 0 0 0 0 0 0 1 0 0 0 0 0 0 0 0 0 0 
0 0 0 0 0 0 0 9 0 0 3 3 8 3 7 8 11 20 30 38 33 55 91 95 118 141 176 179 224 255 260 265 288 342 353 343 338 341 351 327 287 309 264 247 240 217 207 178 152 137 131 123 99 89 83 63 59 56 49 43 27 28 26 21 14 12 9 8 11 9 8 1 3 4 2 4 2 3 2 1 4 3 2 3 1 0 1 0 0 0 1 0 0 0 0 0 0 0 0 0 0 0 0 0 0 0 0 0 0 0 0 0 0 0 0 0 0 0 0 0 0 0 0 
0 0 0 0 0 0 0 14 0 0 0 4 2 3 10 12 22 22 27 45 61 58 112 113 105 143 169 206 211 248 283 311 293 308 335 365 366 368 318 333 333 278 240 224 229 219 193 149 134 108 112 114 102 84 81 58 52 47 38 37 35 36 29 29 13 19 10 10 7 11 6 5 7 3 3 6 5 5 5 5 1 4 1 0 1 0 0 0 1 1 1 1 1 1 0 1 1 0 0 0 0 0 0 0 0 0 0 0 0 0 0 0 0 0 0 0 
0 0 0 0 0 0 0 9 0 0 0 4 4 2 6 18 21 22 19 24 30 42 59 85 87 105 145 153 174 229 218 260 285 326 316 361 329 356 341 360 300 317 269 258 263 220 197 198 168 150 135 108 121 103 93 61 62 57 53 38 23 34 29 27 17 23 19 5 13 11 5 8 12 0 4 1 6 4 3 3 2 0 0 6 1 2 1 0 1 0 1 0 0 1 0 0 1 1 0 0 0 0 0 0 0 0 0 0 0 0 0 0 0 0 
0 0 0 0 0 0 0 14 0 0 0 4 4 7 9 12 22 30 31 37 48 60 71 110 112 156 189 182 190 232 249 303 312 294 340 352 344 354 323 318 309 304 281 268 257 240 204 177 147 137 133 110 91 88 77 60 60 45 46 38 40 26 36 18 19 22 21 15 15 7 10 9 5 5 4 4 6 1 2 5 1 3 2 0 1 0 2 1 0 3 1 0 0 0 0 0 0 0 1 0 0 0 1 0 0 0 0 0 0 0 0 0 0 0 0 0 0 0 0 0 0 0 0 0 0 0 0 0 0 
0 0 0 0 0 0 0 13 0 0 2 2 3 8 1 7 17 20 21 17 42 49 67 73 70 102 121 150 170 212 225 283 319 298 313 354 306 365 324 322 305 267 293 268 265 264 211 203 185 168 144 146 91 104 92 75 72 55 59 45 44 34 29 20 16 16 14 18 12 8 11 7 11 5 6 6 3 2 3 0 2 2 0 0 0 1 0 0 0 0 0 0 0 1 0 0 1 1 0 0 0 0 0 0 0 0 0 0 0 0 0 0 0 0 0 0 
0 0 0 0 0 0 0 11 0 0 2 6 3 4 11 22 39 43 38 29 69 104 94 111 135 170 187 240 245 269 291 340 314 350 362 319 345 328 345 287 292 274 259 250 187 186 169 139 132 109 103 80 90 69 58 52 56 38 38 25 33 23 17 14 26 16 16 6 7 8 2 1 5 5 2 3 2 0 2 2 1 0 2 1 1 3 0 0 1 1 1 0 1 1 0 1 2 0 1 0 0 0 0 0 0 0 0 0 0 0 0 0 0 0 0 0 0 0 0 0 0 0 0 0 0 0 0 0 0 0 0 0 0 0 1 0 0 0 0 0 0 0 0 
0 0 0 0 0 0 0 13 0 0 0 4 10 3 5 5 8 24 22 26 37 70 88 112 118 133 155 191 208 248 273 277 293 321 322 342 373 359 328 313 324 268 266 231 239 243 182 186 144 160 113 119 97 92 86 72 63 57 42 37 37 31 22 21 14 15 23 8 10 8 11 6 5 6 6 1 4 2 3 2 1 1 0 1 1 3 2 1 0 0 0 0 0 0 1 1 0 0 0 0 0 0 0 0 1 0 0 0 0 0 0 0 0 0 0 1 0 0 0 0 1 0 0 0 0 0 0 0 0 0 
0 0 0 0 0 0 0 13 0 0 1 4 7 4 7 12 18 29 32 33 57 70 78 101 107 143 144 166 209 239 262 292 314 328 351 351 328 325 326 330 302 299 307 252 216 228 195 165 152 178 115 112 97 86 79 59 51 57 43 40 29 34 23 23 31 26 7 12 13 11 5 5 7 6 5 4 0 5 3 1 1 2 1 1 0 2 0 0 0 0 1 1 2 2 0 0 0 0 0 0 0 0 0 0 0 0 0 0 0 0 0 0 0 0 0 0 0 
0 0 0 0 0 0 0 18 0 0 0 3 6 7 8 10 10 23 28 40 65 72 79 113 131 149 166 207 235 237 292 248 277 315 370 346 350 325 330 339 300 317 284 249 228 233 193 154 147 128 125 108 92 77 69 51 58 37 48 29 37 29 21 16 18 11 12 18 7 11 5 6 4 3 2 2 3 2 3 2 3 3 3 1 2 1 0 1 0 0 2 0 0 0 0 1 0 0 0 0 0 0 0 0 0 0 0 0 0 0 0 0 0 0 0 1 0 0 0 0 
0 0 0 0 0 0 0 13 0 0 1 5 3 8 9 15 21 23 32 54 58 70 84 96 148 160 143 189 238 258 279 315 336 363 350 337 362 332 322 289 285 287 282 241 245 190 199 174 154 135 125 94 84 89 49 60 49 39 50 46 26 24 18 17 14 14 13 15 10 8 8 4 6 4 3 4 1 1 1 2 3 0 2 1 0 1 0 0 0 1 0 0 0 0 0 0 0 0 0 0 0 0 0 0 0 0 0 0 0 0 0 0 0 0 
0 0 0 0 0 0 0 15 0 0 0 2 7 7 2 15 16 28 43 34 35 62 81 81 104 126 154 191 227 229 238 260 322 345 313 342 319 356 371 355 331 300 294 267 252 188 171 184 146 128 140 99 88 86 76 59 70 43 53 30 45 43 21 19 21 15 19 12 6 9 5 7 9 3 7 4 3 5 3 3 3 0 2 0 2 2 0 1 2 0 0 0 0 0 0 0 0 0 0 0 0 0 0 0 0 0 0 0 0 0 0 
0 0 0 0 0 0 0 11 0 0 1 4 9 3 6 14 24 25 30 40 62 76 75 101 101 148 185 192 222 249 279 307 319 360 313 377 341 344 308 304 298 311 251 246 208 214 166 156 168 127 127 102 104 98 64 67 42 35 35 36 21 24 22 19 21 10 12 12 8 9 6 10 4 7 4 8 4 2 3 1 3 1 1 0 0 0 0 1 1 1 1 0 0 0 0 0 0 0 0 0 1 0 0 0 0 0 0 0 1 0 0 0 0 0 0 0 0 0 0 0 0 0 0 0 0 0 0 0 0 0 0 0 0 
0 0 0 0 0 0 0 9 0 0 1 5 3 11 10 8 11 16 14 19 40 50 67 84 86 115 136 163 217 209 259 252 301 319 344 349 357 348 359 309 328 331 279 280 265 209 238 174 149 158 121 108 105 90 82 71 73 54 51 30 45 33 27 18 19 15 19 9 10 14 8 11 8 3 3 2 0 6 3 1 6 1 1 1 2 2 1 0 0 0 0 0 0 0 0 0 1 0 0 0 0 0 0 0 0 0 0 0 0 0 0 0 0 0 0 0 0 0 0 
0 0 0 0 0 0 0 13 0 0 1 3 5 6 11 12 22 15 26 39 58 53 70 101 117 156 171 174 231 234 232 308 287 329 326 372 349 348 336 328 280 297 279 265 212 211 205 215 167 126 118 87 87 80 80 71 55 38 37 44 34 24 19 31 14 18 17 19 11 8 10 7 6 5 3 3 3 1 3 3 1 3 2 0 1 0 0 1 0 0 0 0 1 0 1 0 0 0 0 0 0 0 0 0 0 0 0 0 0 0 0 0 0 
0 0 0 0 0 0 0 13 0 0 1 4 6 4 1 7 12 25 27 27 37 45 78 103 97 139 108 167 181 205 220 254 257 280 302 318 349 364 322 341 326 314 323 281 261 235 234 214 196 135 146 124 136 105 93 64 69 52 53 34 37 35 27 25 29 21 15 11 14 14 13 4 8 9 6 3 1 1 2 3 6 1 1 1 1 1 1 0 2 0 1 2 0 0 0 0 0 0 0 0 0 1 0 0 0 0 0 0 0 0 0 0 0 0 0 0 
0 0 0 0 0 0 0 7 0 0 0 4 5 5 6 6 22 22 23 26 39 50 71 95 89 108 144 171 201 211 232 273 279 312 312 372 345 336 356 336 304 315 289 268 238 214 202 206 148 158 124 110 114 103 94 83 62 70 61 40 32 40 34 25 22 16 22 12 9 9 11 4 15 8 3 7 0 1 4 2 1 3 0 1 4 2 1 3 0 0 0 0 0 1 0 0 1 0 0 0 0 0 1 0 0 0 0 0 0 0 0 0 0 0 0 0 0 0 0 0 0 
0 0 0 0 0 0 0 10 0 0 3 2 3 4 1 8 12 19 30 40 40 63 66 88 95 130 150 162 218 228 252 271 295 315 319 330 353 335 311 334 314 284 280 284 228 189 198 190 176 153 123 134 104 88 65 83 64 57 55 37 27 20 20 27 13 19 18 16 10 6 7 15 8 8 2 6 4 0 2 4 5 0 1 3 0 2 0 1 0 1 2 0 0 0 0 1 0 0 0 0 0 0 0 0 0 0 0 1 0 0 0 0 0 0 0 0 0 0 0 1 0 0 0 0 0 0 
0 0 0 0 0 0 0 14 0 0 0 3 4 5 7 13 18 27 29 45 62 89 86 89 140 135 179 202 232 248 277 316 297 351 331 333 367 331 341 307 323 294 261 252 221 203 183 162 155 128 104 103 93 93 61 65 47 48 43 37 33 23 22 16 18 12 12 13 10 9 5 6 7 2 5 1 4 5 3 1 1 2 2 1 0 2 0 0 1 0 0 0 0 0 0 0 0 0 0 0 0 0 1 0 0 0 0 0 0 0 0 0 0 0 0 0 0 0 0 0 0 0 0 0 
0 0 0 0 0 0 0 14 0 0 0 2 7 1 5 12 9 17 25 41 52 69 87 116 98 162 168 220 199 257 270 310 308 333 332 343 353 333 310 345 291 289 285 261 209 210 185 169 160 132 118 98 99 67 88 68 52 40 32 36 26 36 29 13 17 17 10 12 12 8 7 10 7 10 2 3 2 5 4 1 4 0 2 1 2 1 0 1 1 1 1 0 1 0 1 0 2 0 0 0 0 0 0 0 1 0 0 0 0 0 0 0 0 0 0 0 0 0 0 
0 0 0 0 0 0 0 15 0 0 0 0 5 1 4 11 22 33 32 33 53 69 75 99 101 145 158 192 191 233 295 256 280 337 322 362 356 322 370 313 320 296 287 247 231 218 196 184 150 159 119 115 102 90 71 61 63 52 46 35 39 35 35 28 22 17 14 17 14 10 9 3 7 4 8 3 4 2 2 3 0 3 0 0 0 1 0 1 0 0 1 0 0 0 0 0 0 0 0 0 0 0 0 0 0 0 0 0 0 0 0 0 0 0 0 
0 0 0 0 0 0 0 14 0 0 1 3 4 5 7 9 15 21 30 47 49 75 100 82 120 117 160 180 219 225 275 277 288 319 311 337 346 312 335 313 344 313 273 248 251 207 194 180 145 144 150 98 114 82 106 63 58 50 45 39 37 36 28 21 18 19 15 12 10 6 14 7 8 5 3 4 6 1 0 2 4 4 1 3 0 1 2 2 0 0 0 3 0 0 0 0 0 0 1 0 0 0 1 1 0 0 0 
0 0 0 0 0 0 0 12 0 0 1 2 6 3 2 11 10 27 27 33 36 49 72 97 131 141 135 157 207 268 260 268 301 309 331 346 339 327 344 309 336 286 256 235 244 225 200 185 175 147 117 106 108 75 69 49 61 49 46 35 26 29 28 17 23 14 7 10 6 8 9 9 7 4 6 5 5 6 0 3 1 2 1 1 2 5 3 1 0 2 0 1 1 1 0 0 1 0 0 0 1 0 0 0 0 0 0 0 0 0 0 
0 0 0 0 0 0 0 12 0 0 0 2 4 9 1 7 14 30 21 39 40 60 73 92 101 117 149 177 213 219 239 300 281 302 334 346 346 349 354 333 297 308 269 274 254 216 212 184 172 149 131 118 102 85 92 57 73 55 49 33 38 30 20 15 19 21 12 16 13 10 8 10 8 4 1 6 3 2 2 5 1 2 4 0 1 0 0 2 0 0 0 0 0 1 0 0 0 0 0 0 0 0 0 0 0 0 0 0 0 0 0 1 0 0 0 0 0 0 0 
0 0 0 0 0 0 0 16 0 0 2 5 4 3 3 14 9 10 22 33 47 46 51 56 99 118 134 166 165 178 245 262 244 302 304 314 321 330 321 320 322 320 299 275 289 274 237 189 194 165 128 145 123 88 89 86 57 49 44 52 49 25 27 33 25 17 19 16 12 16 12 8 3 7 3 8 4 2 4 1 3 1 2 1 2 2 0 1 0 1 1 0 0 3 0 0 0 0 0 0 0 0 0 1 0 0 0 0 0 0 0 0 0 0 0 0 0 0 0 0 0 0 0 0 0 0 0 0 0 0 0 0 0 0 0 
0 0 0 0 0 0 0 16 0 0 0 5 3 2 9 10 10 25 26 27 33 51 68 87 85 123 124 180 180 215 210 266 292 317 331 328 338 312 362 337 333 309 318 270 258 246 208 194 158 156 146 123 94 102 89 86 79 62 50 60 26 33 19 24 14 17 23 14 14 11 7 12 6 11 6 6 4 5 3 2 0 3 1 3 1 2 2 1 0 1 0 1 0 0 0 0 0 0 0 0 1 0 1 0 0 0 0 0 0 0 0 0 
0 0 0 0 0 0 0 10 0 0 4 2 10 5 13 10 14 30 43 45 51 71 103 97 118 139 152 214 226 247 262 288 341 329 305 307 385 349 305 341 280 304 260 241 245 222 193 163 174 139 123 100 81 73 63 66 53 54 49 28 25 20 16 20 26 16 16 6 12 5 5 4 5 3 2 2 5 5 2 3 1 2 4 1 0 0 0 5 0 2 2 1 0 1 0 1 0 0 0 0 0 0 0 1 0 1 0 0 0 0 0 0 0 0 0 0 
0 0 0 0 0 0 0 11 0 0 0 3 5 5 11 17 20 26 32 56 52 51 81 89 151 140 165 186 221 253 262 294 307 347 349 344 352 348 326 336 317 323 275 271 225 210 196 178 152 130 100 103 93 91 66 64 48 37 52 32 31 32 21 17 15 12 15 5 15 8 6 9 4 6 1 5 0 8 3 4 3 0 1 0 1 2 2 2 0 1 3 1 1 0 0 0 0 0 0 0 0 0 0 0 0 0 
0 0 0 0 0 0 0 17 0 0 1 6 3 2 4 15 22 26 25 42 60 65 93 90 110 146 145 178 186 251 296 270 303 358 336 346 339 341 359 346 287 269 287 275 236 215 186 170 143 144 139 120 88 76 68 57 53 58 42 41 31 33 24 10 12 13 16 12 3 11 13 12 2 6 5 2 0 1 1 0 1 1 0 1 2 2 0 0 0 0 0 0 0 0 1 0 0 1 0 0 0 0 0 0 0 0 0 0 0 0 0 0 0 0 0 0 0 0 0 0 0 0 0 0 0 0 0 0 0 0 0 0 0 
0 0 0 0 0 0 0 14 0 0 0 4 7 3 6 16 31 38 32 49 53 83 82 117 134 179 201 195 229 263 281 306 309 377 356 357 354 333 331 331 312 250 266 244 236 192 159 160 149 130 95 95 71 84 63 67 51 41 43 35 28 12 29 16 16 10 13 5 7 4 11 5 2 4 3 5 3 1 1 2 1 2 0 0 2 2 0 0 0 1 0 1 0 0 0 0 1 1 0 0 0 1 0 0 1 1 0 0 0 0 0 0 0 0 0 
0 0 0 0 0 0 0 11 0 0 2 6 9 5 6 7 12 27 36 45 46 75 62 107 130 138 156 205 250 267 268 269 281 336 332 345 368 338 329 318 288 323 263 283 230 216 204 191 169 139 114 113 108 76 72 69 65 55 48 41 27 31 29 17 16 17 13 14 13 8 6 4 10 5 3 2 4 1 3 1 3 3 1 0 0 0 1 1 2 1 0 0 1 1 1 0 0 0 1 0 0 0 0 0 1 1 0 0 0 0 0 0 0 0 0 0 0 0 0 0 0 0 0 0 
0 0 0 0 0 0 0 12 0 0 4 5 2 2 10 8 16 25 30 47 38 49 83 112 114 126 161 195 217 235 265 286 336 340 354 308 328 340 331 345 297 277 259 278 246 212 191 173 159 130 115 97 72 77 65 65 55 48 46 35 32 27 24 20 13 19 11 12 8 7 10 4 3 3 4 2 1 6 1 3 1 1 2 0 0 1 2 2 0 0 0 1 1 0 0 0 0 0 0 0 0 0 0 0 0 0 0 0 0 0 0 0 1 0 0 0 0 0 0 0 0 0 0 0 0 
0 0 0 0 0 0 0 7 0 0 1 6 8 5 5 13 10 20 22 46 55 62 83 68 106 130 126 179 212 233 259 290 290 330 316 325 352 355 353 320 327 310 289 274 224 217 181 188 175 141 124 121 87 96 92 71 68 55 54 47 41 34 17 24 22 14 10 11 13 15 6 7 7 4 7 3 2 1 2 4 0 3 0 3 2 0 0 2 1 0 2 0 1 0 1 0 0 1 0 0 0 0 0 0 0 0 0 0 1 0 0 0 0 0 
0 0 0 0 0 0 0 14 0 0 2 6 4 9 6 6 8 21 30 40 50 74 76 96 107 138 153 189 220 260 279 258 326 331 343 323 344 336 326 333 298 270 244 257 198 195 174 170 139 172 148 106 97 80 87 63 62 48 47 33 32 25 29 22 18 12 17 18 9 8 6 4 10 7 1 5 3 5 0 4 1 2 4 1 0 2 0 2 3 0 0 1 0 1 0 0 0 0 1 0 0 0 0 0 1 0 0 0 0 0 0 0 0 0 0 0 0 0 0 0 0 0 0 0 0 0 
0 0 0 0 0 0 0 11 0 0 2 2 7 11 10 5 27 33 37 42 58 70 88 111 112 172 172 215 244 243 285 325 289 331 346 309 369 302 324 323 303 277 265 248 225 210 174 183 151 137 107 100 81 82 65 66 50 37 54 23 24 22 15 16 16 16 10 5 11 5 6 6 7 4 12 7 3 3 1 1 3 0 1 0 2 1 0 1 0 0 0 0 0 0 0 1 0 0 0 0 0 0 0 0 0 0 0 0 0 0 0 0 0 0 0 0 
0 0 0 0 0 0 0 12 0 0 1 7 1 6 5 6 23 23 29 44 55 69 80 99 127 152 168 206 225 255 299 296 302 336 338 326 385 331 340 326 282 272 292 227 237 187 193 169 161 111 106 103 79 70 69 65 53 57 32 46 42 32 33 14 13 22 11 7 11 4 6 8 6 6 6 4 3 2 1 3 1 0 0 7 0 2 1 1 0 2 0 1 0 0 0 0 0 0 0 0 0 0 0 0 0 0 0 1 0 0 0 0 0 0 0 0 0 0 0 0 0 0 0 0 
0 0 0 0 0 0 0 15 0 0 0 4 8 5 10 10 33 34 44 54 68 87 101 137 128 156 181 232 257 263 314 340 312 359 329 366 326 315 349 310 269 316 221 252 209 183 173 171 142 112 99 90 93 77 63 60 58 32 36 28 33 23 19 26 11 12 8 11 13 9 5 6 2 9 1 0 2 3 3 2 1 2 0 2 1 1 0 0 0 1 0 0 0 0 0 0 0 0 0 0 0 0 0 0 0 0 0 0 1 0 0 0 0 0 0 0 0 0 0 0 0 0 0 0 0 0 0 0 
0 0 0 0 0 0 0 15 0 0 2 3 5 4 7 9 18 19 32 21 42 54 62 85 102 124 136 168 178 241 269 270 281 310 319 351 386 322 324 326 286 302 301 257 226 215 209 170 174 148 139 124 97 96 83 79 72 53 42 33 31 43 25 28 18 10 10 8 11 3 7 7 4 6 9 4 3 2 1 1 1 2 3 0 0 0 2 0 0 0 1 1 0 0 0 0 0 0 0 0 0 1 0 0 0 0 0 0 0 0 0 0 0 0 0 0 
0 0 0 0 0 0 0 12 0 0 1 3 4 4 2 12 18 27 29 28 34 46 61 83 96 109 153 159 206 208 239 271 291 315 308 321 335 330 362 324 325 281 306 273 227 203 179 156 149 133 135 97 99 87 91 73 73 71 33 30 42 36 32 31 14 15 14 11 14 10 4 9 4 6 5 3 5 3 2 1 1 2 2 1 0 0 1 0 0 1 0 1 0 0 1 1 0 0 0 0 0 0 1 0 0 0 0 0 0 0 0 0 0 0 
0 0 0 0 0 0 0 11 0 0 1 4 8 6 5 15 21 24 34 37 52 64 58 92 116 149 171 214 222 266 285 299 315 308 359 322 329 363 335 320 323 297 261 260 223 208 184 186 157 149 127 104 97 89 75 66 53 59 41 30 27 23 25 22 19 18 12 10 10 10 9 9 8 5 5 3 3 0 1 1 3 1 1 2 0 0 0 0 0 2 1 0 0 1 0 0 0 0 0 1 0 0 1 0 0 0 0 0 0 0 0 0 0 0 
