0 0 0 0 0 0 0 10 0 0 1 1 2 7 7 9 15 37 31 37 56 76 84 113 101 135 148 200 186 235 248 272 312 316 312 309 342 319 338 345 320 315 301 254 207 217 180 183 166 149 124 112 106 84 95 72 65 52 42 40 25 30 31 25 14 20 17 8 11 5 7 2 3 4 2 3 6 4 0 0 3 1 3 3 2 1 0 1 0 0 1 0 0 1 0 0 0 0 0 1 0 1 0 0 0 0 0 0 0 0 0 0 0 0 0 0 0 0 0 0 0 0 0 0 0 0 0 0 0 0 0 0 0 0 0 0 0 0 0 0 0 0 0 
0 0 0 0 0 0 0 16 0 0 2 5 9 1 14 25 21 37 54 58 66 90 101 125 158 142 220 221 265 301 293 290 337 363 367 372 344 313 351 288 273 263 234 220 227 168 170 152 125 109 101 99 84 72 61 59 58 42 24 26 26 20 15 20 7 16 12 7 15 10 7 5 8 6 4 4 3 2 1 0 1 0 0 1 2 1 0 1 0 0 0 0 0 0 0 0 0 0 0 0 0 0 0 0 0 0 0 0 0 0 0 0 0 0 0 0 0 0 0 0 0 0 0 0 0 0 0 0 0 0 0 0 0 0 0 0 0 0 0 0 0 0 0 
0 0 0 0 0 0 0 16 0 0 0 5 7 4 12 8 16 18 20 32 38 47 74 86 108 122 137 174 223 229 271 274 292 311 320 311 326 360 319 332 312 277 272 236 221 185 172 194 147 155 136 117 111 90 83 77 62 55 45 36 35 31 26 22 16 15 14 13 10 8 11 6 8 5 5 4 3 4 5 2 1 0 1 3 0 2 0 1 0 0 0 0 0 0 1 0 0 0 0 0 0 0 0 0 0 0 1 0 0 0 0 0 1 0 1 0 0 0 0 0 0 0 0 0 0 0 0 0 0 0 0 0 0 0 0 0 0 0 0 0 0 0 0 
0 0 0 0 0 0 0 9 0 0 2 6 5 8 7 15 23 31 31 43 56 71 93 108 124 129 184 196 210 246 276 264 341 313 341 344 366 302 323 323 305 282 275 238 226 215 170 162 123 131 136 107 84 77 60 48 43 49 48 40 34 18 22 17 11 17 14 10 10 9 7 8 8 3 2 4 0 0 3 2 2 1 0 2 0 2 1 0 0 1 0 0 0 0 0 0 0 0 0 0 0 0 0 0 0 0 0 0 0 0 0 0 0 0 0 0 0 0 0 0 0 0 0 0 0 0 0 0 0 0 0 0 0 0 0 0 0 0 0 0 0 0 0 
0 0 0 0 0 0 0 8 0 0 1 3 6 4 14 8 22 30 43 52 57 63 95 101 123 153 168 209 217 231 300 275 295 340 312 339 354 329 323 305 284 257 273 262 224 185 187 161 160 136 91 89 103 77 64 63 57 55 39 35 39 28 27 19 17 16 15 13 7 4 12 9 8 6 2 1 3 2 2 2 2 3 1 1 0 1 1 2 2 1 0 0 0 0 0 0 1 0 0 0 0 0 0 1 0 0 0 0 0 0 0 0 0 0 0 0 0 0 0 0 0 0 0 0 0 0 0 0 0 0 0 0 0 0 0 0 0 0 0 0 0 0 0 
0 0 0 0 0 0 0 15 0 0 2 6 2 3 3 4 11 12 24 29 43 57 60 76 88 108 124 146 170 194 227 247 273 307 272 313 328 357 321 324 312 322 277 303 252 235 214 186 134 164 146 110 108 96 69 79 66 60 60 50 34 30 32 32 37 18 20 18 15 11 7 11 12 8 5 3 4 2 3 2 0 3 3 0 0 0 3 0 0 0 0 0 0 1 0 0 1 0 0 0 0 0 0 0 0 0 0 0 1 0 0 0 0 0 0 0 0 0 0 0 0 0 0 0 0 0 0 0 0 0 0 0 0 0 0 0 0 0 0 0 0 0 0 
0 0 0 0 0 0 0 17 0 0 1 5 4 6 6 10 19 16 22 32 42 62 65 85 90 108 148 146 222 220 246 275 276 283 367 307 344 352 354 315 342 303 274 283 235 249 198 223 152 181 129 132 103 94 77 60 58 65 54 44 37 28 30 36 24 17 18 13 13 11 11 16 6 8 5 4 4 6 3 3 4 0 1 1 0 3 2 0 0 0 0 0 0 0 1 0 0 0 0 0 0 0 0 0 0 0 0 0 0 0 0 0 0 0 0 0 0 0 0 0 0 0 0 0 0 0 0 0 0 0 0 0 0 0 0 0 0 0 0 0 0 0 0 
0 0 0 0 0 0 0 13 0 0 3 3 1 4 9 18 24 33 33 36 53 81 75 88 94 147 154 176 210 247 260 274 296 320 364 341 368 319 300 325 284 285 264 248 214 225 194 180 156 128 106 108 77 69 64 69 64 53 43 44 35 26 15 17 16 22 18 11 12 9 6 10 8 6 6 4 1 3 3 0 1 1 3 0 0 1 3 0 0 0 0 0 0 0 0 0 0 0 0 0 0 0 0 0 0 0 0 0 0 0 0 0 0 0 0 0 0 0 0 0 0 0 0 0 0 0 0 0 0 0 0 0 0 0 0 0 0 0 0 0 0 1 0 
0 0 0 0 0 0 0 10 0 0 2 2 3 3 6 11 15 8 16 22 33 54 75 76 80 87 120 146 163 197 207 223 248 273 310 324 295 283 358 315 339 296 305 272 242 251 223 192 203 162 127 156 135 123 107 83 94 63 45 62 42 33 32 33 29 16 15 9 10 16 15 11 10 6 10 9 5 5 3 1 3 3 4 0 0 2 0 0 2 0 1 2 0 0 1 0 0 0 0 0 1 0 0 0 0 0 0 0 0 0 0 0 0 0 0 0 0 0 0 0 0 0 0 0 0 0 0 0 0 0 0 0 0 0 0 0 0 0 0 0 0 0 0 
0 0 0 0 0 0 0 13 0 0 4 8 9 7 9 11 17 25 27 36 50 78 80 95 108 130 162 190 230 242 251 285 326 311 328 335 300 336 322 310 299 293 270 243 221 213 187 191 162 147 105 96 106 88 73 76 45 46 46 42 24 23 25 33 11 12 19 20 10 8 12 6 4 5 1 4 2 1 0 3 2 2 0 2 1 0 2 1 1 0 0 0 1 1 0 1 0 0 0 0 0 0 0 0 0 0 0 0 0 0 0 0 0 0 0 0 0 0 0 0 0 0 0 0 0 0 0 0 0 0 0 0 0 0 0 0 0 0 0 0 0 0 0 
0 0 0 0 0 0 0 18 0 0 1 2 6 4 7 12 12 19 20 31 36 54 66 63 95 109 111 143 160 175 210 264 269 279 294 339 322 322 335 321 318 331 272 307 277 272 246 205 203 186 148 144 123 103 99 78 74 65 39 31 33 37 34 27 22 22 14 13 8 16 13 8 6 6 6 4 6 4 2 1 2 1 4 3 3 2 1 1 0 0 2 1 0 0 1 1 1 0 1 0 0 0 0 1 0 0 1 0 1 0 0 0 0 0 0 0 0 0 0 0 0 0 0 0 0 0 0 0 0 0 0 0 0 0 0 0 0 0 0 0 0 0 0 
0 0 0 0 0 0 0 9 0 0 1 4 8 8 10 9 17 21 25 36 33 54 75 99 120 140 162 175 206 257 267 250 265 267 315 282 307 336 327 320 364 330 285 242 248 238 205 184 156 157 148 101 102 104 90 66 74 55 37 39 36 32 38 22 29 17 20 14 10 12 4 8 6 5 1 7 2 4 5 2 1 2 1 2 0 1 1 1 1 1 0 1 1 0 0 0 0 0 0 0 0 0 0 0 0 1 0 0 0 0 0 0 0 0 0 0 0 0 0 0 0 0 0 0 0 0 0 0 0 0 0 0 0 0 0 0 0 0 0 0 0 0 0 
0 0 0 0 0 0 0 12 0 0 2 3 8 4 5 11 21 22 40 44 61 85 90 109 119 151 167 189 253 241 269 285 325 327 334 341 348 311 313 311 278 266 266 239 207 204 180 155 145 134 106 96 87 78 88 64 42 49 43 38 26 24 17 22 22 19 11 13 11 15 7 2 3 3 2 4 1 4 4 0 2 0 1 1 1 1 0 0 0 1 1 0 0 0 0 0 0 0 0 0 0 0 0 0 0 0 1 0 0 0 0 0 0 0 0 0 0 0 0 0 0 0 0 0 0 0 0 0 0 0 0 0 0 0 0 0 0 0 0 0 0 0 0 
0 0 0 0 0 0 0 10 0 0 1 5 9 4 2 10 13 24 23 28 29 55 57 88 109 97 137 133 178 208 198 225 271 262 305 303 320 332 317 318 323 308 252 273 224 226 223 213 175 163 149 131 112 115 91 63 69 71 56 39 47 31 29 31 27 24 9 12 14 12 7 3 4 5 8 5 4 0 5 1 2 1 0 1 0 1 0 2 2 0 0 0 0 1 0 0 1 0 0 0 0 0 0 0 0 0 2 0 0 0 0 0 0 0 0 0 0 1 0 0 0 0 0 0 0 0 0 0 0 0 0 0 0 0 0 0 0 0 0 0 0 0 0 
0 0 0 0 0 0 0 16 0 0 1 2 6 6 0 18 25 32 21 28 46 61 80 91 108 113 151 170 177 249 252 266 280 357 324 346 347 318 342 319 314 282 282 271 235 218 192 174 162 141 129 133 102 79 72 62 64 54 53 46 30 25 21 18 23 15 13 13 13 12 6 3 7 5 5 7 6 5 1 2 6 1 1 1 0 2 0 1 3 0 1 0 1 0 0 1 2 1 0 0 0 0 0 0 0 0 0 0 0 0 0 0 0 0 0 0 0 0 0 0 0 0 0 0 0 0 0 0 0 0 0 0 0 0 0 0 0 0 0 0 0 0 0 
0 0 0 0 0 0 0 18 0 0 1 2 4 5 7 9 29 28 35 44 56 70 114 99 124 186 191 195 249 271 272 304 326 350 344 356 344 336 326 327 314 284 268 255 221 204 161 152 145 141 130 116 86 79 63 55 53 45 36 40 32 32 27 20 18 18 11 17 4 5 10 4 6 4 6 5 2 1 3 2 2 0 2 1 2 1 0 0 1 1 0 1 0 0 0 0 1 0 0 0 0 1 0 0 0 0 0 0 1 0 0 0 0 0 0 0 0 0 0 0 0 0 0 0 0 0 0 0 0 0 0 0 0 0 0 0 0 0 0 0 0 0 0 
0 0 0 0 0 0 0 15 0 0 1 6 9 2 3 7 15 17 27 26 33 49 64 78 106 108 138 172 183 193 215 250 306 301 290 373 330 303 343 316 292 291 288 277 245 229 239 189 162 162 138 130 110 92 76 75 76 50 44 44 35 35 35 17 24 23 20 19 11 10 8 11 4 2 6 8 2 1 1 1 4 0 0 3 3 0 1 1 0 0 1 0 1 0 0 0 1 0 0 0 0 0 0 0 0 0 0 0 0 0 0 0 0 0 0 0 0 0 0 0 0 0 0 0 0 0 0 0 0 0 0 0 0 0 0 0 0 0 0 0 0 0 0 
0 0 0 0 0 0 0 13 0 0 0 2 4 4 4 4 15 9 22 34 39 35 54 94 84 116 151 155 170 183 234 252 304 311 298 288 363 333 335 337 311 307 301 273 247 259 248 198 195 159 159 114 101 104 97 76 59 63 53 42 41 23 25 33 25 26 16 14 9 13 6 7 8 5 8 4 1 0 2 2 5 1 0 0 3 3 1 1 2 1 0 0 2 0 1 0 0 0 0 0 0 0 0 0 0 0 0 0 0 0 0 0 0 0 0 0 0 0 0 0 0 0 0 0 0 0 0 0 0 0 0 0 0 0 0 0 0 0 0 0 0 0 0 
0 0 0 0 0 0 0 11 0 0 0 1 7 4 6 11 21 22 23 33 49 70 53 89 115 128 150 186 201 219 270 283 267 271 339 325 337 328 317 285 327 276 274 288 267 223 188 173 163 159 133 132 113 78 74 62 56 50 38 42 30 44 18 30 19 21 21 16 10 11 8 9 4 1 6 5 5 1 3 3 4 1 3 1 1 1 2 1 0 2 0 0 0 0 3 0 0 0 1 0 1 0 0 1 0 0 0 0 0 0 0 1 0 0 0 0 0 0 0 0 0 0 0 0 0 0 0 0 0 0 0 0 0 0 0 0 0 0 0 0 0 0 0 
0 0 0 0 0 0 0 19 0 0 1 3 5 5 3 11 17 25 24 31 33 48 74 96 91 116 158 155 207 224 236 242 323 299 293 318 353 302 328 305 327 285 303 278 236 236 188 182 163 148 141 111 106 85 78 78 62 62 56 39 33 31 35 28 27 23 13 8 8 4 8 4 8 10 2 4 4 3 2 1 2 3 1 2 4 0 0 2 1 0 3 1 0 0 1 1 0 0 0 0 0 0 0 0 0 0 0 0 0 0 0 0 0 0 0 0 0 0 0 0 0 0 0 0 0 0 0 0 0 0 0 0 0 0 0 0 0 0 0 0 0 0 0 
0 0 0 0 0 0 0 13 0 0 1 7 6 7 8 7 14 31 28 30 45 65 90 96 124 125 162 184 217 233 270 273 298 293 309 332 326 348 341 312 336 304 280 263 262 207 187 175 164 154 114 109 107 85 76 74 53 52 44 26 42 27 21 24 14 18 15 6 7 7 5 4 7 7 4 3 3 3 1 0 1 1 1 1 0 1 1 0 0 0 0 0 0 0 0 0 0 0 0 0 0 0 0 0 0 0 0 0 0 0 0 0 1 0 0 0 0 0 0 0 0 0 0 0 0 0 0 0 0 0 0 0 0 0 0 0 0 0 0 0 0 0 0 
0 0 0 0 0 0 0 13 0 0 0 8 1 5 5 13 18 18 27 39 53 58 74 93 128 113 152 151 189 219 244 275 335 317 300 328 325 337 358 314 264 281 246 260 255 201 217 163 183 145 141 98 112 84 89 71 62 47 44 56 40 26 30 25 14 17 12 8 12 10 7 6 3 6 2 6 7 5 3 4 2 4 2 2 3 0 2 1 2 0 0 1 0 0 1 0 1 0 0 1 0 0 1 0 0 0 0 0 0 0 0 0 0 0 0 0 0 0 0 0 0 0 0 0 0 0 0 0 0 0 0 0 0 0 0 0 0 0 0 0 0 0 0 
0 0 0 0 0 0 0 15 0 0 3 3 4 4 3 16 15 30 37 37 38 65 69 114 114 135 148 194 204 215 244 305 276 319 347 364 338 336 335 324 276 304 281 272 222 226 191 179 143 134 130 85 106 75 60 42 47 57 46 32 40 18 23 17 16 10 9 18 12 10 10 7 5 4 7 6 4 0 2 2 1 1 1 1 1 1 0 0 0 0 0 0 0 0 1 0 0 1 0 0 0 0 0 0 0 0 0 0 0 0 1 0 0 0 0 0 0 0 0 0 0 0 0 0 0 0 0 0 0 0 0 0 0 0 0 0 0 0 0 0 0 0 0 
0 0 0 0 0 0 0 12 0 0 4 5 4 7 8 10 18 21 21 39 47 55 81 102 112 127 170 160 219 239 255 233 316 301 333 340 324 316 337 307 325 287 259 262 229 236 172 194 164 150 107 121 93 103 77 67 63 52 47 56 33 29 34 24 27 23 18 14 12 8 7 9 3 9 4 2 5 5 1 1 2 2 0 0 2 0 0 1 0 0 1 0 0 0 1 0 0 2 0 0 1 0 0 0 0 0 0 0 0 0 0 0 0 0 0 0 0 0 0 0 0 0 0 1 0 0 0 1 0 0 0 0 0 0 0 0 0 0 0 0 0 0 0 
0 0 0 0 0 0 0 9 0 0 1 5 9 3 2 12 15 14 21 17 35 50 66 80 101 113 136 158 195 191 216 230 284 313 310 317 327 336 344 326 326 291 286 264 264 196 223 199 202 146 138 145 128 95 89 84 68 60 57 48 59 34 35 22 21 22 25 13 12 12 12 7 3 10 8 4 5 5 4 6 4 1 4 1 2 0 1 1 1 1 0 2 0 0 0 0 0 1 0 0 0 0 0 0 0 0 0 0 0 0 0 1 0 0 0 0 0 0 0 0 0 0 0 0 0 0 0 0 0 0 0 0 0 0 0 0 0 0 0 0 0 0 0 
0 0 0 0 0 0 0 15 0 0 3 2 5 2 7 5 6 14 19 35 43 52 86 97 101 114 154 161 177 188 245 245 276 281 326 307 329 299 342 367 308 308 260 266 238 216 220 166 145 130 123 117 102 108 86 90 67 63 49 51 35 27 33 22 20 18 18 11 13 13 5 6 6 2 11 6 1 4 2 1 3 2 1 0 0 0 1 2 0 0 2 0 0 0 0 0 0 0 0 0 0 0 0 0 0 0 0 0 0 0 0 0 0 0 0 0 1 1 0 0 0 0 0 0 0 0 0 0 0 0 0 0 0 0 0 0 0 0 0 0 0 0 0 
0 0 0 0 0 0 0 16 0 0 3 4 3 8 5 6 23 29 21 30 59 66 76 100 107 125 164 168 190 241 247 278 285 301 370 371 323 317 352 303 316 276 261 248 232 203 199 171 175 131 128 106 94 76 80 50 58 68 35 49 41 31 32 14 14 18 8 12 8 8 7 5 8 1 3 5 2 1 1 3 3 2 1 1 1 2 3 0 0 0 1 0 0 1 0 0 0 0 0 0 0 1 0 0 0 0 0 0 0 0 0 0 0 0 0 1 0 0 0 0 0 0 0 0 0 0 0 0 0 0 0 0 0 0 0 0 0 0 0 0 0 0 0 
0 0 0 0 0 0 0 8 0 0 1 3 7 2 3 6 12 18 23 28 56 61 62 70 94 130 143 137 179 198 274 242 286 328 300 321 317 315 365 329 305 279 277 259 257 219 198 181 195 135 151 115 105 78 71 70 48 52 36 36 38 35 29 26 17 15 13 13 14 11 10 6 2 7 5 4 3 1 3 5 2 2 2 1 1 0 0 0 0 1 0 0 0 0 0 0 0 0 0 0 0 0 0 0 0 0 0 0 0 0 0 0 0 0 0 0 0 0 0 0 0 0 0 0 0 0 0 0 0 0 0 0 0 0 0 0 0 0 0 0 0 0 0 
0 0 0 0 0 0 0 9 0 0 0 3 5 5 8 8 9 16 13 22 49 63 73 107 119 116 175 178 212 217 249 278 306 338 339 348 332 347 380 324 305 289 252 254 282 228 198 186 159 172 127 104 90 86 77 57 57 50 39 42 37 31 23 17 16 11 22 10 5 9 11 1 5 5 3 5 7 3 4 2 0 2 1 3 5 0 1 1 2 1 1 1 0 0 0 1 0 0 0 0 0 0 0 0 0 0 0 0 0 0 0 0 0 0 0 0 0 0 0 0 0 0 0 0 0 0 0 0 0 0 0 0 0 0 0 0 0 0 0 0 0 0 0 
0 0 0 0 0 0 0 12 0 0 4 4 7 3 5 6 20 17 32 41 36 44 74 89 124 125 174 215 208 198 272 276 309 314 307 345 372 349 350 331 311 321 272 255 239 231 191 162 160 142 117 121 98 92 94 70 52 39 36 34 38 26 24 15 17 24 12 11 14 6 7 7 11 4 9 4 2 1 2 2 2 2 2 1 2 1 0 2 0 0 0 0 0 0 0 0 0 0 1 0 0 0 0 0 0 0 0 0 0 0 0 0 0 0 0 0 0 0 0 0 0 0 0 0 0 0 0 0 0 0 0 0 0 0 0 0 0 0 0 0 0 0 0 
0 0 0 0 0 0 0 18 0 0 1 2 5 10 2 4 9 25 35 37 31 63 75 94 132 131 128 171 182 232 238 276 305 325 319 326 347 330 310 298 299 292 285 251 237 210 226 159 146 140 137 105 91 90 71 59 62 42 38 37 42 40 35 22 23 14 10 9 11 7 9 7 6 6 6 4 3 3 3 3 1 2 0 1 0 1 1 2 0 0 1 0 0 0 2 0 0 0 0 0 0 0 0 0 0 0 0 0 0 0 0 0 0 0 0 0 0 0 0 0 0 0 0 0 0 0 0 0 0 0 0 0 0 0 0 0 0 0 0 0 0 0 0 
0 0 0 0 0 0 0 15 0 0 0 3 6 4 4 7 5 8 16 19 38 37 58 63 82 98 121 134 167 199 225 257 264 296 295 312 317 353 331 345 315 320 303 302 268 239 240 208 201 166 151 141 114 120 91 84 78 64 59 45 47 26 32 23 27 23 20 15 12 11 14 10 14 8 4 5 7 3 6 4 3 3 0 1 1 2 2 0 0 0 0 0 1 0 0 0 0 0 0 0 0 0 0 0 0 0 1 0 0 0 0 0 0 0 0 0 0 0 0 0 0 0 0 0 0 0 0 0 0 0 0 0 0 0 0 0 0 0 0 0 0 0 0 
0 0 0 0 0 0 0 7 0 0 0 4 5 3 2 14 24 20 34 37 55 59 76 85 127 149 160 179 219 234 262 280 318 329 338 323 331 332 364 323 294 299 250 284 244 226 196 206 170 145 131 112 99 93 87 69 56 45 57 35 28 27 33 41 25 20 9 9 8 9 7 3 10 8 2 3 0 2 4 4 4 0 2 0 0 1 1 1 1 0 1 0 0 0 0 0 0 0 0 0 0 0 0 0 0 0 0 0 0 0 0 0 0 0 0 0 0 0 0 0 0 0 0 0 0 0 0 0 0 0 0 0 0 0 0 0 0 0 0 0 0 0 0 
0 0 0 0 0 0 0 11 0 0 0 3 2 4 7 14 21 27 23 46 50 72 102 95 114 153 162 170 193 243 229 271 300 347 324 342 323 316 314 305 320 282 243 238 237 223 193 190 168 142 128 121 113 93 88 63 73 49 37 34 37 26 21 17 18 13 12 8 9 11 9 5 7 4 2 2 4 3 3 2 2 1 1 3 0 2 0 3 1 0 0 0 1 0 0 0 1 0 0 0 0 0 0 0 0 0 0 0 0 0 0 0 0 0 0 0 0 0 0 0 0 0 0 0 0 0 0 0 0 0 0 0 0 0 0 0 0 0 0 0 0 0 0 
0 0 0 0 0 0 0 15 0 0 1 4 3 1 14 8 12 33 29 59 46 65 67 97 136 154 168 183 188 224 263 299 281 343 324 324 330 336 320 318 302 286 288 231 224 229 187 165 127 123 121 116 112 79 66 66 53 47 41 34 30 29 25 15 22 10 8 6 14 11 9 2 6 6 2 5 3 5 0 2 1 0 0 3 0 3 2 1 0 0 1 2 0 1 0 0 0 0 0 0 1 0 0 0 0 0 0 0 0 0 0 0 0 0 0 0 0 0 0 0 0 0 0 0 0 0 0 0 0 0 0 0 0 0 0 0 0 0 0 0 0 0 0 
0 0 0 0 0 0 0 15 0 0 1 1 5 7 11 8 10 17 22 28 45 65 72 79 106 117 120 182 187 211 272 268 289 310 331 333 328 310 335 357 309 300 270 256 238 205 221 179 164 164 136 110 112 104 96 73 76 59 61 50 30 28 35 36 20 26 13 12 21 8 6 5 3 5 7 3 5 2 4 5 3 0 3 2 1 0 2 1 1 2 0 1 0 0 0 1 0 0 0 0 0 0 0 0 0 0 0 0 0 0 0 0 0 0 0 0 0 0 0 0 0 0 0 0 0 0 0 0 0 0 0 0 0 0 0 0 0 0 0 0 0 0 0 
0 0 0 0 0 0 0 16 0 0 0 4 1 7 3 8 12 26 27 31 48 58 63 66 92 112 115 164 180 194 237 245 276 289 299 319 334 355 363 316 312 287 294 273 239 245 203 202 187 177 140 125 116 88 82 74 72 44 56 39 53 30 33 27 22 22 17 18 9 8 6 4 5 7 7 1 4 4 2 4 4 2 1 2 0 1 2 0 0 0 0 0 0 0 0 0 1 0 0 0 0 0 0 0 0 0 0 0 0 0 0 0 0 0 1 0 0 0 0 0 0 0 0 0 0 0 0 0 0 0 0 0 0 0 0 0 0 0 0 0 0 0 0 
0 0 0 0 0 0 0 12 0 0 0 2 7 5 10 15 22 18 33 49 52 83 102 100 117 148 162 185 209 232 274 279 338 365 319 344 330 309 323 332 298 296 264 230 207 198 170 156 155 141 111 107 88 78 79 70 46 41 40 41 35 31 23 19 13 20 11 8 13 5 13 5 7 5 4 1 6 5 3 1 2 1 4 1 1 1 1 0 1 1 2 0 1 1 0 0 0 0 0 0 0 0 0 0 0 0 0 0 0 0 0 0 0 0 0 0 0 0 0 0 0 0 0 0 0 0 0 0 0 0 0 0 0 0 0 0 0 0 0 0 0 0 0 
0 0 0 0 0 0 0 8 0 0 1 3 7 7 10 9 16 30 28 37 51 64 91 112 116 133 151 205 243 223 304 290 323 339 326 352 330 317 306 301 329 255 277 244 223 222 200 188 173 155 108 106 79 78 75 70 40 47 39 31 31 23 29 25 20 12 10 8 9 5 9 5 4 5 5 4 2 2 2 1 2 3 0 1 1 1 0 0 0 0 0 1 0 0 0 0 0 0 0 0 0 0 0 0 0 0 0 0 0 0 0 0 0 0 0 0 0 0 0 0 0 0 0 0 0 0 0 0 0 0 0 0 0 0 0 0 0 0 0 0 0 0 0 
0 0 0 0 0 0 0 17 0 0 3 2 4 4 5 14 17 25 34 40 50 65 97 96 113 145 150 161 183 224 272 264 278 309 322 363 353 358 325 313 312 293 280 257 245 211 209 176 165 130 129 126 102 88 88 79 54 41 44 42 33 30 27 23 23 24 12 17 7 8 8 11 6 6 4 5 4 2 0 5 2 2 2 1 1 1 1 0 0 0 0 0 0 2 0 0 1 0 0 0 1 0 0 0 0 0 0 0 1 0 0 0 0 0 0 1 0 0 0 0 0 0 0 0 0 0 0 0 0 0 0 0 0 0 0 0 0 0 0 0 0 0 0 
0 0 0 0 0 0 0 10 0 0 3 3 7 5 3 13 19 42 47 56 61 75 87 139 139 164 173 208 248 280 305 293 311 330 334 358 328 342 328 340 297 271 248 237 196 179 165 174 165 113 145 100 77 68 78 55 41 47 30 34 18 35 22 28 11 16 9 11 7 10 7 8 7 3 5 5 3 0 1 2 1 4 3 0 2 0 0 1 0 0 0 1 0 0 0 0 0 0 0 0 0 1 0 0 0 0 0 0 0 1 0 0 0 0 0 0 0 0 0 0 0 0 0 0 0 0 0 0 0 0 0 0 0 0 0 0 0 0 0 0 0 0 0 
0 0 0 0 0 0 0 14 0 0 1 3 7 5 2 13 11 20 31 31 37 71 89 94 119 138 167 185 200 228 251 250 298 279 346 356 350 349 364 317 306 317 262 260 250 209 204 147 167 148 136 107 75 96 70 67 59 59 51 39 32 22 26 27 21 22 16 20 7 13 15 4 7 8 1 5 2 2 2 3 3 3 2 1 4 1 0 0 0 0 0 0 0 0 0 0 0 1 0 0 0 0 0 0 0 0 0 0 0 0 0 0 0 0 0 0 0 0 0 0 0 0 0 0 0 0 0 0 0 0 0 0 0 0 0 0 0 0 0 0 0 0 0 
0 0 0 0 0 0 0 12 0 0 2 5 9 4 3 4 11 22 22 21 48 62 76 93 101 142 145 186 180 231 229 294 280 333 322 315 333 363 333 347 279 265 262 245 270 220 196 213 173 118 128 124 104 83 91 63 57 66 48 35 47 26 22 32 15 19 12 13 15 8 5 3 7 6 8 5 2 4 4 3 1 2 2 1 3 0 2 2 0 1 0 1 0 0 0 1 0 0 0 0 0 2 0 0 0 0 0 0 0 0 0 1 0 0 0 0 0 0 0 0 0 0 0 0 0 0 0 0 0 0 0 0 0 0 0 0 0 0 0 0 0 0 0 
0 0 0 0 0 0 0 11 0 0 1 4 9 3 7 13 28 22 23 44 67 79 89 98 118 123 153 187 229 248 295 295 320 317 329 337 359 298 318 337 315 255 283 222 219 190 189 162 125 138 110 109 102 58 62 60 55 51 33 30 24 25 26 19 14 12 15 10 10 10 7 5 5 2 9 2 4 2 5 4 3 0 0 0 1 2 2 0 0 0 1 0 0 0 0 0 0 0 0 0 0 0 0 0 0 0 0 1 0 0 0 0 0 0 0 0 0 0 0 0 0 0 0 0 0 0 0 0 0 0 0 0 0 0 0 0 0 0 0 0 0 0 0 
0 0 0 0 0 0 0 11 0 0 2 3 7 5 7 6 14 21 31 28 43 53 83 96 103 122 139 167 170 206 238 273 271 261 299 317 330 342 293 345 312 291 285 294 251 231 221 216 158 162 124 119 104 93 87 82 64 57 47 49 48 32 33 21 16 16 7 13 16 7 13 4 10 6 5 4 5 1 5 1 2 2 0 0 3 1 0 1 0 0 1 1 1 0 0 0 0 1 0 0 0 0 0 0 0 0 0 0 0 0 0 0 0 0 0 0 0 0 1 0 0 0 0 0 0 0 0 0 0 0 0 0 0 0 0 0 0 0 0 0 0 0 0 
0 0 0 0 0 0 0 11 0 0 0 3 3 6 4 14 11 22 34 29 54 77 91 102 102 144 156 183 212 242 247 295 266 322 329 319 325 315 348 307 301 289 288 253 222 208 180 181 153 161 118 105 106 86 77 63 47 50 46 45 37 32 28 37 20 16 19 11 10 12 8 5 9 6 5 2 4 2 0 2 0 5 1 2 1 0 0 1 0 1 1 1 0 0 0 0 0 0 0 0 0 0 0 0 0 0 0 0 0 0 0 0 0 0 0 0 0 0 0 0 0 0 0 0 0 0 0 0 0 0 0 0 0 0 0 0 0 0 0 0 0 0 0 
0 0 0 0 0 0 0 18 0 0 1 1 1 4 6 13 21 23 29 42 53 52 60 71 102 134 145 165 223 240 254 292 318 309 335 343 370 346 327 306 335 304 283 286 237 215 173 185 169 147 132 101 109 90 72 85 50 61 44 29 28 30 19 18 12 12 15 18 8 10 10 6 8 4 2 4 3 5 2 2 1 1 2 1 1 3 0 0 0 0 1 0 0 1 0 0 0 1 0 1 0 0 0 0 0 0 0 0 1 0 0 0 0 0 0 0 0 0 0 0 0 0 0 0 0 1 0 0 0 0 0 0 0 0 0 0 0 0 0 0 0 0 0 
0 0 0 0 0 0 0 11 0 0 0 5 7 13 6 12 22 26 31 52 59 74 101 102 139 138 147 185 223 246 274 277 344 326 323 355 324 371 319 337 313 300 228 259 223 182 183 171 142 144 139 108 95 92 74 62 61 47 34 33 32 34 28 21 16 17 10 11 12 6 5 3 5 7 2 4 2 2 1 2 0 2 0 1 2 1 0 2 2 0 1 0 0 0 0 0 0 0 0 0 0 0 1 0 0 0 1 0 0 0 0 0 0 0 0 0 0 0 0 0 0 0 0 0 0 0 0 0 0 0 0 0 0 0 0 0 0 0 0 0 0 0 0 
0 0 0 0 0 0 0 12 0 0 2 6 4 8 7 5 15 33 25 35 47 61 75 97 104 117 174 174 216 253 251 287 272 298 340 340 321 360 362 358 280 309 261 260 239 223 202 165 171 126 123 116 106 72 76 68 69 46 42 35 32 25 18 12 23 17 12 11 6 6 13 8 6 5 5 3 2 4 1 2 2 1 0 0 0 1 1 2 0 0 0 0 0 0 0 0 0 0 0 0 0 0 0 0 0 1 0 0 0 0 0 0 0 0 0 0 0 0 0 0 0 0 0 0 0 0 0 0 0 0 0 0 0 0 0 0 0 0 0 0 0 0 0 
0 0 0 0 0 0 0 13 0 0 1 6 4 7 3 7 28 31 31 39 61 62 96 100 114 121 160 200 206 204 224 277 311 310 319 324 338 333 331 329 311 299 296 249 250 216 220 182 157 124 103 127 105 93 78 81 51 61 28 32 39 32 26 14 17 14 15 16 6 7 11 6 4 4 3 4 3 6 2 1 2 1 2 1 0 2 0 1 2 1 0 0 0 0 1 0 0 0 0 0 0 0 0 0 0 0 0 0 0 0 0 0 0 1 0 0 0 0 0 0 0 0 0 0 0 0 0 0 0 0 0 0 0 0 0 0 0 0 0 0 0 0 0 
0 0 0 0 0 0 0 24 0 0 0 7 8 3 4 12 24 24 32 59 50 67 106 95 135 162 202 187 215 235 270 282 331 317 370 333 320 340 357 321 275 293 267 239 218 217 174 166 143 126 107 105 81 87 80 58 56 62 38 38 30 24 24 24 13 14 13 14 14 13 5 5 3 4 3 2 4 3 3 1 1 2 1 1 1 1 1 1 0 0 0 0 1 0 0 0 0 0 0 0 0 1 0 0 0 0 0 0 0 0 0 0 0 0 0 0 0 0 0 0 0 0 0 0 0 0 0 0 0 0 0 0 0 0 0 0 0 0 0 0 0 0 0 
0 0 0 0 0 0 0 15 0 0 2 0 3 5 3 10 22 21 31 18 44 50 86 74 99 136 146 178 203 226 256 281 306 296 319 357 355 342 318 317 290 281 268 271 224 224 207 187 146 129 145 114 115 89 70 71 59 39 34 46 33 32 26 20 25 21 20 16 7 10 10 6 5 8 2 4 8 2 2 0 0 2 2 3 2 1 1 4 1 0 2 0 0 0 1 0 0 0 0 0 0 0 0 0 0 0 0 0 0 0 0 0 0 0 0 0 0 0 0 0 0 0 0 0 0 0 0 0 0 0 0 0 0 0 0 0 0 0 0 0 0 0 0 
0 0 0 0 0 0 0 12 0 0 2 0 6 2 8 10 13 18 28 43 51 71 82 91 99 139 144 162 170 217 254 276 271 296 322 297 296 330 358 348 294 313 268 261 223 234 198 178 156 160 121 102 104 79 71 72 61 42 35 34 43 30 33 21 21 11 7 11 9 5 8 10 3 7 4 6 1 1 5 1 2 2 3 3 0 0 1 0 2 0 0 1 0 1 0 1 0 2 0 0 0 0 0 0 0 0 1 0 0 0 0 0 0 0 0 0 0 0 0 0 0 0 0 0 0 0 0 0 0 0 0 0 0 0 0 0 0 0 0 0 0 0 0 
0 0 0 0 0 0 0 15 0 0 1 5 4 8 7 11 19 16 25 33 36 38 69 69 102 111 151 138 180 211 225 267 239 280 334 308 322 382 354 311 314 272 281 269 271 245 210 181 184 164 163 136 115 100 75 82 73 72 44 69 46 33 28 26 23 20 15 13 16 12 9 9 8 7 4 5 7 2 1 3 1 0 1 0 1 3 1 1 0 0 0 1 1 0 1 0 0 2 0 0 1 0 0 0 0 0 0 0 0 0 0 0 0 0 0 0 0 0 0 0 0 0 0 0 0 0 0 0 0 0 0 0 0 0 0 0 0 0 0 0 0 0 0 
0 0 0 0 0 0 0 9 0 0 1 3 6 1 8 10 14 18 26 42 32 49 60 92 91 122 137 147 154 205 219 255 262 279 332 327 338 300 369 334 305 284 294 256 285 246 228 173 147 178 147 126 111 95 92 67 57 65 56 47 33 37 31 20 23 21 11 18 12 11 5 8 10 11 4 6 3 3 5 4 2 2 0 0 1 1 2 1 0 0 1 0 0 1 0 1 0 0 0 0 0 0 0 0 0 0 0 0 0 0 0 0 0 0 0 0 0 0 0 0 0 0 0 0 0 0 0 0 0 0 0 0 0 0 0 0 0 0 0 0 0 0 0 
0 0 0 0 0 0 0 19 0 0 0 2 1 6 6 20 30 20 38 45 63 85 101 116 118 161 192 200 210 222 280 307 311 337 352 343 339 348 297 333 280 282 263 249 193 213 177 168 159 124 130 111 97 64 73 66 61 59 39 25 23 33 25 17 20 20 9 6 14 2 6 18 5 8 7 2 3 2 5 1 2 3 3 1 4 1 3 1 0 2 1 0 0 0 2 0 0 0 0 0 0 0 0 0 0 0 0 0 0 0 0 0 0 0 0 0 0 0 0 0 0 0 0 0 0 0 0 0 0 0 0 0 0 0 0 0 0 0 0 0 0 0 0 
0 0 0 0 0 0 0 16 0 0 1 1 8 6 5 9 13 28 23 26 29 54 66 72 88 124 124 166 200 201 247 247 275 291 313 303 336 324 336 334 323 300 298 245 262 231 194 183 169 143 112 131 88 94 85 74 71 73 37 41 39 33 31 26 22 21 15 17 16 6 6 8 5 12 7 3 1 2 3 2 3 2 0 2 1 1 0 0 2 1 0 0 0 0 0 1 0 0 0 0 0 0 0 0 0 0 0 0 0 0 0 0 0 0 1 0 0 0 0 0 0 0 0 0 0 0 0 0 0 0 0 0 0 0 0 0 0 0 0 0 0 0 0 
0 0 0 0 0 0 0 19 0 0 0 3 5 5 7 10 7 13 24 21 31 52 73 78 90 109 135 174 202 217 246 242 276 306 311 300 335 331 383 321 310 313 285 285 233 249 213 200 183 171 123 127 105 90 101 78 62 62 56 42 33 36 28 34 26 21 22 11 16 13 6 9 2 7 3 3 5 4 3 1 3 0 0 8 2 2 0 1 0 3 1 0 0 1 1 0 0 0 0 0 0 0 0 0 0 0 1 0 0 0 0 0 0 0 0 0 0 0 0 0 0 0 0 0 0 0 0 0 0 0 0 0 0 0 0 0 0 0 0 0 0 0 0 
0 0 0 0 0 0 0 7 0 0 0 6 9 2 0 4 16 14 17 17 30 48 68 81 96 107 131 150 167 195 215 261 290 292 306 347 361 344 340 331 338 301 277 280 261 238 230 218 187 152 159 147 125 98 81 68 56 62 58 41 46 30 34 34 20 18 15 22 12 14 15 8 9 10 10 4 8 1 2 2 6 0 3 1 1 2 4 2 0 1 0 0 1 1 0 0 0 0 0 0 0 0 0 0 0 0 0 0 0 0 0 0 0 0 0 0 0 0 0 0 0 0 0 0 0 0 0 0 0 0 0 0 0 0 0 0 0 0 0 0 0 0 0 
0 0 0 0 0 0 0 9 0 0 0 6 5 3 3 16 10 14 27 47 59 53 75 96 119 162 139 171 193 244 242 290 302 285 333 338 343 335 325 296 316 257 257 273 238 247 199 168 157 132 131 121 89 81 80 61 62 60 47 39 40 31 18 20 13 13 16 12 5 6 9 13 10 8 6 4 4 3 1 1 2 0 0 4 1 2 0 0 0 1 0 1 0 0 0 0 0 0 0 0 0 0 0 1 0 0 0 0 0 0 0 0 0 0 0 0 0 0 0 0 0 0 0 0 0 0 0 0 0 0 0 0 0 0 0 0 0 0 0 0 0 0 0 
0 0 0 0 0 0 0 15 0 0 2 8 6 7 5 14 21 27 51 53 65 72 97 95 147 156 165 185 231 249 272 298 300 338 321 326 347 304 313 333 299 262 263 243 222 192 165 165 147 139 133 109 82 80 79 57 49 63 56 38 28 30 24 12 22 14 12 18 10 9 1 6 4 10 2 5 4 2 1 0 0 1 3 1 2 3 0 1 0 1 2 0 1 1 2 0 0 0 0 0 0 0 0 0 0 0 0 0 0 0 0 0 0 0 0 0 0 0 0 0 0 0 0 0 0 0 0 0 0 0 0 0 0 0 0 0 0 0 0 0 0 0 0 
0 0 0 0 0 0 0 15 0 0 2 3 2 5 4 11 19 17 19 29 44 44 72 87 98 133 132 168 197 203 234 277 317 294 332 320 345 318 305 360 314 331 291 294 222 234 229 200 176 144 129 127 117 110 87 68 70 78 40 41 37 41 34 23 15 14 21 4 11 10 11 11 6 10 4 4 3 2 7 4 4 1 1 6 2 0 4 0 0 0 0 1 1 1 0 0 1 0 0 0 0 0 0 0 1 0 0 0 0 0 0 0 0 0 0 0 0 0 0 0 0 0 0 0 0 0 0 0 0 0 0 0 0 0 0 0 0 0 0 0 0 0 0 
0 0 0 0 0 0 0 10 0 0 0 4 2 1 7 14 16 27 16 39 51 65 89 91 126 123 145 157 205 238 262 279 307 307 318 339 315 377 362 312 300 283 306 269 232 201 204 165 157 145 129 98 104 89 83 70 59 53 42 38 33 26 29 21 14 18 13 5 8 9 7 10 3 3 6 2 3 2 2 1 2 1 2 1 5 1 1 1 0 2 0 0 0 0 0 0 0 1 0 0 0 0 0 0 0 0 0 0 0 0 0 0 0 0 0 0 0 0 0 0 0 0 0 0 0 0 0 0 0 0 0 0 0 0 0 0 0 0 0 0 0 0 0 
0 0 0 0 0 0 0 14 0 0 0 5 5 3 11 12 17 20 32 42 44 55 71 69 111 140 172 170 193 241 249 267 314 298 313 314 340 335 291 287 299 281 271 244 239 212 196 186 151 160 138 112 103 84 80 65 50 43 57 35 33 33 24 27 22 13 15 13 7 11 6 7 10 11 4 4 7 8 4 3 2 4 2 5 1 2 1 0 1 0 1 1 0 0 1 0 0 0 0 0 0 0 0 0 0 0 0 0 0 0 0 0 0 0 0 0 0 0 0 0 0 0 0 0 0 0 0 0 0 0 0 0 0 0 0 0 0 0 0 0 0 0 0 
0 0 0 0 0 0 0 15 0 0 2 4 5 6 7 17 29 39 57 61 62 87 94 128 153 184 180 183 270 257 305 323 328 375 307 362 335 317 294 282 284 281 235 232 199 197 178 156 126 125 91 95 84 70 71 48 40 34 38 34 23 24 21 17 10 14 7 4 14 9 8 3 3 6 4 1 1 1 0 1 1 1 1 1 0 0 1 0 0 1 0 0 0 0 0 0 0 0 0 0 0 0 0 0 0 0 0 0 0 0 0 0 0 0 0 0 0 0 0 0 0 0 0 0 0 0 0 0 0 0 0 0 0 0 0 0 0 0 0 0 0 0 0 
0 0 0 0 0 0 0 9 0 0 2 4 1 3 8 22 31 41 41 46 66 73 117 119 140 165 193 213 232 242 281 336 325 345 306 344 349 350 323 330 283 276 261 232 217 191 186 159 137 134 114 90 89 79 67 57 42 38 33 33 23 21 18 16 17 6 7 10 6 8 5 4 4 0 4 0 0 3 1 1 3 2 0 0 2 1 1 0 3 1 0 0 0 0 0 0 0 0 0 0 0 0 0 0 0 0 0 0 0 0 0 0 0 0 0 0 0 0 0 0 0 0 0 0 0 0 0 0 0 0 0 0 0 0 0 0 0 0 0 0 0 0 0 
0 0 0 0 0 0 0 11 0 0 1 5 7 10 15 24 8 16 33 46 54 73 81 91 141 157 141 207 219 208 268 314 326 322 340 348 323 342 330 299 297 313 257 254 207 191 190 163 145 157 107 104 102 74 88 47 44 44 45 35 37 17 18 19 18 17 14 10 9 12 6 7 2 5 5 3 8 2 4 1 1 1 1 2 1 1 0 1 0 0 0 0 0 2 0 0 0 0 0 0 0 0 0 0 1 0 0 0 0 0 0 0 0 0 0 0 0 0 0 0 0 0 0 0 0 0 0 0 0 0 0 0 0 0 0 0 0 0 0 0 0 0 0 
0 0 0 0 0 0 0 10 0 0 1 4 1 6 8 6 13 23 44 42 48 53 87 95 111 142 150 181 233 239 251 289 297 300 320 339 330 360 327 313 295 285 272 245 212 202 190 167 147 154 122 103 89 84 73 73 54 43 44 36 31 34 28 19 19 21 19 10 11 9 5 15 6 4 3 2 3 3 6 2 3 0 2 1 0 1 1 0 1 1 0 0 2 0 0 0 1 0 0 0 1 0 0 0 0 0 1 0 0 0 0 0 0 0 0 0 0 0 0 0 0 0 0 0 0 0 0 0 0 0 0 0 0 0 0 0 0 0 0 0 0 0 0 
0 0 0 0 0 0 0 11 0 0 2 6 8 4 7 11 18 26 28 42 59 71 78 108 104 139 142 170 175 243 279 295 307 301 358 342 309 316 333 332 293 282 272 267 207 223 214 179 161 158 123 121 90 111 70 61 59 53 47 37 29 25 28 21 23 13 15 12 9 4 6 12 4 5 5 3 3 3 0 3 3 2 3 0 3 0 1 2 0 0 0 1 0 0 1 1 0 0 0 0 0 0 0 0 0 0 0 0 0 0 0 0 0 0 0 0 0 0 0 0 0 0 0 0 0 0 0 0 0 0 0 0 0 0 0 0 0 0 0 0 0 0 0 
0 0 0 0 0 0 0 8 0 0 0 1 5 2 10 10 21 30 26 40 53 64 66 98 111 122 165 168 204 240 277 286 329 342 352 342 342 323 356 292 290 307 266 271 240 236 222 176 149 147 127 108 89 87 70 74 64 67 33 38 31 35 24 16 26 21 19 8 8 3 12 8 3 5 2 6 1 2 6 2 1 2 0 2 0 1 0 0 0 0 0 2 1 1 0 1 0 0 1 0 0 0 0 0 0 0 0 0 0 0 0 1 0 0 0 0 0 0 0 0 0 0 0 0 0 0 0 0 0 0 0 0 0 0 0 0 0 0 0 0 0 0 0 
0 0 0 0 0 0 0 14 0 0 0 2 3 2 2 9 14 16 24 22 57 52 76 75 80 109 147 163 179 201 235 259 314 293 318 352 347 286 328 353 359 297 253 269 234 240 204 211 162 153 139 126 107 109 97 87 87 54 46 41 41 35 36 27 14 14 17 21 6 11 8 10 11 4 9 7 3 2 3 2 7 1 1 2 3 0 1 1 1 1 0 1 0 0 0 0 0 0 0 0 0 0 0 0 0 0 1 0 0 0 0 0 0 0 0 0 0 0 0 0 0 0 0 0 0 0 0 0 0 0 0 0 0 0 0 0 0 0 0 0 0 0 0 
0 0 0 0 0 0 0 12 0 0 1 5 4 6 14 20 16 35 33 57 73 74 100 107 150 179 177 219 222 267 250 279 288 326 300 344 347 318 336 293 305 274 270 227 218 181 175 165 119 102 113 102 88 61 64 75 48 35 41 31 45 19 21 19 9 13 9 14 11 7 13 7 2 6 4 4 1 0 3 3 1 2 0 4 2 0 0 1 0 1 0 0 0 0 0 0 0 0 0 0 0 0 0 0 0 0 0 0 0 0 0 0 0 0 0 0 0 0 0 0 0 0 0 0 0 0 0 0 0 0 0 0 0 0 0 0 0 0 0 0 0 0 0 
0 0 0 0 0 0 0 8 0 0 1 5 4 7 17 21 12 28 29 33 49 71 78 106 119 139 154 178 211 256 279 258 298 306 341 329 304 345 307 306 286 287 269 228 220 205 215 158 155 127 122 82 91 103 58 61 56 45 41 33 32 21 15 12 18 10 14 10 7 11 5 4 6 10 6 2 3 2 2 2 1 1 0 2 1 1 2 1 0 0 0 0 0 2 0 0 0 0 0 0 0 0 0 0 0 0 0 0 0 0 0 0 0 0 0 0 0 0 0 0 0 0 0 0 0 0 0 0 0 0 0 0 0 0 0 0 0 0 0 0 0 0 0 
0 0 0 0 0 0 0 12 0 0 2 3 6 7 2 11 15 28 35 24 50 58 64 80 137 124 154 189 212 227 232 324 282 295 310 338 346 341 344 305 342 288 251 278 227 201 208 169 159 147 131 105 87 74 85 62 60 45 43 34 25 22 36 24 20 14 16 9 14 7 10 5 15 3 2 2 0 3 4 1 3 1 0 0 1 0 0 0 1 0 0 1 1 0 0 0 0 0 0 0 0 0 0 0 0 0 0 0 0 0 0 0 0 0 0 0 0 0 0 0 0 0 0 0 0 0 0 0 0 0 0 0 0 0 0 0 0 0 0 0 0 0 0 
0 0 0 0 0 0 0 11 0 0 0 6 5 3 8 6 13 24 10 26 36 46 54 93 84 106 118 150 184 219 220 281 282 298 317 321 321 316 322 313 322 315 284 324 253 215 193 165 189 158 150 127 122 109 91 80 81 61 55 49 35 36 25 24 20 19 28 10 10 13 8 4 10 4 4 6 2 2 5 3 3 2 0 0 5 0 2 1 2 0 3 2 0 0 0 0 1 0 0 0 0 1 0 0 0 0 0 0 0 0 0 0 0 0 0 0 0 0 0 0 0 0 0 0 0 0 0 0 0 0 0 0 0 0 0 0 0 0 0 0 0 0 0 
0 0 0 0 0 0 0 7 0 0 1 4 6 6 3 13 13 14 17 28 49 69 78 94 90 136 138 157 212 188 237 271 280 304 302 323 312 328 318 332 322 301 287 264 228 223 223 180 182 129 143 109 115 75 87 68 72 60 38 44 27 22 32 23 28 15 12 17 9 16 8 10 3 8 1 3 3 2 3 0 4 3 1 4 3 0 0 1 3 2 1 1 0 0 0 0 0 0 0 0 0 0 0 0 0 1 0 0 0 0 0 1 0 0 0 0 0 0 0 0 0 0 0 0 0 0 0 0 0 0 0 0 0 0 0 0 0 0 0 0 0 0 0 
0 0 0 0 0 0 0 7 0 0 1 5 7 5 6 6 9 19 17 25 35 29 52 63 74 91 99 128 147 168 176 217 266 271 314 318 332 315 326 331 314 322 322 306 262 272 219 214 191 189 159 153 141 103 81 93 65 58 56 69 49 29 35 30 19 30 12 15 23 13 8 10 8 8 5 2 5 2 2 2 3 1 1 3 1 0 1 0 2 0 0 0 1 0 0 2 1 0 0 0 0 1 0 0 0 0 0 0 0 0 0 0 0 0 0 0 0 0 0 0 0 0 0 0 0 0 0 0 0 0 0 0 0 0 0 0 0 0 0 0 0 0 0 
0 0 0 0 0 0 0 15 0 0 0 1 2 7 7 11 8 18 19 22 30 58 77 74 82 101 127 146 170 201 243 257 299 293 307 313 319 340 340 322 329 300 280 272 285 261 213 188 162 152 132 131 97 100 88 86 63 50 44 38 41 30 34 24 20 20 18 10 24 13 5 10 9 11 5 3 5 3 4 2 9 2 4 2 1 0 1 1 1 0 1 1 0 0 0 0 0 0 0 0 0 0 0 0 0 0 0 0 0 0 1 0 0 0 0 0 0 0 0 0 0 0 0 0 0 0 0 0 0 0 0 0 0 0 0 0 0 0 0 0 0 0 0 
0 0 0 0 0 0 0 10 0 0 1 5 4 4 6 7 21 29 32 44 65 83 64 81 127 142 144 182 218 237 272 270 283 328 319 338 379 314 332 326 279 288 260 205 236 216 210 183 174 124 146 130 103 77 71 67 59 43 39 31 33 37 22 25 33 13 5 3 10 3 9 6 5 8 3 2 1 3 5 4 3 1 2 2 1 0 0 0 1 1 0 0 2 0 0 0 0 0 0 0 0 0 0 0 0 0 0 0 0 0 0 0 0 0 0 0 0 0 0 0 0 0 0 0 0 0 0 0 0 0 0 0 0 0 0 0 0 0 0 0 0 0 0 
0 0 0 0 0 0 0 18 0 0 0 4 3 7 9 16 12 23 35 35 55 55 79 96 95 130 161 198 228 253 284 281 281 303 354 352 355 321 312 351 311 279 251 227 254 206 175 183 154 136 137 124 104 88 76 70 56 52 46 42 24 40 22 21 15 13 22 10 11 8 13 5 5 5 2 6 4 3 4 0 6 2 1 0 3 0 0 0 1 0 2 1 2 0 0 0 0 0 0 1 0 0 0 0 0 0 0 0 0 0 0 0 0 0 0 0 0 0 0 0 0 0 0 0 0 0 1 0 0 0 0 0 0 0 0 0 0 0 0 0 0 0 0 
0 0 0 0 0 0 0 9 0 0 1 5 7 9 5 10 29 26 21 34 36 64 61 69 115 116 152 182 171 203 250 242 269 274 305 316 321 288 308 341 308 272 312 266 239 257 186 186 165 144 121 125 116 104 83 85 62 52 52 48 44 38 32 34 17 19 21 11 17 12 10 5 5 7 9 3 7 1 5 0 2 1 3 0 0 1 0 3 2 2 1 2 0 0 0 0 0 0 0 0 0 0 0 0 0 0 0 0 0 0 0 0 0 0 0 0 0 0 0 0 0 0 0 0 0 0 0 0 0 0 0 0 0 0 0 0 0 0 0 0 0 0 0 
0 0 0 0 0 0 0 17 0 0 2 1 2 5 12 19 20 29 42 50 63 81 86 121 135 172 165 210 234 238 290 307 290 305 344 326 328 316 286 308 325 291 267 216 203 185 161 173 154 114 96 101 83 80 63 47 46 53 38 40 40 27 25 15 14 16 11 10 7 5 5 8 6 9 4 2 6 3 3 4 1 2 2 0 0 0 1 0 0 0 1 0 0 0 0 0 0 0 0 0 0 0 0 1 0 0 0 0 0 0 0 0 0 0 0 0 0 0 0 0 0 0 0 0 0 0 0 0 0 0 0 0 0 0 0 0 0 0 0 0 0 0 0 
0 0 0 0 0 0 0 12 0 0 3 1 6 3 6 11 16 24 31 32 44 68 90 102 112 143 148 188 215 244 278 286 304 285 336 319 342 310 323 336 304 284 272 258 240 217 194 187 160 174 129 121 118 69 78 59 51 52 34 25 28 33 25 28 22 18 12 15 12 9 2 7 7 5 4 2 3 2 1 2 0 2 2 2 1 2 2 1 1 2 1 0 0 1 0 0 0 0 0 0 0 0 0 0 0 0 0 0 0 0 0 0 0 0 0 0 0 0 0 0 0 0 0 0 0 0 0 0 0 0 0 0 0 0 0 0 0 0 0 0 0 0 0 
0 0 0 0 0 0 0 15 0 0 1 7 3 5 3 12 4 13 14 18 31 52 50 73 77 125 130 145 161 187 195 223 292 277 294 338 315 310 377 321 332 304 289 248 247 251 229 189 180 141 144 132 101 112 92 75 71 64 55 44 43 39 29 33 20 12 19 13 15 11 8 8 7 8 6 7 3 6 7 3 4 2 2 1 2 2 1 0 0 0 0 0 1 2 1 0 0 0 1 0 0 0 0 0 0 0 0 0 0 0 0 0 0 0 0 0 0 0 0 0 0 0 0 0 0 0 0 0 0 0 0 0 0 0 0 0 0 0 0 0 0 0 0 
0 0 0 0 0 0 0 14 0 0 2 5 1 3 5 4 11 21 18 24 39 39 60 71 84 114 108 144 184 213 210 259 291 281 319 323 339 306 332 356 331 277 323 276 244 239 214 188 189 158 147 135 96 96 78 75 67 57 52 34 38 36 32 30 23 20 19 18 11 13 10 13 9 5 6 4 7 1 3 3 1 0 3 4 1 2 2 1 0 0 0 0 0 0 0 0 0 0 0 0 0 0 0 0 0 0 0 0 0 0 0 0 0 0 0 0 0 0 0 0 0 0 0 0 0 0 0 0 0 0 0 0 0 0 0 0 0 0 0 0 0 0 0 
0 0 0 0 0 0 0 16 0 0 1 5 5 6 3 11 8 16 20 20 31 32 43 69 79 104 128 144 150 203 192 225 276 298 321 323 332 358 332 355 317 308 275 256 252 231 233 214 199 189 150 136 112 97 91 96 65 61 49 56 39 41 35 25 31 24 28 14 11 15 10 8 6 9 5 9 4 2 3 4 1 4 1 1 0 1 3 1 2 0 0 2 0 0 0 1 0 0 0 0 0 0 0 0 0 0 0 0 0 0 0 0 0 0 0 0 0 0 0 0 0 0 0 0 0 0 0 0 0 0 0 0 0 0 0 0 0 0 0 0 0 0 0 
0 0 0 0 0 0 0 13 0 0 2 5 5 5 11 5 11 22 23 15 34 46 52 69 83 84 118 145 202 217 239 238 251 280 322 321 326 336 375 312 344 291 313 271 263 210 235 211 181 174 161 129 108 122 92 80 87 66 58 44 39 35 30 20 18 24 24 15 18 5 11 7 12 8 3 4 0 4 5 3 3 4 0 4 1 0 0 0 0 0 0 0 0 0 0 0 0 3 0 0 0 0 0 0 0 0 0 0 0 0 0 0 0 0 0 0 0 0 0 1 0 0 0 0 0 0 0 0 0 0 0 0 0 0 0 0 0 0 0 0 0 0 0 
0 0 0 0 0 0 0 12 0 0 2 4 6 5 3 5 16 6 19 22 34 43 55 58 91 121 117 140 172 193 224 250 262 271 282 323 336 319 324 322 307 332 293 272 299 262 240 204 187 180 156 116 133 104 107 70 77 62 66 46 45 29 39 37 29 19 13 13 13 11 7 6 3 11 6 7 5 3 2 3 0 1 0 3 1 2 0 1 1 0 1 0 1 0 2 0 0 0 0 0 0 0 0 1 0 0 0 0 0 0 0 0 0 0 0 0 0 0 0 0 0 0 0 0 0 0 0 0 0 0 0 0 0 0 0 0 0 0 0 0 0 0 0 
0 0 0 0 0 0 0 3 0 0 1 2 5 7 10 11 20 29 33 37 71 75 87 113 126 141 189 216 208 248 293 301 295 309 342 314 332 347 299 287 254 261 291 239 209 220 193 160 147 114 118 127 79 79 76 76 49 37 48 41 24 21 24 20 11 13 14 14 9 6 13 5 1 4 4 5 2 0 3 2 0 1 1 0 0 1 1 2 2 1 0 0 1 1 1 0 0 0 0 0 1 0 0 1 0 0 0 0 0 0 0 0 0 0 0 0 0 0 0 0 0 0 0 0 0 0 0 0 0 0 0 0 0 0 0 0 0 0 0 0 0 0 0 
0 0 0 0 0 0 0 14 0 0 3 1 3 7 4 13 23 33 30 52 61 74 85 133 111 169 166 215 234 257 283 327 326 310 349 356 368 332 305 332 285 263 238 257 221 186 207 165 147 128 115 117 89 74 88 61 46 49 42 36 27 23 27 18 17 16 10 12 7 13 12 7 10 4 3 3 3 4 4 1 3 0 3 2 0 0 0 1 0 0 1 0 0 0 0 0 0 0 1 0 0 0 0 1 1 0 0 0 0 0 0 0 0 0 0 0 0 0 0 0 0 0 0 0 0 0 0 0 0 0 0 0 0 0 0 0 0 0 0 0 0 0 0 
0 0 0 0 0 0 0 12 0 0 3 7 4 4 5 7 14 15 19 35 41 52 75 93 111 119 129 181 197 225 220 277 303 331 323 357 374 297 322 336 319 297 304 286 228 204 198 155 159 129 122 131 101 92 72 68 63 61 49 41 41 25 27 21 19 23 6 15 11 13 9 9 3 2 8 6 1 3 2 1 5 0 0 0 3 1 1 0 1 1 0 0 0 2 0 0 1 0 1 0 0 0 0 0 0 0 0 0 0 0 0 0 0 0 0 0 0 0 0 0 0 0 0 0 0 0 0 0 0 0 0 0 0 0 0 0 0 0 0 0 0 0 0 
0 0 0 0 0 0 0 14 0 0 0 2 5 3 5 7 25 26 30 48 45 57 50 106 127 127 152 148 209 228 260 243 294 355 374 292 333 333 353 328 310 291 299 260 248 202 199 203 163 157 126 123 98 98 76 69 43 52 44 38 48 31 21 21 23 17 7 6 8 8 7 4 8 3 2 4 1 3 1 0 1 3 2 1 0 2 1 0 1 0 0 1 0 0 0 0 0 0 0 0 0 0 0 1 0 0 0 0 0 0 0 0 0 0 0 0 0 0 0 0 0 0 0 0 0 0 0 0 0 0 0 0 0 0 0 0 0 0 0 0 0 0 0 
0 0 0 0 0 0 0 10 0 0 2 1 10 4 7 13 11 21 26 25 38 39 63 74 108 95 133 149 209 204 236 245 281 299 318 327 368 325 318 306 311 307 311 264 271 240 240 184 180 181 144 119 118 92 71 74 65 62 55 47 48 38 33 21 22 14 11 15 12 12 11 5 6 6 4 2 3 3 1 4 0 0 2 2 1 0 0 4 0 0 3 1 0 0 0 1 0 0 0 0 0 0 0 0 0 0 0 0 0 0 0 0 0 0 0 0 0 0 0 0 0 0 0 0 0 0 0 0 0 0 0 0 0 0 0 0 0 0 0 0 0 0 0 
0 0 0 0 0 0 0 12 0 0 1 1 5 2 4 9 15 26 24 35 55 53 79 79 129 122 188 197 186 252 278 235 267 284 339 325 334 327 315 329 314 322 301 257 205 208 216 175 161 133 145 116 96 70 81 60 69 47 46 26 37 35 23 20 26 17 17 12 4 10 8 8 4 3 4 2 8 2 0 1 0 1 1 2 0 2 1 0 0 1 0 0 0 0 0 0 0 0 0 0 0 0 0 0 1 0 0 0 0 0 0 0 0 0 0 0 0 0 0 0 0 0 0 0 0 0 0 0 0 0 0 0 0 0 0 0 0 0 0 0 0 0 0 
0 0 0 0 0 0 0 14 0 0 2 3 8 2 5 10 23 34 48 40 42 60 66 109 102 156 175 172 219 234 267 280 308 281 337 319 332 351 350 331 295 290 256 264 243 225 177 174 151 137 142 116 108 86 70 52 65 51 49 42 30 29 26 18 19 16 13 6 9 12 8 9 7 4 5 6 1 1 4 2 0 5 1 2 1 0 0 1 0 2 0 0 0 1 0 0 1 0 0 0 0 0 0 1 0 0 0 0 0 0 0 0 0 0 0 0 0 0 0 0 0 0 0 0 0 0 0 0 0 0 0 0 0 0 0 0 0 0 0 0 0 0 0 
0 0 0 0 0 0 0 15 0 0 0 2 3 7 2 4 18 32 26 21 34 53 81 97 143 131 146 200 182 221 262 306 300 308 336 350 301 342 338 332 311 273 270 288 250 189 218 170 167 170 127 110 116 96 63 67 60 54 39 36 37 42 32 13 22 16 16 7 9 7 8 7 4 3 4 4 6 3 3 0 4 1 1 3 1 0 1 2 1 2 0 1 0 0 0 0 0 0 0 0 0 0 0 0 0 0 0 0 0 0 0 0 0 0 0 0 0 0 0 0 0 0 0 0 0 0 0 0 0 0 0 0 0 0 0 0 0 0 0 0 0 0 0 
0 0 0 0 0 0 0 12 0 0 1 5 3 8 4 8 15 19 35 36 50 62 63 103 112 131 154 179 194 222 259 281 267 301 304 330 333 338 339 306 331 295 317 231 243 220 172 150 143 138 133 121 105 98 73 66 61 55 40 45 30 29 28 26 20 21 13 11 11 8 5 11 9 4 6 5 4 2 4 1 1 1 2 2 1 1 1 1 0 1 0 1 0 0 0 0 0 1 0 0 0 0 0 0 0 0 0 0 0 0 0 0 0 0 0 0 0 0 0 0 0 0 0 0 0 0 0 0 0 0 0 0 0 0 0 0 0 0 0 0 0 0 0 
0 0 0 0 0 0 0 12 0 0 1 3 2 3 7 11 14 31 43 42 63 69 94 91 111 166 177 185 224 251 245 317 314 331 361 339 345 312 320 313 268 287 253 251 229 227 184 163 160 114 108 115 75 77 65 64 59 47 40 33 30 25 18 30 17 18 10 13 11 13 7 4 5 6 6 4 4 1 3 1 2 0 1 1 3 0 1 0 2 0 0 0 0 1 0 0 0 0 0 0 0 0 0 0 0 0 0 0 0 0 0 0 0 0 0 0 0 0 0 0 0 0 0 0 0 0 0 0 0 0 0 0 0 0 0 0 0 0 0 0 0 0 0 
0 0 0 0 0 0 0 13 0 0 1 3 5 6 3 9 28 25 32 51 53 69 106 99 140 137 141 230 196 262 259 293 282 329 346 367 334 342 368 331 289 254 272 238 227 213 203 160 168 120 120 130 90 87 68 49 45 41 29 31 32 15 25 10 10 22 15 13 11 7 10 6 3 3 2 8 3 2 2 0 2 0 1 0 0 0 1 0 1 0 1 0 0 0 0 0 0 0 1 0 0 0 0 0 0 0 0 0 0 0 0 0 0 0 0 0 0 0 0 0 0 0 0 0 0 0 0 0 0 0 0 0 0 0 0 0 0 0 0 0 0 0 0 
0 0 0 0 0 0 0 10 0 0 1 5 3 8 13 11 18 29 36 59 54 72 91 125 126 164 158 209 216 309 269 300 332 309 331 333 343 298 307 303 283 268 268 230 213 182 173 146 152 128 106 100 84 66 70 41 46 49 28 39 33 23 21 17 16 16 11 7 15 6 4 4 3 6 0 2 3 0 2 0 2 0 0 1 2 1 1 0 0 2 0 0 0 2 0 0 2 0 0 0 0 0 0 0 0 0 0 0 0 0 0 0 0 0 0 0 0 0 0 0 0 0 0 0 0 0 0 0 0 0 0 0 0 0 0 0 0 0 0 0 0 0 0 
