0 0 0 1 4 2 3 6 8 11 19 13 18 33 23 22 37 32 54 51 61 82 73 86 111 117 140 166 157 168 195 224 218 223 235 232 249 238 241 259 255 230 227 214 212 173 178 166 158 176 136 131 103 97 70 98 85 75 59 68 38 48 61 50 43 45 31 34 16 17 18 20 12 12 11 13 6 10 4 9 2 1 9 5 5 2 3 4 0 2 3 2 0 3 2 0 1 0 2 0 0 0 2 0 0 0 2 2 0 1 0 0 0 0 0 0 0 0 0 0 0 0 0 0 0 0 0 0 0 0 0 0 0 0 0 0 0 0 0 0 0 0 0 
0 0 0 4 4 1 6 12 9 8 20 25 20 23 19 34 38 45 58 84 70 84 99 129 124 151 158 168 186 208 207 214 207 268 230 251 249 236 260 245 237 225 210 198 169 185 174 155 164 130 122 110 118 118 80 86 64 58 81 55 44 41 42 29 30 30 26 18 22 15 18 8 11 9 2 9 5 8 8 3 7 2 9 3 3 3 4 1 2 2 1 0 1 1 2 3 3 2 0 0 0 0 0 0 0 0 1 0 0 0 0 0 0 0 0 0 0 0 0 0 0 0 0 0 0 0 0 0 0 0 0 0 0 0 0 0 0 0 0 0 0 0 0 
0 0 0 3 3 1 4 8 8 5 11 10 15 15 15 33 35 36 58 63 77 87 68 101 123 124 110 139 181 162 196 180 193 243 223 237 210 240 229 234 246 222 228 218 205 201 191 194 154 155 142 134 116 99 96 90 80 70 57 59 49 41 41 27 32 29 27 23 24 23 24 18 16 5 6 9 5 3 7 7 6 2 5 6 4 5 3 3 1 4 1 1 0 3 1 0 1 2 1 1 0 1 0 0 1 0 0 0 0 0 0 0 0 0 0 0 0 0 0 0 0 0 0 0 0 0 0 0 0 0 0 0 0 0 0 0 0 0 0 0 0 0 0 
0 0 0 1 2 4 10 4 4 19 13 15 15 18 29 40 45 43 58 77 89 86 101 110 130 137 155 169 213 182 205 225 237 242 224 211 252 240 234 248 240 223 205 222 177 198 174 160 160 146 127 123 100 97 104 87 68 66 83 45 55 53 40 37 33 29 25 24 12 11 19 9 15 15 14 9 6 9 6 1 3 4 2 6 1 3 3 0 5 3 2 3 3 0 0 1 1 3 0 0 0 0 0 1 1 0 0 0 1 0 0 0 0 0 0 0 0 0 0 0 0 0 0 1 0 0 0 0 0 0 0 0 0 0 0 0 0 0 0 0 0 0 0 
0 0 0 0 2 2 10 8 9 17 27 11 24 31 32 49 50 54 70 75 94 79 116 132 127 145 166 165 170 174 220 206 244 241 259 239 257 229 241 242 265 233 203 178 206 158 175 136 121 147 137 113 94 101 95 74 69 64 56 48 62 36 43 42 29 25 26 22 15 36 17 18 16 13 9 7 4 10 9 9 6 4 2 1 1 6 4 2 1 1 1 2 0 3 2 0 0 1 0 0 0 0 0 0 0 1 0 0 1 0 0 0 0 1 0 0 0 0 0 0 0 0 0 0 0 0 0 0 0 0 0 0 0 0 0 0 0 0 0 0 0 0 0 
0 0 0 3 2 0 7 5 10 5 19 15 24 36 35 43 36 55 46 74 87 84 105 102 130 147 170 190 200 180 189 223 228 268 274 257 281 247 260 225 217 183 199 194 181 165 166 153 156 121 127 123 82 89 83 84 60 58 49 49 50 31 36 30 32 34 24 21 12 15 14 18 5 9 7 7 13 8 2 9 4 1 2 6 2 2 2 2 2 3 1 1 0 1 0 2 2 2 0 1 1 0 0 0 1 0 0 0 0 0 0 0 0 0 0 0 0 0 0 0 0 0 0 0 0 0 0 0 0 0 0 0 0 0 0 0 0 0 0 0 0 0 0 
0 0 0 4 1 1 2 10 6 11 12 14 18 23 34 33 31 61 39 55 70 84 75 114 118 110 148 157 161 199 212 214 215 213 247 257 250 239 244 231 258 226 217 216 196 222 164 164 144 149 131 132 107 95 99 84 86 73 43 76 52 45 44 43 26 27 28 26 24 15 19 19 7 13 10 3 6 10 7 5 10 4 3 7 5 0 4 2 2 1 2 4 2 1 1 1 1 1 2 1 0 0 2 1 0 0 0 0 0 0 0 0 0 0 0 0 0 0 0 0 0 0 0 0 0 0 0 0 1 0 0 0 0 0 0 0 0 0 0 0 0 0 0 
0 0 0 0 3 2 3 10 8 13 11 8 16 13 15 30 41 27 47 46 44 63 80 80 83 86 109 130 128 181 165 180 232 222 194 237 241 242 235 254 267 238 223 219 204 188 199 199 181 145 149 122 124 106 112 105 81 75 70 54 57 59 39 38 36 27 24 27 26 25 14 18 11 17 6 13 7 6 7 6 7 7 5 2 4 5 0 5 2 4 5 3 0 2 1 1 1 1 1 1 1 0 4 1 0 0 0 1 0 0 0 0 0 0 0 0 0 0 1 0 0 0 0 0 0 0 0 0 0 0 0 0 0 0 0 0 0 0 0 0 0 0 0 
0 0 0 3 1 8 5 8 10 21 14 25 23 27 25 27 35 44 59 58 74 95 91 80 106 141 142 160 186 198 191 206 226 227 226 243 222 241 254 224 234 241 197 206 213 184 171 139 151 124 127 108 105 94 94 89 76 76 64 51 48 46 33 35 23 27 32 24 23 23 26 15 11 5 11 10 12 4 6 7 4 4 6 3 3 4 3 1 2 2 1 4 1 0 2 0 0 1 0 0 0 0 0 0 0 0 0 0 0 0 0 1 0 0 0 0 0 0 0 0 0 0 0 0 0 0 0 0 0 0 0 0 0 0 0 0 0 0 0 0 0 0 0 
0 0 0 5 3 2 3 10 8 11 19 17 27 24 42 47 48 70 65 63 82 91 134 110 140 141 180 191 222 208 233 227 287 245 255 238 294 236 239 210 244 241 212 182 173 201 146 143 112 144 103 92 100 70 76 59 66 68 39 55 48 32 38 35 25 17 24 25 12 9 15 8 5 7 8 8 11 14 5 3 7 2 9 4 2 5 0 0 1 2 2 1 1 1 1 0 2 3 1 1 0 0 0 2 0 0 0 0 0 0 0 0 0 0 0 0 0 0 0 0 0 0 0 0 0 0 0 0 0 0 0 0 0 0 0 0 0 0 0 0 0 0 0 
0 0 0 5 4 0 9 7 13 13 15 11 26 32 39 47 48 54 59 100 75 83 89 129 146 184 160 195 203 200 250 224 247 236 271 248 278 261 217 251 208 220 197 174 171 154 154 137 145 117 103 112 72 86 79 77 59 61 40 56 32 37 38 27 22 38 27 14 17 11 17 17 17 14 12 7 6 3 6 2 8 3 2 4 3 4 2 3 2 2 0 0 0 0 0 0 0 0 0 2 0 0 0 1 0 0 0 0 0 0 0 0 0 0 0 1 0 0 0 0 0 0 0 0 0 0 0 0 0 0 0 0 0 0 0 0 0 0 0 0 0 0 0 
0 0 0 4 2 2 4 7 9 17 9 15 12 23 29 28 48 45 59 56 79 76 77 97 102 144 138 158 172 207 179 201 219 234 238 263 253 248 236 205 238 215 206 203 197 185 180 159 164 144 127 132 104 106 79 92 79 68 68 58 52 42 34 35 32 23 28 25 23 21 17 20 12 8 4 4 10 7 3 5 7 5 3 2 4 2 3 2 1 4 4 1 0 1 1 2 2 0 1 0 1 1 0 1 0 0 1 1 0 0 0 0 0 0 0 2 0 0 0 0 0 0 0 0 0 1 0 0 0 0 0 0 1 0 0 0 0 0 0 0 0 0 0 
0 0 0 2 2 3 8 4 4 10 20 14 10 34 48 25 37 53 62 66 60 76 100 86 116 140 166 180 183 209 232 198 236 241 257 229 230 216 226 233 231 215 186 198 184 195 186 170 153 136 121 116 93 92 80 82 65 58 51 47 52 44 45 43 34 34 29 18 25 28 14 20 17 17 7 6 8 11 11 10 6 5 4 3 4 3 1 3 1 2 0 1 3 0 1 1 2 3 0 1 1 0 1 0 1 0 0 0 0 0 0 0 0 0 0 0 0 0 0 0 0 0 0 0 0 0 0 0 0 0 0 0 0 0 0 0 0 0 0 0 0 0 0 
0 0 0 2 3 2 6 8 5 10 18 16 16 33 37 24 41 54 46 64 66 75 77 95 125 117 146 162 183 192 215 241 253 249 235 265 248 264 245 265 249 255 236 218 184 183 171 125 147 123 116 128 130 94 104 76 72 67 52 55 46 44 50 47 34 32 21 29 21 20 15 21 16 9 10 4 6 9 7 6 2 1 4 5 5 5 5 5 1 6 2 2 1 1 1 0 1 0 0 0 0 1 0 0 1 1 0 0 0 0 0 0 0 0 0 0 0 0 0 0 0 0 0 0 0 0 0 0 0 0 0 0 0 0 0 0 0 0 0 0 0 0 0 
0 0 0 3 1 5 9 6 8 18 10 16 20 27 37 52 54 52 50 68 88 87 101 111 139 143 191 179 207 213 225 279 247 254 208 238 230 267 246 218 237 245 233 212 171 223 186 148 149 123 120 106 111 96 83 91 65 62 58 40 52 46 29 42 35 31 31 30 16 24 15 16 9 11 12 8 3 6 8 10 8 4 4 4 6 2 2 4 0 3 0 1 0 0 0 0 1 1 0 1 0 0 0 0 1 1 0 0 0 0 0 0 0 1 0 0 0 0 0 0 0 0 0 0 0 0 0 0 0 0 0 0 0 0 0 0 0 0 0 0 0 0 0 
0 0 0 4 2 6 3 2 10 17 11 13 27 26 38 42 47 53 71 78 79 86 87 120 128 135 168 206 168 213 217 232 250 274 260 260 275 266 271 240 233 210 250 231 202 160 175 142 138 139 119 101 101 80 93 63 64 58 48 53 41 36 25 26 27 27 29 20 20 14 14 15 12 12 7 7 7 10 2 8 10 6 1 6 0 4 0 1 2 1 0 0 1 1 1 0 4 2 1 0 1 0 0 0 0 0 2 0 0 0 0 0 0 0 1 0 0 0 0 0 0 0 0 0 0 0 0 0 0 0 0 0 0 0 0 0 0 0 0 0 0 0 0 
0 0 0 2 6 4 3 4 4 9 12 12 19 28 23 27 26 54 57 70 66 78 90 99 134 142 154 173 182 178 205 232 240 241 259 255 258 277 246 269 237 227 229 218 211 180 182 159 149 150 108 120 117 104 90 102 80 66 54 45 41 38 35 47 31 34 30 24 14 10 16 10 18 17 14 10 7 10 10 7 4 2 4 4 4 2 4 0 0 1 3 1 0 1 1 1 1 2 0 1 0 0 0 0 0 0 0 1 0 0 0 0 0 0 0 0 0 0 0 0 0 0 0 0 0 0 0 0 0 0 0 0 0 0 0 0 0 0 0 0 0 0 0 
0 0 0 1 1 2 6 9 7 13 15 13 12 22 35 27 34 50 35 42 62 61 84 99 86 113 137 154 178 153 179 199 230 213 218 258 255 259 273 268 232 225 196 206 219 213 199 193 161 145 140 146 122 102 97 102 64 63 54 51 47 38 50 36 33 26 36 20 17 21 22 11 14 9 11 12 14 6 11 12 6 2 5 2 3 4 3 5 2 1 0 0 1 0 3 1 1 1 3 0 1 0 1 0 0 0 0 1 0 0 1 0 0 0 0 0 0 0 0 0 0 0 0 0 0 0 1 0 0 0 0 0 0 0 0 0 0 0 0 0 0 0 0 
0 0 0 2 5 3 11 5 11 15 15 15 18 31 31 42 44 54 62 65 85 90 109 121 128 182 143 176 185 185 191 253 200 242 232 275 251 258 239 249 209 242 234 210 184 180 166 150 144 118 117 110 115 101 68 69 78 57 58 52 46 47 27 19 28 22 26 23 26 10 15 10 18 12 8 7 11 4 3 6 2 8 7 2 4 1 2 3 1 2 1 1 1 0 0 1 1 3 1 0 0 0 0 0 0 0 0 0 0 0 0 0 0 0 0 0 0 0 0 0 0 0 0 0 0 0 0 0 0 0 0 0 0 1 0 0 0 0 0 0 0 0 0 
0 0 0 7 1 5 4 8 2 11 9 19 20 36 27 30 39 44 47 76 66 90 81 98 116 148 149 190 169 185 217 207 213 250 259 265 242 256 239 286 215 234 203 215 206 191 177 146 168 134 134 140 121 105 102 89 69 73 64 64 45 52 39 32 28 26 17 21 22 14 15 15 11 11 9 7 4 9 3 4 5 3 5 4 2 0 2 0 2 1 3 1 0 0 3 1 0 0 0 0 0 1 0 0 0 0 1 0 0 0 1 0 0 0 1 0 0 0 0 0 0 0 0 0 0 0 0 0 0 0 0 0 0 0 0 0 0 0 0 0 0 0 0 
0 0 0 1 3 1 2 6 7 14 11 13 26 23 33 29 31 56 52 62 89 74 86 97 143 142 148 172 160 200 220 241 257 249 291 233 255 224 240 256 258 243 239 236 213 200 190 151 155 138 113 117 88 101 91 91 72 78 53 52 40 37 42 34 31 24 28 18 16 16 17 9 12 6 7 12 10 8 5 5 4 5 4 3 1 1 7 2 3 1 0 2 2 1 0 0 0 0 0 0 0 0 0 3 0 0 0 0 1 0 0 0 0 1 0 0 0 0 0 0 0 0 0 0 0 0 0 0 0 0 0 0 0 0 0 0 0 0 0 0 0 0 0 
0 0 0 2 3 4 5 11 3 8 13 15 14 19 31 42 57 43 50 61 67 80 76 92 119 142 159 162 184 197 196 227 215 255 271 242 273 278 224 280 234 239 201 215 184 170 180 176 139 155 108 106 96 84 82 77 57 53 59 53 58 51 42 28 33 22 26 20 20 14 11 18 16 11 12 9 8 11 5 5 6 3 4 3 2 3 1 3 3 0 0 2 1 1 0 0 0 1 0 0 0 1 1 0 0 0 0 0 0 0 0 0 0 0 0 0 0 0 0 0 0 0 0 0 0 0 0 0 0 0 0 0 0 0 0 1 0 0 0 0 0 0 0 
0 0 0 1 7 7 8 10 10 16 11 15 19 30 31 38 42 47 43 48 75 98 95 115 143 148 135 168 152 196 215 206 250 251 271 255 233 242 263 279 240 223 206 215 212 178 151 149 167 151 124 113 108 80 79 78 77 74 57 48 37 34 33 33 31 40 24 19 11 23 9 11 14 12 12 9 7 3 8 6 4 5 1 4 5 8 4 2 1 0 1 1 0 0 1 0 1 1 0 0 0 0 0 1 0 0 1 0 0 0 0 0 0 0 0 0 0 0 0 0 0 0 0 0 0 0 0 0 0 0 0 0 0 0 0 0 0 0 0 0 0 0 0 
0 0 0 2 3 2 2 8 3 4 13 15 17 18 22 28 24 43 48 42 48 52 60 80 105 115 96 137 136 164 198 205 210 202 228 240 258 267 235 261 247 275 254 224 225 197 189 185 149 154 124 148 136 121 92 91 90 76 73 87 60 60 44 44 38 28 36 25 19 23 17 16 17 14 14 11 7 9 12 7 8 5 5 3 4 8 2 1 1 2 3 3 1 1 2 1 0 0 0 1 1 1 0 0 0 0 0 0 0 0 0 0 0 0 1 0 0 0 0 0 0 0 0 0 0 0 0 0 0 0 0 0 0 0 0 0 0 0 0 0 0 0 0 
0 0 0 6 3 1 3 5 8 7 16 18 14 20 25 19 47 38 41 64 44 57 81 100 104 116 138 178 156 201 196 214 261 243 258 265 259 259 222 253 248 246 228 197 225 193 182 184 179 175 146 116 118 103 109 71 81 74 56 45 54 41 37 28 24 42 28 26 13 13 21 14 14 9 8 6 8 5 13 6 1 7 2 3 2 4 4 2 2 1 2 1 0 0 0 2 0 0 2 0 0 0 1 1 0 0 0 0 1 0 0 1 0 0 0 0 0 0 0 0 0 0 1 0 0 0 0 0 0 0 0 0 0 0 0 0 0 0 0 0 0 0 0 
0 0 0 1 2 2 7 7 5 15 12 21 21 22 22 34 29 49 60 54 73 89 89 96 132 134 140 175 175 200 206 200 219 241 242 268 284 270 251 261 259 243 230 214 198 177 171 136 149 143 130 104 126 97 88 85 71 41 44 38 43 30 35 31 31 16 27 23 25 27 26 14 14 10 7 7 8 2 5 5 6 6 1 2 4 2 3 2 3 2 4 3 2 0 1 0 1 1 1 0 0 1 0 0 0 0 1 0 0 0 1 2 0 0 0 0 0 0 0 0 0 0 0 0 0 0 0 0 0 0 0 0 0 0 0 0 0 0 0 0 0 0 0 
0 0 0 3 5 2 5 6 7 10 18 20 18 24 25 40 36 53 65 59 67 83 80 99 129 146 157 168 174 190 204 201 219 240 236 238 269 221 257 258 254 210 217 220 195 186 181 149 138 126 130 117 116 104 98 85 69 64 64 50 53 42 32 40 29 30 19 19 19 17 11 16 16 12 8 10 5 15 9 8 5 1 4 1 7 1 1 3 1 3 1 1 2 0 0 0 0 1 3 0 1 0 1 1 0 0 0 0 1 0 0 0 0 0 0 0 0 1 0 0 0 0 0 0 0 0 0 0 0 0 0 0 0 0 0 0 0 0 0 0 0 0 0 
0 0 0 6 5 3 3 7 9 14 9 17 22 16 19 33 36 58 52 67 74 87 86 115 113 137 167 181 171 196 216 200 212 208 230 259 244 266 260 238 226 194 219 199 190 178 181 182 135 125 144 101 100 103 95 87 70 74 59 48 36 47 28 28 26 23 23 20 26 13 9 11 13 14 12 10 8 7 4 1 4 1 4 4 2 2 5 1 3 1 0 1 1 0 3 1 0 0 0 0 0 0 0 0 0 0 0 0 0 0 1 0 0 0 0 0 0 0 0 0 0 0 0 1 0 0 0 0 0 0 0 0 0 0 0 0 0 0 0 0 0 0 0 
0 0 0 4 3 3 6 4 9 12 14 20 16 27 25 30 32 35 63 74 60 84 72 105 128 138 125 137 160 197 189 213 220 235 287 238 240 209 246 230 234 228 209 237 215 197 178 159 153 144 134 120 122 98 96 79 81 71 73 48 45 36 34 32 21 30 25 13 19 18 13 16 11 18 8 8 11 7 0 5 6 6 5 8 2 1 2 4 2 3 3 1 0 0 0 0 0 3 0 0 0 0 1 1 0 1 0 2 0 0 0 0 0 0 0 0 0 0 0 0 0 0 0 0 0 0 0 0 0 0 0 0 0 0 0 0 0 0 0 0 0 0 0 
0 0 0 1 3 4 3 5 7 9 14 15 12 27 21 37 45 40 51 68 85 95 98 97 121 147 176 181 184 218 200 189 268 264 274 237 233 244 247 271 246 244 199 195 193 175 161 173 155 138 114 120 112 98 97 73 76 55 51 43 49 33 39 41 25 28 24 15 11 11 12 13 7 8 5 7 6 13 5 4 2 5 2 3 1 4 2 4 0 1 0 1 2 0 0 1 0 2 0 1 3 1 0 0 1 0 0 0 0 0 0 0 0 0 0 0 0 0 0 0 0 0 0 0 0 0 0 0 0 0 0 0 0 0 0 0 0 0 0 0 0 0 0 
0 0 0 6 3 1 1 6 19 10 17 14 12 25 30 35 43 50 51 59 61 70 94 103 96 144 154 142 167 190 193 187 217 214 232 249 230 250 227 238 243 230 224 197 195 203 198 184 180 139 124 146 110 128 104 93 97 68 67 56 55 48 39 39 42 30 27 33 22 23 17 21 17 16 8 9 11 12 8 10 4 3 3 5 4 3 2 1 2 4 0 2 2 4 0 1 0 1 0 1 0 1 0 1 0 0 0 0 0 0 0 1 0 0 0 0 0 1 0 0 1 0 0 0 0 0 0 0 0 0 0 0 0 0 0 0 0 0 0 0 0 0 0 
0 0 0 7 3 3 11 7 17 8 11 13 16 17 24 26 49 33 67 49 79 71 105 106 154 138 170 191 179 187 224 229 232 225 226 221 235 264 238 239 235 243 215 203 195 169 139 142 134 132 103 124 86 103 101 71 78 49 51 51 54 36 38 32 35 31 35 22 22 15 13 7 9 11 8 6 3 7 7 9 6 4 2 6 3 4 2 4 3 0 1 0 0 0 1 2 0 0 0 0 0 0 0 0 0 0 1 0 0 0 0 0 0 0 1 0 0 0 0 0 0 1 0 0 0 0 0 0 0 0 0 0 0 0 0 0 0 0 0 0 0 0 0 
0 0 0 5 6 7 2 11 10 13 17 17 30 21 28 34 51 48 61 59 89 84 89 103 147 158 137 197 181 208 197 234 262 247 247 240 254 258 244 233 233 242 233 215 189 188 154 132 145 114 104 87 105 89 86 78 93 59 49 47 41 55 27 33 28 28 17 16 25 23 13 12 12 10 14 8 6 3 3 6 6 4 4 2 5 1 2 2 1 1 1 0 1 2 1 1 0 1 1 0 1 1 0 0 0 0 0 0 0 0 0 1 0 0 0 0 0 0 0 0 0 0 0 0 0 0 0 0 0 0 0 0 0 0 0 0 0 0 0 0 0 0 0 
0 0 0 4 4 1 4 5 4 6 13 13 25 12 24 30 28 47 48 48 68 67 86 112 110 133 136 126 149 181 218 211 232 237 238 231 274 242 226 244 233 240 235 221 223 162 184 172 160 174 130 109 114 111 90 102 80 80 78 54 39 50 44 30 41 30 25 31 22 16 11 16 8 11 7 7 6 6 7 4 3 6 4 4 5 2 2 2 3 2 0 2 4 1 0 0 2 0 0 2 0 0 0 0 0 1 0 0 0 0 0 0 0 0 0 0 0 0 0 0 0 0 0 0 0 0 0 0 0 0 0 0 0 0 0 0 0 0 0 0 0 0 0 
0 0 0 1 4 2 5 4 6 15 15 10 19 25 28 36 41 49 51 52 66 86 81 87 143 126 137 143 169 194 187 222 218 207 228 240 227 255 238 258 239 214 220 210 193 167 175 171 156 152 148 121 108 90 79 90 77 64 65 40 62 38 36 24 40 30 33 19 19 20 17 9 18 10 12 8 3 10 5 5 4 5 6 1 2 2 3 2 0 1 0 0 0 1 1 2 1 0 1 1 0 0 0 1 1 1 1 0 0 1 0 0 0 0 0 0 0 0 0 0 0 0 0 0 0 0 0 0 0 0 0 0 0 0 0 0 0 0 0 0 0 0 0 
0 0 0 4 6 3 2 7 5 8 8 12 15 19 38 21 37 62 62 68 81 85 97 95 133 137 166 175 202 189 208 212 266 241 233 209 248 248 223 242 214 218 219 201 194 177 173 154 132 142 126 134 94 88 104 95 74 69 49 51 43 45 37 36 37 22 15 27 13 14 19 9 16 8 10 5 9 5 6 5 10 5 6 4 5 2 2 3 2 2 2 2 2 3 1 1 0 0 0 1 0 0 0 0 1 1 1 1 1 1 0 1 0 0 0 0 0 0 1 0 0 1 0 0 0 0 0 0 0 0 0 0 0 0 0 0 0 0 0 0 0 0 0 
0 0 0 0 5 3 11 3 7 19 11 15 34 30 28 51 42 54 55 62 75 78 110 108 118 159 170 160 159 217 201 236 240 237 228 254 242 237 230 224 218 223 242 204 209 207 163 169 144 115 133 105 99 92 88 96 72 53 65 44 44 41 28 33 28 28 33 20 27 21 16 14 8 17 13 3 5 6 9 7 5 6 4 2 0 5 1 3 1 1 2 0 0 1 0 0 1 0 1 0 1 0 0 0 0 1 0 2 0 0 0 1 0 0 0 0 0 0 0 0 0 0 0 0 0 0 0 0 0 0 0 0 0 0 0 0 0 0 0 0 0 0 0 
0 0 0 2 3 1 11 4 8 21 12 20 30 21 26 41 54 40 58 60 74 96 99 118 124 135 150 169 170 198 208 257 200 217 210 238 242 227 238 226 243 185 220 201 196 174 168 140 124 145 127 136 117 103 89 74 56 60 57 46 48 42 31 30 31 15 41 19 18 17 13 13 12 14 14 12 7 7 4 3 1 4 5 1 4 3 4 2 1 1 0 1 4 4 1 0 1 1 2 0 1 0 0 0 0 0 0 0 0 0 0 0 0 0 0 1 0 0 0 0 0 0 1 0 0 0 0 0 0 0 0 1 0 0 0 0 0 0 0 0 0 0 0 
0 0 0 5 3 2 2 8 7 7 21 13 18 41 28 43 57 36 46 72 75 91 99 121 129 137 156 183 152 195 211 228 254 229 262 262 239 262 250 243 223 217 204 200 163 188 173 143 123 121 131 118 106 83 82 81 72 70 67 43 31 42 43 30 28 24 28 14 19 9 11 10 16 12 6 5 7 5 3 2 6 12 3 4 2 0 3 2 1 0 0 1 1 0 3 1 0 0 0 1 1 1 0 0 0 0 1 0 1 0 1 0 0 0 0 0 0 0 0 0 0 0 0 0 0 0 0 0 0 0 0 0 0 0 0 0 0 0 0 0 0 0 0 
0 0 0 1 4 4 10 5 7 17 17 19 33 37 49 48 54 60 76 81 93 104 106 130 138 156 162 195 217 232 206 254 246 259 226 230 232 230 220 235 228 220 204 188 173 182 156 146 147 127 107 103 95 92 94 70 63 53 46 47 40 40 38 34 24 24 16 24 22 17 12 15 11 10 11 8 7 7 6 6 1 5 5 2 3 1 0 1 2 0 2 3 3 2 0 0 3 0 0 0 0 0 0 1 0 0 0 3 0 0 0 0 0 0 1 0 1 0 0 0 0 0 0 0 0 0 0 0 0 0 0 0 0 0 0 0 0 0 0 0 0 0 0 
0 0 0 7 4 4 7 7 12 6 24 19 23 21 27 41 38 42 59 63 76 94 96 91 108 134 145 154 177 193 212 228 196 240 264 248 243 239 258 216 232 213 214 213 190 194 170 150 159 121 130 113 113 105 93 79 87 73 54 51 47 57 32 31 30 26 31 21 20 15 23 9 9 14 8 12 6 10 7 5 4 4 5 4 5 3 6 4 3 2 0 1 0 2 1 0 0 0 0 0 0 0 1 1 1 0 1 1 0 0 0 0 0 1 0 0 0 0 0 0 0 0 0 0 0 0 0 0 0 0 0 0 0 0 0 0 0 0 0 0 0 0 0 
0 0 0 5 4 2 4 7 3 11 9 13 24 22 16 45 49 45 58 73 55 77 85 108 116 113 146 184 163 187 186 213 210 214 256 247 286 281 220 264 226 234 197 197 201 187 174 150 152 147 143 133 110 98 104 88 77 58 61 51 41 56 37 42 44 38 24 29 23 21 17 19 9 17 13 13 11 10 6 7 7 6 3 4 1 3 5 4 2 1 2 1 2 3 1 1 0 1 0 1 0 0 0 0 2 2 0 0 1 0 0 0 0 0 0 0 1 0 0 0 0 1 0 0 0 0 0 0 0 0 0 0 0 0 0 0 0 0 0 0 0 0 0 
0 0 0 3 1 2 8 6 4 18 14 20 25 22 33 37 38 51 64 74 83 93 95 101 122 152 155 172 179 221 220 256 210 238 248 253 243 273 249 273 215 224 213 203 166 180 158 146 169 123 117 112 89 84 73 75 92 56 50 59 43 40 46 32 30 33 28 15 14 21 21 5 9 10 9 3 3 3 7 4 1 2 6 2 1 1 3 4 2 2 0 2 1 1 0 0 1 0 0 0 1 0 0 1 0 0 0 0 0 1 0 0 0 0 0 0 0 0 1 0 0 0 0 0 0 0 0 0 0 0 0 0 0 0 0 0 0 0 0 0 0 0 0 
0 0 0 1 7 1 5 7 3 11 15 7 25 20 24 52 44 47 63 65 68 74 81 118 125 107 140 154 203 198 232 237 215 229 249 225 272 251 210 223 262 223 216 240 181 191 185 158 152 129 131 119 109 107 81 92 79 58 52 46 49 34 44 35 31 25 18 21 16 18 13 19 21 13 16 6 9 11 4 5 9 4 6 3 4 0 2 0 2 1 2 0 2 1 1 1 0 0 0 0 1 1 1 0 1 0 1 0 1 0 0 0 0 0 0 0 0 0 0 0 0 0 0 0 0 0 0 0 0 0 0 0 0 0 0 0 0 0 0 0 0 0 0 
0 0 0 1 3 4 15 12 12 16 13 15 32 32 27 41 48 66 61 91 98 105 122 128 128 165 150 161 184 204 193 216 234 235 260 239 263 252 258 205 221 203 212 183 161 173 137 160 128 119 142 92 98 99 77 79 68 60 49 43 37 30 32 27 22 23 19 19 12 12 11 9 9 7 9 3 6 4 5 2 6 8 2 1 1 6 0 1 0 1 4 0 0 1 0 0 0 1 1 0 1 0 1 1 0 0 1 1 0 1 0 0 0 0 0 0 0 0 0 0 0 0 1 0 0 0 0 0 0 0 0 0 0 0 0 0 0 0 0 0 0 0 0 
0 0 0 2 2 1 6 8 5 8 9 18 24 18 24 36 35 41 52 55 83 84 88 101 129 135 139 142 191 213 192 208 217 235 220 255 265 257 235 275 228 241 218 181 184 199 158 144 135 154 113 112 93 97 81 74 75 61 66 56 62 38 51 33 27 27 16 22 18 14 19 7 17 7 12 11 10 8 6 7 9 6 3 4 6 3 3 1 0 4 2 4 2 0 1 0 0 0 1 1 0 0 0 0 1 0 0 0 0 0 0 0 0 0 0 0 0 0 0 0 0 0 0 0 0 0 0 0 0 0 0 0 0 0 0 0 0 0 0 0 0 0 0 
0 0 0 3 3 3 4 5 4 18 14 12 16 25 24 23 37 57 53 56 71 81 93 104 121 135 142 188 188 189 201 228 219 237 243 262 260 267 253 246 273 208 239 202 218 175 190 153 168 154 133 115 120 84 104 71 81 57 64 41 44 47 50 32 28 19 23 20 16 16 12 10 7 10 10 10 10 5 6 5 6 6 2 2 3 2 3 1 1 2 2 1 1 0 3 1 0 0 2 0 0 0 0 1 0 0 0 1 0 0 0 0 1 0 1 0 0 0 0 0 0 0 0 0 0 0 0 0 0 0 0 0 0 0 0 0 0 0 0 0 0 0 0 
0 0 0 1 4 2 2 7 4 7 13 21 15 22 35 32 45 46 50 63 67 90 84 109 103 139 174 198 180 203 215 224 254 236 216 227 240 264 230 243 225 243 226 188 174 202 170 176 174 125 134 102 105 107 83 74 70 58 52 57 47 34 39 46 24 25 20 18 24 24 17 17 11 11 11 5 7 4 4 7 5 5 4 3 1 2 3 1 5 8 1 0 4 0 0 0 0 2 1 0 0 0 0 0 0 0 0 0 0 0 0 0 1 0 0 0 0 0 0 0 0 0 0 0 0 0 0 0 0 0 0 0 0 0 0 0 0 0 0 0 0 0 0 
0 0 0 5 3 0 4 5 12 6 8 8 23 26 24 33 29 32 56 49 43 57 92 93 120 116 140 152 178 182 178 214 199 217 263 262 287 234 239 278 234 244 238 238 201 205 226 182 182 169 143 129 114 93 104 85 84 74 62 67 50 48 51 35 42 36 20 26 20 18 14 13 12 12 14 16 7 8 6 6 8 7 9 3 1 3 3 2 3 4 2 1 1 0 0 2 0 0 0 0 1 2 2 0 0 1 0 0 0 0 0 0 0 0 0 0 0 0 0 0 0 0 0 0 0 0 0 0 0 0 0 0 0 0 0 0 0 0 0 0 0 0 0 
0 0 0 4 2 5 12 5 6 18 25 14 37 32 37 40 35 50 62 78 96 117 106 132 118 160 189 170 187 203 212 219 253 269 252 249 255 248 247 236 229 225 233 199 193 169 176 140 161 155 119 118 119 103 78 73 66 63 58 57 35 37 37 31 27 31 34 10 16 15 14 11 16 18 9 2 6 4 6 7 1 7 5 4 2 1 0 5 1 0 0 0 3 1 0 2 1 0 1 0 0 0 2 0 1 0 0 0 0 0 0 1 0 0 0 0 0 0 0 0 0 0 0 0 0 0 0 0 0 0 0 0 0 0 0 0 0 0 0 0 0 0 0 
0 0 0 1 2 5 3 7 8 18 12 13 22 21 24 49 50 54 61 54 77 108 98 130 126 154 152 179 191 183 208 220 235 234 244 248 236 232 231 245 235 237 201 205 197 183 189 145 127 137 113 106 116 102 87 89 74 63 53 49 48 34 25 35 24 27 16 28 14 19 23 9 12 10 11 7 6 4 3 2 5 4 7 3 2 1 2 1 1 3 3 3 1 1 0 2 1 1 1 0 1 0 1 0 0 0 0 1 1 0 0 0 0 0 0 0 0 0 0 0 0 0 0 0 0 0 0 0 0 0 0 0 0 0 0 0 0 0 0 0 0 0 0 
0 0 0 4 3 5 4 13 11 8 22 22 28 30 47 48 48 51 66 81 111 109 116 102 146 120 173 206 215 212 241 221 225 214 257 237 252 250 234 262 220 219 200 199 166 180 143 150 121 125 138 121 93 92 90 72 54 57 58 46 35 27 30 20 24 14 16 20 20 13 12 17 11 7 8 10 8 3 9 7 3 3 7 1 1 1 2 2 3 0 0 2 2 0 0 0 0 0 1 0 0 2 0 0 0 0 0 0 1 1 0 0 0 0 0 0 0 0 0 0 0 0 0 0 0 0 0 0 0 0 0 0 0 0 0 0 0 0 0 0 0 0 0 
0 0 0 2 1 1 2 4 8 5 10 10 24 16 28 28 25 44 37 52 59 52 76 77 90 107 140 162 156 165 202 212 195 245 234 263 228 240 276 255 239 251 231 234 213 208 187 189 162 155 161 125 104 117 102 106 91 76 78 64 60 54 43 35 41 28 25 27 30 20 14 14 15 10 17 16 13 8 2 7 13 6 6 2 4 2 1 1 3 2 2 2 2 2 0 1 0 0 1 0 1 1 1 1 0 1 0 0 0 0 0 0 0 0 0 0 0 0 0 0 1 0 0 1 0 0 0 0 0 0 0 1 0 0 0 0 0 0 0 0 0 0 0 
0 0 0 3 4 3 6 2 8 7 12 19 22 26 33 36 41 48 51 66 69 100 97 120 129 122 151 175 181 203 235 211 203 222 249 245 262 200 236 248 219 235 255 205 214 204 185 167 156 128 135 115 91 109 96 87 79 72 69 38 52 44 50 42 31 19 18 24 24 10 17 8 16 7 6 9 9 10 8 4 4 7 4 0 3 2 5 2 2 0 1 1 1 1 1 1 1 1 0 2 0 1 0 0 1 0 0 0 0 0 0 0 0 0 0 0 0 0 0 0 0 0 0 0 0 0 0 0 0 0 0 0 0 0 0 0 0 0 0 0 0 0 0 
0 0 0 2 3 3 4 4 6 19 10 9 21 15 21 27 32 32 52 60 53 68 70 88 92 122 150 149 167 159 197 222 199 255 234 247 244 261 232 240 250 206 232 238 216 214 175 149 161 164 153 128 128 115 117 99 86 101 61 57 57 48 53 53 33 29 22 18 25 19 12 15 16 12 13 12 12 8 13 1 5 7 4 5 2 2 3 2 1 1 2 1 0 0 1 3 2 0 0 0 0 0 0 0 2 1 0 0 0 0 0 0 0 0 0 0 0 1 0 0 0 0 0 0 0 0 0 0 0 0 0 0 0 0 0 0 0 0 0 0 0 0 0 
0 0 0 1 1 1 9 13 8 6 17 11 22 24 27 38 41 39 55 63 62 75 97 121 113 125 135 161 179 176 209 211 238 239 247 254 262 254 240 255 234 269 232 210 192 206 146 160 162 137 115 121 112 106 100 80 78 63 67 66 37 33 47 32 33 20 27 23 17 17 20 13 10 13 12 3 10 7 9 5 7 4 4 3 4 3 4 3 3 2 3 0 1 2 1 1 1 0 1 0 0 0 0 0 0 0 0 0 0 0 1 0 0 0 0 0 0 0 0 0 0 0 0 0 0 0 0 0 0 0 0 0 0 0 0 0 0 0 0 0 0 0 0 
0 0 0 2 5 1 6 8 7 11 17 22 20 20 33 40 54 49 49 76 68 93 99 128 142 155 172 200 176 192 221 247 239 249 242 246 245 238 255 243 256 233 209 172 180 167 162 142 126 138 132 118 111 95 82 60 51 50 57 43 47 40 34 42 24 21 28 20 15 15 14 17 9 8 12 10 4 7 7 6 4 8 2 5 1 1 1 2 2 1 2 1 4 4 2 0 0 2 2 1 0 0 0 0 0 0 0 0 0 3 1 0 0 0 0 0 0 0 0 1 0 0 1 0 0 0 0 0 0 0 0 0 0 0 0 0 0 0 0 0 0 0 0 
0 0 0 3 2 3 6 14 5 10 18 11 16 36 38 29 58 70 70 68 91 91 105 101 144 147 158 188 193 193 217 226 213 228 212 270 246 234 244 215 223 240 243 200 199 162 159 128 149 109 115 109 92 95 73 69 58 57 69 42 40 44 34 28 26 25 22 29 24 17 7 13 12 7 11 11 10 4 4 4 6 3 3 1 3 3 4 3 1 0 3 0 1 0 1 0 0 0 0 1 0 0 1 0 1 0 0 0 1 1 0 0 0 0 0 0 0 1 0 0 0 0 0 0 0 0 0 0 0 0 0 0 0 0 0 0 0 0 0 0 0 0 0 
0 0 0 3 2 1 5 6 8 12 10 12 9 22 23 21 38 32 53 67 50 72 71 88 106 99 150 131 166 201 171 249 191 233 218 239 247 218 229 249 231 220 199 223 244 226 179 169 132 136 147 120 108 97 101 94 69 67 62 67 54 50 49 36 29 29 30 29 34 19 17 16 18 6 10 10 10 7 6 10 4 6 4 2 6 6 5 2 2 2 2 2 1 0 1 0 3 2 0 1 0 1 1 0 1 1 1 0 0 0 0 0 0 0 0 0 0 0 0 0 0 0 0 0 0 0 0 0 0 0 1 0 0 0 0 0 0 0 0 0 0 0 0 
0 0 0 3 6 2 7 11 11 10 17 19 28 19 42 49 45 67 67 73 88 118 116 108 138 160 154 198 208 200 194 257 275 255 245 252 243 288 227 250 227 206 211 211 195 161 138 161 138 121 120 96 93 76 77 78 71 71 45 37 43 36 31 32 21 30 20 16 11 16 9 5 13 14 7 8 4 5 2 4 5 0 2 7 2 1 0 2 4 1 2 1 1 1 1 0 1 0 0 0 1 0 0 0 0 0 0 0 1 0 0 0 0 0 0 0 0 0 0 0 0 0 0 0 0 0 0 0 0 0 0 0 0 0 0 0 0 0 0 0 0 0 0 
0 0 0 3 3 1 9 4 10 8 19 16 18 35 14 31 42 54 35 48 56 84 83 89 93 125 123 143 167 161 195 201 194 234 234 244 252 205 243 236 231 203 187 225 189 205 192 161 152 162 143 134 122 93 93 87 67 72 63 51 56 48 48 37 29 34 28 26 26 9 15 18 12 8 11 11 9 15 3 4 5 3 4 0 4 2 1 5 3 2 3 2 1 0 1 1 1 1 2 1 1 1 0 1 0 0 0 0 0 0 0 0 0 0 0 0 0 0 0 0 0 0 0 0 0 0 0 0 0 0 0 0 0 0 0 0 0 0 0 0 0 0 0 
0 0 0 3 3 2 4 8 2 3 8 10 9 13 21 29 35 28 37 33 53 74 65 92 108 134 142 155 182 192 190 217 231 242 269 235 265 266 249 279 256 251 256 228 240 215 166 187 148 152 156 113 113 93 102 85 101 66 70 64 51 34 49 34 37 22 29 24 23 22 25 21 13 17 10 6 8 9 4 8 5 3 7 3 4 2 7 0 2 2 0 2 0 0 1 4 1 3 0 1 0 1 0 0 0 0 0 0 0 0 0 1 0 0 0 0 0 0 0 0 0 0 0 0 0 0 0 0 0 0 0 0 0 0 0 0 0 0 0 0 0 0 0 
0 0 0 2 0 1 14 6 5 18 7 11 24 18 30 37 36 45 41 55 52 69 101 117 111 139 156 176 177 180 223 230 228 247 218 253 224 254 239 258 276 236 210 227 209 179 192 172 176 123 132 115 109 89 75 100 62 65 47 55 50 34 32 34 30 35 24 18 17 20 15 13 14 15 10 9 7 11 9 6 5 5 3 2 2 1 3 0 1 1 0 3 1 4 1 0 0 0 2 0 1 0 0 0 1 0 0 0 1 0 0 0 0 0 0 0 0 1 0 0 0 0 0 0 0 0 0 0 0 0 0 0 0 0 0 0 0 0 0 0 0 0 0 
0 0 0 4 2 3 7 8 5 9 26 24 36 35 35 39 40 58 63 74 83 117 128 124 158 144 143 219 213 209 240 251 237 241 268 256 262 260 252 266 201 195 201 218 157 170 177 154 139 113 98 100 84 73 80 80 67 50 39 50 34 33 35 27 21 18 17 13 20 12 9 10 9 7 12 6 10 4 6 4 2 5 3 4 0 3 2 2 1 1 3 3 1 0 1 0 3 0 0 1 1 0 0 0 0 0 0 0 0 0 1 0 0 0 0 0 0 0 0 0 0 0 0 0 0 0 0 0 0 0 0 0 0 0 0 0 0 0 0 0 0 0 0 
0 0 0 0 6 3 6 9 7 15 10 10 11 20 18 27 42 35 32 56 65 89 88 95 125 148 138 151 168 187 211 221 234 234 259 245 263 236 264 241 266 229 230 200 214 207 167 168 158 156 131 127 122 85 83 78 83 61 76 43 56 34 41 35 32 32 25 25 21 19 16 12 17 15 11 11 6 9 6 4 7 3 4 1 5 2 3 3 3 0 2 1 3 0 0 1 1 0 3 1 0 0 1 0 0 1 0 0 0 0 0 0 0 0 0 0 0 1 0 0 0 0 0 0 0 0 0 0 0 0 0 0 0 0 0 0 0 0 0 0 0 0 0 
0 0 0 2 3 2 5 9 10 14 11 19 25 20 32 36 45 42 61 77 81 98 114 122 133 166 176 185 224 206 184 261 218 244 250 237 241 203 263 244 242 226 205 222 213 168 184 170 150 139 129 102 102 99 76 64 67 52 53 42 50 44 37 37 24 28 22 27 17 19 13 12 15 10 13 8 12 4 5 5 3 2 3 2 4 1 6 3 3 3 5 0 1 2 0 0 1 0 1 0 0 0 1 1 0 0 1 0 0 0 0 0 0 0 0 0 0 0 0 0 0 0 0 0 0 0 0 0 0 0 0 1 0 0 0 0 0 0 0 0 0 0 0 
0 0 0 3 3 3 1 12 9 11 16 12 24 24 35 36 49 42 61 69 65 94 102 121 136 161 157 181 214 223 203 238 241 239 254 215 278 238 219 226 258 227 238 232 190 159 149 166 166 119 111 118 95 89 74 79 62 58 65 51 43 31 46 22 29 26 27 27 17 30 14 19 10 11 6 8 6 7 10 5 5 5 1 4 6 1 2 4 0 3 1 2 1 0 1 0 0 2 1 0 2 0 0 0 1 0 0 0 0 0 0 1 0 0 0 1 0 0 0 1 0 0 1 0 0 0 0 0 0 0 0 0 0 0 0 0 0 0 0 0 0 0 0 
0 0 0 3 6 2 9 7 6 15 22 21 23 28 31 36 48 48 64 77 92 98 104 138 158 159 198 196 198 229 220 276 254 265 261 224 226 253 259 252 230 213 214 197 171 132 156 158 137 125 109 95 92 77 80 60 50 54 47 33 45 50 28 25 33 25 17 25 19 13 14 14 14 7 9 15 9 6 5 2 6 4 5 0 1 0 3 0 2 0 1 2 0 2 0 0 2 0 0 0 0 1 0 0 1 0 0 0 0 0 0 0 0 0 0 0 0 0 0 0 0 0 0 0 0 0 0 0 0 0 0 0 0 0 0 0 0 0 0 0 0 0 0 
0 0 0 6 5 3 6 8 7 21 11 15 23 31 30 38 54 52 62 66 76 100 108 109 131 167 183 184 181 242 211 252 254 240 240 255 255 234 230 221 215 224 182 192 186 180 167 153 126 124 114 107 108 88 82 64 55 44 43 64 43 37 35 38 24 21 20 28 23 15 14 10 13 16 9 5 5 5 7 5 2 6 3 4 0 2 5 3 0 1 0 0 1 0 2 2 0 3 0 1 0 0 0 0 0 1 0 0 0 1 0 0 0 0 0 0 0 0 0 0 0 0 0 0 0 0 0 0 0 0 0 0 0 0 0 0 0 0 0 0 0 0 0 
0 0 0 2 2 1 11 4 3 14 7 20 18 14 21 39 37 28 52 53 66 84 79 126 106 114 133 127 167 183 181 195 254 243 258 244 235 244 239 251 236 237 234 224 196 183 180 198 144 128 137 119 85 98 101 91 89 59 52 52 57 54 49 37 26 28 25 18 19 18 22 16 16 13 17 8 9 6 5 5 1 5 2 5 1 3 2 2 5 1 2 2 3 2 2 1 1 3 2 0 0 0 1 0 0 1 0 0 1 1 0 0 2 0 0 0 0 0 0 0 0 0 0 0 0 0 0 0 0 0 0 0 0 0 0 0 0 0 0 0 0 0 0 
0 0 0 2 1 2 3 5 15 10 12 11 21 25 28 33 35 38 45 40 69 60 91 87 106 130 124 163 150 146 189 196 228 203 244 233 282 298 211 224 251 189 202 216 194 194 204 164 161 132 142 126 131 103 82 87 77 74 64 57 49 39 41 39 37 38 24 13 24 20 16 16 16 11 17 14 6 6 11 9 3 7 4 3 9 2 3 2 1 3 2 0 1 0 1 1 0 0 0 0 1 0 0 0 0 1 0 0 0 1 0 0 0 1 0 0 0 0 0 0 0 0 0 0 0 0 0 0 0 0 0 0 0 0 0 0 0 0 0 0 0 0 0 
0 0 0 0 4 3 6 3 5 14 11 29 8 19 23 29 32 44 44 59 72 60 84 105 114 98 141 154 148 190 180 191 224 268 259 267 275 242 272 241 246 225 252 248 220 207 188 184 162 162 136 135 116 115 95 88 72 76 57 67 56 46 50 56 32 36 35 25 21 30 20 14 18 11 7 8 7 7 9 7 7 4 4 6 1 4 3 2 0 4 1 3 2 2 1 2 2 2 0 3 1 0 0 1 1 1 0 0 0 0 2 0 0 0 1 0 0 0 0 0 0 0 0 0 0 0 0 0 0 0 0 0 0 0 0 0 0 0 0 0 0 0 0 
0 0 0 4 5 2 5 8 9 15 14 15 20 24 34 42 31 48 44 66 66 109 108 121 135 145 170 179 190 214 254 215 255 243 263 248 259 272 255 218 271 219 242 189 194 171 154 164 144 123 127 105 102 91 86 80 75 46 45 40 49 38 28 21 22 31 21 25 11 17 10 12 11 7 2 11 4 8 2 6 7 7 5 0 7 1 1 3 3 3 0 6 1 1 0 1 0 0 0 1 2 0 1 0 0 0 0 0 1 0 0 0 2 0 0 1 0 0 0 0 0 0 0 0 0 0 0 0 0 0 0 0 0 0 0 0 0 0 0 0 0 0 0 
0 0 0 6 3 3 7 9 7 6 14 19 19 21 26 32 53 35 61 66 72 88 114 105 128 170 140 185 182 205 251 237 244 273 254 236 255 262 246 235 243 205 216 233 170 182 161 183 137 155 120 97 85 70 78 77 70 74 48 44 43 46 30 20 26 23 16 17 25 19 11 13 13 7 13 9 6 7 5 3 7 4 5 3 2 3 0 3 2 3 3 1 2 1 3 0 0 0 0 0 0 1 1 0 0 0 0 0 0 0 0 0 0 0 0 0 0 0 0 0 0 0 0 0 0 0 0 0 0 0 0 0 0 0 0 0 0 0 0 0 0 0 0 
0 0 0 2 3 3 3 4 11 8 21 9 13 38 42 25 29 38 67 74 64 87 78 96 120 110 142 167 161 189 206 229 223 258 267 262 264 270 245 231 227 228 211 188 191 187 167 174 141 132 131 104 84 79 82 68 65 58 53 51 37 44 34 37 19 24 28 19 14 24 11 8 14 5 9 12 9 8 15 7 4 5 4 2 6 3 3 1 3 3 2 2 1 2 1 0 1 3 0 0 0 0 0 0 0 0 0 0 1 0 0 0 0 0 0 0 0 0 0 0 0 0 0 0 0 0 0 0 0 0 0 0 0 0 0 0 0 0 0 0 0 0 0 
0 0 0 7 2 2 1 7 8 15 8 17 14 14 18 23 35 28 36 51 61 69 60 77 110 100 117 144 166 155 177 203 206 221 240 254 213 262 264 234 286 241 233 246 224 204 182 177 164 142 148 142 121 115 105 98 98 72 72 67 61 54 51 42 43 40 30 36 23 29 30 14 14 13 10 10 13 6 10 12 5 5 6 6 1 5 7 1 3 0 3 2 1 1 2 2 1 2 1 0 0 4 0 2 0 1 0 0 0 0 0 0 0 0 0 0 0 0 0 0 0 0 0 0 0 0 0 0 0 0 0 0 0 0 0 0 0 0 0 0 0 0 0 
0 0 0 1 2 1 5 9 5 3 6 18 14 14 30 43 43 57 47 66 57 90 85 85 117 128 158 166 199 194 213 199 250 242 217 249 238 240 245 253 216 220 203 216 198 191 180 137 142 138 116 122 91 91 84 72 81 66 70 53 57 37 40 52 34 37 32 20 22 29 20 8 13 11 14 8 10 4 4 9 5 4 8 6 0 3 3 2 0 3 1 4 1 1 0 2 0 2 0 0 2 0 0 0 0 0 2 0 0 0 0 0 0 0 0 0 0 0 0 0 0 0 1 0 0 0 0 0 0 0 0 0 0 0 0 0 0 0 0 0 0 0 0 
0 0 0 4 2 1 3 11 2 15 17 24 22 19 25 35 55 50 67 69 107 97 104 122 138 132 143 215 186 201 230 222 273 261 253 232 237 240 232 244 259 200 192 178 225 165 170 153 126 119 102 102 96 98 98 76 55 56 57 38 32 46 37 28 23 20 25 20 13 17 11 10 12 11 11 5 7 14 8 6 4 5 1 8 4 1 5 2 4 4 1 2 0 1 1 0 0 0 1 2 0 1 0 0 1 0 0 0 0 1 0 0 0 1 0 0 0 0 0 0 0 0 0 0 0 0 0 0 0 0 0 0 0 0 0 0 0 0 0 0 0 0 0 
0 0 0 2 4 0 5 7 5 13 14 11 22 38 29 25 39 39 55 50 60 76 97 116 105 131 168 197 189 201 208 212 236 204 241 236 279 224 226 260 243 260 223 231 203 180 174 174 150 146 133 111 103 91 79 71 84 54 65 63 47 40 43 34 32 24 20 19 19 25 24 18 8 7 9 12 4 6 10 3 1 5 4 3 7 3 3 4 2 1 0 2 3 2 0 0 0 0 2 0 0 0 1 1 0 0 1 1 1 0 0 1 0 2 0 1 0 1 0 0 0 0 0 0 0 0 0 0 0 0 0 0 0 0 0 0 0 0 0 0 0 0 0 
0 0 0 2 3 2 5 7 8 16 18 12 24 23 38 34 35 40 44 58 71 84 92 99 109 134 176 164 150 166 215 226 207 218 244 259 267 256 260 250 241 223 216 212 196 193 183 180 139 135 115 106 93 84 83 84 79 83 41 48 37 42 45 36 27 35 26 17 17 10 16 16 10 14 16 14 8 6 7 7 3 3 2 7 1 3 1 4 2 1 0 4 0 0 1 0 0 0 1 0 1 1 1 0 0 0 0 0 0 0 1 0 1 0 0 0 0 0 0 0 0 0 0 0 0 0 0 0 0 0 0 0 0 0 0 0 0 0 0 0 0 1 0 
0 0 0 2 2 2 13 5 13 20 21 19 25 36 29 38 46 49 42 72 75 73 106 94 111 144 163 178 199 214 222 227 239 248 232 249 266 267 227 237 261 221 220 190 198 175 181 141 143 123 115 103 120 100 84 63 62 61 55 57 43 36 26 35 20 28 23 24 20 16 12 12 6 7 10 6 5 9 8 6 2 2 5 3 1 5 3 0 0 1 0 1 3 1 2 0 0 0 1 1 0 0 0 0 2 0 1 0 0 0 0 0 0 0 1 0 0 0 0 0 0 0 0 0 0 0 0 0 0 0 0 0 0 0 0 0 0 0 0 0 0 0 0 
0 0 0 6 6 1 6 6 10 8 7 14 14 15 18 35 36 59 49 75 85 83 94 121 124 122 149 155 219 164 198 210 225 235 241 243 241 265 229 240 258 244 248 216 219 212 166 163 155 141 127 122 104 113 100 78 73 55 73 50 47 50 24 28 35 31 25 19 34 8 8 15 11 11 7 6 5 6 4 7 4 2 6 4 2 2 1 1 2 2 2 3 0 1 1 0 0 0 0 1 1 0 2 0 0 1 0 0 1 0 0 0 0 1 0 0 0 0 0 0 0 0 0 0 1 0 0 0 0 0 0 0 0 0 0 0 0 0 0 0 0 0 0 
0 0 0 3 4 3 6 4 8 4 15 12 22 23 26 35 42 47 50 59 71 61 86 101 104 147 154 176 193 189 227 218 226 227 202 262 272 232 216 232 237 231 229 234 230 178 181 169 149 137 135 120 89 93 90 74 71 65 41 59 47 34 39 26 30 22 27 20 23 23 14 6 12 10 6 7 9 6 9 3 7 7 3 3 5 5 1 2 6 3 4 2 1 3 2 1 0 0 1 0 0 0 1 1 0 0 0 0 0 0 0 0 0 0 0 0 0 0 0 0 0 0 0 0 0 0 0 0 1 0 0 0 0 0 0 0 0 0 0 0 0 0 0 
0 0 0 6 2 2 2 6 5 7 12 9 17 34 22 35 28 45 52 52 66 60 88 86 126 90 131 152 167 172 220 220 227 218 239 271 263 235 235 214 263 224 216 196 190 182 184 174 152 156 120 144 117 119 89 84 82 62 67 69 53 40 45 46 28 25 29 23 21 16 17 13 8 6 15 8 10 4 5 3 2 2 6 6 3 1 4 0 3 4 0 0 1 2 1 0 0 1 0 0 2 0 0 0 0 0 0 1 0 0 1 0 0 0 0 0 0 0 0 0 0 1 0 0 0 0 1 0 0 0 0 0 0 0 0 0 0 0 0 0 0 0 0 
0 0 0 4 2 1 7 5 6 7 15 5 15 14 24 24 33 38 50 44 66 68 76 93 112 122 156 170 181 201 207 220 229 250 265 268 269 235 259 238 237 227 228 206 209 182 201 158 151 165 142 128 156 103 96 90 68 74 52 39 52 47 37 25 35 21 21 29 15 22 11 16 13 9 13 9 10 9 7 8 5 4 3 5 2 1 5 0 0 0 2 2 3 1 2 1 0 2 0 0 0 0 1 0 1 0 0 0 0 0 0 0 0 0 1 0 0 1 0 0 0 0 0 0 0 0 0 0 0 0 0 0 0 0 0 0 0 0 0 0 0 0 0 
0 0 0 5 3 1 7 9 8 14 16 10 22 24 38 45 67 44 71 80 79 110 110 103 124 115 148 180 206 206 224 277 245 261 262 264 283 237 240 201 223 238 211 219 189 171 155 155 158 114 102 124 106 89 81 77 61 49 41 42 41 39 27 26 24 32 15 18 11 13 6 9 12 14 8 6 9 8 5 5 3 3 4 5 6 1 2 1 1 1 2 1 1 0 0 0 1 1 0 0 0 0 0 0 0 0 0 0 0 0 0 0 0 0 0 0 0 0 0 0 0 0 0 0 0 0 0 0 0 0 0 0 0 0 0 0 0 0 0 0 0 0 0 
0 0 0 5 2 5 5 16 11 11 12 20 19 25 32 31 35 50 53 48 63 79 87 95 95 105 106 153 160 190 201 194 188 248 253 247 224 270 244 256 263 269 216 202 220 209 210 180 164 140 135 106 101 120 86 73 78 61 72 61 51 46 42 44 33 29 22 27 19 22 19 19 22 13 8 11 15 4 10 4 1 4 6 3 4 0 3 3 2 0 2 1 2 1 3 1 0 2 1 1 1 0 0 1 0 0 0 0 0 1 0 0 0 0 0 0 0 0 0 0 1 0 0 0 0 0 0 0 0 0 0 0 0 0 0 0 0 0 0 0 0 0 0 
0 0 0 3 3 0 5 5 6 5 12 30 15 17 30 29 32 44 45 62 81 75 87 106 133 125 138 164 171 166 170 201 218 229 255 263 246 261 239 259 210 244 197 231 209 163 193 173 136 136 140 127 92 88 84 83 55 84 74 40 38 52 37 35 23 25 18 20 21 15 15 18 14 14 11 14 15 8 11 8 6 10 8 5 1 5 1 3 1 1 0 3 0 1 2 0 1 0 0 0 1 0 0 0 1 1 0 0 0 0 1 0 1 1 0 1 0 0 0 0 0 0 0 0 0 0 0 0 0 0 0 0 0 0 0 0 0 0 0 0 0 0 0 
0 0 0 0 5 2 4 3 7 9 14 21 17 27 25 26 28 53 40 53 69 93 78 88 129 127 113 147 163 170 189 188 211 214 256 239 244 222 285 245 235 201 232 219 173 188 176 172 169 145 128 120 113 85 87 73 67 68 56 58 52 45 39 42 33 39 30 23 28 15 19 18 15 11 10 11 3 7 8 4 7 2 3 2 4 7 0 1 0 0 0 0 0 0 1 0 2 0 0 0 1 1 0 0 3 0 0 0 0 2 0 0 0 0 1 0 0 0 0 0 0 0 0 0 0 0 0 0 1 0 0 0 0 0 0 0 0 0 0 0 0 0 0 
0 0 0 4 2 0 4 7 5 10 9 8 23 19 35 50 38 45 56 58 71 85 107 112 121 149 186 150 175 207 182 229 232 249 224 246 227 258 239 217 212 230 206 207 179 202 152 127 138 139 114 113 92 92 78 62 64 51 45 50 40 51 29 31 20 30 23 17 16 22 14 17 11 12 5 5 5 6 9 4 5 3 5 3 2 5 3 3 3 1 0 0 1 1 2 1 0 1 0 2 0 0 0 1 0 0 0 1 0 0 0 0 0 0 0 0 0 0 1 0 0 0 0 0 0 0 0 0 1 1 0 0 0 0 0 0 0 0 0 0 0 0 0 
0 0 0 2 2 1 0 5 5 3 6 13 22 17 27 31 36 51 52 52 72 75 90 107 118 132 123 180 160 191 181 190 227 242 261 259 256 264 261 279 233 232 192 218 193 211 165 182 152 148 140 129 109 123 95 76 64 60 60 60 61 42 39 41 32 25 26 22 18 28 14 12 10 19 9 11 8 8 7 4 3 6 6 1 3 3 2 1 5 1 0 0 0 2 2 0 1 1 1 1 1 0 1 0 0 1 0 0 2 0 1 0 0 1 0 0 0 0 0 0 0 0 0 0 0 0 0 0 0 0 0 0 0 0 0 0 0 0 0 0 0 0 0 
0 0 0 4 1 2 4 5 4 15 10 20 17 26 29 35 48 47 39 69 69 87 96 113 108 129 175 162 180 181 195 236 234 269 235 243 245 241 246 225 239 209 210 205 200 186 153 165 138 129 119 125 94 85 86 71 70 76 48 48 51 45 49 42 30 27 21 20 22 15 16 12 13 9 13 8 9 13 10 7 4 5 7 6 4 3 3 1 3 2 3 0 1 2 0 0 1 1 1 1 1 1 0 1 0 0 1 0 2 1 0 1 1 0 0 0 0 0 0 0 0 0 0 0 0 0 0 0 0 0 0 0 0 0 0 0 0 0 0 0 0 0 0 
0 0 0 2 3 3 3 10 9 11 11 20 12 24 25 41 41 40 55 54 68 72 98 102 107 142 152 167 171 168 214 208 209 224 234 241 236 246 259 267 241 230 211 220 205 203 181 161 138 158 127 134 119 97 106 85 70 71 62 52 60 59 37 31 37 34 29 25 23 28 12 12 13 16 6 6 8 5 10 7 10 6 5 4 6 3 2 2 0 3 2 3 1 3 1 2 0 1 0 1 1 0 0 0 0 0 1 0 0 0 0 0 0 0 0 0 0 0 0 0 0 0 0 0 0 0 0 0 0 1 0 0 0 0 0 0 0 0 0 0 0 0 0 
0 0 0 3 0 3 7 10 6 12 12 18 14 12 31 28 47 55 50 89 69 94 107 119 149 166 161 159 179 222 223 259 246 260 245 253 266 261 217 263 249 226 230 180 178 218 165 153 138 138 127 114 99 80 102 70 68 55 58 55 38 46 45 24 29 26 32 23 19 19 15 12 10 12 9 4 6 5 3 4 3 4 2 0 2 2 4 0 1 0 1 2 0 1 1 1 1 1 0 1 0 0 0 0 0 1 0 1 0 0 1 0 0 0 0 0 0 0 0 0 1 0 0 0 0 0 0 0 0 0 0 0 0 0 0 0 0 0 0 0 0 0 0 
0 0 0 5 5 2 6 5 6 9 16 19 23 36 36 52 56 56 76 83 107 110 113 134 137 176 176 207 202 210 235 215 211 237 281 273 236 245 227 224 220 219 197 217 182 181 170 145 115 111 118 96 110 92 82 64 63 71 51 37 40 30 32 25 24 23 22 17 11 17 9 12 16 6 7 10 7 5 3 8 6 5 3 4 6 5 1 7 0 1 1 2 0 1 2 2 0 0 1 0 1 0 0 0 0 0 1 1 0 0 0 1 0 0 0 0 0 0 0 0 0 1 1 0 0 1 0 0 0 0 1 0 0 0 0 0 0 0 0 0 0 0 0 
0 0 0 3 4 4 10 6 10 10 19 20 28 28 37 34 56 47 52 64 76 91 90 118 111 143 154 176 176 192 227 185 236 229 252 246 243 262 256 231 249 226 232 218 229 167 174 148 161 149 115 117 116 83 80 96 72 46 64 44 43 52 36 36 27 20 28 23 25 22 18 12 13 14 6 11 9 12 4 6 5 5 2 2 4 3 2 1 2 2 2 3 0 3 0 1 0 0 0 3 0 0 0 0 0 0 0 0 0 0 0 1 0 0 0 0 0 0 0 0 0 0 0 0 0 0 0 0 0 0 0 0 0 0 0 0 0 0 0 0 0 0 0 
0 0 0 7 4 4 4 7 7 7 16 15 18 21 32 31 39 49 50 65 56 71 107 104 122 141 152 173 198 181 207 216 238 250 248 270 247 227 212 231 238 230 223 209 218 209 184 163 137 135 152 131 101 106 83 86 91 69 58 58 37 48 52 31 31 30 24 27 24 15 18 14 16 10 10 6 10 8 12 8 5 3 8 8 0 3 3 4 1 3 2 0 0 3 2 1 1 2 0 1 0 0 0 1 0 0 0 1 0 0 0 0 0 0 0 0 0 0 0 0 0 0 0 0 0 0 0 0 0 0 0 0 0 0 0 0 0 0 0 0 0 0 0 
0 0 0 3 2 5 8 7 4 15 14 17 23 19 25 37 42 33 56 61 50 59 97 103 96 128 144 160 153 170 209 218 227 215 246 246 273 266 256 237 224 243 226 253 182 196 201 180 185 156 124 135 128 111 127 101 76 91 55 52 62 50 48 41 41 29 27 22 30 19 17 9 14 12 8 9 9 5 3 11 3 7 8 4 3 3 6 2 0 4 0 3 0 1 1 1 3 0 1 0 0 0 1 0 1 0 0 2 1 0 0 0 0 0 0 0 0 0 0 0 0 0 0 0 0 0 0 0 0 0 0 0 0 0 0 0 0 0 0 0 0 0 0 
0 0 0 6 1 1 3 3 9 7 12 16 17 21 39 31 45 50 55 65 80 91 97 108 147 152 157 179 202 210 226 227 252 230 249 252 280 265 282 262 226 220 226 225 206 192 159 155 158 131 127 118 91 104 82 64 74 58 58 42 54 37 34 25 41 20 24 23 26 16 8 11 9 10 11 6 9 9 9 10 3 4 4 6 3 1 3 0 3 3 1 2 2 0 2 0 3 1 1 0 0 0 0 0 1 2 0 0 0 0 0 0 0 0 1 0 0 0 0 0 0 0 0 0 0 0 0 0 0 0 0 0 0 0 0 0 0 0 0 0 0 0 0 
0 0 0 1 1 1 5 5 8 10 10 17 24 34 30 48 47 46 49 77 76 72 99 116 111 150 145 158 180 199 214 261 236 215 245 254 268 261 243 238 243 243 208 218 212 200 176 175 163 153 133 145 112 92 84 72 70 59 65 49 45 35 44 47 28 29 31 32 17 20 9 13 16 9 12 12 10 4 8 2 8 4 6 4 0 4 4 4 1 1 1 0 4 0 0 0 0 2 0 2 1 0 0 0 0 0 0 0 0 0 0 0 0 0 0 1 0 0 0 0 0 0 0 0 0 0 1 0 0 0 0 0 0 0 0 0 0 0 0 0 0 0 0 
