0 0 0 0 0 0 0 10 0 0 1 3 6 4 6 9 13 21 20 25 35 42 56 90 80 108 127 174 203 226 243 274 293 284 317 333 354 375 326 322 329 327 290 279 251 225 214 195 167 157 141 110 130 88 97 77 61 53 50 36 43 36 29 20 28 15 15 17 19 11 15 9 7 5 8 4 10 1 1 4 1 3 1 1 2 2 1 2 0 0 1 1 1 2 0 1 0 0 0 0 0 0 0 0 0 0 0 0 0 0 0 0 0 0 0 0 0 0 0 0 0 0 0 0 0 0 0 0 0 0 0 0 0 0 0 0 0 0 0 0 0 0 0 
0 0 0 0 0 0 0 12 0 0 2 4 4 7 3 17 20 33 43 47 65 64 109 120 110 158 192 201 216 265 263 306 307 318 318 327 342 329 309 293 291 273 272 257 236 195 153 172 144 117 124 109 99 87 72 59 66 44 36 32 28 23 26 26 19 11 7 10 14 11 7 12 7 1 3 3 4 4 1 3 1 1 0 0 2 0 1 1 1 1 0 1 0 0 0 0 0 0 0 0 0 0 0 0 0 0 0 0 0 0 0 0 0 0 0 0 0 0 0 0 0 0 0 0 0 0 0 0 0 0 0 0 0 0 0 0 0 0 0 0 0 0 0 
0 0 0 0 0 0 0 12 0 0 0 2 7 4 3 5 18 16 18 27 29 49 51 62 78 126 121 136 191 232 273 265 283 325 309 343 345 362 347 291 358 316 292 270 230 241 221 187 177 135 147 123 88 97 91 79 74 47 62 37 40 28 25 36 22 24 9 10 6 14 9 6 4 5 2 7 4 2 3 3 0 1 3 3 1 1 3 2 1 2 2 0 0 0 1 0 1 0 0 0 0 0 0 0 0 0 0 0 0 0 0 0 0 0 0 0 0 0 0 0 0 0 0 0 0 0 0 0 0 0 0 0 0 0 0 0 0 0 0 0 0 0 0 
0 0 0 0 0 0 0 9 0 0 1 5 10 3 6 10 25 42 36 47 61 69 111 136 140 170 175 187 237 270 275 340 305 331 318 340 354 331 322 305 298 280 243 238 204 194 172 157 136 139 120 113 102 71 79 64 54 43 50 38 26 24 27 17 17 21 12 13 11 8 9 7 8 3 3 2 3 5 3 0 2 2 1 4 0 1 0 0 0 0 0 0 0 0 0 0 0 1 0 0 0 1 0 0 0 0 0 0 0 0 0 0 0 0 0 0 0 0 0 0 0 0 0 0 0 0 0 0 0 0 0 0 0 0 0 0 0 0 0 0 0 0 0 
0 0 0 0 0 0 0 12 0 0 1 2 3 6 8 16 25 22 38 43 51 63 83 116 119 132 174 220 236 256 266 263 306 322 332 347 335 372 323 309 317 275 244 222 217 207 175 160 153 142 125 90 90 76 79 65 56 49 45 35 26 22 28 20 16 19 14 9 14 9 10 2 7 4 4 1 3 2 2 1 1 0 0 2 0 0 0 1 1 0 0 0 0 0 0 0 0 0 0 0 0 0 0 0 0 0 0 0 0 0 0 0 0 0 0 0 0 0 0 0 0 0 0 0 0 0 0 0 0 0 0 0 0 0 0 0 0 0 0 0 0 0 0 
0 0 0 0 0 0 0 16 0 0 3 3 2 3 4 5 18 12 16 21 40 38 45 68 81 97 127 124 171 196 231 224 273 298 318 359 364 339 355 338 339 316 301 281 239 226 208 209 177 137 168 135 116 99 89 65 64 57 59 52 34 36 24 26 28 12 21 20 12 14 11 3 8 7 8 4 5 1 3 3 3 2 0 2 3 2 2 1 2 0 1 1 0 0 1 0 0 0 0 1 0 0 0 0 0 0 0 0 0 0 0 0 0 0 0 0 0 0 0 0 0 0 0 0 0 0 0 0 0 0 0 0 0 0 0 0 0 0 0 0 0 0 0 
0 0 0 0 0 0 0 12 0 0 2 3 6 3 5 5 13 17 29 31 44 41 71 68 103 130 128 140 191 201 244 254 293 344 295 342 339 345 373 365 303 335 338 284 255 223 214 196 192 158 136 110 90 94 87 78 68 47 55 41 34 22 35 26 28 23 20 16 13 15 9 5 2 7 6 7 1 3 3 2 0 2 1 3 2 0 0 0 0 0 1 0 1 1 0 0 0 0 0 1 0 0 0 0 0 0 0 0 0 0 0 0 0 0 0 0 0 0 0 0 0 0 0 0 0 0 0 0 0 0 0 0 0 0 0 0 0 0 0 0 0 0 0 
0 0 0 0 0 0 0 15 0 0 5 3 6 2 5 6 15 28 24 40 52 58 69 79 115 134 146 167 194 248 277 292 280 302 321 315 362 347 314 345 333 301 269 297 255 219 220 170 153 133 150 104 108 88 72 74 60 45 46 36 29 31 25 25 21 19 18 10 10 7 9 9 3 6 1 2 4 4 3 4 4 1 2 0 1 1 0 0 0 2 0 0 0 0 0 0 0 1 0 0 0 0 1 2 0 0 0 1 0 0 0 0 0 0 0 0 0 0 0 0 0 0 0 0 0 0 0 0 0 0 0 0 0 0 0 0 0 0 0 0 0 0 0 
0 0 0 0 0 0 0 12 0 0 1 0 6 3 7 7 15 17 33 50 68 74 79 86 126 148 146 175 216 222 243 277 314 343 326 325 321 352 347 332 290 305 269 259 252 196 212 198 155 130 126 103 80 89 68 65 61 54 50 43 34 31 19 24 23 18 11 16 12 16 11 5 2 3 1 4 1 2 3 4 2 3 1 2 1 1 2 2 0 0 1 1 1 0 1 0 0 0 0 0 0 0 0 0 0 0 0 0 0 0 0 0 0 0 0 0 0 0 0 0 0 0 0 0 0 0 0 0 0 0 0 0 0 0 0 0 0 0 0 0 0 0 0 
0 0 0 0 0 0 0 13 0 0 2 5 9 5 7 13 3 27 26 36 48 65 84 97 99 131 188 193 203 235 239 256 329 321 330 345 353 349 352 334 321 295 303 268 260 226 201 170 151 153 129 101 90 88 67 73 59 42 41 36 33 28 30 27 19 15 10 10 13 17 12 11 3 3 2 7 4 4 1 0 1 0 2 4 1 0 0 1 2 0 0 1 0 0 0 0 0 0 0 0 0 0 0 0 0 0 0 0 0 0 0 0 0 0 0 0 0 0 0 0 0 0 0 0 0 0 0 0 0 0 0 0 0 0 0 0 0 0 0 0 0 0 0 
0 0 0 0 0 0 0 13 0 0 0 2 4 4 4 12 14 16 20 27 39 67 88 100 119 108 162 174 216 223 258 275 313 307 329 325 351 339 341 355 306 292 265 269 237 217 202 178 146 147 131 123 113 84 79 80 54 52 39 30 32 18 23 17 24 19 14 13 11 8 11 7 7 9 8 5 4 2 0 1 3 2 0 1 0 1 0 1 2 0 0 0 0 0 1 0 0 0 0 0 0 0 0 0 0 0 0 0 0 0 0 0 0 0 0 0 0 0 0 0 0 0 0 0 0 0 0 0 0 0 0 0 0 0 0 0 0 0 0 0 0 0 0 
0 0 0 0 0 0 0 13 0 0 3 0 4 5 6 10 14 20 18 37 40 53 70 93 93 134 140 179 190 198 222 240 277 319 281 340 304 339 363 364 312 341 254 276 274 235 218 183 197 149 128 112 103 86 79 62 63 49 41 43 40 33 20 27 21 17 19 15 10 6 6 12 5 1 5 6 1 0 1 2 3 2 1 1 3 0 4 0 0 1 0 0 1 0 0 0 2 2 1 1 1 0 2 0 0 0 1 0 0 0 0 0 0 0 0 0 0 0 0 0 0 0 0 0 0 0 0 0 0 0 0 0 0 0 0 0 0 0 0 0 0 0 0 
0 0 0 0 0 0 0 18 0 0 2 9 5 8 9 8 24 28 28 43 52 69 76 94 115 153 182 199 235 224 265 296 304 354 332 374 368 347 333 320 306 283 221 248 240 215 174 163 160 111 113 98 96 88 78 57 56 42 43 44 29 38 21 17 23 15 19 7 16 11 5 4 6 5 6 4 6 2 4 0 1 1 0 3 2 0 0 0 2 0 1 0 0 0 0 1 1 0 0 0 0 0 0 0 0 0 0 0 0 0 0 0 0 0 0 0 0 0 0 0 0 0 0 0 0 0 0 0 0 0 0 0 0 0 0 0 0 0 0 0 0 0 0 
0 0 0 0 0 0 0 11 0 0 0 3 8 11 4 8 13 15 21 31 33 51 69 74 118 122 147 192 184 203 256 289 272 292 315 340 319 331 367 347 310 336 285 260 266 227 225 192 156 129 137 117 114 94 81 77 67 60 50 44 25 22 18 22 20 20 11 10 16 7 6 10 8 4 7 7 1 2 4 0 1 4 1 3 0 1 1 0 1 0 0 0 0 2 0 0 0 0 0 0 0 0 0 0 0 0 0 0 0 0 0 0 0 0 0 0 0 0 0 0 0 0 0 0 0 0 0 0 0 0 0 0 0 0 0 0 0 0 0 0 0 0 0 
0 0 0 0 0 0 0 9 0 0 1 3 4 7 8 19 27 47 40 46 66 88 116 130 128 186 198 249 261 287 299 335 340 327 328 349 341 324 339 310 272 268 272 222 212 185 163 164 132 126 89 86 68 66 57 51 51 39 37 40 18 18 26 13 18 14 13 5 10 2 3 4 2 5 6 2 3 1 0 2 2 1 0 1 0 3 0 0 1 1 1 1 0 0 0 0 0 0 0 0 0 0 0 0 0 0 0 0 0 0 0 0 0 0 0 0 0 0 0 0 0 0 0 0 0 0 0 0 0 0 0 0 0 0 0 0 0 0 0 0 0 0 0 
0 0 0 0 0 0 0 12 0 0 4 2 1 9 9 17 17 22 35 38 37 80 83 112 109 128 160 206 244 262 285 293 285 290 346 299 345 345 375 299 307 322 291 234 231 222 218 188 149 141 114 95 79 74 85 67 55 48 46 41 35 23 22 29 21 19 10 9 12 8 8 6 4 4 2 2 6 5 2 1 0 2 1 0 0 0 1 1 0 0 1 0 0 0 0 0 0 1 0 0 0 0 0 0 0 0 0 0 0 0 0 0 0 0 0 0 0 0 0 0 0 0 0 0 0 0 0 0 0 0 0 0 0 0 0 0 0 0 0 0 0 0 0 
0 0 0 0 0 0 0 15 0 0 0 4 2 7 5 5 11 17 19 26 45 55 69 97 122 129 157 196 187 228 250 262 315 319 349 334 349 369 333 331 301 331 294 261 248 243 209 181 168 141 127 125 96 86 75 76 69 43 50 39 33 26 22 29 16 17 14 16 5 4 13 10 6 6 6 6 1 0 3 3 2 2 1 0 2 1 3 1 0 0 1 0 1 0 0 0 0 0 0 0 0 0 0 0 0 0 0 0 0 0 0 0 0 0 0 0 0 0 0 0 0 0 0 0 0 0 0 0 0 0 0 0 0 0 0 0 0 0 0 0 0 0 0 
0 0 0 0 0 0 0 16 0 0 3 4 7 6 8 12 9 14 26 24 41 52 53 71 88 107 141 155 208 252 232 250 271 285 334 310 364 373 342 324 326 313 279 246 268 220 211 175 181 164 124 112 116 110 81 75 77 45 45 39 52 36 28 30 22 19 15 18 15 12 10 9 6 7 2 4 4 3 1 3 3 5 3 1 2 1 0 0 0 2 1 0 1 1 0 1 0 0 0 0 0 0 0 0 0 0 0 0 0 0 0 0 0 0 0 0 0 0 0 0 0 0 0 0 0 0 0 0 0 0 0 0 0 0 0 0 0 0 0 0 0 0 0 
0 0 0 0 0 0 0 10 0 0 1 5 8 4 11 16 20 27 38 41 53 82 94 122 137 176 160 208 233 258 283 311 292 340 333 336 326 325 343 298 291 257 275 250 224 211 191 171 154 142 101 97 89 79 75 67 50 54 38 27 20 27 19 18 10 16 14 11 11 5 4 3 6 3 5 7 2 2 4 2 1 1 1 1 2 0 1 1 0 0 2 0 0 0 1 1 0 0 0 0 0 0 0 0 0 0 0 0 0 0 0 0 0 0 0 0 0 0 0 0 0 0 0 0 0 0 0 0 0 0 0 0 0 0 0 0 0 0 0 0 0 0 0 
0 0 0 0 0 0 0 12 0 0 0 3 2 6 6 10 20 20 25 21 41 52 64 98 94 112 134 168 172 219 246 277 307 316 309 323 360 342 366 365 317 344 287 275 247 234 227 188 157 155 164 120 127 109 79 69 72 60 53 50 38 32 33 33 21 22 12 9 14 13 10 9 6 9 5 9 6 5 3 2 3 6 0 0 0 1 1 0 2 0 0 0 0 0 0 1 0 1 0 0 0 0 0 0 0 0 0 0 0 0 0 0 0 0 0 0 0 0 0 0 0 0 0 0 0 0 0 0 0 0 0 0 0 0 0 0 0 0 0 0 0 0 0 
0 0 0 0 0 0 0 16 0 0 2 6 7 5 3 5 17 21 29 33 50 67 66 94 92 148 163 171 191 222 248 295 293 335 306 346 370 332 336 299 339 280 260 278 243 240 202 188 175 159 129 115 114 93 81 64 61 54 43 36 39 29 22 29 21 19 17 10 13 12 6 1 4 2 3 1 2 5 3 2 1 1 2 2 0 2 2 2 1 1 0 1 0 0 1 0 0 1 0 1 0 0 0 0 0 0 0 0 0 0 0 0 0 0 0 0 0 0 0 1 0 0 0 0 0 0 0 0 0 0 0 0 0 0 0 0 0 0 0 0 0 0 0 
0 0 0 0 0 0 0 8 0 0 0 2 8 4 12 17 18 31 34 50 55 69 119 107 140 161 218 209 276 258 284 278 305 377 348 342 379 330 323 311 294 280 268 236 196 185 173 142 127 114 99 118 95 89 55 63 40 42 38 42 32 26 20 18 17 14 12 4 15 8 8 9 8 3 6 2 2 0 5 1 0 1 2 0 1 0 0 2 0 0 0 0 1 0 0 0 1 0 0 0 0 0 0 0 0 0 0 0 0 0 0 0 0 0 0 0 0 0 0 0 0 0 0 0 0 0 0 0 0 0 0 0 0 0 0 0 0 0 0 0 0 0 0 
0 0 0 0 0 0 0 15 0 0 2 3 2 3 12 26 42 35 38 53 80 99 113 128 141 154 207 222 220 292 309 295 373 345 350 362 354 333 328 302 288 261 252 239 200 203 178 154 125 112 111 89 84 75 57 55 49 38 29 26 19 25 18 22 12 13 20 7 8 5 5 7 3 3 1 5 2 1 0 3 4 0 1 1 1 1 2 1 0 0 0 0 0 0 0 0 0 0 0 0 0 0 0 0 0 0 0 0 0 0 0 0 0 0 0 0 0 0 0 0 0 0 0 0 0 0 0 0 0 0 0 0 0 0 0 0 0 0 0 0 0 0 0 
0 0 0 0 0 0 0 9 0 0 3 6 6 3 1 9 17 13 20 17 41 67 70 99 98 108 162 172 192 227 243 293 304 315 348 333 324 367 318 319 298 302 310 290 230 229 209 179 176 141 164 125 88 106 75 61 55 62 41 36 48 45 32 20 20 15 15 13 16 9 10 9 4 4 2 4 2 2 2 3 3 2 1 2 3 4 1 2 1 0 1 0 0 1 0 0 0 1 0 0 0 0 0 0 0 1 0 0 0 0 0 0 0 0 0 0 0 0 0 0 0 0 0 0 0 0 0 0 0 0 0 0 0 0 0 0 0 0 0 0 0 0 0 
0 0 0 0 0 0 0 12 0 0 0 2 8 3 12 10 15 24 28 32 48 48 68 101 122 135 161 182 221 250 272 286 269 315 319 340 313 323 314 315 272 290 292 254 221 205 190 172 140 139 136 112 102 80 77 49 56 56 54 41 27 29 23 21 25 18 22 15 11 10 14 7 4 10 7 3 3 6 2 0 2 0 2 3 1 1 1 1 0 2 1 2 0 0 0 0 0 1 0 0 1 0 0 0 0 0 0 0 0 0 0 0 0 0 0 0 0 0 0 0 0 0 0 0 0 0 0 0 0 0 0 0 0 0 0 0 0 0 0 0 0 0 0 
0 0 0 0 0 0 0 14 0 0 1 3 4 4 5 10 17 17 28 29 33 68 71 81 92 126 157 150 207 253 273 240 295 336 352 356 330 320 353 321 309 285 295 266 231 208 217 202 183 160 121 113 119 80 93 85 57 46 52 32 34 35 33 18 13 9 20 10 16 9 9 5 6 7 1 2 3 3 1 6 1 2 1 1 0 0 0 0 1 0 0 1 2 0 0 1 0 0 1 0 0 0 0 0 0 0 0 0 0 0 0 1 0 0 0 0 0 0 0 0 0 0 0 0 0 0 0 0 0 0 0 0 0 0 0 0 0 0 0 0 0 0 0 
0 0 0 0 0 0 0 12 0 0 1 3 4 3 3 4 13 16 25 46 44 63 64 99 100 129 144 173 204 222 249 266 296 325 334 337 377 355 306 306 319 337 279 242 240 231 210 183 134 137 118 141 101 69 79 68 59 51 46 44 31 35 25 22 18 12 14 19 11 13 0 11 7 7 4 5 0 0 1 2 1 0 2 2 2 2 1 1 1 0 0 1 1 1 0 0 0 0 0 0 1 0 0 0 1 0 0 0 0 0 0 0 0 0 0 0 0 0 0 0 0 0 0 0 0 0 0 0 0 0 0 0 0 0 0 0 0 0 0 0 0 0 0 
0 0 0 0 0 0 0 8 0 0 1 2 5 4 4 4 17 21 21 44 59 72 79 93 123 132 165 211 191 264 246 270 314 336 340 320 331 366 341 319 293 293 286 295 247 196 192 172 143 149 120 112 94 95 77 50 63 39 35 32 33 27 24 22 15 17 11 8 10 12 8 5 5 7 7 1 6 4 3 2 0 0 1 0 1 0 0 0 0 0 0 1 0 0 0 0 0 0 0 0 0 0 0 0 0 0 0 0 0 0 0 0 0 0 0 0 0 0 0 0 0 0 0 0 0 0 0 0 0 0 0 0 0 0 0 0 0 0 0 0 0 0 0 
0 0 0 0 0 0 0 11 0 0 0 1 4 4 5 5 19 22 30 26 50 57 105 95 120 152 154 184 190 213 276 284 317 306 348 361 329 322 336 371 327 285 254 273 218 216 188 176 168 145 126 114 89 64 89 83 60 58 53 44 33 31 21 19 17 16 16 19 11 8 8 6 4 4 2 7 3 2 3 7 0 2 1 0 1 0 0 0 0 0 0 0 0 0 0 1 0 0 0 0 0 0 0 0 0 0 0 0 0 0 0 0 0 0 0 0 0 0 0 0 0 0 0 0 0 0 0 0 0 0 0 0 0 0 0 0 0 0 0 0 0 0 0 
0 0 0 0 0 0 0 12 0 0 2 7 1 3 3 7 17 13 22 26 32 52 66 88 94 124 146 160 183 212 260 273 285 295 321 331 326 332 334 356 304 302 295 258 254 224 210 177 161 152 151 126 106 106 110 66 72 65 45 51 38 32 25 23 22 17 14 14 16 16 5 10 3 4 4 7 3 6 5 2 2 2 1 2 0 2 2 0 0 3 0 0 0 0 0 1 0 1 0 0 0 0 0 0 0 0 0 0 0 0 0 0 0 0 0 0 0 0 0 0 0 0 0 0 0 0 0 0 0 0 0 0 0 0 0 0 0 0 0 0 0 0 0 
0 0 0 0 0 0 0 14 0 0 2 3 3 4 7 13 25 25 39 38 56 67 108 120 124 138 178 191 253 232 283 294 291 351 384 330 323 350 315 318 332 303 259 243 206 200 209 155 139 144 143 96 74 74 59 60 46 37 47 29 34 27 18 25 13 12 15 20 13 9 11 6 5 2 4 3 3 0 3 2 1 0 2 2 1 0 0 0 0 2 0 0 0 0 0 0 0 0 0 0 0 0 0 0 0 0 0 0 0 0 0 0 0 0 0 0 0 0 0 0 0 0 0 0 0 0 0 0 0 0 0 0 0 0 0 0 0 0 0 0 0 0 0 
0 0 0 0 0 0 0 9 0 0 2 1 4 5 2 8 11 23 39 30 35 47 69 88 112 137 152 176 223 212 233 287 297 330 409 324 347 355 349 342 330 310 268 299 272 215 246 182 183 156 151 111 107 116 73 65 61 51 50 42 43 35 32 28 15 22 15 18 16 16 7 9 6 2 4 6 11 4 3 2 1 2 1 1 1 0 0 2 2 0 0 0 0 1 0 0 0 0 1 0 0 0 0 0 0 0 0 0 0 0 0 0 0 0 0 0 0 0 0 0 0 0 0 0 0 0 0 0 0 0 0 0 0 0 0 0 0 0 0 0 0 0 0 
0 0 0 0 0 0 0 18 0 0 0 4 4 3 9 14 22 25 30 52 66 84 88 115 126 170 182 228 252 279 251 311 325 379 331 336 361 341 324 296 321 288 277 243 213 205 201 172 163 121 123 80 85 73 66 60 54 45 43 37 32 37 19 23 15 17 12 7 7 7 8 6 6 4 1 5 3 2 2 0 3 2 2 1 0 1 1 0 0 0 0 0 0 0 1 0 0 0 0 0 0 0 0 0 0 1 0 0 0 0 0 0 0 0 0 0 0 0 0 0 0 0 0 0 0 0 0 0 0 0 0 0 0 0 0 0 0 0 0 0 0 0 0 
0 0 0 0 0 0 0 10 0 0 2 4 6 3 6 7 14 24 28 39 54 67 67 92 123 124 152 178 208 225 244 295 299 304 316 330 402 358 320 341 320 253 269 241 266 202 195 198 157 149 134 109 89 77 75 72 61 62 46 35 35 26 23 28 24 15 21 12 13 12 6 7 7 3 6 5 2 3 3 0 2 2 1 1 1 1 1 1 2 0 0 0 0 0 0 0 0 0 0 0 0 0 0 0 1 0 0 0 0 0 0 0 0 0 0 0 0 0 0 0 0 0 0 0 0 0 0 0 0 0 0 0 0 0 0 0 0 0 0 0 0 0 0 
0 0 0 0 0 0 0 10 0 0 2 6 3 4 9 12 18 25 27 36 64 79 88 72 103 133 172 189 218 261 240 304 289 329 336 329 355 372 320 329 268 290 306 249 228 193 193 185 132 149 124 113 111 77 54 67 69 51 37 37 33 32 18 19 23 17 26 16 5 2 11 5 5 6 2 3 2 4 1 3 0 0 1 2 0 3 0 2 2 0 1 0 0 1 1 1 0 0 0 0 0 0 0 0 0 0 0 0 0 0 0 0 0 1 0 0 0 0 0 0 0 0 0 0 0 0 0 0 0 0 0 0 0 0 0 0 0 0 0 0 0 0 0 
0 0 0 0 0 0 0 19 0 0 1 5 9 4 7 9 12 13 20 26 41 49 61 87 87 114 134 164 196 225 248 283 309 330 362 329 344 360 342 347 329 319 283 288 225 237 190 190 150 156 141 101 101 91 79 85 66 53 55 47 36 34 38 35 23 14 15 15 10 7 6 5 7 6 6 4 5 2 2 2 2 1 1 1 0 1 0 0 1 0 1 0 0 0 0 0 1 0 0 0 0 1 0 0 0 0 0 0 0 0 0 0 0 0 0 0 0 0 0 0 0 0 0 0 0 0 0 0 0 0 0 0 0 0 0 0 0 0 0 0 0 0 0 
0 0 0 0 0 0 0 12 0 0 1 6 3 4 5 9 17 23 26 37 34 44 68 90 121 134 148 182 214 199 271 284 315 318 325 324 346 359 350 329 333 291 289 274 237 221 198 188 164 138 115 98 95 109 76 65 67 54 48 37 24 33 25 16 18 8 14 14 11 8 6 4 3 7 5 4 1 3 3 1 2 2 0 6 1 1 3 0 2 0 0 1 0 0 0 0 0 1 0 0 0 0 0 0 0 0 1 0 0 0 0 0 0 0 0 0 0 0 0 0 0 0 0 0 0 0 0 0 0 0 0 0 0 0 0 0 0 0 0 0 0 0 0 
0 0 0 0 0 0 0 8 0 0 0 5 6 3 7 24 24 47 40 40 53 88 103 108 140 139 205 217 224 223 279 304 321 289 311 333 341 347 355 315 331 294 278 222 217 186 183 154 160 129 122 101 81 74 71 61 57 38 45 37 35 23 23 19 23 17 9 13 16 9 6 6 5 9 5 3 3 2 1 0 3 0 2 2 1 2 0 0 0 0 0 0 0 0 0 1 0 0 0 0 0 0 0 0 0 1 0 0 0 0 0 0 0 0 0 0 0 0 0 0 0 0 0 0 0 0 0 0 0 0 0 0 0 0 0 0 0 0 0 0 0 0 0 
0 0 0 0 0 0 0 15 0 0 0 4 5 4 6 8 16 17 24 23 40 49 65 79 101 116 147 140 166 201 248 250 312 320 302 317 360 346 345 345 330 320 317 267 279 219 225 183 174 163 153 132 115 110 92 78 50 63 43 55 30 25 40 26 26 15 20 9 11 12 9 8 2 4 3 3 4 4 4 2 3 1 0 1 1 1 0 1 0 1 0 1 0 2 0 1 1 0 0 0 0 0 0 1 0 0 0 0 0 0 0 0 0 0 0 0 0 0 0 0 0 0 0 0 0 0 0 0 0 0 0 0 0 0 0 0 0 0 0 0 0 0 0 
0 0 0 0 0 0 0 23 0 0 3 2 4 4 8 12 18 30 25 45 71 82 101 123 118 144 162 180 244 232 262 279 311 330 337 353 367 322 359 340 307 273 255 235 221 196 192 174 142 151 132 100 86 74 76 56 55 50 44 41 44 26 20 17 20 16 11 13 15 11 8 5 4 9 7 6 1 5 2 3 0 2 0 0 0 1 1 0 2 0 0 0 2 0 0 0 0 0 0 1 0 0 0 0 0 0 0 0 0 0 0 0 1 0 0 0 0 0 0 0 0 0 0 0 0 0 0 0 0 0 0 0 0 0 0 0 0 0 0 0 0 0 0 
0 0 0 0 0 0 0 16 0 0 2 3 5 6 14 12 17 33 45 52 72 69 94 112 130 184 202 218 253 303 288 311 298 342 382 338 353 355 314 306 273 281 255 242 218 172 140 178 145 109 117 94 97 74 49 64 45 47 35 32 26 22 29 14 18 7 14 10 7 6 6 6 4 9 3 2 4 4 2 2 5 3 1 0 0 0 1 0 1 1 0 0 0 0 1 0 0 0 0 0 0 1 0 0 0 0 0 0 0 0 0 0 0 0 0 0 0 0 0 0 0 0 0 0 0 0 0 0 0 0 0 0 0 0 0 0 0 0 0 0 0 0 0 
0 0 0 0 0 0 0 8 0 0 2 0 1 4 4 10 20 23 34 31 52 66 86 85 130 130 162 174 203 217 268 286 316 303 316 378 320 336 346 315 330 309 271 267 240 225 186 172 167 134 106 130 98 88 75 77 55 62 60 33 41 34 21 33 14 20 18 10 17 12 5 7 13 5 7 9 2 3 3 3 1 2 4 3 3 4 2 2 0 0 0 0 0 0 0 0 0 0 0 0 0 0 0 0 0 0 0 0 0 0 0 0 0 0 0 0 0 0 0 0 0 0 0 0 0 0 0 0 0 0 0 0 0 0 0 0 0 0 0 0 0 0 0 
0 0 0 0 0 0 0 7 0 0 0 7 6 6 7 7 12 22 21 20 44 51 81 95 106 119 167 157 219 237 255 251 317 292 351 335 347 366 334 336 348 288 271 280 241 213 227 189 184 153 138 138 97 87 99 70 65 43 61 36 33 32 31 25 20 20 14 11 9 8 6 10 5 9 6 6 2 1 3 6 1 3 2 4 0 0 1 1 2 0 0 1 1 0 0 0 0 0 0 0 0 0 0 0 0 0 0 1 0 0 0 0 0 0 0 0 0 0 0 0 0 0 0 0 0 0 0 0 0 0 0 0 0 0 0 0 0 0 0 0 0 0 0 
0 0 0 0 0 0 0 7 0 0 2 0 6 4 0 10 9 22 27 36 42 39 72 102 110 126 144 169 207 235 270 279 287 349 291 337 404 357 320 313 293 273 305 267 214 198 173 190 164 125 121 116 99 72 69 69 57 57 46 43 35 25 29 19 14 10 9 11 14 10 8 9 7 9 6 3 0 2 1 0 4 4 1 2 0 1 0 2 1 2 0 0 0 0 0 0 0 0 0 0 0 0 0 0 0 0 0 0 0 0 1 1 0 0 0 0 0 0 0 0 0 0 0 0 0 0 0 0 0 0 0 0 0 0 0 0 0 0 0 0 0 0 0 
0 0 0 0 0 0 0 11 0 0 3 5 6 5 7 11 15 28 29 36 52 78 64 76 102 113 150 148 163 190 267 256 303 309 301 351 353 345 372 297 345 324 277 252 277 203 202 195 213 133 131 120 100 96 91 76 62 42 40 46 39 23 37 23 15 10 16 12 13 13 13 7 7 3 7 4 4 3 0 4 0 1 1 0 1 2 1 2 2 0 0 0 0 1 1 0 0 0 0 0 0 0 0 0 1 0 0 0 0 0 0 0 0 0 0 0 1 1 0 0 0 0 0 0 0 0 0 0 0 0 0 0 0 0 0 0 0 0 0 0 0 0 0 
0 0 0 0 0 0 0 15 0 0 0 6 11 5 2 8 11 24 20 44 48 57 62 80 92 124 146 174 178 212 252 269 313 333 330 325 355 360 315 327 334 293 287 269 252 203 233 177 174 145 116 119 108 81 79 80 59 53 47 37 32 36 29 29 32 25 11 12 10 9 13 5 11 4 3 4 2 3 4 5 2 1 3 2 0 0 1 0 1 1 1 1 0 1 0 1 0 0 0 0 0 0 0 0 0 0 0 0 0 0 0 0 0 0 0 0 0 0 0 0 0 0 0 0 0 0 0 0 0 0 0 0 0 0 0 0 0 0 0 0 0 0 0 
0 0 0 0 0 0 0 11 0 0 2 3 3 6 11 12 29 25 26 52 51 52 64 108 111 123 161 180 198 226 238 294 267 297 351 341 349 332 321 344 331 311 286 248 235 184 209 178 156 111 123 101 88 80 76 66 49 53 46 27 32 32 27 20 19 20 17 21 13 7 7 7 5 7 4 5 3 2 3 0 1 3 2 1 0 0 2 1 0 0 0 0 0 0 0 0 0 0 0 0 0 0 0 0 0 0 0 0 0 0 0 1 0 0 0 0 0 0 0 0 0 0 0 0 0 0 0 0 0 0 0 0 0 0 0 0 0 0 0 0 0 0 0 
0 0 0 0 0 0 0 12 0 0 0 5 4 9 4 14 25 26 45 26 64 86 99 107 126 167 170 212 211 264 264 305 278 313 341 329 347 328 330 301 298 288 284 220 241 236 191 175 146 127 116 117 91 94 65 60 59 50 30 35 30 27 25 16 15 12 15 13 7 5 4 10 6 0 8 0 1 1 4 2 2 1 2 2 2 0 1 1 0 1 0 0 2 0 0 0 0 1 0 0 1 0 0 2 0 0 0 0 0 0 0 0 0 0 0 0 0 0 0 0 0 0 0 0 0 0 0 0 0 0 0 0 0 0 0 0 0 0 0 0 0 0 0 
0 0 0 0 0 0 0 9 0 0 5 3 8 8 5 8 11 13 21 27 42 63 72 91 110 142 112 179 199 231 228 256 278 316 348 352 331 356 337 357 333 310 293 272 257 248 202 209 158 174 133 133 134 90 65 76 55 50 54 45 33 32 32 17 20 17 18 14 16 9 8 4 5 5 7 5 3 3 4 3 2 2 3 1 0 0 0 0 0 0 0 1 0 0 0 1 0 0 0 0 0 0 0 0 0 0 0 0 0 0 0 0 0 0 0 0 0 0 0 0 0 0 0 0 0 0 0 0 0 0 0 0 0 0 0 0 0 0 0 0 0 0 0 
0 0 0 0 0 0 0 11 0 0 2 1 6 3 6 5 25 29 34 38 43 59 78 105 133 153 180 208 229 240 264 291 332 312 336 296 332 351 291 348 301 277 269 236 221 201 187 169 155 124 105 101 77 70 72 50 51 50 40 42 33 35 22 31 12 22 7 11 16 13 7 6 2 3 7 13 4 2 4 2 3 0 1 2 1 1 0 1 0 1 0 0 0 0 0 1 0 1 0 0 0 0 0 0 0 0 0 0 0 0 0 0 0 0 0 0 0 0 0 0 0 0 0 0 0 0 0 0 0 0 0 0 0 0 0 0 0 0 0 0 0 0 0 
0 0 0 0 0 0 0 9 0 0 0 3 4 5 6 11 9 18 23 31 44 60 65 75 117 137 154 196 187 239 242 265 290 281 328 340 333 343 358 290 318 292 273 265 246 214 223 174 166 157 111 121 102 104 78 74 66 60 50 42 33 29 23 27 27 24 14 11 12 16 7 6 8 3 3 4 1 4 3 2 2 1 2 2 0 2 1 0 0 0 0 0 0 2 0 1 1 0 0 0 0 0 0 0 0 0 0 0 0 0 0 0 0 0 0 0 0 0 0 0 0 0 0 0 0 0 0 0 0 0 0 0 0 0 0 0 0 0 0 0 0 0 0 
0 0 0 0 0 0 0 12 0 0 0 1 6 1 7 8 14 19 37 45 57 67 85 104 113 163 166 171 217 247 261 270 295 316 338 350 327 346 334 319 281 301 274 246 241 226 195 166 141 126 118 117 89 86 62 62 52 37 55 46 27 28 26 24 13 18 13 6 10 11 6 5 4 4 7 2 4 5 3 0 1 1 0 0 2 1 3 1 0 0 1 0 0 0 0 2 0 0 0 0 0 0 1 0 0 0 0 1 0 0 0 0 0 0 0 0 2 0 0 0 0 0 0 0 0 0 0 0 0 0 0 0 0 0 0 0 0 0 0 0 0 0 0 
0 0 0 0 0 0 0 10 0 0 3 1 3 2 5 6 11 20 21 25 31 37 47 79 102 104 123 149 193 202 232 250 277 289 307 311 346 353 342 352 338 309 316 264 282 241 218 211 199 148 138 128 111 100 86 70 64 53 46 49 39 29 34 31 23 23 11 13 11 14 9 7 12 4 4 5 8 3 2 1 0 1 0 0 2 2 0 1 0 0 0 1 2 0 1 1 1 0 0 0 1 0 0 0 0 0 0 0 0 0 0 0 0 0 0 0 0 0 0 0 0 0 0 0 0 0 0 0 0 0 0 0 0 0 0 0 0 0 0 0 0 0 0 
0 0 0 0 0 0 0 8 0 0 2 5 5 4 8 8 12 17 29 30 37 56 62 86 103 116 158 184 177 234 233 265 277 316 318 329 340 383 352 315 312 288 280 272 247 227 207 196 161 134 124 137 85 88 80 61 60 59 41 44 46 36 21 26 26 16 12 15 9 10 7 9 8 4 3 7 1 2 2 1 0 1 1 0 1 2 0 1 2 0 0 0 0 0 1 0 0 0 0 0 0 1 1 0 0 0 0 0 0 0 0 0 0 0 0 0 0 0 0 0 0 0 0 0 0 0 0 0 0 0 0 0 0 0 0 0 0 0 0 0 0 0 0 
0 0 0 0 0 0 0 15 0 0 1 1 8 7 7 5 9 8 18 26 16 38 63 46 82 92 112 154 158 180 222 244 281 300 298 320 321 333 379 320 349 355 327 266 293 228 225 218 180 186 147 153 147 91 107 83 88 75 64 62 48 35 26 24 23 16 28 19 16 16 7 10 6 6 8 5 4 4 7 2 2 1 1 0 3 2 0 0 1 0 0 0 0 0 0 1 1 0 0 1 0 0 0 0 0 0 0 0 0 0 0 0 0 0 0 0 0 0 0 0 0 0 0 0 0 0 0 0 0 0 0 0 0 0 0 0 0 0 0 0 0 0 0 
0 0 0 0 0 0 0 14 0 0 0 2 3 5 11 14 20 24 27 42 52 77 106 113 102 145 183 230 251 253 275 310 338 292 352 347 382 320 318 287 296 286 251 256 245 195 159 176 164 146 120 114 79 82 58 64 39 33 50 29 31 28 29 18 14 23 12 11 8 4 6 8 5 5 5 4 5 1 0 3 4 1 2 0 1 0 0 0 0 1 0 0 0 1 0 1 0 0 0 0 0 0 0 0 0 0 0 0 0 0 0 0 0 0 0 0 0 0 0 0 0 0 0 0 0 0 0 0 0 0 0 0 0 0 0 0 0 0 0 0 0 0 0 
0 0 0 0 0 0 0 12 0 0 0 4 2 3 8 14 16 17 19 33 56 48 68 79 93 141 162 191 190 209 254 303 329 342 334 372 344 322 324 341 285 296 286 275 261 256 224 168 147 155 126 100 95 95 77 68 55 32 34 32 38 36 28 23 16 22 10 10 8 13 9 10 5 4 6 2 5 4 3 2 2 1 2 1 2 1 2 0 0 0 0 1 0 0 0 0 0 0 0 0 0 0 0 0 0 0 0 0 0 0 0 0 0 0 0 0 0 0 0 0 0 0 0 0 0 0 0 0 0 0 0 0 0 0 0 0 0 0 0 0 0 0 0 
0 0 0 0 0 0 0 11 0 0 0 4 4 4 8 11 32 23 34 36 45 73 83 101 137 144 175 190 218 269 260 310 325 307 338 352 325 334 338 317 308 298 294 247 226 189 205 178 147 137 103 107 89 81 88 56 61 55 30 34 38 29 25 20 12 12 11 11 10 10 4 5 6 3 5 1 4 9 5 2 3 1 0 1 0 0 2 0 1 1 0 0 0 0 0 0 0 0 0 0 0 1 0 0 0 0 0 0 0 0 0 0 0 0 0 0 0 0 0 0 0 0 0 0 0 0 0 0 0 0 0 0 0 0 0 0 0 0 0 0 0 0 0 
0 0 0 0 0 0 0 10 0 0 0 3 8 5 5 16 13 23 28 36 48 70 74 101 125 137 180 196 181 229 285 259 294 346 312 322 367 311 337 297 285 296 295 239 239 194 205 181 148 142 133 108 97 84 73 64 67 52 40 35 30 40 23 21 19 16 12 15 8 9 8 5 0 7 5 3 6 1 2 2 0 2 1 0 0 1 1 0 0 1 0 1 1 0 0 0 1 0 0 0 0 0 0 0 0 0 1 0 0 0 0 0 0 0 0 0 0 0 0 0 0 0 0 0 0 0 0 0 0 0 0 0 0 0 0 0 0 0 0 0 0 0 0 
0 0 0 0 0 0 0 11 0 0 0 3 9 3 10 11 20 32 40 28 35 65 62 103 128 137 171 192 222 234 268 289 319 330 345 333 383 339 320 313 298 284 280 239 230 215 217 189 138 151 130 130 104 76 73 52 46 56 39 49 22 20 27 21 17 12 20 13 11 6 8 11 7 2 1 2 7 3 1 0 1 1 1 0 0 0 0 0 1 1 2 2 0 0 0 0 0 0 0 0 0 0 0 0 0 0 0 0 0 0 0 0 0 0 0 0 0 0 0 0 0 0 0 0 0 0 0 0 0 0 0 0 0 0 0 0 0 0 0 0 0 0 0 
0 0 0 0 0 0 0 18 0 0 1 3 3 8 4 11 17 33 30 36 42 58 77 79 106 122 166 168 213 237 251 310 291 330 298 325 337 344 359 289 334 323 284 228 223 231 204 171 156 156 130 107 100 80 73 76 58 60 45 38 38 30 15 19 27 13 16 18 12 7 10 11 6 2 0 5 2 1 4 4 3 1 3 2 0 1 1 0 0 0 1 0 0 0 1 0 0 0 0 0 0 0 0 0 0 0 0 0 0 0 0 0 0 0 0 0 0 0 0 0 0 0 0 0 0 0 0 0 0 0 0 0 0 0 0 0 0 0 0 0 0 0 0 
0 0 0 0 0 0 0 11 0 0 3 1 2 3 8 8 6 16 13 21 36 31 61 85 75 111 120 167 169 209 218 254 290 297 317 320 340 333 324 324 307 308 298 285 256 221 216 201 184 133 154 125 118 106 86 75 65 54 53 51 38 38 37 13 27 22 20 12 13 12 7 9 5 9 4 9 5 3 1 8 5 3 1 0 3 2 2 2 1 1 1 0 0 0 0 0 0 0 0 0 0 0 0 0 0 0 0 0 0 0 0 0 0 0 0 0 0 0 0 0 0 0 0 0 0 0 0 0 0 0 0 0 0 0 0 0 0 0 0 0 0 0 0 
0 0 0 0 0 0 0 9 0 0 0 5 5 7 6 12 12 22 22 31 43 63 78 74 99 116 154 186 203 220 232 302 334 313 320 321 335 325 355 315 299 317 285 238 254 215 192 195 144 132 132 115 102 85 66 67 58 51 44 30 32 28 17 20 20 14 10 15 15 10 5 6 10 4 4 3 2 3 0 1 1 1 1 2 1 2 0 0 0 1 0 0 1 0 0 0 0 0 0 0 1 0 0 0 0 0 0 0 0 0 0 0 0 0 0 0 0 0 0 0 0 0 0 0 0 0 0 0 0 0 0 0 0 0 0 0 0 0 0 0 0 0 0 
0 0 0 0 0 0 0 14 0 0 1 4 6 4 3 7 18 19 32 40 56 58 64 94 115 134 160 208 212 226 242 270 292 333 291 329 320 337 338 329 307 292 238 269 249 220 217 210 160 128 129 112 91 92 79 71 60 47 43 41 41 26 26 26 23 23 17 14 13 9 10 3 4 6 5 7 4 1 4 4 5 0 4 0 2 0 1 2 2 1 1 0 1 0 2 1 0 2 0 0 0 0 0 0 0 0 0 0 0 0 0 0 0 0 0 0 0 0 0 0 0 0 0 0 0 0 0 0 0 0 0 0 0 0 0 0 0 0 0 0 0 0 0 
0 0 0 0 0 0 0 12 0 0 1 2 9 3 8 17 18 24 24 35 49 71 73 110 149 138 163 202 222 224 256 288 306 335 397 312 329 333 325 314 312 319 272 246 238 216 190 186 143 137 116 96 102 95 98 62 45 47 38 42 27 18 28 19 11 14 14 15 11 5 7 7 2 6 5 4 6 2 7 3 3 1 1 1 1 0 1 0 0 0 1 0 1 0 0 0 1 0 0 0 0 0 2 0 0 0 0 0 0 0 0 0 0 0 0 0 0 0 0 1 0 0 0 0 0 0 0 0 0 0 0 0 0 0 0 0 0 0 0 0 0 0 0 
0 0 0 0 0 0 0 7 0 0 3 4 6 9 5 6 11 25 32 27 67 69 107 94 124 151 171 186 234 230 288 287 307 331 352 333 321 380 344 318 316 253 274 232 226 179 189 156 152 115 105 88 89 77 78 75 55 48 42 32 32 19 19 23 16 9 13 7 10 13 4 4 6 4 1 3 1 1 4 3 4 2 0 1 1 1 2 0 0 0 1 0 0 0 2 0 0 0 0 0 1 0 0 0 0 0 0 0 0 0 0 0 0 0 0 0 0 0 0 0 0 0 0 0 0 0 0 0 0 0 0 0 0 0 0 0 0 0 0 0 0 0 0 
0 0 0 0 0 0 0 13 0 0 1 5 3 4 15 8 12 18 29 42 47 70 84 84 128 121 196 200 209 261 301 285 314 319 322 324 369 358 358 307 304 275 261 266 212 210 192 156 136 125 130 124 105 72 52 65 70 47 43 35 29 37 22 24 18 19 12 11 9 10 4 6 4 1 6 5 4 0 1 1 4 1 1 3 0 0 2 0 1 0 0 0 0 0 1 0 0 1 0 0 0 0 0 0 0 0 0 0 0 0 0 0 0 0 0 0 0 0 0 0 0 0 0 0 0 0 0 0 0 0 0 0 0 0 0 0 0 0 0 0 0 0 0 
0 0 0 0 0 0 0 10 0 0 1 6 5 4 8 21 31 34 33 37 66 86 95 115 130 175 166 212 233 251 270 298 343 330 334 363 362 323 297 335 297 298 250 255 210 219 193 180 126 106 113 106 87 74 62 55 53 57 39 23 15 29 20 26 23 12 7 13 6 7 6 7 3 4 5 7 6 3 1 3 1 2 3 0 3 0 0 0 1 0 0 1 0 1 0 0 0 0 1 0 1 0 0 0 0 0 0 0 0 0 0 0 0 0 0 0 0 0 0 0 0 0 0 0 0 0 0 0 0 0 0 0 0 0 0 0 0 0 0 0 0 0 0 
0 0 0 0 0 0 0 15 0 0 2 4 5 7 8 8 12 14 26 33 48 58 71 71 106 122 163 188 179 207 261 281 295 285 333 325 325 357 353 326 333 306 297 264 238 242 199 189 165 148 138 129 102 96 85 80 68 46 47 42 27 29 34 24 13 16 20 13 15 13 14 6 9 7 5 2 4 2 4 2 1 0 1 1 1 0 0 0 1 0 0 0 0 0 0 0 0 1 0 0 0 0 0 0 0 0 0 0 0 0 0 0 0 0 0 0 0 0 0 0 0 0 0 0 0 0 0 0 0 0 0 0 0 0 0 0 0 0 0 0 0 0 0 
0 0 0 0 0 0 0 16 0 0 1 3 5 3 12 16 23 34 34 51 60 73 111 124 160 164 176 219 239 276 315 312 341 332 352 333 329 340 308 281 276 260 248 235 195 168 166 148 145 115 105 100 85 67 58 50 54 41 28 35 19 19 17 12 14 20 14 9 9 6 8 5 10 2 4 2 3 4 0 1 0 1 3 2 0 1 1 0 1 1 0 0 0 0 0 0 0 0 0 0 0 0 0 0 0 0 0 0 0 0 0 0 0 0 0 0 0 0 0 0 0 0 0 0 0 0 0 0 0 0 0 0 0 0 0 0 0 0 0 0 0 0 0 
0 0 0 0 0 0 0 7 0 0 0 2 11 5 4 3 9 23 28 42 58 62 74 118 95 129 155 181 219 235 216 315 288 281 301 352 343 318 333 374 344 303 306 252 261 226 223 211 182 151 112 127 108 88 66 52 60 58 43 26 20 23 23 29 27 15 14 13 11 10 4 4 5 6 3 2 3 2 2 4 3 2 1 1 1 0 1 1 2 2 0 0 0 4 0 0 0 0 0 0 0 0 0 0 0 0 0 0 0 0 0 0 0 0 0 0 0 0 0 0 0 0 0 0 0 0 0 0 0 0 0 0 0 0 0 0 0 0 0 0 0 0 0 
0 0 0 0 0 0 0 17 0 0 1 6 6 2 5 11 31 31 37 43 60 61 76 99 130 156 155 196 217 245 275 268 292 324 345 382 334 297 352 311 345 296 291 262 233 177 202 167 161 144 121 117 84 89 63 55 49 57 33 34 26 20 21 24 18 16 16 11 6 6 12 9 1 2 2 3 4 1 2 2 0 0 1 1 1 1 0 0 2 2 0 0 0 0 1 1 0 0 0 0 0 0 0 0 0 0 0 0 0 0 0 0 0 0 0 0 0 0 0 0 0 0 0 0 0 0 0 0 0 0 0 0 0 0 0 0 0 0 0 0 0 0 0 
0 0 0 0 0 0 0 13 0 0 1 4 5 7 7 12 20 21 30 32 45 75 79 88 92 129 145 184 237 225 252 310 309 299 358 366 355 341 341 313 333 339 277 252 270 214 195 167 176 139 132 101 100 86 81 60 51 49 29 33 35 29 22 21 12 13 13 19 11 7 8 7 5 7 4 3 7 3 0 4 0 2 1 2 0 0 2 1 0 0 0 0 0 0 0 0 0 1 0 0 0 0 0 0 0 0 0 0 0 0 0 1 0 0 0 0 0 0 0 0 0 0 0 0 0 0 0 0 0 0 0 0 0 0 0 0 0 0 0 0 0 0 0 
0 0 0 0 0 0 0 15 0 0 1 4 6 3 4 9 12 16 15 30 33 47 67 74 103 97 125 139 212 200 230 271 295 325 324 297 333 312 363 341 331 314 325 275 286 243 236 200 151 144 164 128 132 94 79 66 60 61 59 45 43 34 28 22 14 22 13 20 13 11 5 9 12 1 5 3 7 2 1 3 1 3 0 2 2 1 1 0 0 0 0 0 0 0 2 0 0 0 0 0 0 0 0 0 0 0 0 0 0 0 0 0 0 0 0 0 0 0 0 0 0 0 0 0 0 0 0 0 0 0 0 0 0 0 0 0 0 0 0 0 0 0 0 
0 0 0 0 0 0 0 15 0 0 1 6 2 5 5 8 19 22 26 46 48 78 81 92 97 160 169 201 208 233 280 336 310 321 324 348 341 360 369 339 292 316 285 250 227 188 187 138 168 114 121 107 92 77 79 69 75 44 56 46 35 24 29 17 17 15 8 10 7 8 11 7 2 2 5 2 3 1 4 2 1 2 2 1 1 1 0 0 0 2 0 0 1 0 2 0 0 0 0 0 0 1 0 0 0 0 0 0 0 0 0 0 0 0 0 0 0 0 0 0 0 0 0 0 0 0 0 0 0 0 0 0 0 0 0 0 0 0 0 0 0 0 0 
0 0 0 0 0 0 0 12 0 0 2 2 6 4 2 5 8 14 24 18 29 33 46 67 72 105 132 144 151 209 210 243 262 254 300 320 309 359 333 324 327 332 329 287 261 294 255 232 201 182 160 159 150 111 95 87 85 62 59 61 33 45 34 26 25 22 13 22 12 12 4 7 14 8 5 5 5 4 2 4 4 1 2 1 0 2 1 1 1 0 1 0 0 0 0 0 2 0 0 0 0 0 0 0 0 0 0 0 0 0 1 0 0 0 0 0 0 0 0 0 0 0 0 0 0 0 0 0 0 0 0 0 0 0 0 0 0 0 0 0 0 0 0 
0 0 0 0 0 0 0 7 0 0 0 5 2 3 6 8 13 17 37 31 31 54 65 101 118 126 159 182 203 218 239 298 308 318 312 346 363 326 337 340 321 281 289 226 261 197 196 189 167 126 129 125 81 100 85 57 64 55 46 34 34 18 25 22 18 18 11 13 9 16 12 10 4 3 4 3 4 4 1 0 0 2 2 0 0 1 0 1 0 0 1 0 0 0 0 1 0 0 0 0 0 0 0 0 0 0 0 0 0 0 0 0 0 0 0 0 0 0 0 0 0 0 0 0 0 0 0 0 0 0 0 0 0 0 0 0 0 0 0 0 0 0 0 
0 0 0 0 0 0 0 3 0 0 3 4 7 8 4 10 15 20 35 32 38 44 85 103 114 108 152 158 223 239 279 308 299 319 335 334 366 353 320 300 303 310 273 266 268 207 206 163 174 131 112 120 73 81 78 72 60 50 32 36 34 23 27 22 13 21 13 6 9 9 9 10 11 3 6 3 1 4 6 1 3 1 1 2 0 2 0 1 1 0 0 1 0 0 0 0 0 0 1 0 0 0 0 0 0 0 0 1 0 0 0 0 0 0 0 0 0 0 0 0 0 0 0 0 0 0 0 0 0 0 0 0 0 0 0 0 0 0 0 0 0 0 0 
0 0 0 0 0 0 0 9 0 0 1 3 4 5 7 7 17 17 30 42 45 64 91 100 114 144 149 172 191 215 250 301 278 289 314 367 331 340 350 339 308 298 294 267 239 223 177 195 158 141 133 87 102 70 85 62 58 45 54 34 34 18 21 17 23 13 10 13 7 10 5 4 6 8 6 3 4 5 5 3 2 1 1 1 0 0 0 0 0 1 2 0 0 0 1 0 0 0 0 0 1 0 0 0 0 0 0 0 0 0 0 0 0 0 0 0 0 0 0 0 0 0 0 0 0 0 0 0 0 0 0 0 0 0 0 0 0 0 0 0 0 0 0 
0 0 0 0 0 0 0 12 0 0 0 2 6 4 9 12 20 20 33 27 37 59 57 83 92 103 167 169 177 200 257 302 298 308 322 350 287 368 360 363 317 312 289 297 246 233 218 183 174 133 146 135 113 105 80 63 59 52 45 43 30 32 20 19 17 22 19 11 10 6 14 9 4 0 6 2 2 0 5 2 4 0 2 1 4 0 1 0 0 3 0 1 1 0 0 0 0 1 0 0 0 0 0 0 0 0 0 0 0 0 0 0 0 0 0 0 0 0 0 0 0 0 0 0 0 0 0 0 0 0 0 0 0 0 0 0 0 0 0 0 0 0 0 
0 0 0 0 0 0 0 12 0 0 1 2 6 6 2 4 21 15 19 26 30 46 51 73 110 127 125 184 179 212 242 274 273 300 343 328 335 370 320 347 310 304 258 273 246 254 192 186 172 169 137 145 114 115 91 65 82 58 50 37 48 36 39 30 23 27 22 11 12 15 15 13 10 8 5 6 2 1 4 5 1 2 0 1 3 1 2 1 3 0 1 1 0 0 0 1 0 0 0 0 0 0 0 0 0 0 0 0 0 0 0 0 0 0 0 0 0 0 0 0 0 0 0 0 0 0 0 0 0 0 0 0 0 0 0 0 0 0 0 0 0 0 0 
0 0 0 0 0 0 0 13 0 0 1 3 5 7 4 13 21 37 42 57 52 87 118 122 125 160 178 197 196 243 268 282 290 330 328 366 373 356 343 330 313 299 247 231 233 206 196 162 131 127 112 90 91 63 63 76 45 44 39 33 29 33 19 27 22 13 15 15 13 6 5 9 8 1 1 5 3 1 1 6 2 2 0 1 3 1 3 3 0 0 0 1 0 0 0 0 0 1 0 1 0 0 0 1 0 0 0 0 0 1 0 0 0 0 0 0 0 0 0 0 0 0 0 0 0 0 0 0 0 0 0 0 0 0 0 0 0 0 0 0 0 0 0 
0 0 0 0 0 0 0 19 0 0 2 4 8 3 7 15 19 19 41 38 50 49 76 110 136 126 163 185 228 251 280 274 317 310 343 320 344 337 333 311 289 283 264 223 216 222 192 177 155 127 128 106 108 98 61 48 47 42 38 33 26 26 19 25 20 17 10 14 6 5 7 7 4 5 6 4 5 2 3 0 1 3 1 1 1 1 0 0 4 0 0 0 0 1 0 0 0 0 0 0 0 0 0 0 0 0 0 0 0 0 0 0 0 0 0 0 0 0 0 0 0 0 0 0 0 0 0 0 0 0 0 0 0 0 0 0 0 0 0 0 0 0 0 
0 0 0 0 0 0 0 16 0 0 2 3 4 4 2 10 18 29 31 32 44 53 67 90 116 139 187 207 199 248 239 282 328 316 333 333 360 351 321 357 288 275 270 225 280 220 194 165 152 142 111 108 84 68 91 67 54 51 46 40 33 24 17 28 19 20 16 17 8 12 7 5 11 4 2 4 3 1 2 1 2 3 0 3 0 4 2 0 1 1 1 2 0 0 0 0 1 0 0 0 0 0 0 0 0 0 0 0 0 0 0 0 0 0 0 0 0 0 0 0 0 0 0 0 0 0 0 0 0 0 0 0 0 0 0 0 0 0 0 0 0 0 0 
0 0 0 0 0 0 0 13 0 0 1 3 6 3 4 14 13 15 25 37 49 64 84 98 114 136 131 212 224 306 248 289 344 341 320 333 320 346 343 331 310 280 267 234 233 203 189 182 165 135 112 113 81 93 54 68 51 43 43 40 23 38 16 23 15 12 13 12 8 9 8 9 6 4 1 3 2 5 7 6 1 2 2 1 1 1 2 0 0 2 0 0 0 1 0 0 0 0 0 1 0 0 0 0 0 0 0 0 0 0 0 0 0 0 0 0 0 0 0 0 0 0 0 0 0 0 0 0 0 0 0 0 0 0 0 0 0 0 0 0 0 0 0 
0 0 0 0 0 0 0 11 0 0 3 2 3 6 8 8 12 16 20 40 32 61 90 87 93 114 140 181 189 223 270 259 298 323 322 322 331 340 335 325 318 316 307 283 269 210 207 163 150 143 149 129 110 94 78 73 63 63 50 34 39 28 32 33 19 14 13 8 12 8 7 11 14 3 4 3 5 2 1 4 10 0 0 0 2 0 0 0 1 0 0 1 1 0 0 0 0 0 0 0 0 0 0 0 0 0 0 0 0 0 0 0 0 0 0 0 0 0 0 0 0 0 0 0 0 0 0 0 0 0 0 0 0 0 0 0 0 0 0 0 0 0 0 
0 0 0 0 0 0 0 10 0 0 1 2 4 6 8 10 18 31 32 35 45 67 85 103 89 129 165 182 198 268 259 309 305 312 340 358 368 327 349 332 299 317 289 254 230 193 191 168 148 162 126 99 85 106 75 63 71 53 42 34 32 27 21 15 17 24 16 8 11 11 10 5 5 10 4 2 2 4 2 4 3 2 1 2 1 2 1 1 0 0 0 0 0 0 0 0 0 1 0 0 0 0 1 0 0 0 0 0 0 0 0 0 0 0 0 0 0 0 0 0 0 0 0 0 0 0 0 0 0 0 0 0 0 0 0 0 0 0 0 0 0 0 0 
0 0 0 0 0 0 0 13 0 0 1 4 5 5 5 17 16 30 28 29 64 64 52 90 122 128 155 202 214 239 270 288 282 319 366 345 400 358 336 315 319 333 297 245 258 204 202 177 158 145 137 135 100 92 72 68 55 54 42 38 30 29 17 24 19 13 12 12 6 8 6 7 7 1 6 3 2 1 1 1 3 0 1 0 0 0 1 0 1 0 1 1 1 0 0 0 0 0 0 0 0 0 0 0 0 0 0 0 0 0 0 0 0 0 0 0 0 0 0 0 0 0 0 0 0 0 0 0 0 0 0 0 0 0 0 0 0 0 0 0 0 0 0 
0 0 0 0 0 0 0 14 0 0 1 5 6 1 4 10 20 22 37 32 58 69 79 102 129 145 181 175 228 245 237 297 307 355 324 315 372 362 324 321 326 266 244 247 243 226 199 161 143 131 128 95 85 87 80 62 58 51 40 29 37 29 23 23 15 16 20 7 10 15 7 6 2 6 4 4 3 2 3 1 3 2 1 2 0 2 2 0 0 1 0 0 1 0 0 1 1 0 0 0 0 0 0 0 0 0 0 0 0 0 0 0 0 0 0 0 0 0 0 0 0 0 0 0 0 0 0 0 0 0 0 0 0 0 0 0 0 0 0 0 0 0 0 
0 0 0 0 0 0 0 12 0 0 3 3 4 4 16 16 28 42 34 43 48 78 92 124 153 151 162 189 254 290 252 267 320 350 343 339 360 330 339 309 291 269 252 233 210 202 171 175 152 113 105 103 103 82 65 72 48 35 42 38 25 29 27 18 18 13 11 9 6 8 4 7 1 4 1 1 2 5 4 0 2 0 2 1 0 0 0 1 0 1 0 0 0 0 0 1 0 0 0 0 0 0 0 0 0 0 0 0 0 0 0 0 0 0 0 0 0 0 0 0 0 0 0 0 0 0 0 0 0 0 0 0 0 0 0 0 0 0 0 0 0 0 0 
0 0 0 0 0 0 0 13 0 0 0 4 6 4 1 11 22 29 28 35 48 52 96 93 114 125 162 190 233 248 278 318 295 338 341 312 363 358 338 316 288 301 278 252 272 196 196 185 154 139 118 116 89 87 90 69 58 52 37 45 33 30 28 10 16 19 16 8 9 7 11 9 4 5 5 2 6 5 2 2 0 4 0 1 0 1 1 0 0 1 0 0 1 2 0 0 0 0 1 1 0 0 0 0 0 1 0 0 0 0 0 0 0 0 0 0 0 0 0 0 0 0 0 0 0 0 0 0 0 0 0 0 0 0 0 0 0 0 0 0 0 0 0 
0 0 0 0 0 0 0 15 0 0 0 9 1 15 5 5 16 27 36 30 47 50 69 77 132 125 134 151 215 234 253 272 292 325 328 336 311 312 333 310 324 267 303 268 210 218 196 156 173 147 142 106 76 89 76 54 71 74 49 33 39 28 16 20 16 14 14 14 16 6 9 7 2 6 5 6 4 9 4 2 0 0 1 1 1 0 0 0 4 0 0 0 1 0 0 0 1 0 0 0 1 0 0 0 0 0 0 0 0 0 0 0 0 0 0 0 0 0 0 0 0 0 0 0 0 0 0 0 0 0 0 0 0 0 0 0 0 0 0 0 0 0 0 
0 0 0 0 0 0 0 7 0 0 0 4 4 2 7 11 14 15 19 26 37 69 68 81 106 125 133 197 213 257 286 296 286 307 317 325 327 332 350 318 343 295 288 282 271 210 190 203 176 140 120 134 96 88 60 60 53 46 46 37 40 30 34 16 24 20 10 14 7 8 10 5 5 7 2 1 2 1 1 3 1 2 1 2 0 1 1 0 1 0 0 0 1 0 0 0 0 0 0 0 0 0 0 0 0 0 0 0 0 0 0 0 0 0 0 0 0 0 0 0 0 0 0 0 0 0 0 0 0 0 0 0 0 0 0 0 0 0 0 0 0 0 0 
0 0 0 0 0 0 0 14 0 0 1 1 5 1 6 10 11 28 17 27 40 53 72 84 94 124 147 195 187 211 267 257 315 289 325 359 352 327 351 369 342 268 280 273 247 210 199 181 162 156 129 103 111 87 98 64 64 49 38 41 32 23 28 22 28 16 13 15 13 7 9 2 5 4 4 3 8 4 2 5 3 3 2 1 1 2 0 1 0 1 1 1 0 0 0 1 0 0 0 0 0 1 0 0 0 0 0 0 0 0 0 0 0 0 0 0 0 0 0 0 0 0 0 0 0 0 0 0 0 0 0 0 0 0 0 0 0 0 0 0 0 0 0 
0 0 0 0 0 0 0 14 0 0 0 6 8 6 5 6 18 34 36 45 49 76 95 106 131 172 180 195 215 252 257 299 309 336 362 299 371 317 317 321 306 301 288 263 236 210 190 154 156 146 103 95 91 83 64 53 56 47 32 42 39 24 21 16 24 13 14 11 13 9 5 3 11 6 3 2 4 1 2 2 4 3 0 1 1 1 1 1 0 1 1 1 1 0 1 0 0 0 0 0 0 0 0 0 0 0 0 0 0 0 0 0 0 0 0 0 0 0 0 0 0 0 0 0 0 0 0 0 0 0 0 0 0 0 0 0 0 0 0 0 0 0 0 
0 0 0 0 0 0 0 13 0 0 1 0 6 3 3 4 13 21 13 35 25 47 71 84 99 136 154 159 188 231 236 284 304 346 336 320 327 364 357 314 321 300 315 265 258 209 209 195 185 151 144 111 110 115 102 67 56 60 56 43 38 26 30 33 26 17 13 10 9 13 10 10 6 11 5 3 7 3 2 2 1 4 0 2 1 2 0 1 2 0 1 0 1 0 0 0 0 0 0 0 0 0 0 0 0 0 0 0 0 0 0 0 0 0 0 0 0 0 0 0 0 0 0 0 0 0 0 0 0 0 0 0 0 0 0 0 0 0 0 0 0 0 0 
0 0 0 0 0 0 0 15 0 0 0 2 7 3 4 5 16 19 13 24 39 43 70 80 126 128 153 156 204 232 234 235 285 324 339 322 337 359 327 326 319 299 282 278 253 236 198 187 181 166 124 131 106 96 84 90 69 55 37 34 45 38 21 12 15 29 15 16 12 8 8 11 4 5 7 4 4 7 4 3 3 1 1 3 1 2 0 2 0 0 1 1 0 0 0 0 0 0 0 0 0 0 0 0 0 0 0 0 0 0 0 0 1 0 0 0 0 0 0 0 0 0 0 0 0 0 0 0 0 0 0 0 0 0 0 0 0 0 0 0 0 0 0 
0 0 0 0 0 0 0 12 0 0 2 4 6 3 12 13 19 25 31 35 42 57 80 109 112 147 157 207 201 231 234 302 311 294 337 330 354 304 313 337 285 295 285 271 224 209 213 171 167 146 123 109 83 79 70 60 56 51 40 44 24 27 21 12 18 11 12 14 11 11 5 6 10 4 4 2 2 1 4 3 3 0 1 2 0 0 1 0 0 0 1 2 0 1 1 0 0 0 1 0 0 0 0 0 1 0 0 0 0 0 0 0 0 0 0 0 0 0 0 0 0 0 0 0 0 0 0 0 0 0 0 0 0 0 0 0 0 0 0 0 0 0 0 
0 0 0 0 0 0 0 12 0 0 1 5 5 4 4 8 9 18 19 25 23 50 69 81 85 123 155 172 163 216 229 256 277 296 326 283 343 337 354 317 341 309 304 275 264 217 211 185 166 155 145 131 124 79 99 63 61 48 43 51 40 33 24 31 21 13 19 17 9 12 5 4 5 7 4 5 9 5 3 1 1 0 1 2 2 2 1 2 0 0 1 0 0 1 0 0 0 0 1 0 0 0 1 0 0 0 0 0 0 0 0 0 0 0 0 0 0 0 0 0 0 0 0 0 0 0 0 0 0 0 0 0 0 0 0 0 0 0 0 0 0 0 0 
0 0 0 0 0 0 0 13 0 0 4 3 4 4 9 10 34 28 43 49 55 80 92 140 159 174 175 246 226 295 262 306 394 335 347 349 372 358 314 246 308 284 260 247 217 206 177 153 144 123 117 108 86 74 74 49 55 43 38 26 30 25 17 17 20 11 16 11 8 8 8 7 5 2 3 2 4 1 4 2 1 1 2 1 2 1 2 0 0 1 1 1 1 0 0 0 0 0 0 0 1 0 0 1 0 0 0 0 0 0 0 0 0 0 0 0 0 0 0 0 0 0 0 0 0 0 0 0 0 0 0 0 0 0 0 0 0 0 0 0 0 0 0 
