0 0 0 7 2 3 2 5 15 17 13 10 26 32 17 37 61 59 64 64 100 103 103 120 163 146 172 198 181 196 204 204 218 232 225 264 251 221 238 213 203 190 160 192 164 150 148 114 100 102 80 82 66 73 57 56 48 31 44 36 25 22 22 19 15 12 12 10 11 6 5 7 6 5 2 1 3 5 1 2 3 1 3 0 2 0 0 2 0 0 0 0 0 0 0 1 0 0 0 0 0 0 1 0 0 0 0 0 0 0 0 0 0 0 0 0 0 0 0 0 0 0 0 0 0 0 0 0 0 0 0 0 0 0 0 0 0 0 0 0 0 0 0 
0 0 0 7 0 2 4 7 12 15 22 13 17 33 33 40 47 52 62 64 77 96 131 122 134 172 159 190 209 202 202 221 242 233 233 251 247 224 238 200 196 200 171 161 150 134 124 110 104 103 73 74 72 82 47 47 38 34 27 25 12 26 15 17 13 11 9 5 5 7 3 4 1 3 5 7 4 0 2 0 0 0 1 3 0 0 1 0 2 0 0 1 0 0 0 0 0 0 0 0 0 0 0 0 0 0 0 0 0 0 0 0 0 0 0 0 0 0 0 0 0 0 0 0 0 0 0 0 0 0 0 0 0 0 0 0 0 0 0 0 0 0 0 
0 0 0 2 4 4 9 7 4 17 8 12 20 20 21 36 27 48 38 63 79 75 92 113 120 117 154 178 173 189 200 191 239 244 238 269 233 233 238 226 203 203 195 186 183 167 155 124 131 137 102 90 101 76 59 58 57 29 51 28 21 32 21 13 26 21 13 18 9 13 7 4 6 4 2 4 1 2 7 1 2 1 2 0 1 1 0 0 0 0 0 0 0 0 0 0 0 0 0 0 0 0 0 0 0 0 0 0 0 0 0 0 0 0 0 0 0 0 0 0 0 0 0 0 0 0 0 0 0 0 0 0 0 0 0 0 0 0 0 0 0 0 0 
0 0 0 1 4 1 4 7 7 11 12 9 10 27 36 28 36 55 46 72 92 111 102 126 121 139 176 173 186 164 201 228 245 232 246 245 259 222 239 243 209 172 177 188 151 145 144 126 127 101 85 100 72 79 40 50 40 44 37 32 29 24 20 12 25 13 14 12 9 9 5 5 7 5 6 5 4 1 0 5 1 1 0 0 1 1 0 1 0 1 0 0 0 0 0 0 0 1 0 0 0 0 0 0 0 0 0 0 0 0 0 0 0 0 0 0 0 0 0 0 0 0 0 0 0 0 0 0 0 0 0 0 0 0 0 0 0 0 0 0 0 0 0 
0 0 0 5 4 2 4 3 8 13 12 5 16 22 29 26 36 41 58 53 63 58 63 76 99 118 137 124 151 143 176 179 203 206 195 216 235 207 229 216 194 211 182 179 190 188 160 140 131 131 119 105 90 94 81 68 59 61 63 46 36 33 24 25 26 19 20 10 21 9 14 6 6 4 9 6 4 2 1 6 4 3 1 1 0 1 0 0 0 0 0 0 0 1 0 0 0 0 0 0 0 0 0 0 0 0 0 0 0 0 0 0 0 0 0 0 0 0 0 0 0 0 0 0 0 0 0 0 0 0 0 0 0 0 0 0 0 0 0 0 0 0 0 
0 0 0 1 2 1 8 8 11 11 9 14 13 22 24 33 47 42 54 73 74 76 89 104 104 133 161 181 180 196 208 209 242 222 241 235 231 226 244 212 197 207 165 171 162 146 147 141 114 110 109 91 74 70 62 54 52 37 40 33 28 29 24 13 17 7 16 7 12 2 8 8 3 3 3 3 1 2 1 1 1 2 3 4 2 0 0 0 1 0 0 1 0 0 1 0 0 0 1 1 0 0 0 0 0 0 0 0 0 0 0 0 0 0 0 0 0 0 0 0 0 0 0 0 0 0 0 0 0 0 0 0 0 0 0 0 0 0 0 0 0 0 0 
0 0 0 1 8 0 8 5 10 13 11 15 12 16 16 38 39 43 52 54 71 77 78 90 119 116 132 178 174 154 197 212 204 220 221 248 249 222 222 230 203 174 216 176 173 135 153 135 126 125 89 83 91 79 59 73 62 65 33 39 36 25 21 19 16 20 6 13 14 10 2 4 3 5 3 2 4 5 1 2 0 3 1 0 0 0 0 2 0 0 1 0 0 0 0 0 0 0 0 0 0 0 0 0 0 0 0 0 0 0 0 0 0 0 0 0 0 0 0 0 0 0 0 0 0 0 0 0 0 0 0 0 0 0 0 0 0 0 0 0 0 0 0 
0 0 0 3 3 3 15 5 8 18 11 10 25 33 30 25 37 47 47 67 70 84 96 135 131 161 136 153 177 205 216 227 234 232 224 237 224 224 245 209 180 184 174 183 175 161 155 139 122 106 93 83 72 68 56 51 44 39 37 40 25 24 27 19 11 15 13 14 7 11 8 6 4 1 4 1 3 3 1 2 1 1 1 1 2 0 0 0 1 0 0 0 0 0 0 0 0 1 0 0 0 0 0 0 0 0 0 0 0 0 0 0 0 0 0 0 0 0 0 0 0 0 0 0 0 0 0 0 0 0 0 0 0 0 0 0 0 0 0 0 0 0 0 
0 0 0 1 2 2 2 6 8 8 15 12 20 19 30 20 39 29 35 45 55 73 85 77 104 112 147 126 153 168 185 200 178 197 202 240 227 223 222 218 215 200 202 188 193 193 169 150 123 135 125 114 99 78 68 83 51 65 48 43 38 32 27 24 21 23 26 15 15 13 10 7 4 7 7 4 6 2 7 1 1 2 2 2 2 2 2 2 3 1 0 0 0 3 0 1 0 0 0 0 0 0 0 1 0 0 0 0 1 0 0 0 0 1 0 0 0 0 0 0 0 0 0 0 0 0 0 0 0 0 0 0 0 0 0 0 0 0 0 0 0 0 0 
0 0 0 6 2 0 7 14 7 12 24 11 17 29 31 37 59 37 50 69 77 90 106 121 151 158 162 184 214 176 213 204 249 196 265 234 227 237 220 224 236 200 204 192 161 147 131 110 102 105 107 92 62 74 59 52 51 42 28 33 23 39 22 16 9 11 10 7 11 10 9 11 10 8 7 1 2 3 0 2 2 0 0 1 1 1 1 0 0 0 0 0 0 1 1 0 0 0 1 1 0 0 0 0 0 0 0 0 1 0 0 0 0 0 0 0 0 0 0 0 0 0 0 0 0 0 0 0 0 0 0 0 0 0 0 0 0 0 0 0 0 0 0 
0 0 0 1 6 3 4 8 8 11 18 10 14 19 26 22 40 46 47 51 64 79 77 109 108 119 115 136 157 152 165 173 185 209 221 190 211 224 216 220 210 193 210 184 164 167 145 149 139 122 126 91 111 85 74 63 53 52 60 35 34 34 28 27 28 17 18 21 18 12 12 12 9 6 11 4 6 3 2 2 0 2 4 3 1 2 2 1 0 0 0 0 1 0 2 1 0 0 0 0 0 0 0 0 0 0 0 0 0 0 0 0 1 0 0 0 0 0 0 0 0 0 0 0 0 0 0 0 0 0 0 0 0 0 0 0 0 0 0 0 0 0 0 
0 0 0 2 3 4 4 9 9 12 19 15 22 16 32 32 41 38 50 71 72 87 81 115 105 157 145 168 174 211 194 212 213 216 213 213 213 236 238 201 214 219 182 177 167 172 147 136 133 106 98 85 101 70 65 68 48 43 36 35 35 23 17 28 24 16 26 15 16 8 4 2 7 6 2 7 5 3 0 3 0 0 0 2 3 1 2 3 1 0 0 0 0 0 0 1 0 1 0 0 0 0 0 0 0 0 1 0 0 0 0 0 0 0 0 0 0 0 0 0 0 0 0 0 0 0 0 0 0 0 0 0 0 0 0 0 0 0 0 0 0 0 0 
0 0 0 4 0 2 8 8 12 5 11 11 26 23 37 26 49 48 38 62 76 87 114 109 115 146 161 178 168 199 251 221 224 238 238 230 231 227 241 223 225 184 217 181 137 137 155 146 131 117 97 109 73 74 44 56 47 52 37 44 26 31 18 15 17 11 10 16 7 6 6 4 5 4 6 2 4 2 1 1 0 1 1 3 1 0 0 0 0 0 1 0 0 0 1 0 0 0 1 0 0 0 0 0 0 0 1 0 0 0 0 0 0 0 0 0 0 0 0 0 0 0 0 0 0 0 0 0 0 0 0 0 0 0 0 0 0 0 0 0 0 0 0 
0 0 0 1 6 1 10 5 7 13 26 17 27 25 41 36 61 64 60 77 74 101 101 122 119 142 171 173 173 227 185 226 222 202 218 221 226 234 218 207 192 186 178 182 148 184 133 119 113 95 87 78 86 75 66 63 49 38 36 31 36 32 24 22 14 11 9 10 13 8 5 4 3 4 3 3 1 2 2 2 3 2 1 1 0 0 1 0 0 0 0 1 0 0 0 0 0 0 0 0 0 0 0 0 0 0 1 0 0 0 0 0 0 0 0 0 0 0 0 0 0 0 0 0 0 0 0 0 0 0 0 0 0 0 0 0 0 0 0 0 0 0 0 
0 0 0 6 5 3 4 15 12 8 14 27 24 16 32 44 47 42 62 55 90 97 105 115 117 130 153 175 179 198 183 212 201 228 217 239 244 223 245 248 186 180 178 202 175 171 169 115 117 119 122 85 95 84 64 69 49 46 44 28 26 27 20 36 15 5 13 8 15 7 14 6 10 5 6 2 0 3 3 1 0 4 1 2 3 1 0 0 2 1 3 0 0 0 0 0 0 0 0 0 0 0 0 0 0 0 0 0 0 0 0 0 0 0 0 0 0 0 0 0 0 0 0 0 0 0 0 0 0 0 0 0 0 0 0 0 0 0 0 0 0 0 0 
0 0 0 1 2 5 5 10 9 19 26 19 19 25 29 28 61 63 51 72 81 97 105 120 121 157 167 148 198 208 223 213 206 227 230 232 213 233 228 219 197 185 177 151 163 152 147 140 119 119 97 86 73 50 82 41 48 46 39 34 22 17 27 19 15 16 11 12 6 7 10 6 7 4 4 0 5 4 3 0 1 2 1 1 2 1 0 2 0 0 0 1 0 0 0 0 0 0 0 1 0 0 0 0 0 0 0 0 0 0 0 0 0 0 0 0 0 0 0 0 0 0 0 0 0 0 0 0 0 0 0 0 0 0 0 0 0 0 0 0 0 0 0 
0 0 0 6 1 3 4 12 6 11 11 7 19 26 17 31 33 50 51 72 81 79 90 108 114 134 136 153 175 200 201 205 217 207 200 259 240 235 225 220 241 201 184 173 176 168 162 147 162 117 118 116 87 73 67 60 61 40 39 51 40 29 24 28 11 21 8 18 17 10 10 6 4 6 3 3 5 3 3 3 2 0 1 2 1 3 2 0 1 2 0 1 0 1 0 0 0 0 0 0 0 0 0 0 0 0 0 0 0 0 0 0 0 0 0 0 0 0 0 0 0 0 0 0 0 0 0 0 0 0 0 0 0 0 0 0 0 0 0 0 0 0 0 
0 0 0 4 4 7 4 8 7 17 11 18 20 33 36 41 55 54 62 77 86 101 121 138 137 148 156 216 213 204 198 222 233 231 233 240 212 256 225 227 217 197 176 174 147 141 161 125 122 83 85 88 65 71 54 51 37 38 28 36 16 28 24 15 17 8 11 10 6 8 4 7 2 4 2 4 1 3 0 2 1 3 0 1 2 0 1 0 0 0 0 0 0 0 0 0 0 0 0 0 0 0 0 0 0 0 0 0 0 0 0 0 0 0 0 0 0 0 0 0 0 0 0 0 0 0 0 0 0 0 0 0 0 0 0 0 0 0 0 0 0 0 0 
0 0 0 3 0 4 3 6 8 10 14 18 21 27 27 35 46 43 39 65 66 69 90 106 95 126 131 166 167 181 182 208 204 218 224 233 250 227 213 230 236 232 186 189 198 178 166 131 138 125 111 96 75 58 73 57 73 37 42 28 26 32 29 31 12 20 12 16 12 11 10 8 6 5 3 2 4 1 4 1 0 3 0 2 1 0 1 0 2 0 0 0 0 0 1 0 1 0 1 0 0 0 0 0 0 0 0 0 0 0 0 0 0 0 0 0 0 0 0 0 0 0 0 0 0 0 0 0 0 0 0 0 0 0 0 0 0 0 0 0 0 0 0 
0 0 0 2 5 2 10 9 9 25 18 17 23 25 34 48 48 65 51 82 93 90 106 122 140 150 154 190 180 229 237 222 237 243 249 261 241 220 204 218 205 190 187 186 148 139 153 115 103 88 79 73 77 62 49 48 43 33 34 27 19 13 12 12 7 8 13 9 13 5 7 3 2 1 2 2 2 1 1 3 1 2 0 0 3 2 1 0 1 0 0 0 0 0 0 0 0 0 0 0 0 0 0 0 0 0 0 0 0 0 0 0 0 0 0 0 0 0 0 0 0 0 0 0 0 0 0 0 0 0 0 0 0 0 0 0 0 0 0 0 0 0 0 
0 0 0 3 2 5 6 1 10 14 14 18 20 34 29 37 40 48 72 72 70 86 100 132 130 154 162 205 172 186 199 227 207 248 242 238 241 227 228 237 197 183 177 169 176 118 143 103 106 123 114 89 81 53 64 46 38 39 30 39 32 19 29 13 19 12 14 5 6 8 10 3 4 5 2 4 2 4 2 0 0 2 1 1 1 0 1 1 1 0 0 0 0 0 0 0 0 0 0 0 0 0 0 0 0 0 0 0 0 0 0 0 0 0 0 0 0 0 0 0 0 0 0 0 0 0 0 0 0 0 0 0 0 0 0 0 0 0 0 0 0 0 0 
0 0 0 6 1 6 5 5 7 12 11 15 15 25 27 33 49 40 47 65 71 84 102 107 120 126 163 150 173 166 203 197 211 220 194 242 233 252 210 208 208 187 202 191 184 146 140 134 133 111 104 105 92 85 67 57 49 37 43 34 32 36 26 21 17 19 17 10 11 11 10 7 7 6 3 5 4 2 4 1 1 0 1 1 0 2 1 1 1 0 0 0 0 0 0 0 0 0 0 0 0 0 0 0 0 0 0 0 0 0 0 0 0 0 0 0 0 0 0 0 0 0 0 0 0 0 0 0 0 0 0 0 0 0 0 0 0 0 0 0 0 0 0 
0 0 0 3 3 7 4 7 9 16 14 10 20 22 40 38 39 49 56 61 78 97 107 129 126 139 133 182 180 189 205 223 214 204 235 236 242 220 209 212 218 220 182 179 149 148 162 133 111 117 100 85 91 65 82 49 60 37 35 32 21 22 23 25 23 15 18 14 9 12 11 3 5 4 5 1 2 2 2 3 0 0 1 1 0 0 1 1 1 0 0 0 1 1 0 0 0 0 0 0 0 0 0 0 0 0 0 0 0 0 0 0 0 0 0 0 1 0 0 0 0 0 0 0 0 0 0 0 0 0 0 0 0 0 0 0 0 0 0 0 0 0 0 
0 0 0 2 4 2 9 7 6 9 16 11 9 23 23 29 30 37 35 37 54 70 77 94 98 84 129 142 153 153 164 194 194 199 221 211 230 213 225 235 226 210 222 216 218 181 175 143 140 123 111 112 93 74 96 79 78 61 35 34 35 38 31 33 31 19 17 23 14 16 8 7 2 10 5 4 5 4 3 0 2 0 1 2 1 0 0 1 2 1 0 0 0 0 1 0 0 0 0 0 0 0 0 0 0 0 0 0 0 0 0 0 0 0 0 0 0 0 0 0 0 0 0 0 0 0 0 0 0 0 0 0 0 0 0 0 0 0 0 0 0 0 0 
0 0 0 2 4 1 7 4 5 5 5 6 17 12 24 24 22 30 42 38 39 59 61 86 97 104 120 127 156 144 196 171 161 192 209 230 219 222 212 206 239 215 197 201 192 172 187 179 158 123 126 112 119 92 84 84 66 57 58 59 46 28 37 27 26 32 20 16 21 7 18 10 8 10 6 5 5 1 4 2 3 4 5 1 2 2 1 1 0 1 1 0 0 0 0 1 0 0 0 0 0 0 0 0 0 0 0 0 0 0 0 0 0 0 0 0 0 0 0 0 0 0 0 0 0 0 0 0 0 0 0 0 0 0 0 0 0 0 0 0 0 0 0 
0 0 0 2 1 2 6 7 13 11 13 5 19 33 30 39 40 51 62 67 101 113 111 118 141 157 155 174 215 192 201 208 246 216 249 254 240 230 216 228 198 232 193 166 163 153 122 123 107 111 86 87 65 63 63 61 49 44 46 27 29 31 22 15 16 16 16 14 12 9 3 4 4 7 2 4 3 2 1 1 1 1 0 0 1 1 1 0 2 0 0 0 0 0 0 0 0 0 0 0 0 0 0 0 0 0 0 0 0 0 0 0 0 0 0 0 0 0 0 0 0 0 0 0 0 0 0 0 0 0 0 0 0 0 0 0 0 0 0 0 0 0 0 
0 0 0 9 7 2 6 1 8 16 9 8 24 34 19 30 33 49 43 67 71 82 92 109 113 132 142 148 162 174 193 228 212 228 232 240 219 238 247 225 206 165 183 199 186 155 132 150 125 100 93 90 94 55 73 57 47 45 59 41 27 21 23 18 11 15 13 18 11 10 9 6 5 7 4 5 2 4 1 1 2 1 0 1 1 1 1 0 0 1 0 0 0 0 0 1 0 0 0 0 0 0 0 0 0 0 0 0 0 0 0 0 0 0 0 0 0 0 0 0 0 0 0 0 0 0 0 0 0 0 0 0 0 0 0 0 0 0 0 0 0 0 0 
0 0 0 4 2 2 6 14 10 8 31 16 26 38 39 55 56 73 62 81 93 85 135 148 167 138 169 176 218 228 193 241 217 228 226 254 231 218 210 216 167 198 170 176 149 136 116 112 76 77 76 85 69 43 51 50 31 43 31 24 26 21 14 8 11 6 10 10 10 3 5 4 2 4 2 2 3 3 1 2 0 0 1 0 0 0 2 1 1 0 0 0 0 0 0 0 0 0 0 0 0 0 0 0 0 0 0 0 0 0 0 0 0 0 0 0 0 0 0 0 0 0 0 0 0 0 0 0 0 0 0 0 0 0 0 0 0 0 0 0 0 0 0 
0 0 0 5 5 1 11 9 10 9 17 10 26 37 45 33 45 48 51 52 94 105 98 114 128 162 163 165 191 200 203 234 252 251 227 253 216 204 225 209 208 199 160 188 140 179 147 121 114 95 98 71 73 78 66 45 44 49 30 28 27 19 20 20 14 14 17 18 8 10 6 9 1 4 4 0 4 4 2 3 1 3 0 1 4 0 0 4 1 0 0 0 0 0 0 0 0 0 0 0 0 0 0 0 0 0 0 0 0 0 1 0 0 0 0 0 0 0 0 0 0 0 0 0 0 0 0 0 0 0 0 0 0 0 0 0 0 0 0 0 0 0 0 
0 0 0 3 3 0 6 10 5 11 25 9 11 28 30 39 45 60 67 57 75 86 101 121 117 155 160 161 195 179 223 223 208 184 245 236 237 220 209 176 212 179 173 166 155 152 171 123 116 122 94 89 98 63 59 58 45 50 50 28 38 24 26 20 15 18 12 12 10 11 5 5 4 1 6 2 3 2 2 2 0 1 0 0 1 0 0 1 2 0 0 1 0 0 0 0 0 0 0 0 0 0 0 0 0 0 0 0 0 0 0 0 0 0 0 0 0 0 0 0 0 0 0 0 0 0 0 0 0 0 0 0 0 0 0 0 0 0 0 0 0 0 0 
0 0 0 2 2 2 3 3 8 24 12 10 18 19 34 45 42 54 65 68 89 106 121 123 142 161 171 169 232 191 217 228 205 255 252 226 249 197 254 200 213 192 151 165 156 155 134 115 110 106 102 85 87 74 54 58 52 32 37 37 22 22 21 11 19 12 11 12 5 9 9 4 7 4 4 1 2 3 3 1 2 2 1 0 0 2 0 0 0 0 0 0 0 0 0 0 0 0 0 0 0 1 0 0 0 0 0 0 0 0 0 0 0 0 0 0 0 0 0 0 0 0 0 0 0 0 0 0 0 0 0 0 0 0 0 0 0 0 0 0 0 0 0 
0 0 0 2 6 1 3 4 9 11 7 10 23 24 24 35 44 52 61 80 81 95 94 114 146 147 161 174 197 190 232 231 205 239 224 258 251 251 210 218 194 183 187 170 168 134 146 132 100 92 81 86 93 65 54 60 43 35 38 25 24 22 19 12 10 10 9 5 10 3 5 3 2 5 8 3 1 4 3 2 1 1 0 1 0 0 0 0 0 0 0 0 0 0 0 0 0 0 0 0 0 0 0 0 0 0 0 0 0 0 0 0 0 0 0 0 0 0 0 0 0 0 0 0 0 0 0 0 0 0 0 0 0 0 0 0 0 0 0 0 0 0 0 
0 0 0 1 2 1 4 10 11 14 21 21 28 30 36 40 48 51 71 81 77 121 100 112 147 161 179 181 224 216 220 214 223 238 248 229 233 219 209 225 186 204 187 162 140 155 128 139 111 101 101 71 58 63 55 40 37 25 29 26 32 24 18 12 10 13 9 13 10 7 6 2 5 5 4 2 2 1 4 4 2 0 2 2 1 0 0 1 0 2 1 0 1 0 0 0 0 1 0 0 0 0 0 0 0 0 0 0 0 0 0 0 0 0 0 0 0 0 0 0 0 0 0 0 0 0 0 0 0 0 0 0 0 0 0 0 0 0 0 0 0 0 0 
0 0 0 2 1 4 5 7 12 12 22 5 18 34 27 32 37 42 37 75 84 100 85 104 138 149 158 148 172 182 224 224 216 217 230 220 215 244 230 210 210 202 199 168 172 162 155 118 108 104 110 82 87 66 69 67 35 39 34 42 33 23 21 16 13 16 25 9 9 12 11 7 6 7 2 9 2 1 2 2 3 1 1 0 2 3 1 1 0 0 0 1 0 0 1 0 0 0 0 0 0 0 0 1 0 0 0 0 0 0 0 0 0 0 0 0 0 0 0 0 0 0 0 0 0 0 0 0 0 0 0 0 0 0 0 0 0 0 0 0 0 0 0 
0 0 0 3 2 1 9 12 10 14 18 18 16 19 19 33 54 32 37 62 69 96 91 94 120 150 145 156 160 158 163 215 215 186 231 215 237 209 228 209 221 186 184 178 155 166 149 132 114 125 110 127 92 63 75 62 61 49 48 34 30 29 22 25 23 16 9 17 16 8 4 8 4 8 10 5 6 1 3 1 1 3 1 2 0 1 1 1 0 0 0 0 0 0 0 0 0 0 0 0 0 0 0 0 1 0 0 0 1 0 0 0 0 0 0 0 0 0 0 0 0 0 0 0 0 0 0 0 0 0 0 0 0 0 0 0 0 0 0 0 0 0 0 
0 0 0 2 4 1 8 7 16 13 19 14 25 30 31 29 48 67 65 86 83 96 115 150 130 152 150 177 189 226 231 241 209 218 244 237 231 220 202 209 186 155 188 151 162 164 144 121 99 102 77 78 72 67 57 53 48 34 31 33 24 30 14 29 12 16 9 11 7 3 4 6 8 6 2 7 2 2 2 4 4 2 1 2 0 1 1 1 0 0 0 1 1 2 0 0 0 0 0 0 0 0 0 0 0 0 0 0 0 0 0 0 0 0 0 0 0 0 0 0 0 0 0 0 0 0 0 0 0 0 0 0 0 0 0 0 0 0 0 0 0 0 0 
0 0 0 5 7 4 7 1 10 15 14 7 15 18 23 19 22 41 53 58 50 92 84 86 118 128 157 134 158 178 206 190 213 216 224 219 258 248 259 209 202 205 201 178 178 174 152 132 132 135 108 119 89 83 70 59 68 51 42 52 29 32 29 23 19 13 9 8 12 11 6 9 10 5 7 7 4 2 2 3 2 1 2 0 0 0 1 0 0 1 1 0 0 0 1 1 1 1 0 1 0 0 1 0 0 0 0 0 0 0 0 0 0 0 1 0 0 0 0 0 0 0 0 0 0 0 0 0 0 0 0 0 0 0 0 0 0 0 0 0 0 0 0 
0 0 0 4 5 4 7 10 14 12 17 18 13 28 32 28 30 45 59 57 86 90 96 84 137 141 154 174 155 191 196 198 231 193 222 218 222 231 197 211 174 166 189 182 166 133 145 124 115 101 109 96 99 60 72 53 48 43 50 34 27 27 23 27 22 19 4 15 12 5 3 5 4 6 2 3 2 2 2 3 2 2 1 0 2 1 0 2 0 0 0 0 0 0 0 0 0 0 0 0 0 0 0 0 0 0 0 0 0 0 0 0 0 0 0 0 0 0 0 0 0 0 0 0 0 0 0 0 0 0 0 0 0 0 0 0 0 0 0 0 0 0 0 
0 0 0 3 3 3 6 5 9 13 22 9 21 21 34 26 38 44 50 53 64 77 92 120 91 150 141 144 154 157 164 193 213 239 243 214 251 225 220 227 211 205 188 185 177 165 166 125 147 103 108 88 81 107 74 64 42 45 51 40 35 27 32 26 23 20 13 17 11 9 9 5 6 5 4 7 3 2 2 2 1 3 1 2 1 0 1 0 1 2 0 0 0 0 0 1 1 0 1 0 0 1 0 0 0 0 0 0 0 0 0 0 0 0 0 0 0 0 0 0 0 0 0 0 0 0 0 0 0 0 0 0 0 0 0 0 0 0 0 0 0 0 0 
0 0 0 2 3 3 9 7 9 18 15 16 27 32 36 43 55 63 75 90 103 81 118 140 158 178 144 193 195 196 222 196 223 229 258 258 226 222 232 214 205 190 179 158 159 147 142 119 99 114 77 80 66 55 51 46 25 51 28 24 18 16 17 17 10 11 7 7 3 4 2 3 5 2 1 7 2 2 2 4 1 2 4 1 4 2 0 0 0 0 1 0 2 1 0 0 0 0 0 0 0 0 0 0 1 0 0 0 0 0 0 0 0 0 0 0 0 0 0 0 0 0 0 0 0 0 0 0 0 0 0 0 0 0 0 0 0 0 0 0 0 0 0 
0 0 0 3 2 1 12 11 6 16 26 34 28 33 41 35 53 71 98 97 96 116 122 143 162 163 179 189 209 177 234 240 227 222 214 234 246 204 194 202 203 191 177 153 151 154 135 130 99 98 76 75 72 51 43 42 40 29 33 26 20 27 24 15 10 11 13 11 4 8 6 7 5 4 4 3 1 3 1 2 2 0 1 0 1 1 0 0 0 0 1 1 0 0 1 0 0 0 0 0 0 0 0 0 0 0 0 0 0 0 0 0 0 0 0 0 0 0 0 0 0 0 0 0 0 0 0 0 0 0 0 0 0 0 0 0 0 0 0 0 0 0 0 
0 0 0 3 7 4 8 8 8 22 21 18 18 30 34 43 41 45 56 68 85 101 95 126 132 152 143 186 188 207 181 201 216 248 221 224 225 216 204 241 197 200 174 175 164 148 113 120 109 101 99 81 81 63 46 46 59 32 28 28 29 28 15 14 18 13 11 15 4 6 9 5 3 2 7 4 2 1 1 0 2 1 0 0 0 1 2 0 0 0 0 0 2 0 0 0 0 0 0 0 0 0 0 0 0 0 0 0 0 0 0 0 0 0 0 0 0 0 0 0 0 0 0 0 0 0 0 0 0 0 0 0 0 0 0 0 0 0 0 0 0 0 0 
0 0 0 6 1 3 7 7 10 14 19 8 16 29 38 23 56 49 57 65 85 95 105 122 118 153 153 162 163 189 201 200 201 206 216 231 231 227 246 218 192 203 174 155 166 172 145 138 136 89 97 112 82 65 70 64 52 40 40 41 37 18 24 23 19 15 17 7 7 9 10 7 9 8 1 3 1 2 2 3 1 2 1 4 3 0 2 1 1 2 2 0 1 0 0 1 0 0 0 0 0 0 0 0 0 1 0 0 0 0 0 0 0 0 0 0 0 0 0 0 0 0 0 0 0 0 0 0 0 0 0 0 0 0 0 0 0 0 0 0 0 0 0 
0 0 0 0 1 1 8 2 4 13 21 14 15 18 34 50 39 55 62 85 83 101 102 107 157 135 155 173 198 198 224 214 261 241 217 230 213 242 209 225 213 192 194 174 155 149 117 135 119 96 100 97 64 73 61 38 40 37 34 31 27 22 26 11 14 15 10 10 10 6 10 5 11 6 5 1 1 2 2 2 3 0 0 1 0 0 1 0 0 1 0 0 1 0 1 0 0 0 0 0 0 0 0 0 0 0 0 0 0 0 0 0 0 0 0 0 0 0 0 0 0 0 0 0 0 0 0 0 0 0 0 0 0 0 0 0 0 0 0 0 0 0 0 
0 0 0 2 1 2 3 7 9 20 13 20 20 30 41 38 55 50 68 70 80 94 109 116 138 140 178 192 202 204 222 202 225 200 238 235 213 188 219 227 193 181 193 156 151 136 150 133 107 82 94 71 65 81 63 53 32 37 30 32 29 26 30 9 9 13 10 19 12 8 6 5 5 3 7 3 1 4 1 2 1 1 0 0 1 1 1 1 0 0 0 0 1 0 0 0 0 0 0 0 0 0 0 0 0 0 0 0 0 0 0 0 0 0 0 0 0 0 0 0 0 0 0 0 0 0 0 0 0 0 0 0 0 0 0 0 0 0 0 0 0 0 0 
0 0 0 2 2 2 7 3 12 8 15 12 22 12 20 39 31 50 69 62 76 102 115 119 142 137 147 200 169 206 193 238 229 222 266 219 234 230 235 231 194 184 176 175 191 164 162 144 124 104 92 87 74 70 79 56 56 43 53 34 23 29 28 21 19 19 10 6 12 12 4 8 9 8 3 5 5 6 3 0 1 0 0 0 4 1 1 0 0 0 1 0 0 0 0 0 0 0 0 0 0 0 0 0 0 0 0 0 0 0 0 0 0 0 0 0 0 0 0 0 0 0 0 0 0 0 0 0 0 0 0 0 0 0 0 0 0 0 0 0 0 0 0 
0 0 0 5 3 4 1 9 8 6 20 14 10 29 35 25 44 60 47 69 62 91 100 118 114 152 147 178 168 191 173 203 204 201 223 234 271 238 238 197 216 224 194 200 149 153 144 156 134 102 94 85 80 79 69 58 38 50 45 40 27 28 29 21 25 18 14 14 10 8 6 3 4 3 1 7 3 1 0 1 0 1 1 0 1 0 0 3 1 0 2 0 1 0 0 0 0 0 0 0 1 1 0 0 1 0 0 0 0 0 0 0 0 0 0 0 0 0 0 0 0 0 0 0 0 0 0 0 0 0 0 0 0 0 0 0 0 0 0 0 0 0 0 
0 0 0 1 2 0 5 12 5 12 20 12 15 21 29 29 51 47 61 73 83 109 96 138 121 156 158 128 154 195 211 198 196 216 221 250 201 206 214 223 193 181 166 157 187 162 147 124 113 105 87 91 69 65 61 47 61 51 39 45 31 21 21 19 16 15 11 12 10 9 2 3 9 4 4 9 1 5 2 3 3 1 0 1 0 0 3 0 1 0 0 1 1 0 0 0 0 0 0 1 0 0 0 0 0 0 0 1 0 0 0 0 0 0 0 0 0 0 0 0 0 0 0 0 0 0 0 0 0 0 0 0 0 0 0 0 0 0 0 0 0 0 0 
0 0 0 7 4 7 4 6 16 4 9 11 15 14 15 19 29 42 39 55 61 84 59 104 94 111 130 139 155 181 177 191 233 216 217 206 233 211 209 200 203 240 191 194 175 182 171 156 140 116 135 103 89 75 81 80 76 54 54 50 37 27 25 26 26 19 14 13 13 7 10 6 5 1 7 2 2 3 3 3 2 0 0 1 0 2 0 4 0 0 0 0 0 0 0 0 0 0 0 0 0 0 0 1 0 0 0 0 0 0 0 0 0 0 0 0 0 0 0 0 0 0 0 0 0 0 0 0 0 0 0 0 0 0 0 0 0 0 0 0 0 0 0 
0 0 0 1 2 0 8 6 5 11 14 10 19 20 22 22 29 31 37 48 57 73 87 105 98 99 118 149 174 172 181 179 205 198 209 230 238 210 230 216 232 202 195 208 172 152 119 134 126 138 100 117 89 87 75 72 66 68 62 68 49 35 40 19 26 13 20 13 12 17 16 7 9 5 6 6 2 0 2 2 4 1 1 5 2 1 2 0 1 0 0 0 0 0 0 0 0 0 0 0 0 0 0 0 0 0 0 0 0 0 0 0 0 0 1 0 0 0 0 0 0 0 0 0 0 0 0 0 0 0 0 0 0 0 0 0 0 0 0 0 0 0 0 
0 0 0 8 4 3 10 6 9 11 24 23 26 36 41 40 67 74 75 66 101 107 126 134 138 176 169 177 207 209 226 229 238 208 229 242 226 202 218 222 218 175 154 150 128 149 125 129 106 95 81 92 88 47 50 35 30 26 27 20 22 18 7 17 17 10 11 8 7 8 5 2 1 3 1 4 3 0 2 0 1 0 0 1 1 0 1 2 0 0 0 0 0 0 0 0 1 0 0 1 0 0 0 0 0 0 0 0 0 0 0 0 0 0 0 0 0 0 0 0 0 0 0 0 0 0 0 0 0 0 0 0 0 0 0 0 0 0 0 0 0 0 0 
0 0 0 3 1 0 1 13 14 16 17 18 25 30 33 44 48 50 75 66 80 110 108 147 164 173 164 179 201 184 224 227 208 258 227 225 237 217 228 213 198 198 161 186 143 132 121 129 98 105 91 67 61 52 46 46 32 44 31 21 28 20 17 13 16 20 14 8 6 5 9 4 4 3 5 3 2 1 4 0 2 0 1 0 1 1 1 0 0 0 0 0 0 0 0 0 0 0 0 0 0 0 0 0 0 0 0 0 0 0 0 0 0 0 0 0 0 0 0 0 0 0 0 0 0 0 0 0 0 0 0 0 0 0 0 0 0 0 0 0 0 0 0 
0 0 0 1 2 2 8 10 7 9 7 7 22 22 24 31 38 27 48 54 65 59 93 95 87 100 143 149 153 150 198 197 208 223 233 235 229 230 210 223 229 223 187 189 186 198 158 156 118 117 114 107 96 79 88 69 48 58 51 42 57 26 25 22 26 22 20 20 21 15 6 7 9 2 7 5 4 5 3 4 1 2 2 2 0 0 2 1 0 1 0 0 0 0 0 0 0 0 0 0 0 0 0 0 0 0 0 0 0 0 0 0 0 0 0 0 0 0 0 0 0 0 0 0 0 0 0 0 0 0 0 0 0 0 0 0 0 0 0 0 0 0 0 
0 0 0 2 5 5 7 7 7 18 33 17 25 31 41 46 50 61 63 93 74 112 112 136 126 174 195 181 207 233 202 188 211 244 239 212 238 217 211 209 194 205 176 164 146 141 152 129 114 126 89 77 75 58 60 59 50 41 32 22 15 22 18 6 23 14 11 16 11 3 8 4 4 2 7 5 4 0 1 3 0 1 0 0 0 1 0 1 0 0 1 0 0 0 0 0 0 0 0 0 0 0 0 0 0 0 0 0 0 0 0 0 0 0 0 0 0 0 0 0 0 0 0 0 0 0 0 0 0 0 0 0 0 0 0 0 0 0 0 0 0 0 0 
0 0 0 5 6 4 2 9 8 8 6 20 21 21 32 33 42 41 50 59 69 98 93 104 107 142 145 148 178 182 192 183 206 244 244 216 235 235 227 215 229 198 201 184 171 165 145 145 127 98 117 97 89 74 61 57 40 47 41 34 28 29 28 20 29 15 15 7 10 10 9 9 7 4 8 3 5 3 1 0 1 0 1 1 2 0 0 0 0 0 0 0 0 0 1 1 0 0 0 0 0 0 0 0 0 0 0 0 0 0 0 0 0 0 0 0 0 0 0 0 0 0 0 0 0 0 0 0 0 0 0 0 0 0 0 0 0 0 0 0 0 0 0 
0 0 0 4 2 2 8 11 11 8 21 12 33 28 29 41 48 45 51 89 76 113 131 116 151 164 149 195 206 216 200 199 193 195 234 231 221 237 228 202 185 179 191 168 191 129 158 107 123 106 82 92 89 58 66 63 36 41 38 32 32 37 25 15 20 15 15 7 6 9 10 4 6 7 3 3 5 1 1 2 3 0 0 0 0 1 0 0 1 0 2 0 0 0 0 0 0 0 0 0 0 0 0 0 0 0 0 0 0 0 0 0 0 0 0 0 0 0 0 0 0 0 0 0 0 0 0 0 0 0 0 0 0 0 0 0 0 0 0 0 0 0 0 
0 0 0 3 3 2 7 18 10 9 13 8 13 31 25 38 42 61 53 71 74 88 95 102 121 139 149 146 168 179 201 192 215 207 228 209 209 223 213 219 230 174 160 201 162 140 137 136 131 119 107 87 91 68 62 75 56 47 43 46 22 33 21 22 21 21 16 11 9 6 12 6 4 4 8 1 1 2 5 3 3 0 2 1 0 1 0 1 0 0 0 0 0 0 0 0 0 0 0 0 0 0 0 0 0 0 0 0 0 0 0 0 0 0 0 0 0 0 0 0 0 0 0 0 0 0 0 0 0 0 0 0 0 0 0 0 0 0 0 0 0 0 0 
0 0 0 4 4 3 3 1 14 14 12 10 15 23 22 29 43 49 63 72 88 67 109 123 116 144 176 168 168 230 210 203 227 227 260 226 237 231 217 204 205 191 190 165 179 173 143 144 102 127 114 104 88 72 68 64 50 41 43 32 41 34 20 19 18 17 18 12 9 9 5 6 6 2 3 2 6 0 1 0 0 2 1 0 2 0 1 1 0 1 0 0 0 0 0 0 0 0 0 0 0 0 0 0 0 0 0 0 0 0 0 0 0 0 0 0 0 0 0 0 0 0 0 0 0 0 0 0 0 0 0 0 0 0 0 0 0 0 0 0 0 0 0 
0 0 0 1 2 2 5 5 4 15 12 14 18 17 25 30 21 34 41 62 74 64 95 126 112 137 115 134 165 203 167 209 195 234 203 218 226 218 212 236 210 210 188 187 199 166 143 158 133 127 108 104 99 93 83 65 59 60 35 45 38 38 41 30 25 19 18 18 13 12 9 7 6 1 4 5 6 1 3 0 1 2 1 1 0 2 3 2 0 1 0 2 1 0 0 0 0 0 0 1 0 0 0 0 0 0 0 0 0 0 0 0 0 0 0 0 0 0 0 0 0 0 0 0 0 0 0 0 0 0 0 0 0 0 0 0 0 0 0 0 0 0 0 
0 0 0 4 6 2 14 8 18 14 21 19 40 32 25 49 60 88 96 93 113 117 148 147 153 183 197 199 211 213 248 235 222 244 204 246 218 238 217 195 182 146 158 152 145 149 126 111 83 78 77 65 69 56 46 35 43 28 30 22 20 22 16 9 11 6 9 3 3 5 4 3 3 1 2 1 3 2 1 1 3 1 0 0 0 0 1 0 0 0 1 0 0 0 0 0 0 0 0 0 0 0 0 0 0 2 0 0 0 0 0 0 0 0 0 0 0 0 0 0 0 0 0 0 0 0 0 0 0 0 0 0 0 0 0 0 0 0 0 0 0 0 0 
0 0 0 8 1 3 4 7 7 3 14 6 19 17 26 24 36 43 43 56 74 87 69 94 116 124 102 136 158 148 178 186 200 221 205 221 231 240 229 218 232 234 198 214 189 153 151 133 131 137 119 111 96 84 75 69 54 54 38 37 30 29 39 24 35 14 14 12 15 10 11 5 4 6 1 4 1 2 2 2 4 3 1 3 0 0 3 1 2 0 0 1 0 0 0 0 0 1 0 0 0 0 0 0 0 1 0 0 0 0 0 0 0 0 0 0 0 0 0 0 0 0 0 0 0 0 0 0 0 0 0 0 0 0 0 0 0 0 0 0 0 0 0 
0 0 0 0 4 3 8 4 8 17 17 13 16 24 33 36 51 50 78 80 98 100 121 156 159 170 185 189 199 203 201 186 278 212 271 240 229 207 234 228 197 211 160 165 163 153 138 125 111 93 98 77 62 62 50 42 43 41 29 30 31 12 19 18 18 10 10 14 14 6 9 4 4 4 5 2 3 5 2 1 0 0 1 0 0 0 1 2 1 0 0 1 0 0 0 0 0 0 0 0 0 1 0 0 0 0 0 0 0 0 0 0 0 0 0 0 0 0 0 0 0 0 0 0 0 0 0 0 0 0 0 0 0 0 0 0 0 0 0 0 0 0 0 
0 0 0 3 3 2 6 7 7 5 11 9 9 12 11 18 25 33 35 43 54 63 82 97 95 94 121 126 127 140 141 176 195 167 224 209 204 212 218 239 248 238 225 206 178 164 187 149 140 141 132 109 85 108 78 66 85 38 56 58 45 35 30 26 27 17 17 21 19 6 14 11 8 10 4 6 7 5 2 6 3 4 0 5 2 0 1 2 2 0 1 0 0 0 0 0 0 0 0 0 0 0 0 0 0 0 0 0 0 0 0 0 0 0 0 0 0 0 0 0 0 0 0 0 0 0 0 0 0 0 0 0 0 0 0 0 0 0 0 0 0 0 0 
0 0 0 2 3 4 7 4 9 13 18 11 20 22 29 27 44 49 62 77 77 88 95 123 129 162 141 168 175 189 211 216 239 230 241 261 254 251 224 236 209 188 192 173 175 153 136 125 115 111 109 110 89 73 66 54 45 45 30 38 33 31 16 29 16 18 18 17 9 10 9 9 3 5 5 3 1 3 4 0 1 1 0 1 2 1 0 1 0 0 0 0 0 0 0 0 1 0 0 0 0 0 0 0 0 0 0 0 0 0 0 0 0 0 0 0 0 0 0 0 0 0 0 0 0 0 0 0 0 0 0 0 0 0 0 0 0 0 0 0 0 0 0 
0 0 0 7 3 2 9 11 6 12 14 14 24 40 34 49 49 44 45 73 69 82 98 106 121 125 162 143 158 170 193 215 205 203 223 249 194 237 229 203 212 184 175 155 164 146 166 128 124 111 102 88 99 93 56 48 52 49 27 39 30 22 29 15 19 15 12 11 10 7 12 3 10 3 13 4 3 2 2 1 2 0 2 1 0 1 2 1 0 0 0 1 0 0 0 0 0 0 0 0 0 0 0 0 0 0 0 0 0 0 0 0 0 0 0 0 0 0 0 0 0 0 0 0 0 0 0 0 0 0 0 0 0 0 0 0 0 0 0 0 0 0 0 
0 0 0 5 7 3 8 9 15 9 16 22 15 31 32 31 47 55 68 54 91 100 110 132 147 141 141 171 173 223 211 219 210 213 242 217 227 196 190 204 196 188 183 170 138 136 131 121 110 110 111 76 74 71 62 51 55 44 46 27 18 23 18 12 16 10 11 11 5 7 4 7 2 4 3 5 1 0 2 1 1 1 0 0 1 1 1 0 0 0 0 0 0 0 0 0 0 0 0 1 0 0 0 0 0 0 0 0 0 0 0 0 0 0 0 0 0 0 0 0 0 0 0 0 0 0 0 0 0 0 0 0 0 0 0 0 0 0 0 0 0 0 0 
0 0 0 3 1 3 18 6 7 11 24 18 23 26 27 39 44 46 65 83 74 105 127 125 145 165 158 214 172 220 225 211 227 188 250 218 220 246 253 198 215 182 186 157 126 142 128 107 112 100 97 88 70 57 67 51 62 46 39 33 36 24 25 15 17 10 12 11 6 5 12 7 9 6 1 1 7 2 6 1 1 1 1 1 1 0 2 0 0 1 0 1 1 0 0 0 1 0 0 0 1 0 0 1 0 0 0 0 0 0 0 0 0 0 0 0 0 0 0 0 0 0 0 0 0 0 0 0 0 0 0 0 0 0 0 0 0 0 0 0 0 0 0 
0 0 0 4 4 5 8 8 4 16 20 20 24 39 41 56 66 59 77 93 99 124 114 135 157 160 195 217 190 238 226 221 243 242 227 237 216 222 200 194 201 202 150 156 162 129 125 106 98 93 82 75 58 74 59 57 49 45 31 35 23 24 20 17 16 9 13 9 9 11 3 7 5 9 5 2 2 4 1 1 0 1 1 0 2 2 1 0 0 0 0 0 0 0 0 1 0 0 0 0 0 0 0 0 0 0 0 0 0 0 0 0 0 0 0 0 0 0 0 0 0 0 0 0 0 0 0 0 0 0 0 0 0 0 0 0 0 0 0 0 0 0 0 
0 0 0 3 4 4 4 6 13 14 13 11 19 29 33 38 38 49 72 66 81 111 103 114 145 179 185 147 183 188 209 253 214 226 242 217 236 197 213 212 196 195 175 184 170 150 132 121 121 94 92 89 72 75 61 48 53 32 35 35 38 19 22 18 13 10 13 4 10 5 6 8 4 4 3 5 2 1 3 1 2 2 2 1 0 2 0 0 0 1 0 0 0 0 0 0 0 0 1 0 0 0 0 0 0 0 0 0 0 0 0 0 0 0 0 0 0 0 0 0 0 0 0 0 0 0 0 0 0 0 0 0 0 0 0 0 0 0 0 0 0 0 0 
0 0 0 2 2 1 8 8 10 13 13 11 24 34 32 42 46 62 73 78 87 96 120 134 136 138 178 177 184 187 192 204 226 209 201 208 202 222 206 221 201 185 176 168 185 131 134 106 105 96 99 83 79 64 52 74 37 45 37 47 21 21 23 16 22 11 16 11 8 13 4 8 4 4 3 2 2 1 2 3 3 1 1 2 0 0 1 0 0 0 2 0 0 0 0 1 0 0 0 1 0 0 0 0 0 0 0 0 0 0 0 0 0 0 0 0 0 0 0 0 0 0 0 0 0 0 0 0 0 0 0 0 0 0 0 0 0 0 0 0 0 0 0 
0 0 0 8 1 2 4 3 9 6 18 6 26 31 18 36 42 57 57 72 74 100 95 117 117 150 139 168 180 191 229 201 223 227 212 230 224 231 210 226 214 206 175 197 152 145 130 147 114 114 93 76 84 69 60 53 45 40 33 30 27 30 21 13 14 13 2 17 8 10 7 3 5 5 3 5 5 0 1 1 1 0 2 2 2 1 1 1 0 2 0 0 0 0 2 0 0 0 0 1 1 0 0 0 0 0 0 1 0 0 0 0 0 0 0 0 0 0 0 0 0 0 0 0 0 0 0 0 0 0 0 0 0 0 0 0 0 0 0 0 0 0 0 
0 0 0 3 4 2 16 11 9 23 18 12 21 32 46 47 45 61 74 94 91 98 121 133 159 178 169 207 220 208 194 230 204 234 250 261 222 224 201 199 197 184 159 174 160 141 122 119 87 92 77 82 85 71 42 40 44 45 31 30 34 22 25 18 13 7 11 10 6 7 8 7 4 1 4 6 1 1 3 2 3 0 1 1 1 0 2 2 2 0 0 0 0 0 0 0 0 0 0 0 0 0 0 0 0 0 0 0 0 0 0 0 0 0 0 0 0 0 0 0 0 0 0 0 0 0 0 0 0 0 0 0 0 0 0 0 0 0 0 0 0 0 0 
0 0 0 2 1 2 7 9 12 17 22 10 26 25 22 35 44 57 62 73 85 84 120 132 120 154 156 184 201 197 210 235 213 245 223 229 248 247 251 225 202 219 200 163 157 135 134 137 128 111 87 81 74 70 51 53 40 39 34 26 27 26 19 27 15 13 11 8 9 6 3 9 8 5 4 2 4 1 2 5 0 0 0 1 2 2 1 0 0 1 0 1 0 0 0 0 0 0 0 0 0 0 0 0 0 0 0 0 0 0 0 0 0 0 0 0 0 0 0 0 0 0 0 0 0 0 0 0 0 0 0 0 0 0 0 0 0 0 0 0 0 0 0 
0 0 0 6 1 3 3 11 9 6 26 15 14 34 29 31 40 56 55 60 76 87 91 136 117 147 130 162 197 206 187 195 230 215 215 234 235 208 225 198 221 168 189 186 158 145 158 124 116 99 88 90 91 59 69 52 45 56 36 39 25 28 15 14 16 16 18 15 15 7 7 3 8 4 1 6 2 3 0 1 1 1 0 2 0 3 0 0 0 0 0 0 0 0 0 0 0 0 0 0 0 0 0 0 0 0 0 0 0 0 0 0 0 0 0 0 0 0 0 0 0 0 0 0 0 0 0 0 0 0 0 0 0 0 0 0 0 0 0 0 0 0 0 
0 0 0 6 2 1 3 4 7 12 15 7 17 23 31 29 35 45 43 49 75 83 110 115 104 127 137 161 195 200 204 200 216 212 216 197 210 232 208 238 201 230 185 202 193 149 149 141 120 104 114 87 80 70 83 55 60 49 40 46 36 28 24 23 20 17 14 15 8 13 10 5 6 10 4 5 4 3 4 2 1 2 2 1 0 2 1 0 0 0 0 0 0 0 0 1 1 0 0 0 0 0 0 0 0 0 0 0 0 0 0 0 0 0 0 0 0 0 0 0 0 0 0 0 0 0 0 0 0 0 0 0 0 0 0 0 0 0 0 0 0 0 0 
0 0 0 2 3 4 15 8 10 10 13 8 8 23 31 38 48 50 59 80 65 86 85 119 116 143 142 183 171 166 182 231 224 213 230 242 245 213 225 218 223 177 220 149 167 168 140 111 122 90 107 73 83 80 80 68 60 44 41 51 27 31 21 25 20 15 8 10 17 11 6 8 10 5 4 6 3 0 2 1 3 2 0 0 1 1 3 0 1 0 0 0 0 0 0 0 0 0 0 0 0 0 0 0 0 0 0 0 0 0 0 0 0 0 0 0 0 0 0 0 0 0 0 0 0 0 0 0 0 0 0 0 0 0 0 0 0 0 0 0 0 0 0 
0 0 0 2 2 4 2 13 12 23 5 4 19 25 26 35 34 45 66 74 93 89 132 132 142 138 150 154 206 233 215 231 237 210 260 239 229 228 238 223 190 214 169 162 170 153 130 140 119 96 98 78 62 52 53 57 40 24 34 26 25 15 17 19 19 11 16 5 9 9 9 2 4 1 1 1 1 2 2 1 4 1 0 0 2 0 2 0 1 0 0 0 0 0 0 0 0 0 0 0 0 1 0 0 1 0 0 0 0 0 0 0 0 0 0 0 0 0 0 0 0 0 0 0 0 0 0 0 0 0 0 0 0 0 0 0 0 0 0 0 0 0 0 
0 0 0 2 2 2 1 15 9 10 21 14 24 40 41 41 53 48 54 65 91 96 114 156 156 142 155 165 202 203 208 214 247 233 243 239 230 190 224 190 212 176 180 184 158 139 115 118 103 101 87 89 79 59 51 43 44 41 40 22 30 26 22 18 13 18 9 11 9 8 6 6 8 3 4 4 2 1 1 2 3 1 2 0 2 0 0 1 2 0 0 0 0 0 0 0 0 0 0 0 0 0 0 0 0 0 0 0 0 0 0 0 0 0 0 0 0 0 0 0 0 0 0 0 0 0 0 0 0 0 0 0 0 0 0 0 0 0 0 0 0 0 0 
0 0 0 4 3 1 1 4 10 13 16 10 15 31 21 34 36 41 51 55 75 69 88 105 105 130 130 160 150 192 213 194 200 217 246 236 219 224 209 200 217 216 199 185 160 161 157 154 145 128 117 99 90 66 81 61 47 42 45 26 33 39 23 23 19 25 13 12 11 11 8 4 2 6 4 8 3 3 3 2 2 1 1 1 0 1 1 0 0 0 1 0 0 0 0 0 0 0 1 0 0 1 0 0 0 0 0 0 0 0 0 1 0 0 0 0 0 0 0 0 0 0 0 0 0 0 0 0 0 0 0 0 0 0 0 0 0 0 0 0 0 0 0 
0 0 0 5 1 8 7 10 14 14 14 16 12 34 41 30 50 58 53 85 82 101 97 101 136 162 160 182 208 208 222 226 234 242 266 238 225 219 216 194 217 206 172 169 167 160 142 130 109 96 77 77 78 68 57 45 47 49 33 29 22 30 17 20 16 17 5 4 11 6 10 5 6 6 4 4 3 1 1 1 1 2 0 0 1 0 2 0 0 0 0 0 0 0 0 0 0 0 0 0 0 0 0 0 0 0 0 0 0 0 0 0 0 0 0 0 0 0 0 0 0 0 0 0 0 0 0 0 0 0 0 0 0 0 0 0 0 0 0 0 0 0 0 
0 0 0 3 2 0 5 7 2 5 13 11 10 26 35 26 44 47 44 73 74 86 94 100 142 158 155 187 173 199 200 216 211 251 252 211 243 235 232 219 210 197 183 177 158 157 153 113 125 117 106 90 87 73 61 73 41 40 38 19 24 20 33 18 13 16 8 14 5 7 8 3 2 4 1 4 2 1 2 1 2 3 1 0 1 2 0 2 0 0 1 0 0 0 0 0 0 0 0 0 0 0 0 0 0 0 0 0 0 0 0 0 0 0 0 0 0 0 0 0 0 0 0 0 0 0 0 0 0 0 0 0 0 0 0 0 0 0 0 0 0 0 0 
0 0 0 3 1 0 4 6 10 8 18 19 18 37 33 43 43 51 63 73 72 70 104 124 126 139 150 154 210 191 224 213 224 250 240 236 247 235 236 199 184 186 194 171 165 155 132 156 114 124 107 91 77 47 71 51 41 46 38 49 34 25 20 18 16 14 12 10 13 11 10 8 4 6 6 3 3 4 0 0 0 4 1 1 2 2 0 0 0 2 0 0 0 1 1 1 0 0 1 0 0 0 0 0 0 0 0 0 0 0 0 0 0 0 0 0 0 0 0 0 0 0 0 0 0 0 0 0 0 0 0 0 0 0 0 0 0 0 0 0 0 0 0 
0 0 0 6 3 2 3 8 9 13 14 10 20 24 18 31 32 50 50 61 60 69 74 84 129 133 107 154 159 178 229 184 219 223 222 224 209 222 214 213 215 204 208 201 155 141 141 147 113 134 119 89 78 92 81 66 54 47 49 37 42 35 25 22 26 18 16 10 10 11 4 8 6 5 5 5 0 3 4 2 4 3 6 2 0 2 0 1 1 1 0 0 1 2 0 0 0 0 0 1 0 0 0 0 0 0 0 0 0 0 0 0 0 0 0 0 0 0 0 0 0 0 0 0 0 0 0 0 0 0 0 0 0 0 0 0 0 0 0 0 0 0 0 
0 0 0 2 3 3 5 10 5 13 12 10 17 31 41 33 42 33 69 65 75 84 95 121 131 137 161 192 180 176 214 209 217 230 228 260 229 245 249 226 249 199 174 174 167 168 142 146 121 102 78 88 96 75 62 59 54 42 43 28 32 32 23 21 10 16 6 6 5 7 7 12 2 1 2 3 2 4 1 1 2 1 0 1 0 0 0 0 0 0 1 0 0 1 0 0 0 0 0 0 0 0 0 0 0 0 0 0 0 0 0 0 0 0 0 0 0 0 0 0 0 0 0 1 0 0 0 0 0 0 0 0 0 0 1 0 0 0 0 0 0 0 0 
0 0 0 0 0 0 4 5 6 9 14 3 11 23 21 25 32 43 37 46 56 82 86 90 99 118 151 157 169 190 187 207 201 236 224 231 244 205 223 232 199 239 217 202 185 160 164 167 139 133 134 94 94 81 83 59 59 38 53 36 32 21 28 22 14 25 20 8 11 8 9 7 3 8 6 3 3 3 2 1 1 1 2 1 2 2 1 0 0 0 1 0 0 0 0 0 0 1 0 0 0 0 0 0 0 0 0 0 0 0 0 0 0 0 0 0 0 0 0 0 0 0 0 0 0 0 0 0 0 0 0 0 0 0 0 0 0 0 0 0 0 0 0 
0 0 0 5 1 2 2 6 12 13 24 11 14 22 20 24 37 42 59 40 69 65 116 100 105 133 156 180 155 159 194 205 244 233 245 228 227 245 221 246 221 202 175 199 169 175 168 142 134 100 126 94 100 69 87 67 68 48 42 36 20 26 21 29 29 22 24 9 19 7 12 6 3 6 6 8 7 4 7 4 2 2 2 0 0 2 2 0 0 0 0 0 1 0 0 0 1 0 0 0 0 0 0 0 0 0 0 0 0 0 0 0 0 0 0 0 0 0 0 0 0 0 0 0 0 0 0 0 0 0 0 0 0 0 0 0 0 0 0 0 0 0 0 
0 0 0 2 4 2 5 15 17 14 23 14 16 34 40 36 45 82 62 66 66 96 129 145 154 146 177 186 188 239 197 212 215 250 243 217 236 223 235 209 200 191 174 139 169 136 142 108 111 102 95 89 87 61 74 53 45 45 31 27 25 30 12 20 24 16 15 7 4 4 4 4 5 4 4 4 2 0 2 1 1 1 0 0 0 2 0 2 0 0 0 0 0 0 1 0 0 0 0 0 0 0 0 0 0 0 0 0 0 0 0 0 0 0 0 0 0 0 0 0 0 0 0 0 0 0 0 0 0 0 0 0 0 0 0 0 0 0 0 0 0 0 0 
0 0 0 1 2 1 4 5 3 7 13 7 15 18 16 29 19 36 45 53 49 74 62 88 97 113 123 130 156 166 163 181 194 217 206 225 243 247 225 215 206 211 208 211 197 180 165 159 135 137 141 94 95 101 81 90 63 64 60 35 41 38 36 22 32 23 23 19 14 23 10 10 5 7 9 5 4 2 4 2 2 2 3 0 2 0 1 1 0 0 0 1 1 1 0 0 1 1 3 1 0 0 0 0 0 0 0 0 0 0 0 0 0 0 0 0 0 0 0 0 0 0 0 0 0 0 0 0 0 0 0 0 0 0 0 0 0 0 0 0 0 0 0 
0 0 0 0 3 2 3 7 8 10 18 7 10 24 26 28 32 36 60 80 68 87 99 95 120 140 133 174 184 186 190 233 226 227 228 218 203 235 258 217 192 205 177 191 178 144 132 122 108 109 105 96 94 61 71 56 45 40 48 34 27 18 20 19 16 17 8 6 14 4 3 10 5 3 5 2 3 4 3 0 1 0 0 1 0 0 0 0 1 0 0 0 0 0 0 0 0 0 0 0 0 0 0 0 0 0 1 0 0 0 0 0 0 0 0 0 0 0 0 0 0 0 0 0 0 0 0 0 0 0 0 0 0 0 0 0 0 0 0 0 0 0 0 
0 0 0 3 4 2 12 3 7 9 16 11 20 28 35 43 47 45 62 73 83 95 97 142 136 135 164 178 183 185 235 233 217 229 198 226 196 210 220 243 206 219 191 175 154 149 130 122 122 119 84 74 73 62 65 51 58 34 38 24 40 27 12 18 14 11 6 9 11 2 10 6 7 6 5 1 3 0 0 3 3 1 0 0 2 1 0 2 0 2 2 1 0 1 0 0 0 0 0 0 0 0 0 0 0 0 0 0 0 0 0 0 0 1 0 0 0 0 0 0 0 0 0 0 0 0 0 0 0 0 0 0 0 0 0 0 0 0 0 0 0 0 0 
0 0 0 6 4 3 2 8 5 15 11 31 23 34 30 35 34 56 77 76 94 99 117 121 142 170 145 179 182 197 177 229 256 239 240 226 257 241 197 204 232 213 207 192 164 166 134 112 119 111 101 84 77 64 54 41 49 38 29 28 29 23 29 17 15 14 14 10 12 4 8 2 5 4 4 3 4 1 0 1 0 3 0 1 0 0 0 1 1 0 0 0 0 0 0 0 0 0 0 0 0 0 0 0 0 0 0 0 0 0 0 0 0 0 0 0 0 0 0 0 0 0 0 0 0 0 0 0 0 0 0 0 0 0 0 0 0 0 0 0 0 0 0 
0 0 0 4 1 1 9 6 7 10 9 6 8 19 28 31 30 36 52 60 63 85 72 105 115 129 131 153 161 170 224 213 218 229 228 198 232 239 222 215 234 204 207 168 183 155 159 153 125 122 112 96 101 72 67 70 55 52 48 45 32 35 29 29 13 15 14 11 8 12 8 5 11 2 5 4 1 3 1 2 1 1 0 0 1 3 1 0 1 0 0 0 0 0 0 0 0 0 1 0 0 0 0 0 0 0 0 0 0 0 0 0 0 0 0 0 0 0 0 0 0 0 0 0 0 0 0 0 0 0 0 0 0 0 0 0 0 0 0 0 0 0 0 
0 0 0 5 3 4 5 9 8 14 13 12 15 27 31 26 41 56 46 67 65 65 89 96 124 122 146 138 166 170 196 202 181 205 241 216 221 232 199 220 209 199 209 180 174 170 153 127 122 124 115 117 78 68 70 77 67 51 48 46 38 23 30 37 28 15 17 10 12 11 9 7 11 7 5 6 5 4 3 4 1 1 0 0 0 1 0 0 0 2 0 0 0 0 0 0 0 0 0 0 0 0 0 0 0 0 0 0 0 0 0 0 0 0 0 0 0 0 0 0 0 0 0 0 0 0 0 0 0 0 0 0 0 0 0 0 0 0 0 0 0 0 0 
0 0 0 6 3 4 10 4 7 13 24 10 13 18 26 29 22 31 45 38 55 67 77 98 92 112 131 135 164 178 197 207 197 211 233 218 213 228 208 213 211 185 231 183 221 173 164 170 145 137 121 103 103 84 99 71 57 45 57 43 34 29 27 22 14 23 12 19 9 12 4 6 3 5 3 6 5 1 4 1 1 1 3 2 2 0 0 1 1 0 1 0 1 0 0 0 0 0 0 0 1 0 0 1 0 0 0 0 0 0 0 0 0 0 0 0 0 0 0 0 0 0 0 0 0 0 0 0 0 0 0 0 0 0 0 0 0 0 0 0 0 0 0 
0 0 0 4 2 5 6 17 12 14 20 19 18 31 39 48 67 54 74 80 86 107 127 139 155 162 185 176 198 221 193 228 217 198 218 209 223 189 227 200 198 178 157 171 160 124 126 127 114 95 95 66 83 80 47 44 43 36 21 39 23 24 20 15 14 9 6 6 11 7 8 6 8 5 9 4 3 3 2 2 0 1 1 0 0 2 0 0 1 0 0 0 0 0 0 0 0 0 0 0 0 0 0 0 0 0 1 0 0 0 0 0 0 0 0 0 0 0 0 0 0 0 0 0 0 0 0 0 0 0 0 0 0 0 0 0 0 0 0 0 0 0 0 
0 0 0 3 3 3 4 7 11 13 13 18 15 25 22 36 47 40 68 79 84 75 113 135 110 159 165 169 177 196 177 209 210 223 210 245 234 249 239 213 197 198 189 199 180 153 132 141 106 112 131 87 86 66 71 78 60 62 40 38 30 26 25 27 18 18 11 12 13 6 4 8 3 9 5 5 2 8 7 3 4 2 1 0 1 0 1 0 0 0 0 1 0 0 0 0 0 0 0 0 0 0 0 0 0 2 1 0 0 0 0 0 0 0 0 0 0 0 0 0 0 0 0 0 0 0 0 0 0 0 0 0 0 0 0 0 0 0 0 0 0 0 0 
0 0 0 4 3 1 2 6 6 10 13 14 9 21 14 22 34 45 46 56 74 65 75 76 110 100 123 159 177 154 198 182 205 197 198 226 217 210 223 227 204 202 199 178 196 153 149 144 143 118 99 119 97 88 71 64 62 52 49 54 40 28 30 35 25 21 14 17 17 15 10 10 5 8 3 5 0 4 4 0 4 7 1 1 2 1 1 2 1 1 0 0 0 0 0 0 0 0 0 0 0 0 0 0 0 0 0 0 0 0 0 0 0 0 0 0 0 0 0 0 0 0 0 0 0 0 0 0 0 0 0 0 0 0 0 0 0 0 0 0 0 0 0 
0 0 0 2 2 1 6 10 6 18 16 13 27 19 29 49 44 52 53 94 99 91 109 139 151 142 161 195 174 220 218 228 240 248 225 236 237 253 231 224 227 198 188 139 148 145 139 129 109 96 101 100 68 84 97 41 47 59 42 34 28 19 14 14 24 15 13 13 9 5 5 7 8 4 3 4 2 3 0 3 1 2 1 0 1 0 1 0 1 1 1 0 0 1 0 0 0 0 0 0 0 0 0 0 0 0 0 0 0 0 0 0 0 0 0 0 0 0 0 0 0 0 0 0 0 0 0 0 0 0 0 0 0 0 0 0 0 0 0 0 0 0 0 
0 0 0 9 2 1 3 2 15 10 16 15 19 16 30 39 39 58 73 54 77 90 102 104 114 125 128 165 153 198 202 203 219 220 239 228 194 232 232 215 219 197 202 227 157 174 149 133 160 146 120 114 93 110 94 71 48 46 51 38 30 45 36 17 27 22 19 15 21 10 4 10 5 5 5 2 4 2 4 1 4 1 1 0 0 1 0 1 0 0 0 1 0 0 0 1 0 0 0 0 0 0 0 0 0 0 0 0 0 0 0 0 0 0 0 0 0 0 0 0 0 0 0 0 0 0 0 0 0 0 0 0 0 0 0 0 0 0 0 0 0 0 0 
0 0 0 1 2 3 9 7 6 14 19 17 22 26 14 30 50 56 44 82 66 80 106 134 119 123 144 169 198 172 199 234 223 210 241 238 200 220 229 232 201 182 186 168 158 158 138 136 121 108 106 100 80 73 67 61 48 55 37 34 27 28 24 18 17 15 12 10 7 20 4 5 12 7 3 3 3 4 3 6 3 3 0 1 0 2 3 1 0 1 0 0 1 0 0 0 0 0 0 0 0 0 0 0 0 0 0 0 0 0 0 0 0 0 0 0 0 0 0 0 0 0 0 0 0 0 0 0 0 0 0 0 0 0 0 0 0 0 0 0 0 0 0 
