0 0 0 4 1 1 12 9 16 9 14 31 34 45 55 57 98 91 122 145 142 184 190 208 206 236 268 248 254 272 258 291 310 284 299 285 245 232 222 197 193 175 164 159 140 130 123 102 92 88 63 66 69 52 36 52 32 27 36 17 28 18 16 13 13 9 12 17 10 4 5 7 4 7 6 7 2 4 6 3 1 0 2 1 0 2 0 4 1 3 1 1 1 0 1 0 0 0 0 0 0 0 0 0 1 0 0 0 0 0 0 0 0 0 0 0 1 0 0 0 0 0 0 0 0 0 0 0 0 0 0 0 0 0 0 0 0 0 0 0 0 0 0 
0 0 0 8 3 3 8 16 8 17 24 32 35 55 46 56 74 85 105 133 155 157 170 220 232 244 263 258 254 251 297 261 282 309 277 247 245 241 224 183 200 177 179 175 124 127 102 99 97 92 76 57 61 51 38 41 42 33 30 26 23 24 17 14 15 14 7 6 10 8 9 8 6 4 3 2 5 5 1 0 4 3 3 3 4 1 1 2 1 2 1 1 0 1 1 1 0 0 0 0 0 0 0 0 0 0 0 0 1 0 0 1 0 0 0 0 0 0 0 0 0 0 0 0 0 0 0 0 0 0 0 0 0 1 0 0 0 1 0 0 0 0 0 
0 0 0 5 3 5 8 6 7 8 18 25 31 38 39 52 58 74 93 102 143 135 155 170 188 197 244 262 266 302 261 292 302 308 256 259 228 258 254 203 215 191 167 154 142 142 125 130 101 98 80 69 79 56 57 40 30 42 40 33 35 38 26 23 23 8 12 9 14 4 7 7 9 10 8 7 1 5 3 2 3 3 1 3 2 0 0 1 0 0 0 0 1 0 2 0 0 0 0 0 0 0 0 0 0 0 0 2 0 0 0 0 0 0 0 1 0 0 0 0 0 0 0 0 0 0 0 0 0 0 0 0 0 0 0 0 0 0 0 0 0 0 0 
0 0 0 5 4 5 5 8 11 14 19 22 31 35 42 51 55 81 80 122 116 167 161 183 217 227 230 256 268 263 265 274 295 284 284 262 236 243 212 222 188 168 191 138 154 157 136 125 97 95 82 76 69 69 53 48 53 32 34 28 33 26 18 21 8 15 6 8 11 7 8 4 9 5 1 5 4 6 4 3 4 2 1 2 0 0 0 1 1 1 1 0 0 0 1 1 0 0 0 0 0 0 1 0 1 0 0 0 0 0 0 0 0 0 0 0 0 0 0 0 0 0 0 0 0 0 0 0 0 0 0 0 0 0 0 0 0 0 0 0 0 0 0 
0 0 0 3 3 3 4 5 8 10 15 19 34 32 41 52 64 99 88 116 131 115 161 185 218 212 224 240 278 261 272 240 283 291 254 283 253 253 254 217 223 192 178 155 166 147 129 129 104 105 93 80 74 56 55 51 35 37 42 30 22 23 20 21 12 11 11 13 9 10 2 6 8 4 5 5 1 3 3 4 3 4 7 5 1 1 0 1 0 0 1 0 0 1 0 0 0 0 1 0 0 0 0 0 0 1 0 0 0 0 0 0 0 0 0 0 0 0 0 0 0 0 0 0 0 0 0 0 0 0 0 0 0 0 0 0 0 0 0 0 0 0 0 
0 0 0 1 2 3 0 8 10 8 13 27 18 30 37 46 61 57 83 101 118 111 176 159 191 229 243 267 271 267 273 294 300 289 255 298 284 263 239 258 219 209 196 172 173 143 151 152 139 124 92 77 73 54 51 49 49 39 40 43 30 33 23 18 18 13 19 11 12 13 9 5 9 5 5 3 3 4 5 2 2 1 5 2 1 0 1 1 0 2 1 1 0 1 2 1 0 0 0 0 0 0 0 0 0 0 0 0 0 0 0 0 0 0 0 0 0 0 0 0 0 0 0 0 0 0 0 0 0 0 0 0 0 0 0 0 0 0 0 0 0 0 0 
0 0 0 2 3 2 1 2 5 11 16 24 15 31 54 52 57 87 95 93 114 119 158 177 201 212 235 225 267 277 257 268 290 276 300 245 271 248 244 218 207 163 188 153 157 162 128 118 115 98 108 67 82 70 51 46 55 44 34 45 31 30 20 26 16 14 15 8 14 7 10 6 12 10 8 7 4 3 4 5 1 3 4 2 2 0 0 1 1 0 0 0 0 0 2 0 0 0 1 0 0 0 0 0 0 0 0 0 0 0 0 0 0 0 0 0 0 0 0 0 0 0 0 0 0 0 0 0 0 0 0 0 0 0 0 0 0 0 0 0 0 0 0 
0 0 0 3 2 4 5 6 11 11 23 30 29 50 45 70 91 87 81 121 128 147 160 191 181 196 233 273 259 257 292 257 276 284 292 276 248 235 249 236 216 190 174 158 125 129 135 106 99 90 65 84 57 39 40 46 41 41 26 27 28 28 26 7 15 16 11 7 13 11 7 4 4 0 3 4 4 2 5 2 1 4 3 1 3 1 1 1 4 1 0 1 0 1 0 0 0 0 0 0 0 0 0 0 0 0 0 0 0 0 0 0 0 0 0 0 0 0 0 0 0 0 0 0 0 0 0 0 0 0 0 0 0 0 0 0 0 0 0 0 0 0 0 
0 0 0 2 3 3 3 7 13 17 40 34 37 67 55 63 83 98 115 110 142 164 155 185 219 230 212 269 260 256 309 275 288 288 283 281 256 244 251 227 201 179 165 144 153 106 97 106 94 91 70 81 53 50 57 34 46 39 34 38 25 20 15 24 17 14 9 8 4 13 4 8 5 6 6 1 8 5 5 2 5 1 3 1 2 1 0 1 1 1 0 2 0 0 0 0 0 0 0 0 1 0 0 0 1 0 0 0 0 0 0 0 0 0 0 0 0 0 0 0 0 0 0 0 0 0 0 0 0 0 0 0 0 0 0 0 0 0 0 0 0 0 0 
0 0 0 1 2 2 13 11 16 10 16 31 50 45 73 80 71 93 108 131 147 177 202 200 210 274 287 278 254 295 256 268 286 287 247 282 264 209 238 195 177 168 138 151 113 142 117 94 97 68 70 61 50 40 45 42 44 21 20 25 16 18 13 18 18 9 15 10 6 7 7 8 6 5 5 4 4 3 2 1 4 1 4 0 0 3 1 0 1 0 0 2 1 0 0 0 0 0 0 0 0 0 0 0 0 1 0 0 0 0 0 0 0 0 0 0 0 0 0 0 0 0 0 0 0 0 0 0 0 0 0 0 0 0 0 0 0 0 0 0 0 0 0 
0 0 0 4 4 2 2 8 11 14 22 26 33 43 56 63 71 89 107 122 162 192 165 198 242 233 248 278 283 273 287 285 263 271 241 248 247 238 224 178 197 182 180 141 141 132 104 92 103 80 61 66 60 52 34 39 34 35 31 29 24 17 18 14 18 11 10 19 8 10 6 4 5 4 4 3 2 4 2 3 5 1 0 3 1 1 0 0 2 1 0 0 1 0 0 0 0 0 0 0 1 1 0 0 0 0 0 0 0 0 0 0 0 0 0 0 0 0 0 0 0 0 0 0 0 0 0 0 0 0 0 0 0 0 0 0 0 0 0 0 0 0 0 
0 0 0 3 1 6 6 6 8 9 17 17 26 37 40 59 55 99 85 112 131 140 157 168 197 210 223 224 242 258 248 270 276 270 289 302 262 256 252 221 221 192 192 184 155 145 146 132 84 91 81 79 84 53 62 53 36 47 56 31 35 34 33 19 19 12 20 16 15 16 12 5 1 10 5 1 5 3 4 4 3 2 2 0 1 0 0 1 0 0 1 2 0 0 1 0 0 0 0 0 1 1 0 0 0 0 0 0 0 0 0 0 0 0 0 0 0 0 0 0 0 0 0 0 0 0 0 0 0 0 0 0 0 0 0 0 0 0 0 0 0 0 0 
0 0 0 1 2 4 5 5 9 12 31 22 28 46 61 71 94 100 94 131 140 189 205 232 217 240 254 245 264 299 280 276 273 307 256 263 239 229 251 223 233 175 148 141 123 131 123 120 82 77 78 61 58 52 41 35 43 30 22 20 25 20 17 17 13 9 11 16 9 10 4 5 9 2 2 0 3 1 2 0 2 0 0 1 1 0 0 0 0 1 0 0 0 0 0 0 0 0 0 1 0 0 0 0 1 0 0 0 0 1 0 0 0 0 0 0 0 0 0 0 0 0 0 0 0 0 0 0 0 0 0 0 0 0 0 0 0 0 0 0 0 0 0 
0 0 0 2 4 2 8 8 10 11 15 30 20 42 37 58 66 77 107 115 135 121 163 184 225 211 245 246 281 297 251 299 245 288 292 293 231 256 248 240 220 182 167 172 154 143 114 123 132 115 97 81 51 49 48 63 60 35 36 32 31 22 23 17 15 19 17 19 13 10 7 5 2 6 2 3 5 4 0 3 1 2 0 1 0 0 1 1 1 0 1 0 1 0 0 0 0 0 0 0 1 0 0 0 0 0 0 0 0 0 0 0 0 0 0 0 0 0 0 0 0 0 0 0 0 0 0 0 0 0 0 0 0 0 0 0 0 0 0 0 0 0 0 
0 0 0 3 4 2 9 3 15 9 16 28 39 50 73 66 92 86 111 153 153 168 178 198 232 239 240 262 281 260 299 284 273 291 261 266 242 219 225 224 188 179 144 146 135 120 102 89 93 73 75 58 77 48 43 38 43 28 28 26 22 14 18 16 11 14 7 7 11 8 9 4 4 6 3 2 4 5 2 1 5 1 3 0 0 2 0 3 0 0 1 0 0 0 1 0 0 1 0 0 0 0 0 0 0 0 0 0 0 0 0 0 0 0 0 0 0 0 0 0 0 0 0 0 0 0 0 0 0 0 0 0 0 0 0 0 0 0 0 0 0 0 0 
0 0 0 1 4 2 2 9 17 20 18 18 32 57 36 58 69 78 97 107 138 153 165 183 201 227 219 290 265 265 267 280 274 260 265 243 253 248 217 221 209 177 175 155 153 126 125 117 109 89 90 73 59 54 64 40 50 39 35 27 22 18 17 17 14 15 13 6 10 4 6 5 5 5 3 5 2 4 2 2 2 2 1 0 3 1 0 3 2 1 0 1 1 0 0 0 0 0 0 0 0 1 0 0 0 1 1 0 1 0 0 0 0 0 0 0 0 0 0 0 0 0 0 0 1 0 0 0 0 0 0 0 0 0 0 0 0 0 0 0 0 0 0 
0 0 0 7 4 4 6 3 7 12 38 30 38 41 44 56 70 75 110 108 134 155 156 213 204 205 266 278 230 272 282 272 254 295 263 261 280 245 209 211 193 173 199 161 114 120 110 96 107 113 75 80 65 66 47 46 40 31 36 27 26 23 20 16 15 12 15 9 7 9 12 6 5 1 6 5 2 3 2 1 4 1 0 0 0 1 0 0 0 0 1 0 0 0 1 0 0 0 0 0 0 0 0 0 0 0 0 0 0 0 0 0 0 0 0 0 0 0 0 0 0 0 0 0 0 0 0 0 0 0 0 0 0 0 0 0 0 0 0 0 0 0 0 
0 0 0 3 3 2 2 7 3 16 14 26 21 32 47 47 73 80 86 103 126 136 160 193 205 232 251 248 256 283 252 306 269 283 290 270 255 248 266 217 181 200 164 167 131 143 111 132 121 101 82 69 76 63 60 44 49 36 46 29 29 18 23 28 13 14 10 16 11 12 11 5 1 8 5 2 5 2 5 2 1 0 2 3 1 1 1 1 1 0 1 0 1 0 0 0 1 1 0 0 0 0 0 0 0 1 0 0 0 0 0 0 0 0 0 0 0 0 0 0 0 0 0 0 0 0 0 0 0 0 0 0 0 0 0 0 0 0 0 0 0 0 0 
0 0 0 1 6 3 4 6 4 28 20 21 26 48 59 69 90 115 128 132 166 165 188 205 226 255 269 287 244 284 296 265 272 242 260 258 292 248 227 190 222 157 138 149 152 121 108 104 93 86 58 74 52 54 50 46 37 25 29 18 34 24 14 26 21 13 11 9 9 10 10 7 5 2 8 4 5 3 2 3 3 3 1 0 1 0 1 1 2 0 1 0 0 1 0 0 0 0 0 0 0 0 0 0 0 0 0 0 0 0 0 0 0 1 0 0 0 0 0 0 0 0 0 0 0 0 0 0 0 0 0 0 0 0 0 0 0 0 0 0 0 0 0 
0 0 0 5 2 2 1 3 8 12 14 38 30 35 53 58 57 90 100 120 125 147 168 206 202 219 233 281 275 296 263 292 293 291 289 240 264 252 224 215 206 189 171 184 161 152 115 127 102 89 82 80 61 58 49 48 49 37 38 31 18 28 23 12 12 20 14 9 7 15 9 3 3 7 5 9 5 3 0 2 1 3 4 3 0 1 0 0 0 1 0 1 1 2 0 0 2 0 0 0 0 0 0 0 0 0 0 1 0 0 0 0 0 0 0 0 0 0 0 0 0 0 0 0 0 0 0 0 0 0 0 0 0 0 0 0 0 0 0 0 0 0 0 
0 0 0 3 4 4 3 4 19 12 14 22 32 38 53 47 79 56 111 112 136 138 170 170 172 203 242 221 270 293 295 281 263 263 297 264 260 223 207 217 200 180 163 157 153 157 155 102 105 96 77 88 73 62 40 45 39 42 34 31 22 22 23 23 13 11 5 9 9 15 9 9 9 7 4 4 3 4 6 4 3 2 3 2 1 2 1 1 0 1 1 1 2 0 1 0 0 0 0 0 0 0 0 0 0 0 0 0 0 0 0 0 0 0 0 0 0 0 0 0 0 0 0 0 0 0 0 0 0 0 0 0 0 0 0 0 0 0 0 0 0 0 0 
0 0 0 7 6 3 4 15 7 13 17 28 26 30 46 63 60 80 101 95 127 147 177 185 205 222 255 253 272 269 296 282 296 253 270 268 262 222 244 232 209 189 211 167 139 134 110 134 117 99 98 67 65 61 45 46 28 42 23 34 20 17 17 15 16 12 14 20 7 8 12 8 5 5 4 2 4 5 3 0 3 1 2 2 2 0 1 0 0 0 0 1 0 0 1 0 0 0 1 0 0 0 0 0 1 0 0 0 0 0 0 0 1 0 0 0 0 0 0 0 0 0 0 0 0 0 0 0 0 0 0 0 0 0 0 0 0 0 0 0 0 0 0 
0 0 0 4 8 5 6 11 16 13 25 19 41 43 70 86 71 90 113 139 125 154 197 204 243 270 298 289 257 294 306 298 261 284 260 266 255 220 230 199 202 154 161 140 121 128 120 77 84 74 65 58 46 52 30 30 27 33 21 27 16 16 13 13 20 12 9 2 6 9 10 5 4 4 5 4 8 1 1 2 1 2 3 1 1 2 2 0 0 0 1 1 0 2 1 1 0 0 0 0 0 1 0 1 0 0 0 0 0 0 0 1 0 0 0 0 0 0 0 0 0 0 0 0 0 0 0 0 0 0 0 0 0 0 0 0 0 0 0 0 0 0 0 
0 0 0 2 7 2 5 6 5 3 11 12 16 30 30 45 51 67 95 95 131 145 147 166 207 199 238 243 219 260 289 253 287 270 293 271 253 259 251 227 232 189 187 179 165 129 118 128 104 113 90 74 69 63 66 56 49 54 33 33 30 24 31 22 11 20 12 20 12 12 4 6 7 9 3 6 4 6 0 2 2 1 1 1 1 2 2 0 1 1 2 0 0 3 0 0 1 0 0 0 0 1 1 0 0 1 0 0 0 1 0 0 0 0 0 0 0 0 0 0 0 0 0 0 0 0 0 0 0 0 0 0 0 0 0 0 0 0 0 0 0 0 0 
0 0 0 5 4 0 5 8 10 19 18 24 20 37 39 56 51 91 96 131 131 130 172 171 193 197 210 233 241 275 281 275 268 276 300 285 256 230 251 208 217 175 172 183 153 144 119 98 116 78 89 61 61 51 62 38 35 39 29 25 30 23 23 10 17 15 10 10 7 10 10 7 9 6 6 6 5 5 7 1 2 1 0 5 0 0 2 2 0 0 1 2 0 2 0 0 0 0 0 0 1 0 0 1 0 0 0 0 0 0 0 0 0 0 0 0 1 0 0 0 0 0 0 0 0 0 0 0 0 0 0 0 0 0 0 0 0 0 0 0 0 0 0 
0 0 0 3 0 2 6 5 13 8 16 15 14 28 44 41 58 63 105 95 114 123 134 169 146 205 214 178 264 261 273 268 255 269 301 282 270 253 205 215 201 210 198 211 169 138 130 118 123 113 107 75 76 75 56 53 62 39 44 30 40 29 27 21 19 16 14 18 12 6 7 3 16 7 11 4 4 4 2 7 3 1 0 0 1 0 0 0 0 2 0 2 0 0 1 0 0 0 0 0 0 0 0 0 0 0 0 0 0 0 0 0 0 0 0 0 0 0 0 0 0 0 0 0 0 0 0 0 0 0 0 0 0 0 0 0 0 0 0 0 0 0 0 
0 0 0 1 1 1 3 3 12 11 18 32 24 31 57 56 80 93 121 118 160 168 161 199 185 218 236 290 281 256 285 296 279 307 276 274 265 245 199 251 196 179 154 160 160 150 119 109 116 87 87 69 65 58 37 45 36 29 33 29 34 21 23 23 15 9 13 6 7 9 6 5 4 5 4 5 2 3 2 0 4 1 1 3 3 0 1 2 1 1 0 1 0 2 1 0 1 0 0 2 1 0 1 1 0 0 0 0 0 0 0 0 0 0 0 0 0 0 0 0 0 0 0 0 0 0 0 0 0 0 0 0 0 0 0 1 0 0 0 1 0 0 0 
0 0 0 4 2 4 11 16 16 20 27 27 53 59 70 81 115 106 146 159 162 175 211 229 246 254 285 278 316 234 258 270 262 250 271 236 238 222 208 175 168 163 146 147 113 115 106 81 80 66 62 63 38 35 48 38 43 18 28 21 15 15 13 18 10 10 10 8 8 6 6 8 3 7 5 1 2 2 1 2 0 0 1 1 4 0 0 2 3 1 0 0 0 1 1 1 0 0 0 0 0 0 0 1 0 0 0 0 0 0 0 0 0 0 0 0 0 0 0 0 0 0 0 0 0 0 0 0 0 0 0 0 0 0 0 0 0 0 0 0 0 0 0 
0 0 0 3 2 4 5 8 11 12 14 10 31 42 41 57 76 80 100 142 148 190 178 183 223 217 277 272 278 314 292 297 267 288 279 237 281 257 240 206 214 175 159 151 134 127 104 95 101 94 76 62 47 40 36 46 43 38 29 17 25 16 26 12 16 6 16 8 14 14 5 7 2 2 2 5 2 4 2 2 2 0 1 0 1 1 1 0 0 2 0 0 0 0 2 1 0 0 0 1 0 0 0 0 1 0 0 0 0 0 0 0 0 0 0 0 0 0 0 0 0 0 0 0 0 0 0 0 0 0 0 0 0 0 0 0 0 0 0 0 0 0 0 
0 0 0 5 9 2 4 5 6 11 20 22 21 33 35 62 58 66 108 107 120 111 154 170 189 214 240 233 242 262 282 302 296 290 274 270 295 259 211 215 208 193 177 136 160 134 121 97 94 84 88 85 66 73 51 46 38 42 30 39 23 30 14 12 20 15 9 20 12 11 10 4 8 6 3 2 3 6 4 3 2 1 4 3 1 3 1 2 1 1 0 0 0 1 0 0 1 0 0 0 0 0 0 0 0 0 0 0 0 0 0 0 0 0 0 0 0 0 0 0 0 0 0 0 0 0 0 0 0 0 0 0 0 0 0 0 0 0 0 0 0 0 0 
0 0 0 8 4 1 5 16 18 28 26 33 27 36 49 63 71 91 116 111 139 168 167 196 197 238 221 233 253 251 257 277 252 232 279 279 254 239 217 214 191 162 181 161 154 109 118 112 96 91 86 59 72 68 51 39 40 28 35 18 25 26 22 24 18 21 19 15 7 9 7 5 8 3 5 2 4 1 5 3 2 1 5 1 1 1 3 0 0 0 0 2 1 0 0 1 0 0 0 0 0 0 0 0 0 0 0 0 0 0 0 0 0 0 1 0 0 0 0 0 0 0 0 0 0 0 0 0 0 0 0 0 0 0 0 1 0 0 0 0 0 0 0 
0 0 0 2 2 4 11 6 13 20 18 28 33 44 56 61 82 105 102 123 142 161 185 209 232 243 269 275 294 286 278 280 274 265 279 282 211 228 189 210 203 165 158 141 136 120 101 101 74 81 62 64 69 55 60 42 41 34 36 22 25 22 22 15 17 14 8 8 7 6 5 6 5 9 2 1 2 2 6 0 3 6 2 1 1 0 0 0 2 0 0 1 0 0 0 0 0 0 0 0 0 0 0 1 0 0 0 0 0 0 0 0 0 1 0 0 0 0 0 0 0 0 0 0 0 0 0 0 0 0 0 0 0 0 0 0 0 0 0 0 0 0 1 
0 0 0 3 1 4 3 6 5 12 9 26 19 30 40 52 54 74 105 92 137 128 159 170 184 224 243 225 278 240 249 295 263 276 275 276 265 238 254 218 205 183 202 168 132 150 118 138 112 87 89 64 67 59 54 58 43 37 36 29 35 20 26 25 21 17 14 10 16 6 8 5 6 6 5 5 8 1 3 5 0 0 3 0 1 3 0 1 0 0 0 1 0 0 0 0 0 0 1 0 1 0 0 0 0 0 0 0 0 0 0 0 0 0 0 0 0 0 0 0 0 0 0 0 0 0 0 0 0 0 0 0 0 0 0 0 0 0 0 0 0 0 0 
0 0 0 5 1 1 3 14 9 20 28 36 33 34 57 64 58 87 110 118 146 169 153 194 188 222 232 245 271 236 297 283 262 256 275 250 229 236 207 220 191 160 172 152 151 127 106 99 95 83 85 53 59 49 51 46 35 36 34 18 23 19 22 19 13 12 12 10 8 9 4 9 6 5 3 2 1 1 3 1 2 1 2 2 0 1 0 0 0 1 0 0 0 0 0 1 0 0 0 0 0 0 0 0 0 0 0 0 0 0 0 0 0 0 0 0 0 0 0 0 0 0 0 0 0 0 0 0 0 0 0 0 0 0 0 0 0 0 0 0 0 0 0 
0 0 0 6 4 0 5 10 14 20 23 26 41 40 53 51 68 93 107 111 133 153 149 191 231 217 253 227 290 260 302 302 303 289 280 271 222 230 199 188 185 200 154 148 101 129 106 80 89 80 66 64 64 55 54 52 38 36 28 27 19 19 14 14 19 14 17 7 5 8 6 5 7 5 3 3 4 2 4 1 1 4 3 0 1 2 2 3 1 0 1 0 0 0 0 2 0 0 1 0 0 1 0 0 0 0 0 0 0 0 0 0 0 0 0 0 0 0 0 1 0 0 0 0 0 0 0 0 0 0 0 0 0 0 0 0 0 0 0 0 0 0 0 
0 0 0 4 4 2 4 5 5 5 10 16 11 24 42 44 50 66 83 90 103 113 150 156 185 219 201 269 238 247 275 258 292 271 281 313 259 278 285 214 202 209 179 180 149 149 119 116 114 112 78 95 60 64 40 48 40 44 31 20 22 18 23 24 11 10 17 8 10 10 11 7 2 3 9 3 2 3 2 3 6 5 0 1 1 0 1 0 2 1 1 0 0 0 0 2 0 0 0 1 0 0 0 0 0 0 0 1 0 1 0 0 0 0 0 0 0 0 0 0 0 0 0 0 0 0 0 0 0 0 0 0 0 0 0 0 0 0 0 0 0 0 0 
0 0 0 3 1 1 3 7 8 9 30 20 33 40 56 57 62 83 82 104 124 133 161 190 203 216 245 250 259 277 273 291 265 281 305 256 235 241 238 199 185 187 172 193 142 157 120 102 86 86 69 65 57 68 58 37 61 47 31 35 22 22 22 17 17 8 8 8 7 6 9 10 3 4 2 4 6 5 1 2 1 2 1 3 0 4 0 1 0 1 0 0 0 1 0 0 0 0 0 0 0 0 0 0 0 0 0 0 0 0 0 0 0 0 0 0 0 0 0 0 0 0 0 0 0 0 0 0 0 0 0 0 0 0 0 0 0 0 0 0 0 0 0 
0 0 0 3 3 2 10 14 14 16 33 47 48 60 72 86 109 128 123 141 184 182 220 225 250 257 305 313 319 258 318 309 262 253 227 239 221 221 200 162 186 174 156 127 114 115 106 86 84 67 62 43 49 43 38 36 28 37 29 22 16 8 12 13 22 6 16 5 7 8 4 7 3 4 5 4 4 7 7 3 4 2 2 1 0 2 0 1 0 0 0 0 0 0 0 0 0 0 0 0 0 0 0 0 0 0 1 0 0 0 0 0 0 0 0 0 0 0 0 0 0 0 0 0 0 0 0 0 0 0 0 0 0 0 0 0 0 0 0 0 0 0 0 
0 0 0 3 2 4 3 5 6 11 17 24 29 30 36 42 68 59 95 105 113 136 139 186 194 203 208 242 246 272 274 309 281 262 261 272 242 241 292 244 215 217 200 180 175 156 115 123 110 93 94 85 86 69 58 42 47 42 37 31 32 33 29 16 20 20 8 10 17 7 5 7 7 5 6 4 4 5 4 1 3 5 1 3 1 2 1 1 1 2 0 1 0 2 0 0 0 0 0 0 0 0 0 0 0 0 0 0 0 0 0 0 0 0 1 0 0 0 0 0 0 0 0 0 0 0 0 0 0 0 0 0 0 0 0 0 0 0 0 0 0 0 0 
0 0 0 3 5 1 2 3 13 11 21 22 33 37 45 59 71 101 118 116 121 157 193 203 215 237 253 246 291 277 271 269 275 280 259 304 261 247 226 238 216 156 179 175 131 115 129 94 110 91 84 65 68 50 57 52 43 31 32 28 24 28 18 18 16 14 6 11 9 9 4 8 6 6 4 3 2 0 4 2 2 4 0 1 1 1 2 2 4 0 1 0 0 0 0 0 2 0 0 1 0 0 0 0 0 0 0 0 0 0 0 0 0 0 0 0 1 0 0 0 1 0 0 0 0 0 0 0 0 0 0 0 0 0 0 0 0 0 0 0 0 0 0 
0 0 0 3 2 2 6 12 18 18 14 27 20 36 65 64 74 88 92 113 130 153 194 176 210 226 251 275 317 257 270 319 255 281 288 263 252 237 230 228 225 204 169 149 128 129 125 115 91 85 84 92 62 78 50 46 49 44 20 27 18 23 21 14 15 24 11 7 5 12 7 4 7 5 2 7 4 1 2 3 1 1 1 2 4 0 1 1 0 1 0 0 2 0 0 0 0 0 0 0 0 0 0 0 0 0 0 1 0 0 0 0 0 0 0 0 0 0 0 0 0 0 0 1 0 0 0 0 0 0 0 0 0 0 0 0 0 0 0 0 0 0 0 
0 0 0 3 1 2 5 5 5 7 26 21 32 29 40 52 77 66 73 114 130 141 169 170 185 191 219 236 239 275 291 280 291 282 253 241 257 229 254 215 229 209 196 175 148 147 128 127 96 93 84 81 59 53 56 57 42 48 36 37 28 18 20 12 17 21 9 15 8 7 14 4 12 3 10 5 3 0 3 4 4 3 5 0 4 1 0 1 2 2 1 0 0 0 0 0 0 0 0 0 0 0 0 0 1 0 0 0 0 0 0 1 0 0 0 0 0 0 0 0 0 0 0 0 0 0 0 0 0 0 0 0 0 0 0 0 0 0 0 0 0 0 0 
0 0 0 4 0 7 4 11 8 9 12 14 25 36 39 43 51 84 67 102 108 114 163 157 211 228 234 241 257 283 263 248 277 261 293 260 259 222 234 219 195 198 174 160 144 142 138 110 98 90 79 76 77 67 56 50 47 33 35 26 34 31 25 14 20 21 20 7 13 12 9 6 4 7 10 5 2 5 6 0 2 6 1 4 2 5 1 1 2 0 0 0 0 1 0 1 0 0 0 2 0 0 1 0 0 0 0 0 0 1 0 0 0 1 0 0 1 0 0 0 0 0 0 0 0 0 0 0 0 0 0 0 0 0 0 0 0 0 0 0 0 0 0 
0 0 0 1 2 0 11 8 7 18 23 21 36 59 59 69 89 107 114 159 152 185 200 183 220 220 209 266 288 279 265 275 261 264 227 262 265 242 259 221 203 157 168 144 148 127 88 103 104 79 81 67 67 54 46 49 34 25 38 27 27 17 19 8 18 11 10 15 11 9 7 9 7 6 4 6 5 3 5 4 2 0 3 1 1 0 2 1 0 0 0 1 1 0 0 0 0 0 0 0 1 0 1 0 0 0 0 0 0 0 0 0 0 0 0 0 0 0 1 0 0 0 0 0 0 0 1 0 1 0 0 0 0 0 0 0 0 0 0 0 0 0 0 
0 0 0 4 1 0 5 10 10 10 21 25 34 58 47 61 78 93 108 110 119 124 154 170 192 207 205 241 235 244 238 270 262 323 273 261 261 247 243 215 200 196 186 177 142 157 129 97 103 96 86 57 57 59 54 44 34 46 33 29 38 29 31 17 21 10 8 11 11 9 1 7 4 4 4 3 2 2 1 2 1 2 2 0 2 1 2 1 0 1 2 2 0 0 0 0 0 0 0 0 0 0 0 1 0 1 0 0 0 1 0 0 0 0 0 0 0 0 0 0 0 0 0 0 0 0 0 0 0 0 0 0 0 0 0 0 0 0 0 0 0 0 0 
0 0 0 2 6 2 5 3 12 11 14 31 28 35 31 51 56 83 97 101 115 125 155 156 180 177 230 245 244 254 238 267 252 298 273 293 246 252 207 205 214 174 197 196 140 154 155 118 119 92 89 79 80 60 38 59 52 45 28 28 36 23 29 20 16 15 9 8 12 6 10 4 6 7 9 2 1 1 4 1 4 2 5 3 1 0 2 0 1 2 1 0 2 0 0 1 0 0 0 0 0 0 0 1 0 0 0 0 0 0 0 0 0 0 0 0 0 0 0 1 0 0 0 0 0 0 0 0 0 0 0 0 0 0 0 0 0 0 0 0 0 0 0 
0 0 0 2 2 2 4 6 10 10 15 17 27 30 36 52 69 86 97 108 132 134 154 211 204 222 241 250 274 285 290 292 289 288 282 276 276 254 256 235 207 201 177 168 156 133 128 97 97 114 83 97 69 62 58 60 41 36 34 34 28 19 19 12 23 11 13 5 6 6 8 6 5 7 9 7 2 6 5 5 1 1 2 1 1 0 1 2 1 0 1 4 1 0 2 0 0 1 0 0 0 0 0 0 1 0 0 0 0 0 0 0 0 0 0 0 0 0 0 0 0 0 0 0 0 0 0 0 0 0 0 0 0 0 0 0 0 0 0 0 0 0 0 
0 0 0 3 3 1 3 9 16 19 22 22 19 36 51 70 50 97 101 123 115 154 156 184 203 203 235 274 302 262 292 297 278 296 275 253 275 244 238 210 230 179 164 161 129 126 123 124 97 94 82 56 61 51 49 45 37 36 34 32 25 28 16 20 12 13 16 15 10 5 9 6 5 4 6 3 4 3 4 1 0 0 2 2 1 2 1 1 0 0 1 0 1 0 1 0 0 0 0 1 0 0 0 0 0 0 0 0 0 0 0 0 0 0 0 0 0 0 0 0 0 0 0 0 0 0 0 0 0 0 0 0 0 0 0 0 0 0 0 0 0 0 0 
0 0 0 6 3 2 4 6 6 5 14 17 35 30 43 64 75 82 91 140 127 140 147 209 203 206 224 265 214 288 274 283 290 330 290 285 236 268 242 250 211 201 187 162 150 145 125 114 87 100 85 87 75 56 73 42 42 46 37 34 24 20 18 18 18 15 11 13 8 9 9 3 6 4 2 2 2 5 0 2 1 2 2 2 3 1 0 0 1 0 0 0 1 1 2 0 0 0 0 1 0 0 0 0 0 0 0 0 0 0 0 0 0 0 0 0 0 0 0 0 0 0 0 0 0 0 0 0 0 0 0 0 0 0 0 0 0 0 0 0 0 0 0 
0 0 0 6 1 3 6 4 13 14 18 13 27 43 20 53 69 61 73 91 105 126 152 144 194 190 235 241 251 278 278 299 312 302 292 273 243 262 258 215 241 189 187 192 165 158 128 106 119 105 104 88 71 77 52 42 44 36 34 25 33 28 18 25 21 14 16 18 13 14 5 7 13 6 1 5 6 4 2 5 4 1 3 1 0 4 2 1 1 0 0 0 2 1 0 0 0 0 0 0 1 0 0 1 1 0 0 0 0 0 0 0 0 0 0 0 0 0 0 0 0 0 0 0 0 0 0 0 0 0 0 0 0 0 0 0 0 0 0 0 0 0 0 
0 0 0 2 3 0 6 3 10 10 11 16 29 33 49 49 87 91 109 102 149 126 166 182 217 267 260 267 305 268 290 313 295 286 272 265 246 263 221 216 218 179 163 152 148 135 102 96 117 86 80 81 81 49 55 43 37 26 30 20 35 25 21 21 14 13 17 6 12 7 7 5 5 2 2 7 2 3 3 1 3 1 4 2 1 2 1 3 0 0 0 0 1 1 0 0 0 0 0 1 0 0 0 0 0 0 0 0 0 1 0 0 1 0 0 0 0 0 0 0 0 0 0 0 0 0 0 0 0 0 0 0 0 0 0 0 0 0 0 0 0 0 0 
0 0 0 2 3 1 6 15 15 9 26 32 38 48 67 86 122 111 140 148 197 191 222 190 252 254 254 264 272 282 304 268 263 265 265 256 221 225 215 181 179 150 157 137 118 112 100 114 91 57 76 61 59 45 35 36 33 24 28 19 21 10 8 13 10 12 10 11 8 8 6 8 5 5 2 6 4 2 2 1 2 1 1 2 1 1 0 0 0 0 0 0 0 1 1 0 0 0 0 0 0 0 0 1 0 0 0 0 0 0 0 0 0 0 0 0 0 0 0 0 0 0 0 0 0 0 0 0 0 0 0 0 0 0 0 0 0 0 0 0 0 0 0 
0 0 0 2 4 2 3 9 9 14 11 37 33 43 56 65 90 102 116 138 148 164 181 211 211 218 248 282 277 264 261 290 277 255 261 270 250 239 195 222 204 184 162 163 156 124 120 103 97 80 96 61 52 39 37 43 39 32 23 27 26 23 14 19 18 12 6 9 14 7 9 8 7 6 2 2 5 1 2 2 4 1 3 1 0 0 2 3 1 0 1 1 0 0 2 1 1 0 0 0 1 1 0 0 0 0 1 0 1 0 0 0 0 0 0 0 0 0 0 0 0 0 0 0 0 0 0 0 0 0 0 0 0 0 0 0 0 0 0 0 0 0 0 
0 0 0 6 3 4 4 5 9 20 20 22 34 37 53 62 55 83 111 104 121 164 162 203 227 223 268 246 286 264 301 272 268 278 240 241 253 256 217 210 214 209 208 163 137 121 115 116 99 104 90 71 70 60 68 46 44 44 35 27 28 30 21 16 20 15 11 8 9 6 7 7 7 8 3 2 4 4 4 1 3 3 2 2 1 1 0 0 0 2 0 0 0 0 0 1 2 0 0 0 0 0 0 0 0 0 0 0 0 0 0 0 0 0 0 1 0 0 0 0 0 0 0 0 0 0 0 0 0 0 0 0 0 0 0 0 0 0 0 0 0 0 0 
0 0 0 1 3 6 5 4 7 6 12 17 29 22 36 38 62 59 74 83 91 141 132 167 191 201 223 273 234 232 257 282 238 284 282 277 271 269 220 216 226 209 175 191 186 172 129 123 120 108 83 110 65 65 54 77 52 53 29 41 25 21 21 19 16 14 15 13 9 8 7 8 8 8 4 10 2 7 6 4 1 0 3 4 2 1 1 1 0 0 0 1 1 0 1 1 0 0 0 0 1 0 0 0 0 0 0 1 0 1 0 0 0 0 0 0 0 0 0 0 0 0 0 0 0 0 0 0 0 0 0 0 0 0 0 0 0 0 0 0 0 0 0 
0 0 0 1 2 4 4 8 10 9 17 14 27 33 42 62 69 91 104 99 131 157 175 198 194 213 231 260 253 265 277 285 284 270 272 267 232 237 238 232 198 189 164 165 158 150 120 112 110 103 84 82 64 50 53 56 37 26 34 28 38 27 26 25 14 23 9 13 9 13 7 4 3 3 3 3 5 0 5 4 1 4 1 0 1 3 1 0 1 0 0 0 0 1 1 0 0 0 1 0 0 0 0 2 0 0 0 0 0 0 1 0 0 0 0 0 0 0 0 0 0 0 0 0 0 0 0 0 0 0 0 0 0 0 0 0 0 0 0 0 0 0 0 
0 0 0 3 5 3 3 4 9 9 17 14 10 32 32 47 38 66 76 78 99 111 142 155 200 166 200 220 223 252 230 236 259 257 281 285 284 237 252 250 210 240 182 206 173 169 136 156 128 86 105 77 79 67 59 53 39 48 41 31 29 22 14 17 28 10 14 15 8 11 10 4 5 5 2 3 5 5 8 3 1 1 2 4 0 2 2 1 0 2 0 1 1 0 2 0 0 1 0 0 0 0 0 0 0 1 0 0 0 0 0 0 0 0 0 0 0 0 0 0 0 0 0 0 0 0 0 0 0 0 0 0 0 0 0 0 0 0 0 0 0 0 0 
0 0 0 3 4 3 6 5 13 9 8 12 18 27 35 42 58 54 61 80 83 117 131 148 142 172 178 208 241 251 249 240 296 257 287 276 269 272 250 242 237 187 218 180 188 127 152 155 116 111 98 96 82 90 81 64 60 54 30 41 31 34 30 31 19 23 22 17 13 11 10 6 6 6 6 8 3 3 1 1 4 3 1 2 4 0 1 1 0 0 2 0 0 0 0 0 1 0 1 0 0 0 0 0 0 0 0 0 0 0 0 0 0 0 0 0 0 0 0 0 0 0 0 0 0 0 0 0 0 0 0 0 0 0 0 0 0 0 0 0 0 0 0 
0 0 0 2 0 1 1 7 5 12 15 20 31 29 49 63 60 70 91 130 139 149 161 205 220 226 209 278 293 270 257 282 262 305 279 264 230 235 217 228 206 185 181 160 134 128 120 112 109 91 74 61 60 52 52 54 37 43 31 21 29 27 29 21 13 19 12 16 15 9 5 10 6 9 8 1 3 0 3 2 2 2 0 0 2 2 2 1 2 1 1 0 2 3 0 1 0 0 0 0 0 0 0 0 0 0 0 1 0 0 0 0 0 0 0 1 0 0 0 0 0 0 0 0 0 0 0 0 0 0 0 0 0 0 0 0 0 0 0 0 0 0 0 
0 0 0 0 4 0 3 6 7 23 32 19 37 37 48 75 70 78 108 110 142 158 174 183 221 222 242 283 274 275 255 286 296 255 266 248 241 221 239 220 212 172 172 164 170 165 116 92 90 91 78 73 61 62 50 46 45 28 33 27 37 21 19 12 18 10 10 9 15 10 8 10 3 8 7 3 3 3 1 3 0 0 0 4 5 3 2 1 2 0 0 0 0 1 1 2 0 0 1 0 0 1 1 0 0 0 0 0 0 0 0 0 0 0 0 0 0 0 0 0 0 0 0 0 0 0 0 0 0 0 0 0 0 0 0 0 0 0 0 0 0 0 0 
0 0 0 2 2 1 4 11 12 19 23 30 45 39 48 57 88 69 100 132 133 174 170 207 217 245 251 282 264 309 282 299 301 274 263 268 218 230 199 181 192 192 190 154 154 126 112 120 98 93 77 95 74 50 56 62 38 46 40 31 24 27 24 12 13 14 9 11 8 11 9 10 10 5 3 1 2 5 3 0 0 3 1 1 0 3 1 3 1 0 1 1 1 1 0 0 0 1 1 0 1 0 2 0 0 0 0 0 0 0 0 0 0 0 0 0 0 0 0 0 0 0 0 0 0 0 0 0 0 0 0 0 0 0 0 0 0 0 0 0 0 0 0 
0 0 0 1 6 3 3 8 10 13 18 28 35 39 51 52 59 82 111 118 165 153 183 191 202 202 230 246 270 277 273 278 262 297 283 274 253 232 207 211 198 169 196 155 155 146 136 101 113 109 87 73 67 69 62 56 44 39 34 40 24 22 29 14 18 14 12 5 7 9 8 10 7 9 6 1 4 2 3 1 2 3 0 1 2 2 2 0 0 2 0 1 1 2 0 3 0 0 0 0 0 0 0 0 0 0 0 0 0 0 0 0 0 0 0 0 0 0 0 0 0 0 0 0 0 0 0 0 0 0 0 0 0 0 0 0 0 0 0 0 0 0 0 
0 0 0 1 1 4 7 10 10 9 18 24 37 33 54 60 72 88 96 112 146 146 200 222 228 249 241 291 293 280 283 281 275 312 256 280 241 234 220 200 200 174 152 139 116 120 109 100 93 77 62 75 60 59 54 33 42 29 31 24 21 27 15 23 19 11 12 11 7 9 7 5 4 4 7 1 4 1 1 1 1 2 2 3 4 1 1 2 1 2 0 0 0 1 0 1 0 0 1 0 0 0 0 0 0 0 0 0 0 0 0 0 0 0 0 0 0 0 0 0 0 0 0 0 0 0 0 0 0 0 0 0 0 0 0 0 0 0 0 0 0 0 0 
0 0 0 1 4 4 8 6 10 11 20 24 38 48 54 64 83 76 115 136 126 170 177 184 220 225 240 261 263 274 291 276 306 275 253 233 250 238 202 196 184 177 160 152 153 126 103 96 85 76 71 67 57 54 45 40 34 27 22 28 18 35 17 19 14 6 15 10 6 8 9 11 4 7 4 1 7 3 2 1 2 1 3 2 1 1 1 3 0 1 4 0 0 0 1 1 0 0 1 1 1 0 0 0 1 0 0 0 0 0 0 0 0 0 0 0 0 0 0 0 0 1 0 0 0 0 0 0 0 0 0 0 0 0 0 0 0 0 0 0 0 0 0 
0 0 0 2 3 1 8 7 21 23 21 21 41 58 66 83 103 110 130 119 157 163 185 199 229 208 257 252 276 270 253 277 281 271 276 246 240 241 199 197 197 156 152 148 126 119 107 112 103 98 73 64 52 59 45 37 30 23 35 19 27 23 13 5 17 9 14 10 8 6 12 11 5 7 3 5 6 2 3 1 3 0 1 2 2 2 1 0 2 3 1 1 0 0 0 0 2 0 0 1 0 0 0 0 0 0 0 0 0 0 0 0 1 0 0 0 0 0 0 0 0 0 0 0 0 0 0 0 0 0 0 0 0 0 0 0 0 0 0 0 0 0 0 
0 0 0 2 3 1 5 4 7 18 9 11 24 45 45 46 56 85 96 121 142 141 194 203 210 236 243 267 258 312 265 288 269 309 277 276 231 238 231 240 174 184 165 182 147 136 103 93 97 104 104 78 62 55 62 49 37 37 25 22 32 23 20 15 22 18 12 8 9 7 6 9 3 5 5 1 3 3 0 2 1 3 1 3 3 2 2 1 1 2 1 1 0 2 1 0 1 1 0 0 0 0 0 1 0 0 0 0 0 0 1 0 0 0 0 0 0 0 0 0 0 0 0 0 0 0 0 0 0 0 0 0 0 0 0 0 0 0 0 0 0 0 0 
0 0 0 1 2 2 4 7 4 16 16 20 27 42 47 37 70 74 107 120 135 131 178 188 206 226 244 251 297 306 268 288 293 260 256 239 264 245 226 170 174 191 158 165 137 111 115 111 94 84 79 72 59 56 50 52 36 32 30 25 30 19 19 13 9 14 15 5 6 6 15 11 7 7 10 1 1 2 2 2 3 0 1 1 2 1 0 0 0 1 0 0 0 1 0 0 1 0 0 0 0 1 0 0 0 0 0 0 0 1 0 0 0 0 0 0 0 0 0 0 0 0 0 0 0 0 0 0 0 0 0 0 0 0 0 0 0 0 0 0 0 0 0 
0 0 0 1 1 6 9 15 12 17 25 42 38 50 59 51 84 95 92 124 133 160 185 209 209 249 236 269 305 275 267 257 292 251 248 231 242 221 221 239 175 183 163 144 138 137 99 96 76 77 58 73 51 52 39 45 35 39 24 27 20 25 11 12 16 18 8 6 7 5 9 4 9 3 4 2 3 4 0 2 1 0 1 0 3 0 0 1 0 0 0 3 0 0 0 1 1 0 0 0 0 0 0 0 0 0 0 0 1 0 0 0 0 0 0 0 0 0 0 0 0 0 0 0 0 0 0 0 0 0 0 0 0 0 0 0 0 0 0 0 0 0 0 
0 0 0 4 1 2 4 11 15 12 15 36 25 45 52 68 100 98 102 111 120 135 186 195 224 232 262 290 268 305 287 259 311 259 275 315 254 241 206 172 220 180 171 152 155 114 110 87 87 72 68 63 73 47 37 41 26 25 23 29 18 20 13 25 9 10 9 11 10 6 11 8 4 6 4 1 3 4 2 1 2 2 2 0 2 2 1 0 2 0 1 0 1 0 0 0 0 0 0 0 0 0 0 0 1 0 0 0 0 0 0 0 0 0 0 0 0 0 0 0 0 0 0 0 0 0 0 0 0 0 0 0 0 0 0 0 0 0 0 0 0 0 0 
0 0 0 1 3 3 4 11 8 18 23 19 17 39 44 54 76 97 83 107 153 135 156 215 192 223 241 272 255 268 277 239 284 292 296 262 289 259 227 234 219 180 167 137 148 122 136 116 88 100 66 55 71 48 50 46 48 49 33 31 26 14 22 22 19 12 13 12 11 12 8 13 7 7 4 7 5 2 0 2 2 5 0 1 3 0 1 1 1 1 0 0 1 2 1 1 0 1 0 0 0 0 0 1 0 0 1 0 0 0 1 0 0 0 0 0 0 1 0 0 0 0 0 0 0 0 0 0 0 0 0 0 0 0 0 0 0 0 0 0 0 0 0 
0 0 0 2 2 5 1 4 17 12 22 21 21 37 48 45 74 88 84 112 128 128 150 178 191 201 221 215 226 228 263 280 271 304 253 271 237 264 214 216 242 189 194 170 142 131 147 122 108 118 88 71 83 68 73 40 48 44 38 24 32 23 28 22 18 20 11 13 12 8 5 8 12 6 3 4 3 4 8 2 3 2 3 3 2 2 1 1 1 0 0 0 0 0 1 1 1 1 0 0 1 0 0 0 0 0 0 0 0 0 0 0 0 0 0 0 0 0 0 0 0 0 0 0 0 0 0 0 0 0 0 0 0 0 0 0 0 0 0 0 0 0 0 
0 0 0 3 4 1 11 4 13 10 19 30 45 40 71 66 82 124 130 136 125 171 196 204 233 243 244 276 286 284 304 292 275 313 234 278 267 231 247 178 172 176 159 129 148 94 105 102 89 82 69 69 58 52 48 38 31 28 31 19 11 22 18 20 13 15 14 13 11 10 8 5 5 2 5 5 1 4 4 1 3 1 0 0 2 2 1 1 1 1 0 0 1 1 0 1 0 0 0 0 0 0 0 0 0 0 0 0 0 0 0 0 0 0 0 0 0 0 0 0 0 0 0 0 0 0 0 0 0 0 0 0 0 0 0 0 0 0 0 0 0 0 0 
0 0 0 3 3 2 2 8 8 14 14 18 30 55 36 71 70 79 93 113 124 120 182 180 196 220 229 252 261 281 288 271 294 272 267 283 239 279 231 231 210 194 167 165 135 150 118 106 99 103 74 88 78 82 60 56 46 49 26 23 23 25 19 18 16 15 18 13 10 9 7 10 6 10 3 10 5 2 1 7 0 1 2 1 1 1 3 2 0 1 0 1 1 0 0 0 0 0 0 0 0 0 0 0 0 1 0 0 0 0 0 0 0 0 0 0 0 0 0 0 0 0 0 0 0 0 0 0 0 0 0 0 0 0 0 0 0 0 0 0 0 0 0 
0 0 0 2 1 5 6 4 4 9 11 10 14 22 34 46 58 56 75 84 109 129 153 164 165 215 245 231 210 266 272 260 295 312 284 278 292 275 281 262 254 226 199 172 168 165 133 133 133 121 111 68 74 65 62 59 51 39 37 38 33 31 27 19 17 16 21 6 14 12 4 9 6 1 2 5 1 7 4 2 3 1 3 0 2 1 4 0 2 0 2 2 1 0 0 2 0 1 1 0 0 0 0 0 0 1 0 0 0 0 0 0 1 0 0 0 0 0 0 0 0 0 0 0 0 0 0 0 0 0 0 0 0 0 0 0 0 0 0 0 0 0 0 
0 0 0 3 4 3 5 5 6 5 11 10 19 32 27 38 70 65 89 95 119 118 154 167 200 193 242 225 205 285 266 255 269 315 284 259 243 258 233 234 236 184 168 149 155 148 136 119 106 112 82 87 56 66 59 52 47 41 35 30 21 18 23 15 21 17 10 8 13 5 9 4 6 9 4 2 6 5 4 6 5 2 2 0 1 1 1 3 2 2 0 3 0 1 0 0 1 0 0 1 1 0 0 0 0 0 0 0 0 0 0 0 0 0 0 0 0 0 0 0 0 0 0 0 0 0 0 0 0 0 0 0 0 0 0 0 0 0 0 0 0 0 0 
0 0 0 1 2 3 11 9 7 14 14 21 23 26 45 54 70 66 80 110 130 160 191 182 205 225 256 243 261 278 299 313 256 274 288 273 266 236 265 193 214 206 184 174 137 138 115 103 90 98 81 83 60 46 54 47 46 30 41 24 24 24 14 19 13 8 15 10 7 9 2 6 4 9 5 1 1 4 5 3 1 0 0 1 2 1 3 0 0 0 0 0 0 0 0 0 0 0 0 0 0 0 0 0 0 0 0 0 0 0 0 0 0 0 0 0 0 0 0 0 0 0 0 0 0 0 0 0 0 0 0 0 0 0 0 0 0 0 0 0 0 0 0 
0 0 0 6 3 0 5 6 9 10 20 12 19 35 32 39 41 75 78 83 107 120 127 156 191 177 193 227 238 244 238 254 252 270 246 265 255 268 242 250 232 202 208 185 147 167 131 123 138 122 106 91 78 62 57 52 50 50 29 37 36 40 24 16 23 21 22 15 14 8 10 7 5 7 4 2 5 5 4 5 4 2 1 0 4 0 1 0 3 0 1 0 1 0 0 0 0 0 0 1 2 0 1 1 0 0 0 0 1 0 0 0 0 0 0 0 0 0 0 0 0 0 0 0 0 0 0 0 0 0 0 0 0 0 0 0 0 0 0 0 0 0 0 
0 0 0 2 2 5 1 12 8 9 17 25 26 37 33 49 60 75 82 112 116 151 160 178 193 251 214 247 240 269 283 317 278 263 253 280 278 242 255 223 202 176 182 154 127 129 132 92 101 96 80 93 58 62 48 47 41 44 20 30 31 24 21 15 17 13 8 14 10 11 7 5 3 6 3 1 8 1 2 1 1 2 2 3 0 1 2 1 2 1 1 1 0 1 0 1 1 1 0 0 1 0 0 0 0 0 0 1 0 0 0 1 0 0 0 0 0 0 0 0 0 0 0 0 0 0 0 0 0 0 0 0 0 0 0 0 0 0 0 0 0 0 0 
0 0 0 4 3 0 6 4 9 16 23 25 38 37 64 74 92 78 110 151 153 190 176 240 248 254 252 267 302 286 309 305 287 237 282 247 232 262 213 207 189 165 156 154 147 124 83 95 91 75 69 62 54 52 31 30 24 29 22 20 26 19 14 14 14 11 11 5 8 7 8 9 4 5 4 3 1 3 0 2 1 2 2 0 1 0 2 1 0 0 0 1 0 0 0 0 1 0 0 0 0 0 0 0 0 0 0 0 0 0 0 0 0 0 0 0 0 0 0 0 0 0 0 0 0 0 0 0 0 0 0 0 0 0 0 0 0 0 0 0 0 0 0 
0 0 0 1 5 2 3 15 7 22 29 21 38 46 65 52 70 103 82 119 130 154 165 178 185 212 235 243 280 274 301 287 306 278 263 254 246 228 237 221 229 181 196 139 151 113 120 99 81 74 75 64 70 48 49 36 38 47 36 27 17 27 19 13 19 8 11 11 7 10 3 3 3 3 4 2 6 1 1 2 0 2 2 2 2 2 1 3 1 1 1 0 2 1 0 1 0 0 1 0 0 1 0 0 0 0 0 0 0 0 0 0 0 0 0 0 0 0 0 0 0 0 0 0 0 0 0 0 0 0 0 0 0 0 0 0 0 0 0 0 0 0 0 
0 0 0 3 4 4 5 7 13 12 16 28 27 29 58 54 72 79 95 109 127 144 181 222 217 234 234 255 288 281 264 281 251 287 236 257 218 223 215 212 203 182 166 163 151 141 120 130 108 94 83 90 69 72 52 54 31 34 35 38 27 24 15 18 15 13 18 11 9 9 3 4 7 8 0 7 0 5 1 3 1 2 0 1 1 0 1 0 0 2 0 0 1 0 0 0 1 0 0 0 0 0 0 0 0 0 0 1 0 0 0 0 0 1 0 0 0 0 0 0 0 0 0 0 0 0 0 0 0 0 0 0 0 0 0 0 0 0 0 0 0 0 0 
0 0 0 3 3 1 10 11 9 18 17 16 28 27 45 60 71 96 124 101 130 154 147 191 213 208 257 287 304 319 294 272 278 272 263 268 225 207 251 232 180 186 175 152 156 140 129 120 98 104 85 73 61 54 59 43 39 39 35 30 27 27 14 12 17 13 11 8 7 6 10 6 4 4 4 7 3 4 0 1 2 1 3 0 1 1 0 1 0 0 2 2 0 0 1 0 0 1 0 0 0 0 0 0 0 0 0 0 0 0 0 0 0 0 0 0 0 0 0 0 0 0 0 0 0 0 0 0 0 0 0 0 0 0 0 0 0 0 0 0 0 0 0 
0 0 0 3 3 2 5 10 4 11 9 12 21 31 42 41 57 67 83 85 97 132 162 195 182 172 214 232 232 253 287 263 238 253 262 254 279 257 233 225 201 224 178 164 156 128 121 119 103 82 92 80 82 53 78 52 40 43 37 40 31 26 17 22 16 24 11 15 18 6 7 11 4 5 4 2 6 3 1 4 3 1 2 3 2 1 1 1 1 1 0 3 0 1 0 0 0 0 0 0 0 0 0 0 0 0 0 0 0 0 0 0 0 0 0 1 0 0 0 0 0 0 0 0 0 0 0 0 0 0 0 0 0 0 0 0 0 0 0 0 0 0 0 
0 0 0 1 1 1 4 5 9 9 15 19 23 31 31 61 66 72 107 117 99 137 161 181 168 199 237 259 227 300 291 272 275 273 282 278 276 241 238 223 224 185 177 168 146 164 115 107 108 103 96 102 67 58 62 44 44 57 45 40 28 31 23 19 27 15 12 16 9 9 7 2 5 3 7 5 3 4 4 4 4 2 4 3 1 2 0 2 1 0 1 0 2 0 1 0 0 0 0 0 0 0 0 1 0 0 0 0 1 0 0 0 0 0 0 0 0 0 0 0 0 0 0 0 0 0 0 0 0 0 0 0 0 0 0 0 0 0 0 0 0 0 0 
0 0 0 6 0 1 5 14 10 14 15 25 32 37 53 64 81 77 102 115 127 154 173 195 206 227 222 250 227 270 268 262 288 280 292 265 259 236 238 237 214 203 167 138 174 155 112 102 109 82 75 71 66 55 48 43 38 39 28 30 26 18 25 9 14 13 10 10 14 15 7 5 9 6 5 5 1 3 2 1 3 3 3 2 3 0 5 1 0 0 0 0 0 0 0 0 0 0 1 0 0 0 1 0 0 0 0 0 0 0 1 0 0 0 0 0 0 0 0 0 0 0 0 0 0 0 0 0 0 1 0 0 0 0 0 0 0 0 0 0 0 0 0 
0 0 0 2 3 3 6 14 9 11 18 25 28 35 35 68 69 81 82 116 134 146 158 190 189 219 233 223 252 275 275 307 266 271 262 250 238 201 233 215 201 192 173 161 157 156 126 117 97 94 81 82 56 72 56 54 44 25 36 20 34 25 29 11 9 11 7 13 9 9 12 5 3 3 5 3 1 1 3 2 3 1 0 1 2 0 0 1 0 0 0 0 0 2 0 0 1 0 1 1 0 0 0 0 1 0 0 0 0 1 0 0 0 0 0 0 0 0 0 0 0 0 0 0 0 0 0 0 0 0 0 0 0 0 0 0 0 0 0 0 0 0 0 
0 0 0 3 2 2 5 11 7 10 15 13 23 25 29 42 64 73 70 92 105 122 146 164 190 183 228 214 261 237 273 253 262 264 259 260 261 229 231 220 246 232 182 177 154 144 137 137 103 91 89 68 75 65 61 57 60 46 40 42 26 28 16 19 16 22 14 10 13 13 10 5 3 9 7 4 6 3 5 2 3 0 2 2 7 2 0 2 0 0 3 2 0 0 0 0 0 0 1 1 0 0 0 0 0 0 0 0 0 0 0 0 1 0 0 0 0 0 0 1 0 0 0 0 0 0 0 0 0 0 0 0 0 0 0 0 0 0 0 0 0 0 0 
0 0 0 1 4 1 9 6 3 4 9 7 18 16 19 32 31 48 64 64 77 97 104 112 158 173 183 189 226 259 243 258 299 270 277 268 285 241 252 268 241 226 198 206 166 176 153 154 142 107 107 93 72 79 74 48 61 37 36 41 36 35 40 21 18 24 23 13 9 10 7 5 3 10 5 6 9 2 0 3 3 3 4 0 3 0 1 2 2 1 1 0 0 1 0 2 0 0 0 1 0 0 0 0 0 0 0 0 0 0 0 0 0 0 0 0 0 0 0 0 0 0 0 0 0 0 0 0 0 0 0 0 0 0 0 0 0 0 0 0 0 0 0 
0 0 0 5 2 2 4 12 14 11 21 15 38 33 47 49 78 87 101 122 141 143 185 198 236 216 232 255 276 251 275 272 257 307 297 244 246 253 203 221 227 179 189 156 125 124 106 116 97 82 75 65 66 49 61 59 40 48 34 23 29 15 21 28 14 10 12 7 13 4 8 10 6 4 3 4 6 2 1 2 2 0 1 2 3 0 1 0 1 1 2 0 0 0 0 1 0 0 0 0 0 0 0 0 0 0 0 0 0 0 0 0 0 0 0 0 0 0 0 0 0 1 0 0 0 0 0 0 0 0 0 0 0 0 0 0 0 0 0 0 0 0 0 
0 0 0 7 3 2 10 15 23 22 29 41 50 67 71 75 114 121 143 162 189 200 208 269 232 287 266 267 312 302 299 264 286 272 260 250 239 228 167 173 166 143 132 117 121 99 85 89 78 84 51 66 42 43 32 34 22 25 26 21 15 21 13 9 13 10 3 5 3 6 2 9 2 3 8 4 1 2 0 1 4 1 1 0 0 1 1 0 1 1 0 0 0 1 1 0 1 0 0 0 0 0 0 0 0 0 0 0 0 0 0 0 0 0 0 0 0 0 0 0 0 0 0 0 0 0 0 0 0 0 0 0 0 0 0 0 0 0 0 0 0 0 0 
0 0 0 3 3 5 6 6 10 10 21 25 42 33 81 62 70 81 92 112 153 156 157 175 207 215 251 262 262 278 262 330 294 280 266 276 257 234 237 216 221 186 177 152 144 136 113 124 94 86 77 72 58 58 59 47 50 29 37 33 30 13 21 22 16 23 16 10 12 6 7 12 9 4 5 7 3 7 0 3 4 3 0 2 1 3 1 0 1 1 0 0 0 0 0 1 0 0 0 0 0 0 0 0 0 0 0 0 0 0 0 0 0 0 0 0 0 0 0 0 0 0 0 0 0 0 0 0 0 0 0 0 0 0 0 0 0 0 0 0 0 0 0 
0 0 0 4 3 2 7 8 5 15 21 25 39 34 43 51 63 89 104 112 134 133 167 191 217 215 230 243 281 284 249 309 335 298 285 282 236 227 256 196 205 187 174 161 167 158 133 127 105 87 101 67 52 58 49 50 40 34 38 32 28 21 21 24 24 14 15 9 12 8 15 7 9 7 13 3 3 2 2 2 3 3 1 0 1 1 0 3 1 0 2 1 0 0 0 0 0 0 0 0 0 0 1 0 0 1 0 0 0 1 0 0 0 0 0 0 0 0 0 0 0 0 0 0 0 0 0 0 0 0 0 0 0 0 0 0 0 0 0 0 0 0 0 
0 0 0 4 6 3 6 6 12 7 22 22 33 45 55 58 82 77 116 128 112 151 178 182 201 229 259 281 285 278 285 305 281 270 298 257 245 267 182 193 203 207 184 159 143 128 132 117 93 118 91 72 65 64 37 39 46 35 29 36 22 29 13 20 9 9 11 11 12 11 8 6 8 2 2 12 1 3 5 2 4 1 1 2 1 0 0 2 1 0 2 1 2 0 0 1 1 2 0 1 0 0 0 1 0 0 0 0 0 1 0 0 0 0 0 0 0 0 0 0 0 0 0 0 0 0 0 0 0 0 0 0 0 0 0 0 0 0 0 0 0 0 0 
0 0 0 6 4 4 2 3 8 17 18 17 22 35 49 67 59 82 107 112 120 135 168 197 209 219 259 225 264 263 293 294 266 261 265 281 245 251 228 200 203 189 185 173 172 130 130 113 92 98 97 76 59 58 39 51 52 51 37 31 33 34 19 24 17 15 10 13 7 10 7 11 7 2 13 3 3 6 4 5 3 6 3 4 1 2 1 0 0 0 0 0 0 0 0 2 0 1 0 0 1 0 0 0 0 1 0 0 0 1 0 0 0 0 0 0 0 0 0 0 0 0 0 0 0 0 0 0 0 0 0 0 0 0 0 0 0 0 0 0 0 0 0 
0 0 0 4 6 4 7 19 12 16 21 27 33 53 56 62 75 90 105 104 138 157 165 205 212 239 253 242 262 258 268 256 297 296 267 273 255 259 246 192 224 163 207 178 123 144 136 126 124 88 73 81 70 79 70 52 38 30 38 28 25 20 21 19 13 22 6 8 11 6 6 9 11 14 4 12 3 2 4 3 3 2 2 1 0 3 1 1 0 0 1 1 0 2 0 0 0 1 0 1 1 1 0 0 0 0 0 0 0 0 0 0 0 0 0 0 0 0 0 0 0 0 0 0 0 0 0 0 0 0 0 0 0 0 0 0 0 0 0 0 0 0 0 
0 0 0 0 2 5 9 6 13 26 21 33 34 44 52 73 89 104 116 143 154 183 190 214 230 232 285 265 266 292 298 299 279 306 277 293 203 249 200 162 188 182 148 156 123 125 117 112 93 84 87 66 54 57 49 50 42 38 30 34 25 10 21 23 15 9 13 12 12 6 4 10 4 3 8 3 1 4 3 2 1 1 1 2 1 0 1 1 2 0 0 0 0 0 0 0 0 0 1 0 0 0 0 0 0 0 0 0 0 0 0 0 0 0 0 0 0 0 0 0 0 0 0 0 0 0 0 0 0 0 0 0 0 0 0 0 0 0 0 0 0 0 0 
0 0 0 2 1 5 6 12 14 12 18 26 30 52 66 66 83 110 109 147 151 147 198 232 204 244 246 280 273 271 300 274 309 309 258 253 244 230 218 205 211 204 173 152 120 140 111 121 102 83 74 75 58 47 62 66 40 43 31 27 31 21 25 12 16 18 17 17 5 7 8 6 6 7 5 2 2 2 7 3 3 3 1 2 1 2 1 3 1 0 1 0 0 1 0 0 0 0 0 0 0 1 0 0 0 0 0 0 0 0 0 0 0 0 0 0 0 0 0 0 0 0 0 0 0 0 0 0 0 0 0 0 0 0 0 0 0 0 0 0 0 0 0 
0 0 0 6 3 3 7 3 8 7 23 29 37 42 40 52 93 89 97 136 177 197 194 218 213 233 256 259 287 302 296 287 308 321 302 266 253 233 247 217 187 199 173 154 142 136 119 125 91 100 72 77 76 58 56 48 41 37 35 32 24 25 28 20 16 14 16 10 8 3 10 6 4 5 3 1 1 3 5 3 4 5 1 2 4 2 0 3 0 1 0 2 0 0 0 0 2 0 0 0 1 0 0 0 0 0 0 0 0 0 0 0 0 0 0 0 0 0 0 0 0 0 0 0 0 0 0 0 0 0 0 0 0 0 0 0 0 0 0 0 0 0 0 
0 0 0 4 3 2 2 15 8 7 9 21 18 27 45 60 63 85 97 119 117 140 145 185 207 228 236 255 295 267 273 264 290 274 274 287 269 253 252 236 226 195 187 152 151 148 129 125 108 108 95 67 69 73 56 67 50 45 40 23 33 22 33 26 21 24 17 13 11 15 14 11 9 4 8 3 2 6 1 0 1 2 0 3 1 1 3 1 1 0 0 0 0 2 0 0 1 1 0 1 1 0 1 0 0 1 0 0 0 0 0 0 0 0 0 0 0 0 0 0 0 0 0 0 0 0 0 0 0 0 0 0 0 0 0 0 0 0 0 0 0 0 0 
0 0 0 2 3 3 10 13 19 13 19 38 51 49 69 69 92 108 150 143 170 172 220 231 251 287 261 265 260 316 280 309 303 280 274 250 259 229 225 204 206 173 160 136 157 124 102 98 82 76 83 63 58 47 54 31 31 41 34 34 26 20 16 25 8 16 13 8 11 13 5 4 8 2 11 4 3 2 1 4 0 3 0 2 2 0 1 1 1 0 1 0 0 0 0 2 0 1 0 0 1 0 0 0 0 0 0 0 0 0 0 0 0 0 0 0 0 0 0 0 0 0 0 0 0 0 0 0 0 0 0 0 0 0 0 0 0 0 0 0 0 0 0 
