0 0 20 68 110 108 85 183 333 503 581 787 1097 1407 1746 1996 2468 2920 3466 3724 4429 4759 5346 5767 6098 6383 6728 6719 6667 6507 6388 6243 5802 5435 5175 4971 4479 4000 3589 3223 2935 2583 2334 1988 1713 1550 1334 1144 1025 907 718 686 629 523 419 364 333 289 263 207 203 150 160 126 101 71 68 73 58 39 48 32 24 20 23 26 22 15 18 8 10 11 13 7 3 6 1 0 3 2 3 4 0 1 0 0 0 0 0 0 0 0 0 0 0 
0 0 50 143 204 160 248 426 718 878 795 844 1138 1559 1939 2044 2373 2704 3049 3625 3867 4253 4527 5045 5397 5559 5658 5716 5938 5886 5657 5446 5218 4918 4721 4509 3978 3803 3451 2951 2843 2537 2265 2120 1873 1631 1435 1284 1168 987 930 780 651 612 530 473 400 322 319 271 244 213 168 155 125 142 108 92 75 75 57 53 41 26 38 30 21 16 19 14 15 8 13 2 8 6 7 7 6 1 3 7 6 3 2 0 5 2 4 4 2 1 2 2 5 5 1 0 1 1 1 0 0 2 0 0 0 0 1 0 2 0 1 0 1 0 1 0 0 0 0 0 0 0 0 0 
0 0 30 70 114 93 106 177 321 417 451 559 723 990 1402 1732 1954 2401 2881 3314 3739 4286 4625 4892 5300 5803 6095 6293 6402 6520 6356 6253 6019 5877 5466 5153 4853 4388 4005 3667 3307 3007 2605 2430 2155 1863 1594 1459 1228 1121 984 843 754 659 568 461 447 386 339 299 243 228 183 168 126 140 108 91 80 83 53 64 55 32 35 33 23 24 26 16 18 13 14 6 8 11 5 6 7 1 3 3 3 4 3 4 3 3 1 2 3 0 2 1 3 0 2 2 0 0 0 0 2 1 0 0 0 1 0 0 0 0 0 0 
0 0 21 88 123 117 114 139 304 551 768 779 926 1197 1644 2010 2369 2662 3085 3549 4183 4629 5027 5370 5628 5982 6264 6339 6428 6632 6386 6199 5794 5646 5163 4959 4482 4201 3908 3438 3020 2759 2435 2131 1927 1668 1369 1280 1147 902 873 769 617 557 499 428 361 339 280 236 209 211 170 157 122 97 99 76 75 51 55 49 41 33 25 29 27 17 15 16 9 9 10 8 1 1 8 2 4 2 0 0 1 1 5 1 0 2 0 0 1 1 0 0 0 1 0 0 0 0 0 0 0 0 0 0 0 
0 0 25 74 86 114 133 273 441 621 698 863 1105 1538 1780 2103 2362 2856 3425 3856 4211 4636 5011 5374 5571 5912 5942 6201 6325 6166 5785 5856 5627 5322 4941 4784 4312 3928 3714 3219 2898 2653 2422 2079 1774 1626 1430 1243 1087 939 818 772 650 561 506 409 379 361 273 226 187 181 153 122 115 116 78 86 74 59 39 48 39 21 20 20 15 19 9 9 7 4 8 3 6 4 2 0 3 4 4 2 1 1 1 3 0 1 0 0 0 0 1 0 0 0 1 0 0 0 0 0 1 0 0 0 0 0 0 0 0 0 0 0 
0 0 23 65 104 99 95 187 336 567 634 651 719 1056 1475 1848 2184 2381 2766 3559 3997 4478 4704 5199 5507 6078 6268 6309 6481 6576 6261 6316 6008 5804 5321 5110 4782 4298 3963 3385 3232 2882 2542 2314 1987 1679 1526 1395 1222 1046 922 740 707 571 462 471 428 330 311 261 216 182 176 149 135 111 106 77 71 50 59 45 49 41 32 12 24 15 13 12 10 15 11 5 4 6 4 2 3 3 2 3 1 4 1 1 0 0 1 1 0 1 0 1 0 0 1 0 0 0 1 0 0 0 0 0 0 0 0 0 0 0 
0 0 22 73 70 88 70 101 184 244 274 390 524 679 974 1270 1492 1784 2145 2614 3123 3444 3945 4417 4980 5430 5672 6008 6248 6412 6348 6565 6409 6272 6057 5637 5325 4967 4633 4337 3929 3566 3192 2900 2490 2265 1972 1770 1551 1309 1183 1017 904 829 713 585 519 472 395 330 285 262 212 195 156 145 125 113 77 81 62 44 59 42 33 28 32 21 22 16 17 10 9 12 8 3 4 4 3 3 2 4 0 1 1 1 1 1 1 1 0 1 1 2 2 0 0 0 1 0 0 0 1 0 0 0 0 0 0 0 0 0 0 0 
0 0 24 78 108 131 177 392 665 775 900 1032 1348 1858 2172 2524 2932 3304 3649 4165 4854 5119 5385 5810 6212 6375 6647 6475 6506 6313 6074 5841 5492 5029 4692 4375 3980 3571 3184 2973 2594 2287 2031 1810 1552 1417 1185 1040 883 786 701 579 503 433 367 344 326 248 211 184 148 137 127 94 86 79 61 49 42 41 28 32 21 14 13 21 12 17 5 11 2 3 8 4 3 3 1 0 1 1 0 0 1 1 0 0 0 1 0 0 0 0 0 0 0 0 0 0 0 
0 0 22 63 111 92 73 118 283 446 604 624 926 1171 1554 1795 2126 2581 3017 3486 3998 4352 4794 5358 5654 5845 5979 6408 6454 6389 6227 6127 6009 5692 5304 4969 4528 4198 3925 3465 3176 2892 2503 2288 1952 1727 1529 1383 1216 975 944 746 714 662 486 435 388 374 322 252 199 212 156 133 126 107 96 76 67 52 55 42 30 30 24 19 13 14 12 11 10 9 7 6 4 9 3 4 0 4 5 5 6 2 0 1 1 1 2 2 1 0 1 0 1 2 1 0 1 1 1 1 1 0 0 1 0 0 0 0 0 0 0 0 0 0 0 
0 0 35 97 124 124 110 164 262 336 451 634 819 1007 1370 1571 1923 2258 2693 3146 3500 4014 4348 4816 5326 5666 6012 6158 6340 6425 6324 6334 6043 5859 5697 5456 5037 4526 4166 3787 3441 2950 2790 2501 2176 1940 1621 1457 1279 1152 1003 914 778 697 577 531 453 409 340 318 239 207 183 191 149 127 102 85 89 58 53 65 45 33 46 28 18 26 20 16 21 7 10 9 6 6 7 4 4 3 2 1 1 6 1 2 1 1 1 1 1 0 1 1 0 0 1 0 0 1 0 0 0 0 0 0 0 0 0 0 0 
0 0 23 71 110 115 153 218 324 467 509 621 868 1039 1337 1621 2009 2253 2692 3199 3586 3947 4524 4800 5266 5481 5832 6079 6176 6174 6168 6064 5801 5696 5378 5047 4769 4401 3953 3634 3359 2971 2565 2429 2157 1840 1622 1386 1287 1083 1003 856 741 668 599 511 470 379 362 272 245 202 187 176 137 91 111 80 84 76 82 62 46 44 44 33 36 34 21 23 24 10 14 15 13 13 9 5 5 4 8 9 2 0 3 5 1 2 2 1 1 1 0 1 1 0 0 0 0 0 0 1 0 0 0 0 1 1 0 0 0 0 0 0 0 0 0 0 0 
0 0 33 64 96 162 311 486 568 605 815 1163 1476 1776 2023 2235 2707 3255 3675 4142 4579 5172 5552 5814 6003 6145 6274 6444 6510 6298 5976 5708 5526 5101 4811 4480 3961 3603 3198 2949 2705 2354 2010 1748 1637 1473 1217 1068 961 856 736 607 576 493 434 381 355 313 232 199 201 185 148 109 114 103 64 76 73 63 48 41 44 33 22 19 19 16 12 14 13 11 5 1 6 3 8 2 1 1 4 3 1 1 0 3 3 0 2 1 4 0 1 0 0 0 2 0 1 1 0 0 0 2 0 0 0 0 0 1 0 0 0 0 0 0 0 0 0 0 0 
0 0 33 83 119 106 126 203 356 549 682 767 1003 1319 1601 1905 2293 2574 3124 3590 4051 4459 4826 5154 5716 6091 6298 6279 6428 6276 6219 6063 5799 5532 5189 5076 4658 4169 3707 3422 3096 2842 2427 2119 1917 1703 1501 1344 1127 990 859 820 687 577 525 422 416 295 286 239 252 221 162 169 108 119 109 88 75 80 48 43 39 36 33 28 22 24 14 17 5 6 7 8 11 4 4 4 3 2 5 4 3 1 1 2 0 2 0 2 1 0 0 0 0 1 1 0 0 0 0 0 1 0 0 1 0 0 0 0 0 0 0 0 0 0 0 
0 0 37 66 95 91 133 143 259 337 490 703 890 999 1126 1500 1956 2408 2825 3197 3465 3978 4509 4888 5345 5716 6028 6270 6456 6710 6445 6401 6207 5885 5485 5087 4756 4376 4064 3631 3251 2847 2590 2350 1998 1804 1614 1377 1183 1091 904 757 716 587 503 433 429 384 310 295 196 202 189 168 147 121 106 85 77 54 67 47 43 32 36 32 24 25 18 16 8 10 6 8 5 4 3 2 3 2 3 4 2 1 0 0 0 2 0 0 0 1 0 0 0 0 0 0 0 0 0 0 0 
0 0 20 87 106 86 129 261 455 550 700 810 917 1261 1560 1977 2297 2585 3166 3630 4205 4528 5001 5324 5825 6072 6486 6335 6574 6434 6355 6274 5833 5650 5354 4838 4538 4231 3861 3434 2943 2638 2421 2238 1913 1741 1503 1241 1106 998 873 747 677 576 493 419 368 326 286 241 202 172 164 154 145 98 96 86 68 68 57 49 37 25 32 26 31 21 16 16 12 12 7 12 6 5 8 8 3 2 5 4 5 1 4 1 1 1 0 0 1 0 0 0 0 0 0 0 0 0 0 0 
0 0 17 61 96 89 108 214 441 545 544 676 959 1305 1671 1861 2086 2464 3125 3627 4087 4296 4706 5253 5683 6068 6015 6262 6466 6529 6282 6054 5716 5711 5393 5070 4548 4230 3679 3445 3060 2863 2416 2221 1904 1650 1479 1370 1200 979 878 796 653 620 528 465 397 295 272 247 228 212 166 147 96 106 101 97 64 69 60 44 29 45 26 34 28 25 13 22 15 13 10 11 11 7 12 3 4 9 6 3 0 1 3 3 4 0 0 3 0 2 0 0 0 1 0 0 0 0 0 0 0 0 0 0 0 
0 0 32 82 113 99 92 116 212 289 347 380 454 728 1058 1481 1680 2008 2305 2871 3459 3884 4310 4629 5118 5521 6065 6350 6422 6497 6711 6543 6367 6210 6053 5694 5176 4813 4462 3992 3521 3275 2880 2563 2353 1973 1807 1626 1359 1161 1002 1009 841 684 565 542 456 397 312 296 243 217 205 163 136 113 110 85 67 63 52 43 37 35 36 18 18 16 17 10 14 9 10 10 8 6 4 7 3 4 2 2 2 3 2 2 3 1 5 0 1 0 2 1 1 1 0 0 1 1 1 0 0 0 0 0 0 0 0 0 0 0 
0 0 30 76 101 96 125 162 321 512 658 742 926 1184 1515 1982 2436 2775 3230 3644 4225 4751 5120 5515 5898 6159 6380 6525 6454 6568 6522 6174 5964 5529 5147 4969 4532 4044 3553 3271 2894 2668 2323 2123 1819 1510 1344 1149 1040 953 806 662 591 471 419 433 368 330 264 223 214 184 150 142 132 88 94 88 56 53 60 37 39 38 31 39 22 23 19 14 14 14 9 8 9 9 6 7 0 2 3 5 2 2 4 3 3 3 0 0 1 3 0 1 0 0 0 1 0 0 0 0 0 0 0 0 0 0 0 
0 0 36 83 115 124 186 277 432 550 703 819 1188 1547 1870 2073 2464 2872 3397 3810 4269 4569 5023 5361 5643 5826 5941 6070 6248 6293 6181 5707 5493 5363 4988 4714 4199 3839 3515 3239 2925 2489 2286 2032 1756 1590 1360 1291 1082 885 824 687 653 558 504 422 371 335 266 254 243 198 189 143 144 116 103 94 84 61 53 49 40 33 39 23 23 18 23 19 10 10 7 12 11 5 6 6 4 1 4 1 2 2 1 1 1 1 1 1 0 0 0 2 0 0 0 0 1 1 0 0 0 1 1 0 0 0 1 0 0 0 0 0 0 0 0 0 0 0 
0 0 21 69 85 93 99 134 285 513 591 678 875 1155 1521 1949 2274 2519 3043 3573 3943 4534 4903 5213 5565 6066 6295 6389 6418 6617 6449 6154 5974 5684 5380 5008 4710 4184 3857 3487 3170 2763 2394 2112 1976 1641 1499 1266 1154 1028 822 762 607 564 501 389 384 333 300 256 220 185 186 155 135 100 80 91 82 51 56 43 43 40 39 27 30 22 20 18 9 15 9 11 10 4 8 4 4 3 2 3 0 2 0 1 1 0 1 1 0 0 0 0 0 0 0 0 0 0 0 
0 0 23 77 100 91 107 145 250 354 496 640 859 998 1191 1567 1935 2337 2727 3069 3586 4040 4494 4984 5456 5704 6064 6388 6349 6602 6459 6440 6310 5956 5615 5357 5073 4563 4113 3683 3404 3082 2815 2468 2162 1971 1693 1444 1331 1142 1022 874 732 630 566 536 408 390 315 284 249 212 184 167 128 105 89 83 66 67 66 51 38 27 51 29 16 16 23 19 17 9 9 4 1 4 4 9 1 0 0 4 1 5 0 0 1 0 0 0 0 1 1 0 0 0 0 0 0 0 0 0 0 0 
0 0 27 69 110 134 184 251 349 496 679 939 1154 1417 1707 2155 2552 2840 3332 3842 4221 4649 5124 5489 5841 6128 6416 6646 6506 6375 6210 5960 5789 5365 5070 4681 4361 3927 3576 3124 2943 2600 2404 2012 1848 1575 1459 1246 1087 946 818 696 584 546 476 383 331 310 231 217 205 181 161 129 107 97 82 56 80 52 52 42 30 39 34 20 25 19 15 16 8 13 8 10 8 5 5 7 6 3 1 2 1 1 1 0 0 0 0 1 0 0 0 0 0 0 0 0 0 0 0 
0 0 30 77 117 111 96 144 264 395 461 646 817 1080 1254 1551 1930 2226 2591 2964 3665 3951 4505 4904 5144 5623 5901 6220 6386 6413 6426 6362 6228 5883 5690 5357 4887 4647 4274 3738 3569 3084 2676 2388 2174 1893 1662 1437 1220 1104 964 881 774 654 593 468 418 363 334 279 277 206 180 163 124 113 84 97 76 77 77 56 49 42 35 34 26 22 19 25 13 8 10 14 10 6 5 0 5 1 4 7 1 1 2 2 0 2 0 1 1 0 1 0 0 1 0 1 0 0 0 0 0 1 0 0 0 0 0 0 0 0 0 0 0 
0 0 22 69 119 93 122 214 455 566 598 698 1031 1442 1877 2158 2411 2751 3297 3757 4305 4792 5083 5486 5862 6297 6403 6520 6725 6596 6448 6090 5854 5550 5153 4687 4359 4072 3524 3308 2937 2562 2300 2031 1780 1551 1423 1192 966 936 830 707 607 512 432 402 315 301 282 233 164 168 149 124 97 104 76 75 72 55 54 42 22 28 15 24 20 7 15 9 10 10 7 5 3 5 1 5 7 1 2 0 1 5 1 0 0 1 0 0 0 0 0 0 0 0 0 0 0 
0 0 17 76 106 74 120 182 256 330 419 442 585 752 1132 1518 1770 1967 2440 2797 3242 3682 4130 4484 5067 5407 5640 6006 6298 6270 6390 6270 6381 5952 5798 5611 5165 4683 4457 4187 3738 3336 2898 2636 2515 2105 1804 1632 1462 1204 1078 943 819 740 628 533 484 390 369 304 276 230 195 188 142 128 124 95 81 82 74 67 56 38 38 25 34 23 27 21 19 17 14 13 7 8 9 7 6 5 5 6 5 2 4 8 7 2 1 1 3 0 1 0 0 1 0 0 0 1 0 0 0 0 0 0 0 0 0 0 0 
0 0 27 76 117 103 96 174 307 402 443 613 830 1036 1204 1442 1599 1966 2319 2622 2943 3411 3727 4230 4612 4986 5134 5423 5726 5747 5831 5951 5915 5673 5443 5427 5139 4794 4354 4176 3759 3362 3015 2720 2539 2219 1989 1719 1516 1378 1214 1081 897 871 743 637 605 460 451 416 364 281 236 214 190 155 153 121 106 108 75 64 50 61 35 41 30 32 27 26 19 25 19 8 13 8 9 9 4 13 10 4 5 11 6 2 3 1 6 1 2 4 2 3 0 1 0 2 2 1 1 0 0 0 0 0 0 0 0 0 0 0 
0 0 18 78 102 90 122 218 348 429 587 834 1060 1292 1523 1871 2154 2716 3125 3435 3958 4374 4738 5327 5510 5900 6215 6321 6484 6434 6245 6086 5900 5746 5418 4906 4547 4243 3759 3534 3071 2884 2605 2255 1911 1684 1557 1339 1158 1024 889 753 674 560 524 449 372 325 279 252 191 165 151 132 123 116 90 80 55 51 56 47 32 38 23 17 23 18 16 17 16 15 9 8 5 7 5 3 3 1 1 2 2 0 2 0 0 0 0 0 0 0 0 0 0 0 
0 0 15 66 97 85 85 158 335 445 488 539 745 1046 1386 1652 1984 2242 2658 2946 3450 3957 4296 4864 5156 5449 5645 5944 6275 6220 6375 6021 5905 5845 5616 5311 5004 4456 4134 3828 3343 3114 2810 2426 2082 2027 1761 1562 1358 1188 1053 892 802 665 590 539 478 412 335 319 260 241 214 177 154 142 135 106 86 91 51 64 49 41 43 35 31 25 21 22 20 22 11 14 6 9 7 6 11 8 3 4 3 2 5 1 2 1 4 2 2 4 0 1 0 2 2 1 3 0 0 1 1 1 0 1 0 0 1 1 0 2 1 1 0 0 1 1 0 0 0 0 0 0 0 0 0 0 0 
0 0 14 63 103 106 122 198 300 387 473 682 981 1183 1328 1615 2098 2633 2888 3496 3824 4398 4851 5398 5811 6043 6363 6505 6631 6641 6515 6406 6076 5742 5424 5000 4584 4238 3880 3534 3150 2795 2429 2124 1971 1777 1462 1324 1167 999 839 754 661 602 483 415 391 309 303 258 189 185 145 142 112 93 73 71 82 51 54 53 31 39 27 27 16 18 10 7 8 9 7 3 4 5 5 5 1 3 0 1 2 1 2 3 0 0 1 1 2 0 0 0 3 0 0 1 0 0 0 0 1 0 0 0 0 0 0 0 0 0 0 0 
0 0 25 65 123 102 106 188 312 446 531 619 872 1133 1472 1751 2086 2453 2957 3337 3913 4316 4694 5190 5713 6015 6226 6276 6588 6705 6530 6493 6161 6030 5623 5120 4768 4404 4160 3618 3239 2942 2519 2319 2007 1748 1580 1364 1194 1060 888 800 670 606 544 438 407 339 323 233 235 157 160 149 112 101 82 86 88 57 37 45 44 39 29 23 18 19 23 15 15 13 14 8 5 7 4 7 1 1 3 1 2 4 0 1 1 0 1 0 1 1 0 0 0 0 0 0 0 0 0 0 0 
0 0 27 62 88 108 128 213 370 533 581 739 968 1257 1685 2007 2318 2713 3135 3507 4109 4533 4859 5389 5665 5859 6262 6270 6167 6067 6151 6017 5581 5381 5106 4774 4476 3905 3576 3350 3021 2648 2379 2099 1904 1624 1435 1309 1129 937 868 784 681 591 515 440 398 328 306 232 224 200 139 142 137 106 88 79 75 62 63 54 38 37 33 32 21 20 11 13 20 15 11 6 4 6 10 2 5 2 5 3 1 5 1 1 3 1 0 0 3 0 0 0 0 1 0 0 0 0 1 0 0 0 0 0 0 0 0 0 0 0 
0 0 21 79 107 87 102 171 350 440 490 577 615 898 1166 1506 1663 1924 2299 2817 3204 3650 4112 4464 5095 5451 5680 5900 6176 6317 6161 6123 6156 5958 5775 5366 5033 4805 4392 3951 3701 3422 2874 2633 2390 2088 1880 1606 1438 1265 1105 932 836 759 670 527 494 442 418 343 288 230 224 214 180 157 142 112 96 87 97 59 53 44 49 36 37 22 20 21 16 13 11 11 11 10 9 6 5 8 4 1 4 2 3 3 3 2 1 2 4 2 2 2 2 0 0 0 0 1 0 0 0 0 0 0 1 0 0 0 0 0 0 0 0 0 0 0 
0 0 19 74 75 86 114 239 368 476 566 693 916 1192 1450 1941 2352 2735 3263 3562 4260 4629 5193 5649 6215 6459 6664 6685 6878 6824 6666 6439 6076 5695 5462 5019 4670 4253 3774 3461 2992 2671 2339 2099 1848 1587 1449 1203 1043 892 788 731 593 490 439 380 316 284 240 228 178 162 137 127 100 83 72 61 57 42 51 39 25 20 17 18 13 19 12 20 7 4 4 3 8 6 4 3 1 3 0 1 2 2 2 0 2 1 1 0 2 0 0 0 1 0 0 0 0 0 0 0 0 0 0 0 
0 0 19 74 95 68 114 203 299 368 464 695 829 1054 1377 1749 2169 2503 2850 3456 3877 4296 4705 5112 5494 6095 6302 6349 6375 6454 6488 6347 6111 5831 5565 5092 4806 4346 3951 3623 3256 2892 2614 2267 1994 1822 1542 1332 1178 1015 964 783 701 610 522 467 407 402 313 268 244 175 173 130 118 111 81 90 67 62 42 42 41 41 25 23 14 18 29 9 9 14 11 5 6 8 6 3 2 5 2 3 4 3 2 2 2 0 1 3 1 1 1 0 0 0 0 3 0 0 0 0 0 0 1 0 0 0 0 1 0 0 0 1 0 0 0 0 0 0 0 0 0 0 0 
0 0 34 83 106 116 138 189 344 523 602 711 917 1274 1617 1946 2236 2594 3022 3618 3961 4469 5008 5264 5600 5943 6238 6330 6413 6287 6211 6152 5954 5550 5204 4808 4552 4163 3696 3490 3070 2687 2433 2155 1914 1714 1498 1277 1131 955 825 721 637 544 505 414 375 351 284 258 213 204 175 162 130 108 96 94 82 78 61 62 30 42 45 34 23 33 14 18 24 19 13 8 8 5 5 6 8 3 1 4 2 2 2 4 4 0 2 0 1 2 0 1 0 2 0 2 0 0 1 0 1 0 0 0 1 1 0 0 0 1 0 0 0 0 0 0 0 0 0 0 0 
0 0 27 86 113 98 135 173 251 388 564 752 935 1203 1410 1676 2083 2583 3078 3353 3656 4202 4566 5135 5603 5821 6206 6223 6213 6316 6375 6195 6025 5733 5247 4950 4535 4444 3973 3590 3166 2817 2579 2306 2031 1730 1576 1409 1222 1116 916 832 758 620 550 445 387 338 323 249 233 175 172 151 136 116 89 76 69 61 62 50 41 53 28 35 36 29 22 23 24 17 14 12 10 12 9 5 4 8 4 1 7 3 3 3 2 2 1 1 0 2 1 0 2 0 0 1 1 0 0 0 0 1 1 1 0 0 0 0 1 0 1 0 0 0 0 0 0 0 0 0 0 0 
0 0 29 61 105 96 137 267 403 546 622 692 954 1311 1605 1943 2160 2619 3139 3693 4145 4318 5018 5337 5753 6185 6227 6416 6518 6271 6221 6155 5721 5541 5174 4939 4471 4069 3780 3375 3042 2676 2489 2082 1990 1608 1479 1259 1142 952 889 729 647 564 487 415 412 354 269 236 210 222 151 131 118 93 83 79 62 75 43 38 36 22 25 28 17 10 16 9 12 7 7 6 7 4 5 3 4 1 1 3 0 2 0 1 3 1 1 0 2 1 0 1 1 0 0 0 1 1 0 0 1 1 0 0 0 0 0 0 0 0 0 0 0 
0 0 26 75 95 90 88 171 293 460 594 730 986 1173 1415 1782 2217 2592 2949 3379 3909 4330 4930 5235 5546 5807 6017 6283 6288 6300 6218 6088 5722 5593 5161 4850 4499 4228 3738 3437 3074 2706 2368 2206 1953 1719 1519 1309 1209 1014 938 775 635 617 506 457 392 364 339 284 204 185 177 152 128 108 87 90 83 66 54 41 32 44 36 33 26 19 17 18 13 11 6 9 3 11 5 0 4 3 5 4 3 2 1 2 3 2 1 0 1 4 0 1 0 0 0 1 0 1 0 0 0 0 0 0 0 0 0 0 0 
0 0 29 58 93 110 66 120 236 307 381 466 629 863 1202 1354 1692 1956 2402 2825 3254 3752 4295 4827 5026 5313 5695 6133 6410 6293 6480 6316 6281 6127 5815 5473 5230 4827 4389 3985 3520 3262 2935 2618 2324 2064 1803 1578 1421 1275 1041 950 869 729 630 568 504 395 357 314 268 241 209 192 148 133 116 105 100 76 64 58 36 53 40 30 27 28 22 22 21 13 14 15 12 10 7 5 1 5 9 4 4 1 2 5 4 2 0 4 1 1 0 1 2 0 1 0 0 1 1 0 0 1 1 0 1 0 0 0 0 0 0 0 0 0 0 0 
0 0 24 80 110 119 225 305 495 659 807 1025 1315 1617 2004 2290 2782 3320 3836 4163 4593 5222 5615 5961 6166 6395 6456 6506 6369 6283 6295 5963 5436 5226 4991 4476 4120 3640 3228 3062 2631 2402 2045 1896 1640 1479 1325 1034 902 845 707 665 518 478 385 360 317 287 215 208 157 155 146 104 98 93 77 71 56 45 44 46 29 19 41 25 13 8 12 14 19 11 10 2 9 5 5 5 4 2 2 2 1 2 2 0 0 0 1 2 1 0 0 0 0 0 0 0 0 0 0 0 
0 0 17 79 134 141 158 263 425 546 647 799 1093 1472 1684 1942 2305 2699 3113 3574 4071 4467 4826 5171 5510 5774 6065 6446 6348 6363 5963 5957 5609 5339 5071 4767 4231 3978 3667 3337 2951 2661 2379 2062 1863 1694 1506 1274 1163 1001 846 749 694 568 515 457 389 314 293 244 184 177 153 138 144 109 87 64 74 56 41 47 48 34 22 22 20 9 12 14 10 11 9 10 5 5 3 2 4 3 2 2 1 2 1 2 2 1 1 3 2 1 1 0 0 0 1 0 0 0 0 0 0 0 0 0 0 0 
0 0 24 64 99 99 89 176 319 463 535 666 982 1389 1678 1956 1985 2421 2947 3490 3930 4301 4759 5257 5686 5819 6125 6220 6600 6366 6202 6093 5904 5618 5544 4920 4531 4290 3976 3547 3114 2817 2456 2202 2063 1785 1503 1333 1138 1053 889 792 687 624 490 429 340 349 321 250 210 185 155 147 133 103 97 85 69 52 47 44 31 34 37 14 19 23 21 10 12 11 13 4 10 8 2 3 3 3 3 1 1 0 1 1 0 0 0 0 0 0 0 0 0 0 0 
0 0 24 76 96 109 112 172 254 366 409 589 804 1151 1436 1712 2009 2253 2635 3325 3714 4215 4487 4999 5448 5778 6079 6204 6385 6507 6447 6496 6168 5952 5629 5246 4893 4589 4144 3710 3316 2957 2622 2309 2027 1888 1668 1484 1239 1084 943 877 741 609 500 473 407 358 331 271 237 201 217 136 141 127 86 81 75 74 58 42 50 30 36 38 27 15 21 15 15 17 11 10 6 6 3 6 1 7 2 0 3 1 2 1 2 0 0 0 1 3 0 0 0 0 1 0 0 0 0 0 1 1 0 0 0 0 0 0 0 0 0 0 0 
0 0 25 68 93 89 100 158 264 342 439 602 829 1083 1541 1793 2149 2514 2980 3485 4124 4436 4963 5296 5859 6069 6167 6410 6470 6560 6524 6335 6023 5753 5515 5107 4673 4145 3763 3460 3166 2740 2485 2085 1921 1718 1490 1329 1155 1017 837 766 658 601 503 438 406 327 283 265 245 195 171 161 142 117 104 84 87 76 58 44 31 53 28 30 19 14 18 15 11 10 4 5 8 4 7 3 3 4 2 1 0 3 0 0 0 0 0 1 0 0 0 0 0 1 0 0 0 0 0 0 0 0 0 0 0 
0 0 26 72 124 126 217 307 415 513 711 892 1201 1434 1724 2014 2523 2875 3342 3766 4224 4534 4972 5528 5966 6192 6300 6287 6476 6452 6205 6073 5788 5339 5013 4566 4300 3936 3576 3127 2820 2442 2301 1988 1821 1621 1336 1201 1056 977 819 713 610 555 439 404 336 284 268 223 183 173 136 120 122 108 70 66 41 56 27 27 34 21 31 20 13 7 17 8 10 10 5 9 7 5 3 5 1 2 1 0 0 2 1 1 0 1 3 1 0 0 1 1 1 0 0 2 0 2 0 0 0 0 1 0 0 0 0 0 0 1 0 0 0 0 0 0 0 0 0 0 0 
0 0 19 64 90 101 98 187 281 385 521 686 784 1082 1324 1739 1961 2436 2776 3398 3975 4394 4723 5215 5713 6137 6474 6250 6536 6484 6412 6321 6022 5738 5484 5090 4780 4390 3899 3598 3271 2983 2563 2232 1921 1757 1610 1308 1244 983 879 792 714 650 531 470 366 329 304 259 240 170 181 120 142 108 112 78 77 55 60 44 43 37 32 28 38 21 14 18 12 16 8 9 10 7 5 6 6 7 3 2 5 1 2 3 2 3 0 0 1 3 0 0 0 2 0 0 0 0 0 1 0 0 0 0 0 0 0 0 0 0 0 
0 0 20 57 94 101 91 132 238 358 451 589 676 837 1168 1566 1908 2264 2625 2978 3517 4057 4573 4885 5200 5602 6087 6185 6349 6375 6429 5976 6093 5882 5554 5204 4925 4458 4114 3764 3447 3068 2735 2432 2151 1984 1748 1464 1350 1171 1026 926 786 696 580 526 456 398 330 295 244 223 167 172 138 128 112 97 80 58 48 46 66 37 35 24 29 23 15 19 8 12 9 8 8 6 5 6 2 5 1 3 4 0 1 2 2 3 2 1 1 0 1 0 1 2 1 0 0 0 2 0 0 0 0 0 0 0 0 0 0 0 
0 0 27 79 136 99 126 213 354 537 597 798 993 1377 1685 1764 1987 2685 3246 3634 3995 4398 4772 5266 5475 5775 5983 6136 6308 6217 6176 5903 5795 5268 4934 4711 4517 4032 3680 3250 3108 2653 2285 2193 1906 1739 1463 1302 1186 1064 912 743 684 625 570 494 411 351 303 275 233 190 193 186 136 115 95 87 60 68 61 54 53 31 23 25 23 23 18 7 13 11 5 10 9 3 8 4 6 6 5 1 4 5 8 2 6 3 2 2 0 2 3 0 2 1 3 1 1 1 1 2 1 2 0 1 0 0 1 1 0 0 1 0 0 0 0 1 0 0 0 0 0 0 0 0 0 0 0 
0 0 26 88 125 162 212 260 386 475 644 921 1156 1493 1555 2038 2385 2930 3371 3681 4170 4666 5078 5516 5712 5978 6356 6466 6493 6314 6340 6069 5817 5453 5149 4834 4404 4113 3584 3257 2897 2501 2328 1967 1818 1550 1440 1190 1091 885 742 707 602 556 421 373 325 268 242 224 195 160 118 125 103 106 65 67 55 56 46 42 47 21 30 21 22 17 14 17 11 12 8 7 4 6 5 7 2 2 4 2 3 2 1 0 2 1 0 0 0 0 0 0 0 0 1 0 0 
0 0 27 71 87 104 98 197 438 683 747 718 889 1152 1532 1946 2211 2630 2983 3415 3826 4216 4656 4991 5373 5666 6035 6086 6197 6022 6058 6035 5700 5507 5263 4784 4534 4032 3821 3402 3065 2735 2468 2209 1922 1739 1536 1291 1180 1044 927 783 651 616 515 474 370 332 284 252 231 182 155 167 137 115 93 78 86 71 63 50 55 34 33 39 28 21 31 15 18 13 7 5 9 8 4 5 2 6 5 1 2 1 3 1 0 0 1 0 0 1 0 0 0 0 1 0 0 0 0 0 0 0 0 0 0 0 
0 0 24 81 94 96 147 295 488 528 636 761 1125 1338 1648 1907 2328 2740 3204 3669 4059 4442 5057 5501 5787 6086 6301 6435 6520 6697 6382 6121 6035 5570 5345 4895 4449 4082 3804 3345 2990 2647 2356 2130 1833 1645 1406 1190 1072 985 806 718 611 526 475 418 362 314 308 248 205 171 137 145 132 112 76 65 65 61 47 45 37 30 36 34 18 21 16 16 21 8 10 7 5 11 6 7 1 3 3 3 1 0 0 3 2 2 2 0 0 0 0 1 0 1 0 0 0 0 0 0 0 0 0 0 0 
0 0 32 84 108 99 95 239 436 604 695 866 1078 1431 1827 2256 2615 3007 3436 4014 4402 4807 5307 5776 5970 6180 6429 6497 6517 6413 6194 6063 5743 5246 5027 4587 4272 3861 3449 3146 2911 2467 2172 1856 1696 1492 1323 1174 997 885 779 669 571 482 459 374 334 289 230 200 187 152 112 121 94 86 86 75 44 35 39 38 22 28 24 18 14 16 4 14 5 6 3 4 7 5 1 6 0 2 3 4 3 2 0 1 1 0 0 0 0 0 0 0 0 0 0 0 
0 0 29 59 87 105 140 213 312 431 569 711 947 1244 1567 1849 2118 2627 3022 3539 4155 4406 4862 5334 5676 6125 6372 6416 6567 6561 6623 6292 5848 5687 5302 5080 4643 4165 3784 3435 3078 2748 2440 2023 1846 1635 1458 1256 1104 976 807 762 647 560 466 438 384 301 245 213 200 181 177 122 106 97 84 79 78 45 44 55 28 30 29 23 21 11 21 15 10 11 8 7 13 9 8 7 4 3 6 4 1 6 1 1 1 2 3 2 1 0 0 0 0 0 1 1 0 0 0 0 0 0 0 0 0 0 0 
0 0 27 71 97 112 106 137 249 425 592 783 872 1013 1353 1937 2255 2684 3002 3386 3859 4368 4908 5180 5661 5836 6244 6544 6536 6589 6468 6261 6111 5730 5579 5006 4666 4391 4036 3449 3223 2807 2478 2272 1929 1712 1524 1394 1120 1055 929 776 682 564 478 468 405 342 288 255 201 181 166 149 138 117 87 81 66 57 55 35 39 30 29 22 17 18 12 13 14 5 6 3 8 8 4 5 2 2 0 2 2 3 1 0 0 0 0 1 0 0 0 0 0 0 0 0 0 0 0 
0 0 23 60 91 86 91 144 265 395 513 576 697 953 1325 1707 2099 2248 2372 3015 3603 4127 4428 4711 5091 5514 5838 6089 6121 6237 6241 6175 6085 5800 5484 5154 4853 4372 4075 3715 3393 3088 2698 2509 2249 2033 1670 1450 1316 1226 1107 876 830 689 589 555 509 393 376 298 283 248 198 193 150 141 138 121 78 76 59 56 49 49 40 35 29 14 22 16 23 15 14 9 7 5 6 7 5 2 4 0 5 0 3 1 0 1 2 1 0 1 2 0 3 1 0 0 0 0 1 0 0 0 1 0 0 0 0 0 0 0 0 0 0 0 
0 0 27 83 90 85 125 257 350 405 568 758 1117 1437 1808 2064 2420 2789 3282 3706 3967 4467 4949 5596 5856 6285 6304 6617 6402 6607 6494 6105 5869 5570 5110 4931 4579 4154 3650 3260 3009 2672 2289 2108 1813 1580 1407 1294 1068 939 846 762 643 540 466 395 368 311 287 216 194 184 149 113 104 102 90 67 59 49 47 36 31 27 23 25 21 14 16 13 8 8 10 7 6 4 3 3 2 1 2 3 2 1 1 0 0 1 0 0 0 0 0 0 0 0 0 0 0 
0 0 12 54 98 91 69 101 199 341 443 492 539 750 996 1295 1560 1863 2183 2520 2815 3157 3565 4182 4558 4810 5216 5565 5874 5915 6000 5937 5976 5787 5641 5343 5086 4903 4434 4089 3700 3372 3172 2825 2464 2242 1943 1791 1576 1361 1173 1104 902 820 699 655 553 512 462 421 331 309 245 217 215 183 155 119 114 123 84 84 72 58 53 50 38 41 39 24 25 29 17 16 13 16 13 6 7 8 9 7 1 6 2 6 1 2 1 3 2 4 1 1 2 0 2 3 1 1 0 1 0 0 0 0 0 0 1 0 0 0 0 0 0 0 0 0 0 0 
0 0 28 78 96 98 97 176 358 555 635 609 743 1094 1445 1788 2003 2239 2718 3247 3633 3977 4439 4976 5367 5515 5989 6224 6045 6182 6234 6068 5871 5687 5295 5091 4763 4348 4018 3661 3356 2981 2621 2280 2119 1869 1724 1443 1290 1146 977 878 803 680 559 483 442 393 362 291 264 204 209 165 137 140 105 115 82 73 60 65 51 41 29 34 30 21 24 11 19 12 4 10 12 7 3 3 9 2 3 3 7 2 2 0 2 2 0 0 0 1 0 2 0 0 0 0 0 0 0 0 0 0 0 
0 0 25 67 70 69 108 126 196 274 313 438 508 730 1070 1320 1464 1700 2174 2542 2986 3349 3884 4317 4693 5132 5473 5886 6067 6211 6353 6331 6202 6032 5940 5659 5243 4867 4627 4321 3935 3521 3145 2858 2548 2278 1929 1800 1597 1339 1195 1030 923 826 700 626 500 470 418 365 298 246 254 201 156 145 116 92 98 72 69 63 44 45 39 36 27 22 17 14 12 11 8 15 6 12 8 5 11 6 0 5 4 5 0 2 4 5 1 3 0 2 0 0 2 2 0 0 0 0 0 1 0 0 0 0 0 0 0 0 0 0 0 
0 0 28 66 117 110 122 201 279 448 649 718 970 1261 1580 1939 2261 2374 2795 3359 3806 4180 4586 5059 5338 5617 5898 6209 6060 6239 5978 5907 5628 5436 5116 4803 4421 4054 3700 3278 3031 2752 2394 2217 2005 1691 1597 1283 1225 1060 956 817 701 604 559 510 415 389 343 312 250 237 192 158 144 131 98 104 99 73 56 58 53 39 44 39 36 35 21 25 18 7 12 17 9 10 9 5 2 8 5 4 5 5 1 3 2 4 1 2 0 1 0 1 1 2 1 0 0 0 0 0 0 0 0 0 0 0 
0 0 24 72 99 96 108 108 209 348 508 764 932 1136 1303 1637 2085 2444 2792 3216 3761 4096 4731 5151 5545 5953 6076 6348 6312 6256 6241 6180 5988 5803 5357 4989 4702 4283 3939 3471 3151 2894 2544 2322 1990 1763 1560 1404 1194 1047 964 786 731 624 530 483 394 365 328 274 234 201 172 162 142 118 103 88 97 72 68 45 40 34 35 34 19 23 15 17 20 12 14 9 3 9 5 6 1 5 4 0 5 3 6 0 2 3 3 0 1 0 0 0 0 0 0 0 0 0 0 0 
0 0 30 65 102 109 69 141 184 291 324 365 443 694 956 1257 1543 1748 2255 2755 3141 3653 3961 4571 5067 5481 5858 6137 6435 6523 6526 6407 6381 6245 5883 5568 5342 4843 4559 4279 3653 3370 3090 2689 2419 2146 1887 1630 1488 1245 1116 1030 834 756 654 599 517 428 350 328 315 231 197 174 145 147 117 103 90 94 77 76 48 70 44 46 40 30 26 21 19 10 10 17 6 11 7 5 10 11 4 10 0 0 5 3 3 2 0 5 2 1 2 0 1 0 1 2 0 1 0 0 0 0 0 0 1 0 0 0 0 0 0 0 0 0 1 0 
0 0 30 62 86 75 107 207 375 525 590 633 860 1272 1601 1888 2131 2572 3119 3623 4100 4422 4834 5487 5917 6183 6427 6593 6680 6412 6358 6088 6086 5882 5420 4997 4789 4213 3802 3490 3145 2770 2470 2136 1820 1689 1516 1340 1153 980 847 765 660 546 495 443 391 301 247 246 197 170 120 118 112 110 75 80 59 59 48 38 31 22 30 26 20 13 14 8 8 14 14 7 2 9 6 2 5 4 2 1 1 1 2 0 1 2 0 0 0 0 0 1 0 0 1 2 1 2 3 0 0 1 0 1 0 1 0 0 0 0 0 0 0 0 0 0 0 
0 0 31 62 101 85 106 170 247 308 377 574 780 1009 1174 1482 1771 2177 2681 3011 3433 3926 4473 4839 5314 5550 5890 6071 6326 6475 6384 6367 6058 5874 5645 5294 4963 4468 4188 3807 3432 3068 2779 2466 2296 1812 1662 1477 1340 1152 1099 830 801 656 619 486 459 416 306 297 246 217 182 174 147 138 96 86 76 76 68 62 51 44 30 24 38 23 14 14 5 15 6 6 7 8 9 3 4 5 4 2 3 2 2 4 1 1 0 1 6 0 0 1 1 0 1 0 0 0 0 0 0 0 0 0 0 0 
0 0 18 77 98 101 104 197 386 546 645 829 1053 1362 1745 1908 2214 2575 3112 3553 4055 4424 4681 5108 5553 5825 6040 5978 6051 6140 6110 5847 5614 5501 5122 4826 4371 4083 3756 3337 2988 2762 2439 2133 1878 1677 1455 1326 1209 1011 903 735 716 624 542 475 433 319 304 288 239 205 161 150 121 108 94 85 59 48 51 42 46 32 31 33 27 16 17 16 16 11 6 8 9 4 5 6 5 3 4 2 3 3 1 0 1 2 3 2 2 0 1 1 0 1 1 0 0 0 0 1 0 0 1 0 1 0 0 0 1 1 0 0 0 1 0 0 0 1 0 0 0 0 0 0 0 0 0 0 0 
0 0 32 81 123 103 136 260 365 475 627 880 1133 1357 1627 1890 2320 2610 3117 3652 4041 4474 4961 5278 5545 6015 6185 6231 6420 6407 6280 6189 5740 5523 5184 4897 4416 4016 3697 3392 2946 2677 2290 2076 1850 1768 1395 1311 1098 1000 930 795 661 572 511 451 377 337 266 242 221 197 156 133 115 101 104 75 60 61 49 45 42 39 27 20 21 13 20 9 10 13 16 9 5 9 6 5 4 2 2 6 2 2 4 0 0 0 2 2 2 1 1 0 1 0 0 0 0 0 0 0 0 0 0 0 
0 0 15 89 112 93 119 233 334 500 668 853 1002 1247 1578 2063 2385 2769 3186 3515 4270 4638 5207 5386 5711 6186 6304 6444 6514 6442 6392 6062 5868 5691 5257 4938 4413 4188 3716 3517 2964 2603 2327 2047 1843 1585 1420 1266 1124 958 847 750 658 557 542 403 395 306 296 224 197 193 157 141 121 104 79 78 74 56 53 37 32 34 32 28 21 16 17 18 15 13 10 5 6 9 6 6 2 1 3 2 3 1 1 1 1 0 2 0 0 0 0 1 0 0 1 0 2 0 0 0 0 0 1 1 0 0 0 0 0 0 0 0 0 0 
0 0 27 79 105 74 101 155 284 359 481 606 753 1023 1339 1656 2059 2475 2811 3229 3779 4388 4756 5312 5588 5864 6214 6544 6571 6721 6541 6565 6171 6066 5735 5283 4823 4531 4122 3631 3295 2932 2572 2303 2001 1722 1504 1393 1134 997 904 797 691 594 486 424 369 308 286 269 200 196 162 131 124 116 80 71 86 57 56 47 32 41 29 21 26 12 13 13 14 9 10 4 8 5 1 5 1 1 3 2 3 1 0 5 2 2 0 4 0 3 0 3 1 1 0 0 0 1 0 1 0 0 0 0 0 0 0 0 0 0 0 
0 0 24 83 106 95 105 148 295 387 488 526 750 920 1192 1537 1846 2020 2233 2783 3160 3659 4099 4409 4736 5166 5542 5563 6007 5977 6012 6159 5974 5846 5584 5326 4937 4499 4423 3800 3580 3316 2973 2593 2386 2040 1879 1607 1424 1251 1136 968 847 758 711 601 504 465 370 322 311 263 206 195 149 154 121 127 92 84 85 67 50 51 42 40 44 27 26 16 16 19 13 12 4 12 15 5 8 8 6 2 2 7 5 1 2 0 3 1 1 3 0 0 1 1 0 0 0 0 1 0 0 0 0 0 
0 0 16 72 76 99 150 366 560 641 695 966 1215 1593 1958 2133 2522 3051 3494 4007 4323 4757 5272 5642 5923 6112 6277 6272 6374 6268 6119 5919 5476 5338 4890 4631 4209 3919 3400 3067 2770 2522 2185 1980 1742 1447 1286 1242 1041 899 787 721 555 522 442 402 363 302 241 210 189 161 176 136 103 103 85 93 79 51 47 48 46 43 30 27 26 11 13 17 11 12 11 7 8 4 6 1 1 5 1 2 4 3 6 1 1 3 0 0 1 1 1 1 0 0 2 0 0 0 2 0 0 0 0 0 0 0 0 0 0 0 
0 0 29 91 96 96 148 231 365 496 548 657 980 1263 1442 1743 2007 2454 2863 3352 3728 4113 4654 4996 5340 5755 5913 6070 6286 6295 6158 6045 6025 5661 5390 5122 4748 4385 3958 3629 3221 2890 2642 2378 2038 1783 1631 1373 1253 1059 973 827 711 613 524 472 382 305 333 255 248 173 177 148 138 115 91 71 76 54 54 63 36 39 28 29 22 23 21 20 12 6 8 4 7 5 4 5 1 1 2 2 2 1 3 1 0 0 0 0 0 0 0 0 0 0 0 
0 0 29 67 111 108 84 147 323 430 481 644 956 1252 1533 1754 1981 2369 2811 3204 3711 4155 4557 5110 5447 5804 6007 6174 6328 6518 6558 6355 6101 5808 5718 5186 4853 4474 4100 3740 3392 3020 2683 2406 2097 1816 1589 1408 1237 1035 920 851 732 696 525 469 398 353 333 282 220 189 181 161 133 106 90 92 81 66 48 45 51 43 41 32 21 26 25 17 14 13 13 14 7 10 4 3 4 2 1 1 5 0 3 2 0 1 0 1 2 2 0 0 1 1 0 0 0 0 0 0 0 0 0 0 0 
0 0 22 81 118 114 155 292 427 516 559 730 1070 1393 1644 1904 2281 2783 3288 3719 4224 4781 5046 5441 5858 6109 6610 6581 6449 6498 6513 6250 5972 5683 5233 5020 4723 4182 3701 3332 2902 2778 2360 2093 1754 1595 1436 1282 1101 948 852 738 664 541 493 454 386 329 283 232 197 202 144 113 116 93 94 73 51 36 57 43 35 25 21 20 22 12 14 11 10 9 5 2 5 2 2 2 3 2 1 1 1 2 1 1 0 0 0 1 0 0 0 1 1 1 0 0 0 1 2 0 0 0 1 0 0 0 0 0 0 0 
0 0 16 79 100 110 92 139 285 393 414 467 567 825 1070 1290 1579 1917 2316 2664 3082 3482 4040 4467 4821 5158 5582 5909 5967 6231 6328 6293 6132 5909 5673 5452 5139 4824 4256 4104 3662 3264 3000 2612 2406 2145 1837 1678 1489 1314 1164 1001 928 818 671 602 515 448 437 358 299 284 216 193 192 169 142 113 90 87 70 63 47 49 59 35 30 23 23 21 18 14 8 15 8 9 9 5 4 2 6 0 1 4 1 0 1 1 0 0 1 0 1 1 0 0 0 0 0 1 0 0 0 0 0 0 0 0 0 0 0 
0 0 23 65 119 101 107 178 313 415 503 643 829 1093 1602 1704 2038 2500 2893 3483 3743 4238 4566 5002 5303 5666 5986 6150 6283 6292 6144 6137 5783 5568 5373 5011 4644 4225 3858 3402 3193 2867 2512 2206 2021 1680 1565 1347 1202 1089 916 797 714 595 592 493 382 358 310 264 229 213 175 134 145 112 114 76 87 73 62 59 50 57 42 42 18 15 28 22 16 13 9 10 13 3 11 5 8 5 4 4 6 5 2 5 1 4 4 1 2 2 2 2 0 0 0 1 0 1 0 0 0 1 0 1 0 0 0 0 0 0 0 0 0 0 0 
0 0 17 70 83 77 85 109 195 324 409 485 610 824 1071 1394 1576 1736 2164 2469 2998 3286 3784 4238 4606 4848 5377 5609 5763 6046 6126 6189 6073 5817 5642 5451 5125 4961 4442 4094 3658 3472 3023 2799 2547 2224 1926 1829 1491 1376 1192 1072 954 815 685 618 592 506 405 381 325 280 235 213 217 164 134 115 93 105 83 69 63 47 52 44 32 25 26 19 21 12 12 9 10 12 7 12 4 8 3 6 4 3 6 1 2 2 1 0 1 0 0 0 0 0 0 0 0 0 0 0 
0 0 25 53 89 71 108 139 276 359 455 570 814 1143 1344 1725 2050 2449 2817 3263 3810 4074 4525 4936 5378 5699 6110 6186 6274 6463 6379 6098 5976 5810 5516 5239 4856 4575 4155 3914 3428 3011 2681 2506 2176 1882 1680 1479 1308 1112 950 824 754 616 544 489 425 334 344 288 245 223 180 150 142 123 105 93 70 65 52 57 43 51 17 24 29 27 28 24 15 14 8 5 9 8 3 7 5 5 3 3 2 2 4 1 2 1 3 0 3 1 2 0 1 0 1 0 1 2 0 1 0 0 2 1 0 0 0 0 0 1 1 0 0 0 0 0 0 0 0 0 0 0 
0 0 22 72 103 121 249 322 430 439 620 799 1158 1430 1712 1939 2382 2758 3251 3675 3960 4405 4862 5334 5802 5983 6013 6249 6283 6182 6159 6036 5914 5599 5127 4702 4476 4170 3667 3361 3020 2697 2383 2149 1872 1702 1495 1244 1144 993 908 761 642 511 517 459 378 300 262 268 244 158 150 139 130 108 84 74 59 58 45 42 39 31 33 23 24 16 12 12 12 17 13 11 9 8 11 11 7 4 3 3 2 5 2 0 0 3 2 2 2 1 0 0 2 1 0 3 1 0 0 1 0 0 0 0 0 0 0 0 0 0 0 
0 0 29 70 122 122 140 274 409 539 666 832 1104 1405 1676 1842 2351 2982 3447 3872 4373 4681 5119 5675 6042 6284 6322 6372 6713 6427 6293 6204 5831 5454 4949 4848 4409 3917 3577 3152 2884 2553 2222 1965 1672 1517 1374 1123 1018 871 739 698 625 507 461 395 329 283 265 209 183 148 138 119 93 86 82 67 64 61 56 36 27 30 17 20 14 9 6 9 4 4 4 10 3 3 2 3 1 2 2 2 1 0 1 0 2 0 0 1 0 0 0 1 0 0 0 0 1 2 0 0 0 1 0 0 0 0 0 0 0 0 0 0 0 
0 0 31 74 99 103 136 232 348 461 596 762 969 1260 1476 1820 2068 2457 3046 3485 3748 4272 4651 5213 5687 5884 6111 6425 6439 6576 6327 6119 5873 5620 5522 5015 4691 4456 3812 3557 3214 2932 2468 2298 2014 1829 1542 1332 1241 1069 877 802 699 615 461 440 393 338 297 226 207 196 149 157 127 103 102 86 68 53 48 40 44 39 28 32 16 14 13 20 8 11 11 9 5 7 9 6 2 3 7 5 3 1 2 3 1 1 2 2 1 0 2 1 0 1 0 0 1 0 0 0 0 0 0 0 0 0 0 0 
0 0 25 60 102 90 110 252 447 536 675 806 998 1384 1724 1967 2413 2889 3247 3730 4328 4804 5184 5616 5968 6255 6369 6539 6561 6647 6568 6219 5823 5420 5155 4654 4361 4005 3596 3225 2903 2502 2273 2091 1798 1474 1366 1188 1052 966 753 752 633 522 491 401 325 324 239 208 230 173 130 102 129 109 89 63 75 45 43 40 32 30 22 19 14 16 12 10 10 3 8 8 6 4 8 6 4 4 0 2 4 3 1 3 4 0 1 1 4 5 1 1 1 2 1 0 0 1 1 0 1 0 0 0 0 0 0 0 0 0 0 0 
0 0 28 95 116 109 138 232 395 544 623 723 922 1323 1638 1949 2164 2457 2888 3520 3949 4438 4880 5018 5415 5937 5989 6253 6250 6343 6322 6093 6065 5586 5238 4986 4561 4245 3938 3570 3091 2777 2586 2198 1996 1698 1514 1311 1158 1030 903 773 661 605 507 504 398 366 280 264 250 203 172 167 130 102 114 89 78 74 59 42 39 31 31 28 29 12 11 14 14 8 12 5 6 4 4 7 0 2 2 2 2 4 1 1 1 0 0 1 0 1 1 0 0 0 1 0 0 0 0 1 0 0 0 0 0 0 0 0 0 0 0 
0 0 23 69 100 91 106 190 281 436 492 674 807 1014 1262 1547 1897 2274 2587 3003 3530 3894 4397 4825 5115 5424 5928 6110 6294 6422 6302 6254 5985 5756 5428 5280 5011 4456 4151 3668 3418 3029 2726 2354 2218 1984 1644 1508 1357 1213 1022 892 770 694 595 518 465 396 342 318 261 212 185 196 175 128 102 111 93 67 71 46 38 54 37 28 25 31 26 12 8 15 13 11 11 5 7 3 8 9 3 5 2 3 3 1 0 1 2 3 2 1 1 1 1 1 2 0 0 1 1 0 0 0 1 0 0 0 1 0 0 0 0 0 2 0 
0 0 24 74 90 92 151 184 260 384 477 639 716 888 1064 1298 1662 2032 2506 2898 3282 3672 3997 4531 4875 5159 5575 5718 6033 6096 6115 6017 5988 5797 5553 5317 4993 4640 4303 4008 3582 3196 3038 2617 2373 2132 1813 1594 1480 1231 1116 946 851 717 662 563 498 434 372 324 266 235 196 189 166 147 120 115 104 87 73 43 49 43 40 25 36 32 28 13 18 14 15 7 6 6 7 3 5 3 0 3 2 3 3 2 0 0 0 0 1 1 2 0 0 0 0 0 0 0 0 0 0 0 
0 0 19 73 92 86 71 108 196 327 374 609 913 1120 1285 1574 2033 2428 2923 3338 3831 4121 4603 5133 5585 6052 6214 6258 6464 6516 6301 6212 5952 5793 5508 5179 4740 4381 3823 3565 3283 2903 2593 2314 2036 1814 1657 1375 1159 1013 919 811 656 542 520 428 430 348 285 275 243 201 165 150 158 121 99 107 96 82 65 44 52 45 34 29 23 29 23 13 13 14 14 14 7 8 9 13 10 3 10 6 6 2 2 1 3 6 5 5 0 3 1 3 4 2 0 1 1 0 0 0 2 2 0 0 0 0 1 0 0 0 0 0 0 0 0 0 0 0 
0 0 29 72 95 91 122 155 211 316 445 603 712 864 1004 1312 1727 1972 2219 2625 2898 3490 4036 4512 4854 5208 5569 5973 6014 6076 6344 6150 6181 5939 5788 5688 5477 4898 4552 4078 3696 3431 2989 2735 2433 2152 1881 1663 1479 1326 1131 1055 882 802 708 560 574 455 371 339 335 272 217 217 155 156 140 113 107 107 74 65 56 69 46 38 33 27 34 22 19 16 22 9 13 15 14 10 7 5 5 10 2 6 5 3 4 3 1 2 0 2 1 2 2 0 1 0 1 1 0 0 0 1 0 0 0 0 1 0 0 0 0 0 0 0 0 0 0 0 
0 0 34 90 106 100 163 250 314 413 616 894 1169 1413 1610 2028 2547 2909 3278 3678 4061 4610 4992 5535 5767 6122 6321 6403 6419 6328 6161 5911 5706 5407 4982 4646 4214 3955 3627 3168 2893 2533 2269 1942 1820 1535 1345 1188 1079 965 768 694 625 604 469 404 323 319 274 232 197 177 142 139 117 93 101 94 94 56 43 46 38 43 38 28 23 17 16 12 15 13 9 5 8 6 7 4 2 5 6 1 1 5 1 2 1 0 1 2 1 0 1 1 0 0 2 0 0 0 0 0 1 0 0 0 0 0 0 0 0 0 0 0 
0 0 18 63 102 119 146 315 465 585 739 945 1178 1528 1912 2179 2570 3047 3488 3975 4350 4909 5268 5668 6203 6435 6501 6674 6613 6506 6505 6101 5845 5675 5191 4787 4263 3830 3561 3199 2899 2512 2201 1925 1670 1499 1264 1123 983 820 761 681 504 465 427 325 335 288 234 215 183 159 103 120 107 95 81 64 52 46 51 36 27 31 27 18 13 14 17 18 12 6 6 7 7 6 7 3 3 4 1 2 4 6 0 2 0 1 2 1 0 0 1 0 0 0 0 0 0 0 0 0 0 0 
0 0 26 74 82 72 122 269 381 481 475 595 849 1292 1623 1872 2073 2425 3002 3460 3923 4211 4806 5110 5615 5829 5950 6365 6319 6285 6324 6020 6002 5655 5376 4958 4618 4218 3872 3564 3223 2894 2508 2330 1963 1785 1560 1416 1217 1069 900 737 701 645 546 461 412 361 310 266 243 207 186 154 134 116 108 88 68 62 53 48 27 37 23 30 16 26 16 13 13 8 11 7 11 5 4 5 2 3 3 3 2 3 3 2 2 1 0 0 2 1 2 1 1 0 0 1 0 0 0 0 0 0 0 0 0 0 0 
0 0 18 77 91 101 119 162 257 428 507 705 874 1137 1447 1817 2186 2475 2871 3458 3896 4422 4873 5040 5360 5798 6134 6289 6261 6124 6234 6038 5957 5621 5290 5064 4753 4303 3986 3581 3220 2912 2609 2312 2058 1786 1624 1377 1229 999 897 801 725 583 535 470 428 360 313 277 236 194 184 160 126 116 112 88 67 73 53 42 43 37 33 35 23 18 21 22 15 12 12 5 9 11 7 3 5 4 2 5 2 3 7 3 3 1 4 2 1 0 2 1 0 2 0 0 0 0 0 0 0 0 0 0 0 
0 0 24 78 107 91 138 270 369 506 576 786 1052 1272 1527 1950 2469 2930 3136 3566 4059 4436 4996 5335 5575 6168 6216 6312 6501 6377 6147 6241 5993 5599 5326 4695 4512 4225 3797 3285 3144 2693 2447 2130 1885 1660 1488 1269 1138 1001 880 724 707 586 500 447 377 329 285 230 217 167 172 145 126 104 94 76 70 54 53 47 39 25 29 24 25 9 10 9 14 9 14 6 6 3 4 3 1 2 2 2 4 1 2 0 3 2 0 2 0 0 1 0 0 1 0 0 0 0 0 0 0 0 0 0 0 
0 0 29 66 107 127 190 258 376 560 789 951 1106 1380 1650 2198 2580 3021 3412 3904 4239 4780 5235 5483 5877 5986 6427 6549 6505 6484 6221 6019 5569 5381 5086 4760 4351 3954 3520 3198 2808 2542 2236 1982 1714 1489 1325 1173 1063 907 775 671 586 519 437 376 337 311 280 209 192 144 146 138 121 96 69 63 53 53 53 30 36 22 15 26 26 16 18 19 8 5 7 5 4 8 7 4 1 4 1 2 2 0 1 1 2 0 1 0 0 1 0 0 0 0 0 1 0 0 0 3 0 0 0 0 0 0 1 0 0 0 1 2 0 1 2 0 0 0 0 1 0 0 0 0 0 0 0 0 0 0 
0 0 17 78 126 88 101 137 308 350 464 634 948 1204 1525 1858 1993 2598 2979 3633 4107 4433 4775 5217 5630 6125 6338 6559 6403 6595 6559 6400 6036 5682 5542 5084 4643 4239 3916 3489 3227 2833 2479 2191 2015 1716 1484 1349 1168 1016 840 808 651 578 497 431 393 294 285 250 225 179 143 152 139 107 86 83 72 63 48 46 44 41 28 28 16 21 14 15 9 15 9 4 4 6 4 5 6 5 1 2 4 1 5 1 1 1 1 2 1 0 0 1 0 0 1 0 1 0 0 0 0 0 0 0 0 0 0 0 
0 0 21 70 94 103 141 200 326 504 694 727 831 1118 1587 1964 2392 2665 2808 3451 3874 4299 4761 4945 5466 5813 6013 6163 6222 6288 6097 6036 5689 5494 5209 4806 4489 4225 3687 3415 3109 2655 2450 2155 2010 1753 1502 1289 1206 988 932 813 729 616 549 487 395 372 316 282 265 210 167 181 143 102 109 84 72 60 67 51 38 31 25 37 31 17 11 18 12 11 7 7 11 7 6 4 6 9 2 1 3 4 3 2 3 4 0 1 1 0 1 1 0 0 0 0 0 0 0 0 0 0 0 
0 0 38 111 121 178 276 424 495 572 796 1172 1441 1702 1774 2052 2612 3126 3652 3991 4395 4855 5149 5597 5813 6182 5981 6174 6366 6166 6084 5747 5493 5175 4946 4513 4169 3636 3479 3049 2775 2363 2134 1977 1742 1403 1364 1136 1015 891 780 670 626 488 442 402 347 307 271 225 195 195 173 133 129 95 92 71 76 69 49 42 38 33 34 26 27 17 15 12 13 11 10 10 5 9 6 4 8 8 4 4 0 1 1 4 0 1 1 0 1 0 3 0 0 0 0 0 0 1 2 0 0 0 1 0 1 1 0 0 0 0 0 1 0 0 0 0 0 0 0 0 0 0 0 
0 0 22 71 93 105 84 232 394 545 633 624 880 1127 1422 1729 1958 2168 2593 3099 3414 3969 4242 4582 4945 5304 5585 5948 6029 5859 5927 6040 5951 5673 5402 5035 4767 4491 4024 3631 3458 3039 2762 2328 2192 1926 1751 1508 1344 1144 1032 877 759 690 589 526 433 364 309 310 289 206 143 147 137 125 111 81 84 67 53 35 46 36 38 30 22 20 20 18 14 13 9 5 3 5 3 3 3 4 5 3 2 2 3 1 0 3 1 1 0 1 1 0 1 1 0 1 0 0 1 0 0 0 0 0 0 0 0 0 0 0 
0 0 29 80 103 102 116 176 251 335 457 520 703 1027 1466 1703 1884 2171 2510 3055 3552 4044 4534 4907 5214 5733 6253 6364 6436 6431 6612 6396 6255 6212 5749 5378 5031 4539 4354 4007 3470 3225 2767 2586 2196 1993 1648 1524 1270 1165 1026 848 731 627 572 513 421 389 339 261 219 229 165 137 142 118 102 89 62 57 55 53 44 39 29 19 36 22 15 10 13 16 8 5 12 6 6 4 8 2 4 2 2 2 1 0 0 2 2 0 1 0 0 0 0 0 0 0 0 0 0 0 
0 0 27 66 104 89 92 152 315 477 603 703 951 1225 1527 1917 2241 2598 2946 3596 3987 4449 4619 5268 5787 5990 6344 6306 6366 6460 6270 6290 6046 5646 5248 4922 4752 4367 3945 3418 3131 2832 2514 2221 1954 1679 1519 1338 1212 1085 878 774 682 551 533 447 350 322 260 224 195 179 135 134 111 95 85 72 67 54 54 53 39 30 27 24 37 19 18 13 14 16 10 9 11 5 5 4 7 4 2 3 2 2 3 1 3 2 0 2 0 1 1 0 1 0 0 1 0 0 0 0 1 0 0 0 1 1 0 0 0 0 0 1 0 0 0 0 0 0 0 0 0 0 0 
0 0 21 73 94 96 171 257 331 437 621 912 1197 1389 1621 2096 2651 3183 3420 3713 4351 4857 5110 5640 6003 6169 6455 6595 6438 6588 6511 6228 5757 5351 4959 4762 4366 3877 3528 3180 2759 2547 2257 2009 1806 1557 1307 1155 1091 917 776 712 607 505 445 371 366 277 245 202 206 172 144 122 97 85 98 74 61 55 41 34 41 30 22 26 15 15 12 17 9 8 8 9 6 6 3 6 4 0 3 1 3 1 0 1 1 1 2 0 0 0 1 0 0 1 0 0 0 0 1 0 0 0 0 0 0 0 0 0 0 0 
0 0 21 68 109 116 109 197 349 467 531 745 995 1401 1737 2033 2282 2675 3178 3706 4190 4456 5116 5438 5772 6127 6312 6448 6519 6475 6329 6131 5832 5768 5336 4950 4515 4122 3647 3373 2972 2606 2326 2186 1893 1649 1412 1172 1092 972 769 737 644 538 476 420 384 310 289 219 200 171 158 135 101 99 86 67 58 44 38 30 32 30 40 14 10 10 13 5 6 6 4 3 5 8 2 1 3 2 1 1 2 0 0 0 1 0 0 1 1 0 0 0 0 0 0 0 0 0 0 0 
