1 7 18 41 34 37 74 121 107 185 163 200 309 277 274 443 430 631 552 807 697 830 1117 1046 1280 1395 1524 1700 1687 2095 2379 2501 2635 2886 2938 3119 3311 3402 3715 3801 3706 3812 3941 3835 3839 3899 3768 3700 3751 3417 3324 3273 3212 3087 2821 2715 2655 2415 2231 2099 1979 1867 1729 1579 1523 1456 1347 1232 1128 1000 988 874 837 767 698 641 570 491 474 442 412 356 352 275 319 259 226 230 195 187 165 168 134 144 110 100 99 81 90 86 71 73 63 36 47 47 45 36 44 41 36 11 25 23 18 26 24 16 14 16 13 13 12 5 8 11 9 8 10 3 6 5 7 6 3 
1 6 16 34 38 61 119 111 277 190 242 242 441 390 386 550 602 586 814 825 1121 995 1030 1241 1445 1682 1923 1982 2165 2323 2472 2887 3004 3012 3234 3401 3566 3589 3714 3768 3848 3763 3796 3791 3824 3554 3639 3463 3426 3334 3208 3054 2818 2876 2596 2533 2398 2152 2128 1869 1862 1645 1539 1472 1378 1234 1136 1084 1042 916 842 737 689 672 617 546 517 451 450 396 391 335 331 257 265 240 239 206 205 192 152 141 151 114 105 102 107 85 84 57 70 64 56 58 50 41 59 42 34 26 37 31 29 22 16 23 21 15 9 19 8 12 12 13 5 6 4 9 2 
0 9 22 51 62 80 50 86 103 158 110 360 372 303 513 429 493 668 756 864 828 975 1064 1297 1511 1619 1829 1910 2037 2366 2377 2566 2937 2979 3192 3540 3458 3583 3759 3761 3950 3841 3816 3984 3833 3723 3598 3526 3500 3400 3302 3050 2878 2880 2611 2576 2443 2309 2173 2065 1852 1739 1562 1522 1457 1261 1186 1105 1062 927 811 756 718 706 638 579 514 519 410 405 404 334 309 282 263 259 198 224 201 162 159 133 136 144 101 87 99 73 74 77 62 58 51 43 38 32 29 34 22 29 24 26 18 10 22 12 11 13 9 11 8 8 5 5 8 3 2 4 6 1 
0 6 36 38 41 52 83 90 100 152 218 226 248 503 391 431 614 627 747 704 815 928 1223 1190 1355 1551 1773 1902 2081 2218 2420 2710 2697 2982 3123 3258 3445 3604 3641 3908 3849 3838 3904 3676 3775 3614 3647 3646 3557 3364 3219 3047 2973 2765 2664 2603 2387 2296 2127 1972 1868 1761 1639 1664 1381 1332 1210 1147 1034 1011 818 823 742 704 641 556 533 480 464 426 373 343 315 295 233 240 248 196 179 179 161 147 134 127 108 104 96 102 97 73 74 70 51 56 61 45 43 32 38 31 34 39 31 33 28 17 26 21 11 17 10 11 16 9 15 11 4 7 9 10 5 8 6 8 
0 7 22 27 40 45 95 75 99 101 250 188 269 236 516 354 453 543 639 678 929 938 1009 1123 1264 1427 1724 1828 2083 2164 2357 2445 2733 2693 3092 3075 3310 3340 3583 3542 3622 3596 3741 3799 3763 3750 3669 3609 3472 3447 3288 3167 3120 3172 2739 2640 2472 2375 2111 2033 1940 1782 1781 1580 1449 1320 1267 1224 1043 964 915 880 818 765 688 623 585 533 506 448 359 359 362 332 281 243 225 229 241 177 174 165 148 149 112 106 100 90 86 84 88 65 68 53 47 40 30 43 31 36 26 19 29 25 23 18 21 22 18 11 18 10 4 7 10 9 5 5 6 2 4 
2 7 20 32 37 44 61 80 92 203 120 119 155 143 328 251 312 446 427 393 591 748 751 763 908 1124 1368 1433 1624 1736 1927 2047 2283 2524 2714 2887 3016 3142 3189 3568 3612 3609 3659 3768 3887 3786 3804 3934 3745 3584 3652 3468 3373 3327 3070 3005 2781 2711 2650 2566 2349 2102 1987 1890 1760 1667 1641 1416 1298 1283 1087 1098 963 866 868 726 680 664 575 538 480 447 414 374 360 280 307 294 273 239 201 197 172 152 155 135 139 129 93 83 76 76 65 68 57 65 56 40 42 40 27 36 30 35 30 22 16 22 13 12 14 11 9 13 11 10 18 8 7 11 11 9 8 9 4 9 7 9 3 3 8 1 
0 5 12 29 35 44 52 80 90 99 126 324 152 202 263 480 332 414 406 523 645 768 897 947 1195 1128 1322 1624 1711 1885 2113 2304 2402 2621 2799 3043 3113 3354 3494 3645 3737 3804 3977 3777 3895 3781 3805 3617 3853 3769 3594 3324 3317 3104 2997 2839 2758 2517 2342 2273 2128 1962 1836 1685 1559 1502 1344 1288 1239 1087 931 929 868 789 717 683 604 619 528 488 463 418 384 344 327 274 264 287 202 212 198 194 148 150 128 135 123 98 90 86 64 81 58 69 48 39 42 41 30 30 28 29 29 23 21 21 25 18 13 10 9 14 11 17 9 3 8 13 11 7 5 2 5 3 
0 10 18 41 64 54 52 82 131 111 182 165 273 298 365 352 528 448 544 708 759 953 868 1044 1314 1331 1615 1722 1712 1994 2243 2256 2468 2734 3035 3104 3340 3531 3584 3873 3728 4067 3952 3876 4115 3962 3933 3631 3614 3566 3400 3345 3281 3194 2922 2837 2550 2529 2316 2140 1972 1873 1773 1616 1525 1561 1297 1202 1150 951 939 856 776 703 641 579 568 488 434 486 384 365 317 295 272 259 222 210 183 165 156 147 137 129 106 98 78 81 76 75 77 44 58 48 47 42 44 32 32 30 25 19 24 15 21 16 13 16 10 18 10 13 15 9 4 6 14 5 3 7 10 4 3 
1 7 27 42 31 48 68 106 71 67 136 139 239 272 226 286 346 508 717 475 702 539 768 901 1129 1199 1473 1508 1726 1971 1936 2380 2464 2618 2905 3196 3198 3342 3336 3460 3687 3848 3926 3963 3919 3982 3796 3818 3849 3758 3528 3350 3213 3134 3061 2952 2708 2555 2444 2228 2136 2007 1968 1675 1538 1512 1428 1308 1207 1137 1050 958 901 724 710 715 617 624 508 466 458 401 358 352 348 252 301 244 215 186 169 193 126 133 116 106 98 101 93 86 79 65 76 52 47 36 49 33 41 29 30 22 15 15 24 20 14 13 18 13 9 12 6 6 13 7 5 7 4 2 5 
3 8 19 28 39 75 68 133 234 182 213 197 293 461 338 501 687 725 729 831 973 1111 1334 1533 1546 1695 1884 2194 2264 2258 2511 2690 3024 3032 3279 3413 3548 3568 3840 3799 3985 4032 3905 3821 3692 3719 3658 3511 3492 3407 3016 3005 2896 2783 2655 2478 2316 2130 2072 1859 1794 1666 1560 1418 1305 1248 1061 1087 939 853 810 729 722 643 641 570 478 508 451 385 388 335 307 244 258 200 192 169 196 169 146 153 135 117 120 104 97 78 68 50 66 62 49 56 51 45 32 43 29 31 26 25 19 17 22 18 12 19 15 9 10 6 9 13 15 10 1 8 4 5 
0 19 26 44 72 100 78 105 151 169 384 223 393 360 499 680 595 742 1184 1140 1251 1334 1618 1744 1833 2149 2453 2598 2761 2919 2857 3214 3478 3582 3642 3735 3774 3937 3831 3874 4199 3993 3960 3695 3700 3582 3612 3378 3083 3151 3090 2792 2654 2582 2382 2214 2013 1895 1837 1699 1558 1385 1280 1212 1135 991 917 797 790 738 629 619 551 565 480 446 414 374 325 357 250 250 223 237 224 166 161 136 125 122 130 122 76 85 69 88 55 62 50 53 35 41 28 34 38 31 18 25 14 16 9 20 18 16 8 7 12 15 7 5 9 5 10 4 4 5 
0 3 20 26 39 43 181 54 81 124 211 194 155 218 240 291 455 468 611 680 605 714 811 956 1189 1194 1558 1605 1814 1839 2171 2233 2498 2634 2794 2968 3221 3434 3557 3716 3782 3803 3783 3990 3774 3731 3762 3713 3760 3525 3452 3408 3107 3154 3055 2885 2672 2564 2297 2231 2149 1921 1852 1763 1543 1435 1425 1337 1153 1073 1036 910 885 832 684 695 622 576 508 455 406 391 378 339 329 273 225 237 239 209 189 164 163 139 112 119 108 67 94 90 76 67 53 59 50 41 47 43 42 48 29 26 32 20 32 23 19 13 22 14 9 15 12 7 11 2 10 8 5 7 3 4 2 5 3 
0 5 22 35 64 170 58 93 201 290 177 214 347 387 499 537 613 730 825 930 884 1107 1258 1487 1694 1769 2089 2128 2283 2599 2887 2941 3254 3304 3493 3536 3744 3816 3818 3994 3990 3988 3876 3679 3734 3752 3660 3437 3323 3316 3072 2884 2862 2626 2352 2259 2217 2025 1998 1801 1710 1604 1371 1321 1270 1184 1075 1012 871 790 769 666 626 573 562 513 429 446 373 368 332 280 284 279 223 234 201 164 183 151 143 140 119 109 88 78 65 84 69 49 45 65 53 43 38 31 45 28 26 20 23 26 19 16 11 16 20 13 15 14 4 6 3 4 5 7 7 3 6 3 3 
1 7 16 36 34 55 52 63 98 99 197 142 205 306 394 377 447 471 584 656 756 841 1089 1146 1141 1213 1544 1701 1762 2102 2311 2375 2595 2730 2827 3161 3459 3493 3611 3585 3691 3799 3865 3882 3834 3724 3685 3713 3666 3471 3419 3322 3117 3061 2931 2768 2652 2461 2323 2190 2104 1907 1823 1701 1610 1498 1320 1241 1124 1025 945 891 782 765 690 594 607 547 492 447 441 379 350 302 280 295 274 214 195 179 176 138 144 152 129 118 103 106 66 86 64 66 49 69 48 55 38 39 25 27 27 29 23 19 32 18 21 15 13 20 13 13 8 13 8 11 8 9 9 11 15 3 5 4 7 4 5 3 
0 12 27 37 56 63 120 109 218 243 325 239 294 461 421 451 605 521 683 734 916 1099 1218 1332 1626 1582 1905 2019 2087 2347 2770 2993 2943 3315 3352 3443 3722 3760 3814 3825 3762 3766 3856 3959 3787 3671 3606 3503 3462 3311 3085 3061 2923 2860 2662 2398 2267 2073 1968 1954 1865 1748 1437 1342 1232 1156 1168 1018 974 892 817 743 708 621 612 542 482 461 422 350 376 335 294 294 238 208 212 177 183 137 139 146 129 124 114 101 81 91 55 69 60 63 61 44 50 49 40 39 35 32 34 18 25 28 25 23 13 11 14 11 8 5 9 5 12 5 4 4 3 4 
2 9 23 39 42 56 57 62 75 234 119 328 267 426 639 444 487 651 886 920 965 1099 1329 1472 1583 1764 2049 2191 2511 2548 2844 3064 3315 3335 3581 3555 3809 3846 3875 3909 3895 3937 3971 3864 3789 3659 3610 3548 3438 3342 3033 2878 2771 2628 2478 2384 2256 2037 1917 1854 1707 1473 1379 1305 1229 1162 1034 907 920 856 756 722 670 581 527 493 449 403 374 358 320 337 268 273 261 225 184 164 172 154 167 132 142 115 95 93 77 88 69 62 53 66 33 55 45 36 27 29 31 28 22 18 18 17 8 19 19 12 9 8 10 6 9 7 14 10 6 3 5 4 1 
14 19 27 46 51 50 85 57 86 122 158 174 166 352 183 206 395 418 438 510 632 735 828 861 1016 1204 1355 1454 1703 1759 2019 2272 2416 2638 2933 3142 3202 3264 3430 3486 3785 3833 3986 3884 3844 3909 3830 3795 3742 3640 3570 3415 3269 3114 3069 2775 2769 2612 2504 2356 2219 1993 1953 1798 1610 1500 1384 1349 1211 1147 1079 1008 897 810 798 733 670 601 541 471 474 448 417 376 315 273 296 255 234 221 219 197 164 135 134 142 130 105 97 97 74 53 61 66 53 53 36 50 44 16 33 33 24 33 22 12 17 20 13 10 17 11 16 6 9 5 7 1 5 6 6 5 
3 8 27 35 67 129 93 67 89 111 166 133 405 207 548 454 464 486 683 861 843 962 1001 1188 1206 1486 1667 1802 2043 2135 2465 2577 2817 3143 3064 3300 3543 3626 3814 3821 3726 4086 3981 3833 3831 3770 3749 3689 3583 3390 3429 3117 2939 2729 2788 2607 2421 2377 2173 1964 1873 1763 1598 1494 1423 1282 1268 1148 1100 898 808 886 765 681 618 586 579 500 428 374 387 350 309 318 284 263 230 218 174 178 155 170 134 118 115 126 90 99 61 72 64 61 50 50 37 38 36 33 37 28 30 23 23 17 19 16 13 11 14 13 10 10 9 6 5 4 6 4 
0 20 28 36 72 70 79 119 89 186 455 155 247 314 564 581 671 672 744 793 973 1177 1269 1523 1691 1776 2044 1978 2272 2409 2679 2905 3184 3336 3460 3580 3669 3807 3962 3896 3952 3833 3959 3825 3761 3758 3719 3549 3388 3212 3154 2994 2757 2564 2560 2362 2188 2028 1961 1823 1675 1574 1409 1315 1197 1159 1054 1038 896 781 801 716 655 606 496 500 472 453 374 357 330 290 267 262 247 201 184 186 143 151 146 118 87 85 104 78 71 70 66 55 57 49 45 40 46 45 29 27 27 27 18 19 29 15 15 15 9 7 12 13 6 11 6 5 6 5 10 8 
0 6 15 47 43 57 130 100 234 146 425 227 248 573 491 555 702 754 945 1016 1213 1284 1280 1481 1823 1971 2045 2227 2509 2777 2892 2895 3172 3243 3502 3575 3626 3801 3823 3904 3919 3736 3840 3794 3778 3717 3514 3537 3295 3219 2960 2910 2862 2607 2481 2383 2211 2061 1910 1841 1686 1614 1423 1296 1297 1127 1117 977 876 818 747 658 627 586 547 480 377 413 407 350 336 288 299 261 197 172 166 173 184 138 128 130 96 100 76 86 78 68 70 60 55 54 46 39 33 29 33 19 16 7 21 19 16 19 13 12 11 6 6 14 7 10 5 6 8 4 
0 11 31 42 57 49 74 97 75 150 280 154 488 298 357 443 548 633 747 829 880 1044 1134 1387 1652 1626 1726 1987 2096 2418 2490 2789 2955 3196 3263 3353 3571 3646 3772 3912 4062 3949 3927 3944 3921 3920 3787 3657 3463 3452 3171 3019 3017 2802 2710 2509 2449 2215 2030 1983 1843 1704 1502 1456 1333 1287 1119 1019 917 881 865 742 715 672 570 521 478 489 456 407 337 350 261 298 266 226 219 176 173 165 154 146 122 105 97 107 100 77 78 73 62 48 44 55 42 46 44 39 34 33 22 18 25 22 22 22 18 12 15 10 21 12 6 13 5 12 1 3 3 5 5 4 6 3 
0 8 15 30 42 60 36 79 191 216 208 307 296 343 365 572 540 627 762 736 1046 1034 1236 1237 1518 1864 1813 1956 2277 2413 2626 2816 2914 3206 3313 3632 3668 3774 3749 3795 3889 3857 3983 4032 3906 3893 3680 3623 3376 3231 3149 2933 2943 2803 2502 2482 2267 2084 2031 1902 1780 1687 1482 1394 1327 1211 1133 1068 883 872 712 811 719 652 581 549 450 463 434 390 355 299 288 262 284 226 242 194 164 151 177 134 124 104 115 104 82 63 54 62 56 62 51 48 41 31 26 37 21 17 26 25 23 14 18 15 15 13 10 12 6 6 6 4 8 4 4 
1 8 31 46 52 70 61 64 123 169 136 206 239 642 312 344 391 607 769 709 911 976 1013 1444 1302 1525 1845 1849 2010 2544 2537 2712 2897 3027 3112 3385 3501 3699 3644 3720 3924 3835 3834 3956 3860 3805 3753 3644 3539 3365 3227 3061 2973 2867 2671 2474 2463 2271 2165 2019 1828 1688 1629 1476 1480 1188 1197 1047 1032 900 892 854 710 673 601 579 508 434 422 406 357 321 338 254 241 233 228 192 207 177 165 134 124 131 113 83 97 66 75 72 62 49 49 50 61 45 37 45 37 30 27 25 30 14 24 23 27 13 14 13 10 10 11 10 15 8 6 10 6 4 7 6 10 0 
2 4 18 34 35 45 64 52 228 61 88 144 125 323 259 277 511 382 440 481 668 854 985 916 1168 1286 1360 1442 1832 2015 2114 2326 2591 2785 2928 3041 3189 3470 3499 3743 3786 3801 3819 3958 3871 3876 3829 3754 3798 3591 3513 3352 3294 3158 3002 2753 2597 2559 2370 2206 2101 1947 1843 1684 1563 1467 1365 1229 1115 1035 968 864 857 769 746 615 613 552 508 451 453 432 369 347 299 292 272 221 211 182 176 187 160 141 120 123 97 103 71 87 67 62 67 65 53 41 34 30 34 21 30 27 17 32 17 22 14 17 20 12 6 14 11 6 5 8 3 8 6 7 
0 7 19 35 39 46 48 88 157 192 121 146 247 411 284 306 468 444 696 680 746 760 987 1050 1105 1223 1362 1556 1644 1889 2028 2158 2286 2502 2720 2950 3235 3336 3527 3565 3599 3734 3877 3759 3762 3794 3768 3766 3622 3537 3508 3256 3299 3088 2889 2792 2507 2490 2456 2225 2059 2020 1873 1660 1641 1508 1396 1319 1185 1118 999 963 908 768 741 700 630 632 551 502 442 438 391 344 294 302 293 266 211 221 195 168 149 135 147 141 120 116 89 83 80 82 58 59 55 50 47 54 43 42 41 34 21 31 21 15 15 28 16 15 19 20 9 16 10 8 3 12 10 5 4 7 7 
0 6 22 48 43 46 72 77 123 128 217 183 187 237 252 478 480 435 791 557 619 876 974 1061 1202 1212 1419 1709 1738 2010 2157 2448 2671 2706 2884 3014 3169 3314 3346 3547 3951 4057 3893 3944 3838 3680 3784 3666 3818 3502 3296 3277 3222 3091 2891 2807 2587 2506 2323 2145 2171 1902 1862 1661 1554 1470 1398 1220 1129 1106 969 908 838 771 717 673 657 554 495 463 426 358 386 324 304 276 277 238 225 161 158 143 151 143 107 115 108 91 78 79 75 54 64 57 44 37 36 31 37 45 25 33 20 22 17 14 15 14 18 10 6 7 8 8 9 5 5 2 11 9 6 
0 8 26 38 33 51 57 55 72 122 134 128 215 143 179 235 288 438 389 546 547 625 714 805 836 961 1105 1255 1349 1547 1800 1919 1975 2244 2482 2620 2729 2955 3153 3229 3474 3477 3596 3775 3810 3768 3777 3850 3952 3725 3688 3697 3494 3555 3245 2991 2987 2940 2661 2590 2425 2202 2200 2016 1898 1785 1672 1457 1337 1225 1232 1149 981 938 923 817 708 726 651 584 537 517 455 401 356 306 318 286 300 281 213 207 177 149 156 146 145 116 115 123 105 80 79 56 62 46 57 63 51 44 48 32 29 26 21 24 26 19 20 16 23 11 16 14 9 7 12 3 7 3 5 5 2 5 
0 3 23 33 36 35 59 55 139 162 205 243 168 227 323 350 437 715 505 697 743 865 1142 1064 1412 1418 1513 1932 1971 2204 2388 2683 2968 2941 3114 3214 3527 3757 3672 3791 3841 3898 3994 3831 3838 3787 3859 3745 3762 3484 3357 3203 2948 2890 2799 2548 2498 2297 2161 2096 1955 1799 1635 1500 1413 1282 1245 1163 1112 1028 914 781 797 680 629 580 513 508 441 419 393 346 342 304 275 232 212 211 196 149 168 138 151 115 116 120 91 87 77 76 68 48 51 52 62 51 28 40 40 26 31 34 21 13 25 21 13 10 14 6 9 13 10 12 6 3 4 8 7 5 5 5 1 1 6 4 
0 10 24 35 39 56 74 60 129 104 414 134 226 258 552 462 501 600 775 830 924 915 1199 1371 1576 1691 1822 1985 2088 2290 2500 2703 2911 3104 3329 3441 3598 3653 3510 3770 3897 3958 3911 3860 3884 3866 3840 3554 3424 3329 3219 3087 2923 2725 2649 2462 2360 2316 2162 1947 1761 1621 1532 1434 1297 1214 1124 1056 948 942 828 714 622 649 589 540 499 447 427 422 338 337 302 254 250 240 212 206 174 165 139 143 130 117 127 85 94 80 79 60 61 62 44 52 44 45 40 33 42 37 32 22 16 17 26 21 24 10 19 9 16 14 7 9 8 6 15 4 5 5 3 5 
0 10 18 49 66 46 78 87 102 220 153 154 202 226 217 328 383 496 470 548 630 715 924 1023 1283 1326 1446 1536 1859 1779 1996 2280 2410 2542 2798 2847 2991 3156 3465 3498 3792 3823 3877 3709 3720 3901 3783 3808 3680 3546 3507 3341 3167 3080 2887 2937 2718 2684 2460 2146 2142 1929 1942 1777 1631 1600 1375 1291 1199 1088 1079 967 866 782 756 679 580 596 517 474 433 422 361 347 309 315 268 245 217 186 193 182 166 139 140 110 108 104 94 77 95 78 60 51 60 61 48 44 28 35 33 19 27 26 26 14 13 10 15 11 20 9 8 13 11 5 2 8 5 10 5 3 
0 9 13 29 56 58 65 66 129 229 264 340 324 426 407 714 550 660 964 795 905 1070 1418 1587 1537 1844 1864 2097 2225 2541 2598 2890 2965 3145 3283 3305 3554 3530 3650 3611 3831 3930 3877 3815 3658 3466 3587 3546 3395 3216 3060 3021 2834 2671 2550 2449 2291 2130 1992 1932 1767 1692 1523 1449 1268 1183 1167 1055 960 923 840 749 712 649 583 550 466 464 406 378 343 304 306 246 230 227 213 206 170 182 147 120 111 109 92 81 79 82 68 59 44 36 35 39 46 36 33 31 28 22 25 20 23 17 15 15 13 20 15 8 11 11 7 9 7 5 6 9 
0 2 21 31 61 58 66 69 90 100 170 166 112 223 282 276 352 522 577 560 749 1114 975 971 1243 1373 1452 1895 2063 2052 2245 2611 2726 2895 3196 3249 3333 3492 3686 3776 3867 4038 4014 3924 4031 3986 3890 3755 3644 3627 3455 3296 3328 3114 2878 2684 2537 2456 2299 2042 1909 1813 1756 1655 1483 1349 1242 1124 1089 1018 922 837 770 730 662 631 547 500 499 426 394 347 340 307 284 268 245 203 215 185 175 140 168 111 126 124 109 82 74 73 82 74 70 42 50 47 46 35 28 39 32 30 18 19 17 19 15 16 15 12 11 7 7 5 7 8 4 2 2 4 2 1 
0 8 29 40 44 60 135 84 156 181 248 152 244 250 313 580 545 648 737 632 806 991 1124 1283 1587 1537 1534 1813 1953 2297 2511 2740 2837 3101 3220 3464 3638 3672 3571 3681 3660 3729 3951 3834 3693 3831 3726 3747 3524 3407 3258 3085 3005 2892 2663 2511 2459 2280 2171 2087 1889 1762 1655 1584 1424 1278 1240 1179 1067 900 883 786 776 716 649 638 566 489 443 416 362 368 328 288 249 247 205 216 175 182 162 148 129 127 97 96 107 92 66 70 66 73 45 52 53 43 37 32 31 28 30 15 22 22 20 19 21 22 24 14 9 9 17 16 10 10 9 10 5 5 3 5 4 4 6 3 
0 3 17 37 59 48 54 48 77 94 99 153 241 225 333 512 403 486 534 654 795 773 931 1052 1299 1402 1585 1833 1920 2037 2227 2483 2710 2863 3030 3291 3245 3547 3554 3967 3748 3916 3860 3931 3904 3788 3870 3737 3726 3559 3418 3372 3228 3020 2930 2673 2527 2431 2343 2224 2025 1939 1785 1670 1388 1379 1342 1200 1113 1013 907 912 810 732 684 624 540 521 398 450 425 370 353 304 261 236 239 208 203 197 157 163 142 109 107 109 86 78 79 64 63 66 62 45 49 37 35 39 30 26 23 17 22 11 20 11 18 9 11 11 10 6 11 9 5 0 7 
1 5 19 176 50 49 102 123 305 140 192 298 408 452 386 472 555 657 794 840 968 1002 1087 1448 1503 1730 1882 2007 2227 2352 2591 2801 3046 3101 3334 3453 3495 3549 3653 3904 3783 3941 3915 3895 3758 3797 3793 3516 3396 3478 3279 3126 2949 2764 2707 2423 2279 2156 2038 1963 1753 1603 1516 1374 1265 1129 1153 983 948 884 806 724 697 650 567 547 478 478 399 391 338 302 287 259 246 198 200 163 172 136 114 128 125 104 102 79 90 70 55 66 52 42 59 38 49 31 38 34 38 30 29 27 24 13 17 18 9 15 16 12 8 11 5 5 16 6 9 3 6 5 
0 11 30 35 37 59 44 86 127 110 103 178 236 219 187 257 340 417 593 490 558 708 753 804 882 1142 1186 1371 1442 1678 1820 1980 2128 2358 2583 2722 2809 3155 3258 3374 3629 3646 3722 3801 3779 3943 3869 3852 3747 3632 3648 3476 3459 3329 3211 3037 2866 2694 2513 2478 2261 2184 2100 1946 1824 1684 1519 1441 1331 1244 1173 1034 967 911 800 761 672 663 551 561 520 480 449 388 364 339 288 296 267 223 209 191 217 173 178 135 123 143 129 105 80 75 70 78 58 65 80 46 58 42 38 30 24 26 34 37 23 23 27 26 21 15 12 15 12 6 8 10 13 6 17 4 6 5 7 3 3 4 3 
5 6 17 37 42 167 43 117 76 95 163 277 451 245 316 426 564 640 727 788 884 1025 1088 1251 1378 1617 1644 2082 2189 2493 2372 2584 2889 3155 3388 3578 3674 3705 3855 3829 3875 4022 3846 3884 3828 3945 3653 3681 3539 3490 3303 3154 2961 2883 2697 2571 2337 2215 2140 1859 1820 1670 1555 1479 1379 1277 1220 1108 1022 892 856 801 715 605 556 552 498 426 421 354 372 316 322 280 246 221 180 180 160 155 112 114 103 104 90 73 74 64 44 65 42 53 48 47 43 31 23 31 25 25 16 20 18 12 16 13 11 9 8 8 11 9 10 6 6 4 6 
0 4 30 58 61 53 112 99 157 155 200 205 306 302 430 678 434 576 764 825 808 1028 1211 1343 1432 1461 1670 1936 1906 2295 2443 2534 2704 3059 3178 3412 3575 3559 3610 3801 3850 3932 3839 3817 3914 3780 3626 3587 3546 3230 3232 3103 3034 2808 2637 2526 2405 2238 2097 1922 1877 1686 1629 1500 1387 1309 1206 1012 945 896 904 806 703 652 647 578 537 496 462 412 377 320 289 279 252 253 242 227 181 187 164 172 152 119 111 118 94 101 72 62 48 59 64 67 53 53 52 50 41 36 33 23 19 21 31 15 10 20 9 10 17 10 13 9 11 8 12 6 3 7 4 4 
1 2 13 42 49 65 36 42 149 85 98 187 389 179 279 460 573 524 543 789 806 976 1009 1163 1238 1742 1658 1570 1909 2043 2379 2710 2848 2945 3021 3140 3353 3558 3854 3910 3968 3807 3879 4039 3917 3633 3727 3685 3634 3323 3316 3191 3125 3107 2797 2688 2602 2304 2308 2191 2058 1799 1709 1506 1456 1366 1222 1222 1086 1002 926 856 758 705 699 573 532 491 445 441 379 374 335 320 291 228 224 230 207 172 153 139 121 124 120 96 93 84 91 83 65 60 69 58 44 36 48 43 39 20 27 20 21 20 24 21 14 14 11 14 15 10 6 13 7 4 8 5 
0 13 24 38 49 79 93 92 161 151 177 229 285 428 246 318 542 545 689 772 786 1061 1085 1049 1397 1625 1696 1909 1880 2146 2262 2655 2870 3054 3154 3383 3533 3537 3813 3683 3809 3860 3918 3759 3829 3810 3683 3709 3559 3484 3265 3146 3030 2899 2762 2589 2480 2299 2130 2126 1833 1785 1660 1572 1431 1376 1232 1079 972 972 848 763 789 687 695 527 565 484 438 374 379 317 308 308 271 258 239 174 196 169 165 140 120 137 127 104 82 95 91 72 78 56 61 45 50 34 39 43 31 33 29 27 19 26 23 20 14 15 15 11 6 11 6 6 9 7 5 7 2 4 5 2 1 
0 9 14 55 138 63 88 80 111 132 222 183 228 227 419 416 462 475 614 723 897 843 998 1049 1262 1316 1780 1660 1906 2040 2393 2476 2684 2845 2919 3046 3372 3469 3575 3574 3835 3773 3839 3828 3729 3755 3790 3803 3690 3514 3396 3359 3198 2911 2832 2610 2599 2474 2189 2041 2012 1943 1739 1648 1450 1390 1233 1156 1051 1030 936 858 787 724 639 599 517 545 501 446 359 377 362 298 239 266 239 229 209 184 173 167 149 136 104 101 109 82 95 72 62 62 64 50 47 70 51 41 26 42 33 37 24 18 29 21 24 29 11 17 18 11 14 16 11 17 6 6 4 11 10 9 2 7 7 5 
0 13 14 30 64 55 75 113 104 108 265 204 279 404 395 434 434 485 564 765 795 843 996 1154 1343 1477 1464 1806 2026 2121 2388 2604 2749 2863 3078 3363 3543 3509 3636 3715 3761 3828 3830 3814 3783 3766 3661 3621 3445 3398 3369 3109 3093 2885 2816 2643 2518 2331 2201 2106 1901 1804 1730 1602 1458 1326 1260 1197 1082 978 922 831 784 693 663 576 562 518 526 444 437 377 340 310 316 263 260 230 215 202 182 180 138 136 138 136 104 93 74 74 70 66 63 50 47 42 44 22 47 31 28 20 33 18 16 25 19 14 13 6 8 13 7 9 3 6 5 5 3 5 5 2 
0 2 24 51 66 51 87 171 183 130 144 208 374 247 377 376 508 528 836 674 774 813 1005 1132 1383 1492 1731 1884 2068 2170 2299 2467 2624 2938 2915 3091 3447 3485 3685 3572 3719 3756 3776 3927 3739 3938 3954 3902 3597 3563 3418 3271 3238 2986 2748 2700 2471 2360 2266 2074 1947 1855 1701 1541 1417 1370 1266 1263 1052 991 899 789 799 683 701 569 538 493 433 444 377 350 299 321 276 258 219 235 197 163 137 155 132 128 86 109 79 75 78 65 59 65 51 40 45 43 33 34 32 22 27 26 21 24 14 15 11 19 12 12 10 11 8 6 11 9 9 3 6 7 2 
0 8 16 26 43 56 68 127 110 212 120 552 237 338 368 525 541 558 721 922 1133 1274 1212 1354 1470 1783 1969 2117 2314 2430 2669 2867 3012 3163 3328 3457 3632 3710 3804 3806 3944 3735 3973 3876 3798 3724 3774 3637 3514 3252 3120 3031 2800 2654 2605 2406 2220 2132 2023 1903 1765 1658 1522 1391 1242 1188 1057 994 958 897 782 733 725 630 573 551 463 453 433 374 359 317 300 284 235 227 204 200 189 157 159 131 121 107 113 103 91 80 76 73 51 55 51 36 42 38 22 35 26 31 21 28 24 27 14 18 11 20 17 11 5 10 7 7 9 7 2 4 3 3 
0 9 24 35 55 64 64 53 63 87 129 209 241 259 344 232 448 425 569 595 644 1099 871 1154 1431 1349 1427 1780 1954 2056 2266 2296 2585 2924 3049 3061 3311 3529 3536 3871 3705 3988 3926 3938 3993 3966 3718 3633 3575 3426 3560 3275 3065 2991 2907 2701 2590 2305 2218 2241 2039 1865 1738 1623 1551 1438 1304 1130 1167 978 891 892 818 729 682 609 582 506 519 426 411 403 334 324 304 252 259 227 220 196 176 165 142 154 129 103 108 116 87 84 70 79 59 57 48 53 49 41 42 26 21 41 21 31 26 22 16 26 18 18 13 8 16 13 6 5 10 11 11 7 5 3 7 6 
0 8 27 75 53 57 75 127 117 163 167 219 248 324 262 436 516 522 596 698 758 878 1049 1112 1230 1367 1610 1831 1977 2082 2167 2464 2624 2803 3031 3179 3325 3427 3660 3765 3697 3871 3800 3816 3872 3690 3733 3669 3712 3490 3372 3293 3145 2972 2819 2723 2599 2383 2237 2099 2052 1775 1631 1663 1408 1313 1253 1205 1091 993 975 885 778 703 675 626 566 510 469 463 390 366 349 329 289 267 275 231 220 190 167 148 136 140 142 92 102 94 82 69 66 75 82 57 43 41 36 36 32 32 27 18 38 26 29 19 21 11 11 15 10 9 9 16 4 10 7 4 10 2 3 8 
0 12 21 33 57 57 71 88 81 99 135 156 336 290 254 379 477 544 548 727 895 869 926 1184 1360 1304 1598 1708 1908 1972 2250 2517 2571 2763 3055 3295 3304 3336 3596 3796 3925 3953 3751 3887 3786 3840 3841 3808 3631 3568 3438 3299 3054 2924 2898 2721 2602 2471 2227 2108 2046 1883 1673 1558 1554 1357 1269 1173 1027 979 978 894 806 696 615 613 583 475 445 434 369 391 351 310 306 276 256 239 194 193 186 140 139 137 127 126 108 95 85 76 77 62 64 52 53 57 41 48 31 35 20 24 23 20 24 24 27 22 14 18 10 13 8 6 7 9 11 5 4 5 6 7 4 4 2 7 
1 5 16 36 49 38 74 93 121 119 118 145 258 325 368 355 380 530 637 675 659 852 960 1164 1156 1368 1605 1720 1929 1955 2089 2288 2561 2829 3020 3202 3352 3325 3493 3653 3689 3779 3840 3803 3945 3688 3689 3626 3674 3507 3603 3349 3220 3130 2930 2782 2537 2454 2371 2132 2079 1842 1847 1723 1567 1453 1356 1186 1138 982 987 899 836 732 678 675 617 541 527 473 408 373 373 314 281 237 238 238 226 183 160 166 155 132 143 117 110 94 99 71 82 53 71 56 55 45 61 35 36 37 28 32 29 33 27 32 13 17 16 16 14 11 10 12 10 6 7 10 5 5 5 2 4 4 
0 7 28 43 48 228 95 105 218 186 195 295 304 319 437 508 586 657 677 895 970 1143 1226 1462 1625 1641 1822 2021 2297 2617 2814 2663 3052 3229 3459 3492 3455 3621 3831 3769 3879 3886 3808 3757 3840 3790 3655 3495 3463 3407 3135 2940 2968 2799 2577 2313 2360 2264 2117 1867 1705 1607 1459 1504 1279 1217 1113 1048 976 882 758 740 660 615 608 537 480 462 401 405 357 313 305 245 207 216 201 199 187 143 130 112 105 111 90 82 72 73 63 49 41 44 44 38 37 29 31 33 33 27 17 18 28 25 19 22 23 10 11 14 7 12 10 8 4 8 7 9 6 6 
0 5 21 43 35 49 56 69 60 114 177 277 243 250 430 377 465 548 716 686 739 805 994 1256 1283 1356 1411 1661 1887 2032 2184 2597 2898 2768 3042 3348 3464 3526 3735 3777 3775 3953 3995 4020 3843 3964 3816 3603 3624 3529 3322 3264 3028 2914 2783 2734 2417 2374 2308 2157 1986 1863 1730 1545 1475 1362 1280 1190 1026 992 926 879 776 765 688 648 598 506 448 423 413 358 336 315 292 279 222 247 208 168 163 160 140 140 112 80 88 81 75 71 70 45 51 35 36 44 38 27 35 26 25 22 26 24 21 28 14 16 17 11 10 15 10 5 8 8 7 4 3 
1 3 10 24 38 86 71 78 147 188 174 229 294 291 493 304 433 581 742 815 881 886 979 1400 1386 1446 1713 1839 2062 2262 2399 2778 2833 3139 3034 3301 3411 3677 3806 3878 3842 3909 3907 4043 3893 3881 3788 3719 3542 3454 3368 3213 3073 2878 2775 2587 2465 2244 2212 2012 1777 1694 1606 1481 1477 1366 1159 1113 1037 890 820 780 714 697 632 602 562 482 433 433 382 318 290 305 265 249 243 209 185 169 160 152 121 128 118 116 83 76 80 90 65 69 59 55 35 38 33 24 31 23 21 21 22 17 23 11 11 13 11 14 11 4 8 9 7 9 3 7 4 1 0 4 
0 12 14 53 48 58 58 78 140 91 139 215 284 254 361 373 376 576 521 660 1002 752 761 929 1090 1348 1584 1754 1754 2002 2180 2402 2471 2697 2822 2953 3212 3392 3804 3730 3721 3852 3764 3891 3899 3799 3689 3585 3517 3545 3489 3260 3156 2982 2890 2759 2590 2468 2300 2140 2004 1887 1795 1610 1549 1452 1346 1238 1056 1074 953 939 823 768 731 653 609 531 500 495 444 378 379 293 317 246 247 213 216 188 162 161 146 115 120 118 98 88 71 65 65 71 55 55 58 44 43 33 34 33 32 31 22 17 25 18 12 10 11 14 12 5 10 9 16 7 1 6 2 
0 7 18 30 38 53 68 108 135 85 66 221 210 293 394 314 444 439 601 576 861 820 911 1001 1312 1392 1455 1511 1647 1950 2094 2350 2670 2753 3003 3087 3270 3521 3669 3590 3641 3880 3881 3958 3920 3770 3707 3849 3666 3531 3549 3373 3311 3060 2922 2743 2601 2500 2307 2217 2029 1892 1783 1680 1544 1569 1229 1201 1118 1061 1080 914 829 741 702 672 593 540 475 504 425 392 372 298 287 288 229 222 224 195 169 156 160 138 115 104 107 118 81 80 64 70 70 74 51 47 33 48 42 34 41 27 25 17 20 14 16 10 17 14 7 13 10 3 7 10 4 12 3 10 5 
0 5 26 43 49 147 87 212 110 141 274 214 286 262 406 492 479 640 739 717 1048 1067 1076 1294 1307 1621 1788 1972 2115 2531 2673 2770 2792 3000 3295 3400 3575 3559 3684 3893 3905 3930 3835 3731 3745 3685 3833 3741 3552 3326 3208 3050 2857 2728 2607 2616 2398 2221 2128 1976 1748 1678 1612 1434 1316 1310 1132 1094 983 906 854 762 688 599 576 553 524 473 417 390 340 341 264 277 245 226 202 210 150 117 142 115 83 101 117 100 75 76 53 59 41 39 54 40 42 38 27 30 26 14 19 21 22 15 16 14 18 13 8 11 13 7 9 0 5 7 1 6 8 4 6 8 4 
1 6 24 29 78 46 77 97 78 122 132 144 441 323 418 458 475 711 834 851 1017 1039 1111 1336 1470 1573 1677 2128 2069 2389 2497 2795 2825 3104 3329 3494 3566 3818 3883 4043 3905 3836 3852 3879 3922 3765 3694 3615 3350 3379 3149 3161 2951 2840 2680 2422 2281 2162 2061 1960 1750 1670 1575 1445 1317 1270 1206 1080 1004 927 867 757 738 625 595 540 561 453 425 379 357 309 292 262 226 232 191 181 146 160 141 124 136 94 90 97 79 73 82 67 63 52 51 46 51 49 54 39 30 28 21 27 22 19 12 8 15 13 12 18 19 11 13 7 5 5 9 7 7 2 7 7 6 
0 3 20 32 42 75 94 65 300 223 121 257 239 409 329 399 481 632 542 689 888 1025 1203 1217 1344 1684 1803 1899 2041 2314 2511 2599 2879 2999 3099 3257 3396 3554 3734 3859 3778 3797 3864 3926 4018 3846 3900 3622 3520 3321 3354 3195 2929 2931 2722 2643 2331 2223 2095 2027 1882 1700 1657 1512 1419 1258 1146 1140 1112 1016 859 843 736 656 691 531 525 493 455 420 368 324 306 302 293 265 216 226 158 196 163 159 125 136 122 92 96 96 86 82 72 55 48 65 50 41 46 44 36 43 21 30 19 20 26 14 23 13 12 11 16 8 15 15 8 8 7 10 2 3 3 
0 6 7 23 34 39 58 94 97 110 127 203 157 216 409 331 305 382 563 743 692 719 968 1016 1030 1163 1412 1496 1818 1884 2125 2325 2416 2678 2845 3057 3227 3325 3443 3558 3700 3760 3892 3905 3874 3938 3752 3690 3721 3701 3598 3333 3204 3084 3030 2841 2703 2519 2346 2251 2136 1976 1880 1742 1583 1453 1352 1314 1189 1022 967 898 839 838 690 654 589 556 540 461 441 384 402 334 313 286 290 234 215 192 180 182 174 143 139 127 97 105 82 77 81 85 61 66 58 58 44 49 44 32 35 25 20 23 27 26 22 22 18 13 10 11 7 12 10 8 8 9 5 4 4 1 1 4 
0 9 19 36 63 49 52 78 85 104 185 332 215 217 325 391 459 470 576 898 814 910 992 1161 1229 1432 1600 1746 2086 2189 2282 2519 2727 2996 3027 3253 3308 3544 3630 3612 3844 4029 4002 3991 4032 3997 3780 3734 3616 3524 3403 3333 3020 3023 2794 2678 2419 2358 2209 2082 1987 1784 1777 1639 1482 1342 1257 1159 1046 980 961 808 794 729 653 680 585 514 476 407 395 376 349 288 248 235 215 225 196 188 153 136 139 127 110 110 99 68 91 63 70 51 52 47 54 37 31 40 44 30 19 22 14 15 21 12 14 15 6 8 11 8 9 6 10 6 10 8 1 
0 3 21 30 40 48 54 53 69 77 162 103 193 172 265 247 338 316 580 518 721 824 817 984 1093 1361 1441 1503 1607 1889 1879 2198 2478 2737 2808 3014 3142 3243 3602 3593 3849 3786 3783 3946 3845 3827 3834 3833 3675 3711 3592 3386 3356 3078 3010 2928 2660 2591 2431 2182 2073 2058 1765 1747 1620 1507 1406 1257 1191 1106 1020 910 898 764 704 699 591 586 530 514 465 388 401 302 356 297 264 263 235 194 187 165 171 145 130 113 121 113 86 70 78 79 82 76 72 50 47 38 50 36 29 26 39 24 23 23 19 20 20 17 15 8 7 13 10 11 11 12 3 4 1 
0 11 28 27 28 52 57 131 76 157 104 193 255 279 270 403 438 588 532 641 724 837 977 1039 1152 1321 1558 1676 2053 1979 2136 2455 2593 2862 3162 3320 3296 3507 3579 3815 3939 3743 3761 3936 3856 3825 3797 3687 3687 3514 3396 3311 3113 2974 2751 2690 2599 2490 2229 2132 2041 1928 1809 1588 1469 1405 1265 1235 1139 1008 920 856 826 751 718 598 578 551 494 437 423 370 336 323 303 282 240 242 243 200 192 159 146 140 122 108 133 85 88 108 78 56 72 65 48 70 39 39 54 25 23 20 27 29 14 17 16 21 15 13 8 13 14 7 11 12 10 3 7 6 3 3 
1 5 31 58 45 77 73 98 78 133 436 424 288 347 392 583 611 656 824 1040 932 1003 1128 1501 1582 1791 1837 2094 2368 2549 2810 3126 3192 3243 3338 3585 3779 3812 3942 3968 3883 3857 3727 3796 3819 3771 3550 3464 3290 3180 3112 2881 2780 2654 2546 2392 2105 2090 1900 1798 1644 1519 1422 1418 1281 1162 1061 1000 866 881 759 701 673 616 542 501 476 430 384 326 333 298 299 238 222 193 173 170 155 171 155 111 136 95 96 103 90 80 67 80 57 53 42 35 44 36 48 35 32 35 37 24 29 18 13 19 19 19 9 20 9 9 6 7 7 11 10 12 9 
0 9 14 29 74 46 56 118 90 373 182 288 216 403 424 514 452 607 831 934 1385 1075 1397 1427 1689 1888 2181 2217 2568 2775 3066 2953 3188 3358 3575 3702 3770 3945 3955 3934 3935 3864 3856 3731 3688 3677 3447 3459 3237 3100 2927 2791 2663 2593 2454 2260 2061 1966 1808 1623 1504 1531 1425 1316 1169 1142 1027 950 896 787 697 675 648 578 522 510 436 415 390 340 336 290 267 272 223 231 183 181 141 147 138 125 110 104 89 68 84 76 71 74 60 51 40 43 32 34 45 23 36 26 23 24 16 18 18 16 14 17 10 13 15 14 16 12 10 8 10 8 7 2 7 7 3 5 
0 8 20 30 56 253 75 117 149 137 162 268 640 518 433 536 525 678 878 979 1115 1258 1366 1649 1665 1959 1997 2101 2412 2517 2802 2981 3160 3291 3554 3602 3697 3832 3826 3839 4015 3865 3878 3818 3791 3787 3657 3400 3447 3155 3018 2985 2741 2630 2493 2292 2178 2066 1884 1826 1638 1568 1373 1329 1217 1168 1065 902 881 800 707 651 630 531 509 438 464 395 325 355 301 281 249 236 206 208 186 179 152 127 145 117 106 91 85 95 75 67 62 53 70 47 45 49 36 44 40 29 27 29 30 27 19 19 14 18 14 8 8 11 12 6 6 8 6 8 6 11 5 7 
0 9 20 34 34 62 100 239 112 107 146 178 413 409 319 586 512 604 663 968 833 957 1027 1472 1553 1649 1828 2104 2282 2368 2429 2715 2931 3121 3211 3411 3524 3716 3656 3529 3848 3811 3825 3960 3820 3744 3579 3645 3495 3313 3174 3012 2901 2797 2728 2497 2365 2310 2153 2041 1782 1680 1604 1497 1343 1286 1151 1085 933 929 822 740 726 682 576 587 533 471 422 383 355 314 310 286 221 252 216 195 173 162 152 139 115 115 106 98 105 66 79 69 62 57 61 40 50 36 40 30 33 17 20 27 17 20 15 21 6 8 8 10 9 4 1 5 3 3 8 6 
1 9 28 46 48 72 65 98 112 108 147 163 390 238 379 489 452 685 836 635 893 1058 1224 1456 1656 1509 1818 1968 2120 2435 2555 2598 2964 3213 3449 3606 3828 3861 3848 3836 3971 4065 3870 3813 3734 3860 3565 3645 3390 3335 3210 3115 2959 2812 2524 2464 2357 2133 2054 1816 1734 1662 1489 1373 1306 1259 1132 1065 963 878 807 765 672 629 602 544 482 459 390 363 348 339 298 272 260 227 195 221 192 168 152 126 131 105 124 100 92 72 68 62 71 50 53 51 49 40 34 44 27 18 22 23 17 28 19 11 19 12 19 10 15 14 8 7 3 10 2 5 
0 7 29 32 49 74 98 88 137 344 162 223 293 395 485 945 680 748 828 1102 1106 1214 1458 1748 1748 1867 2194 2509 2570 2747 2929 3019 3168 3428 3507 3779 3841 3603 3709 3939 3921 3921 3734 3713 3707 3569 3388 3526 3200 3057 2994 2763 2747 2415 2367 2283 2095 1963 1757 1656 1538 1470 1434 1290 1168 1049 1026 881 827 791 738 683 664 572 510 484 448 408 350 338 337 291 240 221 209 218 180 172 150 140 155 93 110 99 63 76 80 68 58 56 55 47 41 36 38 25 26 31 28 21 25 13 16 12 9 13 12 17 5 9 11 5 6 3 4 5 
0 5 38 31 38 60 60 111 98 212 167 187 189 277 386 386 513 502 560 656 781 884 862 1190 1242 1428 1587 1491 1798 2144 2348 2475 2702 2912 2889 3085 3305 3468 3648 3759 3653 3615 3838 3810 3750 3774 3679 3670 3535 3578 3255 3300 3149 2994 2828 2738 2628 2398 2272 2080 2010 1800 1777 1686 1482 1398 1299 1217 1093 964 942 865 868 798 680 641 564 536 476 423 416 373 336 342 313 287 215 205 216 171 191 162 146 124 131 107 91 83 91 69 74 58 67 53 46 60 42 45 33 34 31 23 27 25 25 19 21 17 18 18 20 10 9 10 7 9 4 13 5 10 4 7 7 
0 13 25 49 54 56 96 123 152 126 254 249 313 383 440 404 492 512 850 722 721 963 1082 1321 1424 1544 1736 1822 2015 2276 2426 2630 2815 3027 3088 3229 3488 3380 3592 3820 3881 3824 3800 3761 3728 3597 3739 3546 3533 3437 3284 3044 2988 2811 2730 2600 2456 2350 2255 2002 1872 1746 1658 1498 1473 1282 1131 1159 974 928 863 778 757 689 629 549 518 476 440 415 378 334 309 258 262 225 230 208 199 175 147 169 129 128 89 88 92 68 78 73 64 45 54 58 43 46 45 35 28 31 26 31 22 26 17 17 19 15 11 13 13 19 5 12 6 7 5 8 3 4 1 2 
1 2 25 52 37 61 60 88 112 105 169 216 265 404 293 442 386 757 651 809 871 886 1013 1034 1299 1526 1691 1871 1965 2147 2285 2472 2844 3054 3072 3144 3343 3542 3717 3626 3830 3783 3801 3963 3993 3833 3640 3786 3571 3534 3303 3163 3129 2951 2800 2679 2475 2309 2179 2041 1888 1712 1638 1482 1444 1273 1189 1093 1025 939 860 802 759 755 648 569 535 491 483 405 428 342 297 298 288 278 222 210 205 187 176 163 155 141 91 96 114 87 88 64 57 60 69 63 57 51 35 36 39 27 36 22 29 21 17 20 22 21 14 10 8 9 14 14 13 6 12 4 11 3 9 10 
0 3 20 23 46 43 62 130 99 301 138 413 357 357 627 493 651 716 840 942 1197 1236 1478 1471 1757 1889 1985 2245 2503 2655 2849 3039 3210 3351 3421 3376 3702 3699 3950 4029 3800 3920 4059 3853 3702 3616 3621 3470 3218 3189 3000 2822 2644 2517 2320 2230 2136 1974 1920 1634 1631 1507 1415 1330 1227 1131 1005 989 877 754 757 704 644 591 549 531 496 411 398 365 324 307 284 290 237 232 195 173 151 157 138 141 128 117 115 86 89 74 79 81 52 46 54 55 39 35 43 30 25 31 22 17 22 19 19 11 12 10 15 17 16 9 12 3 8 7 6 4 6 8 3 
0 9 22 47 79 101 134 133 115 244 218 249 378 389 427 554 565 679 736 895 1019 1274 1372 1458 1567 1880 1953 2166 2292 2452 2628 2939 3066 3387 3277 3478 3530 3663 3784 3796 3914 3951 3977 3859 3794 3879 3668 3620 3409 3197 3090 2889 2908 2630 2594 2308 2207 2069 1985 1699 1679 1559 1487 1273 1270 1120 1082 954 917 806 754 670 693 645 517 516 436 426 375 361 313 318 269 280 257 213 178 196 145 150 165 139 119 124 109 90 65 72 58 61 47 33 51 38 19 43 33 25 27 24 12 21 23 19 13 8 10 9 19 9 8 1 10 10 7 11 4 4 3 
0 5 32 42 49 65 137 78 137 196 120 184 266 317 424 387 492 444 591 661 786 832 1087 1224 1516 1409 1534 1515 1946 2251 2411 2615 2724 2984 3141 3354 3421 3431 3546 3965 3839 3817 3985 3818 3903 3801 3792 3498 3497 3531 3376 3310 3166 2928 2772 2588 2495 2251 2203 2111 1820 1775 1641 1573 1485 1340 1249 1162 1066 978 939 863 760 689 641 579 536 493 433 403 384 376 320 265 267 239 233 232 179 176 155 170 135 135 99 107 97 85 80 69 60 65 59 63 52 42 37 39 34 37 27 31 27 24 20 17 19 21 18 11 17 9 5 6 11 8 4 4 5 6 6 1 
0 13 21 46 46 55 59 74 93 96 99 126 153 375 297 266 395 537 515 735 628 775 853 954 983 1433 1436 1547 1662 1988 2155 2048 2406 2736 2747 3026 3137 3461 3359 3388 3516 3782 3868 3897 3791 3837 3824 3883 3676 3643 3491 3326 3136 3126 3003 2850 2671 2583 2283 2273 2190 2010 1863 1731 1651 1524 1375 1269 1226 1117 992 906 878 866 677 705 598 547 525 479 406 407 392 350 317 289 268 231 213 178 177 197 146 136 158 125 123 102 108 92 62 69 58 55 51 46 44 46 37 33 54 33 24 22 20 24 24 19 18 14 11 13 17 12 9 8 11 4 12 2 4 5 8 8 4 5 
0 10 30 31 57 51 82 124 84 95 155 140 232 314 318 518 394 437 730 722 745 977 1021 1079 1326 1449 1538 1811 1984 2030 2359 2637 2668 2952 3230 3247 3357 3586 3694 3986 3857 3795 3754 3853 3745 3801 3671 3645 3594 3407 3262 3173 3103 2931 2690 2612 2481 2355 2179 2033 1901 1872 1646 1572 1464 1339 1259 1120 1066 1066 984 838 787 718 660 585 517 498 425 442 374 363 337 291 268 274 212 204 196 187 145 146 160 128 111 99 97 70 92 74 64 56 55 64 45 45 41 26 35 19 24 18 20 16 12 16 16 11 16 12 7 14 7 9 13 8 16 4 6 2 6 6 8 5 
2 11 18 42 50 62 56 70 95 252 178 282 231 362 500 623 474 553 773 876 909 1173 1291 1418 1503 1902 1890 2053 2395 2489 2673 2768 3164 3124 3278 3629 3647 3779 3737 3889 4005 3908 3839 3908 3834 3672 3609 3394 3378 3370 3140 2977 2852 2718 2529 2419 2308 2158 1911 1891 1663 1675 1527 1386 1276 1181 1091 996 922 858 814 743 674 647 589 571 449 432 382 341 330 308 276 252 280 200 168 164 188 144 112 123 128 107 87 82 70 81 62 50 54 51 59 49 38 36 32 33 22 17 30 19 20 20 10 16 12 8 11 10 7 8 2 9 6 7 
0 2 11 36 46 50 60 52 66 68 303 137 148 163 337 352 308 481 511 752 630 686 861 1109 1056 1264 1450 1585 1705 1860 2070 2496 2577 2722 2794 3052 3172 3496 3691 3713 3759 3811 3800 4013 3954 3964 3913 3894 3724 3578 3551 3461 3336 3155 2940 2810 2640 2471 2299 2184 2045 1910 1741 1654 1511 1348 1315 1239 1159 1007 947 894 817 737 678 637 551 599 534 445 434 361 350 313 334 288 239 242 205 214 198 179 158 145 148 99 114 103 87 109 74 53 68 57 53 51 56 39 45 37 31 33 33 31 30 25 15 16 13 12 8 13 14 6 14 15 8 1 13 7 7 9 1 2 3 2 
0 7 17 21 43 192 65 139 119 269 169 278 282 447 428 693 660 764 774 854 1034 1165 1235 1372 1618 1729 1849 2049 2257 2452 2724 2851 2963 3035 3344 3578 3613 3668 3912 3888 3767 3836 3757 3682 3765 3675 3591 3435 3303 3193 2984 2951 2826 2655 2524 2420 2313 2156 1926 1790 1671 1588 1471 1375 1250 1124 1172 1083 972 833 822 703 659 633 612 539 504 420 404 377 344 329 299 269 254 244 190 169 183 174 149 137 119 115 114 99 75 81 86 63 68 42 54 31 60 45 47 28 29 21 29 18 25 5 24 20 13 8 11 17 7 5 9 10 5 7 9 0 6 10 6 5 
0 8 32 35 68 76 71 156 346 121 184 263 334 374 444 535 621 620 772 776 1335 1078 1263 1367 1408 1744 1921 2124 2135 2389 2737 2860 3029 3193 3251 3505 3615 3747 3780 3791 3752 3657 3696 3761 3967 3755 3489 3483 3388 3227 3145 2995 2968 2660 2488 2386 2249 2138 1906 1946 1733 1679 1497 1414 1356 1186 1090 1066 945 856 795 713 696 657 575 540 458 463 413 389 349 304 264 282 237 218 198 182 127 164 130 108 118 121 96 104 87 71 70 70 65 57 51 38 43 56 41 20 23 27 29 24 20 20 14 13 7 6 7 9 15 6 12 9 9 4 2 7 4 
0 8 27 55 52 78 43 68 132 141 119 146 174 256 474 349 373 554 532 713 748 873 954 1131 1363 1503 1578 1852 1929 1991 2425 2673 2858 2987 3151 3152 3288 3562 3527 3692 3740 3952 3902 3864 3820 3759 3739 3659 3613 3407 3246 3062 3008 2906 2849 2606 2579 2314 2174 1967 1917 1801 1693 1575 1420 1389 1280 1124 1064 931 872 823 781 778 697 599 527 513 426 449 389 341 341 352 279 272 224 249 200 180 159 148 150 117 119 114 94 89 71 85 67 76 60 56 44 41 37 39 38 45 17 19 23 23 32 19 15 12 17 17 13 7 7 12 12 6 10 7 9 4 5 4 
0 4 12 42 43 52 60 109 130 103 139 123 306 244 269 309 376 479 640 537 711 885 1018 1006 1156 1263 1429 1640 1753 2007 2169 2245 2446 2785 2878 3061 3282 3334 3500 3635 3654 3811 3792 3844 3755 3726 3695 3736 3677 3630 3448 3332 3136 2925 2966 2832 2613 2538 2327 2178 2006 1954 1868 1704 1488 1424 1373 1277 1098 1109 947 890 900 777 691 649 604 530 536 458 405 403 359 341 283 243 216 211 225 170 173 154 150 143 106 100 95 100 83 72 74 58 61 61 51 48 30 38 38 32 29 33 21 20 27 19 22 26 18 15 12 11 10 19 11 11 7 5 5 5 12 7 5 10 12 10 
0 5 10 30 44 38 109 54 184 151 306 270 250 334 322 452 476 523 896 637 656 993 1141 1289 1229 1471 1645 1768 2065 2186 2552 2651 2646 2846 3122 3292 3478 3584 3724 3727 3691 3815 3994 3850 3794 3763 3618 3567 3515 3460 3348 3172 3110 2926 2770 2609 2493 2370 2207 2048 1900 1797 1656 1499 1422 1344 1265 1132 1058 951 910 829 716 711 610 629 553 461 451 400 361 346 328 275 270 255 229 213 191 167 148 158 145 125 111 93 94 93 86 64 50 47 57 35 35 42 45 26 29 22 20 22 30 21 15 22 13 12 9 13 10 13 5 7 5 7 8 5 7 
0 6 31 50 41 80 152 95 96 157 237 285 399 357 574 447 526 752 872 1023 1196 1335 1299 1501 1689 1857 2000 2099 2359 2517 2857 3047 3173 3380 3479 3429 3531 3838 3875 4061 3903 3898 3930 3991 3754 3752 3583 3549 3438 3334 3214 2988 2737 2635 2491 2387 2132 2051 1914 1734 1659 1516 1437 1344 1148 1140 1041 973 895 792 731 660 629 580 555 504 454 402 360 358 307 283 244 229 212 233 160 157 142 141 128 109 91 107 72 85 74 64 48 43 38 38 35 30 29 25 21 17 14 16 18 14 16 23 11 14 13 6 7 6 6 5 9 4 
0 4 10 31 39 63 102 85 127 170 331 197 269 302 486 489 532 598 815 659 925 1063 1505 1320 1536 1575 1737 1932 2092 2418 2525 2776 3011 3111 3297 3368 3570 3713 3798 3659 3852 3822 3904 3780 3823 3655 3608 3500 3408 3188 3211 2951 2856 2747 2616 2423 2279 2165 2012 1873 1750 1657 1513 1420 1331 1193 1134 1023 1011 904 804 787 698 648 609 552 520 443 376 371 365 291 284 278 261 208 210 162 166 157 137 126 117 93 101 101 86 80 71 54 48 39 37 38 48 38 29 32 31 21 19 25 18 16 14 15 12 11 17 10 12 10 6 6 11 5 3 7 
0 10 28 51 61 72 61 91 315 250 219 316 346 465 519 638 694 982 874 1022 1248 1260 1525 1604 1868 2031 2257 2306 2487 2826 2973 3123 3237 3440 3485 3496 3716 3718 3780 3881 3792 3807 3717 3678 3716 3472 3418 3301 3258 3108 2868 2782 2597 2553 2422 2258 2044 1900 1831 1686 1650 1495 1359 1187 1204 1132 1046 925 856 801 747 673 633 521 505 447 423 398 368 331 302 266 242 229 205 209 174 175 140 149 120 103 110 100 79 85 71 64 62 59 58 50 60 32 38 50 32 31 31 25 34 25 21 10 27 16 18 12 12 9 12 10 7 4 10 4 10 4 3 4 4 
0 6 21 23 54 111 61 67 92 107 138 138 321 231 286 311 445 563 496 635 823 688 985 1103 1175 1358 1549 1872 1945 2092 2174 2485 2774 2944 3109 3326 3492 3598 3649 3734 3877 3917 4029 3951 3991 3805 3735 3743 3629 3656 3349 3297 3090 3028 2747 2681 2431 2300 2257 2001 1921 1894 1715 1571 1507 1370 1358 1156 1054 995 949 865 767 722 622 617 558 525 460 442 395 351 332 319 276 256 269 245 210 194 204 140 151 133 124 83 88 97 79 83 63 64 57 58 41 38 52 43 39 27 29 24 35 25 20 21 19 19 17 15 15 11 12 14 8 5 10 6 3 4 1 4 
0 8 15 45 63 44 43 99 90 120 151 262 247 205 246 290 594 636 560 583 630 769 961 1207 1262 1349 1555 1657 1734 2018 2189 2345 2446 2695 2869 3146 3213 3429 3637 3758 3954 3659 3827 3842 3825 3778 3683 3730 3618 3621 3400 3342 3069 2917 2782 2736 2546 2417 2331 2195 1967 1939 1804 1628 1531 1449 1299 1207 1153 1052 976 868 789 777 680 624 572 615 538 461 430 368 365 357 285 281 251 250 203 191 178 164 134 122 137 105 101 103 85 71 75 70 85 59 56 38 47 47 34 27 40 20 29 14 29 15 23 8 17 12 16 13 10 8 4 10 10 11 4 6 6 4 
0 5 28 36 47 55 69 85 115 140 162 139 288 166 292 553 517 451 479 674 767 804 885 1245 1285 1351 1368 1575 1830 2086 2305 2360 2768 2712 3107 3159 3239 3510 3510 3586 3883 3778 3777 3882 3811 3958 3811 3767 3751 3648 3243 3342 3068 2926 2899 2659 2544 2457 2358 2056 2000 1739 1748 1599 1474 1362 1270 1176 1108 991 914 852 768 741 701 561 580 514 442 401 386 323 346 338 299 259 228 211 196 172 170 154 155 120 114 116 90 94 72 76 82 56 55 50 44 38 28 28 48 28 24 24 30 23 21 20 22 13 22 11 20 10 8 7 8 9 6 9 2 10 12 4 5 4 
0 5 13 37 49 50 97 75 159 170 359 150 208 404 396 413 568 658 643 713 779 1007 1111 1235 1343 1522 1665 1892 1960 2138 2378 2586 2904 3085 3165 3269 3434 3413 3607 3629 3756 3916 3861 3862 3954 3800 3695 3638 3634 3342 3212 3153 2953 2891 2724 2565 2408 2325 2186 1957 1840 1801 1600 1505 1296 1330 1213 1068 1041 902 845 808 694 671 689 583 547 450 448 361 379 333 318 289 282 206 224 211 199 195 156 106 145 99 107 92 93 100 88 73 64 50 61 58 48 38 27 30 32 36 26 28 32 18 22 22 23 15 18 14 16 9 11 14 17 7 6 9 10 18 4 3 5 5 4 8 6 
0 3 23 30 37 68 71 72 104 133 204 166 217 331 252 487 374 675 711 692 890 956 945 1168 1315 1761 1620 1741 2058 2208 2381 2622 2748 3095 3303 3325 3460 3551 3823 3712 3829 3910 3812 3815 3723 3734 3726 3591 3595 3383 3169 3049 3103 2897 2680 2558 2380 2296 2105 2019 1866 1758 1594 1497 1399 1321 1193 1110 1044 971 898 804 751 684 667 612 513 504 456 441 390 380 338 292 269 253 240 219 217 177 202 160 139 129 130 92 100 97 61 72 72 71 81 42 47 43 45 37 28 18 48 20 20 23 19 15 20 16 14 6 11 18 13 8 12 9 5 7 6 10 1 
0 4 20 33 41 56 54 86 215 208 186 165 362 356 417 662 554 741 932 949 1127 1169 1332 1417 1743 1808 2027 2387 2332 2554 2812 3028 3355 3363 3531 3622 3630 3741 3886 3870 3863 3809 3847 3837 3752 3628 3557 3408 3221 3177 3066 2815 2696 2584 2428 2291 2112 1984 1919 1769 1589 1510 1328 1281 1105 1065 965 884 886 769 705 654 620 536 497 485 471 423 348 341 378 292 273 242 241 222 190 158 165 162 106 125 115 117 88 87 72 66 77 65 59 56 53 33 41 38 35 29 28 23 20 21 14 28 25 27 12 7 8 15 14 8 3 13 8 6 5 4 
0 9 19 43 48 77 57 61 62 99 119 211 212 298 374 286 455 479 491 570 770 842 1101 1039 1051 1213 1447 1502 1687 1919 2170 2260 2472 2703 2827 3030 3266 3217 3446 3649 3638 3771 3859 3783 4017 3821 3735 3679 3635 3637 3476 3411 3264 3087 2980 2745 2682 2592 2277 2219 2081 1986 1819 1712 1645 1458 1390 1307 1250 1132 1016 929 898 840 727 681 612 583 511 479 430 391 390 314 292 280 260 241 226 168 178 136 141 124 121 106 124 89 83 86 80 73 59 41 58 37 46 32 39 36 37 22 15 21 27 21 16 12 20 9 17 3 14 9 7 4 7 5 7 1 4 
0 5 22 35 56 57 159 151 98 105 164 354 327 444 398 492 621 644 826 845 1050 1110 1208 1451 1715 1768 1903 2179 2344 2512 2742 3011 3033 3126 3339 3654 3525 3727 3616 3825 3984 3833 3882 3884 3660 3698 3694 3601 3493 3283 3039 2978 2800 2736 2523 2471 2254 2055 2000 1855 1771 1666 1457 1391 1282 1129 1089 994 888 900 771 742 653 611 596 497 468 417 370 328 351 306 283 258 232 237 203 180 173 137 129 123 116 95 98 83 72 82 82 60 59 47 41 42 35 45 26 37 26 30 29 17 24 14 17 18 14 10 6 8 10 9 8 6 8 8 5 1 
0 15 34 30 34 57 107 91 260 121 138 214 355 269 306 481 587 523 656 707 834 872 1146 1143 1239 1439 1651 1891 1958 1997 2370 2449 2589 2864 3075 3204 3317 3433 3567 3616 3697 3870 3804 3868 3789 3767 3708 3520 3417 3340 3424 3227 3073 2854 2715 2729 2494 2381 2195 2135 2017 1768 1723 1524 1446 1392 1336 1191 1080 1036 979 877 844 773 661 616 592 516 467 472 438 371 311 303 282 255 244 178 197 180 163 164 153 155 104 117 101 101 90 88 62 53 58 50 61 46 54 46 36 34 27 26 24 18 15 14 15 17 12 19 13 13 11 12 9 6 2 2 10 6 6 
0 15 15 44 49 107 118 155 113 187 180 226 412 461 389 442 605 670 830 812 837 1141 1132 1189 1501 1744 1748 1997 2107 2334 2570 2693 2776 3035 3147 3416 3482 3661 3792 3787 3806 3850 3797 3897 3819 3682 3575 3523 3430 3446 3278 3097 2932 2761 2669 2458 2334 2248 2129 1969 1844 1682 1498 1440 1306 1291 1149 1032 1028 916 827 732 705 676 614 571 488 447 463 394 355 333 285 265 275 239 223 189 199 145 144 178 117 114 85 103 66 78 76 74 53 52 55 47 42 46 34 34 27 23 28 29 22 25 20 17 10 11 15 7 9 10 8 5 1 6 13 5 1 3 
0 3 15 54 60 64 96 97 151 166 234 487 286 331 432 488 621 587 760 962 973 1235 1275 1360 1495 1685 2066 2243 2354 2495 2529 2801 3116 3254 3381 3701 3844 3673 3654 3753 3853 3975 3974 3845 3764 3689 3578 3347 3334 3209 3130 2915 2732 2594 2520 2467 2185 2048 1934 1866 1715 1541 1463 1359 1292 1150 1089 975 947 861 797 729 692 621 516 552 471 465 403 373 349 335 270 262 241 230 224 175 175 132 132 129 133 105 108 94 96 84 88 60 64 44 41 35 40 48 31 34 29 33 20 20 20 22 16 20 11 19 13 11 12 5 12 9 12 10 2 7 2 5 2 7 4 
0 9 25 35 35 114 92 72 71 93 146 205 157 263 209 378 321 350 452 718 775 675 865 1044 1143 1320 1666 1427 1635 1806 2107 2313 2576 2802 2978 3042 3056 3032 3604 3819 3897 3843 3787 3854 3830 3820 3942 3670 3750 3585 3501 3330 3288 3074 2941 2797 2631 2599 2451 2245 2140 1984 1839 1717 1637 1500 1327 1318 1171 1148 998 890 856 780 733 711 606 604 501 482 404 402 357 341 302 284 259 242 232 201 181 159 175 124 129 99 104 114 83 67 72 53 69 51 47 48 37 41 39 30 19 25 17 24 21 13 15 16 15 11 12 6 9 12 7 5 7 4 4 
0 9 40 61 49 121 83 145 177 220 350 254 428 332 626 578 675 825 857 1092 1097 1236 1354 1668 1789 1939 2270 2348 2557 2603 2801 3182 3224 3421 3621 3562 3730 3828 3886 3890 4037 3903 3753 3839 3664 3511 3452 3442 3343 3101 2922 2806 2724 2504 2336 2293 2102 1941 1857 1635 1587 1431 1379 1256 1148 1055 999 925 822 745 747 712 611 563 506 452 419 334 334 284 301 259 230 227 220 155 168 172 139 131 117 102 118 80 100 79 86 61 56 58 58 55 53 39 31 35 36 27 23 21 16 30 31 23 14 13 11 7 11 10 8 5 4 12 4 3 5 5 
0 9 24 34 38 47 42 119 113 115 243 249 182 238 292 376 555 506 589 762 766 942 986 1063 1297 1375 1350 1517 1773 1937 2323 2462 2620 2628 2813 3074 3023 3341 3478 3621 3775 3683 3731 3807 3787 3602 3687 3771 3624 3489 3467 3361 3090 2954 2822 2756 2432 2428 2386 2118 2098 1865 1821 1564 1566 1397 1323 1289 1159 1050 1021 925 863 768 744 666 595 560 521 477 411 400 356 353 341 309 298 250 245 203 186 173 173 150 125 108 134 119 101 82 75 59 54 63 44 49 43 34 40 24 27 24 20 23 19 16 24 20 14 13 16 11 13 15 3 10 11 8 7 8 6 7 2 4 
0 6 14 32 40 37 59 67 55 60 93 238 146 202 216 482 443 421 557 559 614 675 909 1066 1142 1274 1394 1475 1704 1749 2055 2155 2450 2493 2663 2842 3074 3295 3331 3520 3729 3732 3675 3761 3865 3939 3848 3833 3640 3726 3497 3427 3260 3244 3051 2875 2855 2639 2457 2304 2235 1982 1841 1810 1670 1583 1426 1329 1226 1150 1081 955 882 770 758 659 603 628 539 484 431 389 353 336 308 280 281 236 250 213 182 186 144 145 122 121 101 104 102 70 78 61 55 53 57 35 45 30 36 30 27 35 29 21 21 19 21 19 16 12 17 10 17 8 11 16 11 6 9 8 8 8 3 6 
0 6 40 65 59 58 68 127 112 178 211 220 273 279 419 409 531 636 725 873 885 1084 1004 1212 1475 1596 1655 1809 2007 2274 2433 2500 2769 2933 3087 3361 3313 3636 3628 3719 3775 3755 3743 3797 3811 3778 3720 3514 3444 3434 3270 3113 2899 2890 2834 2612 2376 2228 2113 1980 1876 1701 1583 1551 1329 1319 1213 1076 1047 931 839 821 761 710 625 604 536 447 432 407 366 338 311 279 279 255 212 196 169 175 180 175 140 131 129 102 97 86 96 89 66 60 67 58 48 37 51 38 43 35 42 33 32 21 20 20 34 16 21 14 15 11 23 10 18 9 7 16 6 6 7 9 9 8 5 
