0 0 26 74 110 136 181 251 368 426 534 708 882 1094 1314 1748 2114 2345 2628 3218 3839 4246 4409 4778 5171 5418 5879 5898 5987 5989 6093 5846 5655 5323 5107 4767 4394 4086 3592 3330 3100 2759 2596 2298 1922 1872 1541 1385 1308 1123 917 854 729 644 572 505 426 387 360 306 267 231 186 156 154 125 91 100 68 80 63 54 52 47 37 33 31 22 20 9 11 13 14 10 4 6 2 7 2 1 6 6 3 3 4 0 2 2 2 3 0 0 1 0 1 2 0 0 0 0 0 0 0 0 0 0 0 
0 0 47 113 173 187 156 268 434 561 736 873 1177 1497 1799 2017 2465 2805 3196 3846 4134 4622 5029 5157 5474 5904 6144 6114 6083 5945 5895 5501 5395 5103 4845 4414 4043 3769 3408 3231 2732 2475 2186 2015 1816 1532 1350 1218 1085 890 838 700 627 562 482 394 375 337 285 247 233 184 172 163 128 129 105 71 85 66 57 42 41 23 35 32 20 15 19 8 17 6 6 10 8 7 5 3 6 6 1 3 2 5 4 1 3 0 1 1 0 1 0 0 0 1 0 0 0 0 0 0 0 0 0 0 0 
0 0 28 66 109 100 119 157 268 404 457 526 728 969 1315 1556 1810 2171 2611 3131 3575 4099 4502 4844 5264 5664 5823 6083 6085 6219 6421 6116 5701 5621 5271 5034 4651 4201 3801 3589 3282 2822 2596 2267 2004 1802 1496 1399 1222 1095 959 863 766 656 549 502 430 418 346 290 244 229 181 190 134 132 110 109 77 68 47 55 52 47 41 23 26 18 21 19 15 10 13 10 15 7 3 3 5 4 4 4 3 6 4 1 2 3 2 0 1 2 0 0 1 0 0 1 0 0 1 2 0 0 0 0 0 0 0 0 0 0 0 
0 0 26 86 131 148 189 367 536 623 773 838 1269 1634 1951 2297 2674 3249 3690 3931 4418 4782 5359 5639 5869 5958 5946 6195 6040 6065 5796 5597 5130 4934 4560 4333 3830 3597 3245 2852 2592 2382 2133 1812 1620 1451 1271 1167 982 870 835 663 594 518 441 394 321 287 226 217 207 167 143 135 106 96 62 77 58 45 37 39 31 31 30 18 13 19 17 8 5 11 11 6 3 4 3 0 2 1 1 1 0 0 1 3 0 0 0 2 0 1 0 0 0 0 0 0 0 0 0 0 0 
0 0 24 82 107 93 116 197 408 624 707 738 864 1232 1524 1782 2072 2428 2679 3105 3546 3865 4270 4516 5072 5298 5541 5516 5740 5699 5603 5621 5425 5143 4891 4521 4238 3989 3698 3499 3090 2764 2588 2312 2026 1833 1663 1444 1279 1127 1018 911 814 693 625 593 511 401 365 386 289 244 240 183 181 144 134 117 97 92 81 62 65 55 53 44 31 32 23 33 21 16 14 19 17 11 11 7 8 4 6 4 1 5 1 2 1 2 3 0 1 1 1 1 1 0 0 0 0 3 0 0 0 0 0 0 0 0 0 0 0 
0 0 29 62 87 83 95 134 233 314 322 456 553 747 1041 1294 1491 1751 2108 2562 2874 3168 3561 4078 4593 4992 5191 5401 5697 6017 5969 5777 6037 5616 5560 5248 4877 4679 4508 4063 3732 3269 3007 2774 2510 2125 1969 1740 1519 1376 1141 1065 904 826 707 633 537 481 416 386 328 271 261 214 177 156 157 122 89 125 84 77 82 51 47 49 46 41 35 24 22 18 14 20 7 13 9 12 7 4 8 5 6 4 1 4 2 1 0 1 3 3 0 0 1 0 1 0 0 0 0 0 0 0 0 0 0 0 
0 0 18 74 88 70 123 223 333 359 452 646 860 1143 1401 1722 1988 2443 2765 3146 3590 4075 4640 4980 5218 5506 5811 6023 5929 6110 6058 5866 5511 5365 5118 4833 4322 4091 3671 3499 3142 2815 2578 2283 2042 1763 1562 1365 1258 1093 986 817 698 633 533 453 432 382 326 271 248 207 204 150 155 126 118 101 77 87 64 55 35 27 40 35 36 22 14 16 18 20 14 10 8 4 6 7 5 5 5 2 1 2 3 2 4 0 0 0 0 1 1 2 0 0 0 0 1 0 0 0 0 0 0 0 0 0 0 0 
0 0 24 69 123 102 94 171 325 527 639 728 985 1309 1721 2075 2321 2704 3127 3663 4202 4592 4877 5284 5538 5954 6137 6456 6192 6207 6163 5866 5618 5230 4900 4839 4241 3886 3503 3183 2835 2528 2272 2063 1797 1636 1380 1274 1091 912 854 723 630 603 512 423 382 305 260 281 216 189 161 121 133 117 103 92 77 51 44 50 40 47 31 35 35 26 22 17 19 11 19 7 6 6 3 7 7 2 3 2 4 4 1 0 2 1 1 0 0 0 3 1 0 0 0 0 0 0 1 0 0 0 0 0 0 0 0 0 0 0 
0 0 26 69 77 93 118 191 345 448 502 681 882 1293 1500 1706 2169 2490 2841 3351 3873 4337 4665 5173 5478 5718 5852 6081 6101 6076 6193 6009 5766 5512 5024 4633 4373 4185 3811 3404 3039 2703 2383 2185 2014 1751 1561 1352 1161 1071 908 847 693 571 532 461 399 351 285 252 237 180 194 156 103 109 88 85 79 69 71 45 39 49 26 23 29 18 16 18 7 9 13 11 9 4 3 6 5 2 5 3 3 4 3 4 3 2 3 2 1 1 1 1 0 0 3 3 1 2 1 0 0 1 0 0 0 0 0 0 0 0 0 0 0 
0 0 30 98 119 119 126 190 288 430 634 859 833 911 1278 1740 2067 2391 2801 3243 3647 4137 4591 5025 5329 5617 5739 6205 6081 6130 6064 5874 5848 5544 5090 4890 4422 4161 3750 3412 3140 2818 2621 2268 2012 1677 1541 1382 1226 1040 970 842 698 612 578 472 398 350 314 284 225 196 175 180 141 115 95 101 75 68 68 45 50 47 37 39 28 20 16 20 14 10 12 10 11 9 9 8 4 4 7 5 2 1 8 2 1 2 3 1 3 1 0 1 1 4 0 0 0 2 0 1 0 0 0 0 0 0 0 0 0 0 0 
0 0 30 70 100 85 102 140 278 314 401 514 646 1000 1367 1603 1959 2115 2531 3002 3580 3946 4362 4732 5034 5332 5782 5877 6038 5939 6054 5905 5724 5520 5293 5072 4714 4353 4037 3611 3332 3069 2685 2387 2102 1915 1609 1457 1265 1225 1010 886 737 678 611 531 428 404 361 329 249 230 197 185 161 127 138 116 88 84 71 68 38 38 49 41 21 24 24 31 20 13 14 13 13 12 9 5 7 6 9 4 1 1 3 0 3 0 0 0 1 0 1 0 0 1 0 0 0 0 0 0 0 0 0 0 0 
0 0 22 62 101 128 133 214 330 604 720 797 1054 1392 1827 2306 2722 3005 3467 4135 4425 4945 5240 5546 5984 6256 6512 6374 6341 6291 6024 5804 5435 5115 4771 4466 3976 3663 3385 3029 2649 2357 2090 1850 1685 1476 1245 1118 973 830 752 675 581 554 442 363 312 282 258 232 176 171 170 145 123 111 79 66 56 59 57 44 36 43 28 30 22 14 27 22 14 13 12 9 8 8 6 5 6 2 2 2 2 1 3 1 1 2 0 1 0 0 0 0 0 0 0 0 0 
0 0 31 96 100 95 150 331 463 565 634 773 1064 1326 1638 1958 2269 2743 3322 3664 4057 4539 4932 5391 5763 5983 6096 6247 6256 6200 6038 5785 5627 5247 5007 4596 4291 3948 3533 3191 2826 2718 2283 1957 1863 1634 1315 1248 1093 929 823 721 669 565 463 430 387 303 309 245 228 174 166 132 120 106 97 74 78 60 59 40 33 46 33 27 27 22 29 22 9 11 11 11 11 7 8 3 1 10 0 2 4 0 1 3 1 0 0 2 1 0 1 0 0 0 0 0 0 0 0 0 0 0 
0 0 23 58 106 97 94 145 224 389 540 653 857 985 1295 1652 1974 2386 2762 3183 3671 4211 4623 4996 5297 5686 5810 6151 6056 6333 6101 5984 5875 5495 5271 4881 4626 4327 3818 3519 3159 2896 2521 2316 2038 1785 1645 1394 1277 1096 938 836 722 667 553 511 431 289 296 311 247 200 186 152 147 135 105 86 95 72 44 50 37 25 20 24 20 17 15 14 12 6 6 7 8 3 3 4 1 5 3 0 0 0 2 2 0 0 2 0 0 0 0 1 0 0 0 1 0 1 1 0 0 0 0 0 0 0 0 0 0 0 
0 0 24 75 117 100 100 167 358 509 570 628 941 1285 1616 1721 1873 2269 2792 3222 3478 4124 4483 5001 5334 5670 5727 6074 6003 5987 5965 5842 5604 5229 5088 4769 4295 4025 3658 3288 3035 2718 2457 2239 1942 1779 1526 1397 1202 1102 975 816 739 654 544 493 435 399 326 308 247 201 185 182 128 127 113 96 89 70 57 42 33 45 43 21 29 22 18 10 11 7 11 8 5 4 5 7 8 4 0 0 0 3 1 1 0 0 1 0 1 1 0 1 0 1 0 0 0 0 0 0 0 0 0 
0 0 34 78 95 90 105 170 416 635 797 864 996 1345 1754 2065 2550 2915 3278 3826 4272 4845 5217 5509 5791 6138 6162 6211 6226 6023 5967 5668 5340 5074 4877 4509 3978 3616 3401 3057 2733 2400 2172 1903 1753 1462 1309 1087 992 873 815 697 630 529 451 383 337 311 269 231 185 188 148 124 130 104 118 73 63 77 45 38 53 34 31 23 28 24 23 16 11 6 15 8 11 8 2 5 7 4 4 2 2 1 5 3 1 1 3 1 2 0 0 0 1 0 1 0 0 0 0 0 0 0 0 0 0 0 
0 0 23 80 104 94 146 217 354 450 576 699 936 1220 1457 1751 2249 2704 3158 3561 3941 4283 4799 5206 5726 5624 6127 6274 6217 6241 6051 6005 5751 5436 5027 4750 4215 4011 3655 3259 2947 2750 2503 2183 1858 1646 1489 1276 1136 1032 868 846 674 517 525 440 406 379 284 218 246 207 183 158 121 118 94 95 75 69 57 41 41 29 37 26 35 18 13 18 7 11 9 7 7 15 5 3 3 3 5 1 2 3 0 1 1 1 0 2 1 3 1 0 0 0 2 1 0 0 0 1 0 0 2 0 0 0 0 0 0 0 0 0 0 0 
0 0 33 75 98 89 98 137 247 376 455 499 608 871 1160 1424 1610 1945 2364 2871 3296 3722 4149 4610 4974 5509 5638 5915 6086 6303 6229 6045 5847 5687 5587 5286 4853 4441 3995 3731 3452 3148 2748 2478 2171 1931 1778 1576 1387 1259 1041 873 788 660 646 521 465 394 354 281 254 247 170 176 165 114 122 107 88 76 88 61 57 54 30 38 35 31 30 20 20 15 23 12 18 12 8 12 8 6 7 5 4 3 4 1 2 1 1 5 0 4 0 0 2 1 1 1 0 0 1 0 0 0 0 1 0 0 0 0 0 0 0 0 0 0 0 
0 0 27 79 98 103 129 243 406 546 648 778 928 1356 1693 2044 2412 2761 3288 3634 4299 4753 5159 5450 5765 6063 6388 6358 6379 6239 6056 5960 5685 5238 4840 4553 4136 3864 3421 3120 2703 2595 2180 1999 1738 1549 1376 1240 1033 845 862 779 608 513 506 393 380 380 286 212 195 196 172 130 156 98 106 71 90 67 43 55 37 39 31 28 21 16 21 16 20 10 11 12 4 4 4 5 2 2 1 3 1 2 0 1 2 1 0 0 0 0 0 0 0 0 0 0 0 
0 0 20 87 102 83 88 191 357 512 598 713 1004 1280 1648 1920 2155 2564 3031 3582 3949 4389 4585 5061 5510 5881 6027 6065 5957 6081 6029 5773 5507 5225 4922 4631 4268 4049 3627 3204 2945 2774 2295 2053 1853 1656 1431 1290 1120 1000 902 771 640 619 489 430 438 339 307 285 239 203 182 149 144 127 104 71 66 61 62 55 31 30 34 30 20 22 21 14 15 15 14 8 4 4 4 7 4 3 4 2 1 3 2 1 3 1 2 0 0 2 1 1 1 1 1 0 0 2 1 0 1 0 1 1 1 0 0 0 2 0 0 0 0 0 2 0 0 0 0 1 0 0 0 0 0 0 0 0 0 0 
0 0 18 72 106 103 88 142 296 438 568 738 920 1177 1445 1785 2036 2534 2928 3382 3921 4375 4909 5137 5584 5767 6213 6326 6371 6353 6185 6052 5711 5564 5132 4796 4371 4102 3614 3276 2882 2612 2457 2034 1776 1656 1445 1262 1099 954 906 730 668 570 536 429 391 337 292 290 192 186 178 148 117 93 111 95 70 65 43 53 51 45 36 22 23 25 18 18 12 11 10 13 11 11 9 9 4 7 4 8 3 4 10 2 2 7 1 2 3 2 0 2 2 0 1 1 2 0 0 1 1 1 0 0 0 0 0 0 1 0 0 0 0 0 0 0 0 0 0 0 
0 0 35 73 98 115 221 331 396 507 690 954 1071 1273 1531 1864 2416 2891 3179 3722 4103 4872 5221 5339 5747 6053 6217 6326 6267 6328 6171 5989 5437 5172 4938 4622 4172 3862 3443 3088 2758 2450 2168 2030 1727 1471 1323 1195 1057 911 846 664 643 552 451 390 353 307 301 224 222 183 135 139 112 115 89 64 62 58 53 48 51 42 22 26 20 32 13 21 17 14 8 9 10 7 6 6 4 3 6 2 1 5 3 0 1 0 2 2 0 2 0 0 0 1 0 0 0 0 0 1 0 0 0 1 0 0 0 0 0 0 0 0 0 0 0 
0 0 24 78 120 124 119 290 422 546 599 737 982 1342 1613 1867 2284 2808 3319 3518 3929 4411 4749 5177 5508 5654 6021 6004 6044 5754 6021 5711 5457 5213 4864 4625 4218 3814 3638 3245 2835 2515 2337 2066 1835 1546 1398 1231 1145 998 851 707 608 567 479 445 419 352 277 291 245 212 178 159 151 110 102 102 88 53 58 57 39 40 34 24 39 23 15 15 18 11 8 12 3 4 11 4 7 5 2 0 7 3 6 3 1 3 1 1 2 3 1 0 0 1 0 0 0 2 0 0 0 1 0 0 0 2 0 0 0 0 0 1 0 0 0 1 0 0 0 0 0 0 0 
0 0 33 66 99 96 98 120 206 320 426 483 616 826 985 1286 1624 2176 2428 2796 3078 3820 4248 4837 5150 5372 5731 6042 6355 6236 6281 6211 5854 5832 5477 5138 4829 4406 4315 3872 3513 3127 2839 2518 2219 1939 1698 1594 1383 1198 1011 863 784 754 617 543 457 416 328 347 266 237 230 212 162 147 129 117 96 78 62 73 45 57 40 29 20 19 23 27 17 15 10 6 12 8 4 1 4 1 3 4 1 1 3 0 0 1 0 0 1 0 0 0 0 0 0 0 0 0 0 0 
0 0 19 75 83 89 105 173 252 327 367 415 646 889 1286 1571 1823 2205 2496 2802 3423 3760 4107 4505 4776 5281 5599 5914 5872 6082 5799 5935 5624 5587 5498 5044 4846 4369 4127 3731 3469 2921 2707 2504 2164 1959 1746 1516 1366 1213 1071 910 808 728 653 588 499 471 379 313 273 237 239 202 179 129 136 111 94 89 89 51 58 48 50 46 26 22 22 29 23 15 15 12 14 7 9 9 6 11 4 3 3 4 3 0 1 3 3 2 1 1 1 1 0 2 0 1 1 0 0 0 1 0 1 0 0 0 0 1 0 0 1 0 0 0 0 0 0 0 0 0 0 0 
0 0 21 88 104 96 99 170 277 428 570 700 890 1155 1442 1834 2256 2717 3078 3378 3939 4425 4947 5272 5496 5754 5918 6391 6082 6152 5954 5837 5565 5301 4912 4613 4280 4072 3763 3414 3011 2733 2477 2181 1901 1679 1532 1312 1179 1013 886 782 733 648 501 478 397 377 305 262 251 179 172 146 128 128 102 87 78 88 55 49 34 45 42 25 27 20 22 17 18 16 11 10 6 7 17 7 4 4 2 3 3 0 1 0 0 1 0 0 0 0 1 0 0 0 1 0 0 0 1 0 0 0 1 1 1 0 0 0 0 0 0 0 0 0 0 0 
0 0 28 92 98 110 129 222 371 434 523 668 834 1123 1507 1738 2057 2599 3079 3437 3821 4275 4717 5095 5373 5807 5946 5988 6121 6130 6016 6027 5790 5584 5043 4925 4531 4002 3638 3280 2983 2757 2395 2171 1915 1703 1515 1337 1119 1023 867 822 633 629 497 490 425 354 295 224 215 215 175 134 119 108 107 102 75 70 56 59 42 39 29 29 29 20 20 18 16 9 13 13 6 9 6 7 2 4 6 5 5 3 4 0 2 0 1 1 0 0 0 1 0 0 1 0 0 1 0 0 0 0 0 0 0 0 0 0 0 
0 0 31 70 91 128 187 293 360 472 672 915 1225 1505 1644 1945 2318 2787 3409 3647 3985 4369 5045 5373 5672 5808 6143 6222 6148 6101 5873 5824 5600 5281 4722 4489 4194 3816 3458 3104 2750 2490 2255 1956 1738 1594 1368 1195 1090 949 863 706 590 516 504 461 404 319 273 239 227 206 188 152 134 122 90 83 77 61 59 52 34 42 34 37 25 15 17 11 15 11 13 12 10 6 3 4 3 3 4 2 1 0 0 2 0 0 0 2 0 2 1 0 0 0 0 0 0 0 0 0 0 0 
0 0 22 81 88 86 85 142 227 371 455 440 610 1011 1334 1607 1841 2173 2554 3124 3521 3852 4369 4854 5070 5616 5974 5895 6179 6174 6391 6081 5914 5542 5360 4930 4666 4229 4033 3638 3273 2887 2580 2360 2096 1908 1589 1364 1242 1074 985 909 728 695 555 478 384 365 333 341 242 207 195 153 136 122 111 96 82 60 69 50 44 34 41 31 21 26 17 12 9 14 9 16 9 6 5 2 5 5 7 4 1 0 5 2 4 3 0 0 2 1 0 0 0 1 2 1 0 0 0 0 0 0 0 0 0 0 0 
0 0 19 88 107 88 94 189 344 521 592 711 876 1220 1456 1815 2217 2661 3124 3538 4226 4398 5009 5306 5520 5783 6094 6027 6097 6202 5911 5749 5468 5316 5077 4590 4382 3945 3550 3171 2983 2628 2376 2144 1780 1614 1468 1256 1120 972 879 776 660 542 488 432 394 321 272 259 229 208 154 121 126 104 78 86 70 63 47 51 33 39 32 34 21 15 21 21 15 11 11 17 7 5 6 3 5 3 8 3 4 2 3 2 0 3 1 1 1 0 2 0 1 0 1 0 0 0 0 0 1 0 0 0 1 0 1 1 0 0 0 0 0 0 0 0 0 0 0 
0 0 32 70 93 92 117 162 240 397 467 579 712 1019 1356 1506 1797 2126 2515 3073 3426 3929 4308 4683 5166 5550 5778 5986 6073 6158 6136 6045 5830 5510 5218 4997 4604 4312 4036 3577 3185 2922 2687 2362 2070 1844 1610 1454 1337 1131 988 857 777 670 591 548 465 397 336 289 252 219 202 169 143 122 116 96 87 70 61 44 51 39 30 28 24 13 18 16 11 7 7 6 5 7 3 2 7 2 2 2 0 3 2 1 3 0 1 0 0 0 0 0 0 0 0 0 0 0 
0 0 25 57 86 97 122 146 209 336 455 604 861 1075 1368 1750 1998 2443 2739 3179 3689 4099 4426 4875 5050 5526 5847 6168 6040 6217 6109 6008 5648 5493 5137 4764 4454 4194 3890 3500 3242 2856 2512 2246 1994 1775 1653 1423 1270 1090 978 850 751 630 564 497 444 376 347 276 250 237 160 195 163 138 104 94 77 69 79 59 65 45 41 26 26 24 19 16 15 20 6 10 14 13 6 7 3 7 8 4 6 6 1 0 1 2 0 2 1 0 1 0 0 0 0 1 0 0 1 0 0 0 0 0 0 0 0 0 0 0 
0 0 23 51 100 86 102 149 231 298 429 552 739 963 1091 1393 1812 2192 2464 2884 3308 3826 4229 4597 5197 5305 5597 5903 5900 6178 6280 6079 5634 5596 5465 5119 4783 4376 4085 3681 3400 3084 2773 2350 2229 1915 1729 1536 1346 1149 985 916 795 703 597 532 463 457 366 302 252 248 211 175 166 124 113 98 77 71 73 55 40 29 25 36 31 18 22 12 9 9 7 10 6 10 5 1 5 4 2 4 1 5 2 2 1 1 1 1 0 0 1 3 1 0 0 1 1 1 0 0 0 1 0 0 0 0 0 0 0 0 0 0 0 
0 0 19 63 90 77 80 117 194 345 395 519 708 1031 1238 1473 1859 2277 2803 3425 3664 4019 4593 4837 5488 5712 6094 6281 6392 6438 6323 6062 5904 5505 5414 5141 4565 4329 3829 3430 3213 2890 2535 2157 1981 1789 1558 1311 1206 1007 891 731 722 656 506 462 416 365 301 276 217 184 184 158 117 95 94 82 65 58 52 34 45 32 33 24 23 20 19 26 9 12 15 11 8 7 5 9 8 6 0 2 4 3 1 0 1 1 0 0 0 0 0 0 0 0 0 0 0 
0 0 32 89 96 103 157 339 583 679 753 897 1227 1588 1977 2351 2550 2930 3562 4174 4690 4823 5284 5709 5889 6115 6109 6302 6214 6172 5775 5703 5328 4922 4556 4451 3972 3577 3251 2902 2559 2376 2027 1851 1620 1492 1289 1070 940 920 754 648 567 522 442 388 347 295 269 198 168 168 151 109 104 85 83 69 59 46 38 49 40 38 28 17 17 16 29 7 11 11 7 8 10 6 5 4 3 4 3 5 0 1 3 1 3 2 1 2 0 1 2 0 0 0 2 0 0 0 0 0 0 0 0 0 0 0 
0 0 31 85 114 112 103 186 309 398 485 524 661 1042 1313 1480 1719 2205 2627 3268 3663 4065 4375 4783 5359 5616 6002 6047 6154 6208 6131 5936 5935 5749 5282 4978 4607 4282 3921 3469 3164 2931 2626 2268 2060 1796 1655 1401 1263 1111 964 818 755 676 609 540 429 354 377 307 275 257 210 171 157 126 134 117 83 82 79 53 58 48 36 32 27 26 14 23 9 13 14 11 12 5 7 4 3 5 5 3 2 3 4 2 0 2 2 0 0 2 0 0 0 2 0 2 1 0 1 0 0 0 0 0 0 0 0 0 0 0 
0 0 15 63 94 86 96 278 432 477 459 601 879 1032 1323 1509 1745 2203 2708 3187 3429 3792 4145 4758 5077 5323 5634 5823 5938 6094 5876 5793 5793 5486 5065 4968 4419 4146 3920 3550 3231 2915 2680 2370 2073 1872 1657 1530 1317 1132 1032 901 752 679 587 488 447 363 387 287 264 236 193 170 154 136 114 109 77 70 58 61 55 49 34 34 27 23 20 18 16 9 13 9 6 4 9 8 5 3 6 5 0 3 6 0 1 1 0 1 0 1 1 0 0 0 0 0 0 0 1 0 0 0 0 1 0 0 0 0 1 0 0 0 0 0 0 0 0 0 0 0 
0 0 21 62 96 114 96 149 297 428 516 600 822 1065 1372 1629 1846 2089 2604 3101 3604 4015 4460 4716 5237 5537 5836 6038 6131 6229 6111 5844 5521 5485 5224 4883 4485 4169 3791 3536 3164 2901 2592 2287 2039 1838 1559 1422 1231 1090 984 877 803 680 603 531 463 400 328 290 278 220 227 183 144 123 112 100 111 80 58 67 63 46 42 33 47 28 26 26 18 14 11 12 13 19 9 6 10 5 7 4 3 6 4 4 1 1 2 2 2 2 0 1 1 0 0 0 0 0 0 0 0 1 0 0 
0 0 16 66 84 85 91 150 322 407 478 570 708 938 1268 1531 1914 2216 2589 3173 3619 4152 4357 4909 5262 5555 6061 6093 6201 6291 6199 6063 5934 5606 5334 4883 4584 4188 3968 3431 3219 2871 2598 2334 2121 1825 1614 1430 1237 1152 936 815 688 653 560 449 440 332 327 253 245 232 164 160 117 115 105 105 78 70 56 39 49 46 31 30 22 14 12 18 12 18 11 9 8 7 6 6 6 6 8 0 3 2 0 4 3 1 0 1 1 2 1 1 0 1 1 1 0 0 2 0 1 0 0 1 1 0 1 0 0 0 0 0 0 0 0 0 0 0 
0 0 35 77 99 118 177 270 415 548 663 848 1148 1464 1871 2170 2516 2923 3378 4008 4381 4652 4957 5267 5628 5823 6047 6011 6010 6020 5730 5697 5399 5112 4972 4393 4155 3745 3438 3119 2776 2440 2210 1963 1749 1464 1328 1121 1002 917 789 650 608 511 493 419 355 303 289 251 201 183 143 143 105 115 82 75 75 61 47 40 34 39 29 38 20 27 11 15 10 12 12 10 9 5 6 4 6 5 3 1 0 2 2 4 1 0 2 0 0 0 0 2 1 1 0 0 0 2 0 0 0 0 0 0 0 0 0 0 0 
0 0 34 95 127 116 134 270 459 584 689 980 1198 1577 1929 2304 2701 2949 3602 4105 4528 4920 5266 5707 6005 6178 6218 6147 6127 6199 6010 5850 5421 5024 4635 4375 3926 3643 3298 2929 2588 2348 2163 1857 1654 1522 1320 1099 943 917 764 667 536 466 393 363 302 289 241 200 182 145 152 111 118 75 90 82 61 49 50 36 42 37 29 24 20 17 18 10 12 11 9 7 8 7 7 3 0 6 4 0 0 3 0 0 1 1 1 0 0 0 0 0 0 0 0 0 0 0 
0 0 18 56 97 81 79 144 372 536 657 716 994 1283 1635 1986 2289 2646 3150 3530 3998 4565 5011 5268 5497 5848 6151 6101 6205 6020 5985 5863 5581 5333 4995 4632 4161 3959 3516 3182 2771 2617 2282 2129 1834 1590 1405 1334 1124 970 865 745 632 532 489 446 370 305 275 220 229 195 153 144 138 97 76 76 76 68 46 44 59 38 27 29 22 20 27 17 12 15 11 18 3 8 7 4 5 8 3 8 0 3 3 3 2 4 2 3 1 3 0 2 1 3 0 1 3 2 2 0 1 0 1 1 0 0 0 0 0 0 0 0 0 0 0 
0 0 23 68 116 100 109 115 194 306 340 466 676 1091 1256 1429 1699 2135 2526 3058 3339 3903 4309 4590 5077 5362 5702 5906 6031 5996 6002 5894 5870 5584 5338 4894 4625 4242 4060 3627 3276 2940 2612 2440 2207 1898 1701 1482 1311 1162 1068 890 840 692 575 526 471 376 374 341 298 243 210 188 165 153 138 143 96 108 74 56 61 49 49 43 38 26 25 36 21 18 16 10 16 18 7 6 14 9 8 4 2 6 2 3 3 0 0 1 1 2 0 2 1 0 2 0 0 0 0 1 0 0 0 0 0 0 0 0 0 0 0 
0 0 24 59 90 120 223 345 443 535 717 931 1154 1476 1794 2064 2348 2863 3400 3917 4247 4589 4977 5268 5619 5972 6127 5966 6062 5930 5772 5725 5354 5001 4652 4450 4122 3759 3390 2995 2867 2497 2186 1998 1715 1491 1395 1237 1037 887 852 750 627 504 462 425 390 338 301 258 211 181 192 144 120 105 101 78 74 75 39 41 40 30 27 43 25 10 16 26 20 10 10 10 8 7 9 9 5 2 7 3 2 3 5 3 0 2 1 0 1 2 1 0 0 0 1 0 0 0 0 0 1 0 0 0 0 0 0 0 0 0 0 0 
0 0 28 89 113 114 130 165 290 388 494 743 955 1191 1477 1732 2135 2589 3048 3313 3729 4284 4603 4912 5292 5700 5806 5885 6052 6003 5913 5796 5543 5246 4984 4623 4282 3989 3586 3212 3062 2808 2522 2162 1897 1680 1593 1314 1225 1034 926 839 742 638 558 475 441 380 342 269 250 246 184 179 149 125 116 108 85 75 75 51 49 50 28 41 23 14 24 21 14 11 9 13 5 8 3 6 4 1 7 2 3 2 3 1 3 3 1 2 0 0 0 1 0 0 0 0 0 0 0 0 0 1 0 
0 0 30 69 105 96 97 153 253 346 444 650 839 1017 1334 1638 1869 2298 2638 3087 3566 3862 4364 4821 5231 5553 5847 6115 6117 6164 6037 5890 5865 5547 5077 5019 4626 4222 3867 3560 3158 2881 2707 2331 1994 1752 1527 1461 1269 1132 912 817 728 613 543 539 433 362 322 282 272 218 177 147 135 130 101 82 85 81 59 55 51 41 36 30 29 22 17 18 16 15 17 7 9 9 7 3 11 5 4 9 2 3 2 1 4 0 2 1 2 1 1 2 0 2 2 1 1 1 0 1 0 2 0 2 1 1 0 0 0 0 1 0 0 0 0 1 0 1 0 0 0 0 0 0 0 0 0 0 0 
0 0 24 69 97 162 242 417 467 571 773 1068 1345 1565 1847 2265 2855 3396 3653 4043 4442 5127 5481 5873 5913 6183 6244 6369 6253 6177 5922 5631 5153 4990 4686 4199 3886 3475 3221 2840 2525 2316 1990 1768 1565 1396 1276 1026 916 835 715 655 552 443 427 381 317 256 234 207 180 158 142 110 114 97 76 73 65 55 50 42 39 34 35 24 18 18 20 23 11 9 14 8 13 13 6 6 4 9 3 6 6 1 2 5 4 4 2 1 0 1 1 0 0 1 1 1 0 0 0 0 0 0 0 0 0 0 0 
0 0 28 88 119 100 114 158 261 392 531 673 853 1001 1066 1348 1734 2081 2439 2867 3300 3841 4272 4543 5057 5506 5647 5893 6018 6184 6123 6012 5695 5523 5257 4915 4738 4292 3959 3547 3350 3021 2703 2370 2131 1866 1675 1514 1369 1191 1028 884 784 712 616 518 470 384 358 323 275 247 199 192 145 148 112 90 109 87 58 48 38 44 48 36 25 21 22 8 19 10 17 8 17 5 8 7 5 7 3 2 3 7 3 5 2 2 3 2 2 5 2 2 3 3 0 3 2 0 1 1 1 0 0 0 0 0 1 0 0 0 0 0 0 1 0 0 0 0 0 0 0 0 0 0 0 
0 0 28 84 111 127 198 311 423 532 632 764 913 1157 1437 1744 1956 2310 2684 3028 3395 3988 4390 4584 5075 5331 5595 5925 6054 5984 5837 5758 5643 5415 5027 4758 4444 4174 3913 3333 3129 2834 2566 2311 2028 1786 1555 1444 1213 1104 1000 885 791 651 585 531 452 407 346 310 268 245 195 204 164 153 126 104 104 71 74 62 55 49 31 43 30 27 20 18 14 11 7 11 10 7 7 4 5 3 5 3 3 1 1 0 1 1 0 1 0 0 0 0 0 0 0 0 0 0 0 
0 0 22 62 95 87 126 221 363 546 726 827 956 1062 1365 1894 2099 2433 2751 3219 3613 3974 4338 4784 5150 5471 5655 5978 6055 6020 5999 5792 5640 5463 5086 4888 4394 4103 3671 3431 3179 2810 2528 2278 1973 1730 1554 1410 1200 1151 947 839 744 665 540 441 452 391 349 325 208 236 201 183 157 140 116 106 87 77 65 47 43 49 41 28 31 30 19 15 14 15 12 11 8 3 2 4 4 3 1 1 3 1 1 0 0 1 1 0 0 1 0 0 0 0 0 0 0 0 0 0 0 
0 0 33 73 94 107 132 295 523 615 679 831 1006 1325 1792 1951 2340 2855 3049 3726 4264 4621 5020 5380 5831 6150 6294 6375 6216 6127 6073 5756 5548 5271 5026 4416 4161 3736 3368 3127 2890 2513 2319 2048 1783 1570 1349 1170 1023 953 800 711 575 529 499 402 373 320 266 267 231 192 154 154 117 111 101 100 60 63 56 44 45 40 35 21 20 19 16 14 5 9 8 9 3 6 5 5 5 2 2 2 1 3 1 0 0 2 0 0 0 0 0 0 0 0 0 0 0 
0 0 23 64 105 116 144 190 277 417 662 925 1207 1400 1698 2011 2512 3084 3503 3995 4415 4956 5411 5545 6113 6248 6460 6261 6285 6185 6126 5863 5609 5081 4896 4563 4071 3729 3429 3018 2678 2392 2197 1861 1649 1520 1266 1121 1003 810 758 638 556 434 452 399 295 283 237 189 175 155 131 118 93 85 73 69 59 49 39 34 33 24 23 19 19 16 23 14 14 13 11 10 6 9 8 6 2 4 2 3 0 6 3 0 2 1 1 3 2 2 0 0 1 0 0 0 1 0 0 0 0 0 0 0 0 0 0 0 
0 0 12 57 83 91 78 120 222 292 398 476 580 780 927 1206 1495 1745 2116 2567 2980 3443 3992 4303 4673 4961 5138 5292 5759 5872 5835 5748 5744 5484 5403 5194 4838 4602 4341 3946 3660 3258 3007 2683 2550 2140 1873 1773 1545 1292 1160 1013 909 800 702 646 504 494 388 370 325 274 244 223 190 147 150 131 118 109 86 65 56 66 48 29 49 37 29 23 30 20 24 10 9 3 12 7 5 5 4 1 3 3 3 0 3 3 0 0 2 3 1 1 0 0 1 0 0 1 0 0 1 0 0 0 0 0 0 0 0 0 0 0 
0 0 26 78 123 117 201 356 504 568 724 1008 1354 1800 2112 2252 2625 3199 3688 4201 4591 4830 5284 5554 5881 6178 6211 6375 6215 6176 5756 5582 5346 4985 4748 4200 3906 3528 3240 2851 2628 2293 2034 1763 1644 1404 1251 1096 981 859 815 662 556 485 404 364 310 261 226 214 169 158 137 140 105 88 70 71 61 57 55 43 32 26 26 23 25 23 17 18 15 12 10 8 11 7 10 3 6 3 8 4 5 3 3 4 3 1 4 3 2 3 2 5 0 2 1 2 2 1 0 0 0 0 0 0 0 0 0 0 0 
0 0 25 82 90 82 104 179 297 383 482 505 752 1014 1189 1532 1918 2336 2712 3081 3471 4111 4481 4831 5197 5621 5980 6199 6180 6260 6211 6050 5909 5804 5457 5012 4696 4277 3936 3553 3275 2827 2622 2273 2089 1785 1593 1416 1261 1098 923 862 740 660 528 459 470 394 340 251 251 184 179 172 143 131 89 79 72 65 57 46 40 33 39 33 24 20 25 15 16 15 14 5 2 7 6 5 7 3 5 3 3 1 2 1 1 1 1 1 2 0 0 0 1 0 2 0 0 1 1 3 1 1 1 0 1 0 0 0 0 0 1 0 0 0 0 0 0 0 0 0 1 0 
0 0 17 69 103 74 126 209 333 417 575 706 887 1060 1402 1794 2136 2588 2984 3436 3829 4373 4913 5190 5707 5833 6122 6268 6461 6424 5996 5957 5830 5375 5142 4736 4372 3857 3655 3327 2999 2665 2321 2068 1836 1678 1521 1260 1117 1018 855 701 673 539 518 469 374 355 302 255 218 213 165 143 126 112 86 69 61 61 69 43 48 32 17 17 25 27 15 14 9 13 16 6 9 9 8 6 1 1 8 5 3 5 3 4 1 4 0 4 2 2 1 1 2 2 0 1 0 1 0 0 0 0 0 1 0 0 0 
0 0 13 78 93 73 89 195 345 423 452 547 792 1097 1337 1611 1651 1881 2486 3001 3395 3803 4099 4541 5133 5375 5710 5737 5934 6053 6056 5911 5806 5645 5369 4838 4578 4280 4112 3595 3385 2995 2641 2307 2239 2026 1782 1500 1448 1239 1034 884 845 726 649 544 504 440 391 352 268 220 224 203 131 157 118 115 92 60 73 63 54 45 40 23 28 31 31 25 21 19 15 9 9 7 9 11 5 8 5 4 3 1 1 3 0 1 0 0 0 0 0 0 0 0 0 0 0 
0 0 30 76 89 151 181 259 384 440 491 658 851 1085 1347 1768 2028 2251 2441 3009 3390 3762 4159 4501 5113 5397 5514 5674 5776 5889 5891 5749 5512 5368 5191 4678 4616 4136 3899 3433 3166 2977 2654 2401 2012 1881 1724 1451 1296 1174 1019 890 765 726 649 529 513 425 383 335 287 261 227 199 196 175 130 120 111 109 90 79 68 60 51 40 35 25 25 25 18 20 20 11 16 13 8 10 8 9 4 3 3 6 2 3 5 4 1 2 3 1 3 1 2 0 0 2 0 0 1 0 0 0 0 0 0 0 0 0 0 0 
0 0 10 59 89 90 71 105 177 241 312 341 532 746 981 1197 1339 1598 2026 2522 2858 3226 3681 4133 4631 4864 5250 5570 5904 6027 6164 6078 6068 6099 5751 5496 5131 4793 4520 4169 3706 3409 3113 2698 2394 2213 1951 1807 1511 1337 1195 1045 870 867 663 634 534 448 442 362 292 268 264 191 170 153 141 109 85 83 71 61 53 55 31 28 28 30 16 18 18 9 21 8 10 7 9 4 7 6 4 4 5 3 2 1 0 1 2 1 2 1 1 0 0 0 0 0 0 0 0 0 0 0 
0 0 29 91 128 113 111 211 412 540 611 803 995 1336 1638 1937 2343 2756 3268 3727 4127 4617 4990 5345 5620 5864 6132 6223 6240 6051 5858 5628 5595 5287 4956 4597 4184 3928 3583 3074 2821 2597 2218 2087 1766 1560 1394 1264 1108 868 821 748 645 573 481 391 351 332 260 247 187 176 175 147 113 115 102 88 75 68 50 56 54 37 33 24 21 27 15 17 9 9 8 7 9 7 6 1 3 5 1 2 1 1 1 0 3 1 0 0 1 0 0 0 0 0 0 0 0 0 0 0 
0 0 32 51 123 103 109 237 423 509 552 611 766 978 1346 1492 1857 2237 2554 2996 3185 3835 4252 4673 4977 5405 5701 5895 5892 6108 6023 5883 5671 5554 5310 4918 4617 4250 3910 3594 3113 2939 2624 2305 2031 1852 1638 1459 1326 1119 984 857 784 708 582 555 439 433 356 311 290 251 227 176 167 145 124 113 99 87 68 55 49 50 45 48 29 27 36 24 24 18 14 18 18 10 17 12 8 4 10 2 2 3 3 1 1 3 1 2 2 0 0 1 2 1 3 0 0 0 0 0 0 1 0 0 0 1 1 0 0 0 0 0 0 0 0 0 0 0 
0 0 24 66 110 96 103 117 257 393 564 652 844 1209 1633 1933 2202 2354 2988 3618 3983 4490 4872 5049 5555 5779 6000 6158 6251 6194 6034 5945 5719 5304 5103 4813 4444 3885 3622 3314 3026 2694 2378 2059 1874 1655 1451 1301 1114 998 872 808 661 609 523 421 396 361 269 280 237 193 166 136 107 135 88 80 81 71 49 59 33 39 34 26 20 20 7 16 8 8 14 13 5 2 5 5 2 1 1 3 1 3 3 3 2 0 0 2 0 0 1 0 0 0 0 0 0 0 0 0 0 0 
0 0 15 66 86 81 94 148 272 380 430 471 673 983 1289 1483 1855 2281 2650 3108 3552 4039 4467 4872 5556 5560 5867 6039 6229 6437 6417 6071 5939 5538 5361 5128 4736 4350 4092 3558 3324 2931 2662 2381 1946 1787 1667 1389 1235 1039 920 851 731 582 514 462 437 389 301 276 235 196 181 160 126 117 102 97 88 52 80 64 45 32 37 27 24 14 27 18 16 17 11 7 13 7 5 7 3 4 2 2 4 3 2 2 2 0 2 1 0 1 0 0 0 0 0 0 0 0 0 0 0 
0 0 24 72 94 87 111 242 291 383 470 665 949 1204 1237 1430 1777 2239 2757 3159 3610 4083 4356 4839 5302 5562 5842 5990 5980 6059 6110 5958 5770 5507 5266 4889 4547 4266 3935 3668 3292 2870 2620 2223 2051 1954 1621 1461 1317 1113 1011 834 770 704 549 476 403 376 353 301 245 205 173 173 156 133 108 96 89 86 61 56 55 47 41 48 27 26 20 17 27 21 13 7 5 10 12 5 7 6 1 2 1 2 1 0 0 1 0 0 0 0 0 1 0 0 0 0 0 0 0 0 0 0 0 
0 0 21 71 106 118 218 374 561 707 814 1044 1334 1599 1911 2208 2560 3265 3688 4030 4416 4817 5242 5619 5881 5883 6170 6164 6122 6061 5738 5742 5324 5087 4574 4249 3847 3575 3154 2925 2689 2250 2095 1816 1603 1388 1255 1058 937 840 755 628 583 470 424 363 356 310 248 208 208 145 159 137 123 92 97 67 60 55 48 60 25 42 34 31 30 25 17 21 9 13 13 12 9 7 4 6 7 1 2 2 5 3 2 0 4 3 3 2 2 2 1 0 2 0 1 0 0 0 0 0 0 0 0 0 0 0 
0 0 23 91 126 102 121 220 331 441 595 834 1031 1299 1578 1989 2495 2997 3352 3611 4079 4608 5099 5494 5762 5919 6057 6099 6190 6143 6015 5793 5471 5223 5004 4497 4178 3861 3536 3114 2801 2506 2293 1991 1820 1515 1454 1182 1029 966 788 668 620 515 494 441 320 290 260 219 205 178 143 134 112 87 92 75 56 69 48 33 34 23 28 33 17 12 10 17 9 13 5 4 5 4 6 1 2 5 3 2 1 2 2 2 2 0 4 1 2 0 0 1 0 0 0 0 0 0 0 0 0 0 0 
0 0 17 77 97 113 164 246 345 425 550 674 906 1134 1418 1795 2227 2675 2959 3372 3824 4255 4925 5377 5618 5955 5965 6204 6366 6257 6127 6133 5745 5339 5051 4924 4246 4050 3713 3392 2940 2723 2303 2093 1904 1701 1464 1181 1134 1020 911 735 673 581 581 432 388 353 310 272 242 209 173 154 111 110 117 81 78 72 54 44 49 44 41 30 22 14 18 20 10 8 8 10 6 7 3 4 5 3 1 1 2 1 2 2 0 1 0 0 0 1 0 0 0 0 0 0 0 
0 0 30 90 116 132 179 278 385 518 655 810 1070 1385 1663 2008 2361 2846 3246 3655 4163 4617 4925 5173 5517 5904 6012 6276 6023 6143 5836 5879 5532 5182 4958 4611 4174 3757 3496 3106 2940 2527 2216 2058 1811 1643 1428 1178 1049 944 864 740 635 602 512 458 377 352 285 243 234 190 166 158 107 114 100 66 90 57 50 57 35 41 36 26 19 19 21 16 15 6 14 10 9 8 4 8 3 2 3 3 0 2 0 0 0 1 0 0 0 1 0 0 0 0 0 1 0 0 0 0 0 1 0 
0 0 23 76 117 86 128 279 391 454 606 702 975 1224 1473 1686 2156 2496 2862 3250 3812 4147 4658 5189 5453 5702 5873 6085 6099 5983 5969 5910 5628 5348 4925 4658 4238 3987 3685 3285 3046 2705 2527 2183 1975 1783 1530 1343 1233 1092 1014 837 706 696 575 498 440 383 357 340 260 234 200 166 163 114 136 120 79 71 87 48 50 55 28 24 26 27 19 16 16 9 13 6 11 8 11 9 3 4 5 5 3 3 1 1 1 0 5 1 2 1 2 2 2 0 0 1 0 0 0 1 1 0 0 0 0 0 0 0 0 0 0 
0 0 16 57 72 89 95 183 326 447 628 651 805 1006 1427 1749 2095 2343 2679 3155 3638 4023 4410 4856 5193 5497 5815 5938 6033 6077 6025 5903 5584 5293 5228 4699 4573 4179 3778 3440 3245 2930 2522 2271 2036 1748 1660 1480 1248 1062 939 851 727 696 577 465 447 348 326 313 238 209 197 178 129 117 116 86 77 77 60 50 49 27 29 29 28 19 20 17 11 12 12 9 8 10 4 3 4 4 4 3 3 1 3 3 0 2 2 2 1 1 1 0 0 0 0 0 0 0 0 0 0 0 
0 0 21 74 105 94 114 216 309 447 601 730 896 1092 1249 1601 1934 2422 2642 3145 3624 4153 4640 4901 5285 5388 5915 5795 6163 6143 6166 5903 5802 5523 5214 4789 4454 4196 3821 3519 3191 2686 2535 2285 2033 1803 1559 1398 1188 1037 980 773 734 622 526 480 466 414 313 303 270 236 201 183 133 151 108 104 103 78 73 50 43 50 48 45 28 30 15 17 14 17 10 12 9 10 6 5 3 2 4 4 4 4 3 5 1 1 1 3 2 1 3 0 0 1 0 1 1 1 0 0 0 2 0 0 0 0 1 0 0 0 0 0 2 0 0 0 0 0 0 0 0 0 0 0 
0 0 28 84 137 113 131 288 425 580 692 868 1227 1606 1847 2155 2535 3062 3495 4093 4229 4912 5313 5562 5970 6100 6147 6190 6071 6036 5951 5696 5402 5003 4660 4310 3908 3627 3227 2980 2646 2359 2012 1836 1544 1457 1242 1117 966 796 795 635 587 499 411 378 361 290 265 219 182 162 106 116 124 113 78 66 55 56 52 52 27 24 29 19 12 12 16 17 9 11 8 9 3 7 5 8 1 3 2 0 1 0 1 0 1 1 1 0 0 1 0 1 0 0 0 0 0 0 0 0 0 0 0 
0 0 39 55 119 112 97 126 293 473 598 659 782 1100 1607 1954 2269 2425 2944 3534 4026 4417 4531 4887 5363 5670 6006 5910 5806 5933 5941 5907 5577 5301 4913 4759 4428 4069 3586 3356 3016 2712 2399 2198 1822 1673 1496 1328 1123 1005 878 796 660 579 480 464 373 339 279 302 206 189 179 160 147 110 98 99 82 77 59 48 40 34 33 22 19 14 14 16 9 9 6 6 7 6 6 1 2 1 1 0 0 0 2 0 0 0 1 0 0 0 1 0 0 0 0 0 0 0 0 0 0 0 
0 0 27 76 117 116 148 322 389 450 462 646 935 1161 1350 1491 1957 2379 2866 3100 3535 3852 4518 4891 5320 5354 5582 5794 6061 6228 5992 5942 5682 5382 5143 4799 4557 4245 3944 3358 3158 2911 2545 2433 2104 1751 1535 1407 1219 1041 967 789 739 667 510 467 415 375 322 289 260 192 166 167 143 112 107 99 87 78 56 57 48 44 35 37 24 21 24 18 16 16 14 4 5 10 7 9 2 1 4 4 1 1 1 0 4 1 0 1 1 1 1 1 1 0 0 2 0 0 0 0 0 0 0 0 0 0 0 
0 0 16 62 108 109 90 148 240 367 453 577 770 1031 1298 1569 1817 2237 2620 3021 3439 3795 4237 4532 5082 5394 5606 5815 6054 6121 5877 5873 5865 5566 5374 4883 4652 4342 3974 3703 3291 2973 2638 2360 2172 1884 1677 1467 1217 1153 1057 926 770 725 555 559 455 393 357 273 285 247 222 186 150 159 115 100 104 89 58 76 58 60 47 41 41 23 22 25 14 14 13 13 7 11 8 4 3 3 4 4 5 4 5 7 5 1 1 0 1 1 7 0 0 0 1 0 0 1 0 0 0 0 0 0 0 0 0 0 0 
0 0 27 57 102 135 243 258 304 386 679 894 1126 1352 1624 1901 2357 2794 3194 3739 4238 4699 4969 5443 5750 6100 6137 6170 6263 6154 6009 5684 5609 5223 4966 4517 4321 3707 3482 3117 2836 2388 2214 1966 1721 1568 1345 1170 1084 887 849 703 602 578 496 432 371 316 256 228 218 164 139 148 120 102 85 79 70 61 55 49 33 36 21 26 17 17 22 13 13 9 8 7 5 5 5 2 4 4 4 1 0 1 0 1 0 0 0 1 0 0 0 0 0 0 0 0 0 0 0 
0 0 21 61 79 77 86 197 421 539 534 663 987 1326 1657 1957 2145 2538 3178 3560 3862 4341 4788 5204 5678 5791 5892 6097 6193 6057 6111 5687 5575 5217 4934 4668 4228 3894 3708 3344 2883 2633 2368 2065 1885 1623 1493 1269 1167 979 879 773 636 603 504 466 396 348 288 240 216 188 139 141 127 102 90 80 70 62 51 37 40 23 36 29 24 14 14 14 11 7 4 8 9 7 0 1 3 6 2 1 1 1 0 1 3 1 1 0 0 0 0 0 0 0 0 0 0 0 
0 0 24 71 92 101 116 184 290 366 506 707 868 1049 1318 1652 2042 2528 2945 3425 3801 4195 4626 5171 5569 5856 6022 6308 6304 6382 6269 6082 5630 5488 5085 4813 4378 4163 3748 3352 2952 2727 2357 2120 1876 1689 1514 1352 1141 990 820 784 707 644 479 457 388 368 295 292 241 154 181 152 136 113 103 75 76 72 64 61 40 31 39 23 27 18 22 9 8 17 8 8 10 8 9 7 4 4 2 1 3 2 4 1 3 0 1 1 2 0 1 0 0 0 1 1 0 0 0 0 0 0 0 0 0 0 0 
0 0 22 80 112 102 125 275 425 574 542 717 951 1300 1504 1851 2050 2540 2993 3339 3824 4387 4503 5000 5383 5563 5796 5948 5972 5951 5883 5706 5570 5197 4892 4620 4450 3957 3622 3299 2970 2648 2442 2200 1927 1729 1568 1283 1244 1108 926 824 783 660 500 482 402 349 346 292 234 210 193 155 134 124 113 85 72 72 66 55 46 39 35 24 21 24 24 21 14 7 14 12 11 8 7 7 6 4 1 2 2 4 1 1 2 1 1 0 2 1 0 2 0 1 1 0 0 1 0 0 0 0 0 0 0 0 
0 0 24 77 111 95 114 201 365 431 581 694 900 1140 1518 1945 2272 2476 2795 3356 3800 4345 4776 5007 5394 5639 6058 6105 6061 5955 6056 5947 5584 5150 4920 4590 4484 4040 3612 3270 2971 2663 2436 2223 1936 1635 1492 1358 1181 994 892 765 718 595 572 474 399 331 322 259 242 196 160 152 135 114 98 95 71 76 67 51 41 43 26 27 20 16 21 23 16 7 10 7 12 9 4 5 9 7 3 0 7 6 1 4 1 3 0 0 1 2 0 1 0 0 0 0 1 1 0 0 0 0 0 0 0 0 0 0 0 
0 0 22 76 100 74 113 201 354 469 534 685 884 1152 1420 1734 2077 2484 2989 3399 4091 4466 4763 5147 5568 5843 6303 6382 6130 6213 6154 5932 5732 5445 5030 4729 4345 3901 3569 3237 3004 2656 2340 2108 1819 1594 1475 1299 1122 1029 810 791 665 601 549 459 386 329 334 266 227 196 157 182 124 106 102 86 71 62 62 62 39 47 33 31 15 19 20 12 7 4 9 6 7 3 3 3 6 5 1 1 7 6 0 1 1 3 1 0 0 1 0 0 0 0 0 1 0 0 1 1 0 1 0 0 0 0 1 0 0 1 0 0 0 0 0 0 0 0 0 0 0 
0 0 29 74 135 120 103 143 329 530 630 784 794 1043 1534 1927 2233 2555 2918 3468 3992 4417 4721 5092 5555 5867 6041 6088 6068 6082 6042 5913 5653 5248 4989 4702 4375 4043 3682 3312 2946 2685 2368 2126 1776 1704 1465 1317 1125 979 886 740 662 564 522 457 407 376 295 259 215 200 169 137 135 103 88 86 65 68 49 32 50 32 28 22 23 17 13 6 13 13 11 7 9 7 4 4 3 7 2 3 1 5 0 1 1 1 0 0 1 1 0 1 0 0 1 0 0 0 0 0 0 1 0 0 0 0 0 0 0 0 0 0 0 
0 0 22 61 106 81 114 198 343 494 602 746 962 1327 1681 1893 2289 2733 3110 3877 4169 4434 4872 5211 5630 5912 6046 6061 6270 6246 5993 5736 5524 5340 5012 4637 4205 4025 3523 3227 2836 2673 2289 2026 1777 1633 1466 1257 1098 975 816 752 649 558 506 435 334 328 280 248 182 208 189 153 111 120 86 81 63 64 51 42 53 30 30 18 21 13 11 16 13 16 5 13 9 6 4 7 7 3 3 3 2 5 6 4 0 0 1 0 1 0 1 0 1 0 0 0 0 2 0 0 0 0 0 0 0 1 0 0 0 0 0 0 0 0 0 0 0 
0 0 24 56 94 104 179 261 418 546 718 959 1185 1427 1601 1974 2425 2851 3203 3572 4079 4540 5072 5437 5607 5664 5869 6092 6020 5830 5860 5593 5353 5112 4659 4333 4074 3648 3384 3135 2787 2476 2273 1985 1815 1589 1421 1303 1080 936 867 760 656 532 522 441 363 328 306 254 218 199 170 144 129 120 76 85 88 60 52 55 43 29 40 26 20 25 24 28 9 11 13 9 14 14 12 11 6 4 5 6 5 3 6 5 2 5 3 2 0 1 1 2 0 2 0 0 0 0 0 0 0 0 0 0 0 
0 0 18 61 84 79 66 127 238 354 392 471 679 958 1242 1390 1485 2018 2333 2844 3198 3510 3976 4331 4676 4926 5213 5453 5725 5845 5828 5733 5659 5497 5212 5021 4725 4476 4099 3801 3441 3163 2878 2541 2336 2076 1873 1653 1552 1349 1156 972 913 840 682 599 516 498 420 373 308 307 256 216 189 177 138 122 106 119 83 82 65 70 58 39 36 32 33 23 23 20 19 14 15 14 16 6 8 6 5 5 7 9 3 1 5 5 1 5 2 0 2 0 1 0 0 0 1 1 0 0 0 0 0 1 0 0 0 0 0 0 0 0 0 0 0 
0 0 34 65 89 101 149 214 276 391 505 656 860 1147 1379 1791 2212 2471 2794 3096 3631 4112 4453 4969 5160 5379 5763 5902 6059 6093 5974 5733 5520 5493 5042 4744 4527 4004 3849 3379 3166 2862 2531 2293 2003 1783 1598 1383 1342 1129 952 852 768 655 593 512 441 397 353 319 253 224 180 169 144 130 110 94 84 77 69 65 42 61 40 41 35 35 27 15 22 15 13 16 4 7 5 10 4 6 1 4 2 2 3 4 2 2 1 1 2 0 2 1 2 1 1 1 1 0 0 3 0 0 0 0 0 0 0 0 0 0 0 
0 0 26 87 114 99 112 183 334 361 506 689 929 1135 1291 1491 2091 2565 2951 3304 3497 4013 4623 5111 5465 5640 6000 6117 6456 6120 6169 6106 5788 5585 5293 4846 4483 4080 3769 3490 3125 2805 2525 2185 1934 1768 1517 1341 1221 988 904 837 661 653 518 456 393 342 300 239 212 221 178 173 116 122 90 93 87 78 57 63 39 38 32 28 22 16 16 17 13 11 7 7 8 10 7 8 1 5 6 4 2 1 1 3 1 4 0 0 0 2 0 0 0 0 0 0 0 2 0 0 0 0 1 1 0 0 0 0 0 0 1 0 0 0 1 1 0 1 0 0 1 0 0 0 0 0 0 0 0 0 
0 0 23 70 92 94 88 163 391 550 666 670 955 1165 1615 1879 2317 2674 2968 3422 3834 4502 4872 5097 5372 5703 5999 6193 6316 6068 6021 5863 5637 5420 5045 4658 4356 3950 3725 3305 2967 2609 2360 2145 1934 1680 1505 1267 1150 1013 867 749 691 563 531 468 409 364 337 293 204 192 179 169 144 101 84 92 94 69 63 46 31 37 42 20 33 25 14 19 16 13 9 17 6 8 5 6 2 10 1 3 1 1 3 1 0 2 0 1 0 1 0 0 0 0 0 0 0 0 0 0 0 
0 0 20 49 89 89 85 119 300 419 492 576 870 1279 1492 1514 2008 2427 2842 3318 3650 4152 4493 4836 5377 5620 5962 6066 6011 6041 5955 5952 5859 5348 4971 4863 4551 4121 3858 3396 3102 2839 2553 2321 2041 1828 1530 1397 1263 1149 936 807 737 653 561 474 444 382 335 264 264 212 173 153 138 121 96 94 80 65 80 53 41 33 49 37 26 18 22 28 9 11 10 11 9 8 3 4 4 3 3 5 2 0 1 4 1 2 1 0 1 0 0 0 0 1 0 0 0 2 0 0 0 0 0 0 0 0 0 0 0 
0 0 21 79 118 117 139 247 450 727 776 842 1150 1449 1766 1994 2357 2906 3263 3738 4184 4656 5100 5327 5611 5936 6206 6216 6169 6155 5855 5761 5539 5230 4913 4468 4127 3574 3454 3105 2811 2529 2190 2003 1696 1583 1369 1181 1046 970 857 737 642 562 451 408 347 308 283 236 203 172 160 129 144 103 75 82 79 56 41 46 34 44 33 26 22 20 19 13 17 20 14 5 8 2 9 3 3 3 5 8 3 2 2 5 2 1 3 0 1 2 1 0 0 2 0 0 0 0 0 0 0 0 1 0 0 
0 0 21 73 99 85 83 116 199 278 360 416 569 887 1270 1528 1825 2046 2447 2766 3471 3865 4175 4539 4995 5391 5638 5770 6066 6182 6269 6085 5891 5593 5353 5247 4907 4549 4195 3774 3458 3160 2828 2491 2232 2004 1758 1621 1346 1289 1126 954 871 740 621 535 465 410 337 288 275 237 187 187 163 132 123 107 80 60 62 52 62 44 35 27 29 28 19 18 7 13 15 14 4 4 8 5 6 4 7 3 5 2 1 5 1 3 1 1 1 2 1 1 0 0 0 0 0 0 0 0 0 0 0 
0 0 31 66 110 135 201 322 407 574 704 1049 1266 1538 1809 2041 2462 2893 3222 3874 4192 4459 4966 5370 5677 5771 5884 6022 5983 5927 5830 5571 5364 5082 4836 4320 4005 3703 3380 3022 2719 2520 2203 2004 1734 1533 1329 1172 1076 935 771 695 655 571 431 404 358 342 291 227 197 159 177 142 125 127 104 77 70 63 54 53 48 38 27 24 18 17 20 16 16 16 5 12 8 9 4 7 4 3 1 2 1 2 1 3 1 1 0 1 1 0 2 0 0 0 1 1 0 0 1 0 0 1 0 0 0 0 0 0 0 0 0 0 0 
0 0 39 90 123 103 116 186 279 373 384 593 796 988 1346 1689 1945 2183 2620 3093 3605 4181 4372 4790 5369 5487 5768 6100 5955 6024 5930 5822 5791 5439 5185 4804 4548 4208 3939 3514 3231 2909 2553 2295 2050 1892 1581 1443 1251 1166 1005 869 758 647 565 497 477 422 357 316 261 212 218 168 162 137 118 102 105 69 63 58 64 49 35 19 33 32 25 15 20 22 9 14 6 12 13 9 5 1 2 7 6 4 0 3 0 0 2 0 0 0 1 0 1 0 1 0 0 2 0 0 0 0 0 0 1 0 0 0 0 0 0 0 0 0 0 0 
0 0 24 51 85 67 76 136 248 308 389 558 700 816 1018 1375 1801 2127 2409 2863 3483 3832 4250 4897 5190 5620 5831 6117 6150 6285 6170 6052 6110 5761 5350 5257 4724 4590 4096 3875 3293 3149 2817 2536 2247 1970 1737 1560 1354 1199 1078 933 804 693 636 559 450 455 367 285 264 241 199 176 166 143 111 85 82 76 65 62 56 46 46 34 31 28 21 14 21 17 17 14 14 10 12 7 7 9 2 7 4 2 4 3 3 2 1 4 1 0 1 1 1 0 0 2 0 0 2 0 0 2 1 0 0 1 0 1 0 1 0 0 1 0 0 0 0 1 0 0 0 0 0 0 0 0 0 0 0 
0 0 33 116 148 131 148 277 483 712 768 917 1299 1615 2051 2317 2726 3126 3672 4022 4479 4859 5089 5359 5766 6008 5968 6158 5957 5939 5565 5547 5103 4834 4431 4177 3876 3678 3130 2861 2607 2316 2102 1817 1663 1495 1340 1084 968 916 796 688 597 548 443 428 384 303 285 240 207 187 132 156 125 117 106 59 71 61 45 51 31 23 22 22 10 17 12 13 12 9 6 8 6 11 6 3 2 3 5 4 5 1 1 4 1 2 3 3 0 0 0 0 0 0 0 0 0 0 0 
0 0 22 67 85 94 156 291 412 489 544 760 1049 1433 1692 1974 2441 2848 3345 3794 4257 4764 5125 5489 5945 6171 6246 6314 6130 6238 6091 5863 5567 5123 4775 4428 4007 3762 3397 3067 2755 2413 2185 1948 1667 1482 1315 1099 1014 926 792 649 621 571 453 410 361 299 273 237 206 150 156 119 150 135 107 80 69 64 66 38 50 35 26 25 29 31 14 16 10 11 12 9 5 9 4 2 3 4 2 3 1 2 2 3 2 2 3 2 1 0 1 1 2 0 0 1 0 0 1 0 0 0 0 0 0 0 0 0 0 0 
0 0 29 63 100 104 139 254 409 502 644 878 1111 1458 1771 2220 2625 2936 3337 3903 4372 4864 5216 5518 5881 6224 6243 6467 6410 6199 6155 5902 5493 5129 4802 4513 4152 3754 3329 3091 2699 2453 2108 1877 1673 1536 1331 1178 1027 899 801 702 668 549 472 400 334 296 240 222 217 169 152 126 122 96 69 87 46 52 48 44 36 29 20 20 19 15 17 10 9 8 7 11 4 8 5 2 6 6 3 2 3 3 4 2 2 1 2 2 1 4 0 0 4 0 0 0 0 0 1 0 0 1 0 1 0 0 0 1 0 0 0 0 0 0 0 0 0 0 0 
0 0 25 81 97 100 101 186 293 469 611 800 1095 1324 1565 1893 2261 2686 3106 3717 4048 4342 4889 5323 5624 5907 6046 6375 6302 6303 6065 5959 5693 5331 5138 4707 4253 4055 3610 3317 2882 2546 2302 2074 1789 1723 1417 1312 1064 927 805 704 646 599 522 411 360 296 298 255 253 176 141 160 153 109 103 85 73 52 68 55 40 33 31 22 32 15 15 13 16 9 9 8 6 8 10 6 4 4 4 5 2 2 2 4 3 1 2 2 1 2 2 1 0 0 0 0 0 0 0 0 0 0 0 
0 0 28 66 103 97 138 277 475 610 674 827 1187 1561 1973 2240 2599 2929 3524 3956 4551 4885 5205 5683 5847 6025 6263 6246 6132 6124 5885 5701 5504 5054 4714 4263 4067 3577 3166 2962 2597 2383 2105 1847 1581 1390 1260 1142 976 842 729 677 557 461 438 365 361 297 282 218 199 163 149 142 129 95 85 87 74 62 49 45 38 32 18 16 15 24 16 7 11 7 5 3 5 8 1 6 1 1 4 2 2 1 2 0 0 0 2 0 0 0 0 0 0 0 0 1 0 0 
0 0 33 88 112 99 150 288 482 639 714 905 1114 1563 1884 2252 2495 3005 3409 3757 4218 4735 5237 5475 5801 6003 6101 6194 6068 5969 5912 5651 5450 5022 4859 4419 4126 3690 3360 3095 2723 2512 2073 1912 1706 1476 1348 1161 1044 875 752 668 589 509 446 384 357 298 277 208 215 170 146 136 96 117 95 77 76 50 50 45 56 33 31 25 20 34 29 18 12 13 14 9 5 8 4 4 6 3 1 1 3 1 4 2 0 2 3 3 3 0 0 1 1 3 0 1 1 0 0 1 0 0 0 1 0 0 0 0 0 0 0 0 0 0 0 
