0 0 36 67 85 107 138 167 206 319 506 646 849 1013 1198 1681 2041 2350 2644 2960 3497 3948 4293 4641 5080 5356 5600 5721 5795 5846 5991 5885 5685 5287 5196 4952 4668 4290 3852 3603 3253 2998 2611 2397 2126 1848 1705 1475 1393 1232 1030 953 822 682 634 564 465 402 380 323 298 246 209 184 182 139 128 107 102 96 62 67 69 44 46 35 27 40 28 24 24 17 14 12 14 11 15 9 5 3 9 3 8 1 1 4 1 1 1 0 3 0 0 0 0 0 0 0 1 0 0 0 0 0 0 0 0 0 0 0 
0 0 47 111 195 194 240 389 602 742 864 1097 1315 1570 1929 2261 2630 3048 3445 4085 4369 4884 5225 5392 5674 5961 6138 6027 5990 5998 5689 5602 5368 4914 4624 4189 3806 3637 3185 2883 2547 2216 2069 1826 1660 1359 1210 1147 1033 874 730 657 611 528 446 432 354 314 261 237 210 189 148 123 96 102 79 77 60 57 48 53 33 37 34 27 19 26 17 13 15 14 9 4 7 9 8 3 5 3 7 5 3 4 3 1 4 2 2 1 1 1 2 2 0 1 0 0 0 0 0 0 0 0 0 0 0 
0 0 27 75 95 115 183 299 398 461 551 675 988 1432 1679 1819 2096 2501 2987 3563 3977 4508 4883 5155 5456 5758 6061 6123 6130 6124 6051 5845 5456 5244 4946 4513 4227 3931 3578 3166 2903 2673 2335 2105 1867 1630 1481 1349 1108 959 876 789 664 615 537 499 425 339 319 276 249 216 183 146 118 99 100 74 79 65 63 46 42 36 24 21 36 15 20 16 7 12 7 8 12 6 6 9 2 3 1 1 3 1 0 0 1 1 1 0 0 0 0 0 0 0 0 0 0 
0 0 23 91 121 97 130 321 493 593 663 832 1228 1553 1866 1960 2414 2924 3501 3960 4386 4696 5226 5710 5772 5984 6236 6241 6246 6235 5907 5757 5380 5073 4797 4396 4039 3620 3315 3014 2771 2457 2142 1948 1716 1543 1232 1131 1010 994 782 645 595 557 498 411 369 318 251 243 196 165 158 151 113 103 67 79 62 63 37 39 47 29 34 24 20 23 15 9 12 9 13 8 6 6 4 4 1 3 4 6 0 2 3 0 3 1 1 0 0 1 0 0 0 0 1 0 0 0 1 0 0 0 0 0 0 0 0 0 0 0 
0 0 23 79 108 97 113 200 339 496 581 641 816 1140 1611 1962 2147 2447 2947 3660 4027 4482 4856 5126 5545 5828 6125 6199 6290 6201 6050 5950 5674 5442 5121 4804 4330 4071 3675 3297 2956 2766 2379 2042 1892 1637 1439 1349 1155 1031 884 765 641 584 537 492 372 304 291 263 202 200 176 149 135 114 98 80 72 59 45 51 37 43 26 24 15 22 16 13 10 9 11 9 7 5 5 3 3 0 5 0 0 1 0 0 2 0 0 0 0 0 0 0 0 0 0 0 
0 0 20 58 86 130 245 339 452 594 664 851 1199 1557 1831 2221 2486 3068 3609 4289 4555 4821 5219 5722 5979 6194 6256 6194 6298 6288 6012 5739 5373 5236 4848 4351 4006 3564 3277 2961 2620 2263 2102 1878 1613 1443 1260 1143 958 840 756 604 563 510 414 394 368 284 233 250 195 163 137 145 107 87 92 76 59 69 39 33 41 27 28 21 20 17 17 9 17 14 8 6 6 6 7 5 3 3 2 2 2 1 0 1 0 0 0 0 1 0 0 0 0 0 1 0 0 0 0 0 0 1 0 0 0 0 0 0 0 0 0 0 0 
0 0 25 65 97 80 95 204 323 429 427 458 611 908 1115 1346 1632 1951 2337 2760 3119 3444 3815 4272 4576 5039 5396 5553 5645 5785 6086 5811 5645 5630 5355 5265 4854 4524 4200 3800 3572 3298 3035 2605 2250 2134 1774 1694 1458 1261 1089 1032 911 812 687 625 542 454 427 334 299 279 228 196 188 153 137 115 99 94 86 66 58 49 35 39 42 32 25 24 16 21 15 29 8 7 11 9 3 4 7 6 2 2 5 2 1 2 1 2 0 2 1 0 2 1 1 1 0 0 0 1 0 0 0 0 0 1 0 0 0 0 2 0 0 1 1 0 0 0 1 0 0 0 0 0 0 1 0 0 0 0 
0 0 26 73 97 99 162 359 583 706 711 828 1191 1650 1886 2107 2413 2876 3370 3874 4076 4566 5103 5379 5701 5913 6061 6134 6008 5936 5901 5574 5404 4975 4560 4466 4060 3606 3269 3075 2740 2420 2175 1951 1685 1554 1325 1215 1001 940 752 675 611 539 472 386 402 321 283 242 233 179 165 149 140 120 95 96 76 54 51 49 43 33 28 26 30 21 15 16 17 15 8 10 6 4 4 4 4 1 3 2 2 2 1 1 0 0 1 1 0 1 0 0 0 0 0 0 0 0 0 0 0 
0 0 25 73 92 81 125 241 321 404 460 700 1033 1246 1510 1862 2281 2735 3067 3690 3876 4539 4989 5367 5685 6058 6092 6364 6352 6277 6111 5981 5753 5445 5060 4732 4297 3958 3663 3296 2842 2653 2371 2066 1807 1602 1478 1267 1080 987 853 742 664 619 530 422 351 327 290 236 222 178 172 150 138 86 94 68 58 72 49 44 39 34 34 21 18 20 16 14 12 15 8 6 3 3 1 5 4 2 2 0 4 1 1 0 2 0 0 2 0 0 0 0 0 0 1 0 0 0 0 0 0 0 0 0 0 0 
0 0 22 75 133 110 146 252 413 564 619 819 1008 1401 1745 2170 2449 2789 3276 3630 4178 4704 4947 5422 5674 5987 6110 6299 6125 6129 5985 5908 5680 5271 4908 4355 4136 3792 3491 3122 2880 2425 2206 2060 1763 1607 1378 1123 1162 960 858 708 625 552 458 432 350 332 261 265 207 203 185 133 128 97 101 86 69 68 63 47 46 42 28 31 17 27 21 24 18 13 19 12 10 7 7 9 6 4 5 2 6 2 1 5 3 0 4 2 3 0 1 1 0 0 3 2 1 0 3 2 1 1 2 1 0 1 0 1 0 1 1 1 0 0 0 0 0 1 0 0 0 1 0 0 0 0 0 1 0 0 
0 0 28 66 91 107 136 241 422 618 632 837 1115 1393 1871 2075 2303 2945 3309 3777 4288 4702 5124 5562 5784 6141 6178 6304 6138 6165 5888 5845 5607 5220 4862 4539 4226 3845 3486 3067 2785 2573 2233 1957 1712 1472 1348 1146 1021 899 756 691 586 498 453 423 347 277 243 211 212 164 159 128 106 96 83 69 65 60 46 36 34 34 42 29 18 17 15 16 10 11 9 10 10 3 7 4 3 5 0 3 1 1 0 0 1 0 1 0 0 0 0 0 0 0 0 0 0 0 
0 0 22 77 94 93 66 165 349 440 523 634 914 1155 1592 1858 2152 2534 2897 3370 3929 4271 4681 4960 5308 5724 6042 6204 6181 6288 5992 6105 5721 5527 5214 4802 4447 4123 3710 3447 3072 2627 2399 2210 1924 1697 1576 1311 1178 1019 929 847 713 602 535 461 392 340 309 267 241 204 165 151 131 116 111 99 79 67 49 62 49 42 29 32 16 24 21 8 11 8 13 8 6 9 2 7 5 3 1 2 2 1 2 0 2 1 1 0 0 0 0 1 0 0 0 0 2 0 0 0 0 0 0 0 0 0 0 0 
0 0 23 77 99 106 127 197 387 513 617 786 910 1292 1646 1989 2350 2624 3081 3503 4129 4663 4962 5154 5567 5821 6125 5995 6006 5977 5928 5780 5488 5252 4921 4598 4259 3947 3594 3162 2869 2656 2308 2088 1802 1628 1502 1266 1135 1026 829 758 696 634 508 448 408 333 299 263 231 187 153 168 127 128 94 93 90 67 52 66 56 33 36 29 28 32 32 26 20 18 19 13 10 9 11 7 8 2 3 2 6 3 3 2 3 3 2 1 1 0 0 1 0 0 0 1 0 0 0 0 0 0 0 0 0 0 0 
0 0 29 65 108 117 116 176 312 477 636 745 825 1042 1255 1647 2018 2406 2774 3236 3644 3913 4462 4952 5329 5597 5865 5831 6116 6256 5999 5734 5742 5429 5105 4897 4495 4180 3810 3476 3121 2849 2591 2251 1960 1807 1672 1360 1260 1121 941 837 765 674 560 491 417 379 309 267 254 193 168 161 128 132 108 76 73 56 52 52 36 34 37 26 18 21 17 18 10 17 11 5 6 8 10 1 4 6 4 1 0 5 0 1 2 0 1 0 1 0 0 0 0 0 0 0 0 0 0 0 
0 0 20 82 92 107 178 362 503 617 782 1007 1289 1620 1981 2363 2752 3075 3576 4025 4612 5025 5268 5562 5913 6155 6375 6333 6185 6160 6040 5557 5332 4902 4661 4349 3937 3566 3180 2791 2500 2355 2005 1852 1612 1424 1292 1115 939 886 704 641 569 500 431 398 331 301 233 218 210 182 151 111 98 104 87 78 61 51 55 51 34 25 34 20 14 16 13 10 10 11 7 6 6 3 5 2 6 2 1 2 2 0 1 2 0 0 0 0 2 1 0 0 0 0 1 0 0 0 0 0 0 0 0 0 0 0 
0 0 35 68 105 107 200 277 368 486 661 950 1254 1565 1949 2288 2597 3023 3535 4243 4552 4891 5320 5695 5807 6151 6308 6224 6241 6105 5849 5702 5292 5018 4757 4288 3771 3546 3234 2959 2716 2320 2109 1788 1601 1459 1299 1137 1012 876 763 711 593 548 488 420 352 271 287 238 221 172 166 118 97 108 104 90 65 48 47 44 35 35 24 24 22 18 15 13 13 10 9 9 9 8 9 6 4 4 2 5 2 4 2 1 1 2 3 1 0 2 0 0 0 0 0 0 1 0 1 0 0 0 1 0 0 0 0 0 0 0 0 0 0 0 
0 0 30 82 126 91 112 205 335 445 490 595 861 1245 1427 1669 1933 2521 2824 3290 3582 4060 4303 4827 5193 5536 5736 5967 5907 5882 5951 5917 5718 5459 5043 4873 4491 4215 3890 3533 3101 2876 2584 2251 2048 1759 1620 1361 1235 1120 945 853 713 646 571 493 441 371 322 306 245 202 209 187 136 126 96 113 91 66 72 62 47 43 53 34 34 29 27 19 15 20 16 12 13 11 7 7 6 6 9 6 4 2 4 6 4 2 1 3 3 1 1 0 1 3 2 0 0 0 0 2 1 0 1 1 0 0 1 0 0 0 0 0 0 0 0 0 0 0 
0 0 32 78 76 122 196 331 401 480 585 854 1243 1636 1798 2003 2401 2952 3462 3869 4297 4754 5133 5600 6025 5950 6200 6178 6246 6222 5960 5567 5429 5159 4899 4367 3963 3602 3275 3128 2640 2434 2123 1932 1661 1508 1331 1153 1074 882 793 652 573 551 455 404 346 290 231 275 197 172 125 130 114 111 82 71 79 69 49 44 41 41 28 31 27 14 15 16 14 16 6 7 16 11 7 5 1 6 9 2 6 1 2 2 2 1 0 0 2 0 1 0 1 0 1 0 1 0 0 0 0 0 0 0 0 0 0 0 
0 0 32 90 98 126 184 314 455 586 634 795 1154 1540 1913 2129 2478 2885 3311 4025 4280 4708 4970 5230 5536 5768 5921 6004 5904 5822 5755 5625 5405 5037 4689 4299 3956 3740 3348 3012 2685 2463 2152 1971 1685 1546 1301 1244 974 967 789 722 656 560 465 418 366 345 265 257 207 202 173 170 119 121 85 76 73 63 61 56 34 31 37 24 29 12 10 7 14 14 2 4 3 8 8 3 1 3 1 4 2 2 4 0 2 1 2 0 3 2 0 1 0 0 0 0 0 0 0 0 0 0 0 
0 0 11 44 97 77 74 139 249 360 471 571 699 959 1251 1530 1767 2051 2352 2922 3429 3894 4381 4809 5050 5490 5706 5964 6112 6073 6053 6151 5852 5665 5342 4914 4786 4354 3990 3579 3299 2970 2681 2396 2154 1959 1693 1456 1336 1137 1006 896 783 674 569 535 437 378 345 311 251 211 195 156 142 117 121 109 76 63 81 55 51 53 44 38 36 27 28 28 16 23 15 17 11 13 10 10 13 9 6 3 6 7 3 2 3 0 2 1 2 0 3 2 2 0 2 2 0 0 0 0 0 0 0 0 0 0 0 
0 0 29 68 114 112 136 191 304 566 630 804 1092 1336 1697 1999 2266 2733 3359 3600 4289 4671 5036 5283 5855 5945 6233 6223 6236 6199 5993 5738 5485 5262 4941 4400 4165 3793 3309 3099 2822 2520 2174 1998 1776 1508 1370 1192 1145 940 828 725 633 567 489 404 356 279 280 256 202 173 164 135 112 83 92 79 66 61 42 43 33 28 26 24 17 26 11 9 10 11 9 8 7 6 5 2 2 0 0 2 0 0 1 0 0 0 1 0 0 0 1 0 0 0 0 0 0 0 0 0 0 0 
0 0 27 84 97 101 111 145 254 387 430 556 656 876 1231 1397 1631 1959 2327 2710 3156 3587 4007 4471 5096 5239 5450 5766 5970 6007 6092 6116 5890 5748 5474 5168 4797 4478 4044 3769 3467 3127 2837 2580 2272 2094 1800 1626 1398 1250 1063 942 816 753 640 559 497 426 359 333 268 273 192 205 173 149 126 111 98 80 73 82 60 52 53 48 36 25 31 24 28 6 18 18 12 15 15 10 7 6 6 4 4 5 3 7 3 3 2 6 4 0 8 1 0 1 1 1 3 0 1 0 0 0 0 0 0 0 0 0 0 0 
0 0 24 79 127 119 202 425 636 800 920 1118 1451 1896 2209 2602 2908 3407 3736 4418 4701 5205 5571 5708 6054 6254 6297 6005 6134 6083 5699 5237 5108 4822 4453 4051 3675 3429 3048 2778 2331 2101 1920 1692 1570 1344 1140 958 890 764 705 619 554 468 387 316 283 281 208 191 146 173 104 99 103 62 59 68 51 43 33 35 19 30 27 18 19 15 8 14 8 12 9 5 2 4 4 6 3 1 3 1 1 1 0 2 0 0 0 1 0 0 0 0 0 0 0 0 0 0 0 
0 0 29 70 104 103 107 163 304 359 440 549 857 1042 1243 1520 1902 2327 2796 3157 3438 3959 4344 4891 5234 5538 5722 6113 6408 6306 6213 6007 5912 5504 5453 5105 4537 4249 4002 3673 3197 2809 2605 2332 2037 1855 1615 1478 1236 1093 970 841 697 626 539 480 448 367 319 303 242 215 198 175 153 117 118 124 77 59 72 55 55 38 36 37 26 27 19 16 7 15 14 9 6 5 10 7 6 2 0 2 0 4 4 5 0 0 2 3 3 0 0 1 2 2 1 0 2 2 1 1 1 0 1 1 3 3 0 0 0 0 3 0 2 0 0 1 0 0 0 0 0 0 0 0 0 0 0 
0 0 17 62 104 106 115 206 332 441 537 742 980 1232 1529 1858 2322 2622 3006 3418 3901 4420 4895 5182 5445 5910 6035 6215 6278 6270 5976 5977 5717 5375 5199 4842 4384 3969 3804 3373 3099 2733 2438 2183 1969 1759 1432 1314 1151 1038 907 815 636 596 535 411 381 356 282 253 249 187 154 139 121 103 106 84 77 70 56 39 47 38 34 24 16 25 20 12 14 17 7 9 10 10 2 4 2 8 9 6 4 5 4 4 2 1 4 0 1 0 2 0 0 2 0 1 0 1 0 1 1 1 0 0 2 1 0 0 1 1 0 0 0 0 0 0 0 0 0 0 0 
0 0 23 64 100 95 101 175 261 394 513 595 688 943 1252 1600 1886 2033 2452 3092 3528 4072 4267 4699 5176 5455 5701 6123 5865 5960 6024 5942 5693 5471 5090 4913 4634 4281 3923 3577 3175 2906 2690 2338 2072 1832 1626 1535 1368 1102 973 879 791 685 599 503 483 417 348 302 267 235 214 187 177 139 115 104 99 95 70 71 60 47 43 20 36 28 38 20 8 15 24 10 10 10 6 1 6 7 7 6 5 1 5 2 0 1 2 5 1 0 1 0 1 1 0 0 0 0 0 0 0 0 0 0 0 
0 0 27 79 95 112 178 287 459 568 717 1034 1335 1690 1927 2196 2706 2972 3559 4103 4428 4936 5228 5578 5856 5976 6041 6219 6059 5971 5726 5582 5424 4897 4612 4317 3837 3651 3187 2873 2633 2316 2135 1825 1653 1473 1235 1113 988 863 728 643 549 503 453 397 342 294 262 242 188 144 141 128 122 105 86 80 66 53 38 29 42 35 33 25 21 18 21 23 10 8 15 12 12 11 3 5 5 5 4 5 3 2 2 4 1 1 3 3 3 2 4 0 2 1 0 0 3 0 0 0 1 0 0 0 0 0 0 0 0 0 0 0 
0 0 33 66 89 88 128 194 255 369 513 670 798 1123 1409 1738 2222 2707 3086 3579 4088 4470 4909 5417 5747 5954 6067 6153 6332 6319 6199 5941 5713 5365 5060 4680 4427 3872 3592 3248 2906 2606 2244 2109 1871 1664 1461 1281 1107 971 839 750 687 546 510 395 393 376 295 245 218 190 176 150 143 114 100 83 82 60 60 41 37 34 35 35 20 21 18 14 16 13 11 10 9 6 3 7 6 2 4 2 0 1 0 0 0 1 0 0 0 0 0 0 0 0 0 0 0 
0 0 21 55 91 92 104 130 255 320 369 450 520 725 1132 1378 1636 1750 2063 2529 3126 3560 3981 4273 4718 5204 5516 5834 5963 6007 6079 5987 5858 5691 5501 5208 4891 4578 4419 3933 3501 3226 2982 2735 2385 2064 1942 1710 1442 1294 1149 997 820 816 707 574 541 454 379 339 300 265 260 207 168 163 135 106 79 78 68 55 51 35 52 32 26 33 13 21 24 16 16 9 17 16 8 10 6 8 6 4 2 7 3 1 2 4 2 0 2 0 0 1 1 0 0 0 0 0 0 0 0 0 0 0 
0 0 34 72 126 101 92 139 279 393 519 607 743 902 1203 1503 1908 2343 2601 3047 3588 3979 4520 4890 5401 5627 5828 6094 6152 6188 6139 6129 5796 5517 5210 4855 4611 4268 3882 3600 3151 2865 2669 2377 2084 1863 1635 1407 1345 1131 963 850 747 671 568 523 434 351 336 273 244 221 238 175 143 130 112 93 77 81 77 67 53 37 37 37 40 25 19 27 19 18 17 12 13 11 7 5 6 2 6 4 1 2 1 3 4 2 1 2 0 1 2 0 0 0 0 0 0 0 0 0 0 0 
0 0 20 75 94 93 164 254 351 528 585 822 1100 1427 1726 1924 2323 2787 3251 3564 4048 4473 4754 5150 5510 5771 5914 6046 6064 5926 5807 5708 5394 5117 4705 4523 4144 3889 3376 3124 2804 2567 2268 2086 1853 1575 1503 1237 1163 1010 846 757 620 586 504 423 386 341 309 277 219 194 163 162 136 123 108 96 81 80 52 43 60 28 37 33 27 26 18 25 20 13 18 9 11 8 9 4 6 4 0 4 1 2 3 2 2 1 1 0 0 0 1 0 0 0 0 0 0 0 0 0 0 0 
0 0 20 84 100 89 94 135 324 529 710 818 933 1207 1567 1934 2288 2763 3271 3693 4016 4404 4880 5408 5757 5928 6191 6190 6325 6148 6109 5951 5579 5184 4985 4631 4254 3966 3540 3220 2906 2574 2366 1976 1802 1569 1384 1274 1090 933 847 734 621 569 472 401 352 298 278 262 232 200 144 166 132 106 110 79 70 77 55 45 31 28 33 29 13 19 19 14 12 14 14 7 9 5 7 6 3 5 4 4 2 0 4 2 2 1 1 0 0 1 1 1 2 1 0 0 0 0 0 0 0 0 0 0 0 
0 0 21 69 84 82 92 167 343 590 674 695 920 1234 1668 1832 2243 2549 2967 3582 3988 4412 4845 5232 5587 5847 5948 6164 6199 6102 6070 5740 5564 5425 4937 4705 4223 3890 3558 3238 2926 2634 2240 2069 1844 1586 1351 1216 1060 1005 892 690 628 677 513 398 360 321 305 266 212 191 157 153 128 108 93 75 83 62 54 44 34 27 24 24 25 19 16 8 20 11 6 5 13 8 6 5 4 4 0 3 1 0 2 3 2 0 0 0 0 0 0 0 0 0 0 0 
0 0 26 59 80 80 68 123 211 367 488 603 737 952 1204 1391 1748 2162 2589 2999 3283 3760 4164 4643 4986 5368 5812 5713 5868 6005 6053 6148 5853 5548 5355 4998 4839 4366 4197 3752 3342 2993 2750 2511 2196 1869 1765 1566 1374 1180 1087 944 810 696 653 539 495 430 343 319 298 242 197 152 160 148 125 91 81 71 56 52 60 60 32 26 26 26 28 29 9 16 16 16 9 6 9 8 8 3 4 2 4 6 3 0 2 1 2 1 0 1 0 0 0 0 0 1 0 0 0 0 0 0 0 0 0 0 0 
0 0 26 74 92 151 225 278 372 632 835 985 1260 1307 1625 2064 2487 2982 3399 3640 4222 4676 5059 5315 5734 5905 6159 6367 6403 6090 5913 5862 5583 5333 4819 4687 4104 3828 3465 3067 2777 2445 2170 1969 1717 1529 1283 1167 1036 887 800 649 598 518 445 358 376 325 265 233 196 170 167 127 115 88 87 74 55 59 41 40 41 23 18 24 18 22 15 13 13 8 6 10 9 2 11 3 5 3 4 2 1 3 2 1 1 0 2 0 1 0 1 1 0 0 0 0 0 0 0 0 0 0 0 
0 0 33 89 99 99 134 264 382 491 603 771 1049 1379 1738 1945 2101 2521 3054 3596 3920 4303 4713 5189 5521 5715 5917 6005 6108 6154 6028 5745 5632 5416 5113 4721 4262 3815 3629 3155 2915 2588 2365 2105 1819 1735 1473 1262 1114 1001 871 750 682 585 538 455 378 340 322 257 231 200 196 141 161 110 109 96 75 71 56 53 49 35 28 33 26 17 19 10 14 11 9 8 8 5 6 3 3 3 3 1 3 1 2 1 2 1 0 1 0 0 1 1 1 1 0 0 2 1 1 0 0 1 0 0 0 0 0 0 0 0 0 0 0 
0 0 20 74 82 89 135 211 316 478 643 819 1060 1366 1687 2086 2397 2875 3184 3741 4192 4733 5042 5469 5821 5975 6246 6053 6185 6143 6041 5794 5395 5234 4976 4468 4146 3703 3473 3204 2780 2478 2139 1992 1776 1602 1288 1193 1087 903 779 705 590 544 479 448 351 304 243 262 196 188 135 143 117 109 90 82 64 46 61 40 36 41 21 21 20 20 26 18 21 7 10 10 9 7 3 6 6 5 6 5 4 4 6 2 3 1 7 1 2 2 2 1 1 0 0 0 0 0 0 0 0 0 0 0 
0 0 32 75 95 96 100 246 445 675 773 997 1238 1533 1988 2453 2876 3234 3649 4001 4612 5091 5293 5722 6080 6152 6246 6148 6174 6102 5933 5503 5433 4913 4611 4300 3813 3548 3178 2991 2672 2349 1975 1856 1523 1426 1233 1111 916 811 700 631 520 483 424 342 316 287 229 192 165 154 116 136 94 87 90 67 75 45 32 41 48 29 30 20 19 25 16 19 8 9 6 8 7 7 3 6 2 2 1 3 0 2 2 0 2 4 1 0 2 1 0 0 0 1 0 0 0 0 0 0 0 0 0 0 0 
0 0 22 61 81 71 111 208 325 460 590 731 787 929 1259 1568 1858 2297 2592 3098 3629 3965 4321 4780 5133 5600 5821 6016 6017 5969 6184 5927 5917 5560 5208 4859 4657 4353 3876 3566 3250 2899 2559 2262 2068 1869 1683 1452 1221 1078 959 933 764 671 590 523 468 413 333 300 238 246 233 196 160 123 105 100 90 93 87 51 47 34 45 32 28 25 16 19 16 23 7 9 7 3 2 6 6 5 3 2 3 4 3 1 1 1 0 4 1 1 1 1 2 1 0 1 0 1 0 0 0 0 0 0 0 0 0 0 0 
0 0 28 65 106 142 173 238 403 560 826 1026 1283 1515 1927 2213 2665 3083 3568 4121 4484 4992 5351 5841 6127 6321 6380 6335 6150 6218 5964 5536 5324 5076 4757 4377 4055 3475 3223 3128 2570 2343 2081 1892 1668 1431 1233 1084 932 843 742 623 555 472 392 394 319 250 245 207 185 167 101 120 86 91 67 55 36 42 57 29 26 21 20 29 16 10 13 9 14 6 10 4 3 4 2 5 2 4 5 2 1 1 3 1 1 0 0 2 0 0 0 0 0 0 0 0 0 0 0 
0 0 34 100 126 129 106 229 489 588 563 720 937 1240 1483 1769 2077 2576 2886 3247 3733 4211 4769 5241 5493 5780 5913 6156 6187 6197 6067 5820 5671 5342 5095 4749 4452 4078 3763 3295 3022 2871 2457 2150 1940 1702 1563 1372 1203 1061 897 799 717 645 530 445 413 330 289 284 219 202 162 144 118 114 85 75 77 64 59 46 59 33 28 36 20 28 17 15 16 12 12 6 5 7 7 7 4 4 4 3 1 1 3 1 1 1 3 0 0 0 0 0 0 0 0 0 0 0 
0 0 21 67 93 92 75 106 174 308 441 496 650 964 1329 1630 1954 2245 2766 3264 3876 4185 4786 5025 5500 5860 6161 6375 6443 6363 6256 6091 5914 5639 5339 5032 4643 4245 3843 3535 3181 2805 2594 2262 1992 1751 1592 1278 1151 1042 882 796 689 628 532 461 432 393 332 274 221 179 198 160 147 116 105 92 78 71 65 50 48 41 36 26 26 29 28 11 12 17 11 9 5 6 6 8 5 2 3 0 1 2 3 0 1 2 1 0 1 0 0 0 0 0 0 0 0 0 0 0 
0 0 36 68 86 102 90 152 256 331 387 430 668 926 1260 1611 1631 1994 2400 2891 3390 3820 4079 4330 4806 5455 5651 5709 5836 5836 5969 5995 5693 5647 5457 5170 4844 4276 4034 3791 3489 3128 2825 2466 2232 2026 1755 1655 1456 1250 1103 1055 838 712 683 569 495 464 411 326 305 233 235 220 179 150 158 117 115 72 76 67 73 50 40 41 31 23 33 28 25 17 11 20 18 19 2 11 5 5 8 4 5 5 5 5 0 5 1 1 2 0 3 0 1 0 0 0 2 0 1 0 0 0 0 0 0 0 0 0 0 0 
0 0 17 76 99 98 78 175 342 511 566 710 940 1183 1478 1938 2107 2533 3008 3437 3744 4242 4666 5021 5491 5720 5888 6058 6073 6246 6038 5836 5648 5456 5062 4719 4462 4119 3678 3363 2976 2785 2440 2170 1967 1660 1578 1365 1148 1056 929 840 728 589 562 480 437 350 327 278 228 208 159 168 133 111 91 90 86 94 43 48 38 34 38 33 21 23 21 8 20 10 13 8 7 13 7 12 8 5 7 4 5 3 3 8 3 4 3 3 4 2 4 0 3 1 3 1 1 1 2 3 0 1 0 3 1 1 1 0 0 1 0 0 0 0 0 0 0 0 0 1 0 
0 0 20 67 101 108 172 299 372 398 500 680 941 1206 1448 1777 2161 2636 3153 3454 3807 4286 4815 5145 5556 5777 5903 6060 6019 5997 6118 5791 5631 5270 4926 4584 4300 3902 3665 3302 2894 2694 2331 2078 1841 1694 1453 1309 1152 1015 892 799 694 580 519 449 405 356 292 234 220 190 173 144 139 109 103 100 70 65 60 53 37 34 18 38 29 17 22 26 9 19 11 9 4 4 8 13 7 2 4 4 5 1 3 1 2 2 1 0 0 0 0 0 0 0 0 0 0 0 
0 0 23 76 96 111 131 295 426 532 552 729 1081 1444 1661 2023 2306 2647 3176 3716 4185 4608 4885 5134 5517 5762 5976 6068 6101 5960 5854 5746 5321 5027 4946 4575 4243 3852 3498 3171 2884 2633 2321 2089 1846 1572 1453 1254 1166 1067 868 769 663 555 543 452 362 348 289 302 252 218 172 148 117 118 133 77 79 62 48 47 32 31 19 24 20 23 21 14 19 10 16 12 9 6 8 3 8 1 2 3 4 3 1 1 2 3 1 3 0 3 1 0 1 0 0 0 0 2 0 0 0 0 0 2 0 0 0 0 0 0 0 1 0 0 0 0 0 0 0 0 0 0 0 
0 0 26 73 91 82 157 338 538 693 640 726 1030 1500 1648 1959 2096 2693 3086 3624 3811 4355 4823 5155 5433 5611 5844 5977 5876 5973 5867 5837 5447 5038 4948 4481 4203 3842 3538 3246 2980 2536 2270 2145 1840 1592 1390 1249 1135 976 877 747 637 553 518 450 407 351 303 263 225 198 186 150 132 124 105 94 89 75 50 54 42 46 20 33 24 27 16 15 18 11 10 9 13 11 6 6 5 8 5 5 5 1 3 3 2 4 1 2 2 1 3 1 1 1 1 1 3 1 0 0 1 1 0 0 0 0 0 0 0 0 0 0 0 
0 0 37 62 103 106 139 199 359 557 688 867 1149 1506 1833 2181 2509 3032 3487 4075 4555 4788 5239 5513 5891 5982 6159 6457 6183 6242 5913 5595 5401 5151 4727 4431 3797 3619 3267 2923 2679 2419 2152 1858 1642 1528 1232 1139 978 910 779 655 594 487 476 390 370 287 255 216 223 191 151 122 100 95 90 72 68 57 60 40 40 22 33 30 18 18 18 17 8 10 11 10 8 5 0 1 2 5 3 2 0 1 0 1 2 0 0 2 0 0 0 0 0 0 0 0 0 0 0 
0 0 26 71 103 101 113 138 241 355 519 582 678 803 1031 1438 1792 2160 2412 2884 3411 3777 4315 4837 5109 5526 5801 6061 6293 6276 6286 6134 5988 5819 5405 5122 4924 4503 4095 3677 3383 3001 2760 2416 2161 1878 1591 1461 1261 1206 1035 876 743 673 587 529 437 361 332 310 256 213 163 148 154 127 110 78 84 59 60 52 45 40 34 19 18 15 24 24 10 8 9 8 3 2 6 6 3 1 2 1 0 2 2 0 1 0 2 0 0 0 1 1 0 1 0 0 0 0 1 0 0 0 0 0 0 0 0 0 0 0 
0 0 22 71 87 85 131 356 532 662 808 969 1294 1588 1911 2291 2635 3031 3449 3980 4379 4820 5098 5346 5698 6024 6174 6186 5898 5838 5855 5522 5201 4828 4729 4299 3863 3432 3303 3088 2713 2345 2061 1952 1659 1457 1249 1180 1027 861 741 639 547 469 435 386 314 281 259 221 196 147 138 111 114 86 70 79 68 64 42 39 33 21 34 16 20 16 16 9 8 4 4 5 6 1 3 3 1 0 0 0 1 1 2 0 0 2 1 0 0 1 1 0 0 0 0 1 0 0 0 0 0 0 0 0 0 0 0 
0 0 29 61 116 111 146 207 309 513 655 853 981 1195 1332 1845 2122 2529 2847 3243 3557 4030 4508 4882 5162 5613 5799 6108 5931 6022 5933 5785 5527 5440 5038 4825 4573 4165 3776 3428 3219 2814 2561 2341 2011 1759 1527 1377 1232 1077 952 850 712 621 540 487 429 391 310 303 243 231 172 174 130 135 113 117 85 85 44 50 50 45 29 25 32 23 16 16 15 15 7 14 7 12 2 7 7 3 6 2 6 3 5 2 1 3 1 0 1 1 1 1 0 0 0 1 0 0 0 0 0 0 0 0 0 0 0 
0 0 24 67 117 86 101 195 313 447 515 747 1043 1345 1476 1868 2211 2738 3271 3518 3949 4387 4798 5210 5522 5881 6019 6167 6226 6172 5942 5912 5539 5338 5055 4696 4292 3968 3627 3313 2985 2595 2337 2062 1906 1649 1444 1315 1122 979 805 762 681 590 543 452 376 347 290 291 266 200 184 148 134 114 97 84 78 61 55 40 44 32 30 29 20 12 15 16 16 13 8 7 6 9 5 9 1 1 2 3 0 0 1 4 1 0 0 1 0 0 0 0 0 0 0 0 0 0 0 
0 0 24 75 86 72 100 185 301 391 413 590 852 1186 1427 1716 1984 2549 3006 3403 3744 4131 4785 5075 5417 5810 6038 6073 6303 6397 6247 5941 5960 5648 5208 5069 4613 4149 3707 3425 3156 2730 2481 2141 1932 1727 1530 1347 1175 1002 886 758 719 585 507 436 422 354 291 268 235 217 174 139 136 113 115 88 74 54 68 46 46 37 34 28 24 24 16 20 14 10 11 9 10 9 7 8 3 3 3 3 1 3 1 1 2 2 5 0 1 1 0 3 0 2 0 1 1 0 1 0 1 0 0 0 0 0 0 1 0 0 0 0 0 0 0 0 0 0 0 
0 0 19 79 113 101 104 223 375 478 593 669 918 1289 1489 1699 2020 2350 2747 3267 3616 4188 4586 4884 5207 5595 5844 6000 5869 5943 5964 5839 5631 5301 5025 4940 4525 4151 3905 3388 3060 2843 2540 2245 2001 1803 1631 1425 1179 1106 920 866 721 623 614 512 462 397 353 271 232 224 205 197 141 120 130 108 103 69 72 55 68 58 41 36 30 25 25 20 20 16 12 18 7 6 3 8 10 9 3 4 6 5 4 2 1 3 2 1 2 0 0 2 0 0 0 1 0 0 0 0 0 0 0 0 0 0 0 
0 0 27 68 94 75 97 191 273 339 379 552 787 1129 1285 1539 1881 2267 2750 3089 3552 3831 4367 4783 5188 5496 5730 5911 6169 6082 6008 5925 5608 5359 5173 4990 4671 4249 3909 3566 3252 3015 2647 2317 2109 1904 1714 1495 1352 1166 996 899 785 690 580 520 491 431 399 316 271 222 198 192 144 123 132 94 100 88 84 62 55 45 55 33 25 30 26 21 28 12 17 15 13 17 14 9 7 9 5 5 6 6 2 2 2 1 4 1 1 0 0 0 0 0 0 0 0 0 0 0 
0 0 26 75 100 112 131 193 376 486 628 697 969 1144 1538 1853 2222 2635 3068 3517 3892 4386 4741 5048 5478 5796 5877 5946 6091 6182 5909 5801 5497 5173 4961 4631 4310 3861 3620 3134 3021 2686 2384 2154 1865 1674 1476 1329 1192 980 884 759 720 597 518 459 399 404 297 297 249 204 203 167 161 136 112 103 94 67 51 63 53 58 37 34 21 27 22 23 21 18 19 14 10 13 11 7 3 8 4 3 7 6 3 3 3 3 0 5 3 0 0 1 3 2 0 0 0 1 2 1 0 0 0 1 1 0 0 0 1 1 0 0 0 0 0 0 0 0 0 0 0 
0 0 24 71 92 92 118 170 287 358 522 644 870 1173 1559 1750 1904 2316 2771 3413 3897 4251 4473 4851 5384 5488 6052 6107 6105 6026 6142 5878 5890 5398 5160 4785 4451 4087 3886 3473 3107 2838 2499 2286 2010 1754 1612 1437 1201 1120 930 831 759 628 549 459 409 392 285 317 225 209 202 174 140 114 96 99 88 56 56 48 40 35 36 24 25 18 22 18 14 12 13 8 8 7 6 6 4 7 7 3 0 2 2 2 1 0 1 1 0 1 0 0 2 0 0 0 0 2 0 0 1 0 0 0 1 0 0 0 0 0 0 0 0 0 0 0 
0 0 39 87 104 95 113 138 265 318 412 504 708 1040 1325 1462 1758 2227 2735 3209 3496 3994 4391 4793 5166 5485 5725 6006 6095 6102 6142 5979 5918 5513 5283 4817 4567 4263 3975 3581 3238 2881 2651 2457 2153 1846 1641 1407 1346 1159 995 851 813 731 594 520 450 354 361 320 254 218 191 182 133 134 105 106 71 76 73 65 50 46 39 45 30 29 25 15 16 15 10 16 10 8 10 6 1 6 5 4 4 2 0 0 2 1 0 0 1 0 3 0 0 1 0 2 0 2 0 0 0 0 0 1 0 0 0 0 0 0 0 0 0 0 0 
0 0 26 62 101 82 73 112 181 255 330 365 443 622 786 929 1147 1399 1731 2089 2449 2892 3254 3716 4177 4597 5006 5307 5600 5846 5788 5997 5856 5992 5692 5528 5234 4947 4671 4341 4009 3677 3272 2926 2689 2407 2229 1842 1577 1519 1348 1225 1048 916 770 673 644 531 471 432 332 300 270 254 216 177 147 145 139 103 101 89 64 67 39 40 39 34 29 31 20 17 12 15 14 10 13 6 8 10 4 3 5 5 3 5 2 2 0 2 2 2 0 0 1 2 0 0 0 0 2 1 0 0 0 0 0 0 0 0 0 0 
0 0 32 89 114 98 94 184 362 539 604 692 956 1303 1478 1810 2104 2487 2738 3160 3785 4181 4721 4903 5177 5588 5662 5965 5743 5903 6064 5694 5581 5331 5010 4833 4374 4002 3776 3390 3070 2789 2405 2226 1932 1723 1615 1343 1167 1041 939 798 743 633 546 482 382 330 339 277 209 213 160 146 141 105 103 109 65 68 57 44 43 41 31 26 23 18 19 13 17 12 18 11 4 7 7 5 4 1 3 2 3 2 2 3 1 2 2 0 0 0 2 1 0 1 0 1 0 0 0 0 2 0 0 0 2 0 0 1 0 0 0 0 1 1 0 0 0 0 0 0 0 0 0 0 0 
0 0 24 85 104 99 123 207 412 561 637 734 986 1244 1481 1763 2135 2588 3043 3453 3769 4280 4718 5182 5476 5729 5972 5984 6106 6066 5981 5819 5514 5310 4948 4581 4412 3960 3573 3230 3041 2863 2291 2133 1886 1654 1550 1309 1135 992 905 714 656 611 512 467 371 329 304 243 236 209 189 175 133 129 113 95 88 63 66 57 57 32 27 32 38 29 28 21 13 14 15 16 16 6 6 8 8 9 3 6 3 3 4 2 3 2 2 0 2 1 1 0 1 1 1 1 0 0 0 0 0 0 0 0 0 0 
0 0 22 79 87 92 114 194 270 348 438 521 723 999 1369 1630 2032 2310 2725 3015 3506 4004 4458 4903 5135 5496 5845 5894 6055 6013 6105 5970 5830 5557 5358 5011 4817 4343 3927 3659 3171 2922 2660 2453 2075 1762 1691 1417 1225 1120 928 820 743 721 554 514 439 368 339 331 274 245 172 156 163 130 115 130 102 74 84 55 49 34 34 38 30 22 23 15 19 12 14 12 7 6 12 5 3 3 4 0 3 5 2 2 1 2 2 0 0 0 3 0 0 0 0 1 0 0 0 0 1 0 0 0 0 0 0 0 0 0 0 0 
0 0 16 61 92 89 106 185 310 462 614 772 1093 1243 1581 1840 2104 2525 2966 3424 4025 4396 4665 5124 5399 5716 5888 6001 6028 6083 5971 5602 5647 5279 5019 4655 4507 3982 3648 3337 2938 2657 2486 2126 1905 1727 1500 1303 1201 1048 885 780 669 603 564 474 346 338 330 254 235 207 164 172 135 106 110 91 85 72 56 47 36 37 31 38 29 24 26 11 16 10 12 13 7 8 9 7 4 2 7 9 5 3 3 3 2 0 2 1 1 1 0 1 0 0 0 0 0 1 0 0 0 0 0 1 0 0 0 0 0 0 0 0 0 0 0 
0 0 25 68 97 94 103 157 224 333 422 502 622 756 1174 1404 1598 1833 2290 2905 3262 3722 3971 4329 4925 5483 5629 5812 5894 6095 6182 6020 6033 5688 5312 5173 4868 4587 4168 3803 3442 3116 2856 2506 2221 1906 1838 1558 1377 1180 1099 936 813 700 652 567 461 400 387 322 304 230 225 203 182 146 146 123 99 91 78 57 59 46 48 43 34 31 23 20 14 21 10 14 7 4 10 3 12 7 3 1 3 6 1 2 2 3 1 7 2 1 1 1 2 1 1 0 0 1 1 0 0 0 0 1 0 0 
0 0 15 77 104 109 91 199 347 468 590 821 1000 1302 1609 1932 2022 2461 3041 3491 3828 4137 4599 5121 5478 5702 5947 6033 6181 6085 6087 5721 5591 5290 4842 4712 4291 3901 3611 3175 2963 2598 2361 2085 1958 1664 1470 1289 1158 983 934 722 657 611 533 486 371 341 308 279 213 218 182 147 143 110 113 88 88 66 63 45 48 41 32 28 26 29 30 22 11 10 5 13 3 5 5 4 4 2 3 2 1 0 3 0 1 0 0 1 1 0 0 1 1 0 0 0 0 0 0 0 0 0 0 0 
0 0 23 72 113 135 150 295 398 558 654 886 1288 1608 1733 2036 2411 2892 3425 3806 4433 4697 5096 5663 5953 6011 6203 6200 6180 6133 5936 5784 5478 5081 4749 4481 4076 3730 3325 2974 2715 2346 2086 1864 1622 1463 1269 1111 987 846 779 635 626 531 444 404 363 316 279 223 204 202 165 127 112 107 93 91 57 72 49 49 48 33 28 26 26 24 21 16 15 9 9 16 10 10 12 4 6 5 4 6 6 4 5 0 2 2 1 2 2 1 1 1 0 2 0 3 2 0 2 0 1 1 2 0 0 0 1 0 0 0 0 0 0 0 0 0 0 0 
0 0 33 69 124 106 127 230 351 505 675 836 959 1186 1651 2022 2222 2698 3006 3605 4223 4370 4697 5155 5686 5697 5980 6195 6165 6020 5888 5812 5521 5360 4945 4500 4166 3842 3473 3148 2926 2507 2340 1995 1834 1612 1374 1246 1107 997 864 754 722 568 507 438 389 340 330 254 220 181 202 183 135 107 94 90 70 82 59 51 50 40 37 27 32 24 21 20 22 9 8 6 7 9 4 7 4 4 3 3 1 0 2 0 1 0 0 0 1 0 0 0 0 0 0 0 0 0 0 0 
0 0 30 74 114 101 151 230 362 433 538 717 956 1288 1504 1844 2015 2484 2970 3450 4050 4265 4863 5305 5541 5889 6041 6129 6338 6254 6007 5807 5528 5308 5071 4542 4253 4020 3610 3338 2980 2644 2342 2129 1872 1628 1540 1315 1119 1020 893 822 648 609 537 477 416 367 290 267 222 211 165 146 102 132 111 88 70 72 51 43 40 42 27 38 27 18 17 16 20 15 9 9 7 11 4 4 7 4 3 3 2 5 2 0 1 1 1 2 0 0 1 4 0 0 1 1 0 0 0 0 2 0 0 0 0 0 0 1 0 0 0 0 0 2 0 0 0 0 0 0 1 1 0 0 0 0 1 0 0 0 
0 0 31 75 95 101 118 247 411 467 512 587 749 968 1228 1414 1692 2027 2429 2894 3285 3668 4114 4466 4913 5048 5644 5715 5831 5956 5832 5776 5690 5459 5280 5040 4702 4242 4029 3713 3410 3058 2848 2423 2294 2009 1752 1531 1435 1256 1075 954 831 749 678 581 539 453 376 355 312 240 221 195 197 142 131 129 96 117 72 77 54 48 49 41 36 28 19 28 15 20 11 13 12 12 5 8 10 5 6 6 1 5 2 3 1 0 0 1 2 0 0 0 0 0 0 0 0 0 0 0 
0 0 19 50 100 151 306 416 549 687 867 1039 1365 1703 2129 2519 2834 3248 3759 4029 4710 5032 5492 5610 5723 5892 6223 6107 5989 5742 5577 5441 5108 4701 4490 4128 3759 3344 3024 2770 2504 2200 1916 1754 1640 1357 1196 1097 942 818 723 611 576 528 433 396 327 284 251 244 168 198 118 114 117 96 85 75 50 61 43 40 32 26 22 20 22 24 12 14 14 15 5 8 7 8 12 7 3 3 6 1 4 0 2 1 2 1 2 0 3 0 2 2 0 1 1 1 2 0 0 0 1 0 0 0 0 0 0 0 0 0 0 0 
0 0 26 69 106 97 117 179 278 324 465 637 798 939 1107 1376 1762 2194 2510 2768 3089 3604 4228 4672 4959 5238 5539 5803 5938 6172 6073 5875 5860 5586 5332 5135 4712 4416 4006 3632 3426 3040 2763 2538 2258 2034 1785 1526 1428 1206 1060 916 843 718 621 610 486 441 345 301 264 247 219 192 167 130 112 105 88 72 58 60 45 48 38 29 32 22 19 14 11 12 15 8 6 6 4 5 7 2 3 2 4 1 0 3 0 2 0 1 0 0 1 0 1 0 0 1 0 0 1 0 0 0 1 1 0 0 0 1 1 1 1 0 0 0 1 0 0 0 0 1 0 1 0 0 0 1 1 0 0 0 
0 0 30 76 129 113 218 386 479 534 700 921 1230 1609 1935 2275 2744 3286 3679 4280 4670 5131 5521 5721 5980 6197 6274 6175 6297 6043 5822 5619 5289 4861 4562 4254 3881 3469 3180 2941 2497 2303 1978 1735 1565 1405 1225 1092 966 823 707 571 557 465 392 374 297 321 253 206 159 146 144 133 103 90 87 72 67 51 53 41 34 30 38 26 12 14 19 15 10 10 14 4 8 7 4 2 4 4 1 1 4 2 1 1 0 0 0 0 3 0 0 0 0 1 0 0 0 0 1 0 0 
0 0 26 92 106 117 177 281 426 547 585 779 1126 1463 1726 2041 2355 2786 3169 3763 4273 4693 5019 5400 5719 5995 6114 6290 6250 6068 6005 5810 5420 5219 4823 4490 4149 3762 3365 3115 2788 2483 2207 1932 1777 1590 1405 1158 1045 969 813 700 665 530 465 429 378 302 276 252 201 215 181 147 147 111 110 86 79 72 69 51 54 45 38 42 40 26 25 13 29 19 15 9 9 8 11 7 7 7 8 2 7 5 3 4 4 3 2 1 2 1 2 0 1 0 0 1 0 0 0 0 2 1 0 0 0 0 1 0 0 0 0 0 0 0 0 0 0 0 
0 0 21 78 105 114 137 234 361 476 636 826 995 1189 1608 1863 2262 2587 2941 3385 3811 4074 4463 4779 5205 5523 5580 5724 5966 5784 5758 5641 5359 5213 4907 4531 4308 3850 3541 3287 2998 2722 2517 2126 1932 1750 1540 1418 1246 1080 991 837 714 661 597 483 447 387 316 300 253 178 204 182 148 110 121 97 70 62 54 56 44 46 35 24 28 17 18 15 19 9 9 11 6 3 8 13 7 4 2 3 3 1 3 2 0 1 1 1 0 0 0 0 2 0 0 0 0 0 0 0 0 0 0 0 
0 0 25 69 106 121 175 270 387 512 558 677 873 1249 1562 1812 2161 2446 2845 3450 3824 4292 4616 4958 5407 5764 5785 6224 6225 6181 6079 5825 5694 5399 5182 4773 4389 4001 3764 3434 3011 2676 2460 2176 1943 1655 1448 1315 1161 1031 891 746 683 591 494 433 406 356 301 233 212 210 168 164 120 119 117 95 80 88 53 60 31 47 36 36 28 30 15 19 17 11 4 11 7 8 7 2 3 6 3 6 5 3 0 2 0 0 2 1 0 0 1 0 0 1 0 0 1 0 0 0 0 0 0 0 0 0 0 0 
0 0 29 80 99 81 97 181 340 436 481 608 724 844 1112 1550 2046 2297 2635 3066 3530 3848 4497 5076 5316 5657 5888 6081 6021 6001 6090 6153 5874 5532 5240 5073 4688 4315 4013 3526 3275 2937 2735 2335 2084 1818 1620 1589 1312 1123 976 872 739 680 645 520 440 352 366 329 244 226 193 187 132 138 125 116 77 66 69 48 49 52 40 34 24 30 21 21 19 10 16 9 12 8 2 9 4 5 5 2 2 1 1 3 0 1 1 1 1 2 0 1 0 0 0 1 0 0 0 0 0 0 0 0 0 0 0 
0 0 23 57 88 86 93 134 189 293 390 518 699 847 1093 1225 1391 1743 2187 2632 2862 3222 3509 4107 4504 4886 5175 5375 5728 5681 5743 5976 5697 5669 5475 5307 4967 4584 4261 4076 3644 3361 2990 2744 2405 2236 1970 1729 1483 1341 1175 1114 881 834 708 624 590 499 415 357 326 291 255 223 188 181 163 109 97 87 95 78 69 56 50 51 30 34 22 27 26 23 14 14 10 11 6 6 9 10 6 5 2 3 5 2 4 1 3 1 1 1 0 1 1 0 0 0 0 0 0 0 0 0 0 0 
0 0 27 71 102 110 134 286 438 577 707 861 1138 1374 1726 2098 2611 2950 3492 3886 4487 4980 5346 5591 5871 6186 6368 6470 6260 6019 5808 5842 5410 5167 4655 4268 3968 3656 3396 2941 2636 2391 2219 1950 1626 1488 1278 1159 1053 913 795 677 575 502 503 390 372 276 276 260 207 165 146 148 124 100 94 64 72 48 48 50 45 27 24 15 17 18 14 17 9 6 11 7 5 7 2 4 5 1 6 3 1 0 1 1 0 1 2 1 1 2 0 0 0 0 0 3 0 0 0 0 0 0 0 0 0 0 0 
0 0 27 92 101 123 235 318 440 513 633 787 1031 1321 1615 1854 2459 2823 3192 3725 4399 4645 4964 5497 5921 6234 6465 6390 6422 6286 6217 5780 5656 5298 4959 4550 4086 3747 3461 3141 2707 2485 2259 1911 1707 1611 1276 1194 989 884 833 705 621 536 469 376 362 274 256 210 183 166 141 121 118 87 70 77 67 51 31 30 26 27 31 13 13 23 22 12 10 5 7 11 13 7 9 2 3 6 5 1 6 1 4 6 1 3 2 2 0 0 1 0 0 0 0 1 1 0 0 0 0 0 0 0 0 0 0 0 
0 0 28 74 96 121 110 161 238 359 422 485 630 948 1261 1534 1790 1968 2406 2868 3367 3787 4108 4602 4866 5313 5725 5912 6096 6053 6056 5905 5809 5741 5579 5116 4864 4406 4234 3816 3495 2964 2738 2456 2186 2037 1817 1552 1348 1156 1042 883 798 711 640 533 452 416 382 302 262 255 201 196 165 168 119 126 115 88 77 81 54 50 42 32 38 28 33 22 18 16 14 19 15 11 13 13 14 4 5 6 7 4 2 2 5 5 5 1 0 0 0 1 1 2 1 0 1 1 0 2 1 0 1 0 0 0 0 1 0 0 0 0 0 0 0 0 0 0 0 
0 0 28 65 115 95 83 122 190 274 400 528 590 848 1140 1434 1801 1981 2442 2920 3445 3855 4324 4563 4974 5274 5675 5859 6038 5950 6061 6075 5879 5746 5357 5011 4845 4456 4023 3728 3446 3078 2749 2590 2178 1975 1739 1509 1376 1259 1089 968 753 693 646 583 488 419 348 353 312 253 216 195 168 147 127 94 89 81 84 69 51 37 45 35 30 26 21 20 24 9 15 9 14 4 14 5 9 5 4 7 6 4 2 5 2 2 0 2 4 2 0 0 3 2 2 2 1 0 0 0 0 0 0 0 0 0 0 0 
0 0 21 88 118 97 98 217 363 519 569 675 1059 1507 1754 1906 2224 2802 3367 3760 4449 4709 5093 5457 5921 6009 6251 6340 6408 6289 6027 5842 5446 5126 4892 4585 4181 3833 3465 3028 2725 2485 2186 2003 1753 1608 1351 1189 1070 886 862 726 557 532 481 415 356 336 251 230 208 161 148 146 134 100 91 62 68 42 51 46 37 31 25 20 15 16 15 8 17 5 7 6 9 2 9 2 6 1 1 1 4 2 0 3 0 0 1 0 0 1 0 0 0 0 0 0 0 0 0 0 0 
0 0 32 64 87 92 122 171 320 434 522 607 846 1069 1341 1631 2072 2545 2695 3259 3796 4270 4701 5032 5246 5693 5841 5811 6066 6021 6186 5872 5872 5465 5136 4747 4535 4168 3747 3349 3219 2769 2614 2258 2014 1772 1577 1354 1269 1074 983 802 779 598 534 494 425 373 346 269 226 231 195 171 124 110 117 113 83 65 58 46 48 46 36 36 32 29 18 16 9 21 15 18 5 14 9 5 4 5 2 4 3 5 4 1 1 2 1 0 1 1 2 2 1 0 1 0 1 1 1 0 0 1 0 0 0 0 0 0 0 0 0 0 0 
0 0 27 52 112 125 187 264 370 465 583 698 911 1099 1424 1681 1934 2377 2714 3329 3695 4186 4635 4975 5433 5649 5891 6055 6051 6000 5738 5755 5681 5403 5063 4845 4417 4089 3799 3449 3136 2686 2564 2288 1975 1792 1612 1352 1250 1022 995 829 670 687 594 453 438 403 327 285 266 207 190 182 121 139 102 71 61 74 69 44 39 40 26 24 24 19 24 17 13 6 7 8 12 8 4 2 5 6 1 6 3 0 1 2 0 3 3 1 1 0 0 0 2 1 0 0 0 0 1 0 0 0 0 0 0 0 0 0 0 0 
0 0 20 64 102 89 77 168 319 463 536 602 785 991 1412 1656 2047 2279 2654 3072 3613 4052 4653 5116 5343 5693 5814 6068 6391 6292 6150 6042 5740 5560 5165 4855 4513 4205 3769 3482 3135 2837 2541 2237 2008 1787 1586 1386 1251 1089 887 859 742 644 524 484 413 368 333 272 254 235 183 173 150 109 105 99 112 68 68 62 41 52 37 41 23 30 22 21 21 10 22 15 13 10 13 4 9 3 7 4 5 1 4 3 1 1 0 2 1 1 0 0 0 0 0 0 0 0 0 0 0 
0 0 27 81 89 105 99 173 281 384 476 608 820 1217 1624 1736 2068 2516 2936 3383 3874 4248 4747 5165 5371 5833 5971 6269 6305 6205 6101 5954 5817 5430 5143 4722 4302 4169 3749 3359 3054 2712 2509 2236 1927 1731 1490 1353 1214 1032 872 786 713 646 506 491 389 336 326 275 234 199 207 144 134 125 101 96 60 66 61 42 53 40 28 36 25 25 19 22 18 12 15 7 15 9 7 5 4 4 5 4 0 0 4 2 0 1 0 0 3 0 0 1 1 0 0 0 1 0 1 0 0 1 0 0 0 0 0 0 0 0 0 0 0 
0 0 28 61 112 110 114 154 290 461 546 529 805 1155 1427 1682 1974 2327 2709 3173 3729 4217 4602 5151 5386 5524 5911 6107 6075 6094 6090 5953 5740 5446 5127 4866 4528 4091 3839 3522 3111 2817 2522 2201 2067 1772 1611 1361 1181 1049 926 814 704 625 574 500 446 386 302 276 235 188 188 129 127 96 85 78 69 56 53 51 41 32 31 44 22 25 17 19 15 13 14 10 9 7 12 11 7 2 5 1 4 3 3 1 2 0 0 0 0 1 2 0 0 0 0 1 0 0 0 0 0 0 0 0 0 0 0 
0 0 24 64 112 89 136 290 475 523 580 700 1019 1325 1578 1898 2215 2592 3044 3549 3949 4392 4651 5077 5391 5837 5985 5931 6106 6023 5870 5804 5589 5340 4931 4621 4282 4004 3555 3202 2954 2635 2414 2127 1881 1633 1479 1228 1184 997 904 799 677 612 531 417 418 319 291 281 220 186 174 149 149 120 107 84 63 56 51 59 55 43 28 25 25 20 22 22 14 17 16 8 10 6 5 8 4 2 3 3 2 2 1 1 4 1 1 0 0 2 0 0 0 1 0 0 0 1 0 0 1 0 0 0 0 0 0 0 0 0 0 0 
0 0 26 53 91 81 76 128 249 325 409 559 754 857 1088 1411 1819 2145 2405 2927 3424 3936 4209 4609 5029 5362 5536 5979 6089 5981 5929 5864 5822 5649 5295 5023 4713 4371 4145 3703 3293 3146 2769 2488 2218 1989 1747 1529 1374 1236 1052 941 832 686 672 559 480 436 351 370 285 252 189 194 181 167 134 99 81 89 85 62 56 54 47 33 34 25 16 21 20 11 17 5 15 9 10 9 3 4 4 2 4 3 1 1 3 1 2 1 0 1 2 0 1 1 1 1 0 1 0 0 0 0 0 0 0 0 0 0 0 
0 0 27 69 99 79 136 258 396 500 594 688 931 1291 1508 1825 2203 2547 3054 3291 3642 4140 4633 4983 5049 5487 5792 5935 5877 5876 5909 5822 5671 5141 5077 4692 4430 3962 3780 3326 3008 2791 2442 2239 2061 1681 1478 1280 1167 1084 921 788 651 619 492 482 406 329 307 257 245 201 168 161 132 110 107 103 73 64 56 45 49 37 31 34 16 20 15 17 10 12 10 7 7 2 6 6 2 4 6 1 2 4 3 0 0 2 0 0 0 0 0 0 0 0 0 0 0 
0 0 30 66 105 82 122 214 328 331 399 474 642 886 1114 1348 1618 1926 2274 2688 3203 3698 4167 4539 4883 5349 5533 5852 6102 5971 6083 6121 5867 5643 5528 5076 4906 4399 4044 3889 3386 3082 2730 2486 2289 1930 1764 1578 1353 1187 1075 934 828 744 636 594 459 445 402 329 335 249 233 189 173 176 147 96 102 82 58 61 66 59 54 43 41 35 24 32 25 18 15 10 8 12 8 7 7 6 3 1 0 1 3 1 1 1 2 0 1 0 1 0 1 0 0 0 0 0 0 0 0 0 0 0 
0 0 22 67 128 88 87 173 359 537 588 728 865 1126 1447 1814 2018 2300 2605 3278 3618 3862 4343 4706 5130 5670 5769 5845 5898 6047 5941 5874 5813 5331 5267 4756 4455 4147 3845 3559 3256 2984 2538 2295 2053 1854 1657 1487 1266 1122 995 886 808 685 606 476 395 397 358 304 246 210 194 159 166 125 116 94 112 72 49 39 43 45 37 30 28 19 22 22 9 11 13 9 11 10 3 8 8 4 3 2 1 5 3 2 3 0 3 1 0 0 1 1 0 2 0 1 0 0 0 0 0 0 0 0 0 0 0 
0 0 25 103 112 126 100 195 267 347 461 628 877 1127 1361 1593 2110 2470 2888 3481 3794 4235 4702 5009 5424 5808 5861 6096 6193 6099 6044 5893 5718 5428 5086 4769 4380 4163 3873 3426 3181 2750 2483 2222 1973 1722 1542 1295 1217 1048 840 838 727 621 557 473 431 382 293 290 248 210 178 163 139 114 109 111 80 80 55 55 38 31 46 42 26 21 12 18 17 14 14 7 4 8 9 13 9 4 1 9 2 7 0 6 0 3 3 2 1 1 2 1 1 1 0 2 2 1 2 0 0 1 0 0 0 0 0 0 0 0 0 0 0 
0 0 13 68 107 108 131 232 354 575 707 918 1072 1324 1598 1970 2477 2858 3380 3700 4176 4443 4866 5238 5673 5959 5912 6020 6187 6092 5928 5770 5519 5180 4725 4522 4125 3864 3423 3164 2904 2496 2186 1913 1816 1603 1442 1180 1091 1016 848 700 674 531 495 410 418 318 316 270 227 159 154 166 114 116 91 68 69 51 61 50 34 25 27 33 23 13 19 14 8 9 5 7 8 8 7 3 2 0 3 1 4 1 0 0 1 1 0 1 0 0 1 0 0 0 0 0 0 0 0 0 0 0 
0 0 28 91 138 112 148 322 478 627 632 768 1145 1423 1656 1997 2412 2844 3478 3809 4214 4626 5084 5567 5671 5946 6145 6217 6037 6160 5901 5810 5322 5016 4691 4410 4049 3688 3318 3168 2703 2514 2209 1910 1727 1535 1385 1202 1104 1011 788 702 647 574 526 453 377 281 245 234 236 159 163 140 114 101 86 84 62 58 46 44 44 45 30 28 20 30 17 15 14 18 16 8 6 8 12 8 7 0 4 2 5 3 2 1 1 0 4 1 2 0 0 1 0 1 0 0 0 0 1 0 0 0 0 1 0 0 0 0 0 0 0 0 0 0 0 
0 0 26 69 99 94 120 216 342 500 671 790 1086 1280 1683 2046 2427 2834 3345 3757 4195 4774 5103 5403 5810 6100 6189 6221 6319 6369 6005 5762 5612 5248 4786 4419 4187 3746 3447 3185 2887 2491 2254 1968 1760 1625 1431 1222 1102 917 883 734 642 520 495 435 358 370 265 235 226 185 161 125 123 99 104 73 62 72 46 47 34 31 36 24 36 16 13 7 13 5 11 5 3 5 3 4 3 3 1 0 2 3 2 0 0 0 2 1 0 0 0 0 0 0 0 0 0 0 0 
0 0 28 70 90 94 132 209 374 482 477 671 972 1135 1461 1759 2154 2458 2925 3287 3947 4357 4714 5045 5368 5606 5864 6168 6198 6054 6084 6035 5670 5496 5184 4752 4486 4106 3716 3351 3058 2744 2491 2182 1886 1733 1542 1329 1110 1018 908 863 730 604 508 476 435 363 301 270 221 202 186 163 114 111 95 91 78 70 57 46 34 30 39 22 20 24 19 8 18 6 11 10 8 3 9 3 3 4 1 5 6 3 1 0 0 1 2 2 0 0 2 1 1 0 0 0 0 0 0 0 0 0 0 0 
0 0 19 65 93 80 100 175 318 444 598 745 958 1279 1427 1768 2248 2761 3254 3566 3925 4259 4800 5285 5713 5761 5824 6069 6116 6273 6034 5860 5598 5279 5028 4672 4437 3995 3715 3329 3014 2624 2444 2089 1836 1706 1444 1333 1135 981 901 822 667 541 497 448 394 355 299 273 225 207 180 143 127 109 98 101 84 79 44 51 42 35 35 23 28 22 16 17 7 15 12 8 7 6 6 4 2 8 3 2 3 4 2 0 0 2 2 0 0 0 1 1 0 0 0 0 0 0 1 0 0 0 0 0 2 0 0 0 0 0 0 0 0 0 0 0 
0 0 26 71 84 89 122 199 306 393 514 635 901 1129 1531 1810 2035 2402 3008 3467 3952 4186 4503 5086 5359 5747 5970 6066 6059 6129 6037 5969 5681 5454 5315 4809 4429 4156 3722 3464 3070 2809 2435 2270 1912 1693 1508 1404 1182 1068 919 781 682 603 549 490 419 348 283 265 262 230 169 160 131 126 107 102 96 74 61 52 46 42 36 40 29 28 19 22 9 16 17 11 14 6 5 7 4 6 3 6 3 1 1 2 0 2 0 2 2 0 1 2 1 2 1 2 2 0 0 1 0 0 1 0 1 0 0 0 0 0 0 0 0 0 0 0 
0 0 32 87 107 95 123 204 341 450 574 802 981 1219 1319 1661 2084 2527 2978 3376 3796 4082 4630 5084 5422 5733 5862 5986 6036 6130 5969 5874 5578 5362 5029 4793 4401 4006 3762 3377 3108 2704 2498 2228 1877 1792 1505 1371 1189 1053 930 872 690 642 597 457 404 389 324 291 227 195 184 179 152 121 101 93 64 82 57 57 53 50 23 42 20 29 23 24 16 14 11 12 12 9 8 9 9 7 3 4 4 4 2 2 2 2 1 1 0 1 0 0 3 1 0 1 0 0 0 1 0 0 0 1 0 0 0 0 0 0 0 0 0 0 0 
