0 0 73 53 52 82 108 137 170 276 233 347 386 429 450 548 735 780 927 1105 1318 1478 1639 1908 2213 2356 2847 3061 3195 3502 3908 3990 3992 4292 4390 4638 4624 4409 4498 4373 4370 4164 4023 3819 3775 3312 3087 2977 2793 2570 2395 2158 2033 1784 1697 1547 1390 1290 1153 965 972 845 733 704 621 579 524 459 405 347 342 274 257 226 211 187 163 157 139 109 108 89 84 77 63 62 53 35 48 38 40 30 26 23 14 20 11 13 15 10 4 10 5 8 6 9 5 3 4 3 6 2 7 1 3 1 1 1 2 1 1 1 0 0 1 0 0 0 0 0 0 0 0 0 0 0 0 0 0 0 0 0 
0 0 107 103 60 92 173 225 227 256 319 429 562 548 609 765 894 1078 1279 1350 1611 1863 2106 2474 2684 2895 3244 3339 3691 4020 4240 4337 4539 4550 4558 4702 4777 4464 4494 4360 4120 4157 3746 3639 3505 3178 2948 2737 2461 2317 2115 1808 1732 1592 1428 1302 1162 1033 984 824 702 662 633 533 497 461 390 371 310 284 232 233 204 167 171 156 113 128 96 106 92 77 51 60 46 52 41 25 36 23 30 21 30 22 15 19 7 11 10 6 9 6 3 7 2 3 4 1 2 2 3 2 3 1 2 1 1 0 0 0 1 0 0 0 0 0 0 0 0 0 0 0 0 0 0 0 0 0 0 0 0 0 
0 0 59 58 51 80 138 131 140 236 292 318 355 523 626 676 874 1055 1091 1308 1521 1684 1832 2192 2337 2602 2978 3192 3356 3701 3984 4246 4412 4627 4664 4745 4660 4739 4637 4544 4369 4260 3996 3932 3632 3320 3195 2943 2719 2489 2275 2036 1872 1733 1503 1435 1291 1206 1069 917 794 707 679 614 535 519 450 390 359 289 264 251 198 205 169 143 127 147 95 88 91 69 75 62 58 33 35 47 43 30 32 24 20 13 24 18 16 11 9 12 6 7 4 5 6 6 1 4 2 0 1 1 5 2 0 0 3 1 2 0 1 1 0 0 0 0 0 0 0 0 0 0 0 0 0 0 0 0 0 0 0 0 
0 0 74 50 48 154 92 118 281 292 271 360 440 536 679 803 855 1019 1314 1372 1550 1812 1997 2247 2604 2764 3002 3278 3550 3891 3981 4080 4487 4401 4542 4539 4571 4559 4372 4473 4120 3975 3893 3759 3418 3279 3084 2798 2640 2418 2267 2059 1813 1737 1473 1366 1282 1133 1008 941 807 728 646 626 509 466 417 356 378 321 250 232 197 181 159 156 132 125 92 101 92 59 77 48 62 57 53 43 49 24 28 30 26 21 27 16 15 18 9 8 5 10 5 8 7 4 4 3 7 3 3 5 6 2 4 0 3 4 2 0 0 1 0 4 0 1 3 1 0 0 1 0 1 0 0 0 1 0 0 0 0 0 
0 0 63 53 51 132 139 231 217 348 297 428 545 578 696 859 927 1183 1274 1473 1727 1844 2192 2416 2694 2966 3176 3588 3804 3927 4181 4346 4475 4633 4742 4639 4606 4529 4441 4223 4188 3912 3829 3606 3200 3115 2949 2653 2571 2308 2075 1873 1661 1553 1401 1245 1077 1039 931 800 728 623 565 536 465 428 389 349 288 277 267 220 187 155 142 156 126 89 92 99 70 62 63 67 53 49 43 40 30 36 20 31 24 21 10 18 9 15 12 10 4 8 4 3 5 6 7 6 3 0 1 3 0 0 1 1 1 1 1 0 1 1 0 0 0 0 0 0 0 0 0 0 0 0 0 0 0 0 0 0 0 0 
0 0 44 63 50 148 121 120 214 415 377 413 510 574 687 907 979 1088 1373 1500 1710 2051 2264 2466 2690 3037 3170 3446 3873 4027 4193 4419 4548 4708 4568 4679 4789 4660 4407 4348 4301 3977 3753 3592 3345 3065 2873 2650 2405 2331 2019 1830 1700 1546 1336 1256 1131 1028 890 799 736 633 587 547 444 407 388 326 306 293 244 188 213 207 143 129 123 115 95 103 72 69 58 62 58 47 43 31 18 29 27 20 11 18 20 8 10 10 8 4 3 6 2 1 8 3 1 0 1 2 1 0 1 0 1 0 1 1 0 0 0 1 0 0 0 0 0 0 0 0 0 0 0 0 0 0 0 0 0 0 0 0 
0 0 50 54 45 84 182 139 141 337 256 303 520 562 607 676 842 938 1017 1389 1520 1656 1887 2231 2296 2576 3027 3247 3459 3748 3958 4050 4410 4484 4503 4554 4743 4615 4494 4435 4298 4184 3961 3747 3573 3425 3094 2950 2651 2520 2218 2117 1857 1738 1630 1548 1301 1157 1098 902 856 727 709 621 562 527 438 371 360 319 255 246 202 209 155 149 148 95 110 114 94 61 65 63 64 46 49 43 37 31 36 20 26 18 16 9 12 12 8 10 9 9 10 4 8 4 5 6 7 3 8 1 1 4 5 2 2 1 0 0 2 0 1 1 0 0 2 0 0 1 1 0 0 1 2 0 0 0 0 0 0 0 
0 0 56 62 56 77 147 105 148 208 205 431 312 378 526 509 613 820 917 1057 1223 1504 1560 1875 2064 2417 2675 2892 3201 3496 3628 4011 4005 4449 4599 4548 4769 4695 4578 4581 4476 4313 4172 3993 3828 3496 3473 3188 2875 2790 2505 2400 2198 1913 1733 1608 1474 1349 1143 1119 1006 864 779 689 637 566 517 454 447 368 325 291 271 230 225 180 169 174 138 127 88 96 98 99 75 61 62 49 55 32 37 35 36 24 25 19 15 13 9 13 12 12 13 9 7 7 4 8 6 4 6 5 4 2 3 2 1 4 1 0 3 2 1 1 0 2 0 0 2 1 0 0 0 0 0 0 0 0 0 0 0 0 
0 0 57 45 44 101 111 187 216 200 372 371 411 462 556 709 842 1100 1127 1188 1482 1718 1805 2128 2427 2529 2898 3252 3461 3653 3885 4209 4309 4445 4577 4704 4634 4711 4502 4404 4383 4197 3958 3814 3517 3410 3110 2910 2669 2449 2265 2045 1922 1613 1638 1376 1228 1155 986 935 833 767 643 655 519 463 426 409 355 295 297 243 195 210 177 165 144 105 107 110 90 65 62 56 54 40 44 30 28 26 21 22 21 17 12 9 9 10 12 6 6 4 4 5 4 3 8 1 4 3 3 2 1 3 1 1 2 1 0 0 0 1 0 1 2 0 0 0 2 0 1 0 0 0 0 0 0 0 0 0 0 0 
0 0 81 85 66 156 182 204 277 282 304 464 600 726 832 950 1097 1144 1377 1612 1836 1955 2326 2638 2765 3139 3456 3799 4117 4160 4418 4569 4493 4698 4724 4634 4742 4558 4335 4275 3973 3877 3604 3380 3183 2978 2717 2489 2292 2131 1891 1731 1603 1447 1271 1182 1050 959 819 757 722 596 505 487 399 380 327 294 292 243 186 196 173 153 147 103 115 101 88 91 74 62 69 46 46 38 36 36 28 22 23 25 15 27 14 10 4 9 11 8 4 5 6 4 4 6 1 3 2 0 3 1 1 0 2 1 0 1 0 2 0 0 0 1 0 0 1 0 0 0 0 0 0 0 0 0 0 0 0 0 0 0 
0 0 58 55 54 179 114 144 280 270 336 485 578 528 767 963 996 1135 1372 1647 1812 2043 2273 2452 2860 3155 3305 3646 3879 4186 4147 4496 4586 4685 4627 4786 4676 4600 4547 4138 4103 3875 3627 3444 3218 3146 2833 2506 2394 2289 1994 1767 1579 1491 1338 1186 1083 985 848 848 702 658 590 542 450 433 356 326 261 249 253 214 185 177 162 147 111 101 112 77 88 60 63 66 50 45 31 30 40 22 23 21 21 16 13 12 13 15 6 9 6 4 8 8 4 6 6 4 3 4 1 3 3 1 4 1 3 3 1 1 0 2 1 1 2 2 2 1 0 2 1 0 1 0 0 2 0 0 0 0 0 0 
0 0 62 48 41 73 157 156 201 249 292 338 440 512 587 842 827 988 1145 1353 1514 1733 2007 2124 2484 2824 3100 3231 3635 3914 4083 4286 4366 4593 4719 4733 4701 4618 4526 4376 4432 4260 4062 3762 3625 3336 3088 2724 2612 2486 2177 2058 1804 1674 1468 1362 1262 1104 1024 965 795 722 651 627 516 432 423 386 314 304 266 226 180 203 180 146 136 120 112 100 90 67 73 53 50 43 28 38 35 27 18 21 24 19 14 16 16 9 8 9 13 7 6 6 4 5 4 8 1 1 4 1 3 2 2 2 1 0 0 0 0 0 1 0 0 0 1 0 0 1 0 1 0 1 0 0 0 0 0 0 0 0 
0 0 59 49 62 91 116 149 200 398 294 329 544 641 597 874 1041 1022 1255 1485 1653 1837 2122 2355 2641 2842 3078 3508 3650 3842 4112 4384 4480 4469 4598 4629 4676 4634 4446 4422 4213 4004 3802 3626 3307 3234 3010 2865 2593 2417 2189 2000 1820 1600 1499 1396 1190 1055 977 873 769 754 607 535 502 466 398 395 326 285 251 216 207 177 174 122 124 112 112 75 92 73 67 60 46 44 39 31 27 21 30 17 14 18 16 8 13 10 5 6 1 6 2 5 2 0 3 1 2 1 0 1 1 2 0 0 0 0 0 0 1 0 0 0 0 0 0 0 0 0 0 0 0 0 0 0 0 0 0 0 0 0 
0 0 60 50 50 154 113 188 206 316 271 341 544 602 677 785 878 1047 1214 1344 1571 1742 2020 2173 2427 2810 3038 3272 3607 3850 3909 4318 4484 4348 4685 4679 4613 4385 4510 4379 4224 3970 3994 3666 3532 3213 2938 2880 2592 2342 2267 2013 1874 1585 1522 1350 1201 1103 986 870 796 676 658 567 542 485 409 333 357 313 257 227 237 189 181 166 138 98 112 103 66 81 69 61 58 57 48 39 37 34 29 26 27 15 19 17 13 16 10 14 8 7 10 3 4 5 2 3 3 6 1 0 5 1 0 0 0 1 1 0 1 0 0 1 1 0 0 0 0 1 1 0 0 0 0 0 0 0 0 0 0 0 
0 0 70 54 44 177 137 137 272 267 266 506 542 549 761 908 897 1108 1282 1495 1739 1798 2166 2383 2677 2920 3257 3438 3541 3904 4041 4237 4426 4365 4571 4503 4437 4424 4533 4144 4024 3959 3689 3449 3290 3046 2954 2716 2532 2339 2020 1977 1749 1505 1484 1312 1215 1125 955 858 790 696 635 574 560 482 396 365 327 297 248 233 226 193 157 139 125 107 91 82 83 63 62 52 33 47 35 39 23 29 24 21 13 19 11 15 8 12 10 8 3 5 2 1 2 1 4 0 1 1 0 0 0 0 0 0 0 0 0 0 0 0 0 0 0 0 0 0 0 0 0 0 0 0 0 0 0 0 0 0 0 0 
0 0 71 54 54 103 194 156 199 316 380 461 576 733 764 777 997 1246 1253 1418 1671 1983 2217 2355 2664 2907 3334 3659 3805 3976 4199 4375 4426 4579 4532 4767 4718 4590 4471 4421 4197 3871 3823 3545 3330 3166 2870 2690 2454 2230 2095 1904 1767 1531 1331 1243 1149 1042 915 850 789 653 608 511 486 392 389 359 306 286 218 203 182 179 151 149 127 93 106 100 85 53 86 49 43 39 36 38 44 33 27 21 29 12 15 17 13 13 7 15 11 5 7 6 5 6 5 4 3 2 2 0 2 2 4 2 0 0 0 0 1 1 1 0 2 0 0 0 0 0 0 0 0 0 0 0 0 0 0 0 0 0 
0 0 61 50 58 87 93 131 188 251 227 362 506 505 631 791 939 1054 1269 1413 1654 1916 2096 2364 2625 2993 3071 3454 3700 3872 4050 4155 4420 4563 4632 4643 4526 4624 4477 4411 4162 4081 3918 3724 3414 3159 2912 2906 2515 2336 2204 1943 1787 1594 1457 1404 1279 1104 986 909 829 713 658 583 506 453 424 362 356 293 268 224 200 174 163 132 135 115 102 97 81 74 69 56 43 43 34 36 22 25 28 20 22 9 10 11 6 2 8 8 4 2 5 1 4 1 0 1 1 2 1 0 1 0 0 0 1 0 0 0 0 1 1 0 0 0 0 0 0 0 0 0 0 0 0 0 0 0 0 0 0 0 
0 0 62 48 61 100 128 146 200 269 242 293 409 526 554 580 792 981 966 1139 1427 1650 1805 1932 2300 2506 2806 3014 3236 3494 3761 4053 4168 4316 4458 4485 4653 4519 4637 4500 4438 4064 4068 3935 3737 3457 3268 3097 2848 2586 2466 2271 2021 1766 1623 1534 1347 1207 1110 993 896 785 752 622 574 484 485 449 355 324 296 267 225 202 161 169 151 129 106 99 98 77 66 64 51 59 45 39 27 22 34 33 25 17 16 28 15 13 8 7 12 5 10 6 3 3 4 4 2 3 2 1 3 2 1 2 0 0 2 0 1 0 0 0 0 0 1 0 0 0 0 0 0 0 0 0 0 0 0 0 0 0 
0 0 75 60 48 208 102 147 248 352 340 480 632 552 730 915 942 1130 1330 1515 1725 1988 2218 2533 2684 3085 3292 3597 3868 4108 4293 4440 4625 4576 4877 4772 4552 4644 4535 4263 4115 4065 3738 3484 3213 3029 2838 2627 2289 2109 2001 1803 1647 1476 1323 1240 1073 973 944 770 684 607 575 514 428 421 339 310 300 267 216 210 184 183 143 128 132 117 88 87 93 73 60 50 40 61 36 37 26 34 24 26 21 12 16 13 13 12 9 11 9 6 5 5 4 7 6 4 4 2 1 3 3 2 2 0 0 1 1 1 2 0 0 0 0 0 1 1 0 0 0 0 0 0 0 0 0 0 0 0 0 0 
0 0 58 47 40 93 167 93 208 321 302 390 620 511 527 759 935 963 1135 1399 1517 1783 1978 2167 2496 2858 3106 3339 3726 3928 3948 4290 4477 4568 4709 4772 4639 4648 4534 4400 4209 4148 3925 3683 3557 3161 2977 2937 2596 2304 2168 1947 1795 1699 1454 1317 1200 1155 937 876 811 731 605 544 485 421 372 372 322 249 267 220 184 177 159 137 118 109 67 91 73 63 56 57 47 30 42 31 21 30 17 12 16 30 12 6 13 16 9 8 7 5 6 6 2 2 2 2 2 2 2 1 1 2 1 0 1 2 1 3 1 0 1 0 1 2 0 0 0 2 0 0 0 0 0 1 0 0 0 0 0 0 
0 0 73 50 48 90 97 163 175 294 327 393 480 611 658 713 983 1021 1121 1426 1676 1746 2049 2277 2574 2780 3116 3329 3679 3920 4172 4317 4520 4694 4680 4737 4620 4572 4468 4510 4217 3979 3880 3545 3470 3207 2917 2780 2568 2290 2176 2010 1813 1635 1496 1337 1215 1064 1057 881 792 735 647 525 524 488 435 365 359 319 262 244 232 181 194 149 145 138 116 102 95 72 75 72 55 48 35 45 39 33 26 34 18 17 23 11 19 18 14 17 12 7 10 3 5 9 0 6 3 5 7 0 2 1 2 0 2 3 1 0 0 0 1 0 0 0 0 0 0 0 0 0 0 0 0 0 0 0 0 0 0 0 
0 0 60 61 56 118 131 132 179 233 247 338 412 486 657 662 797 934 1216 1389 1556 1845 2091 2287 2663 2805 3220 3387 3589 3984 4139 4385 4555 4587 4608 4596 4758 4645 4512 4294 4196 4004 3874 3648 3468 3234 2934 2720 2584 2363 2160 1981 1810 1622 1518 1326 1184 1065 1000 942 819 716 597 636 538 510 455 360 395 300 259 237 228 214 178 149 143 126 121 101 69 87 67 61 57 46 45 50 24 31 30 28 19 24 22 11 15 27 13 9 6 12 4 6 6 9 3 2 2 5 1 0 2 3 2 1 1 0 0 1 0 2 1 0 1 0 1 0 0 0 1 0 0 0 0 0 0 0 0 0 0 0 
0 0 65 48 49 100 128 185 300 227 263 424 551 549 650 823 950 1091 1233 1542 1711 2011 2235 2481 2751 3190 3435 3561 3881 4228 4362 4497 4564 4775 4721 4779 4637 4734 4340 4354 4297 3933 3559 3561 3304 2998 2816 2578 2364 2254 2036 1709 1659 1521 1294 1231 1086 977 870 763 729 572 551 489 452 414 369 347 308 270 250 203 207 157 142 143 139 101 96 80 98 65 58 43 44 41 51 30 34 27 20 17 16 15 12 19 13 4 10 9 6 3 11 3 2 3 4 2 1 1 1 2 1 0 0 1 1 0 0 0 0 0 0 0 0 0 0 0 0 0 0 0 0 0 0 0 0 0 0 0 0 0 
0 0 46 54 56 67 99 127 166 184 260 300 318 447 496 543 663 802 912 1004 1113 1325 1521 1813 2071 2317 2633 2881 3109 3437 3632 3791 4070 4163 4343 4400 4445 4638 4445 4498 4459 4245 4109 4048 3673 3615 3398 3215 2990 2710 2587 2399 2169 1968 1812 1622 1516 1318 1264 1118 985 946 829 719 630 590 511 465 405 371 347 307 265 268 225 181 172 151 112 105 107 108 77 77 55 47 55 47 46 37 33 31 23 23 20 18 17 11 14 6 7 4 3 8 6 3 4 5 3 5 1 2 5 2 2 0 1 1 1 1 0 0 0 0 0 0 0 0 0 0 0 0 0 0 0 0 0 0 0 0 0 0 
0 0 47 42 46 140 110 134 202 245 276 365 509 480 526 724 750 920 1076 1290 1490 1479 1906 2132 2234 2690 3076 3173 3492 3897 3856 4199 4435 4582 4712 4733 4712 4524 4589 4588 4469 4263 3962 3780 3652 3348 3173 2982 2707 2511 2340 2106 1869 1721 1547 1464 1262 1196 1033 934 863 757 679 642 577 513 401 365 351 300 280 253 241 206 189 134 132 139 82 84 79 91 84 61 54 48 52 42 41 34 20 26 25 20 16 17 17 17 13 11 7 6 10 7 3 3 5 2 0 1 6 2 1 1 1 1 2 0 1 2 0 0 0 0 0 0 0 0 0 0 0 0 0 0 0 0 0 0 0 0 0 0 
0 0 61 70 50 121 117 113 219 263 395 370 398 573 653 760 990 1031 1209 1355 1693 1832 2043 2421 2628 2880 3209 3445 3684 3930 4105 4326 4508 4627 4866 4730 4731 4656 4581 4355 4211 4044 3830 3623 3385 3202 2970 2713 2482 2381 2068 1891 1812 1589 1457 1287 1136 1018 933 877 755 683 605 528 479 428 391 373 300 289 249 223 192 192 155 129 126 110 120 96 72 75 75 43 44 42 34 39 30 28 30 18 18 19 11 11 14 10 13 12 10 8 6 7 7 2 2 8 1 1 4 0 2 3 3 2 0 0 1 1 2 0 0 2 0 0 1 0 0 0 0 0 0 0 0 0 0 0 0 0 0 0 
0 0 68 50 49 106 145 139 250 321 314 438 531 567 669 779 891 1135 1291 1419 1590 1845 2189 2330 2532 2833 3189 3271 3618 3902 3987 4288 4500 4540 4570 4696 4605 4564 4449 4422 4313 4092 3830 3757 3453 3218 3061 2832 2539 2374 2131 1991 1738 1639 1514 1228 1173 1027 934 820 740 690 634 536 462 439 396 360 307 253 253 188 226 180 130 127 118 98 97 92 80 73 68 57 34 50 45 28 37 28 20 21 36 18 11 17 9 21 15 14 11 9 10 9 2 11 8 8 5 5 4 2 2 3 1 1 3 2 0 0 1 3 1 1 1 0 0 0 0 1 2 0 0 0 0 1 0 0 1 0 0 0 
0 0 56 47 39 105 134 136 283 242 215 420 409 517 729 706 885 1091 1181 1301 1484 1693 1967 2329 2461 2832 3110 3303 3507 3937 4005 4243 4395 4536 4609 4680 4763 4737 4547 4411 4407 4095 4160 3840 3560 3194 3097 2901 2641 2377 2191 1969 1867 1678 1438 1385 1207 1165 999 935 815 697 629 583 517 442 411 377 303 276 304 211 199 187 162 138 144 113 80 89 63 79 69 46 48 32 34 34 26 19 17 18 15 10 10 16 20 8 8 7 10 8 4 5 4 5 5 6 4 1 4 1 2 0 2 0 0 0 1 1 0 0 0 1 0 0 0 0 0 0 0 0 0 0 0 0 0 0 0 0 0 0 
0 0 58 62 48 69 133 213 208 326 254 389 459 495 677 691 918 1182 1222 1380 1496 1749 1989 2193 2592 2879 3143 3335 3664 3825 4142 4134 4412 4513 4593 4672 4699 4574 4449 4562 4168 4085 3953 3801 3414 3300 3132 2908 2647 2450 2129 2034 1906 1606 1473 1438 1233 1160 924 891 809 749 677 592 505 456 409 343 332 294 282 237 225 193 153 140 117 124 100 92 91 80 67 78 53 52 40 33 33 31 21 25 30 26 13 10 16 13 11 7 10 6 11 6 4 6 4 2 5 3 3 1 2 1 2 3 2 3 1 1 0 0 2 0 0 1 0 1 0 1 1 0 1 1 0 0 0 0 0 0 0 0 
0 0 60 49 52 73 142 150 198 266 278 400 483 612 689 865 952 1124 1319 1576 1775 1960 2169 2352 2772 3018 3367 3501 3754 4127 4292 4480 4602 4747 4826 4784 4755 4804 4733 4383 4342 4044 3909 3571 3445 3204 2963 2688 2483 2425 2147 1960 1741 1556 1444 1277 1106 1014 915 844 748 621 603 547 481 407 390 307 298 267 203 205 175 140 150 142 114 95 105 91 69 58 74 51 48 46 34 26 24 27 20 14 18 14 12 11 9 10 2 8 4 6 4 7 6 3 2 4 3 5 5 3 1 1 2 2 0 1 1 1 1 0 2 0 0 1 1 0 1 2 0 1 1 0 0 0 0 0 0 0 0 0 
0 0 56 48 49 68 140 189 131 263 245 327 366 460 563 670 796 914 1030 1227 1376 1576 1812 1971 2277 2513 2866 3052 3369 3626 3973 3906 4140 4495 4486 4508 4573 4645 4559 4523 4166 4150 4052 3821 3628 3429 3132 2925 2817 2577 2347 2157 2024 1760 1655 1566 1355 1176 1105 1022 859 800 697 640 641 485 503 374 398 331 312 261 247 236 206 153 136 127 101 107 93 78 75 62 61 51 45 32 31 24 26 34 28 20 15 22 21 11 15 15 12 9 12 12 12 10 8 3 7 13 4 7 8 5 3 2 5 4 1 3 0 1 3 0 2 0 0 1 1 0 1 2 0 0 2 1 1 0 1 0 0 0 
0 0 56 51 51 175 121 227 234 291 316 410 464 555 657 793 921 1193 1230 1403 1688 1826 2117 2557 2707 3095 3378 3542 3862 4130 4261 4579 4556 4836 4747 4913 4780 4569 4485 4497 4272 4028 3773 3561 3462 3147 2913 2643 2415 2267 2042 1812 1633 1511 1370 1281 1130 926 915 845 731 682 580 510 461 424 366 311 269 260 231 194 180 150 152 114 121 101 78 83 65 62 57 46 42 39 44 30 33 27 16 23 21 24 11 19 9 16 14 10 9 7 9 10 3 3 5 3 5 2 2 5 3 5 0 1 2 0 1 1 0 0 1 0 0 0 0 0 1 0 0 0 0 0 0 0 1 0 0 0 0 0 
0 0 65 53 51 88 132 172 233 239 371 471 501 607 663 880 1037 1201 1318 1637 1808 1975 2272 2583 2771 3147 3426 3801 3872 4126 4406 4398 4589 4707 4860 4627 4655 4738 4432 4332 4190 3878 3727 3504 3234 3066 2858 2485 2515 2306 2034 1808 1668 1541 1347 1183 1049 935 879 801 708 645 592 499 431 429 357 341 266 249 211 193 203 160 156 126 122 107 84 84 61 76 55 48 47 42 40 38 32 26 23 20 17 17 10 10 15 12 5 9 8 5 4 1 3 8 2 1 3 1 4 1 1 1 3 0 0 1 2 0 1 1 0 1 0 1 0 0 1 0 0 0 0 0 0 0 0 0 0 0 0 0 
0 0 48 43 30 121 98 84 152 226 223 412 412 519 560 640 830 910 1049 1298 1471 1622 1826 2120 2360 2548 3025 3142 3391 3670 3943 4218 4304 4436 4614 4713 4823 4810 4592 4554 4382 4343 3977 3908 3709 3482 3286 3052 2813 2550 2394 2128 1956 1742 1634 1472 1239 1163 1065 1024 812 749 707 610 557 472 418 368 316 310 274 260 231 210 156 151 126 118 92 100 99 55 61 55 38 43 41 36 29 31 22 19 14 15 15 19 10 7 9 9 5 6 6 8 8 4 1 3 4 0 3 2 0 0 0 1 0 0 0 0 0 0 1 0 0 0 0 0 0 1 0 0 0 0 1 0 0 1 0 0 0 0 
0 0 62 63 66 100 108 157 222 254 235 418 446 554 637 762 829 989 1092 1363 1589 1657 1905 2214 2422 2729 2878 3077 3462 3744 4089 4138 4255 4296 4565 4584 4532 4596 4627 4451 4356 4088 4016 3785 3584 3303 3172 2914 2797 2390 2195 2093 1871 1725 1589 1400 1283 1208 1121 929 864 795 721 620 552 489 464 386 329 298 296 265 205 184 171 159 142 122 113 91 72 80 66 58 61 62 36 29 29 26 29 20 25 17 15 13 19 13 15 13 10 8 7 6 7 5 3 4 2 4 1 1 3 1 0 1 1 0 1 0 1 0 0 1 0 0 1 0 0 1 0 0 0 0 0 0 0 0 0 0 0 0 
0 0 74 49 55 108 128 161 173 237 299 374 460 582 560 756 1030 1059 1185 1376 1597 1916 2119 2348 2779 2938 3190 3583 3695 3957 4202 4447 4481 4607 4615 4740 4647 4641 4615 4358 4266 4070 3874 3694 3359 3270 2959 2760 2565 2298 2088 1867 1769 1580 1408 1277 1198 1031 864 814 727 681 638 546 439 453 416 354 290 291 283 211 209 185 169 143 151 110 109 92 95 78 67 62 56 43 41 46 34 28 37 29 20 22 16 25 24 12 9 19 13 12 10 7 6 11 9 2 3 3 2 4 3 2 3 2 2 2 2 3 5 2 2 0 2 2 1 0 0 2 1 1 0 4 3 0 1 1 1 0 1 1 
0 0 51 55 50 150 131 178 236 265 309 618 528 509 722 854 998 1093 1256 1491 1702 1885 2159 2449 2647 3007 3348 3444 3748 3978 4323 4386 4476 4617 4679 4410 4751 4628 4391 4357 4183 3929 3861 3655 3353 3144 2940 2686 2469 2306 2092 1861 1740 1612 1358 1269 1147 1013 989 851 784 646 602 570 489 461 417 344 326 253 244 223 190 183 146 139 136 115 114 83 87 74 60 59 50 35 36 26 27 28 23 20 17 14 11 16 9 20 10 7 10 4 8 5 4 8 3 4 4 0 6 4 3 2 1 3 0 1 1 0 1 1 1 2 1 0 0 0 0 0 0 0 0 0 0 0 0 0 0 0 0 0 
0 0 61 45 40 166 163 201 311 299 354 459 478 561 717 795 887 1136 1283 1420 1761 1857 2124 2445 2705 2909 3229 3630 3800 4000 4231 4341 4465 4514 4677 4607 4608 4620 4480 4321 4196 3971 3782 3547 3411 3103 2849 2758 2538 2246 2039 1904 1743 1693 1325 1255 1147 1047 913 842 743 659 638 529 498 422 374 364 322 296 269 216 175 162 172 116 120 97 101 78 84 68 62 61 49 39 38 35 38 34 33 28 28 22 26 14 17 10 17 12 10 6 3 5 6 4 4 9 4 3 2 4 2 2 3 3 3 2 2 3 1 1 1 1 2 0 0 0 0 1 2 0 1 0 0 0 0 0 0 0 0 0 
0 0 68 41 44 93 251 175 203 348 323 391 543 617 737 899 958 1078 1202 1526 1732 1976 2143 2358 2653 2946 3216 3422 3713 3923 4242 4307 4458 4580 4607 4756 4629 4566 4500 4387 4029 4080 3795 3586 3348 3180 2928 2675 2466 2206 2099 1882 1752 1620 1452 1232 1120 1076 901 898 746 650 596 559 453 437 400 322 335 277 240 201 188 185 143 159 131 94 87 93 72 53 65 65 42 49 40 41 39 25 24 15 21 14 19 16 6 14 6 8 1 9 10 6 4 3 2 6 2 3 3 3 2 1 2 2 0 1 1 0 0 1 0 2 1 0 1 0 0 1 0 0 1 0 0 0 0 1 0 0 0 0 
0 0 72 68 50 113 153 169 377 357 382 527 694 773 825 938 1186 1319 1523 1684 1915 2206 2420 2745 2887 3201 3424 3713 4135 4209 4199 4430 4505 4662 4609 4649 4600 4483 4316 4132 3872 3748 3561 3271 3221 2965 2653 2535 2192 2017 1842 1659 1548 1407 1361 1130 1085 970 845 818 628 625 572 464 445 385 360 299 295 248 212 199 178 156 132 134 95 113 81 80 85 74 51 46 52 34 36 34 17 25 18 18 17 17 14 11 12 11 9 7 9 7 8 6 2 3 3 9 4 2 0 2 2 1 0 2 0 0 0 1 0 1 0 2 0 0 0 0 1 1 0 0 1 0 0 1 0 0 0 0 0 0 
0 0 55 74 43 66 128 253 128 300 358 366 401 515 653 674 867 1117 1223 1347 1654 1815 1943 2262 2444 2678 3110 3376 3503 3734 4019 4137 4382 4483 4482 4575 4600 4636 4454 4364 4246 4078 3907 3746 3334 3253 3054 2856 2611 2371 2203 2107 1890 1596 1478 1397 1256 1099 1054 910 814 758 630 582 525 444 402 369 337 297 275 247 262 205 163 155 155 127 119 110 96 86 78 77 47 50 47 43 46 28 23 35 20 22 18 16 16 15 15 10 10 4 3 5 4 3 1 5 4 3 0 0 0 3 1 2 2 0 1 0 3 0 0 0 0 0 0 0 0 0 0 0 0 0 0 0 0 0 0 0 0 0 
0 0 52 49 46 86 108 137 208 278 250 501 459 448 669 733 815 960 1178 1284 1453 1664 1872 2140 2297 2579 2996 3146 3521 3757 3881 4178 4331 4474 4490 4617 4733 4603 4401 4478 4315 4150 3953 3851 3431 3373 3157 2791 2673 2554 2267 2100 1860 1742 1580 1507 1260 1215 1079 962 894 776 750 645 579 470 443 435 390 323 277 254 220 197 186 150 141 120 113 99 81 74 84 66 39 35 41 37 35 41 24 26 20 12 17 11 12 17 15 10 11 10 5 10 6 4 6 2 2 1 0 2 2 2 1 1 0 1 1 0 0 0 1 0 0 0 0 0 0 0 0 0 0 0 0 0 0 0 0 0 0 0 
0 0 70 42 54 125 143 140 282 322 399 446 478 643 847 827 940 1205 1271 1467 1701 1897 2121 2469 2725 2845 3234 3560 3712 3976 4114 4347 4506 4601 4620 4717 4579 4474 4341 4332 4205 4000 3653 3568 3275 3140 2933 2677 2387 2246 2103 1965 1786 1546 1417 1265 1123 1097 898 846 741 679 576 504 487 415 379 392 292 265 211 214 208 174 154 143 115 109 90 82 82 78 60 68 67 39 50 45 28 22 33 25 20 21 23 9 8 14 12 13 11 11 11 10 9 5 5 13 6 3 8 4 2 1 2 4 1 3 2 1 2 0 0 0 0 1 0 2 0 0 0 0 0 0 0 0 0 0 0 0 0 0 
0 0 48 46 62 101 138 173 253 224 242 345 416 527 764 788 820 1115 1204 1342 1539 1699 1944 2239 2507 2764 3086 3242 3438 3919 4190 4200 4417 4557 4702 4649 4719 4661 4519 4552 4289 4144 3797 3586 3582 3271 3167 2884 2704 2384 2188 2046 1808 1585 1476 1374 1215 1139 967 851 865 724 621 584 538 472 410 365 360 298 290 235 227 189 173 155 141 106 116 92 79 76 71 53 39 45 33 35 35 24 19 16 15 11 18 18 10 8 12 6 9 5 4 3 3 4 4 2 3 3 0 1 1 1 0 0 1 2 0 0 1 1 0 0 1 1 0 0 0 0 0 0 1 0 0 0 0 0 0 0 1 0 
0 0 74 62 50 184 231 180 321 320 344 585 541 618 766 960 1161 1161 1362 1719 1869 2098 2404 2768 2920 3287 3466 3710 4106 4128 4429 4561 4666 4665 4686 4730 4598 4371 4416 4229 4108 3810 3636 3365 3163 2941 2783 2509 2335 2158 1946 1751 1586 1357 1327 1143 1037 1002 859 716 676 638 510 472 413 351 327 326 269 254 236 188 176 145 132 136 103 105 92 77 74 73 58 50 42 50 43 35 37 29 20 22 17 18 16 20 15 13 12 11 7 5 6 7 6 4 10 1 4 5 6 1 1 3 5 3 1 4 1 1 2 1 0 0 1 1 1 0 1 1 0 0 0 1 0 0 0 1 0 0 0 0 
0 0 76 51 45 92 120 154 223 212 356 367 423 494 629 755 852 967 1127 1414 1563 1844 2012 2302 2667 2800 3102 3304 3721 3757 4177 4242 4308 4501 4625 4639 4620 4462 4507 4471 4171 4095 3931 3584 3489 3265 3047 2874 2598 2452 2266 2015 1915 1772 1639 1432 1323 1177 1051 935 883 796 667 641 549 493 443 376 358 273 270 257 202 189 169 143 132 105 110 93 85 77 64 57 57 54 52 43 38 28 17 15 17 20 20 12 11 8 7 3 5 6 4 6 1 1 3 1 2 3 0 1 3 1 0 0 2 2 3 1 1 0 2 0 0 1 0 0 1 2 2 0 0 0 0 0 0 0 0 0 0 0 
0 0 47 50 54 153 95 115 237 349 206 291 505 488 590 796 899 959 1153 1338 1552 1885 2058 2326 2725 2911 3222 3562 3686 4034 4188 4365 4526 4563 4747 4718 4741 4647 4661 4554 4217 4347 3968 3753 3531 3314 3011 2727 2563 2355 2228 1869 1782 1558 1512 1289 1180 1037 958 817 789 699 607 572 482 479 389 359 301 295 272 253 194 160 142 147 112 101 86 100 67 60 66 61 44 39 41 34 28 20 27 21 16 26 10 9 20 15 5 8 3 9 5 1 5 3 6 1 3 4 3 0 3 2 1 1 0 1 0 1 0 0 0 0 0 0 2 1 0 0 0 0 0 0 0 0 0 0 0 0 0 0 
0 0 61 57 57 97 118 131 195 254 381 288 444 649 604 753 889 1069 1088 1277 1633 1804 1988 2201 2543 2949 3068 3329 3647 3835 4103 4320 4530 4472 4480 4677 4522 4589 4493 4306 4196 4088 3837 3690 3471 3273 3004 2843 2576 2388 2263 2061 1813 1663 1448 1339 1226 1142 976 936 824 730 628 597 530 448 403 361 337 302 252 258 209 181 160 132 129 101 120 97 67 77 59 47 51 40 53 39 20 33 24 18 14 12 19 16 6 5 4 4 6 9 3 1 2 2 3 2 2 3 4 2 0 0 4 1 0 1 0 1 1 4 0 0 2 0 0 0 0 0 0 0 0 0 0 0 0 0 0 0 0 0 
0 0 63 57 48 73 110 212 213 202 260 339 430 436 624 668 749 944 1098 1205 1440 1617 1784 2047 2294 2532 2788 3106 3299 3431 3847 4031 4165 4420 4475 4478 4617 4633 4528 4529 4285 4155 4118 3858 3675 3476 3321 2998 2760 2540 2417 2225 2097 1810 1566 1502 1321 1197 1106 974 977 769 735 653 553 542 443 429 361 308 315 293 231 231 182 162 169 151 134 124 109 65 67 81 68 59 43 47 38 45 23 28 28 25 22 16 15 17 11 11 15 10 9 9 8 6 3 5 2 6 3 1 3 2 3 1 1 1 3 0 1 0 2 1 0 0 0 0 1 0 0 0 0 0 0 0 0 1 0 0 0 0 
0 0 57 59 44 198 106 146 399 340 277 471 523 595 754 805 940 1172 1405 1377 1863 1934 2101 2416 2693 2989 3299 3479 3713 4165 4242 4333 4467 4665 4537 4651 4575 4483 4488 4346 4191 3974 3787 3534 3289 3111 2921 2753 2520 2294 1922 1885 1711 1474 1427 1299 1094 1017 882 794 721 627 627 509 419 390 378 307 305 231 229 218 167 177 152 122 98 99 94 99 65 64 78 48 36 46 38 28 20 27 28 19 30 15 10 20 20 10 14 8 15 4 6 9 9 5 5 4 5 1 8 3 2 1 4 2 1 2 0 3 2 3 3 0 0 1 3 1 1 0 2 1 0 1 0 0 0 0 0 0 0 0 
0 0 58 58 55 89 180 148 232 284 351 347 491 595 714 817 1061 1058 1154 1489 1669 1850 2033 2367 2676 2820 3166 3432 3567 3862 4119 4194 4447 4517 4707 4579 4565 4499 4421 4408 4118 4035 3825 3582 3440 3233 2916 2792 2545 2334 2096 2001 1802 1587 1447 1309 1263 1029 1020 824 819 738 685 590 500 454 413 402 348 299 285 271 217 204 158 144 158 122 119 116 73 75 68 57 53 48 48 37 23 25 24 24 15 12 16 10 23 11 9 13 6 11 6 3 4 2 4 8 4 4 2 3 2 1 3 0 2 2 1 0 1 1 0 1 0 0 0 1 0 0 0 0 1 0 0 0 0 0 0 0 0 0 
0 0 66 62 66 122 197 217 259 346 432 462 633 764 873 961 1131 1274 1539 1778 1909 2088 2412 2689 2931 3004 3467 3671 3890 4212 4318 4371 4570 4626 4680 4687 4517 4564 4376 4165 4084 3850 3578 3409 3138 2961 2731 2549 2295 2151 1879 1727 1568 1451 1299 1117 1076 971 900 828 690 634 607 497 442 429 396 327 277 233 230 241 189 161 175 129 103 109 108 85 73 64 53 57 45 48 35 31 36 25 23 27 16 19 16 15 13 5 11 10 6 6 2 5 3 2 1 0 3 4 3 2 2 0 1 2 0 0 1 1 0 0 1 1 0 0 0 0 0 0 0 0 0 0 0 0 0 0 0 0 0 0 
0 0 40 41 45 57 73 107 161 173 289 290 299 506 493 550 683 792 898 1118 1229 1401 1654 1959 2117 2429 2617 2943 3117 3515 3741 3937 4189 4256 4426 4417 4571 4674 4562 4481 4396 4377 4199 3949 3763 3454 3434 3106 2847 2663 2417 2359 2069 1906 1712 1610 1456 1253 1169 1044 977 812 775 708 587 533 514 421 389 357 334 281 280 203 211 155 161 151 145 120 113 99 87 70 64 43 55 36 30 37 39 28 28 9 14 17 22 9 9 6 6 5 4 2 4 8 6 5 6 5 3 3 4 2 4 2 0 3 1 1 1 3 1 1 3 1 2 2 0 2 0 3 0 0 1 0 0 1 0 0 0 0 
0 0 63 64 51 90 130 144 176 232 357 427 389 556 744 759 899 1107 1213 1331 1682 1907 2109 2236 2629 2862 3072 3477 3651 3790 4032 4458 4452 4578 4651 4840 4657 4752 4579 4389 4264 4059 3964 3655 3521 3189 3022 2735 2571 2309 2154 1928 1812 1646 1544 1360 1215 1018 938 850 768 717 615 569 506 444 412 363 301 261 287 231 190 202 133 149 129 110 82 81 80 75 66 55 45 45 35 44 37 21 30 22 21 8 18 10 13 13 5 5 10 4 5 3 3 3 2 1 0 3 0 1 1 1 1 1 0 0 0 1 0 0 0 0 0 0 0 0 0 0 0 0 0 0 0 0 0 0 0 0 0 0 
0 0 52 56 41 139 90 106 248 188 234 442 377 424 574 678 719 848 1048 1119 1356 1514 1700 1886 2280 2464 2801 2988 3347 3531 3825 3943 4271 4400 4418 4484 4625 4582 4610 4383 4319 4307 4106 3872 3661 3561 3254 2971 2763 2556 2463 2232 2045 1820 1664 1457 1371 1290 1118 1002 879 873 701 643 640 505 502 480 426 352 343 275 246 232 188 174 156 142 135 99 98 82 74 77 58 59 42 28 35 36 28 20 25 24 11 8 20 8 4 8 4 10 6 4 5 7 4 2 5 6 2 0 4 1 1 1 2 1 0 0 1 1 0 0 0 0 0 0 0 0 0 0 0 0 0 0 0 0 0 0 0 0 
0 0 52 50 46 87 213 145 172 277 287 355 463 578 717 777 920 957 1162 1385 1532 1760 2020 2221 2535 2743 2933 3191 3489 3861 3946 4128 4412 4434 4558 4687 4684 4600 4591 4440 4241 4080 3906 3728 3458 3259 3023 2746 2621 2487 2191 2039 1785 1644 1621 1343 1170 1044 1023 953 848 708 635 616 548 471 449 375 339 318 271 244 225 189 201 160 139 119 122 110 93 74 68 62 55 58 40 39 46 31 22 19 26 26 19 17 15 14 15 9 8 8 7 3 2 9 4 3 3 1 5 4 5 2 0 3 4 3 0 2 0 1 1 2 0 1 0 0 0 0 1 1 1 0 0 2 0 0 1 1 0 1 
0 0 60 51 49 119 141 114 194 271 435 418 428 558 747 876 964 1086 1371 1496 1720 1996 2136 2530 2785 2964 3217 3688 3921 4165 4175 4354 4502 4620 4829 4690 4613 4424 4388 4248 4058 3896 3748 3463 3319 3091 2866 2519 2427 2250 2051 1885 1726 1547 1355 1274 1228 1010 953 843 753 665 571 554 464 444 355 364 278 310 248 208 189 171 163 155 122 120 102 92 90 74 61 63 35 50 41 32 37 38 31 24 20 16 17 16 14 9 10 12 10 6 4 9 6 4 10 5 2 0 3 8 2 0 0 0 2 2 1 0 0 0 0 0 0 0 0 0 0 0 0 0 0 0 0 0 0 0 0 0 0 0 
0 0 50 55 50 96 182 148 262 253 311 445 532 690 726 876 1138 1209 1290 1614 1787 2029 2214 2454 2749 2947 3239 3474 3808 3921 4177 4267 4458 4519 4513 4626 4564 4535 4397 4226 4161 3844 3638 3435 3248 3081 2888 2606 2403 2148 2052 1797 1701 1524 1430 1278 1167 1028 940 842 719 690 643 527 482 435 395 350 325 261 248 224 216 193 168 133 133 89 98 104 58 70 70 49 37 34 43 34 33 26 28 21 21 22 19 15 12 6 13 12 13 8 8 8 5 6 7 4 7 2 5 3 1 0 2 2 2 2 0 0 1 3 0 1 0 0 1 1 2 0 2 2 0 0 1 0 0 1 0 0 0 0 
0 0 47 34 46 88 97 91 215 182 271 231 430 457 446 644 817 891 972 1054 1426 1562 1729 1970 2282 2614 2853 3047 3339 3675 3937 4024 4270 4431 4685 4781 4576 4517 4633 4631 4366 4273 4109 4042 3722 3580 3251 2958 2789 2730 2383 2140 2068 1839 1621 1484 1358 1309 1094 1036 913 841 714 631 606 555 471 430 393 355 294 286 249 208 210 178 168 129 142 116 90 64 85 80 52 69 65 43 51 48 29 35 33 24 17 18 21 23 9 15 14 5 5 10 4 5 3 3 3 5 3 6 3 0 4 1 3 3 1 2 2 3 1 1 0 2 0 0 0 1 0 0 0 1 0 0 0 0 0 0 0 0 
0 0 78 66 60 130 185 204 207 322 395 517 576 689 732 967 1110 1241 1403 1646 1865 2093 2384 2662 3023 3219 3534 3894 4076 4292 4467 4627 4681 4697 4774 4680 4580 4570 4474 4195 3978 3798 3478 3344 3142 2885 2622 2408 2229 2046 1876 1698 1588 1349 1295 1122 1045 916 803 790 667 626 550 434 435 397 340 299 270 259 227 200 161 135 122 123 93 107 64 75 75 54 42 50 34 37 29 28 30 17 20 17 16 14 9 10 9 12 5 6 8 5 5 4 1 6 4 1 4 1 2 3 3 2 1 0 1 0 2 1 2 1 0 1 0 0 0 2 2 0 0 0 1 0 0 1 1 0 1 0 0 0 
0 0 48 63 43 83 101 128 189 261 317 351 454 472 577 660 777 889 985 1145 1359 1491 1813 1997 2176 2452 2769 2994 3300 3580 3828 3946 4225 4372 4451 4575 4679 4660 4556 4357 4410 4173 4030 3867 3737 3455 3270 2997 2704 2612 2366 2156 2045 1817 1644 1495 1350 1186 1060 961 861 796 695 640 569 516 467 434 341 318 294 271 215 213 174 179 148 152 135 97 88 89 73 83 55 52 44 44 44 45 30 24 15 26 18 8 11 9 10 10 8 6 11 5 4 1 1 5 5 0 6 5 2 0 5 3 0 1 1 0 2 1 1 0 1 0 0 0 0 1 0 0 0 0 0 0 0 0 0 0 0 0 
0 0 53 59 40 64 105 107 152 169 166 250 264 455 527 464 672 824 860 1073 1338 1575 1749 1968 2311 2505 2815 3154 3427 3765 3980 4183 4458 4499 4779 4749 4809 4764 4693 4637 4500 4242 4150 4090 3657 3392 3356 3100 2857 2598 2473 2257 1984 1823 1676 1475 1357 1244 1092 952 915 762 717 671 544 523 473 407 340 322 284 232 228 215 176 147 141 112 113 104 105 79 70 62 54 53 46 34 42 44 29 22 15 25 16 16 13 7 10 8 11 6 10 2 5 4 5 2 1 0 2 3 0 3 1 3 2 0 0 0 1 1 0 0 0 0 0 0 0 0 0 0 0 0 0 0 0 0 0 0 0 0 
0 0 40 42 37 203 92 93 296 236 255 451 395 484 675 764 807 994 1112 1405 1592 1867 2129 2390 2671 2887 3142 3373 3753 3988 4209 4350 4529 4529 4657 4623 4704 4624 4536 4340 4282 4087 3921 3571 3429 3101 2970 2812 2500 2289 2195 1946 1709 1555 1443 1295 1199 1149 962 923 746 685 648 593 464 476 442 354 361 292 245 253 236 187 157 138 117 107 114 111 80 74 65 55 47 48 38 36 30 28 24 21 24 7 21 22 8 7 16 10 14 8 9 2 9 6 5 0 3 1 3 3 1 1 0 1 1 2 2 0 1 1 0 1 1 0 0 1 0 0 0 0 1 0 0 0 0 0 0 0 0 0 
0 0 49 61 50 77 218 192 243 425 407 513 623 715 750 967 1061 1337 1430 1712 1840 2137 2446 2840 2923 3221 3470 3719 4032 4313 4376 4508 4605 4774 4778 4660 4607 4429 4304 4216 4015 3782 3628 3360 3113 3043 2795 2414 2393 2116 1889 1771 1572 1425 1256 1126 1048 855 833 783 670 590 531 492 440 404 355 288 295 260 199 205 166 152 139 136 91 107 81 69 62 57 47 43 36 40 24 26 24 31 17 14 13 12 12 15 7 6 2 14 7 5 4 6 2 6 2 1 5 2 1 2 2 2 0 1 3 0 0 0 2 0 0 2 0 0 0 0 0 0 0 0 0 0 0 0 0 0 0 0 0 0 
0 0 63 55 37 86 182 153 260 210 254 293 391 553 575 763 786 881 1146 1293 1402 1655 1932 2154 2424 2614 2984 3161 3634 3748 3923 4248 4362 4525 4636 4616 4715 4612 4656 4510 4386 4122 3940 3750 3603 3255 3153 2888 2678 2498 2188 2074 1898 1713 1578 1436 1280 1138 1031 920 844 767 626 619 549 509 448 375 321 277 262 260 209 189 190 150 130 130 107 94 87 67 62 59 57 47 35 34 19 28 29 13 8 15 19 7 4 12 10 7 6 7 9 4 4 6 2 3 3 2 0 1 2 3 3 5 0 0 1 1 1 0 2 2 1 0 0 2 0 0 0 0 0 0 0 0 0 0 0 0 0 0 
0 0 62 58 59 144 165 165 204 242 365 477 452 603 756 875 1021 1080 1334 1408 1668 1973 2118 2391 2824 3012 3228 3608 3806 4023 4226 4442 4543 4719 4753 4722 4632 4635 4361 4433 4165 3926 3752 3524 3306 3009 2888 2687 2448 2267 2034 1856 1679 1485 1478 1219 1132 950 885 783 744 662 577 486 500 403 412 323 323 314 247 212 196 167 150 111 140 115 100 106 69 79 68 53 47 45 37 28 34 33 24 13 17 10 15 20 15 7 12 10 10 7 4 8 8 5 5 8 3 0 3 3 4 1 3 1 1 1 3 2 1 0 3 3 0 1 1 0 0 2 0 0 2 0 0 0 0 0 0 0 1 0 
0 0 57 58 54 82 158 127 154 314 323 382 461 617 754 763 924 1159 1309 1468 1723 1909 2182 2423 2657 2853 3341 3430 3706 3982 4135 4378 4467 4544 4676 4636 4713 4626 4477 4381 4161 3965 3896 3561 3391 3166 2929 2746 2421 2284 2091 1895 1735 1603 1462 1245 1156 1057 1015 865 730 684 580 549 510 407 379 366 322 285 223 213 197 183 141 152 130 125 98 73 79 75 75 66 49 46 43 34 28 35 27 18 22 18 11 17 17 16 14 7 6 10 8 8 6 7 4 3 2 5 3 5 2 1 1 1 1 0 1 2 1 0 0 0 2 1 0 0 0 0 1 0 0 0 1 0 1 1 0 0 1 0 
0 0 70 52 63 164 154 180 331 401 328 423 613 629 700 959 1132 1317 1495 1676 2019 2156 2423 2725 3008 3389 3673 3746 3984 4269 4390 4584 4700 4683 4666 4679 4544 4513 4255 4209 4017 3697 3579 3310 3217 2955 2667 2529 2288 2093 1918 1755 1545 1491 1280 1130 1045 994 877 759 688 618 552 504 419 397 364 315 283 249 226 181 186 162 132 121 113 99 90 90 58 54 48 37 55 43 35 32 31 23 20 17 11 14 8 9 8 11 11 6 6 6 2 5 1 3 3 5 3 2 0 2 2 1 1 0 0 0 0 0 0 0 0 0 0 0 0 0 0 0 0 0 0 0 0 0 0 0 0 0 0 0 
0 0 67 56 50 153 147 183 264 265 410 439 626 668 723 888 1057 1181 1458 1562 1745 2140 2306 2615 2840 3106 3317 3658 3726 4181 4411 4439 4396 4599 4690 4680 4595 4547 4497 4282 4097 3915 3609 3472 3313 2980 2772 2676 2481 2183 1943 1830 1560 1466 1409 1247 1108 1006 854 756 749 624 588 561 463 432 367 335 274 267 276 210 175 158 163 117 129 131 95 85 78 69 54 52 47 28 28 38 37 29 28 17 19 15 17 10 11 11 7 13 7 11 6 4 8 4 2 2 5 1 1 2 5 1 4 0 0 1 1 1 1 2 1 0 0 0 0 0 0 0 1 0 0 0 0 0 0 0 0 0 0 0 
0 0 49 50 53 166 147 135 209 237 302 365 396 509 706 745 777 924 1124 1208 1412 1587 1922 2084 2377 2741 2962 3162 3361 3797 3958 4097 4501 4489 4555 4720 4640 4703 4580 4477 4451 4212 4019 3839 3603 3426 3038 2967 2782 2522 2301 2094 1877 1792 1632 1370 1258 1201 1081 884 840 798 664 624 543 458 458 409 367 307 270 248 217 227 146 165 175 131 98 97 89 82 81 78 55 53 47 49 47 32 30 27 19 17 19 16 13 16 13 13 8 6 7 11 5 8 2 0 4 3 4 3 2 1 5 1 0 1 2 3 2 0 1 0 0 0 2 0 0 1 0 0 0 0 0 0 1 0 0 1 0 0 
0 0 43 69 42 94 132 130 169 251 258 349 388 427 452 686 833 838 1004 1191 1379 1589 1746 1993 2266 2553 2850 3106 3301 3641 3860 4069 4250 4440 4605 4637 4747 4717 4671 4494 4398 4149 4097 3833 3757 3459 3303 3034 2769 2562 2286 2206 2013 1822 1662 1506 1342 1239 1074 1013 886 750 709 570 585 501 447 417 368 362 267 273 229 212 201 163 137 135 112 108 116 94 78 81 68 60 62 53 42 38 32 30 26 33 17 16 23 18 19 7 12 13 7 3 9 4 4 4 1 2 5 4 2 1 2 2 0 0 1 1 0 1 1 0 0 1 0 0 0 0 0 0 0 1 0 0 0 1 0 0 0 0 
0 0 56 53 54 86 100 97 242 196 297 240 364 455 464 633 843 873 932 1192 1403 1516 1780 1974 2205 2559 2900 3141 3301 3623 3813 4060 4273 4380 4548 4625 4748 4704 4623 4571 4484 4245 4092 3898 3623 3550 3229 3025 2722 2521 2396 2110 1944 1730 1639 1483 1230 1183 1136 920 902 830 719 645 603 487 445 430 383 317 310 248 239 236 189 171 155 113 124 110 93 89 73 77 65 54 56 50 46 43 36 33 42 21 24 19 20 9 17 12 9 16 6 5 3 6 6 3 2 4 3 1 3 3 0 1 0 2 1 1 0 0 0 1 1 0 0 0 0 0 1 0 0 1 0 0 0 1 0 0 0 0 
0 0 63 66 50 136 120 133 208 263 260 364 517 566 714 809 935 1127 1331 1470 1636 1960 2224 2493 2690 2944 3257 3458 3807 4068 4266 4459 4589 4703 4676 4676 4637 4662 4580 4383 4204 4050 3785 3528 3419 3124 2872 2727 2404 2237 2017 1862 1694 1564 1415 1281 1152 1041 890 830 704 687 603 555 467 417 409 336 307 298 228 218 194 179 153 141 141 98 101 107 72 84 80 55 54 44 40 49 27 23 30 27 27 16 15 18 11 17 9 8 14 8 12 5 3 6 3 2 3 3 3 4 0 0 2 1 1 1 0 0 0 4 3 0 1 1 1 0 0 0 1 0 0 0 0 0 0 0 0 0 0 0 
0 0 53 47 52 85 129 143 184 290 349 410 397 545 706 803 991 1132 1259 1492 1847 2045 2212 2469 2822 3129 3477 3682 3848 4148 4408 4462 4781 4665 4794 4689 4664 4639 4515 4326 4336 3972 3632 3536 3247 3109 2840 2653 2353 2222 2063 1806 1615 1550 1410 1247 1120 1016 919 776 716 641 607 510 452 383 371 336 280 250 224 207 174 164 133 128 121 103 85 91 64 48 58 48 39 38 35 39 27 35 23 17 15 10 10 14 8 8 6 4 3 4 6 3 4 3 0 2 1 1 3 4 1 0 0 0 0 0 0 0 0 0 0 0 0 0 0 0 0 0 0 0 0 0 0 0 0 0 0 0 0 0 
0 0 56 50 62 83 124 164 176 289 252 299 651 579 563 748 937 1010 1233 1451 1612 1798 2061 2154 2441 2849 3178 3382 3666 3989 4223 4410 4660 4662 4787 4854 4758 4725 4619 4540 4310 4006 3881 3860 3405 3353 3077 2821 2568 2433 2228 1920 1812 1593 1523 1311 1182 1049 969 863 748 700 618 542 487 449 425 387 335 304 260 227 173 163 167 134 127 108 84 80 80 76 69 56 48 43 40 41 26 30 20 21 20 17 21 16 10 14 9 9 4 5 6 5 3 4 1 2 1 1 2 1 2 0 1 1 0 1 0 0 1 0 0 0 0 0 0 0 0 0 0 0 0 0 0 0 0 0 0 0 0 0 
0 0 63 40 57 70 87 113 189 148 203 365 332 364 540 633 620 818 932 1057 1172 1439 1666 1897 2076 2377 2587 2841 3113 3467 3659 3838 4063 4243 4471 4617 4708 4521 4590 4516 4565 4385 4045 3995 3893 3745 3406 3094 2992 2742 2477 2275 2063 1902 1784 1573 1376 1308 1158 1065 950 881 776 678 614 585 510 424 399 365 308 282 257 237 210 204 169 166 127 117 107 98 100 91 79 66 65 54 47 45 43 29 30 30 26 22 15 28 12 11 16 14 9 16 10 10 8 10 10 4 10 8 8 5 3 5 3 3 3 2 2 4 2 0 3 1 1 0 0 0 2 0 0 1 0 1 0 3 1 1 0 0 
0 0 50 54 42 81 110 133 135 254 323 336 348 495 689 740 852 984 1106 1269 1487 1800 1939 2231 2347 2704 2940 3116 3509 3681 3837 4094 4217 4354 4306 4473 4498 4560 4450 4155 4202 4079 3871 3631 3572 3263 3136 2889 2707 2449 2306 2086 1960 1707 1621 1552 1292 1204 1100 936 850 796 712 645 551 520 500 398 381 303 287 324 233 188 180 143 160 127 121 121 89 99 69 58 60 47 39 43 31 35 28 36 35 22 19 20 12 19 10 12 13 7 6 7 3 3 4 2 5 5 1 3 2 3 2 0 2 1 0 3 0 0 0 1 0 0 0 0 0 0 0 0 0 0 0 0 0 0 0 0 0 0 
0 0 67 50 55 74 126 143 207 351 404 446 535 609 729 892 1095 1172 1346 1679 1768 2059 2363 2538 2756 3183 3357 3663 3842 4114 4416 4401 4619 4613 4737 4728 4714 4534 4478 4389 4167 3888 3644 3512 3153 3079 2760 2642 2351 2164 1981 1812 1604 1452 1304 1179 1067 948 917 733 707 655 582 486 475 404 375 338 297 261 247 202 213 183 159 146 129 106 75 99 92 67 58 63 58 41 42 39 29 37 23 26 17 19 23 16 10 10 7 14 5 12 4 8 4 8 4 6 1 6 1 2 1 2 1 3 0 1 0 1 1 0 0 1 0 0 0 0 0 1 0 0 0 0 0 0 0 0 0 0 0 0 
0 0 66 52 49 100 123 141 254 271 261 390 579 462 573 731 831 981 1144 1336 1570 1818 2144 2219 2576 2834 3120 3418 3724 4113 4079 4286 4477 4543 4696 4788 4793 4724 4676 4462 4309 4203 4012 3789 3416 3277 3143 2846 2624 2464 2264 1978 1871 1731 1494 1386 1182 1068 1033 834 787 712 605 534 490 451 404 358 330 289 245 249 222 200 169 147 129 113 135 108 91 85 70 77 54 57 50 44 52 37 33 33 40 26 14 24 18 15 11 12 10 12 12 4 5 8 7 10 8 3 7 1 2 0 1 3 0 1 0 1 0 0 0 0 0 0 0 1 0 0 0 0 0 0 0 0 0 0 0 0 0 0 
0 0 57 62 46 100 119 148 269 274 413 415 466 589 630 662 844 1026 1219 1298 1564 1664 2029 2326 2503 2630 3074 3357 3535 3762 3932 4295 4361 4457 4573 4621 4712 4684 4463 4393 4194 4013 3860 3661 3489 3211 3055 2911 2624 2410 2245 1988 1879 1691 1531 1436 1232 1108 1033 935 851 788 636 579 587 471 427 400 372 323 284 221 233 208 189 143 141 126 111 100 73 75 74 73 53 53 40 35 35 39 29 20 29 18 14 22 14 10 14 14 13 5 9 1 5 8 3 3 6 3 2 5 0 2 2 5 0 3 1 0 0 3 1 0 0 0 0 0 1 0 0 1 1 0 1 1 0 0 1 0 1 0 
0 0 57 48 53 183 131 147 296 343 312 478 560 564 714 856 927 1055 1374 1534 1713 1949 2276 2445 2731 3152 3366 3700 3995 4072 4421 4539 4743 4790 4901 4845 4784 4677 4689 4234 4178 3989 3864 3580 3425 3159 2897 2570 2395 2285 2072 1817 1669 1481 1363 1197 1078 916 842 807 715 595 568 512 433 403 348 289 280 246 231 236 182 153 140 113 130 91 81 85 85 58 54 57 47 33 32 29 29 20 22 13 23 14 16 13 9 6 9 10 3 3 5 4 4 5 5 3 2 3 2 0 2 2 2 0 1 1 0 0 0 0 0 1 0 0 0 0 1 0 0 0 1 1 0 0 0 0 0 0 0 0 
0 0 58 55 52 105 94 136 158 198 205 321 369 497 557 680 926 979 1109 1365 1506 1687 1994 2152 2492 2860 3013 3263 3548 3811 4072 4143 4300 4478 4663 4600 4627 4714 4592 4576 4306 4077 3875 3752 3538 3265 3080 2926 2685 2443 2261 1954 1753 1792 1611 1317 1272 1206 1009 953 859 787 702 644 496 492 437 399 348 323 258 256 214 206 160 140 125 123 115 88 77 78 62 58 43 33 32 31 28 29 23 16 11 17 11 7 10 14 7 12 10 3 7 10 3 3 8 5 3 4 2 2 3 2 2 2 2 1 1 3 1 3 0 1 1 1 2 0 1 2 3 1 4 1 0 0 1 0 0 3 1 1 
0 0 70 50 48 86 120 114 153 297 237 340 493 505 647 785 821 909 1152 1276 1392 1738 1892 2131 2510 2829 2959 3333 3679 3793 4072 4347 4432 4513 4655 4628 4791 4666 4626 4691 4429 4353 4058 3736 3611 3405 3149 2911 2707 2508 2195 2066 1904 1587 1509 1437 1249 1076 1039 946 837 713 664 598 557 442 414 359 337 296 257 234 224 186 150 159 130 121 116 93 70 89 61 62 54 45 38 39 27 19 18 19 23 18 19 9 6 11 7 6 6 6 5 5 3 2 4 3 1 1 0 2 2 0 1 0 0 1 1 0 1 0 1 1 0 0 0 0 0 0 0 0 0 0 0 0 0 0 0 0 0 0 
0 0 64 43 50 98 110 91 179 237 235 367 436 449 528 677 742 941 1037 1264 1368 1535 1797 2023 2335 2682 2873 3180 3412 3753 3867 4214 4431 4393 4673 4573 4709 4672 4620 4504 4409 4343 4150 3818 3697 3441 3254 2959 2861 2522 2380 2205 1935 1810 1585 1500 1380 1193 1124 970 859 746 708 618 530 518 451 413 330 318 271 259 230 201 178 194 128 116 145 88 87 87 78 58 48 45 32 48 33 35 38 15 17 21 25 21 12 9 12 11 6 7 6 3 5 10 3 1 4 3 1 0 4 1 2 1 1 1 1 0 1 1 3 0 0 0 0 1 0 0 0 0 0 0 0 0 0 0 0 0 0 0 
0 0 55 37 39 73 85 80 141 178 186 310 345 512 513 665 798 992 1012 1381 1493 1700 1921 2257 2340 2623 2949 3327 3449 3752 4049 4137 4333 4533 4525 4491 4835 4663 4713 4500 4361 4281 4053 3843 3641 3464 3172 2999 2794 2546 2423 2015 1867 1752 1527 1313 1356 1178 1063 930 846 761 616 601 528 465 421 385 354 278 255 259 185 168 170 163 144 107 112 78 91 88 76 63 56 48 49 33 43 22 25 29 28 20 21 15 14 20 14 8 8 9 8 3 2 6 6 3 3 9 1 2 2 1 1 1 3 1 1 0 0 0 0 0 0 1 0 0 0 0 0 0 0 0 0 0 0 0 0 0 0 0 
0 0 43 56 52 155 161 144 262 277 331 519 614 757 773 1068 975 1192 1464 1603 1853 2049 2397 2629 2941 3283 3545 3830 4078 4242 4475 4751 4731 4819 4811 4840 4842 4604 4493 4361 4064 3834 3663 3406 3098 2977 2761 2491 2365 2083 1881 1764 1605 1466 1292 1183 1076 908 815 767 657 609 544 480 436 381 347 306 264 250 217 193 154 160 140 111 112 96 83 79 68 57 52 37 47 43 32 25 19 16 14 17 11 11 12 8 6 12 9 9 7 5 5 5 3 4 8 4 7 2 2 2 4 1 1 1 4 2 0 1 1 0 0 0 0 0 0 1 0 0 0 0 1 0 1 0 0 0 0 0 0 0 
0 0 56 75 49 101 196 169 182 269 323 399 502 581 653 700 882 957 1082 1374 1469 1681 1933 2142 2490 2684 2917 3286 3540 3810 3906 4140 4448 4431 4640 4668 4629 4564 4538 4353 4241 4091 4024 3684 3403 3315 3086 2910 2648 2310 2349 2027 1848 1663 1556 1423 1320 1103 997 909 837 760 635 620 577 477 441 368 377 321 248 240 230 194 166 143 146 107 102 85 99 74 83 55 41 56 34 26 32 29 31 17 23 11 24 22 17 19 11 11 11 4 12 11 7 7 9 3 2 2 6 3 2 3 2 2 3 2 1 2 1 0 1 0 0 1 0 0 1 2 0 0 1 0 0 1 0 0 0 0 0 1 
0 0 50 60 47 89 100 129 136 213 401 296 428 530 542 696 808 923 1127 1337 1362 1603 1931 2147 2410 2652 2982 3293 3523 3754 4042 4164 4362 4517 4595 4714 4807 4689 4565 4568 4397 4278 4028 3858 3628 3335 3132 3013 2616 2466 2241 2088 1853 1644 1528 1447 1263 1145 1083 956 815 715 700 620 536 481 443 378 366 318 288 270 255 212 191 180 124 125 110 109 107 70 80 82 67 50 56 43 47 29 37 27 25 33 15 15 16 9 11 7 10 8 9 7 5 6 6 2 3 6 7 5 1 2 0 0 1 2 0 0 1 2 0 0 0 1 0 0 0 0 0 1 0 0 0 0 0 0 0 0 0 0 
0 0 47 46 45 94 95 127 154 181 204 280 455 490 530 645 820 870 1041 1270 1424 1704 1919 2189 2408 2703 2843 3203 3429 3699 3904 4032 4300 4450 4645 4660 4727 4615 4585 4456 4332 4244 3992 3821 3677 3451 3117 3000 2797 2506 2371 2159 1997 1744 1650 1510 1405 1187 1122 1005 859 772 656 651 541 503 468 397 351 324 291 251 234 205 150 176 162 116 113 111 91 66 87 58 42 61 44 48 44 38 24 30 22 17 14 16 18 16 11 8 10 14 10 4 2 7 6 4 6 2 1 3 1 1 2 2 0 3 1 0 0 0 0 1 0 0 0 2 0 0 0 1 0 0 0 0 0 0 0 0 0 0 
0 0 61 51 52 98 102 98 241 234 232 410 478 547 625 774 978 1153 1275 1522 1632 1867 2183 2327 2798 2921 3236 3508 3792 3907 4158 4432 4487 4535 4711 4632 4603 4613 4533 4320 4142 4203 3847 3554 3417 3193 2995 2826 2487 2322 2174 2034 1758 1680 1448 1361 1163 1062 1001 812 777 698 636 570 481 494 394 377 313 308 252 227 221 147 180 157 116 106 93 99 70 89 66 59 55 38 50 37 31 31 28 18 19 19 20 16 7 8 12 11 7 3 11 6 2 3 4 2 2 4 1 0 2 2 2 0 3 2 0 3 0 2 4 1 0 3 0 0 1 0 1 1 0 0 0 1 0 0 0 0 0 0 
0 0 53 61 56 78 120 153 154 233 260 368 402 598 660 742 950 1018 1088 1308 1445 1711 2038 2185 2390 2846 3031 3148 3676 3887 3977 4307 4417 4515 4577 4657 4727 4519 4623 4406 4201 4226 3900 3797 3556 3385 3089 2994 2728 2461 2317 2012 1897 1738 1560 1378 1263 1164 1024 889 811 728 619 593 516 466 428 373 375 315 278 261 213 183 165 159 157 125 106 120 76 73 64 65 62 44 46 41 27 30 30 22 20 18 19 15 17 17 10 8 6 9 8 4 5 5 5 1 4 1 2 1 3 2 1 1 1 2 1 0 2 1 0 0 0 0 2 4 1 0 0 0 0 0 1 1 0 0 0 0 0 0 
0 0 54 56 67 71 158 136 178 241 273 432 466 496 625 796 835 952 1346 1299 1547 1779 2031 2243 2533 2764 3034 3454 3623 3802 4060 4275 4357 4600 4559 4651 4682 4742 4522 4412 4272 3992 3866 3574 3356 3279 2967 2777 2543 2357 2154 1960 1809 1595 1498 1392 1291 1087 981 917 820 743 698 556 540 538 466 409 315 320 306 268 247 202 201 178 167 132 122 104 100 74 62 66 68 57 40 44 35 22 21 29 25 26 12 17 10 15 15 6 9 9 7 14 7 5 6 5 2 4 3 6 2 1 3 3 1 3 3 3 3 2 1 2 3 0 0 1 0 1 1 0 0 0 0 0 0 0 0 0 0 0 
0 0 73 62 57 126 134 112 200 258 273 312 476 456 645 654 801 1032 1091 1280 1559 1653 1909 2080 2407 2643 3016 3094 3496 3743 3899 4187 4422 4370 4697 4505 4658 4681 4418 4442 4281 4127 3851 3870 3531 3319 3114 2920 2556 2479 2268 1969 1974 1718 1576 1404 1311 1180 1064 935 889 738 703 590 544 531 458 420 347 317 288 256 243 197 179 192 135 125 124 114 94 75 83 63 57 52 61 36 47 33 25 25 27 27 13 18 21 12 16 8 11 9 7 3 8 6 4 4 2 5 2 3 4 0 1 1 1 1 1 0 2 1 0 0 0 1 0 0 0 0 1 0 0 0 0 0 0 1 0 0 1 0 
0 0 58 47 50 86 133 179 223 323 326 255 509 618 658 797 1035 1119 1284 1516 1658 2003 2218 2343 2735 2969 3223 3484 3733 4008 4212 4403 4477 4460 4616 4776 4452 4405 4373 4297 4167 4056 3801 3527 3388 3222 2868 2726 2543 2231 2169 1946 1743 1600 1383 1210 1145 1084 934 824 765 693 644 534 477 436 402 362 315 262 258 233 185 187 152 144 152 95 106 81 73 73 44 63 48 47 58 40 27 29 33 29 28 13 17 14 22 19 12 15 10 9 4 6 6 5 4 8 2 5 3 2 2 5 2 0 1 3 3 3 1 0 2 0 1 0 0 0 2 1 0 0 1 0 0 0 0 0 0 0 0 0 
0 0 72 71 57 156 129 124 268 377 429 445 595 700 807 936 1025 1353 1585 1715 1842 2010 2450 2828 2927 3336 3516 3824 3998 4245 4421 4566 4867 4603 4776 4592 4483 4477 4263 4177 4035 3693 3512 3398 3053 2862 2658 2445 2217 2026 1828 1710 1517 1371 1299 1221 1080 944 790 787 708 571 558 513 468 374 360 325 274 236 225 200 169 157 142 131 133 118 80 81 81 77 61 54 37 33 36 28 34 22 27 15 12 9 10 10 9 8 7 6 9 5 9 7 9 1 5 7 2 3 5 2 3 3 2 4 3 1 2 2 3 1 3 0 1 1 1 0 1 0 0 0 1 0 0 1 0 0 1 0 0 0 
0 0 60 59 53 181 177 223 185 335 341 429 580 611 726 879 916 1051 1360 1451 1663 1880 1973 2314 2584 2762 2974 3383 3678 3783 4125 4183 4454 4384 4510 4462 4539 4497 4499 4331 4224 3940 3856 3729 3491 3202 3013 2791 2534 2340 2210 1907 1842 1599 1456 1390 1214 1116 1001 879 813 704 598 575 525 467 425 407 331 306 302 285 221 188 168 180 145 121 102 87 98 88 81 65 69 48 51 29 43 24 19 32 20 10 14 15 13 6 12 7 10 8 5 3 4 3 6 1 3 3 1 0 0 0 2 1 0 0 1 0 3 1 0 2 0 0 1 0 0 0 0 0 0 0 0 0 0 0 0 0 0 0 
0 0 46 48 46 93 173 115 148 217 339 366 376 501 736 722 880 980 1084 1345 1565 1736 1861 2295 2664 2705 3111 3259 3614 3808 4169 4158 4358 4371 4621 4456 4514 4569 4482 4326 4235 4155 3948 3645 3389 3220 3028 2734 2697 2460 2139 1975 1790 1668 1477 1412 1226 1145 1011 865 858 776 685 619 604 518 406 433 377 317 267 270 222 201 198 158 160 131 109 99 101 72 66 77 61 43 55 33 35 42 26 24 29 23 20 21 14 20 14 17 14 9 7 7 5 6 3 8 1 2 1 4 4 0 2 0 1 2 0 0 0 1 1 0 0 0 0 0 0 0 0 0 0 0 0 0 0 0 0 0 0 0 
0 0 51 57 52 128 186 129 190 252 248 366 425 533 655 608 763 879 1050 1169 1416 1571 1964 2038 2255 2648 2844 3103 3467 3692 3854 4132 4402 4525 4543 4529 4659 4559 4506 4378 4417 4159 3978 3834 3621 3379 3267 2957 2837 2530 2269 2069 2016 1760 1605 1472 1380 1168 1105 934 843 762 702 614 521 530 438 385 305 287 271 266 234 190 190 169 152 123 107 101 87 87 67 50 53 49 37 37 27 24 14 30 19 13 12 15 15 6 8 5 4 5 3 6 5 2 3 3 1 3 0 1 0 1 2 0 0 1 2 0 0 0 2 2 0 0 0 0 2 0 0 1 0 0 0 0 0 0 0 0 0 0 
0 0 53 33 51 87 81 274 225 263 320 382 574 677 615 780 924 1059 1263 1603 1694 1971 2269 2416 2703 2995 3354 3510 3931 4142 4198 4419 4581 4787 4667 4714 4675 4730 4596 4336 4117 4031 3811 3615 3202 3075 2866 2677 2432 2246 2054 1837 1663 1501 1384 1227 1107 991 891 780 727 688 606 513 454 366 362 371 306 272 232 211 167 165 159 140 122 96 115 89 78 70 73 50 53 52 41 31 31 31 22 17 28 12 18 15 10 13 10 10 7 4 6 3 7 4 5 2 3 0 1 1 1 0 0 1 1 0 1 2 1 1 0 0 1 0 0 0 0 0 0 0 0 0 0 0 0 0 0 0 0 0 
0 0 62 61 42 100 154 152 232 299 273 365 558 519 672 823 853 1010 1319 1453 1492 1767 2049 2292 2549 2768 3103 3335 3578 3811 3922 4280 4285 4577 4554 4541 4651 4635 4558 4448 4212 4015 3782 3660 3391 3312 3041 2829 2551 2404 2162 1893 1866 1626 1445 1328 1182 1072 967 914 770 776 695 579 526 449 428 366 327 305 238 251 206 202 186 156 144 112 122 92 83 76 70 75 60 44 56 54 27 30 25 32 28 26 19 23 14 10 15 8 9 11 6 3 7 4 3 6 7 5 4 3 1 3 4 2 1 1 1 1 1 2 0 2 0 2 0 0 0 1 0 0 0 0 0 0 0 0 0 0 0 0 
