0 0 61 59 38 128 162 162 191 303 326 506 637 674 876 1020 1353 1454 1627 1969 2204 2424 2686 3018 3186 3634 3754 3836 4045 4118 4241 4333 4320 4343 4193 4051 3949 3831 3704 3542 3329 3156 2963 2616 2418 2316 2132 1911 1776 1649 1487 1401 1243 1099 939 927 826 723 686 603 505 514 419 369 354 334 297 256 231 197 183 155 149 127 134 103 104 64 67 69 60 45 61 43 33 29 36 27 25 16 22 10 16 20 10 11 6 9 6 5 7 5 5 4 5 5 3 2 4 2 0 3 2 1 1 3 0 2 2 3 1 0 0 0 1 1 1 3 0 0 1 0 0 2 0 0 1 0 0 0 0 0 
0 0 110 115 79 234 319 317 432 588 631 868 1136 1246 1378 1691 2016 2196 2439 2789 3045 3449 3648 3809 3985 4143 4369 4491 4491 4515 4476 4351 4226 4095 3815 3749 3699 3385 3148 3098 2611 2591 2307 2125 2028 1774 1638 1548 1406 1297 1155 1002 904 807 756 661 579 537 481 406 385 317 279 248 230 176 195 166 122 136 107 93 97 89 64 59 45 37 38 56 38 29 30 22 16 28 15 10 10 10 11 13 14 4 11 10 7 5 6 5 5 3 2 3 1 3 1 4 3 2 1 1 2 1 3 0 1 0 1 0 0 1 1 0 0 0 0 0 0 0 0 0 0 0 
0 0 75 55 55 104 125 165 232 348 379 443 599 747 868 1147 1345 1544 1845 2081 2260 2499 2852 3176 3368 3557 3731 3839 4273 4179 4197 4354 4320 4344 4323 4140 4031 3903 3765 3480 3190 3191 2863 2652 2381 2310 2049 1892 1698 1569 1511 1266 1187 1132 947 888 768 703 664 562 516 484 426 400 348 325 282 255 206 210 166 146 166 146 112 93 90 70 80 72 58 48 54 34 34 25 31 27 26 22 21 17 11 17 14 11 8 7 5 6 6 7 4 7 5 1 3 1 6 1 1 2 0 1 0 1 1 0 0 0 0 2 0 1 0 0 0 0 0 0 0 0 0 0 0 
0 0 61 64 64 148 194 260 342 429 536 639 754 963 1166 1313 1602 1941 2141 2393 2660 2925 3266 3619 3672 3760 4045 4310 4445 4290 4351 4427 4235 4340 4006 4053 3683 3564 3455 3202 3075 2892 2677 2425 2211 2084 1859 1788 1527 1437 1309 1173 1058 966 879 839 714 620 574 514 433 436 364 321 307 283 243 206 206 178 164 150 121 102 93 98 88 79 62 53 46 43 40 38 23 18 22 24 22 12 15 11 18 13 5 12 11 8 6 4 2 6 4 5 2 1 2 0 2 0 1 0 0 0 1 0 0 0 0 0 0 0 1 0 0 0 1 0 0 0 0 0 0 0 0 1 0 0 
0 0 56 63 59 169 177 215 269 389 548 655 819 935 1170 1365 1492 1747 2054 2300 2619 2838 3058 3484 3635 3894 3987 4221 4264 4409 4465 4348 4449 4410 4102 3913 3863 3706 3458 3340 3076 2837 2669 2417 2229 2036 1860 1752 1546 1492 1347 1163 1076 980 866 829 673 661 548 521 448 397 408 285 276 263 245 242 194 176 138 146 122 107 83 87 73 56 64 39 44 39 29 33 35 28 26 32 23 13 16 15 18 15 8 12 10 5 7 4 10 3 5 2 5 2 1 1 1 1 2 2 1 2 1 1 0 0 1 0 1 0 0 0 0 0 0 0 1 0 0 1 0 0 2 0 0 0 1 0 0 0 
0 0 37 47 44 78 99 193 240 282 319 406 644 639 819 1054 1211 1399 1509 1865 2175 2331 2686 2881 3151 3392 3576 3820 4007 4236 4188 4222 4263 4365 4277 4083 4003 3832 3736 3463 3302 3152 2978 2651 2606 2324 2237 1976 1884 1628 1494 1393 1292 1108 1049 999 856 771 699 648 564 507 444 403 338 321 312 272 224 203 181 161 178 137 105 118 113 98 72 62 86 61 47 43 41 44 37 26 25 30 19 30 16 17 22 11 8 5 19 9 5 7 8 6 7 3 6 3 4 3 3 8 7 5 5 3 2 2 3 2 1 4 0 0 0 2 0 1 0 0 0 1 0 0 0 0 0 0 0 0 0 0 
0 0 51 55 45 141 207 225 333 502 642 706 857 1221 1339 1479 1846 2026 2329 2636 2876 3101 3375 3821 3982 4167 4211 4326 4582 4565 4368 4322 4345 4133 3986 3792 3644 3500 3250 3130 2804 2628 2367 2227 2052 1983 1716 1654 1339 1274 1092 1041 970 829 791 647 664 568 503 408 399 403 299 265 289 227 208 157 165 149 137 110 105 86 80 82 62 63 59 41 43 40 43 43 27 32 29 21 21 22 13 19 13 8 7 6 14 8 9 3 1 6 3 6 3 1 3 2 6 3 1 1 3 3 1 2 1 3 1 1 0 0 0 0 0 1 0 0 0 0 0 0 0 0 0 0 0 
0 0 75 67 50 144 257 256 346 444 442 666 841 1112 1210 1475 1734 1953 2327 2542 2830 3003 3273 3472 3854 4069 4018 4102 4255 4321 4372 4194 4193 4175 4146 3799 3727 3607 3345 3129 3049 2719 2594 2361 2183 2016 1793 1733 1468 1400 1264 1059 1004 924 846 789 683 636 567 440 444 393 318 310 277 269 221 198 175 173 140 125 116 106 88 81 79 74 64 42 40 50 37 38 26 23 35 26 21 22 16 14 14 11 16 13 9 5 7 5 6 2 2 3 5 1 2 1 2 0 0 0 0 3 0 0 2 2 0 0 0 2 1 1 0 0 1 3 0 0 0 0 0 0 0 0 0 0 0 
0 0 56 50 46 91 112 154 173 254 292 466 567 601 753 924 1071 1211 1374 1650 1953 2170 2467 2607 2781 3141 3464 3629 3687 3921 4018 4070 4328 4166 4181 4107 4090 4074 3745 3734 3465 3268 3104 2873 2687 2443 2288 2125 2090 1810 1700 1475 1313 1279 1168 1062 954 850 771 667 594 559 507 452 412 359 343 307 269 227 218 208 180 170 134 140 118 101 96 85 55 77 73 41 58 56 36 41 38 32 34 20 12 24 27 25 9 19 17 8 8 12 9 8 10 6 8 7 6 6 2 8 5 8 5 2 5 1 6 3 3 2 3 3 1 3 3 0 2 1 2 0 0 2 1 1 1 0 1 2 2 1 
0 0 90 68 60 194 242 297 324 395 471 597 711 854 1016 1247 1370 1593 1758 2000 2194 2559 2781 2912 3206 3552 3573 3850 4004 4026 4097 4092 4030 4100 3946 3834 3899 3633 3453 3257 3226 2947 2710 2536 2338 2206 2062 1827 1735 1565 1444 1303 1223 1027 976 895 753 793 644 595 567 491 419 371 341 312 290 271 220 229 173 165 177 125 127 129 90 96 88 72 64 42 41 46 37 37 36 20 26 19 20 8 18 9 12 6 8 13 5 7 8 5 3 3 7 2 2 1 2 4 2 2 2 1 1 1 0 0 2 0 0 0 1 0 0 0 1 1 0 0 0 0 1 2 0 1 1 0 1 0 0 0 
0 0 60 58 59 85 158 274 343 468 485 642 821 982 1130 1499 1733 1880 2197 2492 2836 2957 3233 3546 3624 3928 4120 4157 4324 4431 4377 4230 4103 4243 4078 3825 3545 3481 3294 3131 2829 2750 2651 2350 2096 1964 1813 1666 1512 1317 1278 1218 974 976 868 731 700 656 538 547 477 413 367 369 290 239 279 214 211 185 132 155 138 118 94 89 96 76 57 47 50 50 35 34 23 29 27 16 21 17 24 12 15 8 10 4 12 9 4 10 6 4 8 2 6 4 1 6 5 5 4 4 2 5 2 1 4 5 2 2 3 1 3 3 2 1 2 1 4 0 1 0 2 1 0 1 0 0 1 0 0 1 
0 0 41 57 53 53 82 116 128 178 237 332 479 515 647 797 1012 1203 1430 1657 1865 2142 2292 2645 2839 3091 3383 3594 3758 4099 4125 4208 4362 4263 4280 4136 3967 4119 3876 3780 3613 3289 3199 2992 2816 2542 2477 2181 1973 1875 1661 1549 1405 1215 1167 1023 1025 890 810 699 638 571 469 494 414 393 341 315 269 259 251 169 182 177 139 131 119 109 83 88 74 60 80 59 61 40 30 37 28 20 18 29 23 10 18 26 19 14 10 8 6 10 7 5 4 4 3 4 2 5 7 1 0 3 3 1 1 0 2 5 4 0 2 0 1 1 0 0 1 2 0 1 0 0 0 0 1 0 1 0 0 1 
0 0 66 64 63 74 211 208 242 418 465 497 651 834 1016 1151 1372 1652 1823 2228 2416 2517 2885 3205 3493 3500 3784 4120 4017 4110 4111 4326 4245 4169 4096 3930 3865 3612 3408 3313 3154 2951 2774 2557 2440 2232 2101 1841 1791 1579 1421 1308 1201 1080 1036 913 782 731 625 577 516 481 394 394 324 341 293 269 240 208 188 175 148 116 121 117 115 93 102 74 71 63 66 43 34 54 32 28 32 27 18 22 21 16 14 15 11 14 11 9 7 4 5 3 2 3 5 2 0 2 3 0 0 1 3 1 0 1 2 0 0 0 2 0 0 0 0 0 0 0 0 0 0 0 
0 0 62 63 45 76 169 171 202 363 460 502 646 881 941 1163 1395 1638 1841 2060 2310 2577 2849 3084 3237 3589 3654 3862 3999 4198 4162 4266 4298 4268 4004 3992 3923 3813 3473 3390 3269 3028 2692 2662 2394 2286 1975 1873 1711 1533 1462 1344 1156 1121 956 878 812 709 648 587 525 491 427 397 324 333 304 245 220 180 190 166 138 137 105 114 102 81 72 78 65 50 52 43 40 47 41 36 22 30 23 19 16 24 18 8 11 8 8 9 4 6 4 3 4 3 4 2 1 4 2 2 0 0 4 1 1 3 2 2 0 1 1 0 0 1 2 0 0 1 1 0 0 0 1 0 1 0 0 0 0 0 
0 0 59 56 55 128 141 160 311 391 404 598 753 827 1109 1244 1331 1660 1947 2084 2396 2616 2864 3193 3369 3601 3841 4095 4037 4168 4237 4298 4357 4363 4147 4149 4000 3747 3632 3328 3164 3003 2761 2639 2424 2306 2065 1894 1696 1546 1437 1300 1222 1057 951 914 837 769 612 597 546 421 428 380 340 309 249 287 211 210 160 159 121 139 126 98 87 75 72 75 70 48 48 46 39 26 19 32 24 25 21 22 17 14 17 13 14 12 9 7 3 4 9 8 5 1 4 6 4 1 3 6 1 2 1 2 2 2 1 4 1 1 1 2 0 1 0 2 0 0 0 0 0 0 0 0 0 0 0 
0 0 64 58 44 125 161 173 273 325 441 559 679 791 939 1088 1283 1459 1738 1986 2334 2650 2767 3161 3279 3592 3719 3913 4109 4056 4261 4381 4224 4200 4281 4028 4036 3804 3587 3519 3312 3061 2815 2761 2460 2273 2151 1889 1809 1615 1460 1330 1237 1054 988 853 810 708 630 573 502 447 445 394 319 276 280 258 224 211 191 161 117 145 125 96 81 90 70 74 59 43 51 47 34 30 36 25 29 29 21 16 17 13 9 15 11 13 6 12 5 6 7 5 5 3 2 3 5 4 2 3 3 0 3 3 6 1 0 2 2 2 0 1 0 1 0 0 0 0 1 0 0 0 0 0 0 0 0 0 0 0 
0 0 57 58 61 80 132 192 192 293 273 381 507 526 776 857 977 1258 1355 1622 1799 2088 2336 2491 2819 3117 3311 3526 3677 3744 3944 4054 4141 4160 4239 4059 4031 3910 3743 3708 3489 3319 3109 2859 2762 2490 2403 2303 2026 1833 1687 1569 1311 1220 1162 1122 937 879 821 699 674 560 518 470 501 425 334 328 284 248 215 192 186 164 141 161 125 121 107 92 89 71 65 58 48 44 48 35 25 27 26 24 20 21 19 14 19 9 9 18 10 12 6 6 7 9 4 5 9 9 4 3 6 4 1 1 2 6 4 0 3 2 2 1 0 2 1 4 1 1 0 1 0 0 0 0 0 0 1 0 0 0 
0 0 59 50 43 89 122 173 207 254 288 380 477 566 689 875 989 1146 1340 1544 1748 1968 2191 2418 2804 2836 3194 3476 3503 3562 3838 3932 3921 4044 4151 3992 3830 3863 3785 3573 3414 3316 3132 2935 2863 2598 2349 2271 2082 1877 1749 1656 1518 1371 1216 1129 1015 959 814 782 702 621 566 515 445 425 364 328 304 269 215 215 203 154 161 142 125 119 115 108 83 75 82 54 54 48 48 43 35 34 22 18 17 17 14 12 12 21 10 11 6 6 5 4 4 3 2 6 0 2 2 3 0 0 3 3 1 1 1 0 0 0 1 2 0 1 0 0 0 0 0 2 0 1 0 0 0 1 0 0 0 0 
0 0 69 59 69 94 120 154 240 271 370 483 530 620 819 1036 1191 1343 1526 1738 2063 2185 2497 2646 2940 3276 3310 3572 3753 3874 4066 4001 4247 4154 4083 3996 3926 3762 3666 3548 3347 3174 2963 2796 2599 2442 2285 2064 1910 1786 1574 1510 1355 1203 1126 1027 899 853 769 677 591 530 501 418 382 369 299 331 256 268 196 191 179 165 131 116 102 96 80 82 66 56 47 58 34 44 34 47 26 24 25 13 28 19 16 12 7 8 6 15 9 6 8 8 3 3 4 2 3 3 3 2 6 1 5 2 0 0 3 0 2 0 2 1 0 0 0 0 1 1 0 0 0 2 1 1 0 0 0 1 0 0 
0 0 43 64 46 52 161 262 256 384 448 629 794 951 1121 1294 1529 1849 2052 2307 2612 2850 3032 3394 3662 3769 4084 4162 4367 4326 4458 4428 4246 4382 4106 4098 3939 3664 3449 3230 3123 2848 2707 2480 2206 2072 1806 1677 1556 1403 1242 1185 1104 976 870 733 705 639 529 462 465 387 355 331 284 244 240 218 183 180 157 127 129 111 90 90 64 59 54 64 45 39 35 33 29 20 19 20 19 17 12 14 10 12 8 8 4 8 4 4 3 0 2 4 3 2 0 2 2 1 1 0 0 3 0 0 0 0 0 0 0 0 0 0 0 
0 0 60 66 46 107 123 182 366 397 374 617 773 886 1045 1301 1462 1690 2088 2247 2501 2712 3101 3336 3630 3765 4052 4169 4100 4419 4235 4337 4236 4201 4185 3956 3888 3675 3552 3382 3065 2824 2725 2479 2416 2188 1902 1760 1629 1472 1338 1261 1128 1036 897 834 809 679 601 604 474 486 402 391 318 314 287 262 213 238 177 151 144 136 108 117 106 81 71 68 55 50 57 45 45 24 29 20 22 21 17 14 19 7 9 11 10 13 6 6 7 2 7 3 2 4 1 1 0 4 3 1 2 1 0 0 1 2 0 0 0 0 0 0 0 0 0 0 0 
0 0 66 69 41 83 136 139 204 225 408 448 572 807 940 1099 1263 1481 1737 2019 2241 2475 2934 3130 3260 3568 3896 4061 4223 4314 4397 4362 4438 4428 4366 4161 3952 3924 3742 3463 3303 3075 2845 2619 2483 2298 2041 1877 1739 1648 1458 1333 1264 1024 988 947 803 708 660 570 561 470 419 367 340 315 288 256 240 201 177 163 142 127 120 134 104 75 80 78 59 56 50 55 29 34 38 36 29 14 14 19 18 23 3 10 14 10 10 8 4 3 5 2 3 4 5 0 2 1 1 1 2 1 2 2 1 0 0 0 0 0 0 1 0 0 1 0 1 1 3 0 1 0 0 0 0 0 0 0 0 0 
0 0 75 73 56 148 227 268 359 457 560 843 1002 1076 1343 1544 1752 2135 2378 2687 2914 3155 3523 3834 4036 4226 4364 4535 4562 4536 4607 4536 4355 4289 4100 3859 3734 3624 3259 3073 2877 2654 2482 2287 2073 1953 1650 1597 1496 1300 1183 1096 985 828 769 739 660 618 529 441 390 352 320 283 262 213 180 170 148 145 154 119 103 102 73 89 53 58 49 54 54 41 33 27 28 24 19 29 14 15 17 14 11 8 13 5 7 11 4 3 3 3 1 5 5 1 4 1 2 2 2 0 4 1 1 2 0 0 1 0 0 0 0 0 0 0 0 0 0 0 
0 0 60 38 39 88 120 134 173 216 228 336 543 601 667 892 1148 1309 1395 1744 2010 2213 2561 2770 3034 3230 3377 3700 3767 4083 4141 4193 4287 4376 4158 4133 4122 3995 3827 3756 3460 3233 3068 2816 2736 2485 2315 2179 1954 1843 1641 1514 1417 1213 1148 1052 906 895 788 734 607 575 494 441 431 371 306 316 247 228 215 171 158 169 124 103 100 92 80 71 61 59 53 47 45 32 25 30 28 26 24 21 19 20 19 11 9 15 9 12 11 7 3 6 7 8 5 4 5 5 4 4 0 1 1 4 1 0 1 1 0 0 1 0 0 1 3 1 0 0 0 0 1 1 2 0 0 0 0 1 2 1 
0 0 44 62 65 58 93 108 151 260 337 355 480 643 727 887 1109 1315 1454 1704 1916 2177 2372 2726 2939 3105 3423 3639 3671 3987 4151 4170 4178 4270 4190 4192 4095 4045 3827 3690 3511 3416 3131 2984 2689 2584 2333 2197 2019 1813 1689 1635 1384 1276 1175 1003 1009 865 703 659 641 574 488 442 380 338 334 300 258 206 224 194 158 145 112 121 112 98 84 68 67 49 59 55 40 37 38 47 23 27 18 20 23 19 13 21 11 14 8 16 13 5 10 13 5 13 4 8 9 7 4 2 3 4 1 3 2 1 1 1 1 0 0 0 0 0 0 0 0 0 0 0 
0 0 55 53 58 75 115 170 177 256 291 467 556 585 777 885 1108 1270 1517 1779 1942 2259 2510 2673 3012 3333 3533 3729 3850 3961 4333 4229 4210 4280 4233 4192 4111 3983 3923 3713 3413 3231 3056 2880 2693 2468 2302 2195 1946 1833 1574 1542 1441 1245 1109 1010 943 827 773 671 597 547 508 447 419 359 350 293 243 272 207 201 164 155 135 127 121 91 89 77 66 72 51 54 42 40 30 32 27 22 18 22 18 20 17 15 8 5 10 8 9 5 3 8 6 4 7 2 3 4 1 0 2 1 0 0 0 0 0 0 0 0 0 0 0 
0 0 59 42 44 98 148 238 292 411 370 495 787 840 1002 1165 1326 1633 1839 1987 2250 2568 2844 3021 3399 3480 3639 3919 4014 4190 4310 4243 4411 4304 4227 4052 3943 3781 3719 3403 3238 3047 2857 2703 2404 2228 2109 1949 1689 1571 1441 1289 1235 1117 957 916 807 714 690 525 508 446 441 373 338 321 253 239 262 191 175 176 134 123 126 90 92 82 81 48 41 58 44 34 40 48 28 29 31 24 14 19 15 11 14 5 11 6 10 7 8 3 4 6 2 2 4 2 1 3 1 1 0 2 0 2 2 2 0 0 0 0 0 0 0 0 1 0 0 
0 0 48 47 52 207 268 290 448 575 784 954 1086 1229 1566 1794 1952 2319 2527 2792 3149 3387 3511 3852 4053 4152 4171 4394 4417 4259 4440 4230 4221 4014 3813 3777 3490 3450 3109 2941 2843 2473 2391 2160 1983 1910 1664 1469 1397 1215 1068 1051 876 819 690 705 592 542 455 463 389 359 300 298 263 225 191 187 160 153 133 112 115 111 96 82 64 66 51 44 54 37 37 41 23 19 20 14 18 15 11 10 16 15 4 9 5 4 5 4 3 6 5 2 4 0 2 2 0 2 0 1 1 0 2 1 1 1 0 0 1 0 0 1 0 0 0 0 0 0 0 0 0 0 0 
0 0 58 47 47 81 161 241 281 337 395 618 746 807 968 1125 1497 1754 1979 2090 2225 2701 3112 3241 3487 3857 3940 4207 4407 4278 4433 4397 4475 4381 4270 4230 4117 3932 3597 3538 3300 3058 2797 2627 2453 2199 2099 1905 1739 1545 1426 1244 1121 1088 1005 884 780 742 550 606 520 445 399 376 321 282 275 264 217 162 161 147 138 130 94 115 102 79 76 71 62 42 48 40 34 37 27 22 21 25 17 15 16 9 14 11 9 8 9 8 4 5 10 6 6 5 6 6 8 1 4 4 1 4 1 1 5 0 2 3 1 3 0 2 2 2 3 1 2 0 2 3 1 0 0 0 1 1 1 0 0 0 
0 0 71 53 57 105 156 214 332 353 445 571 771 834 984 1384 1547 1762 2098 2379 2598 2968 3145 3419 3614 3871 4089 4206 4327 4408 4375 4405 4432 4266 4185 4040 3944 3644 3486 3336 3060 2952 2659 2436 2349 2085 1945 1763 1540 1403 1323 1203 1084 959 883 784 697 696 584 481 443 457 352 364 302 273 244 208 172 184 134 119 118 113 111 84 67 75 63 61 60 45 29 34 32 29 22 23 21 28 17 14 19 17 5 12 6 9 6 6 10 8 4 2 5 2 6 0 1 3 2 2 0 3 1 4 1 0 1 1 1 3 0 0 0 0 0 0 0 0 0 0 0 
0 0 71 49 45 101 146 177 327 342 406 640 744 819 1140 1319 1380 1727 2016 2254 2502 2881 3110 3355 3698 3864 4220 4282 4508 4500 4492 4486 4547 4416 4168 4155 4069 3734 3495 3417 3144 2990 2754 2427 2321 2098 2019 1760 1657 1476 1218 1277 1086 938 887 761 681 606 588 506 432 442 363 313 259 291 237 214 169 163 151 128 127 109 88 92 73 49 52 43 54 48 37 31 31 31 22 20 24 15 13 13 17 5 9 9 6 6 6 3 7 1 2 0 0 1 0 1 1 1 0 0 0 1 0 0 0 0 0 0 0 0 0 0 0 
0 0 56 46 55 76 116 123 156 332 399 531 626 797 1014 1306 1453 1705 1885 2208 2586 2905 3038 3427 3616 3755 3996 4113 4221 4287 4332 4457 4318 4404 4124 4059 3963 3815 3604 3356 3221 3064 2791 2599 2432 2242 2042 1914 1732 1525 1429 1308 1172 1045 911 867 734 714 626 582 488 452 407 351 305 276 245 249 199 188 159 157 140 125 116 76 88 90 80 66 50 43 49 43 35 21 32 22 24 15 18 18 19 15 9 16 11 5 5 10 4 5 6 1 9 6 1 2 3 2 2 1 0 1 1 0 1 0 1 0 0 2 0 0 0 0 0 0 0 0 0 0 0 
0 0 55 46 52 122 168 253 332 434 461 637 828 934 1150 1319 1563 1838 2112 2311 2646 2800 3088 3320 3520 3630 3845 4066 4124 4183 4117 4123 4192 4062 3965 3886 3669 3527 3404 3168 2969 2791 2593 2438 2278 2022 1974 1756 1562 1503 1311 1211 1076 998 940 841 739 694 572 529 533 435 398 358 315 341 229 232 206 182 175 168 130 109 106 98 92 66 75 61 55 64 42 43 34 36 41 30 17 14 21 21 16 12 11 9 10 14 2 7 8 6 7 8 4 3 3 2 5 4 1 0 2 0 2 1 0 1 2 0 0 2 0 0 1 0 1 0 0 1 0 1 0 0 1 0 0 1 0 0 1 0 
0 0 36 49 46 81 113 113 178 270 284 420 504 668 784 909 1060 1263 1468 1719 1922 2115 2351 2674 2945 3154 3311 3495 3821 4011 4169 4170 4308 4203 4242 4194 4085 3917 3805 3678 3473 3276 3129 2865 2757 2544 2340 2198 1970 1870 1744 1548 1404 1272 1164 1059 915 795 766 659 585 536 454 415 388 351 327 266 244 244 177 205 182 168 137 126 108 103 107 68 56 78 64 56 42 36 43 31 32 24 19 20 23 20 12 9 14 7 4 6 10 13 3 5 6 4 1 4 1 2 3 1 0 1 2 1 1 0 0 0 1 2 0 0 1 0 0 1 0 0 0 0 0 0 0 0 0 0 0 
0 0 64 70 56 106 298 367 459 555 707 779 999 1341 1404 1606 2029 2224 2501 2740 3092 3254 3481 3782 3901 4047 4217 4172 4375 4321 4227 4327 4243 4041 3939 3741 3588 3398 3109 3026 2746 2592 2287 2205 1994 1805 1743 1532 1382 1283 1146 1043 976 805 796 710 614 523 461 454 388 353 327 275 230 226 227 182 175 137 136 110 104 105 92 79 83 55 35 61 62 51 31 30 27 22 26 14 21 14 25 13 10 10 9 7 8 4 5 8 7 4 3 2 4 3 1 5 2 2 1 2 3 2 1 1 0 0 0 0 2 1 0 0 1 0 0 1 1 0 0 1 0 0 0 0 0 0 0 0 0 0 
0 0 67 57 64 111 146 177 214 293 347 426 673 733 757 1012 1160 1194 1557 1798 1855 2135 2668 2756 2928 3226 3425 3663 3875 3967 4012 4177 4201 4089 4128 4068 3932 3886 3781 3668 3441 3195 3013 2870 2642 2582 2332 2168 1972 1800 1618 1502 1324 1197 1077 1008 861 817 731 674 591 532 501 477 390 321 333 309 235 245 203 155 163 144 136 112 94 83 86 77 64 53 56 49 44 49 40 33 30 22 26 27 19 22 19 13 16 16 13 11 5 6 8 4 6 7 7 1 3 3 3 2 2 1 0 1 1 0 1 0 0 0 0 0 0 0 0 0 0 0 
0 0 74 51 38 123 136 143 278 299 299 428 601 650 747 933 1137 1360 1552 1676 1875 2193 2438 2634 2990 3138 3390 3550 3706 3830 3944 4012 4122 3977 4092 3867 3786 3793 3793 3414 3258 3167 3007 2797 2627 2430 2260 2124 1941 1815 1671 1486 1375 1226 1116 1083 969 840 771 731 670 567 482 496 445 368 383 338 271 233 231 220 167 182 145 135 118 122 103 78 92 79 59 63 64 53 37 37 41 44 28 25 28 23 19 21 13 15 13 11 19 14 9 12 7 6 4 2 4 3 3 6 2 1 0 2 1 1 2 0 0 0 1 1 0 0 0 1 1 0 0 0 1 0 0 0 0 0 0 0 0 0 
0 0 57 56 45 67 170 210 240 315 404 518 701 741 929 1043 1334 1530 1744 1975 2299 2530 2780 3019 3342 3574 3769 3984 4127 4296 4221 4309 4309 4383 4313 4091 3836 3801 3674 3400 3192 2985 2905 2553 2523 2311 2131 1950 1703 1606 1489 1315 1235 1127 1048 882 857 722 705 604 557 505 445 379 370 311 280 262 238 230 179 167 149 117 110 116 101 68 56 76 57 49 66 36 35 34 29 25 30 27 18 17 21 17 15 13 12 19 10 5 3 7 4 8 6 1 5 1 5 3 2 2 1 0 1 1 2 1 0 0 0 0 1 0 0 0 1 0 0 1 0 0 0 1 0 0 0 0 0 1 0 0 
0 0 57 50 54 83 112 165 221 269 308 559 604 670 844 1025 1104 1252 1507 1816 1993 2340 2504 2851 3045 3241 3481 3710 3822 3910 4106 4193 4127 4220 4058 4010 4079 3875 3759 3550 3335 3308 3019 2776 2765 2372 2202 2061 1924 1753 1537 1495 1339 1222 1092 984 876 808 745 625 595 533 492 443 362 380 336 290 289 263 234 192 174 143 144 136 127 101 93 80 75 78 60 48 52 41 35 25 24 30 21 17 15 14 14 12 3 8 3 7 3 4 2 4 5 1 4 0 0 5 2 2 2 1 2 1 1 0 3 1 0 0 1 0 1 1 0 0 1 0 0 1 0 0 0 0 0 0 0 0 0 0 
0 0 58 61 58 115 161 173 262 410 389 554 783 896 979 1131 1416 1514 1801 2088 2303 2519 2901 3161 3209 3438 3709 3896 4016 4129 4213 4246 4153 4201 4107 3921 3899 3692 3567 3352 3133 3049 2809 2639 2339 2253 1990 1809 1628 1591 1505 1250 1229 1107 934 867 788 645 622 571 497 483 446 371 331 321 269 249 208 220 171 166 135 133 112 99 90 84 91 70 69 64 50 48 43 35 41 34 38 27 29 21 20 13 18 18 13 11 9 8 7 6 5 5 7 4 3 1 1 1 2 1 1 2 1 1 0 0 0 0 2 0 0 0 1 0 0 0 0 0 0 0 0 0 0 0 
0 0 88 82 51 137 155 202 359 368 522 684 805 912 1087 1213 1484 1767 1965 2282 2463 2667 2999 3169 3609 3625 3842 4013 4151 4355 4196 4315 4152 4149 4170 4009 3808 3687 3427 3374 3058 2830 2664 2626 2339 2161 1996 1770 1662 1510 1392 1244 1182 1030 932 855 776 674 551 583 486 470 393 344 336 308 261 233 209 198 166 156 122 124 111 88 83 76 71 65 51 50 55 45 32 28 36 21 23 25 17 12 19 9 11 9 7 8 7 8 9 8 4 7 7 2 1 3 4 4 5 0 1 1 1 0 1 1 0 0 1 0 0 0 0 0 0 0 0 0 0 0 
0 0 69 57 45 114 124 244 285 338 559 754 817 1033 1294 1447 1691 2080 2270 2613 2881 3066 3371 3663 3994 4189 4299 4492 4524 4588 4564 4474 4472 4197 4047 4062 3905 3651 3466 3112 3085 2856 2614 2385 2160 1956 1746 1569 1544 1344 1118 1066 965 866 777 678 608 570 538 424 381 409 316 291 256 254 231 202 158 151 139 119 120 92 96 77 77 55 52 56 43 52 28 27 27 30 21 12 10 20 16 9 10 11 4 8 3 4 4 2 2 1 6 0 3 3 3 0 1 1 3 0 2 0 1 1 1 2 0 0 0 0 1 0 0 0 0 0 0 1 0 0 0 0 0 0 0 0 0 0 0 
0 0 51 54 62 79 108 109 193 310 363 436 633 753 867 1094 1212 1480 1732 1952 2175 2339 2685 2913 3183 3333 3556 3839 3934 4048 4264 4279 4401 4331 4253 4205 4048 3978 3878 3586 3434 3257 3028 2820 2638 2423 2196 2051 1921 1769 1551 1408 1344 1178 1064 936 885 756 640 631 546 533 423 387 379 300 259 242 223 196 191 160 151 142 117 111 82 84 82 60 62 64 40 45 35 35 24 24 21 20 17 19 17 23 8 11 4 6 9 10 9 8 5 3 2 4 2 2 2 0 3 2 3 1 1 0 1 0 0 0 0 0 0 0 1 0 0 0 0 0 0 0 0 0 0 0 
0 0 50 48 57 86 225 165 180 360 477 534 694 922 1062 1301 1527 1749 1914 2216 2606 2748 3034 3336 3631 3812 4042 4095 4248 4362 4560 4432 4500 4305 4153 4057 3922 3726 3601 3365 3173 2957 2764 2569 2346 2151 2042 1809 1679 1578 1316 1282 1138 971 886 756 779 678 561 493 456 442 355 360 334 257 243 212 191 170 141 122 118 117 101 64 68 70 47 52 51 41 37 29 30 22 25 12 16 22 13 12 8 7 13 9 3 7 3 9 4 5 1 7 4 2 5 2 5 3 4 3 3 0 1 0 0 3 1 2 1 1 1 1 0 0 1 1 0 0 1 0 0 0 0 0 0 0 1 0 0 0 
0 0 67 47 57 112 112 184 340 349 474 623 698 941 1125 1296 1491 1639 2098 2222 2584 2830 3094 3262 3565 3848 4070 4000 4504 4443 4286 4439 4503 4343 4132 4208 3998 3698 3660 3283 3234 2908 2676 2400 2291 2232 1865 1785 1656 1480 1297 1257 1053 1008 874 789 718 598 575 534 483 386 360 330 278 247 242 204 181 178 152 124 99 112 86 77 72 69 51 53 46 32 36 27 24 29 23 23 19 19 21 12 6 15 12 8 8 5 8 7 3 9 5 6 4 3 1 3 2 3 1 2 1 1 3 3 1 2 0 0 1 1 0 1 0 1 0 0 0 0 0 0 0 0 0 0 0 
0 0 62 69 49 104 159 231 301 358 511 664 847 969 1129 1342 1524 1815 2077 2241 2327 2753 2953 3098 3417 3557 3790 4036 4137 4164 4120 4179 4196 4118 4005 3804 3734 3661 3467 3253 3063 2890 2667 2490 2262 2104 1955 1773 1608 1494 1318 1247 1142 1012 892 831 760 642 557 528 499 459 419 347 362 319 291 230 216 205 149 153 137 128 94 78 91 81 70 58 58 46 48 38 34 36 26 27 24 20 17 13 11 17 7 14 4 9 7 7 6 4 7 2 1 1 4 2 2 1 3 2 2 2 2 0 1 0 2 0 1 2 1 0 0 0 0 0 0 0 0 0 0 0 
0 0 57 48 48 173 196 204 279 557 556 666 920 997 1146 1547 1721 1881 2149 2589 2699 2978 3347 3458 3684 4097 4025 4187 4223 4466 4351 4245 4256 4203 4163 3925 3757 3546 3375 3209 2953 2739 2613 2340 2216 2001 1849 1714 1463 1410 1273 1088 1025 966 849 731 645 625 545 502 416 390 314 311 282 241 249 195 178 140 154 107 113 96 106 69 68 80 49 60 38 39 37 35 22 18 19 31 15 13 14 18 7 16 5 7 8 8 9 5 4 2 8 4 3 3 4 1 2 2 0 4 2 1 2 0 2 0 1 0 0 0 3 0 0 1 1 0 2 0 0 1 0 0 1 2 0 0 0 0 1 0 
0 0 69 58 52 192 214 275 307 401 482 759 848 912 1149 1384 1660 1842 2090 2482 2645 3042 3326 3426 3791 4006 4085 4255 4324 4444 4376 4439 4358 4330 4102 3974 3776 3587 3463 3197 2999 2743 2571 2398 2245 1959 1829 1706 1485 1313 1204 1147 1057 940 860 730 662 597 530 502 427 399 308 346 268 225 217 205 174 172 143 130 127 103 100 79 75 64 42 63 63 38 43 31 32 26 21 35 14 19 14 13 19 10 13 10 8 5 10 7 3 3 7 4 1 3 2 0 0 2 1 1 1 0 0 0 0 0 0 0 0 0 0 0 
0 0 60 56 59 126 204 211 251 369 409 512 718 755 818 1166 1334 1434 1648 2082 2187 2413 2780 3080 3314 3570 3760 4062 4026 4152 4269 4230 4324 4238 4275 4042 3948 3755 3683 3425 3180 3081 2881 2721 2460 2229 2068 1930 1660 1584 1422 1350 1201 1091 1014 914 791 736 660 584 518 461 402 393 352 338 265 250 209 187 163 158 134 116 123 100 68 85 74 63 53 47 41 39 39 36 24 24 22 28 20 24 12 15 17 11 20 11 8 6 15 5 3 8 2 6 5 3 5 1 1 2 2 0 1 3 0 1 0 0 0 0 0 0 0 1 0 0 0 0 0 0 0 0 0 0 0 
0 0 52 47 48 185 220 249 412 532 523 683 1015 1139 1268 1506 1777 2069 2414 2508 2951 3229 3415 3787 3836 4166 4329 4401 4406 4369 4473 4516 4355 4270 4077 3961 3855 3524 3351 3138 2875 2630 2467 2269 2055 1875 1720 1593 1475 1279 1164 1035 933 815 783 683 615 602 492 416 425 370 337 295 256 249 200 185 182 152 138 135 129 106 90 62 84 72 58 44 48 50 28 26 26 23 31 17 17 14 10 9 8 8 10 12 9 4 6 3 7 3 2 1 6 6 1 1 1 1 0 0 1 0 2 0 0 1 0 0 0 1 0 0 2 1 0 0 0 0 0 1 1 0 0 0 0 0 0 0 0 0 
0 0 54 61 66 108 142 208 241 330 364 528 623 700 906 1078 1262 1422 1664 1892 2127 2426 2690 2916 3030 3401 3567 3731 3901 4049 4110 4133 4290 4219 4210 3954 3995 3782 3568 3501 3319 3052 2990 2661 2505 2279 2207 1931 1852 1613 1483 1401 1298 1147 1055 939 885 756 709 628 614 500 450 394 360 360 296 245 238 223 175 165 151 143 119 116 109 75 77 71 70 42 44 49 41 35 36 27 25 23 30 23 14 17 15 13 12 11 4 7 7 3 4 4 4 2 2 1 0 4 2 1 1 1 0 0 0 0 0 2 1 0 0 1 2 2 1 2 0 0 1 1 0 1 0 0 0 1 0 0 0 0 
0 0 59 42 50 195 207 253 399 583 650 775 1068 1136 1427 1711 1804 2028 2382 2846 2817 3229 3433 3774 4023 4169 4281 4333 4463 4353 4525 4389 4290 4159 3926 3827 3650 3473 3285 2907 2915 2565 2386 2232 2054 1871 1714 1529 1443 1298 1180 1085 972 872 737 667 627 547 519 428 413 377 320 298 252 253 195 207 191 148 131 124 103 82 84 86 64 53 54 38 35 42 41 37 27 26 17 20 24 9 17 12 7 12 14 12 4 2 4 10 7 10 3 6 4 12 2 1 5 2 1 5 1 1 1 3 2 0 0 0 0 2 0 2 0 1 0 2 0 0 1 0 0 0 0 0 0 0 0 1 0 0 
0 0 52 49 39 64 144 157 224 265 319 445 602 701 819 1098 1375 1466 1712 1979 2133 2382 2685 3020 3108 3461 3653 3771 3875 4017 4194 4263 4318 4229 4218 4141 4052 3897 3672 3495 3427 3138 3011 2778 2563 2355 2243 2011 1878 1680 1633 1397 1302 1198 1044 957 797 818 702 648 530 477 446 402 360 339 295 243 241 190 168 151 155 129 131 97 101 77 73 64 59 59 55 35 35 44 33 24 25 16 17 24 15 11 18 10 17 8 6 12 5 5 6 7 3 3 0 1 0 1 3 1 0 3 0 1 0 0 0 1 0 0 0 0 0 0 0 0 0 0 0 
0 0 60 46 52 97 105 208 221 314 432 566 683 912 1010 1161 1456 1657 1847 2099 2456 2594 2964 3222 3411 3754 3914 3983 4232 4257 4344 4364 4297 4187 4237 4060 3997 3709 3641 3295 3262 3088 2769 2635 2484 2248 2114 1778 1736 1537 1373 1300 1109 1018 928 829 748 650 633 530 494 414 370 358 331 301 274 221 177 180 164 151 122 131 119 104 76 90 64 55 65 48 38 33 33 24 29 25 23 8 8 18 12 13 9 8 8 8 9 6 6 1 4 3 5 3 3 4 2 2 1 1 0 2 2 0 1 0 2 0 0 0 0 0 0 0 1 0 0 0 0 0 0 0 0 0 0 0 
0 0 60 57 49 77 100 102 216 212 284 407 504 605 694 920 1092 1173 1397 1685 1894 2087 2467 2683 2940 3220 3358 3574 3688 3931 3961 4040 4151 4274 4161 4068 4112 3770 3644 3583 3461 3239 3148 2909 2654 2459 2329 2152 1978 1836 1608 1545 1393 1297 1134 1046 972 800 784 720 622 555 528 453 417 376 359 302 258 230 221 172 183 177 129 98 107 96 83 89 63 62 51 47 36 37 23 31 30 25 25 23 19 15 6 7 11 11 5 6 2 7 6 2 2 2 4 1 2 0 1 1 1 0 0 0 1 0 0 0 0 0 0 0 0 0 0 0 
0 0 56 41 50 90 127 201 256 312 445 556 714 753 975 1082 1417 1610 1817 2137 2523 2784 2963 3315 3555 3791 3963 4271 4301 4544 4462 4430 4409 4364 4250 3967 4066 3834 3615 3449 3150 2964 2834 2634 2388 2211 1951 1887 1669 1534 1332 1312 1139 1008 949 817 756 683 579 555 457 489 361 351 308 281 244 223 222 185 163 123 132 125 93 82 73 86 68 59 33 49 45 28 36 31 23 23 21 11 11 9 10 7 5 8 7 2 5 7 4 3 4 1 2 3 2 3 3 2 1 1 0 2 2 1 0 1 0 1 0 1 1 2 1 0 0 2 0 0 1 1 0 0 0 1 0 0 0 0 0 0 
0 0 51 46 38 81 98 201 271 361 388 472 738 750 947 1125 1362 1578 1896 2129 2229 2619 2765 3179 3404 3667 3819 3949 4239 4242 4378 4388 4374 4314 4186 4242 4014 3858 3704 3469 3258 3158 2838 2600 2457 2225 2046 1912 1755 1566 1397 1364 1162 1048 954 882 772 709 625 593 512 459 447 358 339 304 266 248 213 175 181 166 125 140 121 100 75 90 81 66 66 48 42 44 38 42 34 28 24 29 18 16 24 16 18 13 18 13 8 9 8 4 7 2 1 4 4 5 1 1 1 1 2 0 1 0 1 0 0 1 0 0 0 1 1 1 0 0 1 3 1 0 0 2 1 0 0 1 0 0 1 0 
0 0 54 49 48 102 108 201 269 313 401 635 665 843 1091 1228 1329 1739 2042 2196 2488 2689 2980 3242 3409 3611 3655 4110 4090 4064 4176 4157 4348 4174 4187 4028 3914 3669 3577 3319 3134 2875 2747 2540 2422 2270 2041 1815 1754 1511 1391 1365 1184 1025 924 876 806 703 611 562 489 492 391 338 338 310 253 248 216 195 162 150 144 138 102 110 85 87 86 46 65 42 58 34 41 42 32 38 27 19 22 28 21 17 19 7 13 9 16 8 4 8 11 4 2 7 2 8 2 2 3 2 2 2 0 2 3 0 1 2 1 0 0 0 0 0 1 1 1 1 0 0 0 0 0 0 0 0 0 0 0 
0 0 53 54 30 64 91 134 195 284 359 421 496 636 779 1001 1218 1412 1668 1883 2265 2611 2878 3067 3287 3625 3789 3927 4193 4278 4467 4505 4525 4332 4436 4421 4126 3945 3819 3580 3468 3184 3052 2790 2525 2315 2193 1845 1824 1640 1443 1311 1187 1110 974 891 773 745 668 580 554 474 412 406 330 299 280 244 217 204 160 163 149 129 106 85 76 84 69 60 52 47 60 36 30 24 28 12 17 22 18 17 11 14 12 10 5 9 9 4 5 5 5 3 2 6 5 4 3 1 2 4 3 3 1 4 1 2 1 1 1 0 2 2 0 0 1 1 1 0 0 0 0 0 0 0 0 0 0 0 
0 0 62 72 64 105 160 227 329 395 468 509 723 718 986 1174 1377 1441 1687 2031 2250 2362 2613 2924 3086 3300 3531 3633 3771 4022 4136 4002 4060 4048 3992 3950 3773 3723 3524 3437 3251 2986 2846 2587 2443 2276 2060 1979 1822 1632 1463 1359 1250 1112 1022 928 915 728 699 604 568 494 448 418 380 328 286 264 234 190 183 164 162 137 123 125 108 106 88 69 66 56 60 61 51 33 46 38 24 20 27 23 19 11 21 14 9 10 7 5 3 1 4 3 5 3 3 0 1 1 0 1 1 0 0 0 1 0 0 0 0 0 0 0 0 0 0 0 
0 0 72 48 64 116 163 225 312 420 492 588 748 857 1116 1210 1429 1724 1940 2155 2482 2702 3026 3159 3477 3650 3820 4049 4063 4242 4338 4276 4232 4196 4205 3987 3838 3653 3534 3363 3162 2807 2751 2560 2427 2035 2005 1843 1709 1528 1457 1261 1132 1132 908 864 764 688 597 558 489 432 406 335 347 298 226 235 207 178 154 152 108 122 121 108 94 86 65 78 50 49 56 37 40 27 29 21 20 23 16 18 10 18 10 13 8 5 8 6 3 8 0 2 1 2 1 0 3 0 0 1 0 0 1 1 1 0 1 0 1 0 0 0 0 0 0 0 0 0 0 0 
0 0 44 56 46 90 171 141 190 308 335 375 669 737 856 1008 1226 1521 1698 1962 2181 2525 2809 3029 3214 3456 3719 3896 4006 4140 4255 4285 4311 4198 4235 4120 3995 3770 3635 3505 3386 3099 2996 2774 2553 2368 2130 1960 1881 1604 1548 1330 1301 1140 1037 896 811 718 655 645 510 529 439 363 388 321 305 243 244 193 177 158 139 124 132 100 90 100 68 71 48 54 40 48 37 41 37 37 15 22 22 21 7 14 10 9 10 5 11 10 3 12 6 7 7 7 5 6 5 5 0 5 3 2 0 3 5 1 0 0 1 2 1 2 1 1 0 1 0 0 0 0 0 0 1 0 0 0 0 0 0 0 
0 0 50 51 40 116 100 150 291 391 398 556 666 834 1010 1237 1452 1532 1881 2171 2377 2667 2962 3210 3456 3696 3875 4051 4275 4269 4286 4386 4445 4258 4193 3995 3980 3721 3634 3442 3211 2995 2782 2722 2428 2184 2121 1890 1713 1580 1412 1242 1166 1069 984 846 791 687 648 554 466 472 385 386 328 308 260 235 210 199 173 149 112 117 111 87 77 82 70 60 57 52 32 43 43 34 20 27 17 21 21 21 15 17 11 12 10 5 10 8 10 6 6 4 6 5 2 7 2 5 1 1 1 0 3 1 2 0 0 0 0 4 1 0 0 1 0 0 0 0 0 1 0 1 1 0 0 0 0 0 0 1 
0 0 49 43 50 120 198 237 256 408 466 566 680 826 1121 1347 1377 1696 2096 2347 2554 2683 3124 3376 3641 3997 4148 3999 4343 4334 4373 4417 4300 4315 4053 4136 3889 3725 3509 3304 3021 2944 2780 2535 2248 2066 1928 1827 1679 1469 1315 1195 1097 982 834 819 746 621 631 495 469 397 374 335 265 312 253 196 172 161 160 141 128 104 95 101 74 71 60 61 54 53 32 31 30 32 31 29 28 31 12 18 13 11 15 14 12 10 11 11 11 8 4 6 4 3 7 2 4 1 3 3 1 0 1 1 1 0 0 0 0 1 0 0 0 0 0 1 0 1 0 0 0 1 0 0 0 0 0 0 0 0 
0 0 55 70 40 150 289 276 406 442 559 699 965 1093 1237 1469 1785 2059 2281 2455 2823 3180 3305 3452 3707 3959 4120 4279 4301 4252 4334 4239 4344 4146 3911 3967 3663 3477 3201 3021 2945 2648 2513 2355 2102 1863 1800 1670 1453 1284 1261 1080 959 877 803 772 641 593 590 446 430 409 356 345 289 251 223 210 179 154 136 120 105 83 93 92 78 63 49 54 42 48 37 30 23 28 19 24 21 15 22 9 12 5 9 10 5 4 5 5 8 4 0 3 3 1 2 2 1 0 3 1 1 0 1 0 1 0 0 0 0 1 0 1 0 0 1 1 0 0 0 0 1 1 0 0 1 0 0 0 0 0 
0 0 51 59 53 71 137 146 269 368 387 588 625 827 911 1189 1404 1516 1918 2018 2358 2685 2872 3255 3451 3539 3891 4062 4089 4201 4423 4472 4489 4305 4247 4088 3852 3866 3692 3495 3208 3099 2715 2550 2478 2177 1990 1865 1748 1568 1406 1264 1170 1030 948 807 728 731 659 553 491 445 423 417 319 300 299 230 212 178 174 123 142 103 106 96 84 68 67 59 71 41 45 29 35 32 24 24 24 23 17 16 17 14 12 9 11 6 8 7 7 7 2 5 2 1 3 1 2 1 0 0 0 1 0 1 0 1 0 0 0 0 0 0 0 0 0 0 0 
0 0 56 67 53 133 167 165 213 259 289 400 475 574 740 844 952 1168 1340 1469 1709 1895 2134 2396 2697 2869 3100 3279 3583 3770 3882 4018 4045 4098 4072 4031 3989 3957 3808 3685 3538 3355 3203 3018 2785 2677 2457 2266 2131 1965 1834 1605 1476 1335 1243 1103 1040 898 851 739 661 617 541 492 438 402 328 290 316 250 231 214 203 170 165 128 123 118 103 79 89 72 63 51 65 46 34 47 32 33 20 23 22 20 18 11 13 10 12 15 9 13 10 3 9 11 2 3 7 5 1 4 0 5 1 1 2 1 3 2 0 1 1 2 0 0 3 0 0 1 1 0 1 1 1 1 0 0 0 0 0 0 
0 0 56 71 61 82 119 228 341 420 563 740 889 1040 1290 1360 1576 1914 2204 2481 2631 3043 3230 3389 3743 3975 4140 4155 4305 4370 4483 4303 4459 4171 3965 4013 3716 3520 3361 3076 2973 2693 2499 2491 2202 1951 1754 1649 1537 1404 1244 1130 1068 898 807 740 671 636 518 538 459 376 339 305 269 248 212 189 171 154 143 126 97 92 91 73 76 48 58 66 37 44 33 31 23 22 16 13 13 19 18 8 11 12 6 2 3 7 4 3 3 1 3 0 3 1 0 2 0 0 0 1 2 0 1 0 1 1 0 0 0 1 0 0 0 0 0 0 0 0 0 0 0 
0 0 56 52 48 99 122 174 239 279 357 561 638 673 851 1019 1157 1325 1678 1762 2008 2322 2576 2748 3043 3150 3410 3689 3855 3844 4090 4092 4113 4121 3992 4001 3810 3615 3627 3565 3389 3056 3003 2793 2635 2428 2311 2092 1898 1809 1599 1496 1344 1260 1177 1014 962 785 736 672 627 554 512 442 385 336 303 291 255 241 193 160 169 155 118 137 107 75 77 61 61 65 51 53 46 37 31 33 31 20 35 21 20 10 10 9 16 7 9 9 4 8 2 2 4 5 1 4 4 1 2 2 2 3 1 1 1 1 1 2 0 1 0 0 2 1 0 0 0 0 0 0 1 0 0 0 0 0 0 1 0 0 
0 0 50 42 57 84 91 179 226 297 383 561 630 823 910 1100 1309 1498 1675 1847 2207 2391 2612 2965 3229 3383 3599 3798 3978 4146 4184 4200 4323 4259 4188 4124 4044 3728 3683 3389 3285 3173 2934 2609 2486 2422 2121 1888 1800 1632 1503 1346 1258 1125 990 899 872 705 708 591 551 477 425 397 379 351 275 259 270 226 182 186 135 127 150 108 96 94 94 78 61 55 53 58 41 48 28 33 21 25 26 15 26 15 12 20 9 8 6 4 8 5 3 9 4 7 2 1 5 3 3 1 0 0 1 4 0 1 0 0 0 1 1 0 0 1 0 0 1 0 0 0 0 0 0 0 0 0 0 0 
0 0 51 49 49 91 124 218 320 364 425 623 796 915 1117 1375 1486 1771 1965 2142 2670 2791 3036 3229 3592 3606 3953 4080 4178 4179 4246 4357 4203 4102 4193 3845 3770 3624 3448 3160 3066 2839 2605 2388 2264 2158 1882 1698 1644 1463 1332 1194 1074 986 898 851 727 620 637 488 471 396 391 347 298 291 219 208 212 198 146 152 119 106 103 96 73 65 71 50 55 38 31 23 31 29 19 16 23 8 15 13 20 8 6 11 5 6 4 8 7 4 4 6 3 3 2 2 0 4 2 4 1 0 0 2 1 1 1 1 1 0 0 0 1 1 0 0 0 0 1 0 0 0 0 0 0 0 0 0 1 0 
0 0 63 66 61 106 202 207 304 527 407 512 770 932 992 1241 1450 1756 1943 2252 2467 2689 3023 3247 3395 3719 3967 4103 4146 4219 4349 4246 4337 4158 4210 3935 3814 3778 3505 3262 3158 2901 2713 2597 2364 2194 1976 1771 1738 1524 1411 1226 1147 1035 893 823 740 672 644 545 505 442 396 361 322 303 253 209 204 203 172 153 134 118 107 110 87 78 71 61 58 40 47 42 24 24 35 24 26 19 21 21 12 13 11 11 7 11 9 7 9 6 5 7 4 6 2 0 3 2 3 0 1 3 1 0 2 0 0 0 0 0 0 0 1 0 0 0 0 0 0 0 0 0 0 0 
0 0 71 63 72 68 111 221 263 366 384 489 610 721 818 1079 1282 1368 1746 1950 2110 2503 2689 2944 3276 3586 3718 3895 3987 4144 4378 4319 4312 4305 4157 4140 4023 4059 3733 3474 3279 3171 2898 2795 2526 2316 2169 1977 1842 1688 1442 1421 1292 1115 1026 941 773 763 660 598 514 478 421 379 337 294 237 252 213 192 187 162 146 126 98 101 88 79 78 72 56 49 47 32 24 25 30 28 18 10 22 18 12 10 13 11 4 7 11 5 5 2 8 3 2 4 1 0 1 1 0 4 2 1 1 1 0 2 2 4 1 0 1 3 0 0 1 1 1 1 0 0 0 0 0 0 0 0 0 0 0 
0 0 71 50 52 114 133 181 263 389 411 571 697 908 1107 1243 1434 1619 1857 2222 2385 2720 2887 3077 3455 3609 3758 3907 4167 4203 4196 4348 4217 4106 4191 4002 3818 3673 3617 3430 3126 3069 2792 2639 2311 2214 2103 1869 1752 1573 1475 1272 1151 1094 963 865 850 714 616 561 504 494 429 351 326 295 242 247 204 174 188 146 127 116 119 107 81 86 80 47 64 52 45 49 43 32 34 27 22 26 26 17 18 20 8 14 9 4 8 10 10 3 5 8 6 3 2 4 5 3 1 4 4 2 4 2 0 1 2 0 1 2 0 2 1 0 0 1 0 0 0 0 0 0 0 0 0 0 0 
0 0 63 55 50 99 138 228 264 338 449 531 702 830 998 1175 1388 1604 1832 2111 2395 2474 2784 2981 3246 3503 3654 3871 4049 3998 4184 4270 4241 4162 4085 3943 3891 3709 3466 3383 3171 2992 2735 2551 2361 2293 1967 1882 1675 1562 1529 1327 1176 1103 1015 847 776 712 663 602 523 493 450 393 327 308 277 236 226 208 168 161 161 128 112 116 111 90 73 79 62 66 55 40 37 39 37 34 36 23 26 16 19 22 17 14 9 11 10 8 10 7 8 8 2 6 5 3 9 3 3 4 0 2 1 3 0 0 1 0 2 0 0 0 0 0 0 0 0 0 0 0 
0 0 48 57 42 85 130 150 239 271 283 397 598 718 786 1029 1300 1476 1686 1913 2189 2434 2739 2934 3097 3524 3687 3792 3961 4062 4159 4280 4226 4167 4309 4129 3991 3952 3774 3558 3339 3106 2997 2786 2607 2289 2200 2071 1826 1723 1533 1350 1298 1102 1038 958 875 773 689 615 542 502 433 417 339 319 316 246 245 227 180 182 173 168 134 117 99 93 84 65 68 55 65 55 39 39 36 38 29 23 18 28 21 16 15 9 11 6 11 0 6 6 4 9 2 5 4 1 5 0 3 0 2 2 1 1 2 0 0 1 1 0 1 0 1 1 0 1 0 0 0 0 0 1 0 0 1 0 1 0 0 1 
0 0 43 49 44 65 97 143 217 244 298 441 513 714 931 1039 1377 1540 1754 2082 2305 2627 2941 3199 3307 3648 3854 4036 4045 4180 4266 4317 4249 4192 4187 4084 3992 3782 3595 3464 3201 3077 2702 2590 2447 2253 2014 1932 1709 1541 1477 1314 1182 1097 1001 871 815 703 607 562 511 491 430 402 350 301 279 236 219 202 174 162 148 133 108 115 102 71 65 64 65 45 46 42 41 35 39 25 40 21 15 16 10 20 14 6 15 11 10 12 5 9 5 8 5 3 1 2 4 5 2 0 2 3 1 1 1 0 0 1 0 1 0 0 1 0 0 0 0 0 0 0 0 0 0 0 
0 0 59 46 62 91 161 173 319 363 441 610 806 920 1206 1428 1549 1770 2154 2290 2663 2902 3215 3535 3753 3986 4099 4208 4284 4345 4440 4369 4203 4282 4228 3987 3765 3702 3480 3239 3095 2901 2618 2509 2280 2019 1904 1814 1651 1427 1339 1171 1083 981 873 733 736 649 535 479 482 381 348 321 290 271 257 211 194 163 146 134 126 93 86 79 71 64 60 39 44 42 37 26 31 17 20 24 15 29 18 19 11 13 8 8 4 8 6 2 4 3 3 5 2 2 1 2 2 0 0 0 0 3 3 2 2 1 1 0 0 1 1 0 0 0 0 0 0 0 0 0 0 0 
0 0 73 63 55 144 212 191 320 447 434 670 899 957 1119 1441 1611 1890 2224 2429 2681 3035 3426 3481 3660 3901 4086 4321 4358 4417 4433 4533 4265 4159 4181 3918 3730 3562 3486 3364 3057 2828 2558 2421 2227 2061 1788 1744 1606 1384 1327 1131 1068 920 870 752 693 599 587 506 461 364 320 316 296 264 197 210 204 154 172 133 118 107 80 102 76 76 51 63 45 40 45 33 35 32 24 28 28 19 15 15 14 10 8 8 5 6 5 11 3 3 3 2 5 5 3 1 1 2 0 0 3 1 0 1 1 1 0 1 1 0 0 0 0 1 2 1 0 1 1 0 0 0 0 0 0 0 0 0 0 0 
0 0 64 52 60 121 162 196 454 472 569 775 976 1090 1317 1632 1740 2093 2255 2527 2856 3011 3333 3514 3817 3918 4012 4211 4415 4279 4243 4368 4245 4096 3894 3885 3677 3560 3361 3145 2912 2769 2584 2341 2155 1965 1833 1681 1456 1377 1262 1119 1007 951 842 732 683 643 562 557 479 404 337 313 343 260 242 204 189 156 150 131 122 93 102 88 92 66 59 57 54 49 42 33 34 31 21 17 19 14 19 5 18 15 7 6 9 7 5 7 5 3 0 3 3 3 3 3 1 1 3 1 0 0 0 0 0 0 0 1 0 0 0 0 0 0 0 0 0 0 0 
0 0 49 49 46 108 131 164 334 476 538 625 836 984 1183 1401 1602 1838 2110 2251 2657 2896 3142 3278 3536 3729 3950 4158 4270 4170 4263 4284 4241 4038 4082 4038 3766 3498 3371 3301 3035 2794 2640 2456 2325 2120 1933 1773 1576 1423 1350 1154 1060 986 928 798 716 647 621 539 506 371 359 362 277 247 242 193 212 154 149 123 148 109 83 91 80 58 74 57 59 46 41 33 33 25 29 27 24 18 13 14 12 11 10 11 7 13 5 11 6 1 6 3 3 1 4 1 1 1 1 2 3 0 0 0 3 0 1 2 0 0 1 1 0 1 0 1 0 0 0 0 0 0 0 0 0 0 0 
0 0 59 73 58 88 177 201 196 317 409 486 717 879 917 1143 1386 1642 1761 2074 2342 2589 2901 3066 3379 3548 3764 3950 4036 4294 4231 4385 4277 4256 4211 4173 3948 3708 3715 3468 3216 3023 2805 2646 2519 2205 2062 1953 1739 1594 1469 1335 1219 1084 918 886 765 752 577 598 541 433 429 391 327 305 275 265 196 179 157 143 131 126 107 114 82 71 81 70 45 45 29 35 33 26 33 35 19 15 13 16 14 18 11 6 10 7 4 1 11 11 9 8 5 7 6 1 6 2 4 1 2 4 2 2 2 0 2 1 0 2 1 0 0 0 1 1 0 0 0 0 0 0 0 0 0 0 0 
0 0 58 55 60 82 109 139 251 323 370 550 698 824 1018 1334 1511 1778 2030 2391 2576 2887 3206 3427 3514 3891 4279 4236 4238 4348 4373 4400 4393 4226 4237 4077 3843 3746 3430 3342 3163 2931 2774 2450 2316 2194 1922 1686 1525 1464 1340 1198 1073 967 870 787 726 608 575 528 457 420 353 327 259 257 241 193 202 183 137 141 119 88 103 88 87 72 71 63 36 40 29 31 27 29 15 14 13 16 15 12 14 12 4 9 8 5 2 6 2 5 2 1 2 1 5 1 2 3 1 1 0 1 2 1 1 0 1 1 0 2 0 1 0 0 0 0 0 0 1 0 0 2 1 0 1 0 0 0 0 0 
0 0 50 47 50 71 108 119 147 264 299 409 648 704 892 999 1188 1385 1711 2054 2129 2520 2728 2939 3383 3430 3666 3940 3969 4184 4288 4252 4313 4300 4292 4045 3998 3933 3788 3472 3361 3090 2969 2664 2468 2396 2194 1988 1780 1747 1529 1371 1277 1139 1029 908 831 734 734 605 578 501 454 373 313 323 262 266 236 208 183 155 128 128 123 102 87 100 64 48 54 47 45 39 41 33 31 32 20 25 19 16 14 17 12 13 9 7 8 7 4 3 9 4 3 3 3 1 2 1 1 0 1 0 1 0 1 0 0 0 1 0 0 0 0 0 0 0 0 0 0 0 
0 0 59 48 51 81 230 321 324 445 518 721 804 1022 1123 1310 1640 1957 2196 2435 2718 3071 3396 3727 3899 3946 4201 4356 4499 4511 4417 4507 4362 4277 4243 4022 3875 3662 3399 3119 2963 2779 2647 2473 2162 1955 1816 1709 1494 1340 1213 1158 993 881 806 795 680 573 498 477 428 392 324 324 262 239 225 207 158 170 144 121 98 99 93 74 53 60 61 35 48 37 32 22 33 30 22 15 31 15 12 13 16 12 10 10 13 6 10 6 2 8 4 3 7 6 4 0 4 3 5 2 3 0 1 1 0 0 2 0 1 1 0 0 1 0 0 1 0 0 0 0 1 1 2 0 0 1 1 0 1 0 
0 0 62 51 41 106 141 227 281 281 377 565 711 881 1098 1298 1424 1770 1962 2190 2485 2809 3148 3242 3566 3913 4032 4223 4308 4430 4579 4533 4521 4280 4210 4159 4006 3905 3634 3422 3182 2952 2692 2565 2379 2134 1958 1830 1662 1510 1425 1217 1081 1006 923 823 747 642 560 547 436 390 412 321 266 261 224 194 186 190 138 134 126 109 79 92 89 76 59 59 52 42 31 40 43 25 24 25 16 21 11 20 11 10 11 9 10 3 6 5 5 3 1 5 3 2 3 2 0 2 3 0 1 4 2 1 0 1 3 0 0 1 0 3 0 0 0 1 0 0 0 0 0 0 0 0 0 0 0 
0 0 63 43 60 116 134 170 225 312 350 455 507 650 863 1023 1173 1320 1562 1781 2082 2338 2590 2754 3074 3332 3623 3734 3962 3954 4096 4269 4212 4328 4293 4108 3977 4008 3626 3573 3479 3215 3004 2791 2652 2381 2151 1990 1881 1752 1523 1429 1323 1101 1078 911 813 746 712 638 546 497 486 438 365 334 326 247 240 218 200 153 172 129 120 111 107 111 80 67 76 65 50 44 41 37 34 34 31 17 17 22 17 16 19 8 12 7 13 13 6 10 10 5 4 5 5 4 3 4 7 3 1 1 1 4 2 0 1 2 0 0 1 0 1 0 0 0 1 0 0 0 0 0 0 0 0 0 0 0 
0 0 51 56 52 80 112 123 155 191 213 380 434 522 745 827 1047 1302 1422 1686 1877 2190 2522 2671 3049 3344 3626 3745 4057 4195 4252 4373 4363 4308 4291 4218 4158 3883 3974 3728 3477 3341 3155 2908 2733 2614 2376 2114 1942 1790 1639 1545 1378 1246 1108 1004 901 823 756 655 589 540 454 440 429 352 328 265 237 228 217 176 165 154 119 102 114 105 87 77 60 55 57 40 41 37 35 24 20 28 17 23 20 19 11 10 9 15 8 4 7 1 10 9 3 5 2 2 2 1 2 4 2 2 1 1 0 3 0 0 1 4 1 0 3 0 0 4 2 1 1 2 0 1 1 0 1 0 0 0 1 0 
0 0 50 43 39 94 101 147 283 362 385 558 708 837 938 1221 1367 1609 1904 2124 2234 2630 2877 3095 3377 3634 3816 4051 4210 4254 4240 4393 4315 4328 4180 4171 4008 3840 3569 3502 3192 3058 2846 2610 2508 2159 2123 1897 1758 1566 1411 1333 1221 1093 932 943 798 701 675 565 528 468 396 408 321 282 257 277 214 201 165 145 122 125 100 93 87 83 70 65 59 47 38 35 50 24 32 27 16 22 17 17 12 17 11 9 7 12 10 7 6 6 4 5 2 2 0 7 4 0 1 1 2 0 0 0 0 1 0 0 1 0 1 1 0 0 0 1 0 0 0 1 1 0 0 0 0 0 0 0 0 0 
0 0 56 53 44 142 195 309 401 511 711 979 1187 1344 1617 1848 2263 2489 2802 3109 3213 3714 3942 4117 4285 4275 4495 4602 4677 4505 4503 4416 4285 4172 3959 3708 3587 3252 3120 2921 2681 2442 2147 2041 1819 1697 1606 1365 1251 1173 1012 920 831 809 643 577 552 472 439 405 343 337 257 236 197 198 168 140 132 129 107 100 85 78 76 55 52 50 44 47 38 31 32 16 31 22 15 19 9 14 12 7 13 11 11 4 11 5 3 5 8 4 4 4 1 1 1 5 1 2 2 1 1 1 0 0 3 2 2 0 1 1 1 1 0 0 0 1 0 1 0 0 0 0 0 0 0 0 0 0 0 
0 0 69 56 61 80 150 173 237 328 424 480 555 800 984 1224 1432 1707 1885 2139 2584 2721 3001 3409 3557 3758 3955 4053 4389 4461 4450 4492 4465 4475 4201 4310 4023 3923 3595 3526 3261 3067 2760 2533 2450 2299 2079 1838 1727 1477 1393 1287 1183 1022 980 861 792 681 606 560 511 435 383 321 313 275 224 230 204 157 181 143 126 110 101 97 85 67 56 46 39 44 40 43 23 24 27 19 6 16 15 8 17 9 9 8 10 8 6 6 5 5 3 4 5 3 2 3 1 2 1 1 1 0 0 0 0 0 1 0 0 0 0 0 0 0 0 0 0 0 
0 0 63 49 38 96 113 96 196 265 220 325 506 582 820 938 1118 1282 1512 1699 1948 2142 2530 2903 3119 3398 3406 3930 4087 4153 4308 4362 4292 4303 4283 4202 4048 4047 3864 3622 3313 3324 3068 2846 2674 2365 2243 2017 1890 1679 1546 1420 1280 1160 1107 966 860 787 692 636 611 472 459 428 361 326 334 272 253 234 230 192 166 135 151 128 97 91 89 68 70 65 39 43 29 36 30 37 26 23 15 26 18 11 12 9 17 10 12 10 8 5 7 6 2 5 5 4 2 2 2 4 1 1 1 2 0 2 2 2 2 1 1 2 1 2 1 1 0 2 0 2 1 1 0 0 0 0 0 0 0 0 
0 0 54 59 55 118 250 294 304 405 420 525 705 962 1092 1287 1524 1702 1964 2257 2477 2743 3045 3344 3553 3787 3957 4072 4241 4173 4300 4279 4305 4183 4048 3818 3717 3783 3385 3219 3069 2909 2733 2522 2342 2063 1988 1766 1656 1476 1357 1170 1095 1024 887 765 702 666 634 556 502 433 391 360 344 309 301 269 229 203 197 174 153 120 133 114 101 94 84 69 64 50 36 55 40 34 38 31 26 20 21 25 21 16 14 14 16 12 10 11 8 7 9 7 6 9 7 4 6 2 4 3 3 5 2 2 1 4 3 3 1 3 1 1 2 0 0 1 2 0 2 0 1 0 2 0 0 1 1 1 0 0 
0 0 70 42 38 136 151 266 310 327 575 842 914 1019 1223 1446 1685 1969 2185 2409 2809 3019 3347 3478 3682 3960 4123 4254 4209 4282 4286 4197 4213 4151 3991 3991 3794 3523 3307 3250 2924 2721 2530 2409 2140 2024 1872 1674 1461 1328 1286 1168 1029 930 816 789 739 619 527 495 473 420 340 331 285 302 231 239 194 182 165 148 125 107 84 95 84 68 67 57 55 39 43 51 29 29 21 26 29 24 23 12 14 15 9 8 14 7 8 8 8 7 5 6 3 6 5 3 5 2 2 5 1 3 1 4 1 0 3 2 2 2 0 0 2 0 0 0 0 0 0 0 0 0 0 0 
0 0 76 71 75 129 139 138 251 306 348 453 543 774 849 1027 1156 1348 1563 1768 1904 2181 2423 2723 2989 3160 3393 3679 3808 3948 4055 4208 4123 4165 4109 4103 4025 3870 3712 3422 3484 3145 3058 2871 2701 2465 2290 2058 1869 1799 1613 1534 1327 1204 1151 1041 883 844 702 641 581 559 470 450 356 343 302 278 249 192 196 178 160 147 126 112 96 88 86 66 73 62 45 48 36 28 25 29 25 19 23 13 18 10 6 4 7 5 8 4 4 1 2 3 1 4 2 2 1 1 0 3 3 1 2 0 1 2 2 1 1 0 1 0 0 0 0 1 1 0 0 0 0 0 0 0 0 0 0 0 
0 0 54 55 52 101 171 232 274 398 454 567 780 860 966 1291 1335 1530 1873 2171 2328 2639 2881 3115 3328 3615 3756 3934 3994 4099 4082 4187 4164 4092 4055 3831 3834 3565 3358 3300 3044 2958 2748 2555 2387 2186 2043 1830 1618 1489 1457 1291 1115 1032 961 810 765 695 601 561 538 449 372 358 339 314 256 263 218 201 180 192 162 155 127 128 103 88 80 80 63 51 42 40 48 34 30 27 25 25 21 20 24 16 8 12 14 8 9 9 14 4 4 6 4 5 4 2 4 6 2 3 5 4 1 2 1 0 1 1 0 2 0 0 0 0 0 0 0 0 0 0 0 
0 0 55 59 57 119 130 181 217 321 409 477 611 799 864 1130 1283 1480 1730 1941 2197 2511 2757 3071 3321 3349 3628 3949 4109 4038 4228 4168 4142 4164 4078 4017 3791 3728 3535 3354 3298 3047 2873 2644 2378 2267 2130 1853 1707 1629 1454 1302 1201 1074 957 922 830 737 596 572 559 471 446 426 334 290 293 257 215 187 208 163 157 129 103 100 93 83 78 71 64 58 41 44 60 40 29 37 22 23 22 16 17 15 20 8 13 11 11 7 3 2 4 4 2 0 2 4 1 1 0 1 4 3 2 1 2 0 2 2 1 1 1 1 0 1 0 0 0 0 0 0 0 0 0 0 0 
0 0 60 50 41 137 169 170 342 472 467 634 867 1044 1263 1501 1712 1944 2267 2402 2804 2951 3234 3509 3875 3957 4000 4236 4281 4398 4587 4404 4304 4188 4173 4061 3771 3635 3398 3197 2907 2741 2564 2393 2232 1949 1795 1626 1559 1361 1218 1090 1006 899 815 727 683 620 542 517 460 381 347 324 278 258 237 215 179 163 131 122 125 86 87 86 67 69 45 49 38 25 41 36 17 18 12 19 9 16 13 9 4 12 8 3 4 4 2 4 0 4 3 1 1 1 0 0 1 0 1 0 0 0 0 0 0 0 0 0 0 0 
0 0 56 52 40 145 178 243 362 465 537 634 862 932 1176 1361 1577 1925 2178 2361 2653 2884 3160 3539 3605 3888 4000 4101 4356 4349 4229 4312 4379 4293 4122 3921 3775 3601 3459 3282 3029 2818 2676 2397 2250 2050 1899 1758 1639 1352 1287 1187 1074 934 841 794 716 644 590 505 444 384 345 363 319 273 248 220 178 192 141 145 134 93 103 98 78 68 66 67 40 49 29 27 31 31 20 21 21 21 17 12 12 14 17 8 6 11 6 4 6 7 0 4 5 4 4 3 2 1 1 1 0 1 0 1 2 1 0 0 0 0 1 0 0 1 0 1 0 0 1 0 0 1 1 0 1 0 0 0 1 0 
0 0 64 64 61 143 158 278 320 425 513 585 741 1053 1089 1323 1632 1802 2054 2416 2605 2817 3035 3439 3592 3829 3979 4172 4303 4243 4287 4369 4120 4149 4056 3928 3709 3606 3423 3256 3142 2844 2532 2438 2313 2028 1866 1805 1595 1512 1260 1140 1065 930 899 779 666 645 568 504 453 448 329 348 302 277 214 219 194 168 157 146 139 113 93 83 68 67 46 70 54 50 37 39 36 37 27 28 39 27 22 11 12 24 13 15 12 12 9 8 6 4 9 10 5 4 2 0 0 6 3 2 1 3 1 2 0 1 0 1 1 0 2 1 0 0 0 0 0 0 0 0 0 0 0 
