0 0 70 65 44 95 195 206 244 319 380 509 849 928 1212 1529 1652 1992 2506 2895 3285 3804 4215 4583 4789 5330 5521 5768 6063 6055 6175 6019 5929 5715 5471 5389 4982 4604 4335 3970 3593 3216 2966 2683 2280 2097 1788 1580 1353 1202 994 870 806 657 557 470 417 350 304 259 197 188 173 130 134 87 97 74 68 48 41 40 27 29 27 27 12 9 15 12 10 12 4 6 4 3 4 4 0 1 1 0 1 0 1 1 0 0 0 0 0 0 0 0 0 0 0 
0 0 99 113 95 143 217 284 414 462 461 738 1023 1236 1557 1963 2184 2760 2990 3596 4049 4438 4825 5406 5676 6048 6111 6339 6439 6461 6144 6274 5975 5527 5133 5160 4575 4255 3760 3609 3015 2751 2411 2177 1934 1587 1393 1161 1080 888 764 667 529 479 391 340 273 239 181 161 156 113 94 85 63 58 51 35 43 27 32 21 19 11 10 9 10 6 4 8 4 4 1 2 5 3 2 1 0 2 0 1 0 1 1 0 0 0 0 0 0 0 0 0 0 0 
0 0 63 75 70 62 122 200 257 377 372 429 583 904 880 1147 1545 1825 2105 2453 2925 3216 3670 4102 4546 4854 5211 5538 5587 5821 6067 5867 6032 5817 5847 5391 5119 4844 4508 4222 3831 3562 3185 2817 2637 2330 2040 1792 1648 1349 1144 1075 853 762 686 584 480 418 364 264 227 209 178 150 116 111 88 78 50 48 50 38 31 27 20 12 12 8 11 12 3 8 8 4 3 4 3 2 1 3 2 3 1 0 0 0 0 1 0 0 0 0 0 0 0 0 0 0 0 
0 0 62 49 67 86 87 253 244 345 394 597 746 958 1218 1350 1700 1936 2219 2806 3061 3630 4137 4578 4906 5256 5656 5814 6133 6316 6376 6114 6088 5935 5807 5366 4964 4887 4427 4151 3660 3275 2995 2747 2259 1990 1882 1664 1399 1178 1074 919 798 654 595 480 375 341 321 273 205 173 143 123 98 97 65 54 61 56 30 21 23 22 15 9 5 7 7 7 2 6 2 0 1 0 0 0 0 0 0 0 0 0 0 0 
0 0 56 56 49 130 169 198 367 490 559 733 1063 1184 1428 1832 2218 2476 3001 3416 3853 4250 4728 5248 5532 5681 6074 6260 6323 6163 6113 6092 5798 5582 5402 5039 4614 4247 3952 3484 3219 2983 2577 2297 2016 1668 1455 1334 1121 982 869 698 606 533 442 369 297 266 244 191 156 146 117 90 64 61 51 46 34 34 22 22 9 17 14 12 2 2 8 8 4 4 5 3 1 0 3 3 1 0 2 2 0 0 0 0 0 0 0 0 0 0 0 
0 0 56 36 59 112 212 315 353 505 584 734 930 1204 1371 1877 2298 2582 2965 3489 3864 4205 4766 5025 5498 5705 6105 6089 6128 6321 6051 5941 5704 5527 5331 4838 4731 4322 3893 3420 3092 2886 2443 2239 2052 1726 1552 1300 1111 986 802 726 599 481 424 391 298 263 228 190 175 148 124 109 83 81 65 56 33 35 32 32 18 18 8 13 12 15 6 4 5 6 3 3 3 2 3 2 2 0 0 1 1 0 2 0 0 0 0 1 0 0 0 0 0 0 0 0 0 0 0 
0 0 58 44 55 87 147 146 218 273 262 359 509 562 700 1017 1190 1370 1702 2037 2325 2783 3203 3629 3910 4426 4658 5072 5374 5713 5795 6016 5953 5963 5945 5785 5662 5178 4960 4727 4336 4071 3662 3271 3040 2736 2319 2116 1902 1631 1459 1256 1094 952 834 697 631 511 448 411 329 248 214 179 153 116 121 87 52 71 45 45 35 18 23 24 14 12 7 13 8 7 3 4 3 0 1 3 1 0 2 1 0 2 0 1 0 0 0 0 0 0 0 0 0 1 0 
0 0 53 60 60 100 136 260 364 351 317 643 765 904 1165 1437 1694 1979 2338 2636 3135 3607 3859 4420 4767 4985 5209 5655 5915 5927 5919 5916 5911 5727 5559 5310 4837 4703 4178 3972 3739 3359 2999 2636 2459 2134 1898 1700 1413 1290 1103 996 823 656 621 544 464 332 334 267 231 167 168 150 110 108 67 59 58 54 38 34 31 23 18 21 15 10 13 5 5 9 5 5 5 6 1 3 2 1 0 1 0 1 1 0 2 1 0 0 1 0 1 1 0 0 0 0 0 0 0 0 0 0 0 
0 0 51 43 44 90 95 214 258 265 283 467 682 786 919 1242 1461 1805 2134 2476 2864 3547 3900 4295 4793 5155 5573 5941 5982 6158 6242 6441 6178 6069 5896 5565 5389 4951 4614 4374 3802 3588 3100 2771 2420 2224 1945 1693 1574 1313 1074 958 791 720 558 472 457 369 316 228 200 173 152 126 105 101 72 59 48 50 34 23 21 20 13 10 18 9 13 5 9 5 5 3 2 1 1 1 2 1 0 1 1 0 1 0 0 0 0 1 0 0 0 0 0 0 0 0 0 0 0 
0 0 85 59 73 148 196 252 386 497 394 688 889 1015 1226 1696 1893 2235 2725 3033 3432 3982 4349 4810 5183 5576 5874 5965 6104 6187 6173 6168 6037 5765 5457 5120 4818 4534 4081 3809 3401 3151 2674 2357 2137 1890 1617 1449 1273 1093 923 795 682 629 531 438 364 286 263 208 144 179 140 111 97 77 71 61 36 35 29 35 18 16 21 12 9 11 7 11 4 2 5 1 6 5 5 2 0 2 4 3 1 2 1 0 1 0 0 0 0 0 0 0 1 0 0 0 0 0 0 0 0 0 0 0 
0 0 65 71 59 128 164 203 264 354 310 440 636 765 1068 1265 1515 1843 2182 2479 2976 3245 3830 4384 4641 4969 5494 5606 5953 6021 6216 6324 6198 5970 5647 5597 5335 4915 4586 4228 3878 3493 3352 2874 2544 2184 2026 1654 1543 1324 1136 1009 860 701 643 497 427 355 306 278 235 218 168 159 103 90 71 67 41 39 31 31 29 33 19 11 15 14 6 4 7 6 5 4 4 4 1 3 1 1 0 2 2 0 1 0 0 0 0 0 0 0 0 0 0 0 
0 0 67 44 52 188 201 245 302 423 441 620 834 922 1220 1526 1735 2121 2416 2785 3147 3602 3985 4512 4905 5013 5576 5739 5915 5931 6042 5901 5861 5706 5569 5133 5077 4701 4230 3887 3484 3259 2924 2601 2451 2056 1830 1681 1352 1233 1120 915 821 677 563 542 418 386 321 296 227 180 183 160 104 94 78 56 43 42 45 28 25 30 17 14 11 6 13 13 2 8 2 2 2 1 1 2 1 0 0 2 0 0 0 1 0 0 0 0 0 0 0 0 0 0 0 
0 0 60 60 71 109 123 214 240 288 374 548 707 878 1142 1347 1657 1959 2351 2714 3163 3626 4097 4361 4920 5324 5869 5941 6220 6159 6147 6278 6121 5938 5672 5490 5292 4771 4508 4024 3734 3433 3034 2552 2306 2133 1854 1670 1351 1232 981 917 784 704 570 502 411 363 271 233 228 190 157 133 114 88 77 70 50 44 33 38 28 23 7 19 16 12 16 5 7 10 9 4 2 3 6 2 5 1 3 3 2 1 0 0 1 0 0 0 0 1 0 0 0 1 0 0 1 0 0 0 0 0 0 0 0 0 0 0 
0 0 71 63 61 115 242 248 409 584 468 657 963 1125 1274 1664 2056 2433 2824 3181 3604 4060 4543 4840 5228 5696 5759 6028 6062 6049 6070 6063 5997 5621 5300 5122 4781 4227 4060 3565 3409 2941 2611 2368 2081 1855 1676 1392 1237 1040 927 791 602 557 459 397 369 313 251 213 171 160 140 109 77 64 59 59 33 33 39 15 21 12 12 6 10 4 7 9 6 0 2 1 2 0 1 0 2 0 1 0 0 0 0 0 1 0 0 0 0 0 0 0 1 0 0 0 0 0 0 0 0 0 0 0 
0 0 52 55 42 189 251 239 401 543 518 713 1057 1371 1578 1980 2323 2746 3153 3507 4139 4335 4923 5343 5570 5799 6072 6279 6125 6125 6305 5993 5838 5429 5239 4932 4517 4125 3708 3483 3073 2662 2401 2143 1900 1604 1503 1221 1080 893 824 712 578 492 441 383 311 277 233 192 166 136 87 80 76 73 56 39 34 38 35 15 15 20 9 11 6 5 7 7 1 4 5 1 3 1 0 1 2 3 0 2 0 0 0 0 0 0 0 0 0 0 0 
0 0 62 54 44 75 140 227 332 437 404 546 921 1022 1224 1558 1815 2182 2657 3004 3539 3985 4375 4783 5120 5709 5800 6055 6217 6145 6297 6183 5967 5843 5578 5154 4800 4542 4256 3858 3439 3224 2833 2472 2175 1898 1660 1401 1316 1091 978 794 694 618 505 443 361 308 274 200 203 136 150 109 93 82 77 52 48 41 27 29 25 24 19 13 9 9 11 3 3 2 2 3 2 2 2 1 1 3 1 1 0 0 0 0 0 1 0 0 0 0 0 0 0 0 0 0 0 
0 0 68 67 45 123 147 178 246 330 336 390 676 811 816 1223 1484 1686 2044 2469 2821 3247 3624 4014 4522 4968 5276 5490 5771 5904 6215 6069 5990 5788 5804 5432 5308 5007 4658 4180 3809 3622 3183 2937 2531 2149 2118 1797 1613 1402 1153 1064 857 716 703 566 508 428 358 356 252 207 169 149 142 108 81 67 67 63 43 46 27 26 31 22 11 10 5 12 5 7 7 1 3 3 6 0 4 0 0 1 3 0 2 0 1 0 0 0 0 0 0 0 0 0 0 0 
0 0 61 58 52 74 152 217 240 374 432 543 791 889 1186 1550 1822 2109 2466 2911 3247 3754 4095 4487 5017 5449 5520 5894 6053 6194 6255 6123 6007 5885 5751 5385 5156 4778 4404 4042 3631 3355 2971 2622 2388 2013 1771 1576 1461 1177 1010 889 785 636 558 475 384 347 302 225 201 164 140 105 93 86 62 53 45 33 34 25 27 16 14 12 11 5 5 7 4 4 4 0 2 4 2 0 1 0 0 0 0 0 0 0 0 1 0 0 
0 0 77 54 55 152 187 209 390 489 432 606 928 1057 1348 1591 2037 2348 2903 3248 3683 4176 4480 4920 5229 5684 5940 6010 6274 6294 6015 6220 5888 5526 5444 5167 4665 4365 3957 3667 3280 2963 2649 2293 2068 1790 1606 1434 1186 1039 862 760 614 569 490 386 356 305 207 205 176 154 127 101 80 87 59 57 52 47 30 30 25 29 13 11 14 11 6 12 2 3 6 3 2 0 1 1 0 1 0 1 1 0 0 1 0 0 0 0 0 0 0 0 0 0 0 
0 0 47 51 42 152 217 366 387 536 556 720 1008 1194 1522 1900 2172 2596 2990 3303 3808 4324 4688 5261 5697 5911 6107 6194 6262 6345 6012 5823 5891 5633 5204 4887 4636 4303 3858 3451 3083 2908 2557 2080 1928 1724 1469 1262 1127 940 898 757 598 541 427 398 327 276 248 194 171 133 126 96 84 59 52 51 30 34 26 27 17 15 12 6 7 8 5 3 4 1 3 1 3 2 1 1 1 0 1 1 0 0 1 0 1 0 0 0 0 1 0 0 0 0 0 0 0 0 0 0 0 
0 0 72 63 60 100 165 195 295 406 326 507 762 805 1123 1520 1686 1964 2490 2880 3122 3686 4083 4497 4870 5240 5578 5835 6020 6255 6163 6193 6012 5726 5912 5418 5029 4717 4390 3935 3601 3261 2969 2649 2335 2035 1788 1631 1400 1190 1027 949 808 679 573 462 439 376 291 242 203 154 142 105 98 82 82 66 54 37 38 27 26 20 28 21 13 12 11 6 5 2 9 4 3 2 1 0 2 1 0 0 1 0 0 0 0 1 0 0 0 0 1 0 0 0 0 0 0 0 0 0 0 0 
0 0 71 58 58 128 163 187 338 468 447 616 892 1034 1225 1652 2048 2271 2679 3034 3408 4025 4299 4605 5106 5486 5781 5769 6025 6097 6125 5981 5712 5618 5341 5150 4721 4439 4057 3711 3438 3114 2724 2505 2247 1922 1744 1517 1339 1138 997 834 769 603 508 432 379 342 282 232 182 155 138 101 91 83 69 49 52 36 27 29 16 23 20 11 13 11 11 2 6 4 4 5 3 1 1 3 2 0 0 1 0 0 1 0 1 0 0 0 0 0 0 0 0 0 0 0 
0 0 60 81 67 93 191 220 329 457 295 475 836 912 1101 1434 1768 1979 2368 2799 3225 3718 4276 4418 4835 5362 5557 5940 6038 6020 6096 6123 5973 5871 5649 5364 5039 4668 4460 4019 3470 3225 2999 2601 2379 2078 1807 1563 1390 1156 980 893 771 636 541 480 421 319 304 199 220 203 145 120 107 100 67 60 45 37 25 30 24 23 15 14 14 7 8 4 6 5 1 2 5 2 3 2 2 1 1 1 0 2 3 0 0 0 0 0 0 0 0 0 0 0 
0 0 52 45 59 74 119 168 186 242 209 443 533 600 860 1243 1407 1652 2075 2395 2714 3412 3770 4102 4659 5028 5337 5694 5830 6174 6162 6172 6330 6147 6001 5909 5373 5056 4798 4486 3932 3529 3360 2906 2620 2325 2034 1742 1558 1336 1121 1054 911 707 611 533 459 405 336 282 256 197 171 133 123 100 93 74 62 36 42 34 25 27 19 20 21 14 6 5 10 10 2 3 5 3 2 2 1 2 1 2 1 0 0 0 0 0 0 0 0 0 0 0 
0 0 53 44 54 106 126 179 324 380 296 553 715 773 1043 1219 1478 1759 2155 2536 2884 3280 3792 4183 4493 4728 5329 5626 5835 5728 6170 6038 6146 5949 5605 5548 5305 4876 4637 4287 3751 3575 3164 2908 2549 2278 2067 1790 1490 1375 1152 1036 859 746 638 534 477 411 333 227 224 221 183 134 121 96 86 78 64 37 48 33 34 22 22 19 9 19 9 12 10 6 4 2 3 3 3 4 3 1 0 2 0 0 2 1 0 0 0 0 0 1 0 0 1 0 0 0 0 0 0 0 0 0 0 0 
0 0 66 60 51 103 162 195 273 344 359 485 736 859 996 1455 1690 1953 2348 2749 3258 3683 4190 4705 5046 5446 5777 6118 6277 6324 6246 6414 6275 5891 5580 5511 5126 4833 4320 3982 3614 3319 2898 2555 2310 2075 1738 1536 1327 1170 1020 853 708 641 518 421 360 329 248 243 197 153 126 117 80 84 65 58 45 27 31 28 24 19 13 13 11 6 8 4 9 3 7 4 4 3 2 5 0 2 1 1 1 0 0 0 1 0 0 0 0 0 0 0 0 0 0 0 
0 0 69 60 48 123 194 277 349 420 471 666 903 1052 1304 1798 2078 2301 2572 3103 3520 3913 4394 4840 5278 5654 5747 5857 6171 6159 6072 6219 5966 5824 5484 5117 4732 4395 4152 3693 3332 3091 2778 2314 2145 1850 1611 1428 1235 1024 925 810 674 579 483 407 323 296 238 213 162 134 118 112 83 59 55 67 39 25 24 28 24 17 13 13 12 10 10 8 2 2 4 3 2 4 0 3 1 0 0 0 1 0 0 0 0 0 0 0 0 0 0 0 
0 0 65 63 60 154 189 295 420 545 536 790 1015 1349 1576 1867 2261 2573 3042 3563 4016 4471 4957 5354 5672 5910 6108 6317 6275 6478 6141 5952 5709 5522 5184 4788 4399 4091 3699 3449 3028 2634 2369 2135 1914 1639 1386 1223 1025 938 765 680 567 472 383 322 295 257 187 169 135 117 101 84 76 47 59 42 38 23 23 20 13 12 8 10 14 6 6 4 6 3 3 6 2 3 3 5 2 2 2 0 1 1 0 1 1 0 0 0 0 0 0 0 0 0 0 0 
0 0 49 51 40 91 241 209 277 494 475 546 731 1005 1238 1493 1942 2202 2633 2925 3318 3758 4170 4637 5025 5441 5672 5847 5870 6064 6011 5941 5915 5697 5404 5245 4824 4477 4154 3922 3514 3296 2881 2433 2302 1967 1776 1535 1295 1148 1003 843 701 603 528 470 393 336 293 247 191 168 138 103 91 100 64 50 52 42 44 17 28 19 15 18 9 7 11 8 7 6 5 3 3 6 3 2 4 1 1 2 1 1 1 0 1 1 0 0 1 0 0 2 0 0 1 0 0 0 0 0 0 0 0 0 0 0 
0 0 71 67 56 105 211 223 303 442 467 609 1188 1179 1376 1838 2111 2360 3006 3309 3667 4253 4793 4922 5310 5811 5914 6159 6326 6447 6321 6079 5915 5634 5384 5008 4668 4324 3985 3625 3195 2855 2582 2346 2049 1856 1555 1348 1155 992 942 743 655 577 453 415 374 286 252 220 191 152 133 101 97 87 68 47 51 42 35 25 17 14 15 14 15 6 12 5 3 3 4 1 1 0 1 0 1 1 1 0 0 0 0 0 0 1 0 1 0 0 0 0 0 0 0 0 0 0 0 
0 0 53 49 56 121 190 225 270 482 374 470 746 899 1201 1349 1597 2040 2267 2762 2995 3516 3945 4342 4856 5080 5292 5579 5841 6000 5812 5984 5926 5651 5650 5287 4959 4649 4298 4046 3737 3364 2973 2677 2365 2175 1864 1654 1443 1230 1121 938 787 625 667 537 402 364 336 283 202 182 164 155 124 102 91 64 44 40 45 39 25 24 25 19 8 12 8 6 9 6 2 5 4 0 2 2 2 1 1 1 1 1 2 1 0 0 0 0 0 1 0 0 0 0 0 0 0 0 1 0 0 
0 0 67 57 53 135 155 192 267 346 298 407 733 764 968 1322 1517 1887 2135 2505 3039 3264 3855 4130 4589 4955 5353 5583 5816 6000 6102 6071 6018 6047 5645 5527 5176 4920 4547 4197 3767 3430 3258 2782 2492 2267 2021 1747 1519 1310 1192 1014 843 715 617 527 463 396 341 277 222 200 173 145 131 123 75 76 55 43 33 33 26 22 15 21 15 14 4 11 6 6 7 2 4 1 3 1 1 0 3 1 1 0 0 0 0 1 0 0 0 0 0 0 0 0 0 0 0 
0 0 57 65 50 172 203 270 375 468 501 676 853 933 1327 1727 2008 2284 2589 3080 3547 3897 4359 4709 5006 5539 5823 5679 6089 6208 6117 6193 5805 5756 5475 5110 4762 4424 4192 3771 3421 3098 2705 2457 2138 1911 1716 1504 1253 1067 959 784 684 609 513 437 356 309 274 226 187 167 122 111 98 96 67 51 50 33 35 23 19 22 27 7 20 11 8 10 6 3 5 6 2 1 1 0 0 1 1 1 2 0 0 0 0 0 0 0 0 0 0 0 
0 0 50 43 58 132 200 260 316 427 509 745 985 1101 1554 1830 2018 2425 2995 3387 3876 4394 4711 5152 5545 5693 5861 6282 6260 6292 6314 5986 5883 5704 5286 4936 4684 4253 3887 3579 3215 2820 2594 2305 1950 1752 1469 1323 1133 1059 837 689 620 550 450 381 313 271 237 185 164 136 123 112 83 72 61 51 43 34 37 19 23 18 11 14 13 9 4 4 5 4 4 2 2 1 2 2 0 2 1 1 0 1 0 0 0 1 0 0 0 0 0 0 0 0 0 0 0 
0 0 73 60 67 188 319 288 471 600 638 888 1230 1456 1781 2108 2545 2871 3342 3837 4324 4616 5182 5513 5756 6124 6314 6197 6469 6297 6136 5801 5760 5310 5033 4710 4204 3844 3557 3218 2878 2465 2226 1869 1755 1483 1298 1100 1012 860 698 630 566 439 363 341 284 243 228 177 148 117 111 100 68 49 62 44 38 21 14 24 19 13 14 11 10 7 1 2 5 3 2 4 2 2 0 0 1 2 1 0 0 1 0 0 0 1 0 1 0 1 0 0 0 0 0 0 0 0 0 0 0 
0 0 62 59 60 97 127 194 247 396 367 546 884 945 1042 1400 1750 2072 2323 2814 3188 3633 4127 4489 4844 5085 5545 6039 5945 6244 6120 6170 6034 5984 5641 5446 5139 4770 4317 4000 3742 3242 3061 2589 2288 2075 1742 1577 1347 1176 1011 926 769 659 577 475 402 332 301 247 208 200 130 124 93 85 84 67 60 41 52 25 28 29 22 19 18 16 9 9 12 4 5 6 4 5 4 1 3 4 1 1 0 1 1 1 1 1 1 0 2 0 0 0 0 0 0 0 0 0 0 0 
0 0 54 52 56 155 239 316 379 503 507 817 1087 1223 1561 1819 2129 2488 2895 3276 3771 4113 4654 4903 5280 5722 5660 5982 6186 6095 6094 6040 5802 5618 5161 4903 4633 4334 3955 3541 3262 2858 2566 2342 2016 1761 1573 1353 1149 1033 854 763 629 490 492 375 368 275 219 224 157 138 105 104 94 59 65 51 44 46 28 31 13 14 9 17 9 5 2 7 4 8 5 1 2 1 2 0 2 0 0 2 0 1 0 1 1 0 2 0 0 0 0 0 0 0 0 0 0 0 
0 0 65 50 58 182 174 296 408 567 677 848 1034 1174 1595 1982 2096 2501 2979 3344 3821 4223 4748 5035 5429 5668 5889 6033 6107 6241 6161 6009 5717 5570 5279 4901 4479 4174 3856 3566 3096 2793 2487 2220 1968 1742 1480 1274 1132 1020 883 748 626 526 479 414 304 263 222 198 184 141 104 83 104 53 57 51 33 34 24 28 25 18 15 16 7 5 5 4 1 3 3 2 1 1 0 0 1 0 0 0 0 0 0 0 0 0 0 0 
0 0 49 50 47 89 113 141 278 288 318 494 702 733 947 1309 1623 2106 2371 2795 3194 3573 4060 4682 4938 5470 5750 5892 6194 6334 6411 6214 6120 6091 5749 5446 5124 4867 4454 4091 3678 3331 2970 2696 2396 2107 1763 1619 1344 1221 1005 904 779 632 580 477 391 363 304 251 197 186 124 130 108 61 79 44 51 31 28 22 14 13 13 13 10 11 4 5 4 2 3 2 2 0 2 0 0 2 1 0 1 0 0 0 0 0 0 1 0 0 0 0 0 0 0 0 0 0 0 
0 0 75 67 69 114 205 248 407 659 517 686 1107 1310 1530 1776 2220 2599 2909 3427 3767 4290 4625 5108 5303 5673 5751 6075 6010 6023 5927 5877 5807 5386 5078 4824 4532 4262 3838 3469 3145 2840 2530 2181 2013 1726 1480 1291 1171 934 813 668 610 499 477 394 322 281 255 194 165 134 117 115 89 62 46 49 38 34 18 18 13 24 8 11 9 7 4 5 5 5 4 2 1 1 3 0 0 2 1 2 2 0 2 0 0 0 0 1 0 0 0 0 0 0 0 0 0 0 0 
0 0 99 70 65 160 285 305 376 568 543 800 1129 1359 1673 2082 2334 2763 3314 3721 4293 4582 5136 5388 5781 6014 6201 6316 6326 6303 6276 6020 5675 5389 5154 4819 4428 3968 3639 3244 3019 2715 2317 2038 1840 1540 1425 1144 1008 893 693 614 565 438 371 296 273 214 212 162 120 107 97 73 65 54 46 40 35 26 20 27 16 9 10 13 7 4 8 3 4 2 2 1 1 1 0 0 1 0 0 0 0 0 0 0 0 0 0 0 
0 0 60 57 57 93 116 172 250 306 243 547 648 829 1042 1349 1619 1881 2346 2691 3075 3630 4016 4429 4920 5242 5512 5779 6023 6142 6265 6250 6030 6007 5650 5425 5188 4904 4484 4099 3788 3341 3021 2740 2423 2077 1785 1609 1481 1248 1084 932 814 692 543 525 455 372 291 268 227 160 143 112 115 92 63 71 57 52 41 27 38 18 18 12 15 10 13 4 4 3 4 7 2 2 0 2 1 1 1 0 0 0 0 0 0 0 0 0 0 0 
0 0 73 60 56 107 133 185 230 338 348 545 812 873 1047 1527 1535 1978 2421 2611 3117 3497 3836 4285 4679 5131 5364 5821 6101 5981 6267 6056 6035 5944 5727 5300 5183 4830 4346 4048 3718 3329 3086 2658 2470 2118 1794 1644 1403 1286 1100 949 824 699 626 554 408 391 293 287 222 185 164 117 123 84 81 53 51 40 42 31 27 17 36 11 12 10 11 8 10 5 5 3 4 4 3 1 4 1 1 2 1 0 1 0 0 0 1 1 0 0 0 0 0 0 0 0 0 0 0 
0 0 58 47 68 136 241 398 489 618 678 996 1203 1510 1794 2203 2594 3077 3437 3800 4296 4800 5387 5458 5813 6033 6065 6277 6329 6134 6052 5786 5630 5171 4940 4492 4209 3807 3399 3205 2783 2482 2174 1960 1715 1508 1292 1130 961 880 755 627 543 474 408 309 282 206 203 175 125 134 109 95 69 63 53 55 34 28 29 22 23 14 17 12 13 7 2 7 2 4 6 3 2 1 5 3 2 1 0 0 0 0 2 0 1 0 0 0 0 0 0 0 0 0 0 0 
0 0 73 60 57 253 253 274 451 495 613 894 1130 1300 1678 1975 2401 2734 3173 3662 3988 4432 4787 5388 5628 5863 6106 6179 6330 6125 6237 5904 5603 5468 5175 4827 4468 4014 3668 3348 3078 2750 2383 2195 1923 1680 1382 1218 1065 921 846 678 573 453 431 319 292 260 192 154 161 103 87 85 59 63 44 35 30 24 11 15 14 14 9 9 3 4 7 2 2 0 1 1 0 0 1 0 0 0 1 0 0 0 0 0 0 0 0 0 0 0 
0 0 57 64 51 98 176 202 320 408 407 553 793 1025 1258 1516 1745 2179 2538 2958 3202 3854 4269 4652 5104 5446 5779 5964 6085 6370 6340 6166 5883 5758 5495 5177 5021 4519 4208 3867 3463 3010 2794 2526 2215 1946 1718 1456 1313 1149 955 801 697 672 521 451 368 338 283 235 202 162 140 111 109 83 77 60 41 49 40 27 24 15 21 14 9 6 7 2 5 4 3 3 1 2 2 2 0 0 1 0 0 0 0 0 0 0 0 0 0 0 
0 0 59 51 60 88 123 191 218 318 302 579 793 970 1078 1299 1659 2045 2417 2764 3232 3758 4037 4483 4925 5408 5691 5851 6037 6313 6371 6257 5928 5871 5764 5382 5059 4837 4413 4045 3709 3381 2939 2598 2427 2127 1846 1542 1450 1260 1100 941 739 690 566 483 414 339 297 252 221 170 131 138 125 90 69 63 56 45 32 25 23 17 24 11 14 15 4 7 7 4 2 5 5 2 0 1 0 2 0 0 0 2 1 1 0 2 0 0 0 1 0 0 0 0 0 0 0 0 0 0 0 
0 0 83 64 56 178 290 288 368 493 574 729 1026 1162 1465 1861 2160 2380 2961 3318 3798 4258 4684 5053 5553 5649 5899 5991 6133 6225 6041 5993 5872 5534 5254 4880 4576 4090 3901 3551 3162 2882 2564 2262 2014 1764 1565 1318 1123 983 858 755 659 526 476 385 339 277 232 185 168 152 137 107 77 69 52 51 45 30 41 18 15 15 11 7 11 5 6 7 5 3 5 2 0 3 1 0 3 0 0 1 2 1 0 2 5 0 0 1 0 0 0 0 0 0 0 0 0 0 0 
0 0 57 73 62 155 158 197 321 394 355 514 640 820 1074 1378 1564 1825 2265 2721 3016 3496 3979 4393 4931 5132 5588 5850 6106 6119 6219 6222 6146 5947 5767 5336 5291 4795 4500 4189 3865 3377 3060 2664 2321 2116 1871 1643 1378 1244 1082 923 800 672 574 504 427 365 280 271 195 175 140 118 78 96 72 56 41 43 40 32 23 20 14 15 11 7 5 8 7 2 2 2 2 2 1 3 1 0 0 2 2 1 1 1 0 0 0 1 0 0 0 1 0 0 0 0 0 0 0 0 0 0 0 
0 0 54 62 64 128 214 257 326 505 539 702 959 1066 1396 1760 2046 2369 2743 3302 3518 3895 4352 4771 5171 5474 5704 5817 6024 5955 5957 5798 5608 5466 5269 4832 4659 4320 3961 3713 3337 2975 2625 2342 2205 1869 1565 1416 1225 1141 916 766 659 600 555 398 379 302 261 214 202 182 112 102 100 91 66 63 51 47 37 27 15 20 12 18 13 8 9 6 3 4 1 2 2 3 5 0 1 2 0 0 0 1 0 0 0 0 0 0 0 0 0 1 0 
0 0 69 70 46 255 325 380 540 654 777 1074 1405 1610 2116 2543 2782 3165 3848 4065 4618 5010 5286 5722 5899 6231 6214 6279 6365 6122 5899 5863 5479 5102 4736 4435 4051 3596 3379 3051 2693 2378 2051 1739 1601 1386 1242 1041 928 783 674 608 468 426 352 282 244 207 193 152 114 88 100 81 48 43 45 39 35 18 26 16 10 17 12 8 11 9 2 7 2 4 6 3 2 4 1 1 1 0 1 0 0 1 0 0 0 0 0 0 0 0 0 0 0 
0 0 67 59 61 130 196 284 332 493 575 818 978 1252 1592 1864 2306 2627 3077 3552 4116 4434 5112 5364 5756 6052 6269 6346 6375 6517 6425 6206 5981 5743 5369 5048 4541 4258 3826 3457 3152 2731 2455 2184 1936 1592 1436 1219 1006 931 809 678 615 473 383 348 284 250 213 176 134 117 100 96 51 66 59 30 29 32 18 15 18 12 13 14 5 8 10 5 1 1 4 6 1 3 2 0 0 2 1 0 0 1 0 0 1 0 0 1 0 0 0 0 0 0 0 0 0 0 0 
0 0 55 47 47 101 149 175 234 334 273 366 701 829 982 1334 1459 1760 2111 2572 2871 3363 3800 4225 4639 4981 5252 5686 5894 6042 6072 6165 5881 5829 5839 5524 5252 4844 4621 4151 3901 3493 3159 2814 2558 2231 2045 1710 1590 1357 1166 1063 861 697 628 522 454 394 307 287 241 225 144 128 113 106 72 70 49 40 38 33 27 22 14 21 7 13 7 11 3 8 4 6 5 7 2 5 4 1 2 5 0 0 1 0 1 2 0 0 2 0 0 0 1 1 0 1 0 0 0 0 0 0 0 0 0 0 0 
0 0 50 71 66 111 209 367 547 692 604 897 1163 1371 1669 2047 2511 2949 3234 3640 3827 4558 5011 5191 5460 5828 5989 5995 6144 6013 5928 5701 5486 5171 4998 4740 4249 3927 3475 3186 2913 2599 2364 2031 1816 1602 1353 1181 1067 923 746 696 544 511 416 348 304 260 207 192 146 123 129 89 78 71 65 41 43 38 18 23 14 15 12 7 11 8 10 4 6 2 5 4 3 1 1 1 0 3 0 0 0 0 0 2 0 1 1 0 0 0 2 2 1 0 0 0 0 1 0 0 1 0 0 1 0 0 0 0 0 0 0 0 0 0 0 
0 0 50 46 53 129 157 203 302 434 323 463 647 732 1007 1274 1378 1709 2139 2493 2779 3325 3640 4202 4423 4944 5240 5560 5798 6025 5958 6082 6084 5789 5729 5460 5195 4858 4604 4224 3886 3536 3225 2946 2544 2281 2065 1804 1520 1359 1228 1074 957 778 684 534 486 426 337 308 254 200 192 151 133 115 94 73 80 53 48 41 35 29 25 17 31 14 17 11 8 3 12 5 3 2 4 3 1 2 0 0 1 1 0 0 0 0 0 1 0 0 0 0 0 0 0 0 0 0 0 
0 0 53 65 59 170 194 254 350 510 499 598 819 1145 1315 1676 1931 2280 2692 2936 3502 3966 4383 4776 4990 5494 5982 6042 5964 6085 6237 6025 5988 5861 5432 5182 4842 4543 4203 3744 3395 3108 2761 2467 2052 1889 1632 1467 1301 1121 882 810 697 576 544 421 351 344 275 215 190 138 121 115 103 71 58 58 43 43 28 18 21 23 15 10 9 11 3 3 4 5 5 1 2 1 0 1 0 0 0 0 0 0 0 0 0 0 0 
0 0 60 51 57 153 163 216 364 520 423 642 1135 1195 1447 1928 2138 2453 2866 3381 3758 4322 4808 5052 5450 5724 5971 6010 6195 6245 6064 6082 5874 5364 5327 4948 4700 4143 3833 3560 3214 2884 2546 2332 1944 1804 1527 1309 1152 1044 869 724 649 574 505 385 355 309 230 192 166 150 131 99 86 74 66 51 39 40 35 24 28 14 17 14 17 12 12 10 3 10 10 3 3 4 3 3 1 3 3 1 2 0 1 0 0 0 1 0 0 0 0 0 0 0 0 0 0 0 
0 0 73 55 64 136 140 193 378 415 477 687 764 969 1375 1531 1836 2160 2494 2864 3345 3769 4062 4648 4972 5230 5658 5894 5851 5923 6006 5965 5828 5732 5436 5190 4891 4436 4238 3846 3504 3146 2873 2570 2327 1960 1743 1527 1345 1180 1019 949 754 650 552 497 376 377 294 256 230 182 159 121 123 91 86 74 63 50 45 27 26 20 26 26 14 8 13 8 9 3 3 3 1 4 2 0 0 0 0 1 0 0 0 0 0 0 0 0 0 0 0 
0 0 52 65 38 83 116 153 241 310 284 332 548 646 731 1155 1300 1575 1982 2166 2603 3138 3425 3896 4432 4554 5063 5416 5532 5817 6147 6208 6053 5929 5870 5629 5305 5098 4732 4621 4094 3684 3486 3193 2901 2445 2193 1916 1736 1524 1320 1168 971 863 756 648 531 432 387 354 284 236 195 166 155 126 111 85 82 67 54 34 42 44 29 20 17 19 15 14 5 9 4 3 2 3 2 0 2 5 2 1 1 0 0 0 1 0 0 0 0 0 0 0 0 0 0 0 
0 0 74 79 43 83 150 127 212 221 232 297 535 563 631 902 1182 1358 1567 1921 2360 2651 3054 3598 3848 4327 4692 5164 5465 5606 5839 5949 6156 6064 5789 5808 5648 5171 5062 4765 4395 4000 3770 3266 3087 2704 2347 2116 1830 1640 1430 1278 1094 948 826 702 603 477 413 336 316 232 258 148 142 114 89 79 75 66 58 34 30 25 19 14 11 10 9 9 9 9 5 3 6 4 0 4 1 2 1 5 0 2 2 1 3 2 0 1 1 0 0 1 0 0 1 0 0 3 0 0 0 1 0 0 0 0 0 0 0 0 0 0 0 
0 0 64 47 53 121 141 216 387 410 356 552 829 1042 1231 1627 1864 2186 2550 2853 3181 3827 4178 4529 5076 5226 5685 5825 5895 6077 5934 5968 6020 5550 5299 5256 4840 4633 4058 3783 3518 3159 2800 2488 2285 2001 1811 1500 1313 1213 988 876 747 654 526 471 434 362 305 237 220 200 166 136 99 106 92 62 53 41 34 35 29 29 14 15 22 14 9 10 9 5 7 1 5 4 4 1 2 2 1 0 0 0 1 0 0 0 0 0 0 0 0 0 0 0 
0 0 59 49 55 64 112 142 172 358 342 510 725 786 1046 1292 1565 1991 2228 2801 3154 3630 4134 4461 4978 5332 5621 6062 6144 6297 6383 6275 6149 5828 5799 5514 5125 4786 4447 4001 3712 3242 2993 2661 2387 2082 1808 1676 1503 1206 1066 913 804 711 589 490 423 354 295 275 194 157 171 147 106 81 82 62 39 45 41 24 26 20 24 14 13 5 7 5 4 2 7 2 2 3 4 1 1 2 0 1 1 1 1 0 1 0 0 0 0 0 0 1 0 0 0 0 1 0 0 0 0 0 0 0 1 0 0 0 0 1 0 0 0 0 0 0 0 0 0 0 0 
0 0 52 54 51 106 164 210 327 439 331 471 747 792 1020 1397 1641 1908 2238 2591 3054 3542 3959 4261 4713 5004 5302 5514 5873 5874 6081 5890 5931 5653 5475 5422 5019 4798 4287 3933 3636 3355 3109 2735 2423 2235 1914 1724 1519 1286 1145 972 837 748 623 561 443 445 330 319 258 188 185 150 125 117 75 79 62 44 32 28 27 28 20 10 17 10 4 10 4 8 5 4 1 2 2 2 3 1 1 0 0 1 0 1 0 0 1 2 0 0 1 1 0 1 1 0 1 0 0 0 0 0 0 0 0 0 0 0 
0 0 58 50 45 80 192 218 301 427 619 752 943 1189 1379 1725 2048 2438 3000 3318 3832 4297 4563 5080 5316 5843 5945 6231 6234 6248 6263 6174 5843 5846 5332 5054 4802 4350 3956 3659 3276 2925 2627 2264 2033 1841 1535 1346 1162 963 855 779 607 533 490 389 330 245 248 183 157 135 115 85 82 69 63 36 35 28 19 26 14 16 12 12 12 4 7 7 4 1 2 3 1 2 1 2 1 1 0 3 0 0 0 0 1 0 0 0 0 0 0 0 0 0 0 0 
0 0 71 62 58 89 111 182 223 314 326 456 749 905 1146 1350 1571 2001 2256 2820 3096 3674 4122 4719 4816 5168 5616 5985 5970 6213 6196 6221 6162 5940 5731 5356 5080 4785 4441 4028 3707 3240 2921 2674 2383 2125 1768 1641 1397 1284 1095 925 790 707 574 498 424 367 291 249 221 202 162 134 115 112 86 58 65 49 48 39 28 28 17 19 18 9 14 10 5 7 9 5 2 3 7 1 0 1 2 1 0 0 1 0 0 0 2 0 0 0 1 0 0 1 1 0 0 0 0 1 0 0 1 0 0 1 0 0 0 0 0 0 0 0 1 0 0 
0 0 58 61 67 184 266 312 371 648 741 850 1219 1559 1790 2164 2624 3044 3454 3769 4292 4841 5147 5549 5881 6186 6157 6216 6294 6488 6043 5894 5843 5260 5055 4652 4206 3909 3561 3258 2838 2571 2234 1962 1733 1487 1352 1136 964 818 693 600 496 447 340 292 287 201 168 132 141 108 91 79 57 48 40 39 34 16 25 21 20 13 7 7 9 8 5 4 8 2 2 3 2 1 0 0 0 1 3 0 0 0 0 0 0 0 0 0 0 0 
0 0 64 80 57 71 154 213 352 391 365 535 745 885 1042 1256 1620 1924 2104 2622 2981 3373 3798 4109 4646 4905 5172 5444 5633 5831 6102 5943 6032 5798 5572 5322 5145 4763 4509 4137 3865 3335 3077 2798 2530 2176 1962 1692 1619 1360 1220 964 889 739 640 544 477 462 351 295 247 217 186 161 135 106 85 81 67 59 31 42 32 19 17 18 18 12 12 10 3 14 3 7 5 5 5 7 3 0 1 0 1 3 1 0 0 0 0 0 0 0 0 0 0 0 
0 0 63 52 59 100 137 193 244 402 357 472 711 882 1151 1289 1700 1960 2273 2664 3083 3498 3927 4387 4764 5046 5424 5629 5978 6035 6156 6270 6049 5680 5634 5393 5099 4805 4368 4189 3786 3360 3148 2754 2433 2137 1935 1652 1449 1288 1061 964 798 717 627 529 446 380 301 276 235 197 150 142 134 95 76 84 57 53 34 45 39 29 22 13 23 15 11 7 6 8 10 7 4 5 6 0 1 0 1 1 2 0 0 0 1 0 0 1 0 0 0 0 0 0 0 0 1 0 0 
0 0 60 58 44 133 223 275 379 474 540 721 958 1126 1467 1753 2120 2506 2871 3322 3799 4259 4828 5103 5463 5886 6004 6114 6265 6187 6206 6126 6018 5685 5275 5009 4606 4312 3900 3494 3199 2976 2566 2168 2006 1718 1516 1289 1151 977 803 731 642 535 448 371 339 250 232 183 177 159 114 101 90 73 61 52 39 32 30 22 19 22 14 7 3 10 10 2 6 7 5 2 3 1 6 1 2 0 2 1 1 1 0 0 1 1 0 0 0 0 0 0 0 0 0 0 0 
0 0 59 42 50 131 176 186 381 568 522 759 1077 1269 1466 1870 2318 2649 2963 3527 3809 4263 4822 5143 5387 5750 6076 6239 6245 6262 6180 6173 5918 5578 5255 4862 4533 4206 3870 3522 3220 2798 2558 2232 1941 1657 1496 1259 1136 948 825 704 585 538 485 378 341 263 212 204 151 130 140 79 78 70 51 44 30 28 29 20 17 14 6 9 11 4 8 6 3 2 5 1 1 2 3 1 0 0 0 0 0 0 0 0 0 0 0 
0 0 75 61 53 101 117 147 201 230 234 439 624 664 730 1211 1451 1567 1963 2349 2826 3257 3651 3939 4552 4996 5255 5460 5898 6140 6166 6171 6196 5981 5897 5632 5334 4960 4640 4310 4015 3641 3197 3013 2683 2389 2100 1791 1611 1386 1145 1115 892 747 753 591 487 437 355 310 258 214 183 158 128 95 118 89 56 52 39 42 39 24 20 21 22 14 7 10 6 11 7 1 3 4 1 4 1 3 1 1 0 1 0 1 1 0 0 0 0 0 0 1 0 0 0 0 0 0 0 0 0 1 0 
0 0 65 78 65 214 260 249 404 442 523 730 942 1217 1451 1700 2146 2477 2875 3310 3653 4052 4614 4848 5252 5481 5811 5908 5938 5994 6047 5791 5941 5465 5282 5019 4584 4310 3983 3785 3132 3004 2649 2349 2110 1887 1574 1416 1213 1042 834 814 696 579 478 431 356 320 265 220 174 168 140 105 84 82 60 64 56 43 41 35 30 16 15 12 10 7 9 8 5 2 1 3 5 2 2 5 1 0 1 1 0 1 1 0 1 2 0 0 1 0 0 0 0 0 0 0 0 0 0 0 
0 0 61 55 73 94 149 164 315 407 329 522 818 893 1068 1480 1742 2024 2394 2832 3147 3552 4003 4401 4825 5199 5363 5793 5917 6109 6035 6094 5957 5802 5472 5281 4981 4721 4304 4006 3507 3260 2979 2618 2330 2014 1882 1572 1365 1193 1057 900 766 709 550 466 377 370 307 237 210 213 152 138 98 91 74 67 57 61 39 42 33 21 19 20 11 17 14 12 7 8 3 4 6 3 2 5 1 1 1 0 0 0 0 1 0 0 1 0 0 0 0 1 0 0 0 0 0 0 0 0 0 0 0 
0 0 73 59 54 101 130 157 207 291 344 605 699 732 1029 1408 1483 1851 2355 2715 3053 3569 3899 4328 4917 5099 5409 5708 5934 6119 6248 6128 6015 5840 5792 5382 5144 4745 4537 4021 3750 3428 3159 2791 2418 2178 1893 1667 1461 1296 1089 954 921 698 582 508 379 381 315 283 232 195 178 153 102 108 71 71 58 51 42 40 29 33 28 23 15 10 14 9 6 5 7 4 5 4 5 1 0 3 0 0 1 0 1 0 0 0 0 0 0 0 0 0 0 0 
0 0 83 55 69 114 136 184 234 390 417 595 809 960 1264 1534 1935 2176 2599 3109 3376 3964 4432 4659 5200 5510 5904 6077 6202 6319 6415 6124 6022 6030 5716 5158 4932 4522 4226 3894 3465 3131 2812 2527 2196 1883 1695 1479 1302 1125 966 796 695 592 543 450 374 284 281 245 178 147 135 103 98 82 60 55 60 42 30 34 30 18 18 9 12 5 8 5 6 9 8 3 3 5 3 1 0 1 1 0 0 0 0 0 0 0 0 0 0 0 
0 0 43 55 58 207 275 259 464 622 581 774 1168 1407 1602 1965 2394 2696 3094 3551 4029 4486 5074 5199 5697 5808 6011 6158 6174 6357 6193 5770 5723 5453 5267 4789 4387 3974 3738 3375 2956 2720 2388 2119 1825 1634 1413 1171 1065 976 811 713 627 507 408 359 311 270 221 193 168 139 124 105 66 65 46 57 33 30 32 19 21 16 13 9 8 8 4 6 2 3 1 4 3 3 0 1 0 0 0 1 0 0 0 0 0 0 0 0 0 0 0 
0 0 48 63 44 72 128 134 194 291 190 372 499 627 629 894 1142 1277 1585 1996 2235 2779 3075 3446 3859 4287 4750 5014 5331 5558 5950 5969 5980 5942 5903 5671 5572 5317 5143 4788 4448 3914 3742 3360 2944 2689 2460 2183 1943 1635 1473 1257 1059 955 834 707 588 522 464 365 314 293 240 184 178 123 91 116 83 66 56 45 31 33 29 24 19 20 18 10 11 8 5 8 8 5 3 7 0 1 1 3 1 2 1 0 0 0 0 0 0 1 0 0 0 0 0 0 0 0 0 0 0 
0 0 71 56 60 143 177 197 262 500 392 540 853 929 1195 1508 1807 2068 2369 2778 3228 3707 4026 4362 4904 5173 5443 5758 5932 6057 6077 6093 5830 5683 5631 5239 4981 4702 4330 3950 3582 3250 2932 2623 2389 2080 1927 1570 1462 1225 1037 911 772 690 559 503 378 360 274 282 192 195 149 125 95 82 59 55 41 37 34 33 26 17 9 12 9 4 7 4 6 1 2 3 3 4 1 0 0 1 0 0 0 0 0 0 0 0 0 0 0 
0 0 77 75 48 95 145 159 226 334 283 428 725 822 912 1279 1488 1882 2223 2537 2912 3451 3749 4032 4676 4980 5297 5489 5970 5939 6186 6200 6037 6003 5736 5470 5206 5002 4508 4192 3782 3563 3097 2863 2530 2142 1917 1755 1498 1265 1172 1046 860 740 589 508 436 380 332 300 238 229 143 141 131 101 93 74 59 59 45 35 36 33 22 18 17 13 16 13 9 6 4 6 10 4 4 6 4 2 3 1 1 4 1 0 1 0 1 1 1 0 0 0 0 1 0 0 0 0 0 0 0 0 0 0 0 
0 0 75 70 59 187 218 230 405 525 521 650 935 1145 1298 1750 2018 2343 2886 3220 3633 4027 4524 4882 5374 5703 5823 6102 6401 6337 6215 6079 5988 5760 5507 5074 4813 4503 4061 3656 3334 2852 2639 2361 2109 1786 1554 1394 1190 1039 867 753 622 526 467 438 365 265 229 198 165 142 128 96 74 66 63 38 40 32 18 25 22 24 16 16 8 3 12 8 5 7 5 4 2 1 4 4 2 0 0 1 0 1 0 0 1 0 0 1 2 1 0 2 1 0 2 0 1 1 0 0 0 0 1 0 0 0 0 0 0 0 0 0 0 0 
0 0 66 46 43 116 175 274 382 467 442 617 960 1031 1350 1679 1906 2230 2634 3043 3418 3827 4381 4781 4945 5301 5710 5984 6018 6035 5997 5903 5907 5607 5395 5149 4920 4424 4105 3714 3451 2979 2720 2487 2256 1960 1667 1473 1321 1128 999 890 754 602 549 484 384 315 273 225 211 181 142 132 100 91 72 63 51 39 31 25 28 22 17 14 15 11 5 9 2 9 2 1 2 5 2 2 0 3 2 1 1 0 2 2 0 0 0 0 0 0 0 0 0 0 0 
0 0 73 66 59 186 248 251 477 634 623 894 1155 1361 1763 2082 2418 2773 3321 3642 4031 4645 4966 5204 5634 5883 6015 6165 6312 6174 6048 5916 5533 5291 5043 4754 4303 3915 3635 3368 2938 2567 2383 2065 1817 1609 1431 1206 1020 865 730 667 525 466 403 344 259 243 195 163 127 114 91 86 67 54 42 41 32 30 32 10 12 15 11 8 10 8 5 4 3 4 3 0 2 2 2 2 2 1 0 0 0 0 0 1 0 0 0 0 0 0 0 0 0 0 0 
0 0 56 54 51 105 158 186 255 425 353 498 651 885 1004 1257 1623 1937 2220 2701 2965 3466 3817 4496 4632 4980 5414 5647 5777 6161 6147 5900 5964 6073 5685 5337 5163 4749 4376 4177 3802 3336 3042 2796 2468 2152 1914 1633 1493 1180 1119 996 781 724 584 536 459 360 312 253 232 195 170 121 126 101 91 77 46 40 54 33 24 32 20 15 12 3 14 8 6 6 2 5 5 4 2 1 2 4 2 1 1 2 0 1 1 0 0 1 0 1 0 0 0 0 0 0 0 0 0 0 0 
0 0 65 57 40 82 122 122 249 336 298 406 616 775 952 1165 1476 1685 1990 2485 2897 3221 3641 4195 4538 4938 5382 5579 5836 5983 6312 6096 6211 6169 5859 5870 5241 5016 4723 4385 4037 3687 3294 2948 2595 2341 2064 1819 1639 1336 1195 1012 901 784 675 514 462 395 346 286 241 196 142 134 116 93 84 88 51 35 42 39 30 20 20 13 9 14 5 11 7 6 0 7 4 3 5 3 1 1 2 2 2 2 0 1 2 2 0 0 2 0 0 1 0 0 1 0 0 0 0 0 0 1 0 0 0 0 0 0 0 0 0 0 0 
0 0 57 41 47 100 117 162 358 418 267 489 702 898 1001 1335 1547 1894 2152 2513 2764 3296 3879 4097 4594 4924 5244 5569 5915 5987 5958 6034 5924 5905 5714 5486 5036 4960 4513 4130 3925 3544 3205 2839 2457 2142 2102 1649 1516 1381 1147 1009 907 699 640 569 475 373 354 294 258 226 172 158 116 101 90 70 68 42 51 47 31 28 21 17 13 12 11 8 6 3 4 0 2 2 1 1 1 0 1 2 0 0 0 0 0 0 1 0 0 0 0 0 0 0 0 0 0 0 
0 0 68 50 65 94 140 159 249 299 269 423 718 807 1009 1285 1630 1830 2282 2516 2778 3351 3757 4180 4594 5000 5269 5685 5746 5954 6119 5939 6017 5918 5613 5488 5117 4694 4476 4164 3862 3438 3169 2836 2530 2237 2075 1790 1619 1329 1224 1074 928 758 654 524 461 435 374 292 253 202 200 137 143 88 98 70 68 45 44 40 36 22 20 16 19 13 2 8 4 4 7 4 4 3 1 2 0 1 1 1 1 0 1 0 0 1 0 0 0 0 0 0 0 0 1 0 0 
0 0 60 63 48 105 176 187 234 342 288 474 748 781 900 1262 1552 1957 2193 2565 2978 3429 3903 4259 4664 4890 5429 5682 5926 6025 6272 6140 6041 5902 5574 5449 5102 4912 4494 4106 3891 3451 3155 2798 2447 2180 2009 1812 1500 1289 1119 955 923 788 610 507 441 391 335 268 222 209 160 134 95 95 85 65 40 40 32 41 20 9 23 11 12 4 8 5 4 5 2 2 1 0 1 0 0 2 0 1 2 0 0 0 0 0 0 0 0 0 0 0 
0 0 46 72 55 77 152 246 263 319 400 481 745 944 1092 1394 1751 2062 2467 2828 3261 3686 4263 4591 4903 5303 5622 5918 6045 6249 6123 6182 6075 5869 5616 5367 5047 4767 4417 4013 3648 3329 3014 2607 2308 2097 1813 1596 1367 1151 974 932 760 650 532 480 400 342 292 239 203 166 138 110 89 85 74 59 38 47 35 30 21 20 18 14 7 8 5 4 4 3 0 0 2 0 1 0 0 1 0 0 0 0 0 0 0 0 0 0 0 
0 0 50 52 46 123 168 169 290 385 333 474 690 774 1060 1315 1544 1899 2298 2527 3041 3426 3750 4269 4656 4929 5369 5566 5861 5929 6167 6167 5924 5920 5687 5387 5178 4862 4537 4217 3858 3495 3152 2861 2455 2183 2045 1725 1530 1254 1137 994 802 686 583 528 471 384 307 274 235 187 169 141 109 98 78 71 53 55 38 47 30 27 25 23 8 11 14 14 12 5 6 3 4 6 0 1 1 2 0 1 0 0 0 0 0 0 0 1 0 0 0 0 0 0 0 0 0 0 0 
0 0 53 65 49 77 103 206 262 277 318 542 840 848 1032 1433 1703 2006 2462 2830 3380 3843 4220 4656 5109 5345 5669 6184 6199 6273 6442 6082 5910 5981 5648 5327 5031 4654 4328 4021 3657 3226 2783 2644 2259 2001 1703 1554 1328 1159 1029 819 738 625 555 458 371 318 280 236 183 173 134 134 126 76 78 53 40 45 39 33 23 20 15 14 11 11 12 5 5 7 3 4 2 2 2 0 0 1 1 1 0 0 1 0 1 0 0 0 0 0 0 0 0 0 0 0 
0 0 68 66 52 150 192 257 319 508 488 614 986 1115 1285 1669 2056 2309 2651 3232 3543 3977 4522 4895 5352 5543 5825 5892 6099 6227 6168 6193 5940 5646 5541 5017 4769 4458 4092 3693 3361 3098 2662 2458 2128 1915 1626 1412 1170 1165 927 799 704 582 505 450 358 320 275 222 202 153 129 117 111 76 66 68 40 38 25 27 17 28 22 13 13 4 7 13 4 6 3 6 4 2 4 1 0 3 0 0 1 0 1 0 0 0 0 0 0 0 0 0 0 0 
0 0 76 62 63 170 222 321 511 628 695 940 1166 1364 1657 1988 2402 2776 3182 3481 4034 4466 4857 5085 5365 5772 5892 5931 5909 5968 5954 5761 5495 5227 5060 4704 4319 3951 3654 3343 2962 2723 2392 2132 1880 1622 1464 1246 1065 975 812 708 606 521 460 369 340 289 219 216 181 144 113 112 113 66 65 55 42 42 39 29 29 17 18 22 14 6 10 8 6 8 8 7 2 5 1 1 1 0 0 1 1 1 0 0 0 1 0 0 0 1 0 0 0 0 0 0 0 0 0 0 0 
0 0 82 72 52 111 202 231 321 472 585 796 990 1227 1552 1833 2283 2629 3006 3446 3857 4428 4753 5202 5505 5639 5951 6271 6313 6176 6150 6123 5884 5530 5335 4816 4597 4209 3735 3514 3131 2961 2460 2191 1992 1675 1427 1298 1147 940 864 747 579 552 444 382 314 277 232 180 169 147 103 95 106 68 64 40 45 36 35 28 21 17 13 17 4 9 11 4 4 1 1 4 0 4 1 0 1 0 0 0 0 0 0 0 0 0 0 0 
0 0 59 45 43 122 152 255 444 500 585 703 982 1238 1411 1683 2116 2584 2962 3165 3821 4259 4549 5035 5494 5827 5908 6067 6247 6162 6165 6072 5884 5602 5190 4950 4580 4256 3878 3650 3372 2916 2624 2227 1969 1790 1589 1338 1183 1048 884 786 684 529 508 392 359 297 234 189 157 157 112 93 94 69 66 50 42 33 34 20 17 19 16 10 8 5 9 5 4 6 1 4 0 3 0 3 0 0 0 0 1 0 0 0 0 0 0 0 0 0 0 0 
0 0 89 68 79 140 185 209 321 519 395 648 1014 1157 1370 1722 2015 2336 2917 3214 3554 4013 4614 4795 5212 5626 5857 6074 6185 6349 6127 6206 6071 5574 5511 5182 4701 4481 4157 3708 3366 2962 2809 2310 2079 1809 1663 1454 1129 1022 897 789 678 561 473 397 323 297 219 204 185 128 117 109 82 72 62 46 33 32 46 17 21 14 14 12 10 8 8 5 4 5 3 1 1 1 1 0 2 3 0 1 0 0 0 0 0 0 0 0 0 0 0 
0 0 63 48 40 143 191 182 280 334 400 586 818 934 1094 1389 1539 1885 2357 2795 3158 3647 4062 4296 4788 5285 5469 5871 6019 5984 6219 6174 6021 5774 5637 5489 4989 4679 4348 4031 3730 3386 2999 2648 2441 2030 1873 1646 1419 1187 1053 949 821 686 572 461 401 339 291 240 238 145 147 127 79 81 65 57 45 33 37 30 22 15 18 18 14 12 6 9 5 1 6 1 2 3 1 1 2 1 0 1 1 0 0 0 0 0 0 0 0 0 0 0 
0 0 65 47 55 91 123 136 242 354 286 453 649 843 1034 1295 1502 1862 2238 2581 2970 3464 3811 4151 4684 5045 5321 5621 5975 5978 6173 6188 6058 5970 5896 5535 5129 4986 4679 4185 3888 3536 3101 2692 2597 2278 1872 1760 1438 1279 1129 992 820 688 585 533 447 391 294 264 254 158 161 139 112 96 80 74 46 50 41 25 31 26 18 14 16 12 4 12 4 5 3 1 1 3 4 1 1 1 0 2 1 2 1 1 1 0 1 0 0 0 0 0 0 0 0 0 0 0 
0 0 69 50 49 144 165 210 439 512 519 679 908 1137 1447 1757 2163 2525 2813 3244 3651 4136 4557 4950 5290 5495 5776 5967 6069 6168 6072 5922 5694 5413 5264 5046 4522 4308 3875 3540 3287 2950 2562 2259 2184 1782 1550 1459 1275 1033 911 761 685 540 470 412 377 303 251 219 165 175 110 98 100 73 76 60 49 42 26 34 24 17 9 11 11 10 8 5 5 7 2 1 1 1 1 1 0 1 0 0 0 0 0 0 0 0 0 0 0 
0 0 57 56 48 85 122 186 264 310 330 498 780 880 1106 1306 1533 1973 2278 2683 3153 3601 4011 4543 4893 5328 5612 5976 6071 6259 6422 6314 6188 6066 5813 5445 5260 4763 4480 4080 3708 3398 3151 2675 2427 2121 1907 1612 1413 1198 1100 923 804 698 555 505 428 376 294 253 238 192 153 128 90 79 84 56 46 29 37 33 20 18 18 12 6 8 8 8 1 2 3 2 4 1 0 3 0 1 0 0 0 0 0 0 0 0 0 0 0 
0 0 75 62 65 100 116 200 365 363 263 471 687 817 982 1451 1771 2022 2423 2635 2989 3633 4047 4544 4818 5085 5539 5859 5680 6112 5991 6089 5998 5831 5697 5378 5007 4741 4364 4168 3775 3288 3077 2719 2358 2122 1936 1634 1396 1280 1080 891 842 664 547 546 456 345 298 288 218 211 168 134 101 93 84 60 46 48 46 33 21 20 18 16 13 12 8 9 4 4 4 2 1 0 0 0 0 0 1 0 0 0 0 0 0 0 0 0 0 0 
