0 0 0 22 75 98 100 70 80 126 222 355 460 542 548 719 969 1323 1570 1839 2066 2218 2596 2996 3454 3755 3892 4223 4577 4744 5010 5230 5252 5448 5363 5265 5150 4971 4869 4670 4502 4244 3834 3831 3401 3119 3012 2677 2479 2209 2061 1876 1681 1459 1337 1190 1112 950 869 800 671 583 545 507 446 381 327 276 284 278 220 196 157 141 104 98 115 97 87 72 75 44 46 65 38 35 31 24 24 18 22 25 11 8 9 10 5 14 6 5 1 5 3 7 2 4 1 2 4 1 1 4 0 1 0 0 0 0 0 1 0 0 0 0 0 0 0 0 0 0 0 0 
0 0 0 43 131 189 157 137 152 373 642 844 865 821 932 1245 1768 2045 2365 2463 2760 2972 3406 3861 4227 4546 4806 4937 5089 5160 5292 5346 5299 5227 5058 4876 4819 4550 4341 4066 3741 3542 3277 3046 2717 2450 2314 2177 1966 1653 1461 1375 1237 1182 1048 889 823 716 627 558 495 447 406 353 292 284 246 215 202 176 126 120 116 105 89 69 65 65 58 46 46 32 44 26 30 18 19 16 13 9 12 15 9 6 9 9 9 9 4 6 1 4 5 6 5 4 2 0 1 4 2 2 0 2 0 0 0 0 0 0 0 1 1 0 0 0 0 0 0 0 0 0 0 0 0 
0 0 0 31 77 116 92 80 122 170 322 431 429 488 544 746 993 1172 1438 1590 1876 2263 2459 2846 3103 3389 3864 4168 4405 4671 4899 5039 5142 5203 5363 5177 5398 4975 4959 4717 4544 4306 4144 3702 3510 3307 3094 2791 2583 2337 2166 1928 1694 1579 1435 1263 1140 1081 871 793 712 688 589 542 475 391 362 357 291 283 255 206 174 173 136 125 118 112 96 82 64 63 61 41 39 44 35 26 28 26 17 15 21 11 16 10 9 11 8 5 15 3 4 4 4 4 6 3 2 6 3 3 2 4 4 4 2 4 0 1 4 1 0 1 2 0 1 2 1 1 0 1 0 2 1 0 0 1 2 0 1 0 
0 0 0 22 84 121 79 68 109 187 318 524 649 618 617 787 1186 1562 1852 1974 2083 2370 2781 3358 3551 3930 4129 4267 4468 4817 5147 5310 5261 5199 5222 5247 5055 4942 4756 4470 4257 3947 3878 3492 3295 3133 2705 2523 2326 2122 1974 1813 1478 1433 1292 1125 1025 926 832 731 661 569 511 437 438 344 326 282 281 218 216 163 151 150 130 109 88 82 75 76 66 49 42 30 46 37 25 27 18 13 12 11 15 15 11 11 7 5 13 9 12 9 6 3 4 5 3 3 2 3 4 1 1 0 1 3 0 0 2 2 1 0 0 0 0 1 0 0 1 0 0 0 0 0 0 1 0 1 0 0 0 0 
0 0 0 24 60 92 97 57 70 171 461 642 645 590 642 924 1393 1746 2054 2055 2272 2525 3116 3502 3979 4185 4273 4365 4880 5225 5251 5350 5236 5148 5227 5273 4964 4900 4607 4347 4074 3911 3714 3366 3044 2891 2616 2381 2216 2006 1749 1621 1488 1355 1152 1049 985 819 725 701 649 547 517 422 370 338 302 272 241 224 202 162 158 117 134 114 84 89 65 61 54 51 43 35 30 24 22 31 19 17 9 6 8 6 15 6 10 5 7 8 4 4 5 1 2 3 4 1 3 2 1 2 1 2 2 0 0 0 2 0 0 0 0 0 0 1 0 0 0 0 0 0 0 0 0 0 0 0 
0 0 0 25 70 95 97 70 81 116 244 468 548 581 523 602 870 1184 1571 1788 1937 2200 2606 2881 3294 3593 3944 4220 4561 4855 5024 5164 5280 5337 5341 5254 5274 5077 4991 4886 4417 4243 4039 3806 3573 3285 3011 2765 2546 2226 2168 1947 1648 1553 1328 1220 1029 961 873 830 692 662 542 508 423 390 343 335 244 258 220 177 186 165 160 122 105 96 72 78 86 82 50 49 37 49 44 27 31 24 18 17 21 12 7 13 12 11 14 5 7 4 3 6 4 5 1 3 1 1 0 1 2 0 1 0 0 0 0 1 0 0 0 0 0 0 0 0 0 0 0 0 
0 0 0 9 63 94 94 81 145 230 321 349 427 490 641 837 966 1143 1299 1572 1842 2152 2671 3079 3189 3529 3694 4192 4554 4824 4987 5086 5286 5274 5348 5231 5149 4953 4763 4695 4444 4265 4004 3678 3448 3171 3030 2712 2508 2266 1986 1801 1700 1496 1386 1223 1074 963 901 770 735 657 555 527 454 399 372 330 300 296 245 202 193 151 159 147 121 112 120 96 68 64 62 51 45 26 36 24 27 23 31 13 11 16 21 18 10 13 5 5 11 10 6 4 3 3 3 4 4 2 3 0 1 1 1 1 1 0 0 0 0 0 1 0 0 0 0 0 0 0 0 1 0 0 0 
0 0 0 30 87 111 115 62 157 301 493 652 633 617 680 1080 1540 1780 1714 1768 2069 2555 3096 3424 3538 3566 3938 4348 4705 4989 5147 5197 5153 5056 5187 5099 4924 4908 4640 4479 4179 4138 3628 3443 3236 2991 2843 2449 2260 2097 1859 1627 1553 1367 1205 1074 949 862 806 708 613 546 468 423 376 336 306 280 254 236 177 155 157 126 127 104 86 85 69 66 49 59 47 45 31 43 44 37 20 24 21 27 27 14 11 18 9 13 10 12 7 6 3 6 7 3 2 5 1 5 3 3 2 1 0 2 1 5 0 1 0 0 0 1 1 1 0 0 0 0 0 0 0 0 0 0 0 0 
0 0 0 21 54 90 91 52 74 125 207 306 368 457 469 551 750 957 1304 1551 1454 1579 1895 2478 2976 3272 3422 3602 3806 4327 4675 4911 5006 5058 4989 5182 5214 5204 5211 4970 4696 4584 4314 4081 3841 3530 3246 3068 2887 2537 2384 2117 1787 1787 1641 1475 1344 1140 1000 968 798 775 665 608 497 501 445 385 347 286 251 240 224 180 180 104 126 113 115 101 62 65 63 60 58 53 37 30 33 37 18 23 27 14 15 11 9 12 12 9 6 13 2 2 4 6 1 3 4 1 2 1 1 3 1 0 2 1 0 0 1 0 0 0 0 0 0 0 0 0 0 0 0 
0 0 0 32 86 140 122 75 96 199 331 405 440 602 780 948 1155 1396 1621 2003 2300 2681 2889 3241 3598 3881 4206 4374 4640 4981 5138 5074 5237 5170 5242 5062 5067 5050 4786 4376 4262 3978 3749 3463 3270 3034 2645 2537 2253 2081 1821 1754 1544 1315 1182 1094 979 860 772 680 618 582 533 443 379 344 272 280 240 222 191 185 148 148 128 93 100 102 84 60 82 56 37 47 36 39 33 24 33 18 12 14 18 11 12 8 7 9 7 5 5 3 4 2 2 2 2 1 1 0 1 3 1 0 0 0 0 1 2 0 0 0 0 0 0 0 0 0 0 0 0 
0 0 0 20 86 85 94 62 55 136 336 451 542 514 468 648 979 1293 1534 1673 1893 2018 2391 2722 3042 3482 3747 3819 4088 4314 4644 4941 4941 5056 5128 5074 4908 4983 4684 4627 4356 4253 4017 3784 3551 3173 3020 2691 2543 2359 2134 1940 1750 1615 1436 1373 1254 1106 940 835 796 693 599 533 466 468 369 321 308 264 240 238 192 170 163 132 117 124 99 79 84 67 50 50 32 54 30 31 33 24 27 28 26 13 20 14 22 7 8 11 6 8 6 3 2 4 4 3 6 0 3 1 4 1 1 3 3 2 0 1 1 3 1 0 0 0 0 0 0 0 0 0 0 0 0 
0 0 0 24 63 88 73 76 65 129 188 302 406 554 557 631 616 926 1237 1560 1615 1718 1831 2218 2620 2874 3170 3433 3605 4037 4307 4522 4667 4682 4966 5102 5130 5113 5000 4718 4683 4524 4345 4005 3917 3556 3216 3137 2955 2767 2472 2214 2092 1800 1626 1533 1386 1250 1110 1070 841 808 690 641 542 546 447 391 372 325 278 279 220 244 182 154 136 147 117 89 96 79 76 73 47 43 52 29 36 28 29 20 22 13 22 12 21 11 7 8 2 4 8 2 5 5 1 2 1 3 3 1 0 1 1 3 2 2 0 1 0 0 1 1 1 0 0 0 0 2 0 0 0 0 0 0 0 0 0 0 0 0 
0 0 0 25 86 127 99 74 146 279 524 599 623 647 804 1190 1635 1880 1960 2207 2529 2823 3256 3529 3876 4118 4339 4547 4766 4814 5038 5155 5185 5158 5130 4889 4825 4671 4471 4353 4024 3826 3515 3244 3097 2841 2588 2281 2210 1926 1753 1565 1433 1285 1161 1024 899 837 707 663 601 498 475 431 333 326 303 251 240 202 190 169 136 122 114 109 90 80 61 60 63 58 43 43 32 37 20 32 30 24 23 17 16 11 12 13 11 11 6 8 8 5 5 4 3 3 4 0 3 4 4 4 0 1 2 1 0 2 0 0 1 0 0 0 1 1 0 0 0 0 0 0 0 0 0 0 0 0 
0 0 0 21 65 104 101 59 86 169 328 441 442 486 577 802 1189 1518 1610 1814 2015 2247 2637 3142 3559 3805 3930 4275 4416 4827 5043 5296 5291 5370 5190 5117 5183 5048 4885 4637 4425 4080 3942 3558 3332 3155 2892 2743 2336 2181 1911 1781 1647 1482 1326 1170 1047 900 751 789 624 588 509 477 412 367 342 300 274 260 240 188 176 161 127 116 105 95 79 84 69 58 62 46 44 45 42 32 29 24 20 26 19 24 13 10 9 9 12 6 11 7 8 3 5 5 5 3 4 4 1 3 2 2 5 1 1 0 1 0 5 1 2 2 0 0 2 0 0 4 0 0 0 0 1 0 0 0 0 0 0 2 
0 0 0 25 73 103 88 63 71 138 256 345 372 433 488 674 814 1002 1125 1433 1565 1919 2283 2562 2680 2964 3228 3640 4041 4338 4460 4777 4786 5026 5081 5430 5083 5150 4978 4886 4690 4491 4180 4090 3740 3581 3205 2980 2802 2560 2304 2038 1887 1744 1654 1435 1319 1149 1010 913 824 748 658 588 509 481 423 379 311 280 259 222 239 193 184 141 119 107 103 99 102 66 70 54 53 32 59 36 31 22 21 22 25 26 17 15 6 17 4 8 11 5 2 7 3 5 3 6 5 4 4 1 1 1 0 3 2 0 3 2 0 1 1 1 2 0 2 1 0 1 1 1 1 0 1 0 1 0 1 1 0 0 
0 0 0 29 72 105 113 61 125 254 394 479 484 550 631 892 1158 1389 1464 1813 2052 2306 2581 2813 3252 3575 3973 4052 4394 4378 4720 4862 5061 5205 5119 5048 4974 4767 4676 4575 4390 4141 3945 3561 3464 3253 3006 2717 2440 2273 1980 1985 1670 1501 1375 1251 1121 979 930 806 694 664 581 526 463 399 358 334 284 244 232 212 208 174 148 134 98 97 106 65 89 67 65 37 43 38 36 35 34 24 23 28 19 15 9 12 12 10 4 9 4 4 5 10 6 5 2 3 2 4 3 2 1 0 4 1 1 0 0 0 0 0 0 0 0 0 0 0 0 
0 0 0 29 84 111 85 68 75 161 283 300 416 464 587 704 835 1027 1221 1455 1687 1963 2317 2681 3007 3319 3643 3867 4235 4431 4673 4792 4996 4986 5164 5266 5176 5025 4818 4619 4523 4206 4240 3891 3636 3341 3075 2950 2770 2535 2214 2074 1886 1621 1478 1332 1289 1093 945 870 771 703 645 594 488 430 396 338 328 286 268 244 207 188 151 163 137 115 96 82 71 74 69 55 54 37 29 47 32 26 20 24 19 16 16 17 10 9 7 9 5 7 6 5 4 5 2 4 4 1 2 4 0 1 1 0 1 2 2 2 0 0 2 0 1 0 0 0 1 1 0 0 0 0 0 0 0 0 0 0 0 0 
0 0 0 25 67 113 76 76 91 200 294 434 471 417 484 678 1036 1407 1567 1675 1742 2133 2680 3090 3341 3500 3715 4126 4576 4962 5022 5043 5112 5104 5355 5305 5183 4980 4913 4689 4501 4225 4097 3666 3567 3172 2938 2721 2589 2214 2052 1846 1692 1541 1358 1251 1092 1041 914 794 737 636 583 510 438 404 355 313 281 249 269 202 192 153 144 130 134 97 82 80 80 81 64 50 43 40 35 28 33 33 22 22 20 12 16 8 12 8 15 6 4 4 2 9 6 3 3 1 0 2 2 3 1 3 0 1 2 2 2 1 0 1 0 1 0 1 1 0 1 0 0 0 0 0 0 1 0 0 0 0 1 0 
0 0 0 30 81 114 102 86 139 260 380 519 559 646 886 1098 1363 1618 1839 2214 2492 2778 3068 3518 3713 4111 4382 4595 4806 5045 5148 5269 5101 5147 5229 4935 4904 4733 4548 4241 4042 3717 3545 3371 3097 2783 2578 2297 2193 1922 1690 1698 1420 1346 1110 1034 946 855 771 626 599 557 462 438 358 344 277 286 232 197 176 164 145 128 97 138 87 78 67 53 49 50 48 57 31 26 20 24 19 14 15 17 10 11 8 7 4 5 3 10 4 3 1 0 3 3 1 2 0 3 0 1 0 1 2 0 0 0 0 1 0 1 0 0 0 0 0 0 0 0 0 0 1 0 
0 0 0 23 63 96 75 81 98 161 288 433 627 653 715 822 1119 1471 1720 1942 2017 2254 2530 3084 3388 3671 3978 4059 4393 4706 4977 5049 5243 5250 5253 5155 5097 5080 4763 4479 4385 4018 3932 3637 3447 3058 2844 2603 2398 2186 2074 1862 1616 1443 1381 1209 1049 927 833 734 692 629 558 456 409 369 341 292 265 251 215 200 151 169 113 117 108 91 78 77 72 54 39 36 30 33 34 30 17 18 21 24 17 9 11 11 15 15 3 10 9 7 5 3 5 1 3 2 3 1 2 2 1 2 5 0 1 0 0 0 1 0 0 0 0 0 0 0 0 0 0 0 0 
0 0 0 25 87 83 83 60 88 192 355 498 520 528 593 924 1256 1584 1784 1760 1901 2328 2634 3239 3586 3887 3998 4250 4464 4603 4874 5179 5202 5374 5163 5187 5111 4940 4757 4453 4377 4025 3755 3482 3285 3218 2835 2735 2304 2133 2096 1786 1655 1423 1314 1157 1117 934 827 785 626 629 537 486 430 397 330 331 247 256 235 187 147 166 127 119 106 104 84 79 52 56 47 41 47 41 31 18 28 30 18 12 14 17 7 10 9 9 8 7 7 4 5 1 4 3 2 1 4 2 1 2 1 2 2 0 0 0 0 2 0 0 0 0 0 0 0 0 1 0 0 0 
0 0 0 32 72 107 85 59 68 100 248 315 391 450 498 723 1069 1365 1545 1649 1808 2208 2529 2857 3301 3422 3736 4109 4419 4695 4972 5087 5231 5384 5268 5275 5259 5135 4964 4790 4513 4360 4143 3846 3546 3223 3016 2733 2524 2266 2134 1796 1753 1574 1468 1180 1154 965 895 803 707 692 599 501 439 421 360 308 294 270 280 209 177 141 137 118 112 100 86 79 65 67 59 50 49 42 32 33 27 22 26 27 18 14 12 11 20 7 3 6 4 6 9 8 0 6 2 1 2 3 3 0 1 1 1 0 1 0 1 0 0 0 0 1 1 0 0 0 2 1 1 0 0 1 1 1 0 0 0 0 1 1 
0 0 0 26 74 110 125 79 71 145 292 416 555 568 559 680 935 1216 1553 1746 1946 2289 2542 2851 3181 3491 3667 4078 4391 4572 4785 5021 5164 5129 5196 5175 5113 5028 5120 4686 4480 4170 4044 3819 3558 3394 2994 2843 2433 2313 2051 1893 1730 1534 1375 1226 1095 980 877 787 723 621 524 500 486 378 327 328 277 223 193 215 197 149 157 135 108 92 89 75 64 61 45 48 31 37 35 27 30 39 15 27 8 12 14 19 12 10 7 9 5 12 9 3 4 2 0 0 2 2 2 3 1 3 0 0 0 2 1 0 0 1 0 1 1 1 0 0 0 0 0 0 1 0 0 0 0 0 0 0 0 0 
0 0 0 29 74 94 95 90 112 207 348 437 449 428 510 760 975 1166 1466 1690 1896 2215 2536 2789 3124 3570 3716 4112 4454 4631 4922 5019 5059 5223 5290 5216 5155 5079 4804 4662 4482 4266 3905 3865 3509 3192 2915 2830 2543 2286 2104 1903 1758 1558 1387 1292 1131 1020 927 834 738 633 588 487 482 407 354 320 296 237 238 221 180 160 132 112 128 121 103 69 63 61 55 57 49 38 36 30 31 25 20 28 20 20 20 22 19 16 11 12 15 8 10 11 5 3 2 9 10 2 4 0 2 5 3 2 2 0 1 3 1 2 2 1 0 2 1 1 0 0 1 0 1 0 0 1 1 0 0 0 1 0 
0 0 0 26 59 83 77 55 74 172 274 304 298 339 376 595 851 1130 1301 1382 1558 1848 2280 2722 3099 3248 3360 3693 4085 4452 4626 4898 5088 5192 5352 5267 5308 5162 4962 4917 4830 4596 4181 3873 3900 3510 3172 2934 2733 2443 2255 2121 1942 1708 1501 1388 1237 1060 1038 874 807 701 648 568 512 475 411 333 314 264 252 229 225 155 165 152 112 87 95 91 57 71 58 47 43 40 49 35 29 31 19 19 16 18 11 11 12 9 11 9 3 2 3 1 2 4 0 2 4 1 1 0 2 2 1 0 4 0 0 0 0 0 0 1 3 1 0 0 0 2 0 0 0 0 0 1 1 0 1 1 0 0 
0 0 0 30 78 125 74 69 86 133 275 366 415 445 485 696 961 1297 1562 1719 1738 1989 2587 2966 3212 3447 3695 3859 4367 4534 4869 5020 5099 5214 5196 5152 5207 4963 4834 4777 4432 4291 4061 3626 3584 3311 2982 2733 2569 2304 2254 1970 1706 1571 1422 1305 1169 1065 904 824 773 616 586 562 469 415 367 329 281 257 216 197 181 154 138 117 106 82 97 80 70 61 43 46 59 48 27 15 27 23 23 18 22 11 12 11 9 8 7 13 13 7 3 1 4 4 4 7 1 4 2 4 0 1 1 1 1 0 3 0 0 1 2 0 0 0 0 0 0 2 1 0 0 0 0 0 0 0 0 0 0 0 
0 0 0 24 83 110 87 95 151 254 333 476 553 578 737 947 1280 1562 1755 1863 2136 2471 2817 3225 3544 3760 3982 4365 4606 4767 4999 5165 5110 5175 5050 5096 4881 4886 4656 4526 4255 4002 3773 3430 3263 3050 2774 2419 2319 2112 1931 1787 1589 1418 1269 1173 1014 897 847 730 664 606 533 440 418 394 333 309 280 250 195 177 174 169 144 131 104 107 87 73 56 63 48 50 43 42 25 30 19 19 14 14 14 17 14 13 13 6 8 9 11 1 7 8 4 11 6 2 8 4 7 5 3 1 3 2 3 1 0 2 0 0 1 1 0 0 0 0 0 1 0 0 0 0 0 0 0 1 0 0 1 0 
0 0 0 27 58 91 84 65 126 227 338 379 343 426 548 815 1150 1291 1362 1448 1744 2085 2468 2731 3043 3264 3557 3861 4235 4403 4653 4829 4918 5097 5073 5092 5128 5152 4868 4663 4617 4316 4062 3933 3671 3375 3140 2855 2663 2505 2170 2056 1823 1638 1523 1401 1221 1079 949 931 801 687 644 531 505 431 411 341 297 265 266 231 197 187 147 145 128 106 97 96 99 65 70 72 49 44 39 30 42 34 35 14 18 16 12 16 16 3 7 5 9 4 5 5 2 2 1 2 3 3 3 2 2 2 0 3 2 1 1 1 2 1 0 1 0 0 1 1 0 0 0 0 1 0 0 0 0 0 0 0 0 0 
0 0 0 18 68 84 85 58 67 108 194 339 514 609 603 636 761 1117 1313 1569 1769 1841 2157 2501 2852 3298 3445 3625 3965 4255 4492 4851 4855 4886 4854 5058 5026 5014 5071 4722 4477 4285 4210 3864 3727 3491 3275 2944 2674 2516 2345 2068 1898 1737 1601 1426 1256 1129 1009 877 825 774 669 596 499 452 394 348 376 309 252 240 179 183 159 148 139 105 111 88 86 74 78 67 51 60 42 40 31 33 22 27 22 20 14 12 13 9 5 10 16 9 4 8 5 4 5 5 5 3 2 5 3 3 3 3 1 0 3 0 0 0 1 2 2 0 0 0 1 0 0 1 0 0 0 0 0 0 0 0 2 0 
0 0 0 26 78 113 99 60 84 182 255 402 443 473 567 668 918 1202 1382 1463 1547 1823 2270 2570 2943 3166 3425 3656 3935 4294 4529 4668 5110 4970 5124 5127 5041 5021 4910 4689 4506 4368 4191 3915 3550 3388 3158 2973 2693 2527 2291 2016 1793 1730 1525 1444 1269 1138 979 898 784 695 659 628 541 428 385 364 354 286 297 244 202 180 178 138 141 118 114 107 83 76 74 65 56 47 25 28 43 42 27 16 27 19 17 16 11 16 18 10 5 8 4 9 5 5 6 5 3 3 1 1 0 2 2 1 2 1 1 0 1 0 0 0 0 1 0 0 0 1 0 0 0 0 1 0 0 0 0 0 0 0 
0 0 0 24 69 122 87 70 149 278 443 464 562 580 800 1048 1253 1524 1641 1929 2164 2525 2813 3300 3488 3720 3938 4098 4549 4831 5169 5067 5150 5188 5201 4993 4978 4855 4749 4408 4313 4070 3751 3490 3330 3036 2781 2581 2395 2158 1922 1647 1633 1453 1318 1152 1079 957 820 698 650 598 542 472 419 371 325 295 271 222 221 188 171 141 140 118 92 87 93 65 62 54 45 51 54 30 32 27 28 16 19 25 16 11 12 15 11 12 14 5 4 5 5 5 6 1 5 2 1 2 5 3 2 0 2 1 3 2 2 0 1 1 1 2 1 0 0 1 0 1 0 0 1 0 0 0 0 0 0 0 0 0 
0 0 0 18 63 96 85 53 81 173 361 495 512 440 548 725 1031 1294 1566 1531 1777 2101 2496 2819 3240 3411 3602 3988 4154 4566 4950 5059 5122 5063 5018 5182 5026 4957 4913 4755 4545 4236 4017 3743 3525 3369 3128 2815 2539 2325 2166 1976 1773 1590 1416 1261 1118 1025 923 858 730 639 554 545 481 402 392 328 285 262 234 213 201 160 134 126 109 116 87 89 75 63 57 60 44 45 30 38 33 36 25 27 19 25 18 17 7 11 6 9 9 6 11 5 1 2 2 2 2 1 1 4 1 0 0 0 0 0 0 1 1 0 0 0 0 1 1 1 0 0 0 0 0 0 0 0 0 0 0 0 
0 0 0 34 73 94 89 74 86 137 307 362 351 383 406 691 1111 1415 1424 1469 1621 2009 2444 2946 3187 3282 3491 3916 4368 4799 4958 4970 5220 5145 5270 5464 5254 5059 5052 4738 4671 4398 4189 3826 3576 3462 2995 2708 2545 2345 2201 1950 1740 1484 1327 1286 1106 1028 963 808 755 600 563 531 508 429 385 301 265 246 225 228 209 150 132 125 101 101 96 77 75 65 47 62 46 44 26 30 28 25 24 20 16 12 12 12 11 11 8 5 7 7 3 2 7 3 3 0 1 3 1 5 2 1 0 1 0 5 0 0 0 1 2 0 0 0 0 0 0 0 0 0 0 0 0 
0 0 0 25 79 85 74 56 98 153 234 269 341 435 594 771 808 981 1142 1434 1727 2076 2336 2531 2740 3013 3357 3624 3808 4196 4561 4623 4834 4923 5028 5216 5120 5013 4905 4776 4650 4567 4232 4044 3579 3475 3230 3086 2793 2593 2238 2125 1928 1694 1597 1482 1335 1195 1032 941 808 800 670 590 561 477 422 348 332 308 248 234 185 181 157 167 126 133 89 110 79 81 63 63 47 50 42 35 37 30 31 18 21 15 28 7 12 15 15 12 7 11 3 7 9 4 12 7 4 3 3 6 3 2 1 0 3 0 2 6 1 0 2 1 1 0 2 0 2 1 3 0 1 0 0 1 0 0 0 0 0 0 
0 0 0 26 71 110 78 87 133 210 312 315 434 469 518 648 890 1197 1364 1576 1798 2079 2405 2656 2989 3242 3476 3879 4375 4501 4680 4782 4771 4975 5101 5151 5013 5090 4782 4656 4448 4121 4196 3802 3638 3479 3047 2848 2521 2385 2236 2028 1803 1656 1452 1302 1221 1086 948 878 799 679 674 584 515 438 401 357 338 280 249 222 204 180 143 138 134 130 89 94 72 91 78 60 42 53 44 31 31 27 19 20 18 13 15 11 7 14 24 8 6 8 6 6 3 6 3 6 1 1 2 3 2 1 0 0 2 1 0 0 0 0 0 0 0 0 0 1 0 0 
0 0 0 35 81 95 103 92 130 243 343 424 483 570 745 975 1160 1375 1552 1775 2131 2389 2636 3040 3430 3705 4008 4354 4439 4870 4936 5033 5252 5219 5248 5109 5160 4951 4784 4605 4437 4170 3859 3546 3365 3078 2939 2649 2356 2192 2027 1765 1638 1482 1353 1156 1036 978 839 780 632 593 569 484 412 388 326 316 247 250 199 160 178 128 155 123 111 70 81 54 75 45 40 62 50 28 43 24 14 20 20 28 9 11 12 9 9 4 7 7 3 5 4 2 3 6 1 3 1 1 3 2 1 1 0 0 1 1 1 1 0 0 0 0 0 0 0 0 0 0 0 0 
0 0 0 25 74 82 81 78 154 278 439 535 515 603 799 1019 1267 1556 1850 1964 2308 2654 3145 3418 3748 4142 4237 4593 4797 5159 5228 5373 5173 5370 5236 5067 4992 4743 4751 4453 4148 3899 3584 3319 3186 2956 2708 2453 2242 2023 1792 1694 1520 1289 1246 1119 969 851 760 742 576 562 485 463 400 355 316 268 261 197 190 183 140 145 95 110 76 87 71 50 65 46 45 40 31 25 35 18 21 19 15 18 15 14 13 17 12 5 9 11 6 7 7 2 2 2 4 4 2 3 3 0 3 1 2 2 0 0 1 4 2 1 0 0 1 0 1 3 0 0 1 1 2 1 0 0 0 1 0 1 1 0 
0 0 0 18 70 99 96 54 57 113 236 310 375 359 377 527 713 934 1093 1213 1307 1576 1934 2251 2600 2806 3197 3556 3844 4239 4351 4552 4771 4865 5106 5192 5351 5103 5087 4880 4801 4700 4456 4181 3893 3711 3414 3158 3004 2690 2499 2241 1992 1868 1775 1532 1340 1214 1103 1018 926 854 770 649 597 520 467 399 401 367 308 281 231 232 205 191 145 136 128 95 110 110 74 74 73 78 51 40 45 37 36 28 28 22 24 17 8 18 9 7 8 6 12 7 10 4 7 6 2 2 4 4 2 1 2 3 1 2 2 0 0 0 1 0 3 0 0 0 0 0 0 0 1 0 0 0 0 0 0 0 0 0 
0 0 0 18 57 86 91 55 63 146 306 428 464 407 429 536 742 993 1185 1393 1541 1809 2233 2406 2762 3117 3523 3904 4304 4474 4629 4989 5116 5219 5339 5443 5402 5343 5124 5067 4708 4708 4269 4250 3798 3604 3272 2993 2845 2514 2316 2103 1943 1670 1574 1432 1236 1081 1016 914 839 638 562 550 462 449 397 322 276 275 229 210 195 164 147 118 120 82 72 82 67 65 55 47 43 35 31 33 29 33 17 10 16 12 14 22 15 13 12 0 8 5 6 4 5 2 3 2 7 1 2 3 1 0 3 1 1 0 0 0 1 0 1 1 1 1 0 0 0 1 0 0 0 2 0 2 0 0 0 0 0 0 
0 0 0 37 83 126 116 68 81 234 403 528 540 505 603 891 1190 1475 1647 1668 1920 2231 2846 3327 3429 3588 3760 4166 4551 4765 4940 4996 5151 5120 5146 5162 4959 4894 4780 4359 4399 4155 3942 3631 3350 2978 2840 2669 2518 2225 1854 1817 1592 1462 1388 1155 1153 1004 859 770 678 626 521 505 425 407 354 312 278 247 214 185 163 139 125 122 78 95 81 72 62 50 58 49 38 29 34 34 20 24 19 24 21 13 12 14 5 13 14 7 3 6 6 4 6 4 4 2 3 1 7 2 2 1 3 1 1 1 1 1 2 1 1 0 0 0 0 1 2 1 0 0 0 0 0 0 0 0 0 0 0 0 
0 0 0 26 97 122 110 78 92 163 245 413 494 509 606 764 1130 1378 1568 1658 1850 2153 2655 3096 3512 3648 3880 4032 4373 4640 5030 5314 5088 4986 5248 5095 5175 5152 4934 4562 4405 4172 3946 3856 3497 3164 2941 2798 2524 2243 2075 1857 1647 1530 1338 1246 1020 957 828 789 684 633 580 488 430 397 357 317 306 227 240 193 190 154 146 107 104 110 80 65 68 71 56 68 45 41 31 28 23 31 28 16 17 17 16 15 17 10 6 8 9 3 10 3 5 2 0 4 2 5 4 0 2 1 5 1 1 0 1 2 2 0 0 1 1 2 0 0 1 0 1 0 0 0 0 1 0 2 3 0 1 0 
0 0 0 33 69 101 79 56 94 244 389 486 548 509 622 905 1311 1588 1700 1783 2015 2284 2748 3104 3423 3749 4026 4186 4488 4717 4931 5140 5156 5204 5105 5144 5009 4900 4731 4519 4296 4032 3840 3496 3252 3127 2940 2597 2346 2169 1913 1792 1604 1442 1314 1207 1017 982 859 735 673 599 540 453 432 387 333 304 265 226 244 202 165 148 136 120 99 99 85 80 69 63 53 37 50 30 30 39 37 21 24 24 18 19 25 17 12 13 8 5 12 8 6 9 7 7 6 3 5 5 4 3 3 1 0 1 1 1 0 2 0 1 0 1 2 0 2 0 0 1 0 1 0 0 0 0 0 0 0 0 0 0 
0 0 0 29 90 88 89 78 120 219 355 408 369 424 448 688 915 1284 1454 1580 1731 1948 2346 2887 3272 3464 3666 3953 4155 4587 4957 5095 5134 5204 5232 5151 5181 5172 4909 4586 4553 4298 4124 3824 3529 3404 3072 2867 2593 2383 2255 1966 1688 1597 1352 1275 1170 1043 909 817 744 657 587 532 478 449 399 338 293 260 226 218 176 174 148 146 112 119 96 96 61 48 66 48 56 41 33 28 26 32 27 11 14 14 17 14 9 11 3 6 4 8 6 7 2 3 0 7 4 2 3 1 0 2 3 4 1 2 1 1 0 0 1 0 0 1 1 0 1 0 1 1 1 0 0 1 1 2 0 0 2 0 
0 0 0 26 72 98 88 76 144 327 538 703 703 756 836 1174 1503 1871 2137 2214 2527 2852 3230 3468 4014 4201 4482 4571 4826 5031 5147 5299 5297 5277 5282 5178 4793 4592 4477 4190 3886 3724 3531 3236 3023 2684 2518 2281 2003 1854 1699 1593 1332 1207 1098 1009 870 760 690 620 565 464 453 400 336 292 310 253 212 207 158 155 131 136 110 91 85 75 64 55 61 40 46 32 30 35 30 15 23 26 19 20 11 15 11 13 9 6 7 10 9 3 4 2 4 6 3 3 5 2 0 0 2 1 2 0 0 0 0 0 0 0 1 0 1 0 0 0 1 0 0 0 0 0 0 0 0 0 0 0 0 
0 0 0 24 86 119 81 56 72 143 304 429 454 417 469 640 1028 1342 1508 1639 1726 2053 2460 2929 3314 3428 3670 3855 4389 4786 5011 5203 5167 5259 5298 5233 5309 5200 4966 4815 4558 4325 4158 3927 3542 3354 3084 2854 2669 2310 2183 2007 1830 1614 1445 1242 1177 1019 932 839 697 643 568 528 474 435 352 336 300 251 256 180 188 163 166 142 105 87 90 83 67 67 54 55 48 28 34 25 21 26 27 20 16 16 12 7 15 14 10 4 3 1 4 6 4 7 1 1 1 1 1 3 1 5 0 2 1 1 2 1 4 3 0 2 2 1 0 1 0 2 0 0 0 0 0 0 1 0 0 0 0 0 
0 0 0 32 76 106 84 56 90 163 333 540 624 633 698 884 1217 1600 1822 2060 2286 2534 3011 3404 3775 4228 4193 4455 4800 4948 5232 5377 5387 5361 5370 5054 4997 4832 4810 4537 4262 3872 3648 3462 3215 2911 2684 2500 2126 1985 1870 1678 1539 1337 1214 1030 939 822 758 693 642 492 472 440 363 328 296 282 248 231 174 173 149 130 125 115 97 80 57 71 66 50 38 44 40 46 31 24 27 29 17 21 16 13 10 9 4 2 8 9 2 3 4 1 2 3 3 0 2 4 0 1 2 1 3 1 0 2 1 0 1 1 0 1 1 0 1 0 1 1 3 0 0 2 0 0 0 1 0 0 0 0 
0 0 0 21 76 109 71 76 49 127 283 478 606 693 640 725 959 1394 1604 1975 1990 2233 2470 2996 3359 3633 3917 4355 4569 4786 4893 5132 5250 5447 5372 5204 5239 4891 4856 4656 4455 4258 3985 3587 3339 3119 2887 2695 2514 2173 1994 1766 1551 1427 1302 1227 1052 995 817 760 647 593 483 478 422 352 313 288 274 233 201 190 150 147 118 106 97 91 72 69 64 49 47 48 27 32 27 22 24 20 18 18 11 15 10 16 7 13 6 6 9 4 2 2 5 3 2 1 1 0 3 1 0 1 1 1 0 1 1 1 0 0 1 0 0 0 0 0 0 0 0 0 0 0 0 
0 0 0 36 78 111 93 65 106 239 426 466 423 449 598 941 1185 1324 1530 1749 2024 2280 2716 3039 3335 3574 4019 4152 4456 4687 4902 5064 5199 5119 5109 5095 5014 4954 4721 4624 4535 4128 3893 3642 3366 3163 2882 2628 2507 2286 2014 1872 1639 1542 1391 1204 1041 1013 914 758 687 643 571 517 454 395 359 346 275 264 242 180 211 157 131 149 116 100 91 69 75 72 64 56 39 33 40 29 29 22 15 11 14 15 7 12 7 3 6 4 7 4 5 2 3 1 1 0 1 1 1 1 1 0 0 1 0 0 0 0 0 2 1 1 0 0 0 0 0 0 0 0 0 0 0 0 
0 0 0 27 89 110 99 70 104 228 348 431 533 525 635 847 1169 1452 1706 1862 1998 2306 2792 3149 3384 3683 3959 4183 4477 4773 5060 5011 5206 5118 5240 5118 5154 4979 4843 4581 4414 3967 3781 3531 3353 3139 2909 2668 2389 2201 2007 1826 1618 1523 1357 1168 1073 948 831 717 654 591 561 471 454 380 342 284 261 262 212 196 171 135 125 107 124 98 99 81 60 51 43 48 43 38 30 30 24 22 24 25 12 15 9 10 16 11 10 6 9 6 5 3 6 5 3 3 4 4 2 2 1 4 1 1 1 4 1 1 0 0 0 4 1 0 1 0 0 0 0 1 0 0 1 0 0 1 0 1 0 0 
0 0 0 25 70 103 74 61 50 78 198 259 294 359 420 552 695 871 994 1264 1432 1639 1951 2127 2344 2578 2920 3212 3484 3808 4109 4387 4541 4558 4708 4890 4979 4880 4929 4838 4617 4526 4507 4176 4041 3817 3475 3353 3063 2846 2676 2429 2230 2096 1869 1664 1515 1343 1247 1104 989 849 787 782 655 521 510 450 442 376 351 302 264 233 173 161 150 167 119 115 99 94 92 79 59 49 49 36 41 38 38 36 17 25 15 19 17 15 16 11 18 7 8 9 7 1 10 4 6 4 2 6 1 2 7 1 0 2 4 2 3 0 2 0 3 0 0 2 1 2 1 0 1 1 1 1 0 1 0 0 0 0 
0 0 0 25 88 122 72 73 123 267 425 679 678 718 845 1022 1443 1625 1989 2119 2328 2694 3086 3544 3827 3947 4207 4356 4897 5240 5225 5242 5292 5101 5123 5095 4914 4774 4602 4330 4099 3951 3566 3310 2993 2825 2605 2450 2232 1970 1735 1618 1364 1285 1173 1067 952 802 705 658 593 516 467 412 357 333 288 255 256 200 180 171 158 142 130 97 84 95 82 67 65 60 49 45 33 39 22 41 28 14 14 13 15 10 16 7 8 3 3 6 3 6 1 1 3 4 1 1 1 1 2 2 1 1 0 0 0 0 1 0 1 1 0 0 0 0 0 1 1 0 0 0 0 1 0 0 0 0 0 0 0 0 
0 0 0 21 75 115 78 62 98 244 464 596 587 562 692 862 1222 1599 1788 1927 1943 2323 2792 3385 3689 3926 4060 4334 4670 4935 5203 5389 5338 5240 5428 5137 5089 4963 4596 4561 4244 4009 3911 3535 3316 3004 2758 2508 2347 2054 1888 1672 1535 1416 1295 1129 1008 919 783 728 670 574 493 413 377 343 291 283 272 209 179 169 157 130 129 117 95 84 74 62 56 55 42 45 44 22 20 24 30 21 15 12 6 10 12 14 2 7 5 4 6 5 5 2 7 3 4 2 4 1 2 0 2 0 2 1 1 2 1 0 0 0 2 2 0 0 0 1 1 0 0 1 0 0 0 0 0 1 0 0 0 0 
0 0 0 25 63 85 79 43 55 128 272 346 395 402 428 608 932 1172 1505 1657 1812 1997 2335 2678 3166 3463 3770 4083 4372 4377 4985 5074 5212 5198 5111 5235 5296 5264 5016 4863 4570 4394 4092 3987 3637 3396 3062 2796 2668 2411 2257 1980 1818 1551 1426 1347 1187 1063 983 849 746 678 650 519 488 409 369 357 325 285 223 204 195 173 164 135 108 88 91 72 83 70 65 60 48 41 44 27 25 24 26 16 17 22 20 15 11 10 4 4 5 9 10 6 5 4 4 1 5 1 1 2 2 1 3 0 0 0 0 1 0 0 1 0 0 0 0 0 1 0 0 0 0 0 1 0 1 0 0 1 1 0 
0 0 0 27 77 97 104 76 93 182 348 436 426 525 600 824 1025 1402 1577 1636 1802 2035 2571 2884 3187 3542 3737 3879 4161 4492 4867 5139 5038 5137 5202 5225 5123 4953 4813 4780 4525 4326 4073 3796 3577 3278 2984 2785 2605 2297 2097 1928 1747 1552 1427 1271 1142 1027 921 842 764 645 574 511 431 434 375 333 304 254 220 195 182 172 153 118 100 93 89 78 82 67 59 48 42 37 38 26 29 16 18 14 13 16 14 11 4 12 8 10 4 5 5 1 1 2 3 1 4 2 3 1 1 2 2 1 2 1 1 0 2 1 1 0 2 1 2 0 1 1 1 0 0 0 0 1 0 0 0 0 0 0 
0 0 0 27 56 97 76 54 77 160 257 364 447 492 562 681 941 1277 1543 1753 1913 2049 2440 2843 3223 3605 3972 4094 4307 4593 4765 5013 5242 5346 5208 5261 5247 5022 4868 4577 4551 4274 4016 3727 3502 3248 3029 2839 2524 2338 2075 1858 1678 1593 1403 1244 1123 1047 911 753 692 646 620 519 469 402 344 299 307 236 223 211 181 161 151 119 108 98 106 89 83 56 52 59 42 43 45 33 38 25 24 27 17 13 11 17 9 10 7 6 9 7 9 8 1 7 2 8 3 4 2 0 0 0 1 0 1 0 0 0 0 0 0 2 0 0 0 
0 0 0 24 79 102 87 66 108 197 321 471 460 461 522 711 1051 1363 1504 1713 1759 2039 2509 2889 3141 3471 3783 3929 4113 4527 4650 4718 5042 5017 5132 5047 4954 4937 4981 4559 4438 4193 4160 3796 3559 3221 3039 2841 2678 2404 2185 1962 1733 1709 1456 1366 1282 1048 932 850 767 712 588 576 468 488 401 361 297 296 244 227 202 174 171 145 117 116 103 88 90 75 69 65 48 51 36 35 36 37 33 27 16 24 22 16 16 16 17 9 13 7 10 13 8 9 15 5 4 2 5 1 6 3 2 1 0 2 1 1 0 0 0 0 0 0 0 0 0 0 0 
0 0 0 20 58 71 91 81 94 168 244 349 414 402 444 515 701 1015 1300 1469 1555 1654 2053 2368 2919 3026 3381 3560 3908 4244 4477 4735 4893 5120 5251 5124 5074 5010 5023 4875 4684 4663 4370 4005 3655 3483 3405 3161 2871 2558 2361 2173 1990 1780 1653 1437 1327 1236 1054 900 911 814 731 640 539 464 441 412 328 311 309 233 225 175 175 137 136 139 119 107 102 71 53 50 57 39 42 36 39 33 17 31 15 22 14 11 9 8 10 5 8 8 8 4 6 4 5 2 4 6 1 2 0 2 0 1 1 0 1 2 1 2 0 0 1 0 0 0 1 0 0 0 0 0 0 0 0 0 0 0 0 
0 0 0 22 79 99 84 83 164 254 351 375 406 440 571 816 1053 1287 1489 1721 1924 2252 2493 2896 3319 3515 4034 4134 4444 4719 4936 5141 5062 5218 5297 5329 5094 5089 4864 4692 4360 4273 3990 3628 3517 3194 2963 2742 2503 2275 1980 1853 1754 1528 1407 1197 1155 961 913 814 736 674 573 528 468 385 337 335 282 232 222 207 151 140 149 140 108 107 98 82 70 64 56 54 50 44 43 28 23 25 21 19 21 13 14 11 19 12 11 6 6 3 4 10 3 3 3 2 3 3 1 4 1 2 2 0 2 0 1 3 0 0 0 0 0 0 0 0 0 0 0 0 
0 0 0 22 61 79 62 64 76 119 194 283 320 350 446 630 790 870 1111 1295 1365 1654 2078 2354 2587 2993 3187 3581 3951 4105 4422 4566 4739 5061 5177 5329 5071 5146 4909 4970 4833 4670 4396 4107 3838 3622 3402 3201 2942 2752 2379 2276 2027 1858 1640 1439 1409 1200 1087 968 832 814 697 641 563 519 462 409 338 328 334 287 246 212 211 150 171 127 112 91 101 92 72 62 71 54 59 45 48 43 32 23 26 27 27 16 13 13 14 14 13 15 2 8 5 7 5 5 3 4 1 2 4 5 3 3 0 1 1 0 1 0 0 0 1 0 0 0 1 0 0 1 1 0 0 0 1 0 0 0 0 1 
0 0 0 32 77 127 113 72 106 195 324 450 512 599 722 992 1214 1328 1446 1680 1975 2429 2791 3036 3195 3477 3768 4213 4537 4809 4917 4965 5175 4931 5202 5129 5052 4901 4663 4542 4300 4026 3837 3460 3497 3102 2921 2615 2374 2251 2006 1850 1668 1472 1379 1240 1037 967 876 745 702 628 561 494 436 382 338 314 278 257 209 191 185 155 166 137 100 98 93 69 66 68 57 60 41 35 41 27 27 24 19 15 19 17 8 11 6 9 12 5 6 2 1 4 4 3 7 0 0 1 1 2 0 2 1 2 0 1 1 0 0 0 0 0 0 1 0 0 1 0 0 0 0 0 0 0 0 0 0 0 0 
0 0 0 25 75 115 94 62 86 186 311 389 429 399 519 670 893 1166 1377 1541 1622 1818 2322 2623 2957 3216 3493 3621 4094 4323 4586 4647 4950 4995 5006 5145 5124 5059 4834 4775 4615 4520 4225 3949 3561 3338 3152 3026 2668 2498 2321 2101 1766 1700 1598 1354 1297 1138 1055 916 825 725 656 563 538 451 414 364 322 293 255 241 177 184 179 140 112 121 85 76 74 57 73 55 45 37 40 36 38 24 17 32 25 16 18 11 10 4 10 3 9 4 3 2 6 5 4 4 2 3 3 3 0 1 1 0 0 0 0 1 0 0 0 0 0 0 0 0 
0 0 0 28 70 121 74 65 102 217 369 448 388 408 525 817 1116 1322 1383 1498 1652 1886 2338 2804 3017 3180 3499 3845 4166 4503 4629 4890 5130 5115 5171 5061 4938 5039 4877 4787 4614 4286 3941 3852 3662 3387 3140 2826 2647 2482 2181 2009 1777 1633 1465 1367 1250 1046 983 835 755 672 599 551 481 429 398 328 306 271 261 201 211 154 141 147 123 114 95 85 69 72 56 46 39 36 43 32 21 20 25 20 16 15 11 8 15 14 6 7 6 8 5 4 5 1 2 2 4 2 0 1 1 2 1 1 1 0 2 0 0 0 0 0 1 0 0 0 0 0 0 
0 0 0 20 67 107 71 57 47 180 342 461 471 409 430 701 963 1367 1565 1512 1643 1799 2239 2795 3173 3386 3438 3727 4090 4426 4654 4803 4832 4999 4970 4983 5026 5118 4944 4721 4480 4289 4041 3813 3750 3435 3259 2880 2655 2437 2188 2032 1800 1689 1560 1355 1196 1038 991 899 810 747 586 602 488 449 448 354 290 297 275 226 197 193 160 135 141 103 116 102 85 78 63 57 53 53 45 39 29 30 27 18 30 8 18 9 16 10 16 5 1 8 5 9 10 5 2 2 2 2 2 4 5 0 2 0 3 3 1 2 2 0 1 0 0 1 1 0 0 0 1 1 2 0 0 0 0 0 0 0 0 0 
0 0 0 23 83 89 71 54 100 221 362 358 363 455 696 1038 1325 1332 1418 1760 2018 2361 2825 2990 3248 3487 3827 4151 4365 4732 4838 4975 5066 5089 5241 5105 5016 5011 4789 4518 4464 4184 3956 3670 3522 3091 2962 2589 2439 2253 2083 1857 1658 1520 1303 1266 1102 1005 870 776 711 657 577 518 465 404 382 323 292 258 245 204 170 152 144 117 121 100 87 75 65 55 49 43 56 31 32 35 28 26 31 15 11 12 13 9 9 13 8 7 4 8 0 6 7 2 3 3 2 2 2 1 2 0 1 4 3 1 0 0 0 0 2 0 1 0 0 0 0 0 0 0 1 0 0 0 0 0 0 0 0 0 
0 0 0 29 79 109 81 75 65 140 356 420 545 512 529 697 981 1317 1512 1596 1827 2010 2248 2858 3120 3493 3820 3980 4380 4619 4764 5083 5063 5256 5180 5202 5122 5147 5027 4649 4453 4320 4042 3839 3592 3257 3088 2802 2480 2406 2199 1904 1772 1608 1452 1290 1232 1048 871 812 759 669 583 567 489 417 367 328 345 273 243 167 176 163 126 155 111 123 87 94 78 63 61 60 49 49 54 39 34 30 30 21 25 16 13 18 11 15 12 7 9 6 4 8 6 3 2 3 0 6 1 1 3 1 0 0 0 1 2 0 0 0 0 0 0 0 1 0 0 0 
0 0 0 26 96 111 92 98 163 303 457 513 580 572 810 1057 1136 1367 1609 1958 2168 2416 2719 3050 3481 3870 4016 4227 4466 4849 5031 5049 5185 5275 5172 5101 5083 4840 4941 4489 4246 4065 3664 3514 3359 3084 2805 2566 2302 2045 1916 1736 1552 1498 1309 1091 1021 908 809 738 672 627 543 459 394 386 352 326 244 228 229 175 182 134 142 120 111 82 96 68 61 59 60 57 56 32 43 24 20 25 27 13 18 9 17 12 8 2 9 6 4 2 0 5 1 3 1 1 4 1 1 1 1 0 0 1 0 0 0 0 0 0 0 0 0 0 0 0 
0 0 0 28 63 97 90 55 76 145 230 296 313 421 592 642 880 1090 1290 1562 1807 1990 2247 2664 2948 3317 3669 3882 4275 4457 4802 5035 5097 5298 5214 5321 5159 5206 5067 4842 4592 4452 4190 3929 3797 3464 3080 2906 2614 2494 2218 2029 1843 1616 1480 1280 1196 1056 976 846 759 661 631 549 461 459 382 365 313 302 272 207 179 172 166 146 129 108 95 76 79 67 60 50 54 36 37 34 29 24 19 27 13 23 12 11 8 11 12 3 5 4 2 2 1 3 3 2 1 0 1 2 2 0 1 0 0 0 0 1 0 0 0 0 1 0 0 0 1 0 0 1 0 0 0 0 0 1 0 0 0 0 
0 0 0 35 75 111 95 64 133 195 337 426 535 684 789 959 1253 1533 1623 1884 2207 2533 3015 3318 3473 3817 3904 4421 4667 4826 5189 5249 5173 5357 5133 5104 5006 5098 4720 4513 4191 3959 3845 3531 3199 3008 2707 2469 2376 2104 1958 1660 1519 1384 1269 1102 1011 875 837 698 634 529 515 400 402 327 301 292 235 210 171 164 141 133 115 101 102 83 80 65 60 43 55 40 40 44 21 20 28 27 23 26 14 18 9 8 9 4 9 10 4 5 2 4 5 2 2 3 2 2 1 1 3 3 0 0 2 1 1 1 0 0 0 1 1 0 0 1 0 1 0 1 0 0 0 0 0 0 0 0 0 0 
0 0 0 30 55 114 96 54 56 93 222 355 493 592 650 687 997 1313 1602 1844 1959 2083 2345 2747 3228 3528 3747 4096 4228 4284 4570 4721 4949 5045 4998 4960 4844 4798 4607 4409 4285 4136 3832 3689 3451 3208 2881 2722 2462 2384 2146 1887 1789 1567 1473 1333 1178 1027 1041 820 796 690 581 585 511 425 347 325 318 306 267 225 223 176 151 147 132 132 79 82 87 79 63 50 48 39 34 39 20 26 24 10 25 20 11 11 9 3 13 10 9 3 3 9 6 6 3 2 4 9 4 4 3 1 4 3 4 1 3 1 1 0 2 0 2 0 0 0 0 0 0 0 1 0 0 0 0 0 0 0 0 0 
0 0 0 29 57 89 78 55 49 147 372 493 553 522 539 758 1113 1472 1682 1890 1934 2136 2529 2970 3353 3550 3844 4029 4350 4675 4890 5092 5311 5255 5219 5221 4990 4880 4742 4650 4436 4067 4037 3703 3460 3164 2871 2727 2485 2185 2010 1844 1726 1478 1361 1207 1077 971 893 837 651 665 590 528 447 422 353 330 287 272 222 211 188 149 153 108 132 92 96 90 55 63 54 44 61 33 28 32 23 33 31 24 14 12 16 11 14 12 10 6 8 4 8 4 6 6 3 5 5 5 4 4 2 6 3 0 2 5 0 2 2 5 0 2 1 1 0 0 0 0 1 1 0 0 0 0 0 0 0 0 0 0 
0 0 0 25 85 91 100 49 86 179 347 468 552 575 659 1012 1318 1608 1871 1983 2089 2390 2697 3233 3686 4018 4277 4231 4376 4832 4932 5372 5335 5278 5185 5103 4919 4875 4885 4481 4396 3879 3778 3562 3294 3073 2812 2568 2280 2194 1969 1690 1583 1412 1258 1143 988 977 876 714 625 622 543 482 458 384 310 294 300 255 206 185 189 138 138 131 114 79 93 72 69 50 53 34 44 24 25 28 18 27 20 18 9 11 10 7 9 3 1 1 3 4 5 7 3 0 4 0 2 1 1 1 1 1 2 1 0 0 0 0 0 0 0 0 0 0 0 0 
0 0 0 33 93 117 90 71 89 160 267 411 522 586 650 880 1150 1294 1431 1654 1758 2258 2775 3159 3484 3674 3809 4028 4412 4836 4905 5249 5117 5016 5188 5090 5051 4839 4838 4536 4353 4172 3743 3630 3501 3086 2901 2565 2360 2182 2022 1863 1733 1490 1355 1203 1059 1002 889 826 760 604 573 497 454 407 369 313 251 238 225 198 166 157 151 130 90 82 74 62 68 66 60 42 41 35 29 28 25 25 15 18 9 23 23 9 12 5 5 2 8 3 7 3 2 3 4 4 6 0 3 0 1 1 2 0 2 0 0 1 0 0 1 0 2 0 0 0 0 0 1 0 0 1 0 0 0 0 0 1 0 0 
0 0 0 26 75 115 92 63 74 175 263 425 454 550 632 808 988 1248 1529 1724 1872 2217 2497 2911 3247 3585 3800 4043 4402 4527 4810 5079 5261 5324 5124 5262 5138 5015 4974 4659 4474 4204 4067 3674 3513 3270 3058 2692 2466 2290 2078 1871 1786 1480 1313 1185 1132 979 889 750 740 673 569 507 411 377 376 324 307 224 224 196 185 158 123 118 113 109 103 81 61 69 39 55 36 41 37 27 22 27 27 18 14 15 9 13 9 17 12 11 6 2 9 6 5 3 2 5 1 1 0 4 0 4 0 1 0 0 0 1 0 0 0 0 0 0 0 0 0 0 0 0 
0 0 0 18 81 98 89 62 84 201 318 447 416 445 528 644 962 1148 1175 1421 1581 1814 2214 2577 2865 3223 3609 3831 4175 4234 4644 4746 5072 4989 5295 5232 5266 5038 5068 4792 4572 4506 4130 4036 3750 3413 3125 2995 2735 2525 2308 2005 1907 1749 1572 1407 1267 1179 1037 952 835 771 615 591 528 506 442 407 312 293 260 245 210 186 159 148 139 119 97 106 82 82 65 52 49 46 38 46 35 29 28 17 22 22 21 13 12 9 9 10 8 11 1 3 2 3 3 7 1 1 1 3 1 1 2 2 1 1 2 0 2 5 1 0 1 0 0 2 1 0 0 1 0 2 2 0 0 0 0 0 0 0 
0 0 0 26 80 78 90 61 63 124 201 289 390 480 529 581 774 971 1218 1476 1543 1826 2056 2321 2622 2935 3313 3618 3774 4056 4423 4555 4893 4881 4815 5001 5088 5158 5000 4948 4664 4596 4245 4247 3982 3678 3437 3116 2892 2639 2502 2201 1950 1834 1642 1485 1365 1221 1062 929 890 796 742 614 569 496 477 404 351 330 277 250 236 174 202 150 125 103 123 97 87 89 64 52 55 58 49 37 28 35 23 18 27 15 15 14 11 11 9 20 2 3 4 5 10 4 3 5 0 2 4 0 2 2 2 1 1 0 0 0 0 0 1 0 0 0 0 0 0 0 0 0 0 0 0 
0 0 0 24 61 85 88 53 44 106 226 356 453 382 406 604 890 1252 1367 1446 1544 1768 2079 2586 2783 3063 3302 3498 3915 4320 4511 4730 4897 4852 4988 5106 5026 5022 4829 4806 4687 4470 4163 3971 3715 3612 3325 3027 2785 2557 2356 2188 2005 1864 1695 1489 1374 1196 1084 1002 865 777 730 614 550 508 431 382 336 299 272 227 217 206 163 135 145 114 96 88 94 72 78 63 54 52 50 49 26 22 26 23 26 17 16 10 13 11 13 12 3 10 4 10 6 6 3 7 3 3 5 4 6 2 1 3 3 0 1 0 3 0 1 1 2 0 3 0 1 0 0 1 0 0 0 0 0 0 0 0 0 0 
0 0 0 14 57 98 83 53 62 92 186 245 281 300 418 560 681 865 953 1067 1465 1783 2147 2267 2685 2894 3344 3648 4055 4425 4586 4766 4913 5159 5276 5253 5323 5451 5196 5166 4893 4679 4348 4220 3966 3706 3409 3146 2947 2671 2440 2179 1921 1723 1575 1452 1328 1150 1014 920 885 780 675 636 557 479 422 399 357 303 293 283 203 174 165 157 125 138 117 83 70 70 59 63 51 41 38 34 25 24 25 21 21 19 14 15 16 15 3 13 8 7 10 11 4 2 4 6 8 6 4 4 5 3 2 2 1 3 0 1 1 0 0 0 0 0 1 0 0 0 1 0 0 0 0 0 0 0 0 0 0 0 
0 0 0 24 86 93 98 60 65 140 263 388 456 517 578 779 1174 1394 1509 1653 1839 2167 2589 3033 3337 3567 3733 4050 4276 4580 4724 5020 5095 5211 5225 5055 5137 4956 4869 4715 4294 4031 3899 3672 3562 3105 2920 2670 2447 2220 2101 1862 1707 1496 1375 1272 1103 948 938 770 715 604 585 545 451 423 376 300 303 252 241 215 161 162 161 125 100 100 73 83 70 65 49 41 42 42 29 29 25 16 11 12 18 14 20 10 10 9 9 2 10 5 6 1 2 3 1 2 4 1 2 0 0 0 0 1 0 1 1 0 1 0 0 0 0 0 0 0 0 0 0 0 0 
0 0 0 26 76 120 102 60 80 144 289 421 448 431 478 603 980 1331 1381 1633 1641 1832 2339 2748 3196 3409 3583 3724 4121 4435 4795 4925 5136 5112 5220 5260 5293 5193 4968 4754 4627 4365 4096 3994 3590 3381 3039 2827 2644 2419 2187 2033 1765 1616 1459 1311 1196 1088 926 869 763 681 600 544 484 405 348 323 262 286 203 228 180 188 146 110 115 97 91 91 59 67 54 48 54 41 32 28 38 28 27 20 17 23 16 17 12 14 14 8 9 12 8 7 6 4 4 5 9 5 4 6 6 3 6 0 3 4 7 1 1 2 1 2 1 1 2 1 0 2 0 1 1 0 0 1 2 0 0 1 0 0 
0 0 0 20 63 111 95 65 155 296 376 432 428 492 628 891 1136 1382 1518 1693 1861 2193 2567 3006 3247 3675 3815 3983 4335 4836 4956 5025 5217 5180 5238 5136 5218 4970 5017 4571 4342 4167 3876 3769 3357 3178 2811 2675 2419 2247 2034 1824 1630 1534 1343 1258 1109 984 830 788 685 663 552 512 412 391 339 310 290 238 225 191 182 145 137 120 93 101 84 73 70 60 50 54 42 39 37 35 38 22 15 16 24 21 18 12 15 11 6 6 11 6 4 7 6 8 2 3 2 1 1 3 3 2 0 0 0 0 1 2 1 0 0 0 0 0 0 0 0 0 0 0 0 
0 0 0 19 64 95 84 42 52 148 379 591 557 428 450 696 1006 1428 1529 1582 1680 2050 2586 2893 3107 3339 3623 3915 4373 4423 4737 4794 4984 4969 5068 5122 5031 4993 4909 4707 4529 4189 4034 3789 3562 3250 3087 2855 2577 2300 2191 1926 1804 1666 1368 1239 1221 1074 896 862 810 690 571 540 445 399 363 335 269 271 233 232 185 175 131 117 124 107 102 78 77 61 43 53 42 46 26 33 24 29 15 19 16 12 15 15 8 7 8 12 4 4 5 10 1 5 6 2 4 2 3 4 2 1 2 0 2 2 2 0 0 0 0 0 0 1 0 0 0 0 0 0 0 0 0 0 0 0 
0 0 0 29 84 121 108 72 111 186 340 393 553 629 754 820 980 1192 1606 1855 2086 2249 2519 2913 3313 3748 3932 4054 4344 4520 4843 5035 5242 5155 5121 4982 4957 4927 4724 4590 4388 4177 3880 3622 3368 3244 2927 2671 2418 2231 1957 1877 1662 1494 1325 1226 1097 981 890 802 719 603 565 530 438 394 358 272 307 260 215 206 177 154 133 116 121 82 80 74 70 51 55 33 50 45 28 32 30 25 17 21 12 22 14 5 9 10 5 7 3 8 3 3 3 2 2 5 3 5 0 1 2 2 3 2 4 1 1 1 0 1 1 0 0 0 1 0 0 0 0 1 0 0 0 0 0 0 0 0 0 0 
0 0 0 18 72 103 83 72 165 255 373 385 431 469 712 970 1223 1334 1455 1694 2003 2522 2762 3029 3377 3573 3883 4244 4540 4744 4874 5071 5079 5110 5094 5191 5046 4856 4718 4488 4376 4103 3805 3635 3395 3139 2920 2638 2478 2212 1956 1884 1698 1452 1384 1208 1084 1013 887 793 715 612 529 519 416 394 364 304 268 237 230 219 170 169 135 112 110 113 82 83 71 59 49 46 61 44 32 33 22 23 26 26 16 16 16 13 6 6 6 6 6 10 3 5 4 5 4 4 1 0 3 2 3 0 2 0 3 2 1 0 1 0 0 0 0 1 0 0 0 0 0 0 0 0 0 0 0 0 
0 0 0 21 72 89 95 64 102 227 411 539 584 575 660 867 1177 1458 1696 1916 2120 2429 2824 3187 3521 3849 4135 4537 4668 4949 5053 5158 5459 5316 5350 5327 5015 5072 4631 4498 4220 4159 3818 3620 3237 3002 2771 2438 2300 2048 1903 1689 1579 1389 1254 1093 989 930 847 709 639 567 504 471 423 377 303 295 277 223 218 176 171 162 118 90 89 85 87 70 71 77 45 48 38 39 36 28 30 30 17 21 18 16 13 8 10 11 7 8 2 5 6 6 2 2 2 0 1 5 2 2 0 0 1 1 2 2 0 0 0 0 0 0 1 0 0 0 0 0 0 0 0 0 0 0 0 
0 0 0 16 58 80 69 49 37 123 226 345 269 305 327 504 671 798 969 1078 1271 1595 1841 2134 2248 2610 2970 3281 3636 3815 4128 4301 4612 4849 5063 5105 5113 5047 5165 5068 5026 4730 4542 4336 4011 3900 3551 3312 3037 2825 2550 2381 2181 1998 1774 1694 1445 1332 1218 1076 978 856 759 714 583 592 502 480 410 383 335 286 265 216 207 170 174 142 123 111 105 92 90 64 71 51 50 46 46 37 24 23 22 22 27 13 15 13 17 10 9 9 9 4 4 7 6 8 4 8 3 5 1 2 2 2 1 1 2 2 0 0 0 0 1 0 0 0 0 0 0 0 0 0 0 0 0 
0 0 0 27 61 79 95 73 87 187 372 487 505 498 680 1015 1309 1636 1824 1821 2086 2451 2919 3458 3545 3864 4050 4261 4568 4823 4994 5331 5197 5142 5328 4997 5035 4898 4753 4530 4351 4084 3695 3556 3339 3019 2721 2478 2255 2146 1868 1737 1535 1432 1273 1161 1003 876 793 741 605 626 504 449 376 341 331 283 281 233 205 181 149 119 104 117 93 93 74 61 67 68 57 45 35 23 31 27 37 21 22 17 14 17 6 15 15 6 11 13 4 8 4 4 5 12 3 5 4 0 1 0 1 2 1 1 1 1 0 1 0 0 0 0 0 0 0 0 0 0 0 0 
0 0 0 34 85 103 97 58 61 136 275 468 543 523 640 715 1002 1377 1569 1848 2000 2126 2552 2967 3416 3801 3976 4193 4457 4879 5017 5235 5180 5485 5268 5398 5006 5101 4914 4724 4665 4186 3986 3663 3378 3247 2919 2579 2419 2240 2022 1825 1638 1481 1316 1156 1066 956 918 781 685 610 523 512 458 407 340 291 269 236 216 208 192 140 133 109 103 106 78 79 66 50 51 45 39 35 27 21 24 16 13 16 20 4 7 7 4 7 9 7 5 1 4 3 1 5 4 5 2 4 3 1 0 1 0 1 1 4 0 0 2 0 0 2 1 1 0 1 1 1 0 0 0 1 0 0 0 0 1 0 0 0 
0 0 0 18 60 93 86 74 92 137 238 236 409 514 688 840 927 1052 1360 1618 1944 2271 2410 2868 3100 3436 3601 3980 4316 4594 4843 4838 5078 5155 5321 5309 5386 5121 4817 4684 4699 4398 4052 3869 3701 3394 3135 2728 2654 2399 2167 2050 1830 1618 1436 1240 1144 986 958 818 733 643 578 539 491 457 378 328 277 241 227 213 177 165 137 138 129 97 95 71 72 47 53 61 50 44 31 21 16 25 17 16 12 11 10 13 4 8 6 10 2 5 4 5 3 1 1 1 1 1 2 2 0 0 0 0 1 0 0 0 1 0 0 0 0 1 0 0 1 0 0 0 0 0 0 0 0 0 0 0 0 
0 0 0 18 79 98 79 77 124 220 351 434 407 529 665 909 1191 1455 1641 1834 2157 2442 2911 3285 3582 3778 3948 4181 4593 4853 5032 5169 5273 5195 5192 5118 5053 4825 4643 4585 4419 4092 3788 3491 3215 2980 2785 2527 2303 2137 1869 1725 1604 1442 1242 1160 1046 961 845 742 639 577 532 513 398 369 329 291 226 229 208 155 144 131 112 113 102 73 79 77 56 59 52 44 39 34 31 12 24 32 22 13 12 9 16 12 16 6 6 7 3 3 5 9 2 1 1 3 1 1 2 0 1 2 0 1 0 0 0 0 0 1 0 1 0 0 0 0 0 0 0 0 0 0 0 0 
0 0 0 25 87 89 72 72 159 350 498 548 608 708 929 1173 1437 1610 1767 2078 2416 2936 3062 3338 3594 3927 4258 4673 4922 5005 5121 5255 5239 5060 5249 5036 4869 4850 4567 4379 4093 3773 3520 3302 3198 2780 2592 2320 2227 1947 1765 1531 1432 1293 1149 1060 928 809 805 670 594 581 474 446 386 348 256 253 241 210 208 198 136 122 113 111 106 82 78 66 70 67 41 41 42 33 33 22 22 23 18 13 13 15 20 12 20 5 11 10 9 8 3 5 3 3 6 5 3 3 2 1 3 2 3 0 0 0 2 1 1 0 0 0 2 0 1 0 0 1 0 0 1 0 0 0 0 0 0 0 0 0 
0 0 0 26 74 99 97 57 59 106 203 288 317 348 380 533 653 918 1197 1362 1508 1720 2110 2402 2589 3023 3351 3720 4149 4215 4325 4597 5040 5116 5145 5281 5095 5182 5029 5049 4775 4562 4229 4035 3762 3698 3332 3099 2906 2633 2386 2216 1936 1759 1603 1451 1267 1169 1075 975 895 793 709 602 579 467 448 393 322 323 258 272 225 189 176 160 129 94 133 95 56 80 54 39 37 46 47 38 33 22 25 18 18 17 20 19 11 9 9 10 16 11 6 6 9 4 4 3 6 1 1 3 2 1 1 0 0 0 0 1 1 0 0 0 0 0 0 0 0 0 0 0 0 
0 0 0 28 75 89 91 71 112 165 248 380 504 609 702 863 996 1221 1512 1788 2168 2344 2626 3098 3378 3856 3993 4390 4402 4804 4972 5088 5423 5227 5360 5253 5123 4948 4841 4556 4331 4186 3738 3596 3367 3055 2670 2656 2405 2167 1978 1790 1668 1481 1313 1196 1115 929 863 767 661 604 568 501 429 353 324 315 274 227 233 177 155 158 120 132 98 93 92 80 68 42 49 37 46 41 28 27 36 14 12 16 18 22 17 14 9 4 7 5 11 5 4 3 4 4 2 1 1 1 2 2 0 0 1 0 2 0 1 0 0 0 1 0 0 1 0 0 0 0 0 0 0 0 0 
0 0 0 31 84 112 108 79 89 164 363 572 634 486 467 675 1135 1562 1693 1722 1824 2095 2635 3199 3417 3497 3581 3936 4168 4738 4901 5050 5088 5130 5037 5142 5002 4888 4788 4604 4408 4181 3915 3626 3378 3275 2977 2719 2412 2244 2073 1811 1654 1545 1373 1227 1088 918 866 797 765 610 546 496 423 436 323 325 279 255 190 214 180 149 146 122 99 97 86 73 75 62 69 44 42 36 45 38 27 28 28 30 14 9 8 16 11 8 7 11 9 5 2 4 3 3 1 2 1 0 3 2 1 2 2 0 1 1 0 1 0 0 2 0 0 0 0 0 0 0 0 0 0 0 0 
0 0 0 27 53 77 77 71 101 194 393 514 617 648 708 898 1223 1524 1872 2027 2307 2651 2865 3316 3648 3964 4142 4495 4797 4882 5240 5329 5215 5075 5235 5088 5067 4900 4677 4339 4203 3914 3739 3475 3082 2930 2711 2432 2260 2001 1875 1630 1522 1321 1251 1088 966 895 758 737 599 565 484 447 363 348 316 268 252 227 202 173 172 118 137 112 117 85 81 60 60 53 43 47 31 30 33 29 19 20 22 22 23 9 7 10 12 5 9 5 5 3 9 1 3 2 1 4 2 2 2 3 0 0 1 0 0 1 0 0 1 0 0 0 0 0 0 0 0 0 0 0 0 
0 0 0 30 107 127 126 84 73 138 285 480 507 570 606 840 1056 1502 1765 1893 2062 2265 2637 3053 3458 3771 3918 4238 4351 4660 4797 5099 5206 5277 5256 5087 5156 4968 4774 4547 4371 4093 3896 3555 3462 3032 2869 2734 2380 2252 2025 1849 1597 1489 1355 1162 1097 1003 949 781 653 580 576 492 429 404 378 276 287 244 219 180 173 173 150 122 101 94 82 77 67 59 66 42 24 32 32 32 33 18 21 10 13 13 11 11 13 4 7 4 2 2 2 3 2 3 1 0 0 1 2 2 1 0 1 2 0 0 0 1 0 1 0 0 0 0 0 0 0 0 0 0 0 0 
0 0 0 24 65 85 90 101 149 244 386 568 676 702 798 902 1307 1614 1878 2144 2231 2517 2873 3374 3787 4064 4256 4421 4761 4976 5161 5294 5341 5391 5431 5325 5029 4956 4769 4485 4235 3964 3690 3429 3147 2836 2673 2502 2237 1929 1726 1684 1455 1309 1254 1005 925 782 759 632 614 521 456 409 370 325 291 261 236 208 172 164 147 122 109 96 77 96 51 64 51 59 40 40 21 28 21 21 26 16 16 12 14 10 5 9 7 5 5 6 4 7 6 3 3 1 2 2 2 0 0 2 3 1 0 0 0 1 0 0 0 0 0 0 0 1 0 0 0 0 0 0 0 0 0 0 0 0 
0 0 0 23 73 75 94 67 68 142 245 350 532 561 676 863 1187 1508 1576 1652 1887 2196 2710 3152 3414 3518 3728 3927 4286 4715 4702 4867 5018 5236 5147 5130 4939 4818 4872 4653 4461 4238 4086 3701 3483 3118 2891 2760 2465 2262 2090 1927 1725 1545 1312 1269 1133 1009 903 812 718 596 567 552 427 373 372 298 288 265 220 197 174 145 141 136 105 116 83 75 67 65 41 40 50 42 41 39 33 22 21 27 15 17 22 13 9 7 9 8 7 5 5 3 3 5 1 3 2 2 5 3 1 1 2 1 0 1 1 1 0 2 0 1 0 0 1 0 4 0 0 0 0 0 1 0 1 0 0 0 0 0 
0 0 0 19 81 98 89 56 80 192 331 422 489 550 605 821 1039 1301 1560 1775 1898 2155 2375 2738 3127 3445 3611 3852 4176 4364 4712 4830 4980 5191 5253 5086 4972 4904 4718 4829 4447 4217 4060 3780 3647 3319 3058 2877 2632 2383 2087 1939 1720 1619 1483 1252 1154 1052 914 835 724 691 571 537 482 432 360 304 285 274 249 206 178 159 138 106 109 102 86 86 61 58 47 46 40 39 37 24 26 16 16 15 11 18 24 12 8 7 4 7 9 4 3 6 3 3 3 5 3 4 1 0 0 1 1 1 0 0 0 0 1 0 0 0 0 0 0 0 0 0 0 0 0 
0 0 0 18 71 99 69 72 134 247 394 507 485 652 704 1009 1185 1365 1465 1706 1923 2302 2649 2772 3191 3515 3726 4108 4303 4598 4753 4969 5165 5149 5158 4993 5036 4940 4684 4530 4379 4095 3934 3727 3441 3253 2884 2684 2483 2320 1946 1824 1738 1510 1394 1198 1088 1037 910 807 692 608 587 517 462 431 369 345 301 275 226 202 229 172 161 143 120 119 89 79 84 69 62 37 38 45 31 36 27 21 15 19 19 11 20 18 7 9 2 15 7 7 8 4 5 5 2 4 4 6 1 2 5 2 2 1 1 0 0 2 2 1 1 0 1 2 0 3 0 0 1 0 0 0 1 0 1 0 0 0 0 0 
0 0 0 31 76 120 103 91 167 294 429 533 623 669 890 1150 1373 1510 1753 1926 2226 2736 3026 3246 3589 3793 4143 4620 4745 4973 5114 4953 5213 5055 5186 5109 4953 4728 4400 4355 4081 3965 3745 3361 3081 2866 2703 2549 2169 2114 1845 1622 1582 1403 1239 1099 1009 888 822 761 622 623 494 424 388 343 331 252 251 203 208 192 142 138 120 98 97 74 76 68 55 35 49 41 41 27 22 35 23 17 25 15 7 10 10 10 2 8 6 4 8 6 3 3 4 2 6 1 3 0 0 1 0 3 0 0 0 0 0 0 0 0 0 0 0 0 
