0 0 27 56 93 102 115 173 332 512 646 745 1030 1333 1724 2076 2344 2755 3254 3724 4255 4474 5233 5779 6144 6324 6494 6628 6696 6571 6566 6460 6167 5851 5435 5109 4667 4306 3896 3453 3125 2870 2485 2213 1983 1718 1535 1347 1187 1017 874 742 678 569 499 456 388 351 248 223 208 160 168 133 115 110 81 84 57 48 43 37 28 29 28 29 12 25 12 10 7 10 10 4 4 9 6 5 1 3 2 4 1 3 1 0 0 0 1 0 0 0 0 0 0 1 0 0 0 0 0 0 1 0 0 0 0 0 0 0 0 0 0 0 0 0 0 0 0 0 0 0 0 0 0 0 0 0 0 0 0 0 
0 0 36 114 191 182 182 291 520 879 1033 1170 1396 1701 2123 2551 3001 3459 3955 4408 4956 5565 6013 6185 6550 6722 6836 6708 6739 6577 6182 6079 5673 5243 4858 4465 4106 3689 3197 3005 2660 2300 1984 1781 1566 1410 1271 1052 933 752 676 595 512 438 377 371 289 274 192 182 185 150 145 112 85 86 75 58 50 54 34 38 32 30 29 26 20 19 12 16 9 9 13 9 2 4 6 3 1 3 0 6 4 3 0 1 0 0 0 0 0 0 1 0 0 0 0 0 0 0 0 0 0 0 0 0 0 0 0 0 0 0 0 0 0 0 0 0 0 0 0 0 0 0 0 0 0 0 0 0 0 0 
0 0 33 83 116 96 134 179 337 396 531 630 901 1113 1445 1789 2257 2703 3093 3579 4040 4618 5188 5530 5840 6236 6562 6646 6720 6781 6583 6527 6237 5877 5490 5215 4631 4351 3983 3603 3239 2919 2550 2251 1999 1768 1624 1367 1213 1096 939 761 677 580 544 441 350 289 298 268 218 190 185 121 129 112 85 84 57 64 54 50 40 26 22 30 30 20 10 24 12 15 9 8 11 7 3 3 5 1 1 3 5 1 3 3 1 1 2 2 3 1 1 0 2 0 2 2 0 1 1 0 0 0 1 0 1 1 0 0 0 0 0 0 0 0 0 0 0 0 0 0 0 0 0 0 0 0 0 0 0 0 
0 0 19 88 112 140 130 281 450 600 733 865 1099 1357 1643 2089 2483 2977 3489 3869 4428 5017 5412 5797 6168 6415 6707 6832 6854 6752 6551 6319 5989 5644 5438 4949 4504 4220 3707 3445 2969 2705 2352 2039 1777 1610 1427 1215 1042 941 798 698 568 525 453 396 342 285 237 225 156 153 133 121 102 87 65 63 58 42 52 43 32 26 18 20 12 22 11 6 11 10 5 7 4 5 5 4 2 4 2 3 4 1 1 1 0 0 0 0 1 0 0 0 0 0 0 0 0 0 0 0 0 0 0 0 0 0 0 0 0 0 0 0 0 0 0 0 0 0 0 0 0 0 0 0 0 0 0 0 0 0 
0 0 18 88 112 114 218 245 467 667 729 879 1169 1577 1744 2056 2506 2905 3203 4038 4467 5005 5449 5635 6063 6357 6528 6721 6649 6577 6441 6309 6006 5540 5140 4837 4512 4092 3737 3290 3059 2593 2338 2044 1864 1613 1421 1214 1115 933 774 698 612 547 464 388 333 272 302 230 191 159 143 123 102 102 86 63 52 54 44 36 28 31 30 21 18 13 16 18 17 4 6 6 6 2 2 2 3 2 1 1 3 0 0 1 0 1 0 1 0 1 0 0 0 1 0 0 0 0 0 0 1 0 0 0 0 0 0 0 0 0 0 0 0 0 0 0 0 0 0 0 0 0 0 0 0 0 0 0 0 0 
0 0 25 75 82 73 75 118 194 325 432 542 747 969 1199 1537 1864 2170 2641 3009 3432 4065 4669 5031 5576 5789 6179 6432 6696 6860 6700 6705 6551 6177 5776 5630 5104 4668 4335 3904 3613 3157 2847 2489 2262 2018 1683 1538 1289 1241 1090 922 794 708 611 523 461 398 320 303 288 238 206 178 153 112 111 95 77 56 57 42 43 31 35 22 28 17 21 14 15 5 15 7 5 8 4 4 12 3 4 3 2 6 2 3 3 1 1 0 5 1 0 2 0 0 0 0 4 1 0 0 0 0 1 2 0 0 0 0 0 0 0 0 0 0 0 0 0 0 0 0 0 0 0 0 0 0 0 0 0 0 
0 0 18 73 86 90 84 199 358 428 438 572 833 1151 1480 1660 1936 2348 2862 3271 3797 4395 4818 5275 5580 6114 6287 6498 6636 6785 6592 6528 6343 6046 5680 5275 5107 4657 4197 3796 3370 3142 2725 2385 2180 1937 1698 1433 1298 1129 1007 855 770 674 608 524 456 420 355 271 254 195 174 168 130 135 94 90 75 77 64 47 42 38 36 23 26 26 21 16 21 10 11 9 5 8 9 2 5 1 5 4 2 0 1 0 2 0 1 0 0 0 0 0 0 0 1 0 0 0 0 1 1 0 0 1 0 0 0 0 0 0 0 0 0 0 0 0 0 0 0 0 0 0 0 0 0 0 0 0 0 0 
0 0 26 74 92 141 174 301 395 519 602 816 1057 1363 1657 2042 2488 2827 3449 3879 4364 4998 5242 5708 6024 6323 6710 6863 6751 6652 6599 6405 6024 5648 5306 4973 4542 4081 3749 3436 3016 2705 2356 2123 1851 1614 1419 1216 1139 930 848 706 640 536 480 406 374 323 270 210 215 194 174 142 114 117 109 68 76 48 62 47 40 30 27 34 15 15 13 10 12 9 4 1 11 4 4 5 1 4 2 6 0 1 1 0 3 0 0 0 1 0 2 0 2 0 0 0 0 3 0 0 1 0 0 1 0 1 0 0 0 0 0 1 0 0 2 0 0 0 0 0 0 1 0 0 0 0 0 0 0 0 
0 0 18 72 81 93 108 159 224 324 358 475 636 865 1120 1297 1612 1959 2262 2766 3152 3741 4232 4555 5073 5484 6038 6169 6305 6691 6779 6556 6582 6214 6026 5716 5338 4866 4628 4244 3866 3422 3092 2746 2568 2180 1950 1718 1550 1363 1129 1061 911 796 636 630 503 434 387 332 303 267 214 176 163 166 129 116 88 98 70 76 51 35 41 40 34 27 29 16 12 13 11 16 10 7 9 5 9 5 3 5 2 5 3 1 1 2 1 1 1 1 1 0 0 0 1 2 0 0 1 0 0 0 0 2 0 0 0 0 0 0 0 0 0 0 0 0 0 0 0 0 0 0 0 0 0 0 0 0 0 0 
0 0 27 95 117 126 133 250 431 520 610 774 1172 1399 1916 2092 2379 2752 3285 4010 4552 4870 5389 5702 6124 6495 6573 6583 6870 6728 6530 6292 6066 5615 5295 4879 4467 4303 3832 3386 3035 2723 2392 2063 1872 1627 1455 1334 1036 942 787 738 665 553 455 416 363 310 263 230 186 175 157 117 108 99 69 71 62 56 42 40 28 26 26 32 14 24 15 7 19 2 8 10 6 5 3 5 8 0 4 0 2 3 2 0 0 0 1 1 0 0 1 0 0 0 1 0 0 0 0 1 0 1 0 0 0 0 0 0 0 1 0 0 0 0 0 0 0 0 0 0 0 0 0 0 0 0 0 0 0 0 
0 0 23 80 101 84 118 183 248 395 357 500 716 988 1187 1404 1654 2145 2532 2960 3339 3842 4579 4904 5360 5821 6178 6336 6681 6678 6728 6687 6707 6258 5937 5637 5287 4891 4370 4135 3641 3260 2999 2761 2383 2072 1887 1603 1494 1192 1051 863 850 687 605 543 473 412 347 284 247 210 218 172 140 122 96 91 89 66 58 52 38 45 36 26 21 25 22 17 13 9 7 12 7 4 1 6 4 4 2 2 1 5 3 1 1 0 3 0 2 0 0 0 1 0 0 0 0 0 0 0 0 0 0 0 0 0 0 0 0 0 0 0 0 0 0 0 0 0 0 0 0 0 0 0 0 0 0 0 0 0 
0 0 25 58 95 101 100 170 291 430 557 663 816 1061 1410 1765 2217 2470 2965 3325 3858 4440 4902 5320 5899 5981 6480 6536 6503 6767 6690 6493 6372 6057 5554 5270 4917 4536 4065 3830 3335 2960 2669 2346 2010 1834 1655 1445 1201 1023 916 819 774 624 512 411 390 381 335 234 204 162 152 153 139 112 92 69 56 72 62 46 31 33 27 19 15 13 11 10 10 12 10 7 4 4 5 1 7 2 4 4 2 4 2 1 1 2 1 1 1 1 1 0 0 0 0 0 0 0 0 0 0 0 0 0 0 0 0 0 0 0 0 0 0 0 0 0 0 0 0 0 0 0 0 0 0 0 0 0 0 0 
0 0 25 77 125 114 154 232 403 587 715 890 1225 1472 1852 2232 2617 2999 3530 4067 4505 4955 5337 5687 6065 6406 6552 6688 6774 6561 6469 6191 5844 5644 5277 4946 4336 3991 3576 3333 3073 2653 2337 1972 1782 1617 1429 1260 1062 942 825 735 606 557 469 401 367 324 275 238 203 177 152 133 114 117 68 71 67 73 44 42 47 33 34 25 17 18 25 14 12 10 4 4 6 1 3 4 1 3 1 0 2 3 4 0 0 1 2 2 0 0 1 0 0 0 0 0 0 0 0 0 0 0 0 0 0 0 0 0 0 0 0 0 0 0 0 0 0 0 0 0 0 0 0 0 0 0 0 0 0 0 
0 0 26 77 93 85 100 160 263 380 482 543 745 907 1297 1608 1826 2118 2545 2943 3549 3941 4456 4730 5346 5741 5992 6286 6536 6566 6679 6544 6431 6167 5764 5439 5186 4950 4470 4078 3589 3335 2964 2656 2373 2079 1804 1611 1408 1314 1087 988 845 710 648 587 457 438 325 296 280 213 175 166 151 125 112 106 86 64 63 54 44 35 29 35 21 27 15 15 12 13 11 8 3 9 1 2 3 7 1 4 2 1 2 1 4 2 3 0 0 3 3 0 1 0 0 1 2 1 1 0 1 0 0 0 0 0 0 0 0 0 0 0 0 0 0 0 0 0 0 0 0 0 0 0 0 0 0 0 0 0 
0 0 19 77 112 100 105 229 411 538 540 555 882 1338 1666 1926 2256 2594 3066 3463 4109 4506 5065 5422 5820 6410 6621 6711 6635 6623 6675 6495 6216 5963 5551 5025 4709 4296 3912 3627 3213 2835 2652 2288 1970 1803 1545 1382 1206 1068 933 835 683 603 535 467 396 327 312 285 231 180 149 115 143 113 103 90 72 37 33 39 40 26 31 18 14 21 15 13 18 16 9 7 13 5 2 3 4 4 3 2 4 1 2 4 1 1 2 1 2 3 2 1 0 3 0 0 1 0 0 1 0 0 0 0 0 0 0 0 0 0 0 0 0 0 0 0 0 0 0 0 0 0 0 0 0 0 0 0 0 0 
0 0 18 74 110 110 109 211 483 691 792 944 1209 1516 1990 2285 2669 3214 3707 4288 4605 5084 5613 6039 6433 6555 6589 6810 6895 6666 6480 6215 5793 5565 5235 4780 4269 3969 3536 3118 2896 2554 2243 1993 1710 1495 1373 1186 1038 844 753 706 596 500 442 379 333 275 251 193 171 135 141 105 92 93 78 72 41 36 43 30 32 22 24 15 20 21 13 14 19 9 10 11 8 4 11 4 2 2 3 3 4 2 0 2 0 2 1 4 2 0 1 1 1 1 0 0 0 1 0 0 0 0 0 0 0 0 0 0 0 0 0 0 0 0 0 0 0 0 0 0 0 0 0 0 0 0 0 0 0 0 
0 0 30 89 95 113 110 159 289 417 476 548 722 1006 1291 1616 1953 2386 2927 3205 3755 4178 4664 5104 5589 6107 6323 6539 6612 6769 6918 6673 6345 6259 5733 5339 4956 4663 4213 3897 3391 3218 2689 2418 2215 1849 1718 1564 1360 1084 995 858 779 646 576 490 445 412 336 266 264 218 181 187 130 122 108 104 71 62 77 49 44 39 34 30 26 19 14 22 12 8 11 7 14 5 8 6 7 2 3 4 3 0 1 1 0 2 0 1 0 0 0 0 0 0 0 0 0 0 0 0 0 0 0 0 0 0 0 0 0 0 0 0 0 0 0 0 0 0 0 0 0 0 0 0 0 0 0 0 0 0 
0 0 17 78 104 80 85 179 275 290 367 517 690 945 1114 1469 1837 2191 2717 3170 3555 3868 4445 4965 5461 5950 6197 6526 6702 6636 6772 6774 6326 6165 5911 5597 5224 4844 4380 4035 3745 3261 2957 2678 2332 2099 1824 1586 1375 1288 1086 963 851 653 574 530 507 398 327 301 294 233 208 152 152 123 117 110 80 67 62 62 43 44 33 32 31 22 22 15 20 13 12 7 6 4 7 8 3 4 2 2 2 4 0 2 1 1 1 0 1 0 0 0 1 0 0 0 0 0 0 0 0 0 0 0 0 0 0 0 0 0 0 0 0 0 0 0 0 0 0 0 0 0 0 0 0 0 0 0 0 0 
0 0 25 84 119 111 124 216 349 429 578 700 944 1234 1400 1765 2190 2688 3002 3473 3917 4412 5022 5658 5776 6108 6226 6531 6940 6600 6543 6383 6185 5912 5552 5232 4808 4429 4095 3557 3383 2831 2542 2304 2115 1781 1580 1363 1195 1072 889 822 667 633 528 477 393 352 286 240 246 164 170 135 108 104 105 71 76 59 52 60 42 29 34 22 27 19 21 20 12 18 12 16 8 8 10 6 7 6 3 3 4 6 2 6 4 3 3 2 2 0 0 2 2 0 1 0 0 0 0 0 0 0 0 0 0 0 0 0 0 0 0 0 0 0 0 0 0 0 0 0 0 0 0 0 0 0 0 0 0 0 
0 0 22 66 81 81 82 187 325 429 510 621 794 1069 1385 1662 1990 2478 3128 3584 4051 4429 4855 5321 5774 6150 6403 6484 6692 6686 6503 6443 6124 6024 5594 5207 4918 4424 4011 3724 3382 2954 2734 2389 2140 1888 1624 1420 1280 1190 946 882 729 650 571 474 420 340 314 267 213 203 177 137 114 119 73 74 75 50 57 61 37 30 29 22 22 16 17 12 7 8 11 9 5 8 5 3 6 4 2 5 0 2 3 4 2 1 2 1 1 2 1 0 1 2 1 0 0 0 1 0 0 0 0 0 0 0 0 0 0 0 0 0 0 0 0 0 0 0 0 0 0 0 0 0 0 0 0 0 0 0 
0 0 26 76 89 120 112 180 308 491 633 706 977 1371 1720 1983 2284 2619 3209 3858 4326 4617 5151 5596 6029 6283 6458 6681 6724 6680 6659 6513 6163 5883 5441 4998 4705 4306 3876 3441 3106 2809 2458 2229 1995 1743 1492 1292 1162 962 837 689 710 565 503 443 358 351 280 224 227 187 168 139 113 110 95 70 72 60 47 34 36 27 26 21 24 17 11 14 12 11 6 6 7 11 5 5 2 4 4 4 2 2 3 3 0 1 1 2 1 1 0 0 1 1 0 0 0 0 0 0 0 0 0 0 0 0 0 0 0 0 0 0 0 0 0 0 0 0 0 0 0 0 0 0 0 0 0 0 0 0 
0 0 22 77 90 110 165 250 337 426 586 754 937 1155 1421 1859 2124 2598 3003 3369 3924 4386 4793 5431 5629 5813 6407 6657 6568 6635 6571 6445 6123 5992 5698 5227 4934 4377 4097 3679 3358 2957 2625 2300 2098 1816 1645 1449 1192 1069 956 824 708 675 537 447 401 363 342 253 240 184 172 151 136 106 118 80 76 60 53 47 43 37 36 30 24 13 14 15 11 7 12 6 9 3 6 1 4 2 0 2 3 1 1 0 1 0 0 1 2 0 0 0 0 0 1 0 1 1 0 0 0 0 0 0 0 0 0 0 0 0 0 0 0 0 0 0 0 0 0 0 0 0 0 0 0 0 0 0 0 0 
0 0 27 89 105 105 116 247 353 528 609 775 899 1263 1644 2046 2285 2675 3111 3646 4288 4761 5149 5622 5879 6450 6481 6625 6674 6688 6659 6441 6021 5837 5390 5143 4623 4294 3921 3473 3256 2846 2516 2122 1893 1703 1471 1317 1102 979 853 754 616 509 522 444 364 328 243 209 212 177 130 137 97 86 83 76 58 45 33 40 23 26 22 21 19 16 12 9 10 4 9 3 4 4 8 1 2 4 1 0 1 2 1 1 0 2 1 0 0 0 1 1 0 0 0 0 1 0 0 0 0 0 0 0 0 0 0 0 0 0 0 0 0 0 0 0 0 0 0 0 0 0 0 0 0 0 0 0 0 0 
0 0 29 65 102 92 111 171 328 425 466 615 969 1268 1567 1846 2163 2622 3066 3593 4065 4348 4949 5301 6007 6195 6396 6675 6784 6768 6684 6417 6206 5878 5552 5235 4762 4434 3971 3558 3254 2936 2556 2365 2011 1790 1568 1410 1260 1078 919 812 741 629 531 428 396 380 291 244 227 203 178 170 138 105 96 86 71 62 58 54 54 32 31 24 20 23 13 13 14 15 11 6 7 8 4 7 9 7 5 2 6 2 4 3 1 1 0 1 1 0 2 0 1 1 0 1 1 0 1 1 1 0 1 2 1 1 0 1 0 0 0 0 0 0 0 0 0 0 0 0 0 0 0 0 0 0 0 0 0 0 
0 0 21 62 100 68 77 138 297 369 403 472 672 954 1253 1493 1741 2023 2577 3067 3590 4050 4534 4880 5416 5821 6189 6372 6447 6662 6716 6582 6376 6076 5992 5594 5099 4778 4278 4110 3640 3220 2953 2720 2368 2094 1896 1584 1471 1246 1100 961 875 746 596 557 473 397 356 328 267 200 222 182 149 145 103 99 89 81 72 61 63 40 37 34 30 24 12 29 14 14 10 12 12 7 5 7 8 6 4 2 7 4 5 4 2 3 1 3 0 3 0 1 0 2 0 0 0 0 0 0 0 0 0 0 0 0 0 0 0 0 0 0 0 0 0 0 0 0 0 0 0 0 0 0 0 0 0 0 0 0 
0 0 24 54 109 99 94 144 209 336 518 650 851 1032 1399 1795 2073 2399 2886 3362 3841 4296 4934 5329 5808 6124 6281 6528 6752 6782 6737 6538 6366 5953 5745 5401 4877 4472 4184 3653 3314 3012 2664 2439 2100 1900 1653 1457 1260 1128 1011 892 720 599 569 473 405 347 307 275 231 209 166 152 124 113 103 72 69 53 61 60 54 29 22 21 26 24 19 14 9 11 9 7 5 3 5 5 3 2 2 3 1 3 1 1 2 1 2 3 0 2 1 1 2 0 1 0 1 2 0 0 0 0 2 0 0 0 1 2 0 0 0 1 0 0 0 0 0 0 0 0 0 0 0 0 0 0 0 0 0 0 
0 0 26 66 101 100 103 209 381 516 578 718 1078 1498 1704 1851 2300 2677 3200 3603 4162 4673 5036 5469 5765 6389 6512 6657 6621 6832 6633 6500 6190 5901 5502 5106 4536 4259 3971 3606 3113 2847 2563 2201 1942 1703 1546 1297 1164 1063 873 788 665 606 491 422 405 334 253 283 204 173 183 118 103 104 81 73 53 58 37 44 48 37 28 27 10 20 13 17 13 8 5 7 3 6 4 3 2 0 1 2 2 3 0 1 2 3 1 1 1 2 2 1 1 0 1 1 0 1 1 1 0 1 0 0 2 0 1 0 0 1 0 0 0 1 0 0 0 0 0 0 0 0 0 0 0 0 0 0 0 0 
0 0 25 52 88 70 107 159 229 364 511 697 940 1111 1324 1613 2142 2576 2907 3380 3827 4390 5101 5409 5750 6390 6690 6702 6763 6857 6677 6735 6430 6033 5696 5227 4896 4461 4158 3677 3394 2945 2661 2349 2067 1784 1491 1419 1270 1040 900 792 705 595 512 484 410 361 281 290 220 198 163 135 129 139 87 69 62 57 56 49 37 27 24 19 16 13 13 15 8 11 4 5 7 5 2 2 7 6 2 4 2 2 3 2 0 1 1 1 2 0 1 1 0 0 2 0 0 0 0 0 0 1 0 0 0 0 0 0 0 0 0 0 0 0 0 0 0 0 0 0 0 0 0 0 0 0 0 0 0 0 
0 0 29 61 83 103 122 181 246 364 448 651 862 1155 1451 1665 2179 2513 3018 3665 4066 4567 5012 5332 5880 6347 6689 6562 6674 6790 6734 6489 6222 5926 5647 5237 4891 4528 4054 3581 3421 3018 2707 2287 2116 1827 1580 1319 1215 1009 886 795 690 625 518 446 402 343 283 236 238 219 184 146 128 112 98 76 78 69 59 46 41 25 42 32 39 23 16 15 9 9 11 8 12 5 1 7 11 8 2 4 4 2 2 2 2 2 0 1 1 0 2 1 0 1 1 0 0 0 0 2 0 0 0 0 0 0 0 0 0 0 0 0 0 0 0 0 0 0 0 0 0 0 0 0 0 0 0 0 0 0 
0 0 30 79 117 98 132 175 314 374 548 719 961 1128 1440 1643 2177 2666 3061 3718 3889 4488 5158 5592 6148 6367 6560 6773 6818 6802 6748 6559 6308 5963 5671 5205 4857 4367 3907 3587 3210 2859 2609 2271 2009 1786 1560 1343 1172 1030 931 780 700 575 492 439 369 353 276 255 226 173 166 143 117 104 91 72 80 51 51 37 28 29 33 22 18 13 8 11 11 8 7 4 2 4 4 1 5 2 4 0 1 0 0 0 3 0 0 0 0 0 0 0 0 0 0 0 0 0 0 0 0 0 0 0 0 0 0 0 0 0 0 0 0 0 0 0 0 0 0 0 0 0 0 0 0 0 0 0 0 0 
0 0 20 59 122 112 78 114 274 513 633 707 837 1110 1571 1889 2280 2624 2976 3545 4023 4564 4985 5636 5835 6178 6442 6635 6753 6789 6547 6459 6236 5947 5524 5194 4820 4452 4116 3664 3203 2947 2682 2281 2020 1810 1635 1364 1256 1103 926 827 673 629 517 469 410 360 280 268 214 188 172 148 126 109 91 80 79 61 62 37 38 35 32 18 21 13 10 12 7 9 8 6 7 6 4 2 3 4 2 0 2 1 1 0 0 0 1 2 0 0 0 0 0 0 1 1 0 0 0 0 0 0 0 0 0 0 0 0 0 0 0 0 0 0 0 0 0 0 0 0 0 0 0 0 0 0 0 0 0 0 
0 0 24 76 91 81 94 129 164 230 351 474 608 818 1073 1429 1821 2039 2357 2855 3506 3999 4274 4844 5258 5736 6136 6303 6577 6728 6636 6758 6502 6269 5997 5655 5325 4914 4651 4092 3740 3411 3071 2783 2449 2210 1832 1699 1438 1308 1171 1014 866 784 642 557 475 425 349 344 268 231 231 172 158 136 106 77 76 89 59 57 39 34 30 25 19 18 17 20 9 7 8 4 9 6 4 6 4 2 1 1 3 1 1 1 0 1 1 1 1 0 0 0 0 0 0 0 0 0 0 0 0 0 0 0 0 0 0 0 0 0 0 0 0 0 0 0 0 0 0 0 0 0 0 0 0 0 0 0 0 0 
0 0 26 71 95 106 135 226 355 482 602 729 916 1212 1626 1956 2369 2748 3092 3675 4226 4743 5117 5747 5997 6345 6646 6781 6763 6874 6741 6442 6099 5727 5507 5016 4592 4257 3850 3568 2994 2853 2441 2183 1902 1722 1542 1308 1164 1019 919 796 701 602 465 472 393 320 260 238 197 165 151 126 112 100 83 67 58 48 45 43 26 20 28 15 10 14 9 19 11 3 8 5 7 3 7 3 4 1 0 2 4 1 0 0 1 2 1 0 1 0 0 0 0 0 1 0 0 0 0 0 0 0 0 0 0 0 0 0 0 0 0 0 0 0 0 0 0 0 0 0 0 0 0 0 0 0 0 0 0 0 
0 0 21 56 79 91 131 227 428 550 581 744 1059 1385 1751 1958 2244 2754 3360 3834 4107 4722 5246 5576 5883 6289 6575 6739 6639 6551 6596 6175 6133 5667 5415 5058 4669 4253 3896 3481 3164 2794 2507 2242 2038 1809 1550 1332 1217 1078 899 802 660 616 515 441 400 316 297 243 226 171 169 144 137 106 87 76 73 70 57 35 32 30 29 24 19 16 13 14 16 7 9 5 12 10 5 1 3 5 2 0 4 2 3 0 0 0 0 2 1 0 0 0 1 0 0 0 1 0 0 0 0 0 0 0 0 0 0 0 0 0 0 0 0 0 0 0 0 0 0 0 0 0 0 0 0 0 0 0 0 0 
0 0 30 82 91 145 220 313 416 545 668 930 1161 1421 1753 2085 2506 2877 3443 3624 4250 4638 5236 5723 5839 6306 6349 6596 6727 6574 6427 6260 5829 5571 5322 4883 4536 4158 3778 3467 3064 2834 2496 2252 1951 1732 1486 1352 1154 1005 923 777 646 594 528 415 413 329 233 228 188 186 160 143 105 106 71 77 75 58 52 41 36 41 25 23 25 20 21 15 12 7 8 9 5 6 4 5 3 2 3 2 1 2 0 0 0 1 1 0 1 0 0 0 0 0 0 0 0 0 0 0 0 0 0 0 0 0 0 0 0 0 0 0 0 0 0 0 0 0 0 0 0 0 0 0 0 0 0 0 0 0 
0 0 33 75 113 131 126 181 272 470 555 689 799 1124 1548 1889 2060 2355 2949 3582 3939 4390 4997 5370 5749 6221 6470 6554 6637 6815 6619 6429 6218 6105 5643 5344 4872 4520 4051 3698 3350 2951 2719 2437 2066 1862 1616 1475 1273 1044 933 831 740 655 531 500 401 378 281 272 216 189 179 177 115 119 99 94 76 65 43 42 41 26 31 39 31 15 14 11 16 14 6 5 6 5 5 6 1 5 3 1 1 1 1 0 0 2 0 1 0 0 1 0 1 0 0 0 0 0 0 0 0 0 0 0 0 0 0 0 0 0 0 0 0 0 0 0 0 0 0 0 0 0 0 0 0 0 0 0 0 0 
0 0 28 73 82 100 90 129 246 418 534 620 786 989 1267 1611 1894 2310 2734 3220 3602 4295 4623 5201 5714 6014 6318 6546 6577 6771 6790 6388 6401 6047 5815 5443 5093 4616 4417 3973 3439 3243 2801 2495 2172 1901 1690 1537 1292 1127 1026 860 834 627 564 528 438 370 339 294 216 217 174 175 133 121 99 59 71 61 47 53 52 41 30 19 24 23 17 16 12 9 13 11 15 6 5 1 6 6 6 2 3 5 1 1 3 2 3 0 4 1 2 1 0 1 4 0 2 1 1 1 0 3 0 0 1 0 0 0 0 0 0 0 0 0 0 0 0 0 0 0 0 0 0 0 0 0 0 0 0 0 
0 0 22 69 107 133 182 271 405 497 673 906 1125 1572 1867 2037 2424 2882 3523 3998 4367 4773 5344 5798 6181 6410 6705 6798 6712 6577 6509 6284 6052 5619 5319 4842 4447 4078 3583 3317 2865 2667 2345 2067 1893 1602 1412 1266 1036 945 807 704 668 535 492 432 357 353 277 214 214 162 162 146 116 101 87 79 92 70 50 40 45 39 28 28 19 13 16 13 12 5 6 7 6 5 3 2 3 2 0 6 0 1 0 0 4 3 1 0 1 1 0 0 0 0 0 0 0 0 0 0 0 0 0 0 0 0 0 0 0 0 0 0 0 0 0 0 0 0 0 0 0 0 0 0 0 0 0 0 0 0 
0 0 26 76 85 102 129 171 312 442 596 757 1022 1393 1785 2049 2480 2700 3214 3911 4446 4998 5405 5882 6134 6433 6781 6848 6771 6617 6583 6253 6156 5644 5362 4999 4603 4323 3816 3448 3064 2790 2343 2123 1848 1596 1440 1261 1100 981 837 708 651 562 495 429 377 311 273 259 212 169 177 127 130 108 92 68 63 62 46 34 39 31 26 27 17 12 12 14 8 12 7 5 3 8 2 5 5 5 5 1 1 1 2 1 0 0 0 0 2 0 0 0 0 0 0 0 0 0 0 0 0 0 0 0 0 0 0 0 0 0 0 0 0 0 0 0 0 0 0 0 0 0 0 0 0 0 0 0 0 0 
0 0 33 75 117 114 119 181 356 520 657 814 903 1281 1553 1944 2211 2742 3116 3666 4243 4514 4923 5433 5826 6352 6630 6805 6761 6770 6572 6306 6141 5841 5546 5039 4745 4197 4001 3409 3184 2860 2489 2190 1928 1743 1508 1333 1181 1098 877 762 674 546 545 488 400 316 300 266 223 204 170 160 135 98 110 72 79 65 26 62 39 45 29 34 22 22 19 13 23 10 10 15 6 6 7 5 5 5 5 4 8 1 3 2 1 4 2 2 1 0 1 0 2 2 0 1 0 1 0 0 0 0 0 0 0 0 0 0 0 0 0 0 0 0 0 0 0 0 0 0 0 0 0 0 0 0 0 0 0 0 
0 0 27 104 118 136 128 268 467 693 895 1041 1169 1496 1906 2393 2771 3145 3619 4119 4702 5080 5636 6069 6195 6497 6491 6616 6629 6488 6276 6087 5684 5342 5064 4679 4291 3840 3542 3176 2878 2528 2291 2004 1720 1470 1374 1106 1018 918 679 704 570 457 422 386 335 283 193 219 167 161 140 111 109 85 73 96 67 48 41 33 42 35 26 19 22 13 9 9 8 6 6 11 10 3 6 5 4 7 4 3 1 3 0 2 1 2 0 1 0 2 1 2 0 0 1 1 0 1 0 2 1 0 1 0 0 0 2 0 1 0 0 0 0 0 0 0 0 0 0 0 0 0 0 0 0 0 0 0 0 0 
0 0 36 66 97 110 109 180 311 436 510 670 852 1246 1450 1727 2183 2630 3115 3511 3985 4422 5048 5538 5948 6312 6460 6803 6503 6831 6776 6554 6324 6012 5563 5176 4701 4450 4052 3550 3284 2906 2566 2228 2056 1844 1546 1362 1206 1059 988 779 613 604 531 456 381 383 304 236 208 189 178 146 138 95 73 66 68 54 49 33 44 29 27 21 13 17 14 12 5 8 8 7 6 3 4 2 2 3 2 1 1 1 0 0 1 0 0 0 0 0 2 0 0 0 0 0 0 1 0 0 0 0 0 0 0 0 0 0 0 0 0 0 0 0 0 0 0 0 0 0 0 0 0 0 0 0 0 0 0 0 
0 0 19 82 122 99 103 151 296 374 481 659 940 1198 1576 1855 2268 2598 3128 3590 3970 4642 5109 5422 6000 6322 6613 6609 6629 6811 6639 6417 6322 5837 5552 5084 4812 4236 3986 3540 3222 2885 2605 2323 1972 1770 1579 1348 1206 1086 916 761 730 603 499 468 383 367 309 251 217 182 160 128 138 119 102 91 62 70 47 52 37 42 41 30 23 14 18 19 19 14 12 4 7 4 6 4 4 4 7 1 1 4 2 1 0 1 1 2 2 0 0 2 0 1 0 0 1 0 0 1 1 0 0 0 0 0 0 0 0 0 0 0 0 0 0 0 0 0 0 0 0 0 0 0 0 0 0 0 0 0 
0 0 19 64 104 94 135 241 435 539 672 887 1138 1508 1796 2067 2483 2968 3335 3983 4455 4826 5410 5883 6375 6598 6693 6819 6877 6611 6661 6324 5989 5727 5364 4934 4485 4098 3712 3298 2975 2618 2323 2083 1825 1524 1336 1234 1095 933 781 672 534 566 422 394 353 316 269 208 180 156 129 116 109 95 99 69 60 49 46 49 39 26 22 21 15 24 16 9 13 6 10 4 9 5 2 2 5 0 1 1 0 1 1 1 0 0 0 1 0 0 1 0 0 1 1 0 0 0 0 0 0 0 0 0 0 0 0 0 0 0 0 0 0 0 0 0 0 0 0 0 0 0 0 0 0 0 0 0 0 0 
0 0 20 77 98 92 113 154 276 465 609 766 853 1117 1458 1891 2106 2510 2856 3373 3926 4410 4791 5311 5638 6112 6312 6522 6722 6483 6478 6438 6087 6052 5685 5388 4908 4513 4036 3795 3312 3010 2708 2381 2047 1862 1699 1397 1260 1107 968 884 767 649 558 488 438 375 333 268 220 199 179 166 125 105 100 86 82 77 65 51 36 40 24 21 21 24 18 17 16 8 11 6 10 5 10 5 4 7 2 3 4 2 1 0 1 2 1 1 0 0 0 0 1 1 0 0 0 0 2 0 0 0 0 0 0 0 0 0 0 0 0 0 0 0 0 0 0 0 0 0 0 0 0 0 0 0 0 0 0 0 
0 0 20 65 104 107 147 272 403 477 593 702 979 1325 1683 1997 2176 2639 3136 3705 4333 4603 5077 5547 5894 6205 6455 6638 6717 6695 6493 6173 6112 5888 5475 5156 4693 4309 3818 3483 3248 2847 2559 2161 1970 1795 1547 1344 1170 1107 943 762 710 651 542 458 388 342 326 280 203 212 200 135 132 116 95 83 80 65 51 48 41 33 26 28 24 14 13 15 13 11 8 4 6 10 1 3 0 2 2 0 0 0 3 0 1 0 0 0 0 0 0 1 0 0 0 0 0 0 1 0 0 0 1 0 0 0 0 0 0 0 0 0 0 0 0 0 0 0 0 0 0 0 0 0 0 0 0 0 0 0 
0 0 20 71 108 84 147 264 355 382 532 747 1050 1159 1347 1603 2020 2548 3045 3481 3929 4513 4934 5453 5850 6027 6623 6522 6766 6747 6662 6414 6331 6026 5677 5244 4885 4432 3995 3690 3293 2912 2627 2284 2074 1814 1534 1371 1208 1078 963 766 678 628 508 434 385 336 285 283 225 208 168 138 132 91 79 71 58 68 60 43 35 27 19 21 18 31 12 9 8 7 7 11 7 7 5 3 4 4 3 4 6 2 0 3 1 3 0 0 1 1 1 1 0 0 1 2 0 1 0 1 0 0 0 0 0 1 0 0 0 0 0 0 0 0 0 0 0 0 0 0 0 0 0 0 0 0 0 0 0 0 
0 0 22 84 122 113 173 310 477 585 727 948 1231 1463 1804 2270 2783 3092 3649 4058 4642 5071 5468 5920 6319 6499 6629 6753 6706 6647 6485 6182 5866 5595 5031 4678 4421 3945 3598 3173 2872 2611 2274 2004 1792 1495 1368 1249 1072 924 740 750 583 516 460 382 320 303 267 226 177 162 163 147 105 84 83 65 57 39 38 43 36 32 23 22 22 15 9 12 10 11 3 6 2 2 4 5 2 3 0 1 2 0 1 1 0 1 1 1 0 0 1 0 0 0 0 0 0 0 0 0 0 0 0 0 0 0 0 0 0 0 0 0 0 0 0 0 0 0 0 0 0 0 0 0 0 0 0 0 0 0 
0 0 30 74 92 122 114 169 320 455 529 698 929 1351 1673 1981 2224 2690 3178 3795 4416 4753 5131 5654 6131 6266 6471 6617 6736 6796 6725 6408 6153 5963 5568 5164 4749 4270 3935 3542 3178 2838 2545 2275 1968 1659 1508 1282 1184 1032 894 748 670 576 508 409 376 310 287 247 198 185 163 133 110 109 87 72 69 55 46 53 36 39 21 26 18 13 14 15 8 10 5 5 5 2 5 3 4 1 3 0 4 2 0 2 0 2 0 0 1 0 0 0 0 0 0 0 0 0 0 0 0 0 0 0 0 0 0 0 0 0 0 0 0 0 0 0 0 0 0 0 0 0 0 0 0 0 0 0 0 0 
0 0 32 78 115 109 89 182 410 579 644 760 922 1280 1668 2061 2417 2696 3122 3652 4339 4822 5031 5499 5910 6290 6498 6659 6700 6629 6386 6369 5926 5710 5432 5064 4669 4300 3846 3414 3209 2811 2585 2257 1941 1719 1470 1346 1181 1049 835 725 688 597 527 426 360 320 277 259 208 188 200 139 128 99 104 84 75 59 63 40 36 43 34 30 23 24 17 11 17 17 6 10 6 7 6 5 3 1 8 3 2 0 3 1 1 3 2 0 1 1 2 0 0 1 0 0 1 0 0 0 0 0 0 0 0 0 0 0 0 0 0 0 0 0 0 0 0 0 0 0 0 0 0 0 0 0 0 0 0 0 
0 0 29 84 98 104 160 231 384 578 715 942 1159 1449 1752 2118 2509 3012 3516 3864 4414 4829 5325 5773 6238 6385 6543 6719 6825 6630 6642 6220 5992 5562 5169 4899 4506 4108 3640 3125 3007 2593 2335 2002 1818 1629 1451 1228 1111 1026 834 717 683 532 470 412 326 317 278 220 192 162 136 131 108 99 70 73 64 54 53 38 28 23 29 21 20 18 13 11 14 13 8 2 8 4 8 7 2 6 2 0 2 2 0 0 1 0 2 0 0 0 0 0 0 0 0 0 0 0 0 0 0 0 0 0 0 0 0 0 0 0 0 0 0 0 0 0 0 0 0 0 0 0 0 0 0 0 0 0 0 0 
0 0 23 78 108 90 97 136 288 477 583 643 906 1301 1708 1949 2164 2636 3046 3765 4106 4641 5062 5348 5816 6225 6504 6710 6809 6789 6669 6488 6355 5839 5506 4989 4733 4421 4016 3572 3249 2959 2588 2199 2002 1732 1597 1368 1216 978 949 833 748 586 494 449 416 328 312 292 230 175 173 140 130 108 89 79 68 68 58 56 43 33 37 35 37 29 16 20 16 12 14 7 7 12 8 4 3 2 0 0 0 2 2 0 0 0 0 1 0 0 0 0 0 0 0 0 0 0 0 0 0 0 0 0 0 0 0 0 0 0 0 0 0 0 0 0 0 0 0 0 0 0 0 0 0 0 0 0 0 0 
0 0 27 56 98 92 143 187 290 371 584 772 1078 1327 1533 1809 2215 2553 3088 3538 4126 4595 5105 5444 5757 6042 6472 6843 6821 6731 6579 6465 6241 5909 5467 5255 4791 4386 3923 3532 3352 2903 2657 2312 1981 1834 1546 1420 1217 1080 909 772 722 622 524 447 399 362 304 250 218 206 192 128 132 98 89 66 57 61 39 49 31 31 31 32 15 15 16 14 16 13 6 7 10 9 6 4 4 5 4 2 3 1 1 1 4 0 2 1 2 0 0 0 0 0 0 0 0 0 0 0 0 0 0 0 0 0 0 0 0 0 0 0 0 0 0 0 0 0 0 0 0 0 0 0 0 0 0 0 0 0 
0 0 26 78 109 115 100 197 333 346 437 533 768 904 1178 1472 1999 2333 2756 3069 3558 4141 4716 5059 5263 5853 6070 6576 6515 6705 6631 6665 6372 6115 5815 5386 5152 4812 4339 3902 3486 3191 2873 2592 2301 1983 1736 1552 1354 1222 991 912 749 689 584 528 493 438 349 285 271 237 218 167 154 133 116 87 83 73 50 60 42 44 33 21 27 23 25 16 17 19 10 10 6 11 11 11 4 8 1 3 5 4 0 1 1 1 0 1 1 1 0 0 0 0 0 0 1 0 0 0 0 0 0 0 0 0 0 0 0 0 0 0 0 0 0 0 0 0 0 0 0 0 0 0 0 0 0 0 0 0 
0 0 11 78 85 91 80 115 235 395 494 627 723 946 1226 1627 1959 2366 2701 3102 3627 4108 4610 5025 5504 5826 6234 6639 6657 6662 6663 6529 6321 6262 5735 5453 5111 4814 4347 3855 3529 3188 2815 2539 2281 1981 1650 1550 1299 1160 1056 932 780 708 588 542 437 424 342 298 267 225 201 175 145 129 94 104 82 72 57 62 40 43 27 31 35 16 22 13 12 10 15 6 8 6 2 4 4 5 3 2 1 1 0 1 1 2 1 1 0 0 0 0 0 0 0 0 0 0 0 0 0 0 0 0 0 0 0 0 0 0 0 0 0 0 0 0 0 0 0 0 0 0 0 0 0 0 0 0 0 0 
0 0 21 54 97 94 130 283 451 509 668 884 1272 1604 1859 2106 2538 3031 3570 4092 4397 4966 5457 5854 6166 6430 6655 6708 6778 6650 6377 6136 5898 5566 5187 4766 4312 4025 3768 3231 3026 2632 2298 2082 1879 1594 1439 1249 1095 1002 815 668 583 537 509 399 366 305 252 219 214 183 160 144 109 97 82 67 40 50 38 41 34 32 29 17 25 19 18 14 8 12 8 4 10 2 8 3 3 3 2 1 0 4 0 0 0 0 0 1 0 0 0 0 0 0 0 0 0 0 0 0 0 0 0 0 0 0 0 0 0 0 0 0 0 0 0 0 0 0 0 0 0 0 0 0 0 0 0 0 0 0 
0 0 17 66 89 89 91 171 277 383 465 503 693 1005 1321 1669 1985 2313 2737 3340 3791 4355 4872 5137 5526 6007 6248 6601 6692 6791 6770 6671 6399 6105 5921 5403 5111 4542 4291 3725 3385 3075 2746 2597 2139 1779 1693 1451 1333 1121 992 835 730 693 565 512 420 395 335 323 282 205 187 170 141 127 104 104 86 71 44 45 51 31 31 30 20 11 10 11 16 15 4 7 1 3 5 3 2 1 1 2 5 2 2 0 0 2 2 0 0 1 1 0 0 0 1 0 1 1 0 0 0 0 1 0 0 0 0 0 0 0 0 0 0 0 0 0 0 0 0 0 0 0 0 0 0 0 0 0 0 0 
0 0 21 71 107 96 91 140 218 351 427 546 766 1075 1319 1591 1994 2254 2774 3352 3845 4285 4660 5316 5671 6179 6315 6494 6866 6599 6677 6470 6396 5970 5709 5418 5008 4538 4153 3847 3427 3107 2743 2458 2240 1878 1639 1467 1275 1219 958 884 759 672 556 479 417 341 313 250 265 198 173 182 129 112 96 88 66 60 64 47 51 26 29 37 24 28 13 15 16 11 7 8 7 8 7 7 5 5 3 3 2 0 2 3 2 2 3 1 1 2 0 2 0 1 3 0 1 0 0 0 0 0 0 0 0 0 0 0 0 0 0 0 0 0 0 0 0 0 0 0 0 0 0 0 0 0 0 0 0 0 
0 0 25 61 94 85 87 174 265 378 408 469 650 996 1281 1482 1747 2120 2568 3203 3434 3871 4398 5063 5536 5911 6151 6450 6664 6866 6776 6753 6424 6116 5820 5541 5228 4772 4407 4161 3715 3216 3049 2630 2360 1956 1813 1659 1364 1195 1081 943 835 679 665 560 531 410 317 282 264 233 196 158 145 141 109 103 81 54 49 42 62 40 30 22 24 25 21 19 16 14 7 10 13 7 5 7 4 2 6 1 5 0 2 1 1 1 2 0 0 0 0 0 1 0 0 0 1 2 0 0 0 0 0 0 0 0 0 0 0 0 0 0 0 0 0 0 0 0 0 0 0 0 0 0 0 0 0 0 0 0 
0 0 29 84 118 101 120 210 360 475 605 818 1058 1207 1489 1742 2199 2805 3082 3552 4009 4535 5159 5597 5839 6029 6394 6663 6774 6714 6583 6348 6161 5808 5587 5252 4692 4331 4032 3547 3319 2839 2569 2264 2016 1692 1669 1341 1184 1039 897 814 678 620 486 464 389 321 295 239 209 182 139 153 136 101 81 70 50 47 44 50 34 27 15 15 30 18 3 10 15 9 4 7 4 4 6 5 2 2 4 1 0 2 0 2 0 1 0 3 0 0 0 0 0 0 1 1 0 0 0 0 0 0 0 0 0 0 0 0 0 0 0 0 0 0 0 0 0 0 0 0 0 0 0 0 0 0 0 0 0 0 
0 0 25 76 114 95 133 212 429 690 820 1013 1135 1302 1758 2217 2608 2964 3345 3917 4497 4900 5380 5864 6138 6400 6483 6622 6772 6579 6407 6061 5968 5556 5144 4916 4392 3901 3664 3449 2945 2606 2386 2115 1852 1645 1460 1199 1102 1003 859 713 618 554 507 410 399 320 260 256 216 179 145 149 122 100 87 79 77 55 41 33 38 37 21 30 22 24 14 18 13 12 13 8 10 6 3 6 3 7 7 1 0 0 3 0 1 0 1 0 0 3 0 0 0 0 0 0 0 0 0 0 0 0 0 0 0 0 0 0 0 0 0 0 0 0 0 0 0 0 0 0 0 0 0 0 0 0 0 0 0 0 
0 0 21 54 110 107 99 133 228 326 424 524 716 936 1212 1623 1871 2129 2663 3162 3747 4303 4711 5085 5558 5943 6381 6597 6733 6737 6605 6624 6430 6160 5859 5388 5015 4664 4338 3826 3585 3226 2702 2527 2329 1974 1876 1510 1308 1197 1087 864 830 708 599 504 444 421 327 262 268 238 189 166 148 135 111 85 86 70 52 53 50 42 31 36 30 13 16 11 17 9 8 11 3 2 4 5 9 1 1 2 2 2 0 1 2 0 0 0 0 0 0 0 0 0 0 0 0 0 0 0 0 0 0 0 0 0 0 0 0 0 0 0 0 0 0 0 0 0 0 0 0 0 0 0 0 0 0 0 0 0 
0 0 16 61 86 79 129 242 440 541 666 750 1010 1188 1442 1893 2279 2748 3199 3742 4278 4591 5219 5680 6134 6424 6540 6519 6689 6832 6757 6491 6076 5796 5621 5086 4913 4154 3970 3532 3254 2813 2470 2231 1962 1670 1474 1353 1125 1019 860 783 668 594 507 421 367 324 267 260 200 195 159 147 144 81 82 77 66 63 44 42 38 42 42 17 20 16 16 23 18 14 5 5 8 6 5 2 3 2 1 1 1 3 1 0 1 0 0 1 2 0 0 1 0 0 0 0 0 0 0 0 0 0 0 0 0 0 0 0 0 0 0 0 0 0 0 0 0 0 0 0 0 0 0 0 0 0 0 0 0 0 
0 0 23 66 108 103 132 183 287 454 611 689 943 1158 1442 1694 2130 2574 3066 3491 3916 4542 5092 5639 5924 6009 6300 6635 6683 6600 6521 6307 6132 5894 5720 5233 4761 4399 4147 3705 3296 2964 2650 2274 2066 1798 1593 1447 1274 993 1002 815 745 668 529 521 456 321 326 254 260 224 161 155 156 108 90 79 91 79 62 53 39 45 28 33 25 20 18 14 20 8 10 10 5 4 3 4 3 5 1 1 2 1 3 1 1 0 2 0 1 2 0 0 0 0 0 0 0 0 0 0 0 0 0 0 0 0 0 0 0 0 0 0 0 0 0 0 0 0 0 0 0 0 0 0 0 0 0 0 0 0 
0 0 33 84 104 125 224 376 553 804 961 1104 1504 1900 2133 2564 2950 3449 3964 4415 4876 5380 5656 6073 6458 6725 6517 6703 6604 6542 6280 5883 5484 5379 4824 4551 4086 3818 3403 2937 2654 2435 2201 1884 1563 1478 1267 1109 961 769 745 645 538 515 435 392 326 287 234 194 182 155 112 92 97 77 68 67 57 41 38 26 32 26 16 19 22 12 9 9 6 8 6 3 4 4 2 2 4 1 3 0 2 0 0 0 1 0 0 0 0 1 1 0 0 0 0 0 0 0 0 0 0 0 0 0 0 0 0 0 0 0 0 0 0 0 0 0 0 0 0 0 0 0 0 0 0 0 0 0 0 0 
0 0 26 91 107 123 128 244 482 676 771 1009 1270 1747 2069 2452 2891 3275 3817 4323 4900 5185 5782 6084 6375 6783 6779 6697 6863 6669 6473 6053 5683 5531 5009 4771 4237 3878 3445 3025 2768 2527 2190 1842 1726 1516 1251 1132 945 839 790 647 533 484 393 379 326 257 260 226 170 155 121 109 121 95 86 52 74 50 37 37 32 28 18 17 22 16 12 8 14 9 9 5 7 0 5 5 3 3 1 4 1 0 0 0 2 1 1 0 0 0 0 0 0 0 0 0 0 0 0 0 0 0 0 0 0 0 0 0 0 0 0 0 0 0 0 0 0 0 0 0 0 0 0 0 0 0 0 0 0 0 
0 0 36 66 103 118 242 344 372 506 632 895 1088 1424 1670 1963 2362 2862 3343 3855 4255 4754 5137 5738 6154 6518 6715 6722 6835 6716 6684 6343 6082 5681 5395 4857 4460 4116 3724 3289 3032 2642 2412 2141 1789 1639 1367 1309 1088 925 804 718 660 548 488 422 378 312 266 248 214 184 160 125 106 105 90 66 69 56 59 35 35 36 28 31 18 21 17 18 12 14 16 10 11 7 3 10 6 4 3 5 1 0 1 4 1 1 0 1 0 1 0 0 0 0 0 0 0 0 0 0 0 0 0 0 0 0 0 0 0 0 0 0 0 0 0 0 0 0 0 0 0 0 0 0 0 0 0 0 0 0 
0 0 31 88 103 126 116 149 312 592 731 855 891 1192 1612 2044 2419 2777 3098 3494 4312 4845 5155 5777 5989 6228 6510 6821 6760 6895 6618 6340 6184 5828 5528 5201 4678 4262 3848 3506 3168 2771 2525 2092 1946 1661 1481 1324 1113 975 865 733 658 590 459 393 367 369 282 223 219 175 166 162 112 111 93 74 62 62 46 43 29 36 27 23 17 13 14 12 12 9 6 6 8 3 5 5 3 4 4 0 2 3 1 1 3 2 1 0 0 0 0 0 0 0 0 0 0 0 0 0 0 0 0 0 0 0 0 0 0 0 0 0 0 0 0 0 0 0 0 0 0 0 0 0 0 0 0 0 0 0 
0 0 32 72 101 103 137 265 348 476 636 773 1034 1225 1572 1985 2421 2770 3264 3823 4185 4886 5162 5676 6161 6303 6677 6709 6711 6735 6681 6608 6107 5814 5426 5072 4584 4253 3835 3424 3108 2802 2447 2158 1861 1674 1375 1287 1129 979 871 727 650 551 507 434 353 336 278 235 201 177 151 137 111 93 96 77 75 56 30 37 39 38 25 18 17 15 16 15 13 7 3 8 3 1 3 1 1 3 2 2 1 0 0 0 1 0 0 1 0 0 0 2 0 0 0 1 0 0 0 0 1 0 0 0 0 0 0 0 0 0 0 0 0 0 0 0 0 0 0 0 0 0 0 0 0 0 0 0 0 0 
0 0 13 55 96 70 141 281 389 504 585 737 1004 1282 1653 1945 2289 2665 3134 3790 4374 4709 5059 5516 5860 6468 6537 6568 6673 6675 6562 6519 6064 5717 5276 5198 4537 4286 3821 3634 3135 2870 2427 2201 1953 1700 1522 1368 1143 1060 881 760 667 608 477 405 366 344 270 233 185 173 137 134 120 94 78 76 50 61 55 41 44 35 22 24 13 17 11 13 11 6 4 6 4 8 4 4 2 3 2 1 1 2 0 1 0 0 1 1 0 0 0 1 0 0 0 0 0 0 0 0 0 0 0 0 0 0 0 0 0 0 0 0 0 0 0 0 0 0 0 0 0 0 0 0 0 0 0 0 0 0 
0 0 24 72 99 115 111 152 242 312 412 636 907 1146 1305 1602 1934 2416 2874 3259 3632 4079 4508 5043 5676 5925 6115 6551 6591 6576 6466 6444 6451 6071 5708 5476 5057 4615 4316 3918 3452 3217 2923 2529 2269 1971 1789 1580 1349 1177 1046 920 773 692 583 496 433 357 308 290 226 223 171 170 148 100 96 102 79 60 54 47 42 44 23 33 40 14 14 15 14 14 2 7 3 2 3 4 1 3 0 0 3 0 0 0 0 0 1 0 0 0 1 0 0 0 0 0 0 0 0 1 0 0 0 0 0 0 0 0 0 0 0 0 0 0 0 0 0 0 0 0 0 0 0 0 0 0 0 0 0 0 
0 0 28 70 105 140 208 304 438 597 742 1037 1268 1601 1857 2322 2716 3276 3660 4070 4614 5124 5459 5970 6267 6609 6658 6827 6738 6672 6637 6167 5917 5467 5136 4833 4487 3942 3515 3181 2813 2581 2289 1910 1786 1504 1322 1219 991 899 726 685 601 468 432 360 348 250 265 233 167 159 135 112 90 94 89 62 50 38 51 35 31 35 31 18 18 12 10 19 14 13 14 6 6 7 6 7 4 1 1 1 1 0 1 0 0 1 0 0 0 1 0 0 0 0 0 0 0 0 0 0 0 0 0 0 0 0 0 0 0 0 0 0 0 0 0 0 0 0 0 0 0 0 0 0 0 0 0 0 0 0 
0 0 31 73 99 141 211 350 457 539 639 841 1071 1389 1791 2235 2541 2865 3295 3904 4321 4766 5190 5677 5984 6401 6562 6861 6778 6522 6388 6306 6035 5762 5262 4940 4553 4071 3824 3278 3086 2669 2434 2106 1886 1618 1372 1209 1094 940 868 690 609 567 465 364 369 316 268 225 193 195 152 142 129 116 83 81 78 51 52 54 33 44 27 32 30 17 20 22 14 9 17 12 7 11 6 10 10 5 2 5 6 2 2 1 2 1 2 0 1 1 1 1 2 0 1 0 0 0 0 0 0 0 0 0 0 0 0 0 0 0 0 0 0 0 0 0 0 0 0 0 0 0 0 0 0 0 0 0 0 0 
0 0 28 69 131 117 139 207 357 557 615 660 915 1354 1663 1914 2257 2592 3155 3606 4119 4740 5148 5551 5836 6088 6417 6682 6750 6705 6664 6553 6235 5822 5474 5220 4639 4333 4024 3536 3163 2793 2494 2168 1941 1689 1492 1293 1183 973 906 766 645 587 496 428 398 300 280 224 233 155 158 145 118 106 85 71 60 44 56 35 28 29 22 13 17 11 7 7 11 7 6 5 1 3 0 3 6 3 2 4 1 1 1 2 1 0 1 0 0 0 0 0 0 0 0 0 0 0 0 0 0 0 0 0 0 0 0 0 0 0 0 0 0 0 0 0 0 0 0 0 0 0 0 0 0 0 0 0 0 0 
0 0 28 72 100 93 119 154 289 372 427 516 713 966 1246 1482 1784 2134 2709 3084 3657 4071 4628 4966 5510 5743 6103 6460 6623 6609 6618 6397 6581 6098 5886 5492 5221 4869 4259 4035 3651 3301 2901 2581 2344 2110 1754 1502 1349 1205 1043 958 754 699 627 519 433 351 378 275 254 221 192 176 156 117 91 96 68 81 50 55 39 47 32 27 25 23 26 28 19 10 9 11 3 7 13 4 3 4 3 3 6 5 0 0 0 1 1 0 0 1 0 0 1 0 0 0 0 0 0 0 0 0 0 0 0 0 0 0 0 0 0 0 0 0 0 0 0 0 0 0 0 0 0 0 0 0 0 0 0 0 
0 0 23 60 86 96 98 193 306 365 488 585 804 1097 1339 1747 2036 2368 2947 3469 3935 4345 4909 5286 5766 6151 6344 6665 6636 6843 6575 6600 6338 6192 5698 5307 4869 4673 4150 3663 3362 3040 2702 2350 2171 1858 1613 1568 1301 1142 955 822 723 642 574 470 407 366 305 260 226 206 180 155 151 109 93 79 66 60 67 47 35 39 34 31 29 17 24 15 9 14 13 5 6 7 5 7 9 2 4 1 1 2 2 1 1 1 2 0 1 1 1 1 0 0 0 0 0 0 0 0 0 0 0 0 0 0 0 0 0 0 0 0 0 0 0 0 0 0 0 0 0 0 0 0 0 0 0 0 0 0 
0 0 20 70 81 77 90 134 208 332 350 420 515 729 1017 1261 1586 1897 2106 2615 3086 3697 4079 4463 4929 5477 5958 6306 6504 6637 6687 6808 6721 6483 6075 5774 5622 5120 4711 4376 3946 3699 3316 2813 2449 2234 2006 1823 1491 1312 1152 1037 919 777 637 645 503 466 390 349 264 249 193 194 183 150 119 108 88 86 70 70 60 42 32 34 28 15 32 17 9 10 8 5 9 3 7 4 3 3 2 3 4 3 3 2 4 2 1 1 0 1 1 1 1 2 0 0 0 1 0 1 0 2 0 0 0 1 2 2 0 0 0 1 0 0 0 0 0 1 0 0 0 0 0 0 0 0 0 0 0 0 
0 0 21 59 99 98 112 147 232 348 382 456 643 954 1261 1503 1678 2184 2678 3203 3558 3995 4558 5112 5700 6055 6267 6362 6519 6930 6732 6692 6329 6172 6058 5585 5189 4788 4258 3973 3651 3170 2964 2688 2241 2054 1781 1586 1390 1215 1013 883 797 703 596 524 454 406 332 306 266 235 210 178 148 128 110 100 100 62 67 67 56 40 42 36 24 19 27 16 4 12 10 9 8 4 4 7 4 3 3 5 3 4 4 4 0 3 2 1 0 1 4 0 0 0 0 0 0 0 0 0 0 0 0 0 0 0 0 0 0 0 0 0 0 0 0 0 0 0 0 0 0 0 0 0 0 0 0 0 0 0 
0 0 32 76 117 111 117 206 377 621 699 785 1064 1370 1639 1939 2331 2946 3293 3735 4299 4719 5224 5537 6002 6282 6676 6582 6902 6775 6490 6510 6048 5786 5310 4930 4688 4195 3811 3390 3067 2730 2510 2180 1957 1652 1527 1346 1173 929 856 748 649 575 490 436 402 348 261 231 217 170 154 132 116 101 90 96 57 59 53 43 39 23 26 19 18 12 20 13 7 13 6 4 7 5 7 5 2 2 1 0 2 1 0 1 0 1 0 0 1 0 0 0 0 0 0 0 0 0 0 0 0 0 0 0 0 0 0 0 0 0 0 0 0 0 0 0 0 0 0 0 0 0 0 0 0 0 0 0 0 0 
0 0 11 97 103 123 149 227 383 505 632 750 901 1287 1687 2077 2349 2787 3311 3801 4428 4868 5243 5460 5899 6252 6417 6752 6596 6560 6429 6431 6107 5609 5397 5005 4692 4193 3790 3380 3098 2850 2475 2134 1971 1742 1527 1293 1122 996 943 778 647 592 539 459 389 363 307 249 212 200 185 153 119 98 105 75 66 50 53 53 40 33 21 19 24 17 16 11 11 10 8 5 5 6 6 4 3 3 7 4 5 2 3 3 3 2 0 0 0 2 1 1 1 0 0 0 1 0 0 3 0 0 0 0 1 0 1 0 0 1 0 1 0 0 0 0 0 0 0 0 0 0 0 0 0 0 0 0 0 0 
0 0 27 62 93 83 109 180 341 470 575 751 892 1089 1504 1706 1978 2301 2809 3280 3682 4130 4656 5252 5610 5994 6210 6575 6611 6525 6468 6485 6303 5984 5635 5287 5027 4604 4235 3859 3471 3152 2731 2526 2210 1881 1674 1509 1289 1149 1001 899 750 667 618 538 479 407 328 310 255 235 196 149 156 139 111 77 92 53 55 48 60 28 35 34 20 24 17 17 15 11 6 8 7 4 3 1 0 4 1 2 2 0 0 0 1 0 0 0 0 0 0 2 0 0 0 0 0 0 0 0 0 0 0 0 0 0 0 0 0 0 0 0 0 0 0 0 0 0 0 0 0 0 0 0 0 0 0 0 0 0 
0 0 35 75 108 124 186 281 442 591 748 972 1189 1557 1955 2326 2785 3154 3622 4153 4828 5115 5549 6084 6417 6469 6669 6693 6690 6555 6362 6123 5969 5509 5075 4716 4337 3938 3470 3205 2900 2581 2229 2024 1752 1534 1315 1169 984 970 740 654 583 484 437 414 312 260 259 236 190 159 134 120 96 84 78 65 65 42 36 41 22 22 22 17 17 12 12 6 5 7 6 8 7 5 6 5 1 3 3 3 3 2 1 3 1 2 3 0 1 1 1 1 0 1 1 0 0 0 0 0 0 0 0 0 0 0 0 0 0 0 0 0 0 0 0 0 0 0 0 0 0 0 0 0 0 0 0 0 0 0 
0 0 24 70 118 102 123 232 370 516 589 704 925 1303 1678 2032 2191 2658 2985 3596 4123 4629 5126 5412 5928 6245 6580 6622 6586 6623 6608 6410 6122 5907 5577 5226 4798 4380 3894 3582 3257 2839 2667 2263 2018 1759 1524 1366 1206 1074 887 766 720 591 523 443 374 329 290 241 223 191 156 128 127 108 90 83 57 58 40 43 26 33 18 32 17 15 13 14 10 10 6 3 1 8 5 3 1 0 4 1 1 1 0 1 1 1 1 0 0 1 0 0 1 0 0 0 0 0 0 0 0 0 0 0 0 0 0 0 0 0 0 0 0 0 0 0 0 0 0 0 0 0 0 0 0 0 0 0 0 0 
0 0 23 74 89 97 88 141 211 289 404 506 767 1010 1192 1364 1732 2169 2565 2900 3274 3946 4275 4810 5262 5657 6019 6499 6488 6736 6759 6478 6570 6252 6038 5762 5318 4763 4555 4089 3684 3273 2941 2614 2370 2148 1838 1588 1402 1213 1113 929 856 720 590 566 468 388 373 334 283 210 175 182 157 138 138 90 84 87 72 51 45 50 34 26 24 24 19 17 15 15 7 6 16 14 8 2 4 5 5 5 2 2 1 3 4 2 2 1 1 2 1 0 1 1 1 0 1 0 0 0 1 0 0 0 0 0 0 0 0 0 0 0 0 0 0 0 0 0 0 0 0 0 0 0 0 0 0 0 0 0 
0 0 29 67 88 74 91 125 219 369 478 534 701 877 1192 1570 1915 2173 2634 3144 3676 4239 4619 5117 5631 6012 6278 6537 6675 6709 6717 6591 6350 6116 5977 5533 5245 4738 4302 3891 3589 3214 2885 2521 2261 1997 1812 1504 1321 1142 990 886 813 634 577 516 438 365 314 279 240 225 186 155 140 124 85 84 68 59 58 56 40 40 35 30 32 32 16 13 11 12 9 8 7 4 5 6 3 3 1 1 3 3 0 4 0 1 2 2 1 1 1 1 0 1 0 2 0 0 0 0 2 1 0 0 0 0 0 0 0 0 0 0 0 0 0 0 0 0 0 0 0 0 0 0 0 0 0 0 0 0 
0 0 23 80 108 91 92 160 224 316 379 426 645 880 1066 1284 1643 2032 2443 2865 3272 3841 4270 4834 5399 5775 5991 6098 6544 6804 6844 6811 6395 6344 5963 5618 5416 4938 4521 4161 3801 3349 3113 2709 2399 2154 1935 1750 1414 1319 1143 976 898 765 699 564 518 451 401 340 277 256 220 210 169 124 123 85 75 70 81 64 45 62 35 22 25 23 23 18 11 13 6 11 8 12 7 3 5 5 1 3 0 6 0 0 1 2 1 0 1 0 1 0 1 0 0 0 0 0 0 0 0 0 0 0 0 0 0 0 0 0 0 0 0 0 0 0 0 0 0 0 0 0 0 0 0 0 0 0 0 0 
0 0 25 72 116 119 108 130 238 325 370 410 589 936 1252 1423 1644 1913 2560 3037 3570 4034 4344 4946 5384 5830 6325 6451 6607 6660 6616 6803 6480 6214 6056 5619 5177 4871 4574 4205 3680 3336 3090 2654 2398 2084 1840 1590 1399 1250 1032 940 849 742 653 535 461 424 389 292 264 217 187 151 152 132 91 77 94 75 64 44 40 48 38 27 34 20 19 11 8 9 11 15 13 7 6 6 3 5 6 1 0 2 0 1 1 0 1 0 1 0 1 1 1 0 0 0 0 0 0 1 0 0 1 0 0 0 0 0 0 0 0 0 0 0 0 0 0 0 0 0 0 0 0 0 0 0 0 0 0 0 
0 0 24 60 96 100 74 133 243 292 354 502 735 920 1106 1397 1742 2195 2600 3040 3588 3896 4357 5106 5579 5825 6132 6442 6611 6762 6801 6588 6503 6289 6007 5550 5290 4825 4464 3997 3692 3299 2953 2673 2469 2043 1926 1519 1337 1210 1081 959 802 703 594 553 474 416 350 301 273 224 189 158 149 156 127 97 86 70 76 56 37 40 35 39 20 27 14 22 26 20 5 11 7 8 7 3 1 3 6 1 0 2 2 2 1 0 2 2 0 2 0 2 0 2 0 0 0 0 0 0 0 0 0 0 0 0 0 0 0 0 0 0 0 0 0 0 0 0 0 0 0 0 0 0 0 0 0 0 0 0 
0 0 21 63 92 118 168 301 450 545 664 919 1123 1500 1890 2133 2488 2933 3641 4131 4395 5087 5447 5948 6309 6603 6694 6711 6765 6747 6639 6277 5941 5618 5159 4952 4471 4083 3702 3174 2929 2625 2292 2164 1737 1482 1389 1234 1084 931 727 674 570 517 469 397 335 285 244 218 197 161 122 112 107 85 58 80 79 46 54 47 26 36 23 22 22 23 16 18 16 6 10 9 3 8 10 5 7 2 2 4 2 3 3 3 0 1 1 2 1 0 0 1 1 1 0 0 0 0 0 0 0 0 0 0 0 0 0 0 0 0 0 0 0 0 0 0 0 0 0 0 0 0 0 0 0 0 0 0 0 0 
0 0 24 46 114 86 106 212 389 605 794 878 1150 1522 1967 2463 2677 2966 3427 4126 4688 5032 5511 6059 6283 6558 6787 6792 6816 6719 6552 6142 5961 5454 5126 4804 4448 3997 3731 3279 2852 2643 2301 1955 1803 1550 1457 1121 1000 943 800 638 593 543 432 354 303 294 215 212 172 155 133 111 107 96 79 66 58 44 39 32 39 27 24 19 19 14 9 11 11 7 10 4 2 6 5 2 2 4 3 1 0 0 1 1 1 1 2 0 0 0 1 0 1 0 0 0 0 0 0 0 0 0 0 0 0 0 0 0 0 0 0 0 0 0 0 0 0 0 0 0 0 0 0 0 0 0 0 0 0 0 
0 0 27 86 115 81 115 174 254 391 520 686 841 1094 1465 1776 2027 2442 2994 3416 3967 4442 4759 5294 5873 6233 6655 6660 6730 6885 6614 6539 6200 6110 5659 5366 4823 4362 4080 3663 3390 2866 2710 2341 2125 1765 1545 1403 1165 1043 897 780 685 593 482 444 394 351 260 263 205 186 158 146 121 114 96 84 57 57 61 36 42 24 31 24 18 20 12 21 9 9 8 6 3 9 6 3 3 2 5 3 0 3 0 0 0 2 0 0 0 1 0 0 0 0 1 0 0 0 0 0 0 0 0 0 0 0 0 0 0 0 0 0 0 0 0 0 0 0 0 0 0 0 0 0 0 0 0 0 0 0 
0 0 22 74 105 101 88 186 345 542 590 755 903 1173 1404 1844 2313 2634 3171 3427 4038 4607 5047 5511 5789 6280 6550 6742 6801 6837 6735 6401 6249 5799 5609 5293 4847 4233 3985 3592 3245 2927 2553 2306 2053 1747 1568 1393 1205 1084 916 783 688 633 537 443 377 317 305 226 217 183 161 151 113 95 79 74 75 50 31 44 33 31 26 19 16 17 10 19 15 5 9 12 5 4 4 3 1 6 2 1 0 0 0 2 1 0 0 0 1 0 0 0 0 0 0 0 0 0 0 0 0 0 0 0 0 0 0 0 0 0 0 0 0 0 0 0 0 0 0 0 0 0 0 0 0 0 0 0 0 0 
0 0 29 78 115 110 123 164 285 431 520 523 681 1001 1396 1590 1833 2124 2607 3140 3655 3986 4517 4999 5495 6016 6106 6311 6655 6689 6684 6485 6387 6337 5879 5626 4986 4832 4300 3872 3569 3245 2854 2579 2196 1933 1710 1571 1358 1176 1045 909 772 644 602 520 459 415 325 303 273 227 214 184 162 133 112 112 89 66 57 52 52 43 37 30 30 16 9 23 17 13 16 13 3 5 8 5 0 4 1 1 1 0 2 3 0 1 0 0 1 0 0 0 0 0 0 0 0 0 0 0 0 0 0 0 0 0 0 0 0 0 0 0 0 0 0 0 0 0 0 0 0 0 0 0 0 0 0 0 0 0 
0 0 24 66 91 86 93 150 329 518 575 701 944 1270 1546 1918 2282 2685 3206 3666 4174 4770 5182 5493 5765 6336 6500 6737 6785 6753 6582 6589 6291 5835 5550 5035 4689 4395 3909 3440 3117 2835 2568 2240 2036 1701 1497 1336 1130 1010 909 733 641 597 481 425 377 324 273 250 197 194 146 140 117 89 83 79 84 51 24 34 29 29 21 24 12 9 16 8 11 13 3 5 2 5 4 1 4 4 2 2 2 3 0 0 2 1 2 0 1 0 0 1 1 0 0 0 1 0 0 0 0 0 0 0 0 0 0 0 0 0 0 0 0 0 0 0 0 0 0 0 0 0 0 0 0 0 0 0 0 0 
0 0 24 77 117 133 117 178 410 518 690 717 965 1315 1560 2006 2328 2784 3218 3709 4135 4662 5153 5602 5963 6186 6715 6741 6900 6706 6782 6480 6092 5774 5463 5099 4560 4250 3794 3556 3113 2802 2422 2167 1955 1744 1501 1302 1187 1016 844 749 643 548 516 422 377 309 303 224 206 193 150 126 96 110 101 70 68 57 48 56 25 35 26 31 23 26 21 20 14 12 11 6 9 9 5 1 6 3 0 2 3 1 2 2 2 1 1 2 0 0 0 0 0 0 0 1 0 0 0 0 0 0 0 0 0 0 0 0 0 0 0 0 0 0 0 0 0 0 0 0 0 0 0 0 0 0 0 0 0 0 
0 0 25 60 102 90 117 219 395 495 608 720 884 1184 1633 2056 2422 2696 3170 3708 4039 4518 4949 5592 5951 6077 6497 6694 6799 6813 6697 6474 6176 5771 5446 5286 4802 4243 4035 3640 3111 2809 2632 2350 2039 1756 1542 1384 1203 1093 918 787 725 636 561 418 385 325 286 231 197 180 156 157 113 99 74 62 69 50 47 36 47 27 28 29 21 14 16 15 14 9 2 8 6 3 5 4 4 4 4 5 2 2 5 1 2 1 0 0 2 0 0 0 0 0 1 0 0 0 0 0 0 0 0 0 0 0 0 0 0 0 0 0 0 0 0 0 0 0 0 0 0 0 0 0 0 0 0 0 0 0 
0 0 29 78 95 90 114 170 318 488 540 678 885 1151 1418 1816 2239 2738 3086 3597 4096 4470 5135 5517 5778 6175 6525 6648 6604 6691 6685 6369 6251 5966 5612 5263 4813 4452 3971 3590 3243 2911 2577 2319 2042 1838 1510 1363 1211 1084 953 817 698 640 536 475 419 342 254 258 215 191 166 137 109 99 93 85 76 48 52 37 31 37 27 17 14 13 9 7 10 5 8 9 4 2 4 2 2 3 3 2 5 2 1 1 0 1 1 1 0 1 1 0 0 0 1 0 0 0 0 0 0 0 0 0 0 0 0 0 0 0 0 0 0 0 0 0 0 0 0 0 0 0 0 0 0 0 0 0 0 0 
0 0 20 79 86 82 139 293 478 612 725 917 1196 1475 1815 2116 2542 3011 3435 4029 4589 5036 5635 6040 6339 6551 6784 6741 6791 6834 6611 6178 5915 5648 5212 4814 4512 4060 3600 3259 2934 2598 2184 1988 1764 1568 1334 1129 1058 883 795 686 588 523 453 449 352 309 264 210 205 179 140 144 115 105 93 63 59 52 51 28 31 31 21 19 21 17 11 13 6 4 3 7 6 2 3 4 2 2 0 0 3 1 0 0 0 2 0 0 0 0 0 0 0 0 0 0 0 0 0 0 0 0 0 0 0 0 0 0 0 0 0 0 0 0 0 0 0 0 0 0 0 0 0 0 0 0 0 0 0 0 
0 0 24 61 98 95 107 247 434 589 655 800 1060 1492 1832 2150 2451 2686 3353 4050 4387 4895 5225 5677 6233 6423 6577 6700 6984 6715 6703 6314 6065 5827 5380 4925 4539 4106 3802 3320 3047 2692 2339 2088 1835 1660 1414 1195 1022 911 778 684 584 549 458 368 336 325 240 224 184 175 136 126 100 97 78 72 62 50 39 31 38 28 27 22 7 11 9 13 14 8 10 3 8 4 3 1 5 2 2 2 0 0 3 1 1 0 0 0 1 1 0 1 0 0 1 1 0 0 5 0 0 1 0 0 0 0 0 0 0 0 0 0 0 0 0 0 0 0 0 0 0 0 0 0 0 0 0 0 0 0 
0 0 25 74 131 107 162 268 433 620 824 971 1128 1507 1930 2324 2873 3091 3628 4163 4625 5356 5733 5976 6287 6577 6750 6731 6733 6705 6306 6134 5839 5318 5046 4671 4372 4016 3387 3266 2836 2498 2157 1941 1717 1584 1352 1162 1076 889 818 704 589 500 447 406 348 279 247 216 191 157 156 139 97 113 75 82 63 37 45 36 37 33 24 28 30 16 17 6 8 12 11 7 6 5 5 5 5 5 3 2 4 2 1 1 2 0 0 0 0 0 0 0 0 0 0 0 0 0 0 0 0 0 0 0 0 0 0 0 0 0 0 0 0 0 0 0 0 0 0 0 0 0 0 0 0 0 0 0 0 0 
