0 0 48 56 51 105 247 260 307 468 473 655 886 1074 1381 1789 2140 2463 2923 3227 3629 4320 4544 4949 5419 5757 5915 6089 6265 6196 6075 6104 5860 5655 5236 5046 4729 4333 3974 3614 3330 2901 2655 2367 2101 1819 1605 1447 1156 1082 894 788 709 549 474 453 322 307 264 219 183 153 121 95 93 91 61 56 42 37 36 31 29 18 11 14 9 14 6 7 3 2 2 2 1 1 1 0 1 0 0 2 0 0 0 0 0 0 0 0 0 0 0 
0 0 124 108 119 152 251 287 355 515 505 845 1133 1193 1512 1809 2198 2618 2960 3486 3890 4232 4846 5064 5549 5780 6055 6231 6229 6378 6269 6015 5955 5631 5270 4860 4798 4231 3814 3522 3215 2829 2516 2311 2006 1675 1443 1281 1160 985 820 706 636 521 460 329 313 231 228 163 162 110 104 85 70 39 36 40 37 27 21 15 18 9 3 10 5 8 6 4 3 2 2 0 2 2 0 0 0 0 1 0 0 0 0 1 0 0 0 0 0 0 0 1 0 0 0 0 0 0 0 0 0 0 0 
0 0 75 62 48 109 146 189 257 338 263 441 699 850 1002 1365 1618 1813 2193 2670 3074 3450 3896 4428 4746 5167 5470 5557 5866 6171 6094 5999 5964 6023 5619 5474 5137 4742 4447 4098 3793 3368 3017 2676 2465 2094 1961 1644 1464 1293 1115 898 792 714 631 475 442 361 285 250 221 199 157 154 118 95 86 83 52 54 36 32 33 29 27 19 15 18 1 9 8 7 6 6 5 1 2 1 1 0 0 1 1 0 0 1 0 0 0 0 0 0 0 0 1 0 0 
0 0 61 69 64 145 216 301 491 542 468 651 938 1051 1325 1553 1887 2226 2564 2868 3263 3718 4122 4637 4993 5139 5439 5787 5936 5976 6103 5862 5773 5637 5434 5102 4844 4523 4143 3725 3420 3136 2805 2571 2260 1966 1774 1528 1255 1148 1072 862 724 627 562 486 373 316 375 236 206 191 158 132 115 99 99 69 61 45 41 40 29 26 21 11 19 17 7 11 4 2 2 4 6 1 1 1 1 0 0 1 0 0 0 0 0 0 0 0 0 0 0 
0 0 64 50 62 91 168 286 301 315 354 720 861 937 1201 1540 1737 2155 2463 2904 3407 4031 4179 4677 5170 5375 5764 5990 6100 6300 6209 6120 5999 5810 5583 5388 4946 4605 4175 3939 3496 3142 2889 2420 2184 1985 1801 1518 1361 1126 960 854 759 603 589 481 378 324 299 222 206 161 144 112 108 89 80 58 48 45 30 25 24 19 18 17 11 8 9 10 8 9 3 3 5 2 2 2 2 0 1 1 2 0 0 0 1 0 0 1 0 1 0 0 0 1 1 0 0 1 1 0 0 0 0 0 0 0 0 0 0 0 
0 0 50 47 55 85 188 261 300 382 301 408 641 776 901 1180 1415 1659 1986 2325 2878 3248 3615 4098 4444 4905 5219 5416 5761 6055 6093 6185 5952 5932 5863 5514 5143 4968 4705 4266 3882 3555 3227 2952 2578 2291 2104 1904 1528 1369 1215 1034 916 738 661 592 513 414 353 283 261 195 191 145 138 108 94 84 61 50 56 40 32 22 22 18 18 11 16 13 9 4 4 4 5 3 2 2 1 1 2 1 1 1 1 1 0 0 0 1 0 1 0 0 0 0 0 0 0 0 0 0 0 
0 0 55 52 38 136 209 274 350 448 426 628 855 1061 1333 1708 2002 2248 2785 3131 3414 3967 4438 4721 5205 5524 5798 5959 6048 6106 5959 5856 5906 5489 5370 4909 4664 4355 3969 3732 3322 3009 2654 2456 2160 1843 1637 1543 1240 1137 986 820 679 596 515 444 374 315 273 254 185 160 145 142 108 83 78 60 43 39 33 29 18 13 12 16 9 6 5 6 3 5 3 0 3 1 2 2 1 0 1 0 0 0 0 1 0 0 0 0 0 0 0 0 0 0 0 
0 0 64 67 59 119 233 310 422 547 492 782 977 1120 1399 1792 2124 2477 2925 3231 3859 4213 4504 5024 5276 5638 5933 5971 6005 6200 6100 6043 5780 5630 5369 4996 4744 4335 3943 3660 3325 2908 2760 2423 2128 1762 1657 1380 1177 1044 846 775 705 556 466 417 318 297 283 197 183 155 127 99 86 69 80 47 58 32 36 23 17 21 10 6 6 4 3 2 1 2 0 2 1 1 0 0 0 0 0 0 0 0 0 0 0 
0 0 70 64 56 134 164 308 502 561 481 751 1079 1273 1498 1927 2223 2627 3026 3428 3908 4452 4863 5196 5443 5768 6121 6117 6193 6089 6270 5975 5778 5614 5297 4962 4516 4179 3841 3466 3143 2743 2345 2225 1910 1715 1479 1267 1080 971 816 694 582 550 434 366 328 270 211 166 157 148 108 91 80 75 48 37 50 36 31 28 24 15 16 15 9 6 10 8 5 3 4 7 3 1 2 2 1 2 1 0 1 2 0 1 0 0 0 0 0 1 0 0 0 0 0 0 0 0 0 0 0 
0 0 93 67 69 129 171 224 270 381 340 683 812 880 1325 1579 1747 2225 2546 2879 3368 3828 4169 4609 5016 5362 5652 5901 6060 6281 6247 6073 5989 5916 5553 5332 4986 4580 4389 3879 3546 3196 2953 2526 2280 1928 1611 1480 1343 1160 996 772 781 607 529 422 378 291 269 227 197 151 133 113 103 77 66 59 50 47 36 28 29 16 14 12 15 10 6 6 8 1 1 5 2 1 3 0 1 2 0 1 0 1 0 1 0 0 0 0 0 0 0 0 0 0 0 
0 0 62 51 59 102 127 198 281 299 320 672 746 809 1059 1259 1540 1950 2278 2660 3125 3522 3879 4314 4736 5082 5478 5841 5699 6138 6192 6166 6002 5995 5743 5338 5244 4662 4324 4027 3701 3494 3059 2716 2479 2049 1894 1618 1471 1266 1116 936 836 675 604 548 450 396 337 256 269 218 166 139 132 121 91 78 70 39 52 48 31 27 25 12 13 14 6 10 12 11 9 6 5 2 3 0 0 3 0 0 0 0 0 0 0 0 0 0 0 
0 0 71 43 51 82 165 262 295 420 384 535 916 985 1294 1585 1990 2283 2677 3172 3537 4155 4500 4928 5207 5718 5866 6096 6354 6427 6211 6180 6067 5646 5533 5175 4781 4568 4099 3703 3263 3116 2726 2339 2128 1964 1613 1313 1164 1004 954 739 641 557 480 412 327 282 259 179 158 143 108 94 89 80 53 48 34 26 25 22 16 13 13 6 13 6 2 3 6 5 2 1 0 2 1 0 0 0 0 0 1 0 0 0 0 0 0 1 0 0 0 0 0 0 0 0 0 0 0 
0 0 67 63 52 252 259 314 459 644 720 942 1134 1469 1847 2095 2529 2898 3330 3860 4130 4794 5231 5501 5829 6020 6252 6479 6542 6289 6012 5853 5801 5413 5096 4710 4273 4012 3688 3297 2857 2693 2247 2038 1822 1497 1347 1120 968 875 706 647 525 495 366 328 269 226 189 168 131 124 104 77 65 67 56 31 30 40 21 18 18 13 11 11 3 6 8 2 4 4 5 4 3 2 0 1 1 1 1 3 0 0 0 0 0 0 1 0 0 1 0 0 0 0 0 0 0 0 0 0 0 
0 0 58 52 62 154 175 202 260 414 468 481 708 967 1164 1446 1782 2175 2443 2868 3361 3652 4221 4586 5020 5446 5629 5782 5903 6075 6289 5999 6026 5800 5579 5428 4974 4736 4205 3866 3600 3306 2928 2478 2340 2088 1789 1536 1350 1154 1000 878 818 658 557 518 412 337 310 267 205 191 172 129 90 76 73 71 47 35 40 35 25 20 16 16 15 12 6 11 7 8 7 2 4 6 4 0 2 0 3 0 0 1 0 1 0 0 0 0 0 0 0 0 0 0 0 
0 0 54 56 38 146 161 231 359 442 563 701 1014 1121 1389 1816 2185 2470 2981 3545 3743 4273 4697 4937 5248 5756 5783 6013 6245 6128 6015 5970 5782 5489 5117 4856 4555 4181 3718 3511 3186 2861 2560 2288 1956 1678 1533 1342 1089 1003 841 748 671 553 473 402 324 281 239 223 192 146 138 93 84 69 63 60 41 35 21 23 22 18 10 16 12 10 5 4 5 4 5 2 4 0 0 2 2 0 1 0 2 0 0 0 0 1 0 1 0 0 0 0 0 0 0 0 0 0 0 
0 0 71 59 62 89 136 263 326 388 550 719 1063 1223 1404 1709 2073 2561 2898 3396 3825 4187 4589 5148 5392 5728 5926 6096 6304 6408 6190 6026 6023 5759 5473 4993 4900 4403 3982 3658 3231 3022 2624 2283 2086 1890 1479 1379 1097 990 853 735 643 496 489 383 330 248 245 209 163 131 108 107 87 65 55 27 34 42 24 22 20 10 21 13 8 8 8 8 5 2 2 2 2 3 0 0 0 1 0 0 0 0 0 0 0 0 0 0 0 
0 0 81 74 56 168 187 219 309 407 474 800 1045 1139 1310 1782 2129 2294 2832 3306 3656 4203 4663 5035 5328 5685 5788 6168 6231 6056 6175 6078 5981 5629 5323 5140 4606 4299 3975 3636 3228 2832 2593 2393 1996 1823 1616 1418 1187 1056 833 687 659 551 511 433 362 283 249 229 152 156 120 120 78 85 62 56 33 49 28 27 25 21 11 11 10 9 11 10 1 6 5 4 2 5 4 1 4 1 1 2 0 2 1 1 0 0 1 0 0 0 0 0 0 0 0 0 0 0 
0 0 46 56 66 91 125 142 234 332 409 537 720 847 1020 1384 1578 1929 2249 2766 3151 3619 4104 4522 5092 5287 5503 5861 6112 6266 6276 6259 6155 5967 5659 5372 5200 4776 4396 3961 3689 3351 3060 2605 2401 2098 1849 1609 1388 1258 1024 919 736 668 540 487 386 350 296 260 177 172 157 99 100 81 63 46 63 47 38 24 22 18 16 13 5 4 8 5 2 2 3 1 5 1 0 1 0 1 1 1 0 3 0 0 0 0 0 1 0 0 0 0 0 0 0 0 0 0 0 
0 0 69 70 58 99 183 205 291 445 463 619 866 1018 1248 1472 1795 2162 2516 2833 3262 3715 4091 4469 5036 5255 5525 5814 6110 5982 6133 5973 5964 5687 5448 5228 5038 4583 4204 3929 3431 3162 2791 2521 2284 1988 1782 1614 1367 1177 996 951 733 614 554 489 384 339 304 260 217 185 163 112 116 95 71 65 62 42 35 30 25 19 20 18 16 13 6 8 4 8 5 5 5 2 7 0 1 3 1 0 1 1 1 0 0 0 1 2 0 0 0 0 0 0 0 1 2 0 0 0 0 0 1 0 0 0 0 0 0 0 0 0 0 0 
0 0 54 48 45 72 131 174 222 280 260 478 646 800 1039 1248 1515 1825 2109 2561 2923 3295 3880 4193 4760 5212 5357 5672 6010 6030 6163 6272 6219 5967 5867 5553 5351 5042 4604 4191 3976 3473 3128 2767 2516 2219 1986 1719 1454 1318 1104 981 840 678 609 476 427 343 336 270 218 187 136 123 106 91 80 72 51 33 33 26 24 27 12 11 11 7 10 9 6 5 3 2 4 5 1 1 1 3 0 0 0 3 1 2 0 0 1 0 1 0 0 0 0 0 0 0 0 0 0 0 
0 0 56 52 76 95 122 182 230 295 345 474 690 872 991 1371 1631 1915 2315 2706 2991 3488 4011 4429 4846 5140 5511 5699 5971 6002 6162 6109 5945 5784 5571 5488 5046 4684 4421 4187 3754 3297 3028 2713 2429 2135 1929 1651 1556 1275 1145 957 829 730 673 538 432 398 343 294 253 195 175 153 109 97 76 76 50 50 37 27 29 29 16 12 23 14 7 8 9 4 5 4 3 2 10 0 3 3 0 1 0 1 0 1 0 0 0 0 0 0 0 0 0 0 0 
0 0 59 58 49 98 197 225 246 414 421 665 810 1000 1344 1700 1981 2269 2757 3220 3598 4089 4557 5044 5393 5869 5957 6197 6389 6391 6545 6373 6157 5796 5530 5199 4801 4465 4084 3680 3377 3050 2570 2408 2126 1793 1637 1425 1206 1070 878 757 646 546 464 410 361 281 276 235 180 154 137 91 105 66 49 48 41 35 38 32 17 22 16 15 10 6 9 10 8 2 3 1 1 2 3 0 2 1 0 0 1 0 0 0 0 0 0 0 0 0 0 0 
0 0 53 68 60 131 217 238 385 495 452 633 912 1138 1313 1636 2048 2397 2725 3117 3583 4005 4380 4903 5275 5619 5922 6003 6133 6206 6032 6063 5859 5559 5424 4938 4677 4315 4038 3637 3296 3018 2728 2365 2047 1835 1714 1386 1276 1087 944 783 661 573 494 425 380 308 253 239 177 167 131 120 109 91 71 51 59 39 39 30 21 24 17 14 17 14 5 6 5 5 3 2 1 3 1 1 1 1 1 0 0 0 0 0 0 0 0 0 0 0 
0 0 51 60 56 93 135 156 232 274 366 487 640 876 1144 1389 1690 2158 2458 2912 3324 3544 4124 4597 5153 5342 5704 5944 6213 6071 6197 6130 6140 5939 5553 5275 5072 4686 4294 3922 3626 3305 2972 2635 2360 2068 1847 1593 1308 1269 1062 954 759 628 532 454 415 337 297 240 204 183 134 111 92 88 61 58 43 47 31 33 18 26 17 17 8 6 7 5 2 6 3 3 2 4 5 1 3 0 1 1 0 1 0 1 1 0 0 0 0 0 0 0 0 0 0 0 
0 0 68 51 59 129 143 184 356 421 435 767 925 1018 1348 1570 2045 2378 2706 3342 3585 4064 4584 5004 5270 5679 5785 5997 6161 6189 6082 6128 5977 5617 5315 5064 4647 4390 4044 3653 3189 2937 2703 2346 2143 1734 1545 1386 1184 1029 836 785 664 555 492 406 343 323 224 221 164 155 126 110 97 80 59 74 56 33 30 20 19 18 16 20 15 11 9 8 4 6 3 4 3 1 1 2 1 3 1 1 1 1 0 0 0 0 0 0 0 0 0 0 0 
0 0 69 52 69 207 222 248 393 455 446 709 954 1040 1424 1840 2125 2549 3013 3290 3864 4317 4555 5012 5553 5834 6036 6153 6301 6222 6230 6327 5748 5690 5420 5041 4662 4349 3957 3689 3298 2921 2558 2232 2012 1724 1522 1373 1127 1021 876 738 653 529 415 390 326 288 255 184 172 134 108 81 81 80 66 46 40 34 27 23 15 18 12 17 4 9 5 8 1 4 2 1 2 2 1 3 4 0 1 3 1 0 3 0 0 3 0 1 0 1 0 1 0 0 3 1 0 0 0 0 0 0 1 0 0 0 0 0 0 0 0 1 0 0 
0 0 53 64 54 139 192 204 270 420 492 652 949 1113 1326 1663 1896 2389 2811 3083 3585 4082 4394 5018 5345 5611 5816 6218 6376 6440 6203 6174 6156 5838 5562 5210 4876 4532 4159 3661 3394 3077 2768 2400 2132 1818 1647 1481 1212 1113 911 745 674 578 488 422 352 295 261 231 155 143 119 95 74 81 45 42 57 30 22 24 17 22 10 16 8 3 1 4 3 2 2 1 0 2 1 0 1 1 0 1 0 0 0 2 0 0 0 0 0 0 0 0 0 0 0 
0 0 48 56 37 81 167 240 284 369 324 495 701 785 910 1260 1629 1760 2115 2488 2781 3282 3658 4101 4504 4962 5290 5435 5651 5981 6182 6161 6107 6229 5769 5524 5294 4982 4604 4363 3926 3551 3239 2915 2571 2382 2031 1882 1523 1378 1189 968 878 794 632 621 482 398 337 306 243 196 177 158 129 107 88 67 58 60 36 24 46 27 19 14 19 19 14 17 11 5 13 9 3 9 4 3 1 2 1 2 1 2 1 0 1 0 0 0 1 0 0 0 0 0 0 0 0 0 0 0 
0 0 57 56 46 185 174 239 346 593 592 755 1027 1253 1572 2031 2227 2656 3035 3561 3918 4193 4809 5331 5620 5788 6073 6349 6445 6268 6293 6080 5824 5542 5220 4825 4687 4172 3906 3459 3045 2684 2487 2220 1866 1656 1468 1207 1113 933 771 666 565 481 404 359 304 265 219 174 136 107 109 105 70 61 47 40 26 21 21 27 12 9 16 7 8 5 7 6 2 1 2 2 0 0 0 3 2 1 0 1 1 0 0 0 2 1 1 0 0 0 1 0 0 0 0 0 0 0 0 0 0 0 
0 0 78 50 51 103 121 261 339 398 355 585 764 918 1090 1371 1669 2010 2370 2730 3080 3524 3894 4347 4674 5098 5354 5688 5820 5817 5884 6087 5931 5707 5665 5352 5020 4770 4381 3989 3692 3396 3036 2828 2364 2246 1960 1639 1422 1171 1125 981 798 706 575 543 469 383 319 274 260 219 168 122 136 92 97 67 64 47 50 29 27 31 25 17 11 12 12 14 6 8 4 2 4 1 2 1 5 1 2 3 1 2 0 1 1 4 0 1 0 0 2 0 0 0 1 0 0 0 0 0 1 0 0 0 0 0 0 0 0 0 0 0 
0 0 71 50 42 140 187 225 291 413 405 658 871 963 1418 1587 1944 2286 2753 3073 3621 4007 4294 4842 5424 5682 5630 6098 6197 6185 6216 5942 5753 5713 5491 5084 4689 4392 4008 3711 3306 2970 2708 2433 2092 1843 1685 1428 1286 1109 920 844 722 636 530 424 390 329 275 242 176 164 141 106 100 75 57 57 39 48 33 19 30 17 16 15 12 9 3 8 3 5 4 3 4 1 1 0 1 2 0 0 1 1 0 0 0 0 0 0 0 0 0 0 0 
0 0 43 44 44 124 162 185 277 325 269 507 717 882 1021 1384 1616 1882 2263 2659 3040 3437 3878 4340 4741 5092 5499 5808 5975 6082 6183 6066 6142 5829 5655 5387 5250 4926 4398 4113 3755 3462 3101 2832 2513 2131 1901 1744 1394 1329 1214 948 866 771 603 531 441 418 335 310 232 193 153 145 127 90 76 54 71 54 32 35 24 19 17 9 10 16 4 5 4 2 3 3 1 3 0 0 0 0 0 0 0 0 0 0 0 
0 0 69 59 47 119 170 185 289 402 339 481 578 819 1003 1214 1395 1736 2312 2575 2768 3170 3826 4151 4480 4946 5239 5476 5846 5806 5811 5930 6050 5724 5578 5385 5071 4798 4580 4300 3854 3524 3194 2841 2574 2390 2072 1795 1556 1404 1211 1101 904 743 668 595 472 402 376 318 249 196 187 147 115 105 90 61 53 41 33 28 29 18 28 14 8 13 5 6 11 8 6 4 3 5 3 4 1 4 4 0 0 1 0 1 0 1 0 0 1 0 0 0 0 0 0 0 0 0 0 0 
0 0 60 53 58 128 159 252 310 361 353 502 696 858 1232 1476 1645 2046 2350 2684 3011 3549 4183 4576 4948 5242 5596 5837 6062 6131 6243 6350 6113 5981 5581 5318 5054 4785 4352 3927 3611 3387 3010 2564 2461 2059 1869 1572 1371 1196 1058 881 784 670 592 495 396 346 271 265 222 166 136 125 93 97 75 61 45 46 39 28 23 19 18 11 13 5 11 11 5 4 2 3 1 5 3 2 0 4 3 1 0 3 0 0 1 0 0 2 0 0 0 0 0 0 0 0 0 0 0 
0 0 62 75 66 91 251 312 341 465 518 636 973 1066 1244 1605 2033 2317 2613 3002 3478 3968 4375 4815 5078 5550 5632 5891 6077 6125 6170 5985 5804 5672 5364 5117 4811 4458 4034 3759 3405 3069 2815 2432 2159 1910 1664 1560 1306 1118 938 870 717 638 542 429 420 318 251 256 212 167 132 127 101 86 63 66 55 46 37 31 21 23 15 12 8 11 16 10 3 2 4 4 4 3 2 0 4 3 0 1 0 0 0 1 0 0 0 0 0 0 0 0 0 0 0 
0 0 68 59 53 164 207 184 321 562 549 697 1116 1220 1524 1852 2195 2635 2966 3509 3991 4397 4784 5101 5551 5878 6243 6234 6218 6288 6256 6065 5892 5667 5348 5076 4699 4215 3859 3661 3215 2898 2604 2208 1925 1743 1475 1271 1079 1033 842 694 580 481 423 328 297 237 216 170 140 113 104 78 78 64 48 32 27 28 37 15 18 24 7 3 4 9 8 5 1 2 2 3 3 1 3 1 0 1 1 0 1 0 0 0 0 0 0 0 0 0 0 0 
0 0 70 69 39 181 242 283 356 614 586 751 1071 1272 1613 2038 2277 2786 3212 3540 4082 4581 5157 5412 5726 6075 6173 6305 6309 6369 6268 6004 5815 5567 5258 4768 4447 4148 3732 3435 2997 2711 2397 2074 2006 1622 1409 1257 1059 917 799 657 563 463 442 349 305 230 220 197 148 123 102 79 85 65 49 45 43 24 29 20 13 9 17 5 8 10 4 0 4 0 0 1 0 1 3 0 0 1 0 1 0 0 0 0 0 0 0 0 0 0 0 
0 0 77 51 37 206 223 320 463 594 535 796 1025 1230 1518 1917 2182 2650 3109 3310 3872 4369 4699 4885 5352 5723 5944 5997 6129 6096 6042 5927 5754 5513 5232 4949 4542 4144 3865 3576 3159 2807 2559 2323 2001 1704 1569 1316 1153 996 763 747 625 501 441 375 338 263 218 210 137 124 119 81 73 60 58 48 26 34 24 25 24 13 17 12 8 10 2 6 4 8 4 4 1 4 3 0 0 2 0 1 0 0 0 0 0 0 0 0 0 0 0 
0 0 59 49 45 89 135 157 216 298 318 505 651 738 1007 1298 1541 1865 2228 2516 3042 3399 3938 4294 4773 5017 5401 5692 5896 6180 6109 6134 6036 5979 5710 5432 5110 4910 4514 4226 3822 3397 3165 2767 2532 2239 1894 1717 1465 1303 1112 1001 768 737 607 508 452 388 329 250 238 204 150 140 116 94 93 58 56 48 34 35 33 28 16 12 16 10 5 7 7 9 3 4 1 2 0 0 0 0 0 0 0 0 0 0 0 
0 0 83 63 61 172 247 287 435 541 527 756 983 1091 1505 1877 2119 2534 3082 3345 3719 4337 4624 5000 5423 5727 5907 6202 6224 6278 6058 6014 5849 5498 5316 5026 4703 4228 3776 3600 3200 2882 2573 2252 1927 1742 1516 1370 1077 943 882 709 631 515 406 377 323 274 255 188 176 141 110 99 73 69 59 63 45 25 21 26 16 14 24 18 7 6 5 4 3 1 2 1 3 0 1 1 0 0 0 0 0 0 1 0 0 0 0 0 0 0 0 0 0 0 
0 0 102 55 61 286 326 327 569 879 612 908 1443 1673 1791 2463 2744 3173 3529 4007 4305 4870 5089 5439 5871 6050 6145 6343 6158 6142 6050 5770 5598 5260 4949 4434 4169 3830 3498 3134 2719 2539 2225 1939 1619 1496 1312 1107 938 782 724 615 484 452 363 298 260 200 163 170 140 100 76 86 77 57 42 36 31 15 33 11 11 20 12 10 9 4 5 4 4 1 2 2 2 1 0 1 0 0 0 0 0 1 0 0 0 0 0 0 0 0 0 0 0 
0 0 59 52 57 93 106 147 256 347 249 535 807 853 969 1297 1606 1773 2176 2616 2961 3300 3858 4282 4675 5102 5489 5697 5996 6006 6088 6254 6182 6010 5822 5531 5134 4806 4496 4282 3839 3545 3111 2767 2621 2245 1978 1717 1508 1362 1132 997 814 724 591 473 434 381 322 281 216 201 151 129 122 72 73 61 58 51 35 27 38 23 23 16 12 7 10 9 5 5 6 1 3 6 1 1 3 0 3 1 2 0 1 0 1 0 2 0 0 0 0 0 0 0 0 0 0 0 
0 0 68 81 42 126 182 220 286 419 444 602 894 956 1211 1637 1814 2112 2513 2966 3327 3716 4293 4665 5048 5405 5700 5925 5980 6066 6249 6242 5969 5740 5514 5305 4951 4549 4258 3741 3576 3231 2903 2610 2305 2021 1688 1590 1309 1154 1014 835 702 649 553 498 427 337 290 244 211 162 147 150 95 92 66 45 67 49 37 31 27 19 13 23 12 10 10 10 6 6 7 1 5 2 3 1 2 0 0 0 1 0 2 0 0 0 1 0 0 0 0 0 0 0 0 0 0 0 
0 0 71 56 52 175 310 353 508 600 602 859 1153 1395 1748 2151 2403 2793 3290 3619 4009 4677 4834 5267 5687 6014 6142 6179 6228 6237 6115 6024 5803 5514 5247 4776 4588 4029 3674 3330 3003 2670 2430 2123 1768 1602 1422 1257 952 896 766 621 546 460 383 327 293 242 190 174 149 111 106 70 64 52 36 40 27 22 29 14 18 13 8 7 6 2 7 4 3 3 3 1 1 2 0 0 0 1 0 0 1 0 0 0 0 0 0 0 0 0 0 0 
0 0 61 68 53 161 171 230 344 407 360 526 761 887 1153 1598 1755 2134 2460 2846 3306 3742 4175 4618 4958 5434 5608 5801 6048 6163 6118 5887 5839 5694 5658 5187 4915 4548 4202 3887 3483 3181 2877 2557 2305 1997 1756 1601 1328 1148 1020 847 768 660 564 467 402 312 272 248 209 182 136 132 97 104 65 61 51 48 43 23 35 23 18 21 10 6 13 7 9 8 4 3 5 5 4 1 1 2 3 0 2 1 1 0 1 1 0 0 0 0 0 0 0 0 0 0 0 
0 0 67 53 45 81 129 188 190 381 415 512 724 766 1042 1246 1465 1980 2254 2583 3010 3409 3869 4213 4637 5039 5312 5651 5910 6011 6000 6034 6026 5944 5651 5422 5104 4868 4487 4164 3708 3459 3257 2783 2457 2209 1883 1751 1492 1258 1130 1032 857 663 635 545 462 376 311 263 256 197 173 165 147 106 96 86 56 43 46 45 40 11 16 22 5 8 12 8 5 6 6 4 5 6 1 2 3 2 2 1 3 0 0 3 0 0 0 0 0 0 0 0 0 0 0 
0 0 73 43 44 241 257 241 401 654 561 743 1038 1276 1470 1837 2134 2568 3114 3399 3804 4214 4542 5182 5325 5706 6001 5979 6149 6000 6106 5838 5744 5568 5208 4843 4534 4292 3895 3394 3169 2860 2574 2251 1925 1708 1522 1276 1149 1013 837 732 638 544 462 375 303 267 250 189 168 136 114 106 87 66 64 49 40 22 23 22 13 10 13 11 9 6 7 5 4 1 0 2 2 2 2 1 0 1 2 1 1 0 1 1 0 0 0 0 0 0 0 0 0 0 0 
0 0 66 86 66 162 244 292 401 590 574 720 1105 1237 1592 1992 2289 2589 3173 3518 3900 4420 4920 5232 5623 5797 6118 6241 6208 6353 6055 6066 5734 5598 5153 4871 4518 4196 3792 3476 3102 2792 2532 2189 1810 1655 1468 1260 1085 929 844 686 576 460 441 366 315 250 236 196 150 115 112 96 103 77 53 48 39 38 27 21 14 9 17 10 8 4 4 5 6 2 1 1 2 1 0 1 0 0 0 1 0 0 0 0 0 0 0 0 0 0 0 
0 0 69 64 48 131 139 157 277 374 398 529 776 975 1184 1433 1831 2126 2564 2794 3268 3645 4118 4472 4969 5193 5694 5895 6155 6065 6267 6185 6022 5794 5739 5416 5196 4722 4458 4091 3718 3278 3013 2536 2298 2083 1848 1607 1376 1179 992 893 787 661 527 434 399 322 261 238 192 155 156 110 109 77 76 51 46 51 31 26 24 21 13 17 14 10 8 13 7 5 4 2 5 1 2 0 1 0 0 0 1 0 0 0 0 0 0 0 0 0 0 0 
0 0 63 52 59 149 242 320 382 567 560 829 1049 1261 1518 2051 2348 2696 3132 3613 3927 4630 5004 5384 5660 6043 6281 6262 6438 6470 6197 6236 5816 5662 5242 4930 4496 4146 3749 3353 2997 2768 2440 2064 1872 1677 1398 1154 1058 933 760 623 542 487 411 315 298 231 188 194 152 128 96 101 70 51 48 39 35 23 24 20 14 11 10 8 7 7 7 5 3 1 2 0 0 4 2 1 0 0 0 1 0 0 0 0 0 0 0 0 0 0 0 
0 0 82 56 46 133 173 231 294 535 293 413 772 904 978 1280 1596 1876 2132 2443 2840 3105 3773 4113 4505 4685 5216 5479 5676 5772 5984 5991 6003 5793 5709 5362 5154 4855 4636 4174 3876 3495 3191 2856 2556 2261 2014 1725 1499 1309 1205 1013 921 802 604 550 449 373 318 281 224 238 169 138 129 116 87 73 59 54 43 33 35 29 20 22 15 13 17 10 13 10 5 5 2 4 6 6 3 2 3 2 1 0 1 1 1 1 0 1 0 0 0 0 0 0 0 0 0 0 0 
0 0 58 38 51 98 121 179 201 239 231 329 390 586 868 1005 1142 1482 1780 1920 2343 2754 3180 3504 4056 4384 4559 4989 5289 5513 5665 6033 5841 6011 5872 5836 5395 5323 4957 4734 4324 4001 3791 3309 2977 2586 2439 2117 1786 1708 1397 1240 1093 890 799 701 598 551 486 379 305 274 227 201 169 150 124 100 85 58 41 39 38 37 31 20 13 15 13 9 11 8 12 7 4 5 4 2 3 5 2 3 2 1 3 1 1 2 1 0 1 1 0 1 0 1 0 0 0 0 0 0 0 0 0 0 0 
0 0 55 53 26 85 179 205 264 411 361 648 905 981 1210 1440 1798 2103 2430 2874 3172 3719 4135 4498 4912 5335 5665 5759 5933 6111 6150 6057 5996 5913 5593 5466 5027 4772 4328 3952 3534 3166 2941 2610 2354 1969 1714 1529 1349 1152 1016 898 744 628 589 441 411 352 303 237 179 157 127 120 83 85 61 51 55 52 34 26 16 17 19 16 5 13 6 6 7 1 2 5 2 4 2 2 3 0 0 1 1 0 0 0 0 0 0 0 0 0 0 0 
0 0 56 60 59 89 210 346 394 587 554 665 1052 1302 1509 1791 2328 2667 3095 3533 4012 4481 4901 5296 5511 5897 6202 6393 6323 6401 6231 6194 5938 5589 5305 5038 4539 4205 3789 3450 3080 2838 2432 2146 1906 1668 1497 1261 1125 928 748 694 585 546 439 339 299 279 198 169 132 118 125 101 70 74 43 50 39 34 38 25 19 15 11 12 7 6 5 2 3 4 1 1 3 3 0 2 0 0 1 1 0 0 3 0 0 0 0 0 0 0 0 0 0 0 
0 0 63 49 56 189 208 247 359 472 411 751 890 1076 1187 1678 1915 2315 2659 3144 3435 3991 4322 4585 5171 5390 5753 5984 5935 5912 6005 6037 5707 5496 5538 5204 4743 4459 4091 3635 3447 3053 2733 2476 2172 1934 1632 1468 1241 1098 919 828 696 603 508 469 384 341 272 224 181 161 138 107 92 66 63 63 33 41 26 32 18 15 21 19 16 16 7 5 4 2 2 5 5 2 1 3 1 0 0 0 1 0 0 0 0 1 0 0 0 0 0 0 0 0 0 0 0 
0 0 64 64 53 70 145 175 248 395 356 511 757 939 1152 1459 1748 2106 2350 2729 3163 3615 4179 4584 4827 5172 5569 5796 6015 6107 6049 6073 6115 5824 5601 5325 4967 4625 4250 3961 3661 3309 2917 2656 2409 2157 1873 1736 1422 1242 1071 936 834 771 593 571 441 368 307 290 217 197 169 138 106 110 79 63 50 58 45 27 27 24 17 18 16 12 9 5 10 3 3 4 3 0 3 2 0 0 0 1 0 0 1 0 0 1 0 0 0 0 0 0 0 0 0 0 0 
0 0 53 53 38 79 106 129 188 271 266 357 514 698 893 1112 1204 1630 2034 2340 2634 3114 3683 4107 4501 5015 5344 5690 5834 5943 6208 6253 6111 6230 5950 5762 5436 4888 4841 4359 4096 3634 3337 2955 2657 2406 2051 1894 1654 1452 1242 1048 875 748 702 564 496 387 370 298 272 205 185 148 138 85 93 66 68 53 46 35 23 21 16 11 18 12 9 11 4 3 4 8 1 2 1 2 1 2 1 0 0 1 0 1 0 0 0 0 0 1 0 0 0 0 0 0 0 0 0 0 0 
0 0 66 62 62 97 156 177 279 335 254 455 711 750 1031 1285 1599 1782 2183 2521 2925 3388 4006 4381 4807 5225 5426 5741 6043 6009 6207 6191 6112 5844 5668 5463 5088 4777 4564 4178 3711 3500 3059 2817 2549 2185 1893 1766 1587 1301 1146 1051 856 753 618 551 488 380 335 284 249 206 167 153 111 107 81 65 57 41 42 42 27 20 16 14 12 12 10 4 5 5 3 3 1 5 1 1 1 0 0 0 0 0 1 0 0 0 0 0 0 0 0 0 0 0 
0 0 61 41 54 171 233 224 338 471 457 644 923 1102 1495 1772 2081 2418 2908 3232 3730 4247 4730 5240 5410 5781 6021 6070 6295 6338 6250 6216 5812 5967 5363 5060 4800 4459 4014 3646 3319 2999 2697 2394 2001 1813 1635 1347 1135 1031 848 780 583 541 461 396 326 304 237 207 180 143 143 91 89 70 63 56 31 22 32 26 19 14 13 6 5 10 2 4 1 2 5 1 0 2 1 0 0 1 0 0 1 0 0 0 0 0 0 0 0 0 0 0 
0 0 68 59 62 93 228 281 303 463 465 618 966 1102 1362 1628 1982 2221 2532 3076 3417 3912 4313 4705 5031 5441 5654 5833 5960 6012 6018 5999 5746 5549 5406 5076 4693 4387 4068 3797 3358 3005 2805 2531 2169 1943 1632 1431 1227 1129 978 855 771 629 531 436 387 326 270 216 200 148 141 133 118 80 72 58 34 44 29 25 26 23 14 14 17 7 7 2 7 7 3 2 2 2 0 2 2 1 2 0 0 0 1 0 0 1 0 0 0 0 0 0 0 0 0 0 0 
0 0 65 60 54 89 125 174 208 331 337 489 644 733 1024 1232 1501 1821 2088 2536 2853 3393 3949 4264 4617 5140 5346 5751 5925 6105 6119 6283 6054 6062 5684 5558 5354 4816 4611 4223 3839 3480 3068 2848 2476 2234 1993 1775 1501 1384 1112 1010 825 707 618 551 457 393 341 287 230 215 166 140 137 82 75 76 53 60 39 29 31 23 27 14 15 11 8 3 12 5 7 3 2 2 3 0 2 0 2 0 1 1 0 0 0 0 2 1 0 0 0 0 0 0 0 0 0 0 0 
0 0 64 52 49 96 116 121 197 323 246 458 609 704 951 1162 1400 1646 2116 2458 2735 3320 3744 4030 4644 4928 5417 5727 5866 5949 6139 6267 5938 6116 5930 5584 5306 4997 4697 4255 4081 3667 3336 2922 2718 2246 1971 1847 1572 1462 1107 1000 914 714 664 555 476 419 307 281 262 190 158 132 103 107 86 70 58 50 39 41 24 23 18 16 7 4 6 6 5 3 3 1 1 0 0 0 0 1 0 0 1 0 0 0 0 0 1 0 0 0 0 0 0 0 0 0 0 0 
0 0 64 41 58 124 194 280 372 542 550 782 1114 1242 1360 1822 2195 2607 2990 3383 3778 4436 4697 5033 5442 5594 5980 6107 6126 6111 6154 5972 5692 5435 5259 4830 4438 4100 3755 3401 3174 2731 2437 2179 1878 1699 1486 1278 1161 1010 863 701 641 564 442 409 316 288 253 168 189 149 139 89 74 55 48 68 39 34 21 16 23 9 14 12 5 4 8 3 4 3 1 2 3 1 0 2 0 0 0 2 0 0 0 0 0 0 0 0 0 0 0 
0 0 47 57 57 71 102 165 200 214 230 273 437 478 698 760 1024 1343 1555 1923 2218 2528 3079 3532 3857 4306 4557 5091 5342 5594 6147 6173 6114 6197 6112 5907 5645 5505 5108 4699 4576 4169 3883 3440 3064 2834 2416 2230 1923 1745 1505 1271 1106 943 816 720 560 520 434 357 296 270 251 212 168 137 110 101 66 60 51 58 41 32 27 16 24 12 9 5 13 6 5 6 5 3 2 3 0 1 3 0 0 1 2 0 0 0 0 0 0 0 0 1 0 0 
0 0 72 64 77 135 186 265 408 473 494 629 880 1000 1182 1409 1821 2122 2415 2746 3266 3870 4108 4403 4931 5168 5599 5695 5988 5964 6114 6105 5847 5635 5478 5252 4862 4504 4208 3876 3606 3209 2916 2518 2289 1998 1743 1506 1325 1195 1079 909 711 644 559 463 385 329 275 264 194 177 171 144 102 76 90 68 62 55 41 35 37 19 19 15 17 9 7 11 8 5 5 2 2 3 1 2 3 0 1 1 0 0 0 1 0 1 0 0 0 0 0 1 0 0 0 0 0 0 0 0 0 0 0 
0 0 69 62 54 167 169 219 299 476 374 663 930 1063 1271 1559 1863 2205 2595 2986 3530 3888 4187 4487 5082 5323 5462 5886 5870 6022 6224 6026 5844 5621 5404 5063 4963 4609 4112 3870 3526 3164 2854 2521 2188 2046 1747 1519 1334 1187 1002 883 738 625 520 443 374 360 267 243 201 196 154 107 97 75 64 73 64 39 36 27 26 18 17 8 14 4 12 5 4 4 5 3 1 1 2 2 0 0 0 0 0 0 0 0 0 0 0 
0 0 56 70 67 126 208 238 272 386 367 483 782 951 1196 1402 1815 2138 2513 2941 3223 3747 4270 4569 5063 5374 5607 5783 6203 6180 6246 6293 6109 5730 5681 5451 5086 4616 4295 3847 3632 3232 3009 2583 2303 2019 1791 1510 1310 1152 1019 844 770 648 565 479 407 322 287 247 200 175 149 121 103 91 66 54 52 50 33 27 28 14 11 13 11 13 6 5 6 5 7 6 3 1 2 4 2 2 1 0 0 1 2 1 1 0 0 0 0 0 0 0 0 0 0 0 
0 0 58 62 62 90 136 164 238 382 393 556 710 765 1130 1465 1731 1938 2415 2673 2993 3515 3943 4312 4774 5096 5448 5643 5970 5954 5954 6078 5953 5890 5653 5283 5081 4890 4367 3994 3752 3426 2974 2781 2417 2184 1876 1617 1413 1213 1103 926 792 642 587 460 394 354 328 259 225 192 156 130 117 91 76 72 70 59 34 46 30 25 19 17 14 15 11 14 14 10 0 5 2 4 2 1 0 3 2 1 1 1 1 2 0 0 3 1 1 1 1 0 0 1 0 0 0 0 0 0 0 0 0 0 0 
0 0 55 50 54 155 180 190 312 413 364 490 868 945 1197 1563 1857 2070 2525 2887 3383 3758 4119 4602 5141 5353 5665 6085 6150 6269 6367 6429 6037 5918 5748 5357 4885 4630 4240 3910 3610 3261 2831 2533 2220 2056 1701 1485 1271 1141 960 866 765 593 547 457 367 321 265 210 173 154 132 98 102 72 62 63 40 36 32 16 21 21 13 11 5 7 6 7 5 4 4 4 0 0 4 1 0 1 2 1 0 0 0 0 0 0 0 0 0 0 0 
0 0 43 44 52 131 128 168 288 331 344 541 641 693 1064 1322 1504 1828 2065 2598 2950 3157 3741 4264 4615 4883 5311 5582 5746 6006 5993 5883 6037 6046 5812 5402 5109 4971 4565 4241 3864 3582 3175 2895 2550 2292 2073 1818 1560 1333 1147 1042 854 763 650 532 477 396 317 279 256 183 175 153 127 96 88 68 56 71 40 43 28 23 20 16 13 9 11 8 4 3 4 2 0 2 4 0 3 0 2 0 1 1 0 0 1 0 0 0 0 0 0 0 0 0 0 0 
0 0 64 63 74 84 169 221 307 411 333 479 802 921 1102 1435 1785 2031 2404 2872 3245 3625 4109 4587 4939 5255 5483 5680 5947 6112 6046 6049 6037 5766 5597 5127 4883 4537 4305 3996 3538 3302 3055 2567 2323 2122 1872 1605 1406 1299 1093 869 833 710 603 532 448 345 311 275 230 183 175 143 120 91 83 68 53 52 47 29 30 26 11 10 11 12 9 10 2 3 2 3 4 2 3 0 3 0 1 0 0 0 1 0 0 0 0 0 0 0 0 0 0 0 
0 0 85 58 57 90 160 196 238 445 310 441 753 742 827 1238 1546 1596 1998 2275 2603 3046 3592 3910 4022 4596 4938 5156 5366 5642 5602 5892 5823 5666 5502 5297 5186 4924 4601 4401 4021 3576 3382 2988 2647 2486 2130 1978 1725 1495 1268 1125 934 828 725 635 533 434 402 283 253 256 207 150 128 120 102 75 71 54 51 38 34 29 21 25 16 12 19 10 13 8 8 2 4 5 2 2 5 1 4 0 3 0 0 1 0 1 0 0 1 0 0 0 0 0 0 0 0 0 0 0 
0 0 53 62 54 87 222 219 297 394 509 640 860 985 1167 1648 1883 2124 2555 2961 3342 3898 4259 4656 4996 5449 5751 5911 5994 6170 6172 6093 5872 5864 5572 5195 4995 4561 4048 3779 3455 3151 2839 2518 2169 1899 1668 1476 1349 1190 985 844 739 610 511 445 408 320 288 222 191 154 129 117 89 88 83 53 58 39 39 29 21 19 23 24 12 14 13 5 6 4 8 8 7 2 1 1 2 0 2 3 2 1 1 0 0 0 0 0 0 0 1 0 0 0 0 0 0 0 0 0 0 0 
0 0 57 60 42 116 141 164 230 308 177 403 668 670 894 1129 1307 1611 1922 2251 2731 3153 3618 3982 4338 4710 5167 5430 5710 5872 6081 6163 6169 5920 5810 5673 5414 5202 4671 4461 4094 3733 3300 3075 2727 2424 2153 1842 1654 1454 1205 1084 941 794 668 564 478 429 388 325 269 196 162 138 115 109 64 70 60 52 36 32 31 24 17 16 10 7 9 5 4 5 3 2 5 4 3 2 2 2 1 0 0 0 1 0 0 0 0 2 0 0 0 0 0 0 0 0 0 0 0 
0 0 67 60 60 95 126 208 268 298 288 470 720 843 998 1299 1714 1910 2262 2615 3071 3618 3928 4410 4967 5300 5481 5851 6071 6251 6365 6240 6155 6015 5909 5624 4991 4909 4553 4074 3707 3472 3083 2817 2514 2094 1836 1630 1407 1202 1088 976 744 687 561 486 395 318 275 246 215 194 129 105 83 75 67 60 60 40 27 24 16 18 16 10 14 6 11 2 3 2 1 2 2 3 1 0 0 1 1 2 1 1 1 0 0 0 1 1 1 1 0 0 0 1 0 1 0 0 1 0 0 0 1 0 0 0 1 0 0 0 0 0 0 0 0 0 0 0 
0 0 64 59 48 65 111 148 199 213 251 333 497 670 709 880 1178 1448 1714 2033 2499 2804 3234 3737 4034 4440 4881 5171 5427 5784 5784 5984 6097 6191 5844 5686 5448 5173 5027 4630 4300 3883 3599 3203 2953 2588 2334 2067 1769 1566 1372 1199 1038 879 776 653 586 485 434 345 319 251 217 185 159 151 103 106 75 63 60 59 41 33 36 25 21 18 12 12 12 11 5 6 10 1 4 4 3 5 0 2 0 3 1 1 2 0 0 0 1 0 0 0 0 0 0 0 0 0 0 0 
0 0 46 48 47 74 165 160 239 349 239 401 710 745 854 1320 1412 1811 2150 2341 2782 3292 3693 4117 4516 4871 5291 5687 6060 6037 6125 6248 6192 5983 5810 5594 5489 5054 4672 4299 3992 3578 3294 2920 2630 2271 2062 1772 1579 1370 1162 1025 904 759 637 564 498 402 342 273 251 200 175 136 121 102 79 86 67 42 64 37 37 22 16 15 22 13 10 10 12 5 6 4 8 2 3 2 0 1 2 0 1 1 0 0 0 0 0 0 0 0 0 0 0 
0 0 48 56 57 107 191 260 303 471 564 804 1023 1274 1522 1854 2305 2560 2967 3475 4036 4271 4749 5262 5576 5907 6091 6270 6376 6282 6270 6112 5864 5638 5354 4886 4590 4323 3974 3464 3158 2789 2421 2217 2018 1724 1525 1251 1106 921 781 672 583 459 449 342 289 242 212 204 163 127 105 111 65 78 45 50 31 26 18 18 15 15 13 7 15 6 2 4 4 0 2 3 0 0 1 0 0 0 1 0 1 0 0 1 0 0 0 0 0 0 0 0 0 0 0 
0 0 66 79 56 84 192 220 261 451 369 571 835 918 1188 1451 1738 2057 2450 2903 3255 3732 4169 4654 4967 5449 5732 5850 6157 6239 6275 6059 6090 5997 5499 5397 5005 4645 4336 4041 3563 3235 2860 2531 2267 2014 1742 1547 1307 1112 981 854 760 602 520 426 379 326 257 222 208 162 128 106 82 98 66 65 50 40 34 25 22 19 13 13 21 5 8 7 4 3 2 2 2 1 2 1 0 0 1 0 0 0 0 0 0 0 0 0 0 0 
0 0 69 71 63 101 165 255 302 337 503 677 809 1017 1289 1637 1969 2389 2545 2950 3546 3892 4331 4662 5095 5566 5693 5974 6087 6016 6075 6018 5944 5694 5447 5189 4757 4469 4208 3704 3410 3156 2762 2412 2204 1930 1699 1469 1292 1126 954 916 718 595 542 445 392 335 257 245 207 156 135 130 102 106 77 60 47 44 44 24 17 19 17 15 15 9 7 6 7 1 3 2 3 2 1 1 0 0 1 0 0 0 0 0 0 0 0 0 0 0 
0 0 55 52 49 150 176 225 269 533 479 559 782 1006 1223 1542 1788 2080 2553 2820 3332 3862 4211 4443 4987 5117 5648 5732 6010 6009 6044 6070 5826 5742 5507 5196 4974 4438 4229 3878 3623 3202 2872 2615 2258 1997 1751 1456 1333 1178 1033 895 756 636 554 481 362 327 297 235 203 156 124 108 89 74 64 56 58 37 29 30 30 25 27 14 16 12 13 8 6 1 8 3 5 3 4 4 4 0 1 1 2 2 2 1 0 1 0 2 0 0 1 0 1 0 0 0 1 0 0 0 1 0 0 0 0 0 0 0 0 0 0 0 
0 0 92 72 61 127 145 325 397 480 527 674 939 1189 1464 1764 2157 2454 2844 3205 3606 4274 4678 5083 5347 5761 6050 6230 6191 6157 6242 6227 5841 5760 5267 4970 4689 4315 4014 3628 3299 2861 2558 2302 1974 1744 1543 1366 1156 982 888 749 600 532 445 391 345 275 218 187 170 160 101 97 95 84 58 49 41 37 26 20 23 16 13 6 7 8 9 2 3 4 2 0 3 1 1 1 0 1 0 1 1 0 0 0 0 0 0 0 0 0 0 0 
0 0 61 61 51 78 119 136 247 371 268 389 583 587 756 1015 1247 1499 1705 2087 2278 2739 3126 3412 3764 4376 4689 4710 5206 5614 5720 5865 5828 5786 5696 5380 5379 5045 4911 4563 4147 3955 3524 3169 2879 2673 2304 2077 1866 1599 1403 1246 1078 954 800 696 586 521 450 386 301 256 217 190 143 143 115 103 94 60 50 42 45 38 24 17 18 12 15 12 10 9 7 2 3 3 4 3 1 1 0 0 0 0 0 0 0 1 0 0 0 0 0 0 0 0 0 0 0 
0 0 64 55 44 122 117 149 241 344 316 587 670 758 1050 1364 1520 1862 2256 2503 2987 3480 3912 4261 4678 5185 5491 5728 5969 6119 6328 6102 6020 5954 5806 5412 5162 4915 4519 4210 3854 3333 3170 2806 2454 2203 2016 1704 1502 1234 1126 946 841 766 614 495 431 409 346 283 216 202 169 156 122 98 76 68 63 42 33 34 27 22 19 25 17 14 3 6 8 9 2 4 3 3 4 2 1 1 0 1 0 1 1 0 1 0 0 0 0 1 0 0 0 0 0 0 0 0 0 0 0 
0 0 59 47 37 92 117 148 180 252 213 394 513 512 677 1001 1200 1373 1737 2142 2422 2921 3371 3717 4176 4663 5022 5253 5723 6037 6130 6266 6197 6102 6210 5860 5751 5443 5018 4812 4330 3958 3603 3243 2923 2624 2401 1999 1786 1550 1322 1258 1027 847 779 598 486 420 415 314 258 211 188 149 138 108 119 90 55 57 56 52 28 30 28 25 12 11 11 8 14 7 8 6 6 2 2 1 1 1 1 2 4 0 1 1 2 1 0 1 1 0 1 0 0 0 0 0 0 0 0 0 0 0 
0 0 52 42 51 119 124 210 279 350 331 519 636 808 1006 1282 1594 1886 2248 2692 2805 3431 3756 4116 4547 4976 5409 5487 5650 5742 5850 5944 5937 5845 5578 5336 5012 4791 4472 4181 3818 3539 3221 2838 2581 2319 1985 1727 1492 1353 1242 1066 888 760 661 582 460 410 351 298 241 199 183 147 128 88 81 70 72 55 53 33 24 30 23 14 16 10 5 8 4 3 6 3 3 3 3 1 1 2 2 0 1 0 1 0 0 0 0 0 1 0 0 0 2 0 0 0 0 0 0 0 0 0 0 0 
0 0 67 64 60 210 250 264 393 586 580 786 995 1276 1556 1836 2291 2516 2914 3554 3889 4376 4840 5145 5592 5817 5994 6151 6323 6300 6157 6056 5758 5470 5234 4905 4516 4128 3807 3450 3148 2848 2466 2167 1884 1644 1475 1221 1062 951 810 727 585 478 418 356 313 254 219 190 144 148 131 85 81 65 58 40 38 35 22 19 23 13 15 9 6 5 6 3 4 2 3 0 2 1 1 0 0 0 0 0 0 0 0 0 0 0 
0 0 39 51 47 97 221 288 326 508 570 716 969 1140 1419 1821 2151 2538 2806 3242 3669 4256 4643 5125 5326 5708 5974 6148 6348 6276 6099 5938 5851 5514 5331 5130 4668 4264 3868 3605 3213 2943 2557 2290 1956 1688 1565 1356 1170 993 913 692 630 581 450 409 306 271 235 214 162 131 100 125 86 69 60 43 38 37 28 17 22 20 16 8 5 6 10 7 6 1 3 1 0 2 2 1 3 2 0 1 0 0 1 0 0 0 0 0 0 0 0 0 0 0 
0 0 59 58 39 130 167 252 313 369 353 476 804 946 1169 1382 1732 2077 2469 2728 3074 3616 3894 4341 4864 4991 5347 5621 5769 5905 5955 5831 5887 5665 5461 5356 4919 4548 4385 3856 3506 3223 2974 2638 2282 2045 1842 1593 1365 1200 1066 868 790 670 570 520 426 356 290 259 210 194 188 131 109 108 78 74 59 41 55 36 25 24 31 19 6 12 12 12 8 5 4 2 4 4 2 3 1 0 0 1 0 0 1 0 0 0 0 0 0 0 0 0 0 0 
0 0 49 61 43 132 169 246 380 480 428 836 1108 1245 1485 1786 2235 2646 3131 3420 3951 4502 4926 5332 5632 5968 6142 6343 6368 6228 6314 6185 5939 5731 5362 4857 4600 4282 3824 3432 3143 2883 2442 2139 1961 1706 1449 1244 1090 917 829 672 593 487 408 343 296 256 219 202 151 120 133 94 82 60 52 41 37 28 28 28 21 18 14 15 9 7 6 2 5 0 1 2 2 2 2 0 0 0 1 0 0 0 0 0 0 0 0 0 0 0 
0 0 60 61 65 108 159 180 228 393 338 543 662 841 1053 1298 1618 1977 2293 2669 3227 3479 3849 4522 4794 5177 5510 5631 5896 6103 6181 6060 6078 5858 5560 5426 5137 4867 4383 4117 3681 3373 3122 2798 2362 2228 1887 1716 1483 1280 1077 974 854 683 584 523 434 363 321 280 213 198 165 137 107 104 89 79 68 58 37 37 32 23 17 21 21 10 8 13 6 5 8 5 6 4 3 3 2 3 0 0 2 2 1 2 0 1 0 0 0 0 1 1 0 1 0 1 0 1 1 0 0 0 1 0 0 0 0 0 0 0 0 0 0 0 
0 0 59 39 44 69 91 126 150 258 252 355 506 697 831 1101 1427 1696 2003 2338 2860 3304 3644 4132 4487 4953 5317 5580 5746 6131 6171 6300 6239 6108 5804 5751 5366 5172 4733 4335 3941 3748 3424 2955 2801 2385 2037 1950 1587 1451 1207 1049 912 788 686 582 501 420 372 284 240 201 181 146 111 116 74 72 65 46 44 34 26 15 15 18 17 16 5 6 3 6 3 2 5 3 1 0 0 0 0 1 0 1 0 0 0 0 0 0 0 0 1 0 0 
0 0 78 60 63 93 130 170 218 339 317 560 783 921 1128 1436 1753 1936 2335 2889 3234 3659 4045 4603 4883 5203 5587 5846 5953 6181 6316 6233 5929 5797 5682 5420 5048 4798 4391 3941 3721 3270 3053 2621 2378 2105 1811 1641 1305 1133 1143 927 769 615 541 504 395 379 263 269 205 149 155 128 86 105 64 64 52 34 37 21 32 15 15 15 9 5 5 4 3 6 3 1 3 1 0 1 0 0 0 1 1 0 0 1 0 0 0 0 0 0 0 0 0 0 0 
0 0 60 48 48 104 106 194 251 435 438 540 855 1085 1234 1430 1928 2218 2631 2972 3395 4029 4263 4643 5221 5435 5544 6121 5922 6303 6169 6153 5926 5715 5479 5194 4840 4645 4227 3861 3452 3110 2881 2622 2228 2005 1770 1494 1362 1145 992 834 724 633 542 411 396 333 296 240 213 157 157 111 103 89 66 48 48 40 39 23 25 17 21 12 7 6 4 5 4 1 1 2 2 2 0 1 0 0 0 1 0 0 0 0 0 0 0 0 0 0 0 
0 0 79 79 78 183 235 224 385 506 525 701 981 1105 1447 1910 2161 2602 2909 3407 3714 4345 4840 5029 5690 5971 5982 6375 6400 6582 6327 6082 6002 5826 5355 5156 4692 4372 4057 3605 3228 2909 2454 2251 2070 1751 1480 1397 1089 1005 818 704 618 516 416 355 299 295 215 184 154 119 103 103 81 58 60 44 29 21 30 21 11 19 12 12 5 6 2 4 1 5 0 4 2 0 1 0 0 0 0 2 0 0 0 0 0 0 0 0 0 0 0 
0 0 45 60 43 87 188 203 282 394 462 642 758 973 1149 1525 1810 2086 2480 2880 3329 3971 4152 4530 5028 5356 5531 5701 5860 6228 6197 6001 6005 5808 5551 5346 4982 4462 4209 3940 3601 3274 2802 2652 2292 2018 1761 1611 1354 1157 1011 884 765 599 548 517 428 353 316 257 224 185 141 150 123 100 70 56 44 51 30 26 23 14 21 20 15 5 9 9 5 7 0 3 4 2 3 3 0 1 2 0 0 0 0 1 0 0 0 0 0 0 0 0 0 0 0 
0 0 74 50 50 115 125 166 307 341 333 473 773 848 991 1301 1574 1906 2253 2643 3024 3501 3943 4243 4682 5211 5282 5683 5868 6073 6070 6113 6017 5840 5635 5492 5156 4841 4592 4203 3838 3432 3205 2767 2457 2195 1927 1709 1496 1278 1142 950 795 718 648 515 443 394 361 278 217 180 159 140 113 92 91 65 47 48 45 33 23 21 14 13 9 9 11 9 4 4 5 3 2 5 2 0 0 1 0 0 0 0 0 0 0 0 0 0 0 
0 0 58 56 56 94 131 227 281 366 412 585 754 869 1081 1380 1651 1945 2454 2830 3130 3590 4189 4382 4981 5273 5611 5885 6161 5999 6157 6145 6020 5792 5574 5310 5019 4629 4374 3919 3615 3265 3004 2548 2366 2065 1867 1537 1375 1215 1087 923 797 687 614 485 421 358 319 288 218 186 169 154 89 93 81 65 66 46 51 35 35 23 16 18 16 9 11 5 3 2 6 1 3 2 2 1 1 1 0 0 1 1 0 0 0 0 0 0 0 0 0 0 0 
0 0 60 57 47 123 144 154 241 320 320 525 760 811 1041 1291 1645 1934 2313 2701 3125 3490 3968 4414 4944 5269 5683 5984 5903 6207 6284 6312 6190 6036 5752 5535 5319 4823 4570 4281 3761 3420 3024 2758 2432 2129 1834 1675 1411 1197 1081 889 810 679 600 497 413 368 318 273 203 178 145 141 119 87 77 52 61 44 28 25 21 22 17 12 15 8 9 2 6 5 3 0 3 2 3 0 1 2 0 2 0 0 0 1 0 1 0 0 0 0 0 0 0 0 0 0 0 
0 0 78 86 67 233 299 361 558 772 701 990 1292 1652 1948 2395 2788 3202 3641 4019 4495 4900 5314 5636 5863 6287 6257 6344 6428 6173 6129 5836 5492 5169 4881 4450 3997 3891 3366 3038 2736 2410 2082 1825 1599 1420 1181 1095 893 761 647 545 461 407 369 288 231 182 167 148 103 106 83 69 62 51 45 36 29 33 30 20 19 21 9 4 8 7 7 3 8 0 0 1 0 1 1 0 0 0 1 0 0 0 0 0 0 0 0 0 0 0 
