0 9 17 37 37 37 89 87 114 139 362 179 308 303 390 647 592 521 730 929 1143 1070 1271 1460 1762 1990 1983 2308 2454 2632 2751 3059 3367 3527 3633 3868 3966 3903 4108 4221 3966 4045 4045 4031 3851 3934 3583 3593 3412 3203 3224 3060 2889 2666 2480 2312 2066 2057 1915 1839 1599 1512 1430 1298 1252 1080 1009 910 888 764 688 670 585 585 463 430 421 400 361 337 318 239 230 243 178 152 167 150 132 107 108 96 90 74 85 73 71 59 63 42 45 34 40 34 32 33 42 24 17 17 9 24 8 14 10 8 8 8 6 8 12 8 
2 5 23 29 89 85 69 75 193 106 179 186 373 339 397 363 504 608 705 804 863 1060 1232 1269 1471 1493 1764 1968 2305 2465 2599 2918 3230 3263 3528 3687 3652 3750 3986 3894 4023 4102 4085 4067 4040 3954 3849 3666 3495 3436 3279 3216 2959 2769 2655 2555 2340 2168 2075 1963 1803 1642 1549 1461 1225 1141 1100 986 952 817 733 715 680 569 538 487 443 400 396 334 329 287 284 222 219 216 169 195 149 140 121 105 119 113 74 84 94 61 57 71 51 44 46 51 34 41 20 31 28 26 27 23 17 15 15 17 8 17 10 12 11 6 
1 3 15 41 48 68 71 88 88 114 143 139 226 217 358 386 517 419 563 744 741 936 1040 1152 1497 1597 1599 1800 1914 2126 2549 2627 2870 3080 3330 3436 3568 3665 3838 3981 3848 4034 4066 4157 4004 3965 3858 3803 3591 3435 3201 3324 3100 2857 2810 2673 2524 2271 2146 1957 1932 1845 1648 1528 1397 1306 1247 1110 1067 991 800 836 759 656 610 556 517 464 430 378 391 351 304 304 273 266 192 191 176 182 155 135 136 132 104 95 104 99 80 59 64 49 46 54 32 41 40 27 32 24 26 16 21 18 14 14 16 6 12 10 4 5 7 
0 6 22 40 62 71 60 78 107 179 233 274 304 370 426 692 857 814 1050 1027 1415 1448 1653 1940 1986 2304 2819 2686 3048 3294 3387 3519 3676 3864 3921 4171 4007 4128 4247 4362 4260 4105 3968 3883 3848 3591 3469 3304 3203 2960 2861 2608 2526 2371 2204 2102 1913 1735 1628 1502 1395 1282 1213 1147 1033 919 883 751 687 655 598 584 521 455 417 433 356 299 274 248 268 219 210 156 176 137 120 129 128 119 97 78 75 76 65 62 59 48 46 39 31 38 31 31 27 30 15 23 21 19 26 18 18 14 14 10 10 7 13 7 7 7 4 3 
0 11 21 27 46 55 77 66 88 140 147 188 276 272 355 338 416 519 739 716 764 960 1106 1700 1603 1746 1766 2376 2440 2628 2838 2936 3318 3527 3617 3668 3963 4067 4235 4153 4215 4119 4020 4082 3834 3982 3684 3781 3636 3236 3244 3106 2937 2815 2583 2492 2371 2082 2040 1824 1731 1559 1589 1438 1283 1178 1020 996 987 872 818 751 669 613 501 574 472 434 379 384 325 276 281 228 203 185 200 162 149 129 109 108 110 103 92 88 66 59 65 58 55 49 38 39 41 36 28 25 31 22 34 23 27 13 17 12 20 15 12 9 7 7 11 6 4 5 5 6 7 
0 9 10 32 56 55 168 37 80 135 162 164 210 294 465 402 522 496 741 868 956 1091 1326 1483 1560 1738 2036 2319 2471 2804 2922 3132 3260 3748 3667 3906 3858 4143 4144 4239 4188 4227 4077 4051 3956 3918 3894 3652 3414 3360 3178 3030 2899 2762 2606 2398 2142 2040 1928 1831 1702 1575 1518 1340 1271 1050 1037 911 867 765 707 683 606 598 514 504 396 375 364 336 263 247 237 220 192 180 181 173 124 121 114 105 99 79 75 75 65 62 53 50 52 33 32 25 16 23 21 22 17 18 16 14 8 7 8 12 7 9 11 4 
0 7 28 44 74 102 78 56 97 184 145 144 179 189 275 439 496 562 624 849 755 797 1106 1227 1454 1614 1795 1932 2169 2514 2760 2842 3079 3236 3513 3733 3959 4037 4006 4210 4244 4250 4109 4102 4121 4021 3755 3993 3630 3527 3356 3174 2929 2928 2686 2626 2445 2200 2105 1950 1822 1714 1517 1425 1357 1212 1083 969 952 861 778 753 635 569 527 477 472 443 382 331 307 270 255 234 215 194 181 164 148 152 123 106 116 98 104 88 66 66 47 61 46 43 31 35 32 31 25 26 30 33 22 17 16 15 10 20 19 12 12 15 13 5 11 6 
0 13 27 31 50 46 56 73 102 219 360 114 322 473 425 478 746 703 913 960 1089 1213 1642 1745 1787 2094 2243 2495 2787 3125 3227 3441 3588 3644 3867 3913 4085 4113 4233 4218 4269 4076 3905 3992 3854 3710 3789 3615 3314 3145 2995 2870 2741 2566 2482 2270 2077 1977 1888 1653 1549 1437 1350 1208 1126 1030 882 884 788 750 653 628 540 527 427 446 396 344 325 277 277 218 227 200 190 158 163 157 127 99 89 93 104 71 63 74 56 36 41 37 41 38 37 31 23 18 23 23 23 17 18 13 10 10 9 6 11 11 7 9 
0 6 20 28 53 40 53 84 153 172 276 267 260 482 394 604 682 727 1030 1013 1123 1337 1385 1641 1748 2105 2150 2341 2714 2814 2950 3256 3428 3494 3535 3793 3879 4024 4165 4111 4006 3842 3975 4024 3893 3716 3593 3380 3309 3164 3038 2819 2685 2593 2345 2298 2118 1993 1799 1682 1545 1498 1367 1238 1109 1055 998 924 813 770 739 678 613 544 502 487 401 399 370 357 330 276 229 230 209 213 205 207 147 139 128 106 123 97 85 71 55 65 50 61 53 49 36 44 44 35 28 23 19 16 25 17 17 11 15 20 14 12 13 12 14 7 7 10 4 
2 10 22 92 54 60 175 92 126 130 181 441 303 350 370 617 731 850 859 1021 1212 1417 1430 1674 1947 2071 2299 2556 2625 2827 3020 3248 3428 3788 3891 3984 3971 4153 4210 4312 4145 4101 4032 3851 3834 3804 3677 3499 3427 3258 3110 2753 2700 2497 2374 2262 2036 1933 1768 1707 1471 1313 1283 1273 1068 994 868 819 755 693 608 604 550 506 457 415 346 362 321 280 242 252 231 185 190 165 146 156 136 102 100 80 97 86 75 72 58 50 51 41 47 43 45 29 24 36 25 26 11 18 17 12 11 11 10 10 13 5 6 4 
0 16 12 31 44 49 51 81 106 138 104 233 177 213 377 313 394 480 1079 707 871 1115 1271 1497 1772 1990 2094 2204 2577 2704 2909 3026 3257 3452 3741 3694 3893 4147 4134 4205 4208 4217 4124 4060 4043 3940 3654 3537 3557 3400 3253 2967 2877 2735 2605 2457 2249 2127 1915 1748 1675 1611 1460 1343 1189 1113 1025 982 866 797 713 738 608 522 522 468 446 413 367 365 309 277 252 228 202 186 191 147 140 110 112 111 95 93 85 93 53 51 46 52 37 39 37 41 32 38 26 27 31 27 20 13 20 16 24 16 12 8 9 9 11 16 7 5 
0 14 14 26 45 55 58 54 236 139 129 206 135 280 363 394 507 415 593 780 831 885 1325 1436 1500 1672 1743 1949 2107 2450 2710 2890 3149 3260 3475 3596 3777 3814 3872 4003 4189 4056 3987 4145 3938 3867 3837 3855 3650 3544 3382 3140 3032 2948 2732 2595 2327 2247 2112 1938 1771 1659 1487 1460 1376 1222 1167 1033 978 904 827 758 683 660 598 532 498 435 418 384 346 357 310 265 238 208 181 175 170 190 145 137 109 116 95 102 91 73 70 69 58 61 56 38 50 40 34 34 27 23 21 17 18 22 16 17 16 15 11 12 10 8 8 13 5 
0 7 17 38 43 63 68 148 178 204 173 224 350 430 439 787 570 658 910 1097 1230 1465 1442 1636 1971 1914 2496 2611 2797 2795 3083 3309 3518 3752 3912 4040 4036 3928 4142 4129 4174 4051 3981 3941 3788 3654 3599 3467 3215 3117 2930 2737 2720 2541 2357 2194 2045 1931 1721 1619 1553 1433 1266 1232 1131 983 909 852 800 700 634 608 519 455 426 436 378 340 336 279 262 258 219 215 210 192 155 148 142 120 111 89 93 98 57 81 58 55 49 49 48 32 48 20 26 16 18 17 18 16 22 19 6 9 13 7 4 6 6 5 4 6 7 
2 4 20 34 40 52 49 70 83 73 99 116 139 164 218 236 349 333 394 404 768 663 900 1019 1117 1442 1538 1740 1758 2126 2412 2511 2757 2960 3130 3204 3571 3856 3871 4051 4055 4222 3968 4158 4119 4236 4153 4010 3935 3637 3623 3410 3297 3199 2972 2855 2663 2518 2269 2290 2038 1924 1779 1631 1554 1462 1269 1199 1117 1034 920 856 770 662 685 628 508 482 458 412 403 323 317 298 259 247 219 197 199 157 157 149 121 107 108 97 85 84 78 67 49 43 49 35 26 47 34 32 17 19 21 26 18 18 14 11 11 9 13 8 11 12 6 10 13 
0 6 22 24 46 45 240 197 162 156 398 271 459 610 632 651 699 887 964 1183 1411 1542 1613 1965 2288 2249 2491 2800 3022 3211 3282 3502 3738 3965 3989 4102 4133 4070 4148 4128 4085 3996 3819 3792 3672 3537 3489 3344 3157 2891 2830 2576 2386 2338 2136 1942 1977 1773 1615 1520 1425 1327 1179 1054 939 905 865 797 656 684 600 530 510 441 427 400 357 295 282 307 253 208 230 186 192 164 142 128 130 100 95 86 93 68 65 60 69 60 53 34 38 30 36 26 30 15 17 20 19 27 13 14 17 16 12 7 6 10 7 5 8 
0 8 23 32 51 60 70 88 187 202 164 380 251 303 460 551 667 782 834 1002 1147 1400 1542 1748 1954 2018 2215 2675 2924 2979 3048 3379 3568 3628 3818 4230 4203 4135 4173 4067 4241 4138 4093 3872 3849 3657 3463 3479 3365 3190 2920 2700 2677 2551 2294 2266 2034 1865 1819 1665 1539 1335 1286 1168 1064 1078 934 893 802 700 674 615 493 525 490 441 404 351 355 272 270 235 208 209 185 162 162 152 123 120 110 72 85 79 64 54 45 54 42 32 42 43 36 37 23 29 23 22 23 12 16 16 14 19 12 9 12 8 9 11 6 3 
1 5 15 45 60 45 69 87 230 138 183 201 252 371 409 466 506 663 951 901 908 1180 1681 1533 2072 2046 2140 2353 2602 2927 3082 3259 3327 3701 3814 3845 4066 4105 4194 4161 4051 4131 4113 3955 4016 3766 3588 3547 3460 3210 3137 2871 2768 2567 2473 2272 2103 1989 1891 1733 1633 1556 1354 1231 1188 1093 922 860 799 731 680 640 583 517 499 419 434 360 337 283 293 258 241 212 197 181 180 168 152 117 105 100 108 84 76 68 62 65 59 63 42 38 42 37 37 25 35 31 20 19 22 16 11 16 12 11 12 6 9 8 9 
0 4 16 33 53 47 61 70 98 61 86 126 149 154 298 369 406 396 432 513 607 847 1109 1237 1066 1374 1618 1711 2051 2193 2443 2725 2894 2965 3137 3314 3548 3853 3844 3940 3887 4052 3923 4022 3945 3995 3931 3860 3731 3650 3595 3441 3247 3100 2946 2779 2523 2377 2320 2138 1954 1781 1755 1660 1474 1337 1277 1191 1103 1037 988 833 764 744 692 669 539 507 484 450 378 361 350 274 284 270 220 197 162 174 159 136 147 141 99 97 88 72 72 65 64 57 52 44 51 41 33 30 28 24 21 28 17 28 11 10 11 15 15 6 11 6 6 10 6 7 
0 14 36 42 68 72 178 246 336 241 216 348 555 561 657 827 825 999 1115 1407 1500 1581 1773 2242 2226 2584 2912 2823 3067 3296 3515 3639 3883 3943 4086 4092 4249 4115 4201 4172 4170 4066 4062 3825 3699 3566 3377 3214 3203 2847 2713 2454 2411 2217 2116 1932 1780 1610 1484 1366 1371 1208 1074 1029 938 827 712 707 644 586 557 479 446 401 393 357 308 263 286 224 240 188 179 155 133 122 125 132 115 75 88 76 72 63 63 46 44 53 40 43 24 25 18 23 22 33 18 20 18 14 12 9 12 10 13 9 10 4 10 5 
2 3 22 43 42 51 81 102 104 179 90 150 343 317 282 630 550 539 725 840 959 1170 1418 1457 1558 1935 2034 2158 2410 2609 2850 3025 3153 3304 3509 3661 3726 3834 4006 4134 4073 4165 3909 3954 4026 3943 3699 3673 3517 3378 3159 3084 2906 2764 2670 2437 2302 2152 2035 1837 1720 1609 1512 1393 1308 1205 1116 1033 917 854 801 687 613 560 570 487 491 443 392 374 302 291 281 239 219 232 203 185 141 158 137 112 116 100 99 86 70 66 57 73 57 44 41 56 37 25 36 24 26 22 11 13 10 13 15 13 15 15 12 9 2 11 9 
0 4 19 24 45 71 82 107 125 152 211 346 289 361 512 506 628 845 973 1132 1138 1261 1368 1678 2043 2096 2158 2555 2524 2827 2974 3201 3442 3576 3756 3832 3942 4112 4134 3985 4144 3957 4052 3916 3785 3777 3597 3491 3396 3274 3096 2836 2700 2560 2381 2172 1936 1858 1828 1686 1568 1417 1299 1181 1093 1042 981 904 809 767 689 614 573 490 501 431 400 391 320 293 250 224 225 226 182 185 179 172 138 124 106 109 126 83 69 65 63 63 48 53 53 29 43 42 32 44 29 19 19 21 18 15 18 10 20 7 8 8 13 9 9 9 
1 6 12 36 24 67 70 56 111 176 123 155 268 285 388 538 515 596 613 777 883 1018 1197 1317 1417 1721 1887 1984 2176 2306 2619 3010 3127 3220 3373 3538 3681 3853 3880 4092 4132 4068 3954 4097 3901 3892 3635 3714 3592 3445 3319 3335 3035 2804 2650 2494 2398 2202 2169 1970 1855 1717 1604 1417 1325 1279 1184 1075 958 840 840 724 705 665 605 579 478 430 430 354 363 319 312 270 230 231 204 179 181 131 133 130 106 101 97 101 89 71 57 66 66 48 37 37 38 36 37 27 32 17 17 18 19 15 9 16 8 10 14 11 9 14 6 
0 7 20 54 62 170 136 452 294 234 394 390 601 618 739 897 1085 1041 1223 1450 1475 1742 2012 2146 2304 2566 2569 3104 3178 3285 3531 3670 3785 3897 3960 4128 4133 4169 4100 4029 4088 3905 3907 3618 3615 3416 3212 3067 2933 2834 2681 2404 2354 2185 2114 1953 1649 1623 1480 1403 1281 1174 1056 1002 879 830 781 747 651 537 538 500 449 442 368 341 312 283 254 229 206 180 201 150 144 130 125 107 105 82 86 83 79 71 53 64 50 45 35 43 41 37 27 30 26 27 28 24 13 14 16 15 15 14 13 6 7 14 16 5 
0 10 12 47 37 56 40 78 123 129 152 244 195 216 398 363 418 493 647 664 836 1049 1033 1304 1444 1705 1851 1944 2004 2396 2683 3042 3239 3389 3448 3670 3753 3780 3968 4132 4074 4069 4118 4026 3908 4030 3750 3927 3626 3577 3298 3236 2979 2902 2728 2600 2368 2283 2193 1911 1792 1626 1577 1497 1342 1217 1064 1010 940 908 805 764 700 613 536 539 499 441 389 368 327 304 241 259 225 206 215 177 196 155 117 123 100 74 89 79 81 74 51 48 55 41 43 41 44 23 35 17 24 21 25 14 26 14 9 16 19 12 12 12 9 7 12 6 
0 13 22 46 41 85 64 76 154 186 270 218 197 274 362 416 556 550 713 822 892 1074 1208 1265 1505 1599 1869 1875 2209 2422 2608 2643 2909 3194 3414 3623 3782 3736 3894 4142 4051 3995 4020 4032 3909 3949 3787 3754 3691 3452 3385 3270 3024 2884 2655 2502 2360 2232 2051 1978 1795 1714 1580 1461 1295 1196 1164 1068 937 879 807 743 714 657 604 521 494 428 398 347 321 325 286 239 246 206 224 175 163 147 153 124 128 109 95 91 96 74 60 81 57 54 46 38 30 34 45 41 32 25 30 28 25 23 21 16 21 16 14 15 19 8 13 12 14 8 6 2 7 
3 2 19 32 48 59 47 73 110 98 154 157 176 230 285 336 514 531 583 784 744 1004 1191 1252 1559 1473 1734 1982 2191 2405 2654 2676 3022 3358 3411 3672 3840 3920 3935 4185 4134 4165 4364 4031 4068 3893 3892 3786 3577 3587 3517 3211 3045 2865 2753 2538 2419 2227 2018 1927 1837 1729 1572 1500 1299 1315 1097 1028 971 874 812 733 667 591 499 496 438 442 397 355 301 321 249 255 240 236 188 159 160 139 150 119 148 113 109 89 69 79 72 59 59 47 41 48 34 36 35 26 21 24 28 15 19 12 9 11 16 15 8 8 3 13 6 6 7 5 
0 8 20 32 75 52 55 70 130 214 201 254 354 284 361 393 560 619 634 676 868 1273 1260 1479 1531 1793 2046 2203 2535 2701 2739 2932 3215 3472 3703 4001 3884 3995 4087 4191 4278 4253 4304 4120 4037 3871 3697 3750 3561 3386 3282 3093 2890 2768 2629 2404 2184 2155 2006 1831 1648 1539 1408 1301 1227 1151 991 991 876 826 732 663 631 544 496 473 418 410 374 306 271 290 235 208 209 214 173 156 124 142 138 101 121 80 94 88 66 74 60 52 46 46 46 35 33 27 22 22 22 21 21 15 18 12 17 7 21 14 7 5 9 2 6 
0 4 16 27 86 87 62 63 302 136 180 307 600 398 543 810 829 900 1103 1207 1344 1477 1645 1872 2036 2360 2586 2871 3139 3126 3379 3736 3647 3881 4159 4210 4095 4168 4172 4070 4174 4036 4178 3851 3610 3533 3419 3308 3184 2937 2895 2631 2378 2263 2107 1994 1826 1727 1555 1416 1302 1282 1149 1011 1017 894 881 764 713 608 588 518 529 435 410 352 369 305 276 245 239 221 202 170 170 152 114 120 106 78 90 94 79 77 53 51 62 50 50 43 27 30 30 28 34 31 21 8 18 16 14 15 9 13 12 6 3 14 7 3 
1 7 20 31 40 58 73 57 72 127 77 188 221 368 276 393 365 515 581 742 780 917 1100 1207 1397 1670 1720 1839 1970 2211 2572 2799 3006 3204 3242 3504 3760 3933 4160 4014 4107 4002 4199 4021 4045 4080 3860 3713 3705 3499 3456 3224 3071 2989 2783 2629 2315 2228 2152 1981 1879 1771 1554 1523 1339 1278 1186 1070 1079 928 853 789 723 670 579 576 507 429 414 416 373 353 283 261 245 234 197 172 181 140 147 120 109 110 75 70 71 69 74 71 60 47 40 40 42 40 35 20 27 20 28 29 13 10 16 10 17 14 11 15 10 8 
0 3 27 38 42 175 63 136 116 145 231 283 302 410 508 537 844 703 914 1137 1312 1302 1440 1775 1796 2173 2405 2626 2821 2987 3182 3456 3611 3832 3796 4073 4016 4161 4187 4283 4065 4096 4029 4069 3908 3700 3481 3480 3217 3108 2915 2816 2742 2567 2296 2195 2059 1883 1808 1645 1456 1432 1287 1182 1087 996 930 843 796 699 648 581 526 467 429 392 371 295 327 277 248 265 208 193 195 169 159 134 109 113 100 101 77 65 71 54 79 44 34 37 37 39 33 34 30 17 20 26 18 17 16 12 18 6 11 8 10 7 6 7 2 
3 7 21 36 49 68 98 79 151 107 85 228 271 336 295 277 321 640 675 779 815 990 1226 1107 1479 1607 1796 2002 2047 2303 2415 2630 2927 3086 3404 3580 3608 3856 4075 3991 4066 4166 4205 4059 4047 3932 3842 3804 3754 3466 3359 3221 3023 2852 2690 2518 2415 2339 2174 1924 1921 1694 1568 1501 1332 1258 1142 1078 955 893 779 738 708 656 597 550 523 432 378 401 368 334 300 295 244 220 223 187 161 134 129 120 125 114 104 77 80 79 69 44 40 46 35 31 45 31 41 23 28 31 19 20 23 12 14 10 13 11 11 8 9 10 9 8 4 2 
0 5 17 38 39 73 62 78 115 140 221 153 281 279 236 351 522 538 653 834 913 1094 1223 1352 1622 1763 1923 2106 2252 2529 2777 2868 3254 3358 3573 3604 3789 3929 3955 3986 4159 4210 4215 4132 4045 3935 3788 3635 3545 3453 3267 3183 3049 2890 2688 2554 2382 2293 2052 1929 1695 1635 1495 1369 1255 1145 1081 1013 968 869 785 709 623 622 598 521 450 441 419 359 293 297 263 243 241 218 190 169 153 144 136 113 127 111 100 82 71 66 67 61 46 46 43 39 43 38 41 34 26 30 23 26 21 14 11 16 15 14 16 13 14 10 9 8 4 6 
0 11 18 48 47 35 134 83 95 221 201 182 234 283 322 489 551 637 738 811 949 1202 1191 1415 1645 1778 1920 2246 2506 2669 2879 2863 3165 3308 3416 3773 3868 3938 3998 3982 4015 4033 4104 4088 4073 3962 3915 3600 3485 3378 3273 3127 2882 2786 2606 2454 2248 2080 1973 1857 1761 1629 1488 1343 1270 1218 990 942 925 836 726 725 686 619 512 466 503 425 388 369 336 299 278 232 233 227 210 185 163 164 127 151 105 99 94 79 82 68 66 69 47 46 47 34 45 35 33 18 29 13 27 21 21 16 8 7 12 13 4 6 10 8 6 6 
0 4 22 34 30 45 51 144 85 86 106 161 238 273 472 404 628 705 704 763 897 983 1283 1445 1483 1745 1986 2002 2349 2520 2885 3016 3155 3471 3472 3742 3823 3908 4128 4088 4170 4331 4158 4041 4198 3976 3876 3727 3549 3496 3254 3084 3050 2686 2640 2495 2238 2161 1994 1829 1704 1649 1502 1380 1369 1154 1059 983 898 843 787 704 627 577 501 417 399 392 370 336 273 277 263 252 196 199 161 175 128 128 116 99 86 93 82 71 62 71 57 41 51 35 29 28 28 35 29 29 31 28 12 18 14 20 13 19 12 15 5 9 5 12 6 3 2 2 2 
0 6 33 44 68 57 52 58 82 82 148 391 243 313 368 446 500 680 657 763 1029 1194 1320 1468 1550 2023 1865 2147 2394 2735 2783 3048 3167 3328 3569 3809 3851 4045 4058 4157 4160 4163 4105 4145 4004 3937 3861 3643 3538 3432 3196 3046 2924 2761 2557 2439 2226 2039 2022 1798 1662 1541 1430 1319 1241 1159 1018 922 909 831 740 710 618 605 523 449 473 398 388 307 349 257 245 229 222 175 206 175 162 152 114 97 92 85 77 82 85 55 63 57 38 42 41 36 31 24 36 22 26 21 18 11 19 20 13 17 13 7 7 6 7 4 8 7 
0 5 26 32 41 69 70 60 111 115 158 167 186 230 303 413 424 448 452 980 965 1077 1213 1265 1489 1643 1896 2233 2499 2496 2736 2890 3223 3418 3441 3713 3873 4032 4061 4281 4198 4173 4019 4170 4056 4009 3793 3780 3613 3448 3395 3146 2902 2709 2651 2529 2358 2178 2057 1882 1740 1672 1492 1373 1259 1184 1083 992 962 870 690 719 623 589 516 513 449 396 355 364 334 288 268 272 224 211 185 164 155 143 150 114 109 99 89 85 63 58 49 57 51 47 28 52 31 33 27 27 25 28 15 17 12 21 16 16 14 15 8 5 7 3 7 7 4 7 
0 5 23 41 42 40 90 81 98 134 197 230 572 332 337 563 652 1014 949 1008 1162 1425 1612 1769 1883 2131 2398 2575 2727 3036 3294 3529 3635 3894 3887 4138 4066 4135 4244 4230 4106 3996 3953 4013 3979 3878 3638 3412 3223 3046 3011 2704 2697 2428 2329 2179 1955 1907 1771 1649 1524 1377 1282 1164 997 970 900 858 746 690 628 573 540 494 440 426 360 362 298 273 257 245 196 192 177 165 138 121 126 118 115 83 77 73 59 56 53 49 47 44 33 30 35 46 37 17 20 24 14 13 16 11 14 13 11 15 13 11 5 3 9 3 7 
1 15 38 39 46 45 109 144 99 222 340 260 284 412 437 417 558 733 892 1178 1123 1198 1408 1452 1707 1894 2039 2274 2534 2720 2918 3070 3259 3334 3713 3708 3890 3846 4101 4048 4052 4108 4027 3885 3937 3876 3701 3578 3495 3213 3178 2973 2688 2564 2461 2285 2144 2019 1812 1836 1642 1499 1389 1324 1219 1105 940 905 847 846 720 700 579 573 517 507 412 357 368 344 298 256 244 227 211 179 177 162 160 135 115 96 99 82 87 65 76 56 72 56 41 41 42 31 34 27 21 27 28 26 22 13 15 16 19 18 14 5 16 17 9 6 1 6 11 
0 7 21 27 47 66 87 109 127 116 207 373 248 499 470 510 660 816 953 1046 1204 1197 1449 1656 1875 2114 2153 2373 2737 2862 3146 3288 3440 3685 3827 3888 4013 4041 4083 4060 4176 4091 4018 4030 3922 3727 3551 3541 3394 3185 3026 2878 2745 2477 2367 2357 2176 1923 1796 1695 1536 1462 1353 1210 1101 1097 993 882 810 711 703 583 592 513 495 445 387 361 315 294 290 262 224 211 194 162 158 144 148 116 113 104 86 75 73 84 64 62 60 55 37 50 48 36 32 30 20 29 17 22 18 7 13 12 4 9 10 10 6 1 7 4 
0 4 18 40 54 191 197 102 121 170 238 368 652 512 563 610 679 1016 1085 1442 1421 1605 1722 1904 2168 2245 2686 2866 2985 3107 3553 3512 3664 3805 3971 4062 4115 4103 4177 4187 3991 4018 3880 3827 3610 3600 3330 3215 3135 2880 2831 2630 2493 2213 2132 2029 1875 1850 1612 1512 1364 1270 1184 1105 978 921 799 749 712 689 627 542 455 478 449 393 332 330 307 273 225 222 203 160 169 151 138 110 128 99 88 85 87 70 65 60 70 43 44 33 49 32 28 30 42 28 24 16 24 17 14 19 21 12 9 12 17 7 11 11 9 3 
0 16 31 54 90 60 70 160 202 215 301 362 588 506 619 754 819 948 1204 1481 1571 1710 1866 2210 2438 2587 2755 2978 3232 3381 3476 3758 3784 3894 4170 4102 4129 4230 4151 4137 3893 3947 3841 3949 3688 3440 3350 3142 2870 2893 2658 2498 2369 2188 1979 1871 1695 1629 1550 1392 1248 1167 1074 1037 906 801 773 730 668 680 551 515 456 417 389 359 320 261 265 238 197 215 194 167 157 136 128 110 92 86 95 78 77 74 56 51 59 41 43 36 29 26 12 33 20 23 18 10 14 12 16 13 5 14 12 5 8 5 7 6 5 
0 4 28 49 45 46 65 136 146 332 368 283 348 396 437 622 772 662 907 1136 1217 1456 1674 1759 1914 2283 2380 2540 2668 3070 3317 3559 3733 3767 3994 3885 4109 4021 4095 4199 4015 4004 4051 3931 3858 3677 3478 3316 3231 3175 2981 2824 2563 2356 2279 2084 1933 1845 1685 1508 1392 1307 1146 1087 1043 958 893 789 747 681 643 570 521 452 451 406 345 343 284 286 246 249 215 193 193 170 162 155 130 111 113 100 87 79 66 62 55 53 54 51 54 48 27 32 36 29 21 19 15 19 18 11 13 11 10 10 12 8 4 12 5 5 
0 8 21 37 46 53 78 124 133 151 205 222 213 310 523 857 568 589 751 893 1028 1167 1491 1586 1809 1973 2217 2384 2545 2787 2972 3286 3331 3690 3984 3789 4032 4028 4082 4397 4106 4135 4139 3991 3962 3767 3683 3567 3417 3169 3098 2925 2751 2551 2439 2275 2119 1989 1848 1771 1633 1441 1381 1138 1152 1006 973 934 809 783 711 614 613 532 474 421 405 397 337 308 274 248 254 211 189 190 170 134 144 122 126 74 91 80 75 77 72 58 43 52 43 40 44 40 34 19 19 26 17 16 22 18 22 22 10 13 7 8 10 13 4 5 
0 6 22 49 55 71 60 69 91 102 154 172 134 360 421 410 381 541 763 756 868 987 1125 1307 1428 1658 1848 1949 2154 2362 2647 2899 2958 3276 3360 3648 3725 3951 3905 4018 3991 4114 4061 3999 4091 3837 3883 3597 3613 3430 3324 3234 3046 2786 2799 2559 2462 2282 2135 1965 1886 1670 1582 1437 1355 1254 1188 1054 977 889 826 792 695 671 607 539 459 454 402 386 358 342 268 290 225 233 205 186 157 179 157 144 124 110 102 119 96 81 79 62 53 56 47 36 48 35 36 30 23 28 32 22 14 18 14 24 9 12 15 14 12 14 11 5 5 7 9 10 
0 6 24 41 53 213 95 75 158 173 195 246 302 346 335 477 473 711 704 949 756 936 1069 1396 1505 1650 1930 2189 2432 2551 2904 2928 3229 3339 3715 3857 3801 3890 3990 4255 4166 4088 4142 4108 4021 3935 3854 3620 3567 3334 3305 3063 2931 2764 2523 2361 2198 2144 1956 1820 1665 1581 1488 1403 1231 1137 1017 990 880 831 733 692 622 562 515 485 482 407 353 344 306 293 265 223 219 200 170 157 162 122 125 108 96 88 75 83 68 61 74 46 45 34 46 48 42 33 34 27 22 31 23 12 14 20 10 7 13 11 8 8 4 9 5 5 
0 18 31 33 47 53 98 90 90 137 209 309 357 347 577 583 603 782 798 1063 1047 1299 1457 1601 1796 2131 2177 2603 2683 3014 3037 3296 3311 3506 3764 3921 3867 4042 4156 4119 4122 4105 3928 3869 3641 3711 3586 3478 3319 3137 2913 2871 2759 2406 2360 2227 2144 1946 1945 1747 1561 1457 1332 1233 1157 1081 935 884 859 750 682 630 569 515 492 480 379 360 344 338 294 278 259 202 214 180 139 175 165 124 128 109 95 88 73 65 82 56 54 61 36 40 40 31 39 23 18 29 25 20 13 11 17 12 14 15 3 9 3 9 8 6 
0 5 20 32 49 60 43 51 95 146 131 179 245 231 313 508 361 387 633 856 816 1204 1019 1287 1487 1736 1720 1942 2135 2523 2625 2913 2968 3252 3368 3609 3824 3645 3842 3872 3923 4193 4080 4056 4123 3909 3856 3776 3537 3539 3351 3270 3189 2881 2769 2636 2376 2267 2136 1976 1788 1646 1656 1501 1346 1225 1119 1059 956 903 857 735 630 631 598 540 501 452 418 392 346 300 286 254 220 202 185 197 151 134 127 142 119 95 80 84 79 70 62 46 48 58 33 36 44 44 35 25 22 17 26 18 14 13 15 11 11 10 8 8 3 4 9 11 
0 11 34 41 61 153 133 243 298 271 366 294 409 528 577 650 731 902 1057 1200 1318 1415 1565 1760 2137 2403 2587 2768 2907 3133 3363 3580 3707 3786 3967 4052 4116 4088 4287 4168 3911 3945 3962 3851 3668 3566 3452 3288 3160 3027 2830 2688 2514 2361 2159 2023 1942 1766 1581 1569 1427 1227 1207 1068 964 878 831 779 737 659 598 574 524 455 376 366 335 335 316 266 205 217 193 178 153 155 123 120 118 122 100 81 68 56 69 62 48 47 37 36 33 37 34 17 21 21 27 16 21 15 13 12 14 15 13 9 5 5 4 7 12 
0 9 28 50 50 53 80 71 103 145 190 445 212 464 378 428 516 700 778 883 973 1211 1323 1613 1775 1975 2130 2355 2517 2845 3064 3248 3357 3512 3875 3918 3905 3959 4135 4254 4159 3953 4021 4109 3836 3723 3721 3585 3450 3280 3050 2932 2736 2555 2458 2305 2074 2046 1794 1768 1493 1486 1368 1193 1194 1156 998 915 848 781 768 655 553 525 513 452 465 391 337 306 304 279 286 243 226 188 182 173 150 145 108 125 88 81 76 82 60 69 42 48 41 42 33 37 33 28 31 23 16 15 9 15 14 12 9 4 10 10 9 7 
0 10 15 25 41 44 64 51 117 106 103 194 283 175 285 426 630 683 734 745 823 1257 1217 1615 1601 1773 2050 2260 2482 2671 2988 3165 3317 3464 3636 3899 4043 4085 4211 4284 4256 4275 4328 4129 3995 3804 3784 3695 3555 3325 3180 2990 2781 2678 2552 2372 2267 2049 1897 1758 1697 1536 1422 1337 1311 1141 1099 942 913 775 728 708 619 618 531 484 459 369 385 326 308 319 256 222 206 204 197 162 193 147 112 128 105 87 79 103 75 70 75 55 43 61 45 47 39 43 42 23 33 28 22 24 16 23 22 11 6 10 8 13 9 3 6 8 
0 8 22 29 51 50 57 63 84 94 153 236 229 305 333 378 450 490 599 707 744 878 1238 1214 1376 1614 1701 2024 2232 2401 2673 2816 3044 3290 3404 3784 3737 3917 3965 3944 4083 4359 4209 4221 4167 4032 3986 3798 3717 3613 3287 3280 3069 2897 2701 2512 2413 2145 2151 1798 1932 1694 1608 1398 1415 1227 1110 1055 971 897 810 751 676 635 557 516 468 431 415 382 340 310 272 284 223 222 172 177 165 152 129 113 142 96 104 84 81 69 65 72 57 33 40 33 41 35 26 22 34 17 18 20 25 10 23 14 16 14 11 5 9 8 6 6 4 4 3 
0 9 28 53 38 57 75 125 147 121 186 196 354 331 383 517 600 641 755 978 1186 1219 1283 1592 1792 1938 2198 2449 2564 2833 2959 3161 3505 3581 3770 3877 3944 3944 4203 4271 4235 4195 3918 3991 3963 3938 3757 3456 3347 3303 3087 3003 2904 2748 2495 2392 2093 1968 1866 1738 1633 1491 1307 1263 1160 1022 991 904 841 733 718 707 608 555 487 481 411 392 357 323 264 259 234 213 210 188 179 135 144 111 118 122 89 90 64 64 67 67 51 41 52 48 44 31 23 15 18 26 21 20 21 15 19 16 13 12 10 10 8 9 5 8 9 7 9 6 8 9 6 
1 2 20 35 46 27 86 80 89 221 227 228 222 277 416 395 570 628 726 798 898 1100 1136 1329 1420 1990 1917 2136 2378 2583 2724 2978 3306 3407 3559 3712 3887 3934 3996 4100 4260 4138 4090 4011 4004 3901 3752 3660 3585 3223 3151 3059 2987 2854 2631 2449 2258 2101 1971 1866 1738 1732 1489 1398 1279 1151 1045 1048 991 938 810 702 677 571 524 506 460 416 404 300 356 304 260 226 221 209 184 143 132 145 126 126 110 82 97 87 64 69 66 56 52 42 38 47 29 25 36 46 24 30 18 14 15 11 21 20 11 8 7 3 12 15 16 
1 11 22 51 54 55 73 111 108 135 201 243 293 265 299 492 485 760 694 814 993 1009 1287 1325 1581 1702 1924 2086 2389 2508 2831 2991 3261 3511 3767 3979 3887 3987 4226 3953 4136 4069 4157 4029 4068 3927 3876 3631 3517 3483 3326 3016 2810 2722 2500 2392 2225 2095 2019 1808 1656 1557 1427 1382 1253 1099 1064 951 890 842 745 667 613 576 523 513 385 399 379 350 276 288 260 238 219 207 162 172 145 164 129 103 119 82 80 68 61 65 71 58 39 49 50 41 31 32 35 36 16 18 26 12 17 16 14 10 9 18 8 5 12 9 9 8 5 5 
0 8 11 26 33 58 71 75 151 178 169 251 250 353 392 446 676 709 630 656 798 1037 1087 1302 1536 1613 1841 2015 2472 2512 2854 2967 3261 3276 3453 3756 3830 4110 4129 4199 4238 4246 4148 4104 3974 3925 3821 3747 3648 3231 3346 2926 3015 2759 2579 2408 2374 2126 1985 1896 1827 1625 1429 1383 1216 1177 1058 956 911 858 774 693 714 631 584 489 479 408 381 356 354 321 285 260 229 222 193 177 143 152 132 121 109 108 81 76 72 62 63 65 49 53 45 32 39 25 25 41 30 24 30 19 13 27 21 11 11 12 13 13 5 10 6 9 10 7 
0 2 17 36 80 65 68 69 89 134 392 264 264 332 520 555 531 548 905 911 944 1108 1685 1706 1769 1984 2203 2471 2538 2951 3223 3220 3571 3776 3887 3789 3961 4106 4194 4211 4144 4145 4203 4004 3788 3932 3702 3524 3472 3184 3106 2832 2814 2571 2248 2220 2120 1870 1844 1651 1526 1372 1310 1195 1103 1055 942 880 814 707 740 592 522 488 439 430 385 365 329 271 270 233 195 195 200 170 156 134 111 99 108 90 84 90 71 67 57 51 50 62 48 34 39 30 37 42 31 23 22 9 12 19 13 10 10 12 7 7 6 
0 6 28 27 37 67 119 109 89 99 279 321 236 419 411 504 560 635 737 956 946 1193 1511 1573 1780 1983 2046 2203 2532 2715 2983 3060 3515 3605 3615 3820 3944 3972 4213 4323 4169 4032 4122 4018 4148 4009 3746 3593 3443 3353 3152 2969 2814 2682 2344 2320 2100 1982 1840 1699 1669 1529 1311 1283 1258 1058 962 876 838 737 688 597 608 530 493 415 422 318 343 315 264 254 219 200 214 181 149 140 141 129 111 107 81 81 71 77 55 59 50 39 49 37 36 28 29 38 28 16 14 27 20 19 23 17 11 14 10 5 12 14 9 3 5 
1 11 18 49 66 64 60 76 89 121 144 150 376 377 313 486 484 479 627 774 850 1010 1107 1225 1333 1734 1819 2077 2316 2269 2675 2779 3064 3132 3511 3556 3767 3975 3982 4019 4093 4088 4243 3972 4022 3969 3877 3689 3618 3553 3427 3203 3008 2799 2749 2547 2427 2221 2134 1949 1823 1631 1508 1445 1347 1283 1102 1026 970 897 790 797 673 622 623 536 483 446 395 408 314 353 289 273 249 207 188 166 144 163 126 125 108 129 118 95 77 77 72 77 76 43 46 48 68 36 41 34 21 29 28 15 16 15 14 16 12 12 8 13 12 8 9 8 7 6 9 
1 4 15 31 44 68 51 64 82 103 161 271 171 258 317 425 543 523 649 868 908 1074 1143 1214 1507 1637 2005 2211 2245 2544 2648 2808 3066 3264 3427 3668 3885 3978 4253 4185 4205 4161 4167 4129 4041 3934 3832 3926 3849 3575 3409 3160 2998 2740 2585 2507 2293 2218 2024 1889 1726 1547 1513 1376 1354 1224 1151 1043 937 898 771 727 634 605 532 536 464 415 387 368 322 338 286 256 223 203 190 166 163 161 144 136 135 105 95 85 63 71 62 46 48 48 49 33 39 27 30 25 20 26 16 16 10 16 12 13 11 10 10 7 5 7 6 2 
1 32 17 32 52 87 73 88 86 186 175 223 234 243 232 462 428 589 709 928 842 1087 1210 1341 1449 1655 1936 2052 2239 2417 2772 2935 3186 3241 3659 3758 3831 3828 3880 4005 4172 4131 4198 4106 4035 3851 3760 3767 3595 3318 3248 3192 2958 2844 2723 2523 2225 2248 2132 1911 1824 1639 1522 1422 1294 1209 1127 988 931 904 765 720 651 579 571 472 482 427 401 359 291 320 299 219 219 199 178 153 163 145 137 108 92 82 76 75 83 73 73 65 49 61 50 46 41 35 31 30 23 29 30 26 16 16 15 17 17 10 8 10 9 8 10 11 14 3 3 
0 11 23 35 51 48 67 77 73 88 153 142 168 203 425 312 400 563 615 648 864 972 1104 1174 1456 1575 1792 2034 2207 2388 2613 2808 3036 3284 3387 3605 3619 3788 4007 4180 4262 4289 4072 4142 4014 4049 3840 3676 3573 3578 3437 3251 2968 2928 2697 2563 2412 2241 2121 2035 1863 1760 1571 1471 1349 1270 1160 1029 918 879 794 720 716 603 552 530 454 478 431 378 344 266 278 259 231 196 156 192 152 154 144 149 94 109 90 99 72 75 63 48 58 45 37 48 40 35 41 21 18 27 25 22 15 19 24 20 9 5 11 9 10 11 10 4 2 
1 4 22 33 35 62 101 97 77 119 137 267 258 215 236 296 465 437 526 647 864 744 1016 1249 1411 1580 1764 1807 1989 2219 2474 2633 2961 3134 3243 3512 3607 3792 3818 4040 3968 4011 4138 4059 4141 4058 3949 3872 3744 3544 3470 3224 3140 2956 2792 2641 2510 2445 2237 2046 1991 1769 1661 1479 1417 1357 1134 1093 954 863 851 782 746 679 635 548 481 465 423 403 359 312 270 249 241 222 239 183 177 155 144 129 114 97 106 92 75 81 57 73 55 35 52 41 42 44 36 21 34 28 21 23 18 19 13 22 24 13 11 8 9 4 9 13 6 
0 6 23 46 39 50 48 48 111 114 171 143 354 154 248 336 546 781 570 852 919 1100 1164 1287 1547 1844 1933 2155 2408 2454 2934 3080 3249 3249 3480 3690 3848 4057 4126 4112 4201 4109 4196 4130 4075 3959 3810 3654 3662 3538 3357 3108 2931 2721 2545 2441 2252 2138 2059 1943 1787 1466 1449 1334 1322 1121 1085 923 881 772 741 697 604 574 556 515 443 387 384 308 292 308 255 234 212 184 179 160 148 138 110 103 86 99 103 68 81 71 55 49 35 43 35 30 28 33 23 28 25 22 17 13 8 27 10 14 9 11 5 7 11 5 8 
0 6 31 37 63 62 66 97 75 260 161 188 300 374 432 442 537 596 659 987 983 1352 1231 1485 1635 1829 2105 2329 2474 2512 2920 2976 3386 3480 3466 3569 3912 4104 4090 4236 4233 3996 4171 4140 3968 3928 3864 3639 3481 3307 3259 2957 2921 2817 2567 2334 2309 2009 1930 1825 1649 1554 1506 1269 1202 1126 1039 969 859 804 758 690 642 563 488 462 424 378 373 298 321 280 254 238 202 175 172 129 137 142 125 105 90 77 78 72 71 54 56 41 42 47 29 37 30 30 26 22 21 21 11 17 16 16 10 6 7 7 7 12 6 6 
2 5 26 39 55 62 62 79 141 92 106 156 350 271 308 504 593 449 630 695 905 1134 1177 1294 1628 1758 1762 2083 2347 2547 2738 2899 3213 3340 3546 3729 4015 3949 4057 4150 4320 4288 4192 4132 4118 4050 3922 3794 3492 3324 3269 3132 3015 2783 2597 2462 2285 2157 1994 1935 1725 1529 1518 1450 1276 1193 1139 1059 922 823 785 710 626 609 601 480 443 395 352 350 357 312 274 214 228 193 187 194 162 133 130 116 132 98 83 67 62 70 66 53 40 49 30 35 48 40 31 25 21 30 23 14 28 15 10 11 10 16 10 6 9 9 5 
0 10 24 45 46 50 52 87 82 103 162 155 138 207 248 309 326 398 378 610 864 982 963 950 1272 1300 1551 1794 2112 2080 2285 2534 2857 3105 3194 3424 3670 3918 3938 3973 4147 4150 4387 4111 4040 4070 4083 3916 3703 3538 3541 3348 3173 3119 2911 2624 2591 2339 2221 2048 1882 1789 1718 1570 1431 1301 1199 1106 989 957 881 767 727 658 634 554 575 464 425 380 335 316 285 283 288 237 199 200 179 169 166 127 106 102 109 82 79 74 74 79 63 56 53 47 42 34 28 31 31 15 23 18 27 5 17 15 12 20 10 12 11 6 7 14 6 
0 2 21 40 46 51 73 113 103 123 207 128 232 224 381 320 534 489 590 766 914 1169 1367 1332 1508 1772 1721 2019 2163 2379 2757 2938 3111 3341 3507 3488 3699 3857 4116 3896 4050 3959 3996 4161 3986 4048 3861 3660 3536 3536 3393 3204 2940 3002 2689 2447 2372 2148 1975 1881 1865 1599 1544 1389 1301 1246 1110 1022 954 866 832 783 715 614 583 524 523 468 431 378 333 335 290 288 236 232 231 199 186 163 154 127 144 121 107 107 97 82 82 78 61 49 44 43 46 33 43 45 20 27 20 20 17 10 14 11 19 23 11 15 5 10 4 4 
1 9 19 24 52 65 117 104 144 148 227 183 216 300 373 676 509 596 738 982 1100 1261 1449 1651 1846 2105 2374 2603 2611 2865 3045 3290 3578 3523 3774 3776 3829 3944 4132 4088 4061 4192 4028 3956 3893 3787 3647 3438 3383 3255 3075 2894 2800 2640 2503 2163 2166 2030 1857 1684 1621 1482 1342 1285 1146 1167 1007 915 839 810 730 667 616 593 527 456 388 399 347 336 295 269 249 213 197 193 148 150 152 116 98 112 88 97 58 91 70 66 56 51 43 49 37 39 37 26 26 29 23 19 22 25 16 12 12 14 12 8 14 9 6 9 3 
0 12 20 25 54 56 71 80 162 153 233 232 349 288 257 545 477 671 741 950 1098 1254 1299 1441 1637 1994 2284 2588 2816 2900 3079 3324 3392 3533 3722 3991 4072 4036 4101 3985 4072 4086 4172 4038 3853 3795 3659 3417 3339 3114 3081 2834 2677 2579 2438 2328 2182 2021 1952 1708 1578 1502 1389 1280 1158 1042 990 885 797 778 727 676 570 503 531 491 416 363 351 337 304 279 254 241 196 205 184 138 149 118 119 133 97 90 81 66 71 72 63 57 66 38 42 32 35 27 24 33 21 19 15 15 11 11 13 9 12 8 10 6 11 7 
0 9 14 26 38 50 78 70 74 233 280 236 227 386 509 434 603 662 832 901 862 1096 1378 1522 1787 2043 2315 2293 2542 2559 3034 3154 3308 3513 3803 3802 3954 4245 4286 4154 4084 4181 4237 4098 4037 3923 3693 3664 3442 3250 3069 2948 2796 2664 2543 2332 2085 2000 1858 1732 1556 1461 1282 1259 1163 1092 983 826 814 808 696 667 579 487 471 437 434 384 311 327 303 273 231 237 200 181 172 180 134 112 115 108 94 95 101 77 69 53 51 58 48 38 43 31 44 25 25 24 27 23 17 20 15 19 10 22 16 10 11 9 8 11 3 8 
3 3 17 37 54 63 87 78 81 124 151 141 215 269 451 549 520 640 739 915 933 1388 1386 1515 1643 2069 2125 2252 2545 2756 2960 3261 3343 3436 3723 3780 3962 4056 4260 4161 4296 4111 4022 4057 3818 3799 3651 3629 3421 3360 3168 2994 2945 2561 2511 2409 2195 1941 1823 1686 1622 1590 1435 1273 1176 1064 1021 939 853 773 674 626 617 502 521 467 412 407 347 321 309 274 237 219 228 189 181 175 158 137 115 134 112 112 95 85 84 76 73 54 53 57 46 41 39 28 40 27 30 32 24 17 18 24 11 21 15 11 7 11 7 10 8 3 7 13 8 5 
0 9 25 31 70 71 124 80 116 114 160 202 239 312 358 408 512 632 634 864 839 1050 1124 1318 1519 1641 2007 2183 2356 2463 2744 2905 3142 3287 3509 3626 3776 3969 4004 4193 4155 4313 4066 4114 3970 4080 3733 3614 3548 3425 3404 3103 2872 2732 2705 2483 2341 2130 2103 1969 1810 1675 1506 1334 1236 1216 1086 1088 915 869 782 739 647 573 584 505 442 430 366 331 333 295 298 249 233 228 188 198 143 154 143 111 113 98 107 91 77 70 67 50 64 52 50 50 43 41 27 30 33 27 25 14 20 14 18 13 14 13 11 8 4 10 9 3 2 
1 7 23 39 41 49 53 55 143 125 169 162 193 214 277 326 331 504 553 579 728 688 967 1366 1229 1511 1776 1778 1985 2284 2475 2850 3056 3329 3376 3623 3766 3931 3948 4229 4203 4194 4144 4245 4264 4061 3933 3822 3678 3612 3462 3294 3133 2935 2778 2637 2461 2274 2190 2065 1867 1636 1618 1431 1429 1235 1184 1081 1045 900 867 798 684 632 563 554 521 470 413 376 348 325 274 243 224 218 186 171 147 135 146 111 118 95 91 78 86 68 77 54 38 41 49 40 50 31 28 37 30 28 20 17 20 15 12 16 17 16 7 11 9 12 9 8 3 
0 5 13 26 48 52 63 154 133 91 172 354 414 464 483 552 615 742 850 932 1136 1102 1356 1498 1709 2076 2309 2509 2666 2869 2942 3085 3329 3647 3657 3812 3806 3978 4074 4133 4221 4052 4160 3891 3739 3728 3746 3528 3363 3113 2977 2771 2790 2555 2381 2324 2036 1936 1795 1741 1663 1501 1331 1253 1084 1076 976 905 859 762 690 726 586 602 454 435 414 353 304 327 267 277 250 212 199 183 174 165 153 149 145 134 91 80 101 79 93 69 47 53 56 51 36 52 43 45 30 25 35 19 31 21 28 23 12 11 15 10 13 10 16 10 8 4 3 
1 18 37 55 42 42 69 70 95 248 237 179 336 481 409 490 513 944 1047 1006 1291 1391 1637 1830 1964 2144 2371 2592 2712 3109 3256 3478 3731 3710 3827 3893 4118 3993 4175 4148 4147 4179 4106 3901 3914 3685 3592 3500 3324 3137 3026 2707 2715 2365 2286 2228 1933 1875 1682 1581 1527 1319 1261 1210 1063 1015 883 837 747 740 636 583 544 488 455 431 365 345 305 271 287 277 247 173 200 189 147 172 117 113 111 101 91 83 71 65 69 45 64 65 41 51 45 32 24 27 28 36 27 17 20 27 9 13 8 13 12 5 9 7 8 6 6 11 
0 3 14 19 32 97 118 113 78 106 211 232 271 260 441 324 490 594 679 569 736 1062 1165 1269 1473 1643 1853 1916 2107 2393 2619 2891 3199 3274 3354 3503 3767 3768 4075 4048 4155 3951 3952 4039 4023 4041 3901 3780 3512 3447 3462 3140 3073 3003 2692 2636 2311 2245 2148 2085 1840 1696 1541 1356 1405 1267 1174 1139 1005 915 777 767 711 665 600 549 537 486 384 386 318 337 271 290 253 233 193 198 131 150 148 123 96 100 92 82 71 72 49 71 45 40 34 27 48 38 31 29 33 18 31 28 17 17 21 8 11 11 12 7 7 8 9 
0 12 24 28 40 50 53 74 157 113 93 244 179 269 298 454 460 545 596 821 884 1002 1066 1228 1595 1552 1801 2018 2127 2359 2555 2708 3079 3110 3351 3496 3652 3825 3851 3981 4070 4116 4179 4075 4002 3939 3942 3687 3625 3516 3384 3067 2971 2903 2856 2637 2437 2265 2100 1993 1875 1720 1557 1461 1487 1225 1193 1120 1025 907 849 804 683 618 567 574 553 475 422 344 378 333 320 280 274 234 217 203 164 167 163 150 116 117 98 80 86 72 76 69 59 61 52 46 47 30 41 34 31 31 17 24 25 16 13 17 16 12 9 13 17 16 11 8 
0 10 19 51 62 49 65 79 133 115 104 133 126 254 245 308 473 412 480 508 634 813 1210 1297 1196 1213 1494 1745 2106 2232 2361 2773 2849 3226 3235 3454 3498 3695 3905 3945 4061 4127 4063 4190 4068 4110 3912 3901 3616 3579 3542 3494 3243 3025 2915 2712 2508 2331 2271 2144 2010 1842 1743 1615 1429 1333 1207 1092 1013 964 892 815 763 709 636 571 541 495 441 378 329 368 323 286 256 233 200 211 186 163 171 131 129 96 107 88 85 78 73 73 53 47 41 52 41 35 27 34 38 14 16 16 13 22 24 20 8 12 7 9 3 10 7 4 6 
0 6 37 41 69 91 77 82 99 132 132 299 218 278 385 470 562 703 710 707 820 947 1150 1408 1547 1679 1827 1946 2310 2451 2712 2947 3304 3261 3501 3581 3741 3919 4025 4143 3942 4214 4124 3948 3984 3771 3846 3734 3566 3351 3243 3150 3009 2808 2660 2473 2382 2235 2130 1903 1788 1618 1557 1408 1302 1240 1094 1024 960 928 806 686 642 647 547 494 437 439 387 324 307 305 242 197 215 230 181 157 168 146 125 119 117 105 75 85 72 47 67 53 49 34 40 43 32 33 21 28 31 16 19 21 14 12 15 11 13 17 4 7 
1 3 29 45 44 49 73 75 81 121 195 174 184 256 345 384 422 667 648 728 840 979 1127 1120 1421 1778 2014 2025 2325 2598 2768 2933 3142 3363 3601 3723 3784 3890 4079 4151 4078 4184 4259 4148 3947 3992 3841 3717 3605 3392 3302 3101 2973 2808 2591 2385 2245 2216 2076 1934 1753 1662 1526 1435 1319 1221 1183 1053 877 855 790 780 659 645 566 519 495 436 409 378 334 307 309 226 258 242 208 166 152 131 144 152 127 118 80 93 72 77 64 71 46 47 38 41 33 35 35 31 28 25 25 21 34 24 14 18 19 16 15 7 8 5 8 7 9 7 5 
1 5 23 30 36 51 59 99 90 125 115 322 308 168 294 340 446 657 621 767 841 1253 1321 1314 1378 1611 1900 1994 2377 2512 2932 3048 3165 3382 3491 3664 3844 3830 4010 4025 3943 4142 4207 4241 3882 4043 3838 3736 3593 3320 3198 3188 3003 2701 2645 2510 2447 2101 2055 1862 1798 1666 1566 1367 1315 1180 1090 1063 963 910 779 721 683 624 554 519 481 418 423 370 333 312 310 291 239 203 183 167 170 162 131 146 117 92 90 93 82 77 61 68 53 50 62 42 37 41 29 23 19 31 26 21 20 18 14 11 18 11 15 13 3 17 10 9 12 13 7 8 
0 12 17 50 89 96 81 362 128 169 230 289 293 414 450 614 683 841 894 880 1136 1313 1467 1780 2072 2129 2382 2541 2686 3075 3339 3417 3520 3621 3752 4009 4036 4068 4138 4078 4202 4104 3939 3974 3880 3752 3456 3429 3279 3201 3082 2915 2591 2528 2326 2091 2119 1920 1812 1584 1473 1275 1283 1218 1131 979 881 857 775 711 662 619 537 475 456 390 378 317 304 293 283 245 232 199 187 173 141 133 109 110 94 107 82 75 78 76 69 65 52 41 52 46 32 35 23 17 24 25 23 18 15 26 16 16 12 7 7 15 10 9 9 14 4 5 4 0 
0 14 17 38 75 57 45 57 78 96 114 186 215 196 222 265 405 540 560 623 599 776 876 1150 1149 1243 1446 1815 2006 2081 2351 2575 2771 2856 3227 3433 3543 3600 3892 3923 3949 4037 4010 4094 4148 4132 3948 3801 3794 3686 3497 3470 3377 3125 2916 2828 2518 2422 2271 2129 1955 1950 1770 1615 1472 1444 1293 1228 1130 997 921 890 784 762 670 595 558 507 488 415 407 383 313 276 309 241 228 210 188 170 177 158 157 124 119 115 89 79 91 71 58 61 50 60 40 55 34 32 35 29 26 31 18 16 15 20 9 21 4 17 6 8 17 9 11 
0 10 23 38 47 52 50 195 120 125 157 157 188 275 336 379 493 517 612 747 953 986 1095 1324 1535 1598 1827 2058 2354 2400 2616 2813 3043 3188 3404 3625 3779 3801 4014 4085 4060 4173 4021 4101 4174 4066 3814 3732 3628 3695 3508 3222 3063 2967 2709 2537 2463 2345 2092 2027 1724 1622 1504 1375 1299 1206 1078 1019 944 837 813 729 623 572 531 499 436 428 393 358 331 302 264 192 245 188 181 183 154 151 112 113 103 92 86 83 84 79 73 54 49 45 38 43 27 30 28 28 17 35 22 21 16 13 9 12 13 8 8 7 9 2 
0 4 18 24 38 31 47 102 70 109 120 117 142 172 221 266 356 381 502 571 539 654 1148 1025 1150 1346 1475 1549 2008 2258 2435 2469 2778 2980 3288 3388 3485 3622 3719 3802 3945 4199 4191 4134 3990 4237 4010 4077 3818 3662 3755 3415 3305 3126 3079 2810 2686 2414 2362 2174 2128 1946 1840 1635 1569 1449 1271 1243 1095 989 937 821 789 734 734 606 541 481 439 379 402 341 338 286 256 254 209 235 190 149 144 148 128 103 98 102 100 79 58 65 52 52 56 47 35 50 29 31 35 19 24 20 22 26 11 12 16 12 10 9 5 6 7 4 5 
0 1 10 23 49 69 50 55 72 98 162 163 168 153 266 409 382 437 649 955 895 827 1028 1338 1524 1624 1784 2112 2326 2456 2619 2780 3020 3304 3657 3729 3661 3883 3976 4185 4068 4129 4045 4022 4087 4022 3800 3712 3614 3454 3214 3107 2947 2787 2726 2539 2379 2290 2177 1967 1835 1732 1582 1456 1328 1240 1157 1008 964 931 777 708 716 614 581 537 472 473 419 411 352 357 272 260 246 247 210 190 193 146 165 138 106 131 97 99 86 66 71 63 54 67 45 53 25 39 30 26 26 11 25 23 19 15 18 7 7 12 14 14 8 8 
0 3 22 39 44 58 138 139 141 160 166 190 327 405 409 568 595 576 817 776 1311 1233 1552 1581 1756 1932 2214 2501 2685 2791 3108 3254 3414 3570 3702 3949 4011 4168 4209 4180 4130 4229 4086 4229 3795 3872 3697 3591 3413 3111 3063 2879 2736 2647 2349 2368 2064 1941 1834 1650 1593 1431 1402 1213 1103 1005 977 844 795 741 661 632 587 521 487 472 370 366 317 303 251 273 268 225 215 182 156 152 133 133 109 95 95 92 68 67 69 63 57 42 38 40 34 26 22 26 22 17 18 18 8 17 11 8 7 8 6 5 8 4 
1 6 28 39 50 42 58 92 65 78 106 162 268 169 222 261 395 547 588 583 808 1011 1129 1382 1325 1604 1636 1824 2188 2602 2676 2711 3027 3327 3636 3670 3723 3981 3964 4043 4197 4101 4251 4117 4147 4076 3950 3800 3596 3537 3340 3307 3158 3014 2796 2604 2411 2270 2107 1964 1895 1773 1549 1416 1358 1277 1132 1043 984 896 885 752 634 638 604 552 469 428 393 361 319 316 295 265 227 229 187 174 170 161 131 111 124 101 101 95 85 59 67 65 49 51 42 34 29 27 33 32 21 21 19 32 22 20 14 10 23 8 11 12 9 8 6 3 4 
1 9 25 48 36 48 60 72 64 129 124 153 237 372 318 494 487 549 684 729 855 1209 1094 1352 1585 1611 1928 2162 2425 2601 2764 3031 3117 3405 3711 3769 4044 4108 4342 4133 4103 4184 4364 4135 4079 3995 3962 3705 3688 3439 3264 3240 2993 2974 2641 2455 2286 2060 2103 1861 1753 1613 1449 1356 1248 1085 1120 970 870 750 813 734 639 587 526 478 468 419 354 337 307 290 262 249 205 176 158 174 161 149 114 117 98 93 95 77 75 53 61 67 63 44 41 34 40 35 30 23 31 18 22 17 22 13 21 15 12 9 4 4 10 10 11 5 
0 5 26 38 35 63 143 200 113 149 237 298 338 452 443 491 705 759 817 934 1112 1150 1411 1539 1756 2057 2232 2275 2729 2853 2878 3174 3520 3557 3748 3857 4015 3922 4122 4072 4156 4213 4070 3761 3818 3710 3652 3496 3324 3238 3072 2887 2675 2521 2389 2184 2090 2016 1850 1699 1625 1443 1320 1294 1174 1043 991 886 814 831 720 647 570 560 512 442 415 381 375 282 277 271 227 243 223 183 183 171 162 144 116 104 101 93 86 74 71 67 59 67 52 36 42 43 35 32 26 28 23 21 21 20 11 10 14 14 16 11 11 6 15 10 4 6 
0 5 22 50 55 56 56 59 90 112 118 168 149 440 240 379 452 661 528 885 997 1084 1170 1332 1379 1572 1898 2091 2239 2521 2765 3084 3099 3352 3423 3553 3777 3879 3888 4242 4145 4018 4117 3970 4021 4041 3880 3579 3610 3455 3271 3225 2993 2892 2642 2601 2262 2198 2017 1868 1794 1657 1546 1409 1360 1226 1114 1063 940 926 799 713 661 635 591 547 477 426 400 351 341 335 270 248 242 199 203 205 159 150 144 138 122 125 103 86 82 65 56 61 54 47 66 43 55 39 28 28 27 23 22 20 18 12 15 11 10 10 6 4 6 4 5 5 
0 3 30 20 63 60 73 84 123 151 351 185 191 255 376 434 447 608 717 772 959 1218 1201 1269 1689 1642 1848 2240 2501 2366 2658 3024 3151 3397 3533 3831 3859 3963 4027 3964 4040 4077 4154 4027 3977 3905 3828 3740 3548 3272 3182 2989 3008 2823 2648 2502 2293 2138 1971 1910 1786 1634 1438 1362 1272 1214 1136 1029 957 826 783 753 649 589 555 470 441 427 362 363 306 311 266 239 200 199 189 177 162 135 135 107 112 117 87 81 65 70 44 59 44 45 35 37 31 35 28 27 26 17 22 14 18 13 9 15 10 4 10 12 9 8 4 7 13 
1 4 24 39 72 68 61 88 92 226 176 240 254 268 393 545 660 688 723 801 948 1413 1171 1404 1744 2130 2169 2353 2460 2685 2939 3145 3431 3606 3753 3877 3863 4063 4109 4251 4264 4245 4156 3975 3952 3860 3685 3530 3349 3256 3196 2808 2765 2624 2374 2344 2199 1997 1905 1731 1603 1484 1382 1299 1219 1167 982 916 877 843 678 700 587 563 488 492 435 367 337 340 288 265 261 223 185 186 186 147 153 152 120 96 106 94 72 80 90 70 71 50 46 52 44 52 36 39 36 29 21 22 11 20 17 22 11 10 15 10 6 7 5 6 4 3 6 
1 7 20 35 42 48 44 90 193 183 336 139 302 292 455 501 578 595 693 788 992 1065 1372 1432 1732 1824 1919 2189 2585 2634 2939 3242 3272 3338 3541 3835 3913 4143 4228 4136 4137 4128 4151 3933 4013 3812 3770 3735 3496 3279 3029 2940 2872 2599 2515 2408 2230 2092 1982 1746 1573 1545 1406 1328 1226 1132 1040 925 845 806 755 706 619 544 530 470 466 394 359 339 329 305 241 222 245 213 202 166 133 131 136 152 93 106 94 73 63 67 67 53 50 44 41 26 26 30 31 33 20 23 16 21 17 23 9 20 13 8 8 10 8 8 10 11 4 11 6 
0 4 12 48 50 104 41 76 100 138 166 224 279 465 314 412 481 576 692 768 962 952 1289 1428 1724 1718 1838 2122 2360 2690 2671 2996 3165 3265 3544 3925 4080 4144 4180 4244 4175 4150 4145 4027 4057 3975 3830 3721 3546 3385 3334 3053 2960 2853 2572 2504 2330 2150 1917 1782 1748 1599 1528 1365 1220 1177 1043 963 879 792 757 685 639 556 527 479 457 415 385 333 283 303 261 249 209 168 151 163 152 152 119 115 99 101 93 77 76 55 52 50 44 36 39 33 34 39 30 30 25 15 19 12 7 15 9 20 14 14 14 6 8 16 5 6 3 
0 8 22 49 38 89 108 108 207 180 206 265 445 416 493 479 568 772 934 938 1140 1297 1481 1625 1772 1942 2121 2380 2667 2842 3068 3037 3321 3622 3741 3792 3765 4036 3948 4052 4029 4094 4115 3807 3883 3744 3550 3401 3266 3301 3036 2906 2641 2572 2407 2291 2042 1932 1861 1721 1525 1459 1318 1219 1069 1070 965 871 888 791 693 612 529 532 498 432 397 364 359 300 295 255 251 240 181 182 177 153 134 108 108 91 86 76 73 81 74 53 49 33 40 39 28 32 30 26 30 26 30 22 21 29 11 20 8 14 8 12 11 8 12 5 
0 7 13 44 48 55 90 90 102 98 112 126 184 247 289 664 417 373 592 744 817 973 1229 1223 1367 1437 1895 2011 2310 2622 2568 2952 2935 3302 3600 3586 3671 3876 3832 3942 3951 4148 4167 4116 3909 3952 3805 3705 3653 3686 3312 3164 3113 2986 2758 2573 2414 2254 2144 1959 1796 1710 1567 1516 1332 1283 1218 1023 954 877 834 731 659 646 563 521 465 434 370 357 345 282 274 246 258 206 201 177 157 132 154 105 123 102 89 85 84 77 56 61 55 50 46 59 39 33 26 30 39 23 29 16 17 21 8 12 11 7 13 13 7 7 3 6 
1 8 18 40 38 55 80 62 87 94 144 169 213 276 324 375 460 512 624 780 935 973 1312 1261 1467 1650 1997 2157 2408 2415 2699 2964 3163 3356 3630 3682 3738 3887 4154 4109 4072 4074 4023 4179 4135 3877 3873 3731 3539 3364 3145 3149 2977 2787 2592 2501 2271 2154 2092 1902 1780 1632 1539 1369 1247 1187 1148 1010 896 814 717 745 648 593 558 505 501 379 410 371 315 293 262 236 252 199 188 173 150 138 114 115 128 91 84 98 78 70 53 58 52 48 51 43 34 24 24 29 31 19 15 12 13 8 9 11 3 8 6 8 
0 3 20 37 54 55 53 73 90 186 277 300 267 300 385 491 522 555 756 981 1055 1087 1266 1617 1685 1824 2003 2380 2459 2705 2908 3106 3276 3465 3664 3753 3982 3982 4006 4107 4077 4045 4120 3966 3998 3850 3639 3578 3438 3241 3138 3090 2779 2738 2430 2303 2251 2110 1963 1724 1596 1570 1405 1292 1206 1101 1082 982 891 801 704 647 599 534 516 488 429 395 379 335 297 280 246 215 230 203 190 164 144 141 122 111 105 83 83 84 75 69 63 69 57 36 41 31 37 41 30 25 33 24 17 15 17 13 16 6 13 10 7 7 8 7 
0 4 27 49 65 95 101 79 226 101 197 288 398 450 445 481 551 566 947 1050 1043 1201 1337 1605 1706 2002 2038 2305 2657 3023 3095 3254 3351 3643 3724 3973 4130 4202 4261 4174 4147 4077 4226 4111 3879 3820 3743 3526 3462 3330 3128 2938 2815 2687 2504 2282 2130 1899 1851 1743 1570 1429 1271 1225 1133 1021 978 844 812 766 679 603 589 526 491 427 396 343 305 271 279 255 235 186 159 173 164 149 130 130 103 103 72 81 57 68 57 51 54 49 35 29 38 39 24 20 28 16 22 15 23 16 8 13 13 17 14 7 11 11 7 6 2 
