0 0 66 49 52 87 151 149 228 330 305 421 525 600 746 921 1100 1192 1536 1722 1974 2126 2357 2784 2904 3059 3433 3492 3696 3876 3746 3896 3849 3911 3874 3862 3591 3490 3349 3128 2895 2750 2521 2470 2232 2052 1913 1652 1480 1392 1228 1123 1002 886 786 693 632 552 467 417 365 294 287 257 203 185 154 137 121 112 105 102 63 71 50 43 39 29 35 25 23 19 16 7 9 9 6 6 6 5 3 3 3 3 2 4 2 0 2 1 0 1 2 2 1 0 1 0 0 0 0 0 0 0 0 0 0 0 
0 0 102 103 120 166 182 227 334 431 441 663 792 921 1128 1296 1448 1777 1979 2279 2579 2810 2940 3244 3508 3614 3867 3985 3897 3998 4160 4029 3835 3860 3806 3624 3487 3185 3030 2956 2664 2444 2208 2125 1867 1721 1501 1399 1241 1050 1010 893 774 677 587 541 488 399 356 318 254 240 229 171 162 137 141 88 88 84 70 58 53 46 35 47 21 22 19 19 21 12 15 10 7 9 6 4 7 5 2 6 1 4 0 0 2 4 1 0 2 0 0 0 0 0 0 0 0 0 0 0 
0 0 64 65 44 153 144 185 248 359 251 388 540 577 700 763 946 1102 1318 1482 1640 1882 2086 2472 2607 2840 3024 3167 3289 3560 3666 3811 3797 3804 3848 3780 3558 3581 3422 3229 3086 3026 2819 2594 2365 2300 2043 1874 1747 1484 1472 1238 1102 1038 901 871 685 630 605 502 449 341 375 315 246 262 183 173 162 142 103 88 84 73 66 54 49 49 34 36 25 20 19 23 15 13 6 12 10 4 7 6 3 6 2 1 2 1 1 0 0 2 0 0 0 0 0 1 0 0 0 1 0 1 1 0 0 0 0 0 0 0 0 0 0 0 
0 0 56 68 61 69 208 276 210 290 340 423 591 649 851 1011 1182 1379 1595 1819 1940 2243 2584 2718 3000 3215 3346 3513 3617 3804 3899 3891 3849 3768 3696 3684 3472 3355 3174 3058 2912 2597 2512 2215 2057 1965 1727 1543 1434 1334 1159 1041 941 807 717 657 557 489 459 376 296 300 256 217 193 165 151 131 85 71 81 67 56 49 48 32 35 20 18 14 15 21 14 13 9 9 6 4 5 3 8 3 3 3 1 1 2 1 1 0 0 0 0 0 0 0 1 0 0 0 0 0 0 0 0 0 0 0 
0 0 63 53 44 82 117 152 236 270 228 418 577 612 712 998 1212 1326 1452 1805 1996 2277 2580 2765 3037 3196 3446 3589 3793 3801 4011 4064 3908 3893 3840 3748 3668 3521 3416 3147 3038 2837 2620 2374 2249 2029 1886 1669 1473 1364 1241 1045 1040 898 761 661 633 563 449 404 371 308 286 238 217 197 165 156 104 94 103 89 59 54 65 58 41 39 37 22 23 26 17 12 18 6 10 6 8 7 4 2 2 1 3 2 2 3 2 0 1 1 0 2 0 0 1 0 0 0 0 0 0 0 0 0 0 0 
0 0 54 56 41 76 123 176 224 353 283 280 445 553 647 724 860 982 1212 1361 1484 1707 1860 2085 2283 2393 2723 2963 3033 3162 3416 3349 3522 3589 3555 3602 3490 3423 3391 3231 3119 2966 2796 2639 2500 2290 2245 1999 1775 1761 1514 1358 1271 1214 1025 881 822 766 674 600 504 455 416 406 303 304 220 216 216 188 153 130 92 99 87 79 63 68 64 48 50 30 28 27 24 21 17 14 10 16 7 5 8 8 3 7 5 3 7 0 2 4 1 1 1 2 4 0 0 0 0 1 0 0 0 0 0 0 0 0 0 0 0 
0 0 47 52 58 63 143 205 234 349 329 437 574 764 903 986 1195 1585 1698 1970 2147 2435 2554 2833 3032 3188 3454 3569 3579 3732 3729 3779 3787 3819 3672 3673 3444 3316 3149 2963 2864 2590 2504 2296 2143 1953 1833 1666 1506 1378 1166 1069 963 836 763 635 577 524 468 381 333 311 288 270 204 166 157 141 128 95 84 87 60 55 51 46 44 38 33 34 23 23 17 20 12 15 18 8 10 5 5 8 4 2 2 2 0 3 2 1 1 2 1 0 1 1 1 0 0 0 0 0 0 0 0 0 0 0 
0 0 57 55 53 76 137 172 248 304 265 328 722 617 642 948 1091 1254 1427 1581 1769 2136 2285 2408 2626 3047 3161 3274 3602 3687 3666 3729 3785 3891 3728 3748 3576 3503 3420 3190 2906 2795 2669 2532 2304 2217 1948 1686 1644 1461 1342 1259 1081 927 847 772 676 611 507 477 433 342 328 293 232 259 190 141 153 127 104 104 77 77 61 38 47 36 39 43 32 35 26 16 12 7 17 15 17 5 4 7 5 2 3 5 1 1 3 0 1 0 0 1 0 0 0 1 0 0 0 0 0 0 0 0 1 0 0 
0 0 59 54 47 106 221 264 337 437 406 688 870 946 1159 1387 1676 1825 2124 2315 2645 2933 3244 3360 3663 3887 4051 4198 4050 4254 4243 4067 4095 3926 3650 3724 3520 3243 3120 2892 2642 2540 2145 2014 1787 1730 1547 1309 1218 1065 928 845 722 665 589 520 404 393 306 303 239 270 195 177 163 117 98 88 82 77 69 50 42 39 38 30 21 16 18 14 6 10 10 8 9 6 1 3 2 2 4 1 3 3 0 2 0 1 0 1 0 0 0 0 0 0 0 0 0 0 0 
0 0 63 67 59 141 134 177 244 366 274 415 627 649 791 1048 1232 1403 1575 1830 2095 2341 2685 2859 3089 3476 3543 3743 3873 4004 4027 4123 4070 3986 4024 3939 3642 3539 3483 3057 2892 2742 2589 2440 2097 1959 1814 1548 1440 1296 1158 1107 928 800 750 614 596 531 437 372 325 303 284 206 191 181 146 122 110 88 95 68 45 44 36 33 31 28 18 22 18 17 18 19 7 5 12 4 2 6 2 2 1 4 1 1 4 0 0 0 0 1 0 0 1 0 1 0 0 0 0 0 0 0 0 0 0 0 
0 0 63 46 39 121 150 182 224 350 356 583 727 818 1033 1194 1499 1737 1964 2247 2456 2858 2927 3195 3542 3717 3772 3963 4088 4214 4145 4219 4018 3981 3804 3737 3512 3329 3175 3030 2777 2581 2287 2138 1921 1764 1605 1401 1297 1153 1066 806 763 705 605 534 467 417 386 307 301 233 224 185 145 142 117 90 82 84 67 65 60 40 43 28 23 30 21 17 26 16 8 9 6 12 7 5 6 7 3 2 1 3 0 2 2 1 2 0 2 0 0 0 1 0 1 0 0 2 0 0 0 0 0 0 0 1 0 0 0 1 0 0 0 0 0 0 0 1 0 0 1 0 0 0 0 0 0 0 0 0 
0 0 54 56 53 105 146 178 233 351 305 538 790 828 1024 1298 1456 1723 1959 2225 2476 2677 2995 3243 3403 3695 3745 4050 4079 4151 4060 4186 4088 4004 3997 3802 3486 3370 3223 2904 2786 2579 2385 2174 1957 1711 1574 1456 1250 1110 952 896 830 717 604 512 473 417 387 302 273 259 209 178 163 143 134 108 79 88 55 65 58 51 38 45 28 21 40 16 20 12 13 9 10 9 5 9 7 2 4 3 6 2 2 3 2 2 0 4 1 1 0 1 2 1 2 1 1 0 0 1 0 0 1 0 0 1 0 0 1 0 0 0 1 0 0 0 0 0 0 0 0 0 0 0 
0 0 62 62 63 181 228 283 476 571 485 715 1021 1170 1403 1699 1848 2085 2449 2734 2970 3223 3547 3752 3919 3980 4034 4182 4192 4223 4200 4101 3979 3830 3631 3422 3191 3080 2808 2512 2360 2185 1964 1803 1585 1453 1379 1153 1042 883 784 735 601 551 476 438 360 324 262 236 197 189 135 119 102 85 86 86 59 44 35 42 26 20 17 13 22 17 10 4 10 7 9 5 5 4 2 2 0 1 2 0 0 0 1 0 0 0 0 0 0 0 0 0 0 0 
0 0 72 56 48 95 147 184 244 336 261 381 542 581 702 834 975 1109 1326 1464 1657 1877 2178 2407 2451 2780 2973 3108 3425 3388 3624 3600 3618 3664 3635 3570 3570 3429 3282 3155 3057 2850 2661 2553 2343 2202 2037 1717 1609 1519 1346 1204 1076 971 919 753 775 636 542 478 452 347 326 332 262 223 220 193 144 127 113 99 80 81 61 67 61 43 43 20 30 29 19 12 20 21 13 13 7 9 12 8 2 3 4 6 1 3 2 2 2 1 1 0 3 1 0 0 0 0 0 0 0 0 0 0 0 
0 0 67 63 45 96 134 267 274 370 306 495 663 727 789 1024 1151 1343 1569 1799 2023 2370 2642 2713 3018 3234 3372 3696 3729 3918 3945 3985 4093 4002 3837 3728 3685 3476 3433 3201 2950 2765 2696 2379 2149 2036 1760 1628 1499 1340 1245 1046 970 786 744 672 563 529 456 374 386 286 272 213 188 157 149 129 105 92 84 87 60 63 48 42 35 28 23 23 20 11 19 9 8 9 5 6 10 5 5 5 4 3 1 0 3 1 0 1 1 0 0 0 0 0 0 0 0 0 0 0 
0 0 67 46 39 203 246 238 363 434 368 563 785 823 1062 1300 1418 1708 1859 2026 2343 2605 2778 3055 3279 3456 3584 3702 3806 3832 4050 3953 3811 3775 3700 3575 3340 3271 2991 2888 2675 2442 2303 2134 1877 1650 1576 1442 1233 1155 1032 916 837 730 677 595 463 486 387 332 299 250 249 209 186 146 109 96 95 75 65 60 61 47 53 26 36 30 22 22 17 15 15 7 10 7 10 6 0 2 4 3 5 5 1 2 3 0 1 0 3 2 0 0 0 1 0 0 2 2 0 1 0 0 2 1 0 0 0 0 1 0 1 0 0 0 0 0 0 0 0 0 0 0 
0 0 62 66 53 151 147 210 323 350 330 618 751 837 1002 1293 1485 1806 1896 2185 2397 2851 3133 3147 3534 3707 3885 4072 4200 4096 4285 4323 4176 4070 3847 3744 3559 3518 3212 2978 2804 2562 2299 2078 1868 1808 1549 1448 1248 1096 988 861 777 692 562 492 443 394 353 272 256 252 192 142 157 109 85 99 77 65 60 37 38 32 35 26 38 26 23 19 18 17 7 12 4 5 6 3 3 4 3 1 2 3 1 0 1 2 0 1 2 0 1 0 0 1 0 1 0 0 1 1 0 0 0 1 0 0 1 0 0 0 0 0 0 1 0 0 0 0 0 0 0 0 0 0 0 
0 0 60 55 51 68 180 255 268 464 526 694 843 835 1048 1356 1628 1777 2032 2321 2404 2667 2992 3178 3374 3553 3711 3653 3931 3951 3877 3910 3937 3738 3678 3469 3325 3233 3021 2752 2700 2495 2205 1961 1838 1690 1607 1360 1160 1118 956 860 773 684 622 547 490 391 356 301 283 266 236 197 152 146 128 98 111 71 72 65 46 52 38 37 31 15 21 19 26 20 11 4 5 13 7 7 5 5 5 5 0 2 2 4 2 1 0 2 0 0 0 0 0 2 0 0 0 0 0 0 0 0 0 0 0 
0 0 73 66 64 97 131 242 325 409 368 482 755 880 1052 1274 1453 1687 1976 2155 2377 2640 2867 3093 3444 3466 3653 3844 3888 3897 3885 3912 3878 3777 3775 3425 3328 3189 3037 2785 2651 2549 2370 2126 1881 1821 1565 1378 1315 1162 1040 993 852 677 625 594 477 415 391 320 255 253 209 179 180 159 115 114 106 76 85 64 61 46 43 40 42 29 33 15 17 16 17 9 5 14 7 5 5 6 0 4 3 2 2 1 1 1 0 0 0 0 0 0 0 0 0 0 0 
0 0 50 42 51 37 112 148 209 280 221 355 513 604 756 863 1103 1319 1523 1780 1979 2254 2609 2798 3071 3228 3572 3645 3758 3862 4012 4147 4249 4231 4019 3854 3865 3596 3539 3338 3015 2859 2731 2539 2310 2046 1839 1753 1569 1299 1253 1133 1010 905 776 643 594 578 456 413 313 301 278 240 191 175 168 120 121 103 80 68 64 52 34 43 33 26 15 25 23 18 9 11 9 4 4 7 6 1 4 2 3 2 3 0 1 2 1 1 1 1 0 0 0 0 0 0 0 0 0 0 0 
0 0 58 53 61 106 154 156 347 397 341 460 533 635 713 949 1119 1291 1512 1668 1845 2033 2269 2453 2808 2915 3095 3313 3476 3616 3562 3693 3812 3621 3627 3767 3467 3394 3278 3085 3038 2785 2576 2441 2362 2126 1915 1700 1609 1493 1308 1194 1114 928 832 726 703 610 548 483 427 363 334 255 262 227 190 176 155 126 125 103 83 76 72 63 55 38 39 34 31 19 22 18 15 16 20 14 8 7 9 7 6 8 1 5 4 1 2 1 1 2 1 1 1 1 1 0 0 0 0 1 0 0 0 0 1 0 0 0 0 0 0 0 0 0 0 0 
0 0 74 65 54 83 169 155 223 252 220 346 473 502 555 706 898 1052 1240 1387 1628 1752 1971 2294 2557 2753 2971 3184 3259 3563 3474 3753 3853 3890 3838 3799 3804 3631 3572 3302 3260 3009 2887 2566 2509 2343 2062 1913 1736 1580 1469 1296 1126 993 925 797 733 620 549 518 411 386 332 324 263 222 209 167 176 135 116 98 69 73 58 46 52 32 33 22 28 27 14 16 19 10 11 7 12 11 8 5 2 3 3 2 2 4 5 1 2 0 0 0 1 0 1 1 1 0 1 0 0 0 1 0 2 0 0 1 0 0 1 1 2 0 0 0 0 0 0 1 0 0 0 0 0 1 0 0 0 0 
0 0 65 65 58 126 162 240 291 379 344 568 761 840 984 1019 1210 1552 1690 1909 2257 2478 2752 2996 3156 3201 3592 3690 3713 3751 3921 3999 3853 3772 3770 3619 3448 3353 3247 2945 2638 2554 2376 2242 1951 1838 1613 1532 1325 1184 1089 946 847 754 665 605 499 427 401 346 326 269 237 217 175 149 136 132 96 83 88 66 60 35 51 46 39 21 22 15 19 14 15 12 9 9 6 4 9 4 5 3 1 9 1 2 1 3 0 0 0 1 0 1 0 1 1 0 0 1 1 0 0 0 0 0 0 0 0 0 0 0 
0 0 68 59 44 110 131 164 245 298 253 378 474 608 645 826 1091 1222 1388 1722 1865 2185 2485 2608 2885 3167 3293 3564 3761 3793 3974 4109 4011 4005 3932 3819 3768 3745 3541 3274 3093 2875 2716 2627 2352 2101 1936 1844 1521 1457 1295 1169 1032 869 781 677 658 577 459 451 348 355 294 248 249 204 157 156 127 122 108 105 78 43 63 47 40 45 40 25 13 20 20 19 9 11 11 7 7 10 4 6 6 5 2 6 5 3 0 2 2 3 2 1 2 0 2 0 1 1 1 0 0 0 0 0 0 0 0 0 0 0 
0 0 39 46 38 84 86 145 154 261 162 273 471 522 578 796 931 974 1212 1432 1516 1821 2068 2324 2582 2922 3005 3213 3368 3533 3633 3768 3890 3863 3731 3772 3668 3572 3492 3377 3164 2923 2784 2594 2383 2331 2072 1942 1717 1486 1468 1298 1141 1010 887 840 680 650 533 459 439 382 317 263 281 215 191 187 129 125 115 88 93 77 59 59 46 49 31 31 33 19 24 9 21 13 8 7 4 3 4 2 4 4 2 3 2 0 3 0 1 0 0 0 0 0 0 0 0 0 0 0 
0 0 63 54 49 119 122 142 234 343 229 415 558 636 754 1013 1204 1462 1648 1844 2114 2346 2729 2866 3159 3346 3588 3682 3868 4054 4042 3986 4079 3963 3864 3799 3658 3504 3396 3088 2972 2661 2644 2466 2098 1983 1862 1563 1505 1375 1178 1048 928 854 756 685 601 547 450 427 327 254 260 253 210 155 150 127 112 94 65 68 54 39 43 43 20 33 21 15 18 12 10 10 8 5 3 8 2 6 4 3 2 3 1 0 1 3 0 2 0 1 1 2 1 0 0 1 0 0 0 0 1 0 0 0 0 0 0 0 0 0 0 0 
0 0 63 50 43 109 119 148 188 228 280 315 488 594 744 907 1005 1171 1476 1654 1777 2046 2292 2479 2781 2940 3078 3378 3580 3596 3744 3836 3694 3843 3815 3702 3526 3526 3377 3229 2926 2841 2581 2535 2318 2079 1870 1806 1593 1427 1248 1112 1089 969 842 755 642 565 507 435 369 360 324 249 220 203 183 165 137 111 108 101 82 56 62 54 35 46 33 22 24 23 19 20 13 13 6 8 6 5 4 8 4 4 8 1 1 2 2 3 2 0 1 0 3 1 0 5 0 1 0 0 1 0 1 0 0 0 0 0 0 0 0 0 0 0 
0 0 40 52 44 81 112 120 197 252 211 398 489 574 685 889 1020 1124 1446 1646 1903 2230 2481 2759 2947 3149 3347 3567 3779 3824 3938 4042 4054 4018 3862 3886 3721 3538 3483 3338 3090 2836 2685 2453 2265 2096 1871 1755 1492 1394 1242 1124 1001 928 771 695 645 543 449 407 381 291 274 247 232 186 155 144 116 103 94 80 65 52 56 39 42 33 24 28 31 19 17 10 9 10 8 12 8 10 7 1 5 6 4 3 3 3 4 4 2 1 1 2 1 2 0 0 1 1 0 0 0 2 0 0 0 0 0 0 0 0 0 0 0 
0 0 55 45 49 74 112 147 161 232 238 311 487 493 605 715 967 1078 1322 1532 1671 1918 2232 2392 2637 2817 3005 3318 3550 3652 3724 3884 3796 3979 3854 3810 3637 3611 3498 3434 3183 2914 2833 2777 2438 2267 2081 1966 1763 1580 1422 1306 1161 1035 926 770 741 660 531 521 504 354 328 298 266 217 212 190 155 136 127 102 88 93 74 65 54 46 45 36 25 27 23 27 25 16 14 8 16 8 7 5 11 7 4 7 4 0 3 4 2 0 4 0 0 2 0 0 0 0 0 0 0 0 0 1 0 
0 0 62 69 53 107 155 181 251 325 391 628 699 973 1227 1364 1558 2006 2242 2504 2816 3065 3153 3559 3923 3988 4054 4284 4274 4304 4110 4223 4039 4030 3689 3566 3427 3169 3023 2752 2572 2447 2107 1977 1753 1545 1425 1297 1137 999 963 755 697 602 555 490 431 357 316 256 219 197 173 151 165 114 103 74 77 59 63 43 40 35 36 20 25 25 18 11 9 16 7 5 8 5 6 2 1 1 7 2 5 2 2 0 0 0 0 1 1 0 0 1 1 0 1 0 1 0 0 0 0 0 0 1 0 0 0 0 0 0 0 0 0 0 0 
0 0 52 54 38 130 120 144 185 287 206 352 480 553 668 825 991 1132 1215 1499 1653 1861 2168 2400 2656 2762 3075 3286 3329 3441 3681 3695 3790 3753 3800 3682 3564 3479 3370 3124 3056 2897 2715 2583 2290 2205 1905 1816 1639 1410 1389 1196 1107 1002 863 766 697 588 564 461 414 388 362 280 283 254 190 198 168 120 123 115 115 92 71 66 56 48 46 33 40 38 23 21 24 21 13 18 10 14 16 11 8 5 8 2 3 6 6 4 5 7 0 1 5 1 3 1 2 0 0 0 1 0 0 0 0 1 0 1 0 0 0 0 0 0 0 0 0 0 0 
0 0 52 40 66 135 139 212 295 408 475 521 765 858 1028 1374 1437 1743 2048 2401 2678 2807 3023 3342 3583 3658 3886 4064 4162 4218 4228 4179 4036 4080 3763 3657 3465 3325 3064 2865 2738 2409 2201 2047 1767 1628 1450 1387 1156 1108 941 853 697 648 549 510 447 406 335 298 250 209 183 150 140 124 102 88 84 61 60 57 42 49 31 33 24 17 20 15 18 11 13 18 11 11 4 7 7 4 6 2 4 3 5 4 3 0 1 1 2 3 1 1 1 2 1 0 1 3 0 1 1 0 0 0 0 0 0 0 0 0 0 0 
0 0 52 51 56 90 113 101 246 232 213 373 514 578 693 854 1025 1107 1357 1486 1769 1991 2248 2418 2581 2905 3084 3176 3512 3672 3801 3857 3886 3974 3947 3873 3835 3627 3536 3336 3246 3040 2831 2615 2429 2196 2116 1871 1763 1563 1359 1281 1098 990 887 804 665 647 602 468 404 359 332 270 283 213 215 184 151 151 105 97 95 74 78 51 59 47 34 28 27 24 17 20 18 5 8 3 3 4 2 4 1 0 1 1 0 0 3 1 0 0 2 1 0 1 0 1 0 0 0 0 1 0 1 0 0 0 0 0 0 1 0 0 0 0 0 0 0 0 0 0 0 
0 0 46 53 49 100 110 129 213 267 258 353 597 668 802 1019 1264 1482 1619 1899 2143 2419 2720 2919 3246 3459 3673 3828 3918 4119 4192 4120 4127 4051 3995 3880 3700 3638 3508 3128 2967 2807 2567 2445 2170 2007 1766 1631 1448 1302 1140 1042 916 808 756 631 574 504 417 379 339 309 279 221 192 179 141 139 93 88 77 69 62 49 49 37 35 39 23 20 15 21 11 9 15 9 9 6 8 3 1 4 6 1 5 3 2 3 1 0 3 0 1 1 0 0 0 1 0 0 0 1 0 0 0 0 0 0 0 0 0 0 0 
0 0 54 72 51 100 174 313 336 404 502 647 761 866 1106 1434 1485 1815 2065 2224 2394 2797 3093 3305 3589 3780 3967 4053 4098 4029 4162 4158 4105 3924 3857 3599 3404 3184 3035 2890 2679 2369 2152 2062 1767 1584 1473 1316 1165 1059 937 856 723 626 556 443 464 347 281 274 277 216 195 148 117 119 97 87 71 55 52 53 51 41 29 36 21 23 15 17 17 15 12 13 5 8 2 5 7 2 1 2 2 2 2 0 2 1 0 0 0 0 1 0 0 0 0 0 0 0 0 0 0 0 
0 0 68 60 60 107 194 275 324 402 501 695 872 1053 1221 1455 1658 1912 2105 2371 2737 2911 3231 3358 3595 3747 3865 4062 4054 3959 4112 3997 3903 3742 3677 3532 3330 3097 2964 2744 2626 2442 2128 1945 1811 1625 1451 1295 1196 1090 962 817 757 687 555 505 456 362 347 287 284 222 210 166 149 123 116 93 80 82 61 45 53 42 33 21 21 23 13 12 15 14 12 6 8 10 7 5 4 5 12 5 2 5 2 7 0 2 0 1 1 2 0 2 2 0 0 0 0 0 1 1 0 0 0 0 0 0 0 0 0 0 0 
0 0 51 54 52 76 160 237 271 362 330 485 711 831 943 1221 1395 1575 1840 2090 2300 2619 2826 3061 3259 3552 3634 3752 3971 3889 3949 4106 3985 3984 3735 3628 3508 3201 3123 3072 2728 2622 2427 2184 1950 1848 1609 1498 1379 1174 1071 1017 873 799 674 591 521 491 390 356 304 267 240 219 194 161 118 126 98 99 78 74 74 33 46 40 34 34 22 23 16 11 13 9 12 4 7 4 5 4 6 6 1 3 1 0 2 1 0 4 2 2 1 1 2 0 1 0 0 1 0 1 0 0 1 0 0 1 0 0 0 0 0 0 0 0 0 1 0 
0 0 51 64 48 151 325 316 358 563 603 822 966 1116 1402 1653 1804 2094 2404 2554 2947 3257 3498 3641 3861 3974 4079 4146 4193 4149 4119 4012 3996 3761 3473 3240 3122 2942 2752 2599 2363 2202 1919 1742 1625 1470 1316 1097 1013 931 793 697 615 559 461 404 359 299 294 229 176 185 164 142 125 114 87 79 71 56 47 37 33 30 31 25 11 20 12 16 9 6 12 5 9 4 7 5 2 1 1 2 2 0 1 1 2 0 1 1 1 0 1 0 0 0 1 0 0 0 0 1 1 0 0 0 0 0 1 0 0 0 1 0 0 0 0 0 0 0 0 0 0 0 
0 0 65 56 51 87 133 187 251 372 340 520 773 817 849 1125 1335 1512 1816 1956 2182 2406 2711 2895 3161 3362 3480 3683 3715 3858 3895 3901 3899 3815 3728 3715 3435 3331 3227 3009 2800 2590 2423 2119 2099 1847 1713 1569 1360 1217 1135 918 895 789 703 558 536 470 402 344 320 265 266 204 159 171 138 123 103 91 61 77 68 40 43 37 36 22 24 25 23 7 18 5 11 11 10 5 8 5 5 5 1 0 4 3 2 1 4 2 1 1 0 1 0 0 0 0 1 1 0 0 0 0 0 0 1 0 0 0 0 0 0 0 0 0 0 0 
0 0 62 56 62 125 190 254 331 388 322 475 679 789 1011 1231 1302 1428 1645 1825 2052 2354 2554 2822 3048 3250 3429 3409 3587 3721 3711 3853 3761 3718 3646 3583 3451 3305 3223 2972 2810 2570 2397 2274 2036 1856 1722 1501 1326 1198 1180 988 882 798 647 630 514 481 356 371 336 269 232 236 143 142 151 118 98 84 74 57 62 55 33 34 36 26 28 17 15 20 16 14 8 12 7 9 10 5 6 4 4 1 3 4 1 2 0 1 0 0 0 0 0 1 0 0 0 0 0 0 0 0 0 0 0 
0 0 55 77 74 159 292 311 364 578 587 759 1020 1146 1310 1593 1843 2130 2284 2706 2867 3242 3415 3567 3696 3913 3961 4040 4191 4070 4045 4092 3801 3599 3495 3417 3197 3094 2700 2580 2409 2235 2001 1847 1655 1425 1412 1175 1041 952 851 764 657 599 525 461 372 351 316 240 237 202 157 148 128 97 102 92 64 56 49 52 35 55 28 16 16 22 14 9 13 10 9 8 6 5 5 5 3 4 2 4 0 1 3 1 0 1 2 0 0 1 1 1 0 1 0 0 0 1 0 0 0 0 0 0 0 0 0 0 0 
0 0 48 48 32 95 180 161 210 344 351 489 706 744 921 1149 1318 1572 1747 2097 2285 2643 2868 2947 3325 3610 3706 3880 3991 4095 4117 4152 4118 3797 3924 3810 3584 3474 3316 3006 2791 2630 2327 2245 2046 1845 1764 1492 1337 1168 1052 952 817 758 599 577 477 424 415 333 321 239 222 205 162 138 133 105 104 74 67 57 48 42 45 41 33 28 26 18 18 18 22 12 12 6 6 10 3 6 5 3 1 6 4 2 6 4 2 1 2 2 1 1 1 0 2 0 1 1 2 1 0 0 2 1 0 0 0 2 0 0 0 0 0 0 0 0 0 1 0 
0 0 54 53 61 83 85 111 181 212 131 213 323 360 503 612 709 884 1114 1148 1394 1705 1898 2050 2293 2697 2792 2911 3147 3414 3473 3680 3661 3807 3889 3799 3743 3797 3490 3529 3380 3114 2897 2867 2669 2413 2225 1995 1881 1756 1555 1399 1278 1136 1030 908 834 702 579 550 518 413 390 309 275 231 230 204 140 120 135 112 76 84 88 66 45 38 28 29 30 21 22 17 19 11 12 11 3 6 5 6 2 1 3 1 7 3 0 0 1 1 1 2 1 0 2 0 0 0 0 0 0 0 0 0 0 0 
0 0 43 53 52 69 91 184 224 270 215 342 488 508 727 856 1100 1364 1483 1718 2016 2436 2411 2779 3094 3205 3680 3597 3855 3976 4022 4142 4230 4032 3980 3846 3825 3809 3618 3276 3000 2907 2644 2368 2233 2000 1883 1690 1556 1352 1227 1146 976 902 807 701 610 529 474 422 344 295 284 247 205 164 164 142 121 96 77 90 71 59 59 51 35 34 32 17 22 19 15 11 12 7 7 6 4 0 2 4 0 1 1 1 0 1 0 0 0 0 0 0 0 0 0 0 0 
0 0 65 60 55 115 153 231 350 403 393 585 767 823 1013 1312 1522 1695 2039 2198 2425 2760 2888 3093 3414 3570 3671 3830 4034 4009 4053 4063 4042 3899 3858 3651 3468 3301 3131 2893 2685 2526 2291 2075 1978 1718 1595 1370 1302 1127 1019 897 810 673 622 567 461 419 344 296 291 230 222 168 147 133 119 104 80 94 67 45 42 48 43 32 27 27 20 10 17 15 5 15 9 5 8 5 2 7 6 2 2 2 3 2 0 2 1 1 0 1 2 1 0 0 0 0 0 0 0 0 0 0 0 
0 0 52 65 57 97 145 166 257 312 289 371 580 672 744 994 1142 1353 1534 1840 1814 2116 2519 2677 2885 3150 3366 3382 3592 3734 3819 3859 3750 3843 3800 3772 3624 3487 3276 3076 3069 2845 2492 2402 2228 2005 1805 1625 1549 1349 1234 1077 924 896 756 674 573 531 486 392 337 296 270 264 205 184 161 162 124 124 91 62 67 74 56 54 40 37 28 21 27 23 12 21 17 12 11 5 9 7 8 4 7 5 3 0 0 4 6 1 2 0 0 2 1 1 1 1 1 0 0 1 1 0 1 2 0 1 0 1 0 0 0 1 0 1 2 1 0 0 0 0 1 1 1 0 0 0 0 0 0 0 
0 0 61 56 42 93 157 258 290 342 368 480 596 721 904 1079 1296 1536 1648 1994 2137 2371 2762 2931 3112 3348 3690 3684 4026 3999 4086 4127 4024 3976 3921 3757 3717 3549 3386 3134 2937 2679 2516 2280 2172 1944 1765 1559 1452 1291 1123 996 898 779 718 620 531 434 409 361 321 262 214 206 185 147 102 98 99 61 66 59 53 39 24 35 32 15 15 16 18 14 8 15 11 7 7 1 6 6 0 3 5 2 3 2 1 0 2 0 0 0 1 0 0 0 0 1 0 0 0 0 1 0 0 0 0 0 0 0 0 0 0 0 
0 0 77 70 48 155 172 180 352 430 366 560 799 902 947 1155 1326 1578 1834 1971 2198 2496 2754 2965 3233 3243 3546 3729 3748 3808 3860 3833 3756 3773 3638 3441 3435 3213 3105 2858 2610 2526 2245 2071 1978 1805 1601 1465 1324 1201 1064 936 859 742 714 617 543 456 403 366 316 277 237 211 195 189 149 104 106 95 80 59 57 60 49 37 29 36 33 29 23 25 17 11 13 9 14 11 5 6 6 7 5 2 5 2 1 1 3 1 3 1 0 1 3 1 0 2 1 1 2 1 0 0 0 0 0 0 0 0 0 0 0 
0 0 79 73 54 100 133 272 313 386 292 378 583 689 834 1048 1288 1406 1636 1805 2082 2445 2665 2841 3086 3294 3549 3637 3687 3956 3952 3886 3994 3861 3794 3600 3570 3442 3225 3084 2889 2635 2514 2333 1976 1918 1774 1526 1358 1263 1147 1055 895 823 717 602 562 505 480 403 384 308 235 224 194 184 148 153 95 98 91 82 58 60 51 33 31 34 28 23 17 14 13 8 12 8 6 5 5 6 3 5 2 2 2 0 0 2 4 0 2 0 1 1 0 2 0 3 0 0 1 1 0 1 0 3 0 0 0 0 0 0 0 0 0 0 0 
0 0 65 57 52 68 90 158 266 279 224 400 603 577 708 901 1136 1300 1391 1675 1816 2268 2402 2471 2748 2936 3358 3485 3574 3739 3966 3846 3836 3817 3981 3746 3842 3497 3344 3174 2977 2829 2691 2516 2368 2012 1902 1789 1519 1451 1306 1177 1054 907 887 721 618 517 518 429 344 336 287 231 223 209 156 134 139 111 86 90 80 61 51 45 37 37 27 24 13 23 21 16 12 5 13 9 9 6 12 10 7 6 4 4 8 10 1 1 5 1 3 1 5 1 0 3 1 3 3 0 0 1 1 1 1 0 1 1 0 2 0 0 0 0 0 0 0 0 0 0 0 
0 0 65 64 57 175 199 310 460 547 512 689 922 1008 1217 1452 1650 1948 2135 2386 2648 2955 3232 3366 3675 3751 3759 4011 4096 4048 4126 3955 3824 3819 3579 3381 3250 3087 2912 2764 2582 2370 2136 1946 1744 1621 1377 1265 1159 1004 844 807 728 602 503 473 403 359 293 288 203 221 168 116 114 117 82 88 67 56 46 43 39 33 25 28 17 15 21 13 17 9 8 7 4 5 4 4 3 4 2 1 2 1 0 0 0 0 1 0 0 0 0 0 0 0 0 0 0 0 
0 0 74 49 51 215 234 224 393 539 569 714 799 938 1286 1490 1720 1863 2191 2391 2569 2833 3002 3227 3611 3707 3767 3843 3978 3934 3989 3969 3900 3750 3638 3492 3295 3147 2921 2800 2554 2399 2131 1996 1765 1620 1486 1284 1180 1134 953 820 745 657 595 472 463 445 330 280 259 214 185 164 137 115 98 92 80 55 64 62 44 29 18 28 27 18 17 10 16 13 5 11 7 8 9 4 6 3 3 4 0 3 2 2 0 1 0 0 0 1 0 0 0 0 0 0 0 0 0 0 0 
0 0 46 47 47 71 109 152 176 289 201 360 530 599 655 862 1056 1176 1330 1625 1747 2032 2209 2424 2757 3005 3220 3315 3486 3646 3763 3747 3977 3901 3858 3620 3650 3639 3467 3221 3103 2871 2741 2526 2344 2192 1925 1825 1525 1542 1263 1183 1085 961 830 762 649 558 544 454 404 300 330 252 256 228 191 163 161 113 116 102 100 96 69 67 43 62 46 35 29 18 32 25 22 18 13 12 18 8 12 13 13 4 6 5 2 4 7 4 3 2 4 1 3 2 0 1 2 0 1 2 3 0 0 1 1 0 0 0 0 0 0 0 0 0 0 0 
0 0 76 44 49 128 158 207 242 363 383 486 600 780 862 1074 1244 1378 1650 1882 2016 2411 2670 2980 3117 3256 3587 3726 3849 3856 4093 4117 4068 3974 3934 3749 3734 3510 3280 3080 2949 2763 2561 2253 2161 1955 1755 1592 1400 1231 1148 990 907 786 719 646 546 469 434 356 285 281 221 197 211 148 142 118 117 90 82 81 61 52 49 42 34 33 32 17 13 17 11 8 7 6 9 7 8 4 1 1 1 1 1 1 0 0 2 0 1 1 0 0 0 0 0 0 0 0 0 0 0 
0 0 64 53 37 125 139 134 254 254 320 479 574 651 805 914 1170 1323 1505 1830 2031 2315 2503 2761 3001 3148 3294 3635 3875 3838 4062 4059 3964 3967 3986 3904 3735 3684 3399 3250 3099 2870 2617 2393 2289 2007 1823 1714 1424 1303 1194 1085 926 836 734 641 534 470 426 385 333 274 265 211 174 173 159 136 105 93 93 65 67 38 50 43 39 32 18 26 22 18 14 8 10 12 9 5 5 4 3 4 3 7 4 1 4 1 3 3 2 2 1 1 1 0 0 0 0 0 0 0 0 0 1 0 
0 0 60 65 46 146 175 275 305 383 420 650 732 802 983 1204 1347 1581 1879 1982 2205 2495 2805 2865 3127 3317 3532 3622 3777 3958 3797 3908 3879 3793 3723 3662 3280 3305 3092 2935 2763 2508 2341 2105 1932 1754 1624 1490 1233 1172 1055 874 805 697 651 560 456 423 405 337 302 290 252 209 177 162 163 114 109 78 89 75 63 54 48 39 31 31 39 26 32 22 13 13 13 6 11 9 9 2 8 2 4 4 2 3 3 1 2 0 0 1 1 2 1 1 0 0 0 1 0 0 0 0 0 0 0 0 0 0 0 
0 0 47 50 35 97 141 140 229 409 284 404 610 695 850 1147 1294 1444 1634 1893 2195 2418 2464 2900 3101 3252 3432 3577 3785 3754 3798 3784 3876 3832 3724 3619 3560 3345 3283 3058 2893 2639 2509 2345 2114 1939 1769 1670 1459 1350 1161 1115 930 813 729 689 604 518 449 373 379 307 246 233 220 174 142 131 108 100 84 70 68 59 49 45 36 24 20 29 19 13 22 11 7 10 6 6 4 4 5 2 1 2 0 0 0 0 1 0 0 0 0 0 0 0 0 0 0 0 
0 0 66 59 43 164 162 177 275 362 264 435 686 755 844 1036 1285 1397 1511 1850 2054 2313 2579 2739 3067 3176 3389 3504 3648 3803 3807 3840 3831 3755 3814 3713 3500 3337 3074 2997 2983 2739 2524 2314 2083 2015 1708 1566 1463 1392 1156 1069 917 847 794 621 632 499 457 386 369 308 266 230 193 180 158 128 114 110 79 70 58 57 53 56 43 30 22 24 17 13 11 14 14 8 7 8 2 3 4 5 5 1 2 4 2 0 0 1 0 1 1 0 0 1 1 1 1 0 0 0 1 0 0 1 1 0 0 0 0 1 0 0 0 0 0 0 0 0 0 0 0 
0 0 49 55 37 76 107 115 128 248 154 237 434 479 459 689 811 907 1090 1349 1444 1702 1944 2072 2244 2600 2802 3072 3125 3430 3716 3723 3791 3803 3865 3918 3868 3750 3745 3525 3355 3061 2967 2883 2696 2519 2319 1996 1948 1699 1518 1430 1287 1121 1052 854 773 742 620 529 517 427 410 354 275 266 229 199 166 128 137 95 114 87 72 56 50 53 44 24 26 28 24 17 16 13 14 12 8 11 5 5 5 6 4 5 1 1 1 0 5 1 2 1 2 0 0 0 0 2 0 0 0 0 0 0 0 0 0 0 0 
0 0 68 58 58 81 136 153 173 322 291 410 487 507 638 771 853 1044 1222 1490 1704 1795 1996 2206 2403 2587 2900 3094 3181 3373 3538 3485 3552 3653 3694 3694 3517 3497 3318 3183 3056 2880 2728 2585 2386 2286 2068 1972 1745 1642 1339 1285 1183 1134 976 878 778 658 627 528 499 425 338 341 291 243 219 236 180 149 119 110 113 90 80 72 62 59 39 40 41 34 33 22 20 30 20 11 12 6 11 7 3 3 7 5 2 2 3 0 1 1 3 4 1 2 0 0 0 1 1 1 1 1 0 1 1 1 0 0 1 1 0 0 0 0 0 0 0 0 0 0 0 
0 0 64 51 42 113 141 129 196 262 193 275 462 496 727 808 963 1213 1399 1559 1798 2110 2267 2601 2853 2989 3281 3681 3661 3731 3846 3995 3926 4068 3925 3858 3813 3638 3459 3299 3132 2919 2700 2536 2374 2084 1956 1731 1623 1443 1287 1228 1068 976 832 720 714 574 531 446 394 332 297 286 244 190 162 152 117 101 113 80 58 63 41 34 39 37 23 17 17 14 10 12 10 5 8 4 2 5 4 3 3 4 0 2 3 0 1 4 0 0 1 1 0 0 1 0 0 0 0 0 0 0 0 0 0 0 
0 0 60 58 49 61 82 127 194 188 211 241 327 343 468 660 664 949 1170 1280 1518 1836 2002 2267 2481 2748 2895 3202 3305 3581 3808 3929 3965 4042 3940 4086 3842 3879 3745 3582 3409 3251 2983 2724 2648 2472 2272 2052 1792 1652 1547 1352 1180 1063 940 853 730 656 578 509 483 400 359 277 265 213 206 188 155 119 116 86 81 71 75 50 50 42 28 28 24 24 16 12 15 16 12 6 8 5 6 4 0 1 1 3 1 4 1 0 2 0 1 3 1 2 0 1 0 0 1 1 0 2 0 0 1 0 0 1 0 0 0 0 0 0 0 0 0 0 0 
0 0 57 49 44 73 123 226 276 334 295 489 690 703 921 1138 1321 1442 1657 1930 2165 2473 2721 2842 3093 3229 3399 3619 3782 3932 3821 3970 3896 3911 3743 3653 3587 3302 3234 3139 2911 2644 2498 2326 2079 1991 1763 1622 1415 1284 1220 993 884 835 754 623 567 494 440 364 327 259 214 248 189 177 126 131 104 98 93 71 63 60 61 37 40 34 25 20 21 21 20 12 7 12 13 4 3 1 1 4 3 3 5 2 2 1 1 2 1 1 0 0 0 0 2 0 0 2 0 0 0 0 0 0 0 0 0 0 0 
0 0 67 50 40 82 126 173 237 270 215 423 498 539 673 783 1013 1164 1351 1524 1704 1995 2225 2400 2693 3043 3212 3287 3488 3664 3804 3838 4059 3977 3825 3850 3663 3652 3561 3219 3142 3014 2813 2499 2312 2273 2009 1857 1641 1514 1420 1198 1056 953 855 793 683 670 508 467 397 362 327 319 269 189 198 170 138 134 107 113 115 74 65 58 37 51 50 37 30 24 32 28 23 15 11 8 14 9 12 8 4 7 2 2 2 2 5 3 1 1 1 1 0 0 0 1 0 1 0 0 0 0 0 0 0 0 0 0 0 
0 0 61 61 48 166 223 305 370 593 586 779 886 1134 1284 1598 1777 2080 2284 2570 2669 2964 3273 3548 3615 3699 3916 4140 4084 3977 4062 4035 3926 3664 3671 3484 3320 3099 2955 2726 2479 2301 2166 1966 1744 1618 1413 1309 1150 1037 861 831 754 620 583 524 420 356 344 310 262 228 197 175 162 131 103 106 78 78 57 48 34 50 39 30 16 20 18 17 8 13 7 12 7 2 2 6 2 2 0 3 1 4 2 0 1 2 0 0 0 1 2 0 1 0 0 0 0 0 0 0 0 0 1 0 
0 0 66 46 53 93 164 171 213 413 440 552 679 856 992 1192 1414 1698 2011 2211 2410 2788 3028 3355 3528 3700 3845 4090 4141 4104 4325 4154 4084 3951 3909 3793 3550 3364 3260 2946 2866 2568 2351 2036 1901 1684 1586 1462 1299 1174 996 926 809 703 607 524 481 462 370 315 270 226 228 176 159 120 109 109 74 61 68 52 41 53 28 30 27 24 14 10 20 10 8 8 6 6 7 7 2 0 2 1 1 2 1 1 2 1 0 0 0 0 0 0 0 0 0 0 0 
0 0 59 60 49 81 114 136 206 204 208 312 374 437 628 714 854 994 1060 1273 1610 1827 2066 2317 2447 2732 2989 3227 3344 3443 3691 3911 3849 3941 3890 3806 3779 3911 3568 3434 3402 3032 2872 2791 2588 2425 2161 2032 1856 1549 1393 1364 1217 1078 1002 844 798 641 614 545 461 393 332 277 231 252 213 177 138 132 114 81 85 73 75 62 51 56 34 34 22 28 16 13 12 4 15 11 6 9 4 5 6 3 4 3 4 1 1 5 3 0 2 2 1 1 0 0 0 0 0 0 0 0 0 0 0 
0 0 72 62 51 154 196 284 339 432 385 481 624 731 927 1052 1239 1336 1598 1829 2016 2185 2521 2587 2702 3005 3254 3250 3478 3483 3615 3694 3656 3500 3538 3491 3290 3176 3091 3001 2799 2561 2312 2356 2110 1986 1780 1668 1429 1396 1233 1113 972 861 795 731 641 511 509 441 348 314 302 261 243 185 176 123 127 94 74 86 63 43 58 47 36 25 32 21 16 30 19 15 16 17 4 10 8 8 6 2 5 2 6 2 4 1 1 2 0 1 2 0 1 1 0 0 1 1 0 0 0 0 0 0 0 0 0 0 0 
0 0 53 55 48 73 101 157 177 236 201 256 323 418 536 637 781 891 1034 1253 1382 1536 1887 2125 2254 2501 2676 2895 3244 3296 3368 3569 3682 3648 3860 3839 3681 3724 3619 3431 3205 3142 3052 2807 2584 2493 2284 2176 1931 1755 1605 1434 1345 1171 996 945 853 750 705 559 484 461 445 349 338 282 246 226 192 150 147 126 120 106 99 59 73 80 48 42 35 36 31 23 24 15 13 13 12 7 6 6 1 4 1 4 2 3 2 1 3 1 2 0 0 2 1 0 1 1 0 0 0 1 0 0 0 0 0 0 0 0 1 0 0 
0 0 50 42 46 80 143 161 193 331 288 335 506 545 788 966 1032 1181 1477 1661 1821 2068 2381 2548 2715 3098 3213 3282 3504 3610 3737 3713 3933 3848 3743 3802 3568 3491 3479 3209 2879 2869 2609 2439 2341 2199 1842 1789 1661 1382 1322 1210 1059 945 839 818 718 583 502 489 415 348 328 299 237 223 180 173 148 146 97 87 89 69 77 47 48 32 39 36 28 19 20 20 20 11 7 8 5 5 4 4 6 1 2 3 1 1 3 1 0 1 0 2 0 0 0 0 0 1 1 0 0 0 0 0 0 0 0 0 0 0 
0 0 57 51 55 137 162 198 232 277 291 360 445 549 607 777 974 1098 1313 1499 1688 1919 2068 2404 2522 2704 2972 3171 3201 3419 3548 3547 3664 3696 3721 3580 3671 3348 3331 3256 3040 2884 2672 2649 2381 2208 1941 1908 1708 1538 1499 1260 1161 1007 935 782 727 665 574 546 443 366 336 322 291 227 260 195 157 139 99 120 78 75 76 58 58 45 31 35 23 25 19 16 15 18 16 12 8 7 12 8 2 9 5 1 5 2 4 4 3 1 3 2 0 0 2 2 1 2 0 1 0 0 0 1 0 0 1 0 0 0 0 1 0 1 0 0 1 0 0 0 0 0 0 0 1 0 0 0 0 0 
0 0 61 62 55 69 118 139 173 267 327 483 547 726 826 999 1128 1363 1642 1790 2032 2203 2507 2857 3093 3271 3371 3669 3831 4006 4001 3977 4051 4002 3828 3627 3621 3632 3362 3164 2992 2782 2538 2357 2231 2005 1908 1648 1513 1284 1177 1065 893 838 771 647 534 478 456 418 335 282 264 221 199 177 155 112 121 110 79 83 60 57 51 44 40 29 28 29 11 8 11 15 11 10 9 10 6 4 4 2 2 2 1 1 0 0 0 0 0 1 0 0 0 0 0 0 0 0 0 0 0 
0 0 61 61 62 108 198 198 246 356 276 476 694 770 936 1035 1303 1492 1607 1890 2009 2385 2560 2731 3032 3261 3422 3628 3661 3840 3911 3951 3893 3812 3903 3648 3497 3419 3239 3092 2836 2708 2467 2221 2095 1907 1755 1559 1431 1334 1155 1010 917 816 735 599 592 470 451 371 322 294 274 230 200 148 151 118 91 97 94 78 62 51 31 43 29 32 30 20 18 19 14 25 11 5 7 6 9 3 5 11 5 4 1 5 3 1 4 0 0 3 0 0 0 0 0 0 0 0 0 0 0 
0 0 70 73 50 114 153 222 350 467 420 671 923 978 1135 1314 1463 1849 2068 2367 2462 2837 3115 3147 3455 3696 3712 3941 3917 4019 4131 4005 3941 3856 3783 3559 3368 3158 2999 2822 2660 2370 2213 1978 1937 1603 1507 1304 1200 1039 923 785 709 662 525 478 458 372 316 285 233 226 211 170 149 125 112 89 95 83 60 62 54 40 33 30 22 18 19 18 21 12 11 13 10 1 4 8 7 3 3 5 1 0 1 1 2 1 1 1 0 0 0 1 2 0 0 1 0 0 1 1 1 2 0 0 0 0 0 0 0 0 0 0 0 
0 0 51 67 56 88 110 126 178 302 291 395 634 721 806 1039 1360 1358 1815 2030 2169 2520 2759 3058 3226 3526 3613 3865 3868 4075 4048 4243 4026 3966 3923 3930 3633 3433 3369 3121 2950 2671 2418 2297 2056 1832 1714 1550 1347 1230 1100 969 895 786 662 572 510 467 398 351 311 262 226 185 190 150 152 121 97 91 82 67 76 47 36 34 36 25 29 20 18 15 19 17 11 6 10 8 7 6 1 5 4 2 1 5 3 0 5 0 0 0 1 2 0 1 1 0 0 0 2 0 0 0 0 0 0 0 0 0 0 0 
0 0 59 56 30 99 205 215 258 322 327 486 655 789 1004 1192 1383 1639 1827 2117 2302 2624 2873 2985 3288 3397 3631 3662 3910 4012 4055 4072 3898 3894 3871 3740 3468 3382 3225 3029 2721 2582 2345 2151 1994 1860 1597 1457 1259 1211 980 900 791 719 668 585 508 460 401 360 295 271 214 174 187 145 123 113 95 72 78 72 37 58 42 31 29 31 29 28 28 11 17 22 18 11 9 14 9 7 4 7 5 3 6 8 4 3 4 3 3 6 0 1 0 1 0 1 0 3 0 1 1 1 0 1 0 1 3 1 0 1 0 1 1 0 0 0 1 0 0 0 0 0 0 0 0 0 0 0 
0 0 49 50 47 157 169 225 200 366 330 392 640 719 797 977 1296 1325 1476 1834 2041 2210 2480 2760 2923 3243 3432 3651 3714 3787 3952 3898 3973 3788 3827 3758 3533 3486 3432 3032 2862 2786 2626 2354 2218 2086 1806 1691 1437 1335 1225 1126 1020 846 765 664 575 517 430 455 354 268 274 223 188 177 158 119 124 116 90 75 78 62 55 44 46 34 27 17 29 19 19 14 6 10 5 9 6 5 5 3 2 3 3 0 0 1 1 1 0 0 1 0 0 0 0 0 0 1 0 0 1 0 0 0 0 0 0 0 1 0 0 0 0 0 0 0 0 0 0 0 
0 0 59 76 43 161 196 264 310 419 452 576 753 801 899 1139 1450 1629 1793 2150 2377 2544 2871 3050 3352 3480 3740 3790 3908 3954 4060 4034 3958 3881 3701 3619 3482 3208 3158 2812 2690 2537 2308 2177 1908 1784 1547 1441 1269 1194 1059 955 833 702 638 570 529 420 383 350 286 261 221 191 168 145 113 105 96 79 61 51 52 41 35 35 20 23 9 12 10 7 9 7 5 3 5 2 3 3 0 0 4 2 1 0 1 0 1 0 0 0 0 0 0 0 0 0 0 0 
0 0 57 66 49 100 143 157 266 392 289 432 622 719 850 1220 1375 1482 1847 2029 2244 2581 2945 3203 3333 3539 3649 3984 4031 4101 4240 4132 4231 3987 3966 3873 3707 3477 3310 3065 2817 2642 2488 2226 1937 1859 1670 1497 1310 1287 1040 962 898 753 701 621 509 465 385 338 309 253 241 200 171 145 122 114 101 92 85 58 65 48 44 27 33 38 15 20 21 17 6 13 6 3 10 2 0 1 3 0 0 2 0 0 0 0 0 0 0 0 0 0 0 
0 0 62 67 55 79 139 151 227 260 243 527 637 749 858 1106 1328 1495 1753 2163 2353 2715 2791 3037 3373 3564 3747 3841 4122 4060 4132 4072 4064 3934 3766 3717 3714 3295 3274 3012 2836 2617 2329 2181 2027 1750 1680 1518 1288 1210 1073 936 855 741 629 591 503 440 375 345 287 236 225 173 178 146 114 87 90 79 73 60 47 37 35 36 26 14 24 15 14 14 12 9 5 10 6 6 9 5 3 6 0 3 3 2 1 1 1 0 2 1 0 1 0 1 0 0 0 0 0 0 0 0 0 0 0 
0 0 41 51 52 65 87 126 206 228 275 458 645 786 730 1008 1153 1306 1622 1710 2064 2266 2614 2730 2985 3134 3427 3547 3766 3835 3836 4037 3895 3917 3899 3839 3755 3525 3421 3160 2971 2795 2529 2411 2188 1973 1866 1738 1480 1356 1207 1106 917 849 758 673 608 521 474 395 385 307 291 230 207 183 173 144 119 85 105 85 61 58 45 49 36 24 30 31 17 19 22 11 7 16 5 8 6 4 7 4 1 1 2 3 0 3 0 2 0 1 0 0 1 0 0 0 0 0 0 0 0 0 0 0 
0 0 58 52 61 205 297 364 468 591 599 673 883 1107 1294 1585 1743 1919 2256 2610 2878 2981 3383 3577 3795 3686 3964 4080 4173 4069 4128 4162 4035 3763 3678 3414 3266 3033 2889 2597 2585 2387 1967 1902 1682 1614 1379 1268 1028 1028 920 781 697 597 516 536 418 375 337 274 227 239 186 158 133 134 107 94 78 60 46 47 35 39 28 30 23 22 25 21 9 7 11 8 6 1 10 5 2 0 1 4 0 3 1 0 1 0 0 0 1 0 0 0 0 0 0 0 0 0 0 0 
0 0 67 65 43 120 164 161 232 463 341 493 668 745 870 1144 1287 1456 1657 1934 2120 2374 2568 2756 3151 3393 3603 3613 3894 3936 3926 3940 3897 3879 3828 3626 3669 3445 3259 2969 2762 2558 2393 2240 2073 1850 1629 1546 1409 1185 1112 1006 903 746 688 605 543 481 445 349 334 283 264 231 174 192 125 117 123 110 90 66 62 69 33 31 40 48 28 21 23 27 13 16 12 13 8 6 5 6 1 3 1 4 1 1 0 2 1 1 2 1 1 1 0 1 1 1 0 0 0 1 0 0 0 0 1 0 0 0 0 1 0 0 0 0 0 1 0 0 0 0 0 0 0 0 0 0 0 
0 0 72 58 39 136 155 170 336 347 353 484 544 617 848 1060 1172 1414 1656 1791 1969 2295 2530 2662 2913 3180 3344 3465 3641 3704 3751 3940 3782 3800 3660 3667 3533 3319 3274 3146 2870 2742 2507 2318 2136 1959 1755 1584 1519 1348 1237 1032 957 856 757 693 594 565 491 399 347 311 260 244 200 193 183 142 113 103 88 77 63 53 59 38 37 34 31 19 23 16 25 12 17 4 10 4 10 9 5 9 4 3 3 1 2 2 2 3 1 4 1 1 3 1 1 1 2 1 0 0 0 2 0 0 1 0 1 0 0 2 0 0 0 1 1 0 1 0 0 0 0 0 0 0 0 0 0 0 
0 0 43 41 41 59 100 117 126 335 139 208 385 501 569 694 829 1043 1231 1494 1693 1920 2224 2397 2687 3001 3170 3339 3544 3676 3740 3828 3838 3949 3901 3955 3765 3630 3543 3342 3151 3101 2825 2565 2461 2246 2153 1870 1702 1530 1401 1223 1131 1016 897 851 693 595 611 488 434 353 326 272 238 205 200 170 138 120 93 94 76 72 56 40 37 42 33 17 29 22 23 15 12 12 4 7 5 10 4 5 4 4 1 1 2 0 0 1 3 2 0 0 1 1 0 1 0 0 0 0 0 0 1 0 0 0 0 0 0 0 0 0 0 0 
0 0 52 55 47 82 116 171 236 268 275 372 502 626 650 906 1129 1292 1456 1763 2018 2238 2437 2809 2965 3096 3545 3624 3762 3956 4087 4024 4114 3985 4061 3983 3765 3683 3473 3166 3111 2953 2775 2469 2338 2014 1911 1627 1582 1379 1260 1175 1023 835 797 674 588 496 474 390 355 326 291 216 197 171 169 115 104 96 96 69 60 65 37 36 25 26 31 18 26 12 7 10 8 9 10 8 7 3 4 5 2 1 2 1 0 0 1 0 0 0 1 1 0 0 0 0 0 0 0 0 0 0 0 
0 0 57 56 55 148 156 230 362 497 438 624 787 981 1136 1278 1569 1736 1986 2297 2455 2693 3038 3195 3485 3412 3776 3827 4036 3982 3902 3983 3941 3815 3679 3493 3379 3175 3000 2857 2583 2481 2165 1998 1876 1681 1485 1409 1232 1074 934 878 763 660 590 529 464 388 364 289 263 236 208 175 168 151 114 109 89 78 70 60 48 45 48 47 22 27 22 24 18 13 12 14 7 9 4 8 6 7 3 2 4 2 2 3 1 1 0 0 0 0 1 1 0 0 0 0 0 1 0 0 0 0 0 0 0 0 0 0 0 
0 0 52 53 50 108 158 165 205 364 395 484 662 802 925 1114 1346 1621 1775 2131 2370 2615 2818 3190 3361 3508 3682 3872 4073 3980 4127 4045 4105 3963 3885 3844 3583 3439 3316 2975 2925 2669 2429 2218 2018 1813 1633 1566 1298 1200 1058 955 830 762 670 601 502 469 378 329 280 253 232 216 197 147 123 125 98 72 72 64 57 50 50 32 27 30 23 14 20 19 15 15 16 9 6 10 4 6 4 5 5 7 3 6 2 3 1 6 2 1 3 2 1 1 0 0 0 1 0 0 0 1 0 0 0 0 0 0 0 0 0 0 0 
0 0 61 50 42 108 168 205 235 399 360 482 701 824 1075 1331 1436 1697 1946 2151 2411 2743 2834 3190 3393 3598 3752 3973 3848 4116 4210 4060 4173 3872 3793 3751 3489 3316 3146 2962 2709 2531 2372 2143 2007 1810 1623 1434 1262 1144 1017 891 781 713 583 576 475 390 347 317 274 240 211 209 170 146 91 96 90 77 68 51 55 48 37 26 24 22 20 17 14 19 12 18 10 8 13 9 2 5 3 7 4 6 4 4 1 1 3 2 1 1 1 0 2 1 1 0 0 0 1 0 0 0 0 0 0 0 0 0 0 0 
0 0 59 50 38 132 154 173 265 275 211 324 507 577 660 776 911 1187 1326 1482 1761 2001 2302 2403 2730 3023 3212 3350 3399 3732 3827 3749 3838 3946 3781 3896 3701 3581 3433 3290 3184 2956 2671 2556 2380 2059 1997 1738 1627 1542 1293 1194 1032 966 807 710 676 577 516 474 381 372 322 284 255 198 164 173 140 100 118 97 84 73 62 52 34 38 34 29 23 30 12 15 14 12 13 5 7 3 3 2 4 6 4 3 2 0 2 1 2 2 0 1 1 0 0 0 0 0 0 0 0 0 0 0 
0 0 61 63 56 171 242 243 307 345 359 471 659 771 958 1005 1253 1399 1612 1842 2097 2241 2483 2760 2964 3091 3282 3510 3643 3777 3748 3734 3711 3702 3629 3518 3581 3368 3212 3092 2724 2598 2416 2221 2107 1914 1816 1618 1538 1338 1192 1047 924 833 782 664 618 546 437 408 385 310 257 240 240 188 160 144 145 127 94 77 100 83 57 66 64 38 41 36 36 24 27 29 15 16 7 17 16 12 6 3 5 4 4 1 2 1 2 0 0 2 0 1 1 1 0 0 1 0 1 0 0 1 0 0 0 0 0 0 1 0 0 0 1 0 0 0 0 0 0 0 0 0 0 0 
0 0 53 73 58 79 118 212 297 320 351 531 660 692 913 1052 1293 1461 1581 1858 2113 2344 2536 2837 3093 3317 3501 3639 3698 3876 4095 4004 4095 3957 3914 3709 3617 3328 3300 3177 2901 2720 2600 2294 2213 1972 1816 1652 1464 1321 1190 1046 912 855 726 675 544 520 431 392 338 291 269 221 210 167 141 141 118 95 89 76 58 64 61 40 42 30 27 34 27 17 19 20 11 15 14 12 10 7 3 4 4 5 2 4 2 1 3 3 0 1 1 1 1 0 0 0 0 1 0 0 0 0 0 0 0 0 0 0 0 
0 0 73 57 56 122 137 211 251 316 354 462 616 729 869 1019 1164 1406 1601 1846 2063 2229 2483 2735 2953 3134 3420 3480 3681 3767 3762 3743 3822 3793 3703 3534 3637 3382 3272 3004 2869 2762 2534 2387 2189 1994 1847 1658 1505 1405 1198 1075 999 864 810 685 586 527 492 394 340 343 300 220 206 201 172 135 133 102 95 90 64 60 55 46 33 36 32 21 24 23 13 13 14 7 11 5 4 4 3 8 1 4 3 1 2 1 0 2 0 1 0 0 0 0 1 0 0 0 0 0 0 0 0 0 0 0 
0 0 59 53 48 112 128 153 254 356 269 360 617 654 806 1110 1212 1371 1637 1805 2034 2393 2621 2808 3141 3269 3354 3802 3735 3828 4038 4023 3942 3982 3804 3771 3624 3364 3277 3087 2825 2705 2511 2314 2164 1907 1770 1557 1444 1294 1099 1081 865 867 764 631 538 502 458 375 304 285 274 222 201 158 150 119 112 98 95 82 74 51 47 44 44 39 32 31 26 33 10 16 13 16 15 7 3 5 1 6 2 1 2 1 1 1 1 1 0 0 0 0 0 0 0 0 1 0 0 
0 0 65 73 63 162 197 236 312 348 417 540 742 885 1059 1246 1517 1752 2031 2171 2406 2761 2954 3072 3433 3753 3939 3885 3936 4141 4268 4043 4146 3877 3883 3702 3600 3427 3165 2891 2740 2604 2359 2160 1992 1839 1553 1425 1279 1193 983 922 830 700 639 536 474 425 363 314 291 257 204 171 173 143 134 98 72 67 52 56 35 35 29 29 23 13 11 15 26 12 10 14 10 3 4 3 9 5 3 3 2 5 0 0 1 0 0 2 1 0 0 0 0 0 0 0 0 0 0 0 
0 0 45 50 53 81 104 152 231 276 359 460 573 699 833 957 1228 1584 1745 2034 2238 2399 2656 3025 3270 3504 3804 3931 4030 3991 4036 4111 4139 4092 3960 3741 3631 3592 3382 3113 2897 2707 2484 2259 2074 1896 1703 1555 1394 1272 1004 992 823 743 703 622 557 451 389 328 308 275 229 201 179 153 131 120 107 79 93 75 53 48 44 41 28 34 23 18 20 20 10 13 13 7 11 5 6 7 7 4 4 5 2 0 1 0 1 1 2 0 0 0 0 0 0 0 0 0 0 0 
0 0 66 55 55 168 200 242 406 511 501 653 869 1053 1164 1466 1791 1885 2258 2538 2654 2877 3264 3394 3537 3818 3932 4021 4080 4056 4114 4070 3875 3701 3571 3445 3273 3126 2942 2694 2476 2255 2095 1840 1697 1528 1384 1262 1110 969 867 804 658 612 525 455 434 352 274 273 235 181 167 147 148 105 103 92 69 57 46 56 41 51 26 24 22 25 24 17 9 7 8 6 6 8 7 4 6 5 0 2 0 4 3 6 0 0 0 1 2 1 1 0 0 0 0 0 0 0 0 0 0 0 
0 0 60 54 67 109 128 140 287 366 346 520 712 786 905 1205 1341 1665 1930 2064 2296 2569 2729 3081 3179 3516 3632 3949 4040 4121 4066 3998 4100 3949 3850 3706 3598 3464 3188 3069 2728 2524 2379 2150 1997 1863 1623 1426 1354 1181 1036 926 791 702 628 567 499 426 388 305 266 271 226 225 189 154 130 125 90 89 91 75 71 59 50 38 44 29 22 24 35 21 11 16 6 12 11 6 7 4 4 6 3 4 0 1 1 0 0 0 0 0 0 0 0 1 0 0 
0 0 51 65 51 94 133 267 325 378 414 567 714 851 1027 1211 1494 1738 1929 2144 2371 2672 2932 3073 3396 3543 3671 3739 3844 4000 4054 4097 3813 3925 3912 3592 3401 3360 3186 2925 2774 2543 2370 2148 1990 1758 1637 1479 1270 1165 1058 990 824 705 623 569 544 436 362 342 302 269 225 186 142 148 114 98 84 79 72 59 43 33 28 35 23 15 26 18 11 12 10 6 6 7 4 5 3 4 4 4 1 3 1 1 0 1 2 0 1 0 0 0 0 0 0 1 0 0 0 0 0 0 0 0 0 0 0 
0 0 54 62 55 131 160 259 330 453 439 645 810 867 1038 1306 1419 1569 1952 2082 2409 2668 2854 3069 3251 3455 3557 3772 3992 3853 4077 3931 3956 3788 3711 3589 3406 3243 3163 2934 2677 2431 2336 2011 2006 1735 1549 1365 1211 1122 1071 861 812 718 637 568 472 414 406 301 280 237 228 198 144 159 128 96 91 92 89 50 54 55 44 35 35 19 17 18 14 8 16 5 6 7 3 9 2 4 4 1 4 2 0 1 2 0 1 2 1 0 1 0 1 0 0 0 0 0 0 0 0 0 0 0 
