0 0 21 64 112 96 80 162 308 381 460 549 695 917 1235 1492 1797 2290 2768 3259 3714 4399 4732 5232 5657 6186 6467 6698 6763 6739 6695 6760 6438 6240 5931 5530 5088 4656 4306 3895 3488 3042 2857 2488 2273 1967 1752 1540 1254 1152 1020 923 810 648 592 545 466 404 328 309 243 216 216 160 126 135 127 79 84 73 70 41 48 38 43 33 30 21 16 18 16 15 9 14 11 13 4 10 4 5 5 1 1 1 1 2 1 1 0 0 0 0 1 0 0 0 0 0 1 0 0 0 0 1 0 0 0 0 1 0 0 0 0 0 0 0 0 0 0 0 0 0 0 0 0 0 0 0 0 0 0 0 
0 0 37 118 173 184 148 243 396 584 852 997 1159 1495 1865 2283 2624 3232 3623 4157 4680 4953 5672 6120 6379 6717 6835 6880 6839 6628 6660 6329 6021 5651 5129 4830 4407 4023 3603 3188 2935 2412 2222 1957 1805 1524 1302 1147 1015 923 747 686 548 494 422 375 311 260 237 193 191 140 158 115 99 88 70 61 56 42 50 40 26 24 27 16 31 8 9 15 16 10 9 10 6 1 5 5 5 4 1 1 1 1 0 2 3 0 1 1 1 0 0 0 0 0 0 1 0 0 0 0 0 1 0 0 0 0 0 0 0 0 0 0 0 0 0 0 0 0 0 0 0 0 0 0 0 0 0 0 0 0 
0 0 26 74 111 100 80 157 304 399 454 559 679 921 1109 1451 1895 2260 2761 3163 3635 4265 4695 5237 5647 6080 6391 6693 6972 7016 6983 6743 6591 6161 5831 5581 5080 4633 4344 3812 3489 3086 2758 2510 2207 2026 1732 1515 1335 1177 1067 902 759 676 557 549 449 401 330 302 245 206 169 173 138 102 102 90 76 89 61 53 43 39 39 31 33 21 16 13 12 9 12 9 2 6 6 2 2 1 1 2 0 2 1 2 1 0 0 0 1 2 1 0 0 0 0 0 2 0 0 0 0 0 1 0 0 0 0 0 0 0 0 0 0 0 0 0 0 0 0 0 0 0 0 0 0 0 0 0 0 0 
0 0 40 81 123 96 99 249 458 669 719 821 1137 1596 1959 2436 2624 3142 3648 4174 4710 5245 5687 6160 6317 6701 6763 6789 6973 6803 6551 6156 5968 5373 5139 4710 4294 3907 3528 3166 2869 2561 2341 2012 1722 1469 1325 1212 1089 891 787 708 594 539 473 413 356 291 226 234 199 155 143 125 118 98 60 59 77 44 48 31 36 19 26 22 16 8 9 12 11 9 4 3 5 5 3 5 1 4 2 2 3 3 0 1 1 0 0 0 0 0 0 0 0 0 0 0 0 0 0 0 0 0 0 0 0 0 0 0 0 0 0 0 0 0 0 0 0 0 0 0 0 0 0 0 0 0 0 0 0 0 
0 0 35 82 103 90 139 251 383 564 760 933 1052 1316 1837 2355 2592 2945 3486 4140 4679 4938 5482 5819 6418 6709 6622 6865 6917 6862 6557 6352 6033 5748 5325 4834 4441 4181 3617 3377 2955 2735 2336 2103 1758 1618 1441 1239 1070 927 836 714 600 519 436 431 355 295 269 218 202 180 150 143 118 95 86 71 59 54 45 40 34 33 23 19 17 15 10 12 8 7 10 11 4 5 3 2 3 2 1 3 1 2 0 0 1 1 0 2 0 0 0 0 1 0 0 0 0 0 1 0 0 0 1 1 2 0 2 0 0 0 0 0 0 0 0 0 0 0 0 0 0 0 0 0 0 0 0 0 0 0 
0 0 25 64 109 84 76 96 186 278 355 488 695 867 1024 1283 1636 2049 2507 2849 3325 3894 4351 4905 5406 5856 6467 6661 6640 6735 6911 6630 6665 6344 6061 5745 5302 4918 4596 4047 3808 3305 3076 2821 2383 2161 1841 1605 1440 1301 1110 994 834 750 706 568 502 406 342 328 272 264 202 177 170 130 107 93 89 82 58 46 38 40 42 43 20 21 19 16 10 11 15 12 6 5 5 5 8 3 3 5 0 4 3 2 2 0 2 1 1 0 1 0 0 2 0 1 0 0 1 0 0 0 0 0 0 0 0 0 0 0 0 0 0 0 0 0 0 0 0 0 0 0 0 0 0 0 0 0 0 0 
0 0 17 62 85 77 62 106 228 412 514 587 690 878 1272 1572 1995 2319 2764 3062 3649 4164 4537 5201 5622 6058 6414 6722 6799 6975 6936 6669 6568 6336 5949 5553 5255 4719 4305 3887 3536 3304 2903 2477 2234 1962 1763 1502 1277 1121 1002 866 756 668 557 502 433 380 328 287 218 233 195 139 124 112 91 94 73 65 49 40 34 46 27 28 22 19 17 11 9 6 10 2 7 8 3 2 6 3 4 2 2 3 1 3 0 1 0 0 0 1 0 0 0 1 0 0 0 0 0 0 0 0 0 0 0 0 0 0 0 0 0 0 0 0 0 0 0 0 0 0 0 0 0 0 0 0 0 0 0 0 
0 0 33 67 111 84 108 192 323 421 564 738 961 1165 1559 1896 2342 2640 3043 3469 4249 4827 5098 5507 6077 6182 6643 6813 6906 6886 6749 6513 6208 5999 5648 5233 4806 4490 4056 3577 3200 2825 2554 2251 1979 1732 1472 1343 1106 998 847 753 692 548 487 412 388 304 265 233 202 170 139 138 112 92 73 80 67 56 35 30 45 34 34 26 16 22 14 9 12 12 4 5 6 5 6 5 4 3 6 6 3 0 3 2 3 1 2 3 1 0 0 0 2 0 0 0 2 0 1 0 0 0 0 0 0 0 0 0 0 0 0 0 0 0 0 0 0 0 0 0 0 0 0 0 0 0 0 0 0 0 
0 0 32 71 93 115 140 246 369 435 578 767 1134 1434 1556 1819 2279 2787 3147 3655 4084 4615 5187 5833 6038 6460 6626 6749 6901 6952 6784 6477 6228 6048 5647 5076 4807 4267 3908 3522 3166 2846 2541 2177 1858 1703 1553 1307 1183 1025 889 816 672 607 513 424 375 337 298 233 200 200 179 141 114 106 75 85 64 71 49 43 52 47 32 30 30 20 19 12 10 14 9 9 7 7 6 3 1 2 2 2 1 1 0 2 1 0 0 1 0 1 1 1 0 0 0 0 0 1 0 0 0 0 0 0 0 0 0 0 0 0 0 0 0 0 0 0 0 0 0 0 0 0 0 0 0 0 0 0 0 0 
0 0 27 92 133 125 132 211 280 384 479 642 948 1309 1523 1835 2140 2712 3349 3768 4197 4781 5270 5677 6222 6475 6455 6885 6755 6729 6708 6483 6185 5802 5573 5317 4755 4306 3875 3530 3249 2801 2578 2218 1986 1767 1501 1288 1154 1027 876 810 686 573 533 459 399 347 298 268 229 199 173 146 112 105 97 91 80 62 53 44 46 41 32 26 29 23 29 11 16 13 10 12 4 8 7 4 5 4 1 3 2 1 2 1 2 2 1 0 0 0 0 1 0 0 0 0 1 0 0 0 0 0 0 0 0 0 0 0 0 0 0 0 0 0 0 0 0 0 0 0 0 0 0 0 0 0 0 0 0 0 
0 0 27 73 101 79 144 252 401 428 471 582 796 1181 1517 1867 2287 2655 3255 3646 4280 4685 5169 5710 6141 6314 6710 6829 6918 7018 6687 6591 6195 6040 5750 5330 4650 4474 4085 3559 3252 2893 2583 2202 1936 1678 1489 1269 1120 1008 908 770 649 553 455 378 353 333 258 226 204 181 158 127 118 115 85 81 65 54 45 36 44 28 27 21 10 10 10 11 9 7 3 6 7 4 5 0 1 4 5 5 1 2 1 0 0 1 0 0 0 0 0 0 0 0 0 0 0 0 0 0 0 0 0 0 0 0 0 0 0 0 0 0 0 0 0 0 0 0 0 0 0 0 0 0 0 0 0 0 0 0 
0 0 24 54 86 94 86 139 254 377 505 639 844 1068 1363 1691 2089 2562 2916 3466 3902 4487 4865 5551 5995 6311 6392 6757 6900 6931 6835 6726 6397 6180 5666 5404 5058 4684 4141 3762 3419 3004 2711 2421 2112 1843 1521 1371 1270 1084 886 805 729 648 516 499 373 331 296 251 220 181 133 149 124 91 86 86 62 61 52 32 36 33 34 25 20 13 20 13 17 9 11 6 7 9 7 5 8 7 4 3 3 4 3 0 1 1 3 0 1 1 0 0 0 0 0 0 0 0 0 0 0 0 0 0 0 0 0 0 0 0 0 0 0 0 0 0 0 0 0 0 0 0 0 0 0 0 0 0 0 0 
0 0 30 82 115 113 131 200 365 541 643 780 985 1235 1770 2061 2314 2871 3389 3974 4564 5144 5555 5776 6078 6671 6861 6873 7057 6890 6697 6450 6157 5861 5326 5021 4496 4201 3645 3435 2982 2693 2348 2052 1783 1668 1426 1258 1058 982 834 703 636 543 503 394 385 286 280 220 222 181 167 125 116 100 78 89 75 58 45 38 37 33 25 35 17 15 13 8 9 5 7 7 5 3 2 5 5 1 2 1 4 3 0 2 1 0 0 2 5 0 0 1 0 1 0 1 0 1 0 0 0 0 0 0 0 0 0 0 0 0 0 0 0 0 0 0 0 0 0 0 0 0 0 0 0 0 0 0 0 0 
0 0 31 54 111 121 104 145 251 399 519 660 852 1052 1251 1644 2198 2635 3085 3366 3893 4516 5059 5360 5907 6225 6674 6826 6989 6970 6962 6754 6482 6265 5806 5375 5033 4589 4255 3658 3317 2964 2680 2430 2121 1790 1573 1408 1251 1064 917 802 724 589 546 419 382 372 290 229 226 209 151 152 134 107 106 94 63 78 51 48 48 48 21 29 16 33 22 12 20 9 12 14 3 9 3 0 2 4 2 0 1 0 4 0 0 0 0 0 1 0 0 0 0 0 0 0 0 0 0 0 0 0 0 0 0 0 0 0 0 0 0 0 0 0 0 0 0 0 0 0 0 0 0 0 0 0 0 0 0 0 
0 0 27 81 98 106 135 373 577 776 848 947 1337 1708 2277 2467 2859 3295 4018 4474 5012 5342 5839 6149 6571 6805 6777 6729 6865 6734 6387 6057 5877 5575 4944 4639 4234 3856 3336 3041 2723 2440 2087 1868 1583 1471 1125 1116 939 778 716 616 482 426 391 335 317 241 204 207 169 125 110 100 96 81 61 60 49 36 27 39 30 20 19 13 7 20 5 8 7 7 2 8 1 1 4 2 1 2 0 2 1 3 1 0 1 1 0 0 0 1 0 0 1 0 0 0 0 0 0 0 0 0 0 0 0 0 0 0 0 0 0 0 0 0 0 0 0 0 0 0 0 0 0 0 0 0 0 0 0 0 
0 0 28 72 86 113 116 242 381 459 680 806 1068 1340 1694 1991 2485 2968 3381 3860 4345 4923 5555 5951 6294 6551 6754 6777 6877 6922 6620 6504 6174 5894 5567 5034 4704 4249 3827 3406 3070 2669 2417 2170 1855 1659 1470 1261 1060 979 786 743 603 494 471 403 312 301 258 213 175 150 148 129 90 95 71 54 59 64 26 30 26 29 32 22 15 6 10 8 13 4 7 4 4 2 3 2 1 3 2 0 1 0 0 1 1 0 0 0 1 0 0 1 0 0 0 0 0 0 0 0 0 0 0 0 0 0 0 0 0 0 0 0 0 0 0 0 0 0 0 0 0 0 0 0 0 0 0 0 0 0 
0 0 23 77 91 112 86 110 222 328 439 603 929 1207 1459 1747 2134 2706 3134 3618 4041 4540 5195 5529 5865 6327 6677 6748 6789 6877 6798 6542 6249 6023 5641 5331 4923 4459 4055 3637 3249 2917 2609 2308 2077 1831 1568 1374 1236 1000 971 861 704 599 499 434 396 330 279 249 212 179 173 139 117 107 80 76 61 46 48 38 34 32 24 17 23 13 16 12 13 7 5 8 5 2 5 3 6 1 2 0 2 1 0 2 0 1 0 2 1 0 0 2 1 0 0 1 0 0 1 0 0 0 0 0 0 0 0 0 0 0 0 0 0 0 0 0 0 0 0 0 0 0 0 0 0 0 0 0 0 0 
0 0 32 52 112 90 94 163 278 380 472 512 593 938 1209 1586 1904 2072 2636 3162 3687 4193 4686 5247 5698 5997 6408 6794 6951 6939 6932 6688 6514 6403 5879 5717 5146 4539 4320 3913 3451 3168 2840 2494 2251 1950 1714 1480 1355 1137 1021 882 763 665 622 505 436 397 304 312 233 200 176 145 143 116 93 77 56 69 46 64 48 28 31 29 22 22 22 11 15 13 11 7 8 6 0 4 6 5 3 3 4 1 1 0 4 1 1 0 1 0 1 0 0 0 0 0 0 0 0 0 0 0 0 0 0 0 0 0 0 0 0 0 0 0 0 0 0 0 0 0 0 0 0 0 0 0 0 0 0 0 
0 0 29 94 107 108 162 276 397 511 721 954 1201 1514 1875 2273 2641 3230 3562 4089 4542 5106 5694 6073 6426 6530 6593 6905 6849 6698 6607 6360 6062 5655 5412 4775 4415 4036 3580 3307 2944 2603 2258 1947 1755 1593 1269 1197 996 916 761 663 585 514 475 364 334 253 250 217 189 174 131 106 99 83 67 66 55 41 41 49 28 28 19 25 17 9 10 12 9 4 6 3 6 4 4 4 3 1 3 1 0 1 3 0 2 1 2 1 1 0 1 1 0 1 0 0 0 0 0 0 0 0 0 0 0 0 0 0 0 0 0 0 0 0 0 0 0 0 0 0 0 0 0 0 0 0 0 0 0 0 
0 0 22 69 91 84 115 185 304 410 493 599 766 925 1286 1642 1890 2192 2569 3271 3857 4283 4665 5324 5846 6302 6413 6686 6759 6995 6826 6663 6508 6254 5850 5395 5294 4707 4179 3860 3545 3117 2830 2547 2122 1912 1777 1456 1312 1101 975 875 742 623 574 514 424 413 307 277 250 240 188 155 134 115 100 122 96 73 60 47 52 45 36 40 14 18 23 16 21 9 13 6 8 8 2 4 1 4 5 2 0 3 2 2 1 1 1 1 1 1 0 2 0 1 0 1 0 0 0 0 0 0 0 0 0 0 0 0 0 0 0 0 0 0 0 0 0 0 0 0 0 0 0 0 0 0 0 0 0 0 
0 0 30 77 118 95 114 198 250 363 542 694 889 1157 1459 1805 2089 2679 3160 3519 4062 4512 5257 5496 5937 6251 6567 6690 6798 6959 6713 6461 6359 6082 5693 5230 4883 4453 4130 3590 3280 2949 2612 2326 2090 1817 1571 1328 1251 1051 887 807 721 593 517 438 379 367 333 248 199 226 171 137 106 107 98 79 67 62 49 58 42 42 29 27 26 18 19 15 11 13 7 4 4 7 4 3 4 6 2 4 1 3 0 2 2 2 0 0 1 0 1 0 1 0 0 0 0 0 0 1 0 0 0 0 0 0 0 0 0 0 0 0 0 0 0 0 0 0 0 0 0 0 0 0 0 0 0 0 0 0 
0 0 24 80 93 118 180 294 496 564 700 856 1157 1484 2008 2306 2715 3198 3814 4406 4995 5261 5636 6232 6375 7038 6987 6975 6969 6571 6716 6154 5988 5540 5065 4723 4148 3840 3587 3112 2765 2506 2137 1896 1704 1517 1216 1088 943 843 769 598 535 516 396 330 313 280 234 212 179 146 123 113 106 70 78 60 58 53 37 40 40 20 25 22 14 12 14 14 7 8 9 7 4 5 0 5 1 3 6 0 1 1 1 2 0 0 2 1 0 0 0 3 0 0 0 0 0 0 1 0 0 0 0 0 0 0 0 0 0 0 0 0 0 0 0 0 0 0 0 0 0 0 0 0 0 0 0 0 0 0 
0 0 26 82 116 108 218 458 612 617 813 1092 1559 1821 2122 2279 2882 3558 3869 4443 4912 5316 5787 6184 6589 6714 6885 6917 6909 6763 6386 6147 5762 5378 5026 4575 4189 3700 3304 3038 2731 2348 2148 1831 1700 1386 1188 1131 986 829 707 605 537 446 422 343 311 260 225 176 157 158 109 108 80 73 62 67 55 37 36 32 38 21 15 31 18 14 11 8 13 11 3 4 3 2 3 2 3 2 3 4 1 4 1 3 2 0 1 3 0 2 1 1 0 0 0 0 1 1 1 0 0 1 0 0 0 0 0 0 0 0 0 0 0 0 0 0 0 0 0 0 0 0 0 0 0 0 0 0 0 0 
0 0 29 73 113 107 90 173 288 347 437 516 766 1064 1370 1583 1995 2440 3060 3555 3879 4540 4907 5316 6013 6219 6561 6743 6933 6992 6692 6655 6344 6116 5802 5525 4824 4513 4249 3774 3407 3056 2640 2372 2116 1917 1584 1402 1279 1092 965 827 724 623 557 454 376 336 294 250 238 181 182 129 120 97 78 96 80 68 44 46 54 50 33 38 19 23 18 17 16 11 15 2 5 9 1 5 5 3 1 3 2 0 1 1 0 1 1 0 0 1 0 2 0 0 0 0 0 2 0 0 0 0 1 1 1 0 0 0 0 0 0 0 0 0 0 0 0 0 0 0 0 0 0 0 0 0 0 0 0 0 
0 0 24 65 93 105 172 230 344 447 577 771 1056 1215 1522 1902 2325 2791 3315 3714 4263 4810 5308 5521 6060 6240 6909 6826 6712 6843 6671 6552 6177 5986 5557 5124 4672 4383 3890 3538 3144 2869 2471 2246 1986 1722 1533 1306 1204 1026 941 768 662 615 495 440 389 296 272 265 234 167 166 136 148 122 93 94 67 79 51 42 40 28 35 34 20 21 13 13 13 11 6 10 5 8 3 8 8 6 1 6 3 1 1 1 0 0 1 1 0 1 0 0 0 0 0 0 0 0 0 0 0 0 0 0 0 0 0 0 0 0 0 0 0 0 0 0 0 0 0 0 0 0 0 0 0 0 0 0 0 0 
0 0 25 74 102 108 114 175 268 375 449 583 706 1023 1474 1887 2180 2428 2951 3432 4122 4616 4934 5508 5900 6515 6515 6779 6877 6903 6748 6645 6323 6069 5704 5240 4911 4480 4004 3790 3251 2952 2570 2317 2081 1884 1646 1335 1257 1127 961 798 719 635 569 480 420 377 324 249 258 217 142 145 147 94 90 74 62 69 51 61 38 44 35 35 28 18 23 18 18 13 20 20 9 5 6 5 5 3 5 5 2 3 2 1 2 1 2 1 1 0 0 2 0 1 1 0 0 0 0 0 0 0 0 0 0 0 0 0 0 0 0 0 0 0 0 0 0 0 0 0 0 0 0 0 0 0 0 0 0 0 
0 0 18 82 98 95 102 101 215 387 486 727 995 1252 1375 1706 2138 2622 3170 3622 4103 4614 5184 5656 5940 6436 6586 6787 7117 6918 6719 6530 6381 5959 5772 5254 4844 4430 4041 3665 3210 2958 2611 2277 2018 1814 1497 1425 1217 1084 886 810 681 628 525 454 366 356 284 264 210 207 149 154 120 114 102 95 69 50 51 37 42 36 27 16 25 24 18 14 14 16 4 9 15 9 7 2 3 4 2 5 5 1 1 4 3 2 0 0 0 0 3 0 0 0 0 2 0 0 0 0 0 0 0 0 0 0 0 0 0 0 0 0 0 0 0 0 0 0 0 0 0 0 0 0 0 0 0 0 0 0 
0 0 21 70 91 85 118 199 314 421 580 768 1061 1341 1501 1787 2300 2974 3413 3834 4215 4608 5144 5712 6311 6444 6582 6694 6932 6976 6854 6453 6124 5933 5401 5194 4680 4255 3934 3430 3110 2754 2504 2099 1956 1689 1481 1212 1130 1001 826 715 642 531 487 430 371 325 274 212 206 197 131 108 121 102 96 71 64 48 42 44 35 23 28 25 18 19 12 8 14 6 4 4 5 4 4 3 2 0 1 3 1 1 1 0 0 1 1 3 0 1 0 0 1 0 0 0 1 0 0 0 0 0 0 0 0 0 0 0 0 0 0 0 0 0 0 0 0 0 0 0 0 0 0 0 0 0 0 0 0 0 
0 0 27 57 95 109 96 162 374 478 534 602 944 1279 1741 1973 2242 2689 3116 3761 4228 4703 5212 5651 6060 6557 6615 6899 6910 6718 6757 6681 6263 6002 5459 5180 4669 4367 3906 3514 3060 2889 2558 2221 1881 1677 1506 1375 1127 997 873 753 643 551 465 450 356 336 273 225 219 179 162 156 112 97 83 73 62 59 35 45 30 39 29 25 17 14 14 8 14 11 9 3 3 3 6 5 5 1 1 1 1 2 1 0 0 1 0 0 1 1 0 0 0 0 0 0 0 0 0 0 0 0 0 0 0 0 0 0 0 0 0 0 0 0 0 0 0 0 0 0 0 0 0 0 0 0 0 0 0 0 
0 0 22 90 115 100 92 147 274 333 427 476 706 953 1284 1595 1988 2362 2820 3309 3635 4245 4884 5420 5816 6156 6424 6788 6694 6922 6790 6732 6555 6311 5916 5476 5101 4736 4132 3890 3445 3190 2840 2454 2195 1923 1712 1480 1283 1205 987 893 740 623 529 531 412 361 314 299 228 197 167 143 121 110 107 92 61 59 49 53 52 39 27 27 19 25 18 14 12 12 6 6 9 8 5 1 3 6 2 4 3 3 3 4 1 0 2 2 0 1 1 0 0 1 0 0 0 0 0 0 0 0 0 0 0 0 0 0 0 0 0 0 0 0 0 0 0 0 0 0 0 0 0 0 0 0 0 0 0 0 
0 0 27 70 102 105 135 256 425 587 677 778 1083 1505 1845 2217 2562 3010 3484 4042 4680 5170 5562 5902 5979 6646 7015 7022 6947 6930 6654 6374 6109 5697 5368 4969 4509 4044 3631 3243 2926 2576 2294 1938 1783 1540 1384 1146 982 859 759 654 572 497 440 361 313 299 250 228 198 167 151 112 106 71 89 74 78 54 46 37 34 23 20 17 18 8 10 14 6 6 6 6 4 0 6 5 2 2 2 3 2 0 1 1 1 0 1 0 0 0 0 0 0 0 0 0 0 0 0 0 0 0 0 0 0 0 0 0 0 0 0 0 0 0 0 0 0 0 0 0 0 0 0 0 0 0 0 0 0 0 
0 0 17 57 107 105 103 115 256 439 526 691 762 912 1271 1639 2161 2675 2869 3406 4042 4364 4947 5364 5852 6269 6633 6706 6912 6884 6867 6805 6470 6122 5843 5384 5011 4620 4238 3804 3407 2936 2716 2495 2038 1876 1618 1398 1257 1085 943 830 724 603 518 474 393 372 313 248 250 222 166 150 121 93 92 84 83 53 52 52 37 28 28 13 16 16 19 11 8 5 7 4 6 8 3 2 3 5 2 4 1 2 0 1 2 1 0 0 2 0 0 2 0 0 0 0 0 1 0 0 0 0 0 0 0 0 0 0 0 0 0 0 0 0 0 0 0 0 0 0 0 0 0 0 0 0 0 0 0 0 
0 0 19 66 93 117 200 275 382 474 706 965 1317 1638 1889 2063 2620 3226 3725 4071 4538 5206 5526 6170 6336 6794 6778 6777 7007 6749 6600 6265 6039 5691 5409 4913 4333 3967 3624 3241 2903 2509 2339 1940 1783 1569 1345 1217 997 865 782 652 628 521 432 390 333 267 242 215 169 137 123 112 98 107 73 59 52 50 44 34 38 21 30 24 19 18 19 16 19 16 9 10 5 7 10 2 3 7 5 4 2 0 2 2 3 2 0 0 0 1 1 0 0 0 0 0 0 0 0 0 0 0 0 0 0 0 0 0 0 0 0 0 0 0 0 0 0 0 0 0 0 0 0 0 0 0 0 0 0 0 
0 0 27 73 88 82 142 250 334 431 556 648 884 1192 1466 1870 2238 2533 3195 3645 4008 4463 5164 5703 6196 6311 6637 6878 7033 6910 6683 6657 6383 5878 5696 5203 4835 4472 3914 3676 3239 2916 2515 2179 2025 1777 1538 1351 1145 1029 896 737 704 565 484 436 369 321 295 242 199 173 161 143 116 83 77 62 45 52 44 32 39 23 26 19 20 16 16 13 13 7 9 8 5 4 8 4 2 2 2 2 3 0 1 3 2 2 0 0 1 0 2 0 1 0 0 0 0 0 0 0 0 0 0 0 0 0 0 0 0 0 0 0 0 0 0 0 0 0 0 0 0 0 0 0 0 0 0 0 0 0 
0 0 18 81 98 101 134 251 310 432 488 765 1072 1462 1658 1900 2231 2811 3338 3883 4444 4851 5270 5814 6123 6500 6694 6791 6842 6952 6732 6556 6233 5906 5405 5109 4770 4202 3913 3508 3070 2736 2477 2115 1940 1656 1444 1239 1157 986 876 744 641 577 504 419 353 326 263 203 208 180 146 127 108 96 80 73 60 61 51 39 31 34 25 22 22 20 13 15 10 9 12 6 4 7 6 3 4 2 3 1 2 1 3 0 0 0 0 1 0 1 0 0 0 2 0 0 0 0 0 0 0 0 0 0 0 0 0 0 0 0 0 0 0 0 0 0 0 0 0 0 0 0 0 0 0 0 0 0 0 0 
0 0 23 77 121 117 115 159 247 317 419 533 752 1040 1340 1510 1877 2386 3018 3349 3837 4255 4848 5408 5938 6331 6623 6741 6906 6978 6771 6681 6531 6037 5965 5411 4977 4507 4055 3822 3352 3072 2736 2360 2120 1864 1674 1421 1362 1094 982 809 709 662 575 513 388 348 310 269 224 207 162 135 136 95 91 91 65 59 51 44 46 29 23 21 26 18 12 15 15 11 9 4 7 3 4 5 5 2 2 0 0 4 0 1 0 0 1 0 0 0 0 0 0 0 0 0 0 0 0 0 0 0 0 0 0 0 0 0 0 0 0 0 0 0 0 0 0 0 0 0 0 0 0 0 0 0 0 0 0 0 
0 0 14 67 110 89 143 242 358 496 567 681 889 1237 1566 1881 2270 2725 3169 3669 4172 4709 5133 5656 5931 6440 6505 6758 6926 6935 6888 6566 6215 5979 5630 5219 4709 4353 3926 3540 3155 2852 2617 2287 1924 1752 1525 1333 1193 996 869 773 642 635 500 498 381 307 290 241 245 176 178 153 125 115 79 82 60 65 49 39 40 37 23 21 21 17 24 11 10 14 9 9 6 7 9 2 2 4 1 3 2 0 0 3 0 0 1 1 0 1 0 0 1 0 1 0 0 0 0 0 0 0 0 0 0 0 0 0 0 0 0 0 0 0 0 0 0 0 0 0 0 0 0 0 0 0 0 0 0 0 
0 0 27 78 99 94 145 291 449 639 786 824 1055 1478 1898 2187 2566 3118 3694 4077 4606 5073 5559 5998 6410 6570 6700 6793 6799 6775 6847 6292 6024 5714 5297 4744 4460 4073 3644 3271 2921 2568 2301 2079 1751 1559 1369 1240 1083 918 768 690 624 523 412 425 353 301 273 196 170 183 143 105 106 79 91 53 48 59 32 46 32 27 17 22 22 19 8 7 9 8 7 6 5 5 6 5 1 3 0 3 3 1 0 1 1 1 0 0 1 0 0 0 0 0 0 0 0 0 0 0 0 0 0 0 0 0 0 0 0 0 0 0 0 0 0 0 0 0 0 0 0 0 0 0 0 0 0 0 0 0 
0 0 22 67 88 85 106 137 191 246 391 569 745 966 1226 1535 1886 2315 2636 3093 3624 4050 4743 5033 5536 6109 6444 6629 6701 6778 6922 6723 6518 6248 6029 5598 5173 4729 4372 4034 3591 3165 2860 2539 2353 1955 1785 1533 1303 1193 1010 984 761 661 607 543 430 408 333 288 224 211 186 173 133 99 117 91 73 70 48 38 59 48 25 20 31 20 17 21 12 14 11 12 5 10 6 4 9 7 5 5 1 5 3 3 2 3 1 2 1 0 0 1 1 0 0 0 0 2 0 0 0 0 0 0 0 0 0 0 0 0 0 0 0 0 0 0 0 0 0 0 0 0 0 0 0 0 0 0 0 0 
0 0 29 88 112 131 136 269 422 578 630 856 1145 1516 1860 2085 2382 2919 3481 4034 4464 4808 5497 5870 6309 6463 6647 6895 6800 6932 6709 6300 5902 5874 5412 4966 4477 4020 3879 3394 2957 2653 2335 2055 1870 1559 1389 1201 1047 965 826 740 601 521 493 414 359 290 269 239 207 187 140 116 110 102 71 70 65 60 50 33 38 39 37 23 11 18 16 18 14 9 9 7 12 8 6 6 6 6 1 7 1 2 0 1 3 1 0 0 2 1 1 0 1 0 2 0 0 0 1 0 0 0 0 0 0 0 0 0 0 0 0 0 0 0 0 0 0 0 0 0 0 0 0 0 0 0 0 0 0 0 
0 0 25 78 124 124 151 268 498 606 799 982 1273 1639 1941 2322 2827 3287 3893 4424 4892 5248 5693 6096 6673 6681 6835 6800 6713 6782 6412 6037 5808 5525 5053 4733 4177 3874 3434 3138 2801 2403 2062 1892 1698 1477 1319 1133 964 792 696 719 524 474 404 374 324 269 208 191 182 167 146 129 104 82 94 68 70 53 41 34 35 39 23 18 20 17 13 9 11 9 5 5 10 6 2 1 0 2 2 1 1 2 1 0 1 0 0 1 0 0 0 0 1 0 1 0 0 0 0 0 0 0 0 0 0 0 0 0 0 0 0 0 0 0 0 0 0 0 0 0 0 0 0 0 0 0 0 0 0 0 
0 0 23 70 105 80 73 187 365 478 547 645 988 1281 1704 1900 2328 2687 3306 3795 4254 4678 5117 5559 5928 6326 6409 6743 6705 6796 6658 6600 6264 5796 5630 5184 4775 4442 4023 3587 3186 2943 2633 2289 2012 1780 1567 1410 1164 1080 918 821 696 629 552 474 376 330 310 231 219 194 162 111 125 110 104 94 55 67 66 59 38 33 31 27 19 26 19 9 16 11 6 9 5 4 6 2 9 6 0 1 3 0 3 4 1 0 0 1 0 1 0 0 0 1 0 0 0 0 0 1 0 0 0 0 0 1 0 0 0 0 0 0 0 0 0 0 0 0 0 0 0 0 0 0 0 0 0 0 0 0 
0 0 28 67 102 89 93 140 287 430 494 576 762 1135 1444 1691 2097 2564 2991 3390 3967 4457 4938 5479 5978 6167 6594 6788 6933 6928 6818 6547 6413 6030 5683 5312 4986 4517 3983 3723 3374 2978 2630 2339 2064 1765 1642 1370 1199 1109 924 839 694 631 553 480 444 341 330 268 221 222 172 174 152 130 93 84 73 71 70 50 38 42 37 34 21 20 18 19 17 10 9 15 13 7 3 6 7 3 2 1 4 1 1 2 2 1 0 2 3 0 1 0 0 1 0 0 0 0 0 0 0 0 0 0 0 0 0 0 0 0 0 0 0 0 0 0 0 0 0 0 0 0 0 0 0 0 0 0 0 0 
0 0 23 50 107 105 68 143 252 421 584 602 784 1030 1398 1871 2243 2675 3027 3830 4217 4703 5235 5601 5958 6456 6459 6761 6920 6930 6728 6369 6297 5911 5644 5258 4808 4339 4022 3655 3338 2859 2538 2260 2009 1798 1574 1299 1182 1017 841 801 666 600 485 444 385 309 312 232 213 184 152 117 108 100 101 101 78 62 47 44 40 36 38 34 17 22 18 16 11 17 8 8 5 5 3 1 1 1 2 2 0 3 1 1 2 0 0 1 1 1 1 2 1 0 0 0 0 1 0 0 0 0 0 0 0 0 0 0 0 0 0 0 0 0 0 0 0 0 0 0 0 0 0 0 0 0 0 0 0 0 
0 0 30 72 107 131 180 250 364 472 578 774 994 1181 1361 1636 2012 2514 2850 3272 3679 4378 5089 5432 5791 6042 6362 6760 6898 6696 6793 6498 6166 6192 5859 5329 5084 4538 4188 3796 3403 2972 2618 2436 2106 1885 1683 1411 1178 1118 982 819 725 641 527 464 399 363 330 277 244 218 181 118 138 115 117 80 59 62 51 46 42 32 26 22 18 26 23 12 19 6 4 10 13 7 2 5 5 3 2 3 0 1 4 1 2 0 1 2 2 1 1 0 0 0 0 1 2 1 0 0 0 0 0 0 0 0 0 0 0 0 0 0 0 0 0 0 0 0 0 0 0 0 0 0 0 0 0 0 0 0 
0 0 18 80 108 77 86 169 278 367 466 692 886 1175 1330 1585 2029 2532 2976 3499 3961 4490 5063 5494 5886 6382 6697 6719 6853 6931 6782 6510 6390 6064 5731 5420 4991 4509 4153 3696 3313 2909 2648 2327 2045 1835 1628 1346 1226 1099 967 790 667 615 541 490 370 371 282 263 205 199 149 139 128 99 108 86 71 69 55 54 30 34 36 33 19 22 24 13 18 12 16 7 5 7 6 3 5 5 2 5 3 2 0 0 1 2 0 1 1 1 0 1 0 0 0 1 0 0 0 0 0 1 1 0 0 0 0 0 1 0 0 0 0 0 0 0 0 0 0 0 0 0 0 0 0 0 0 0 0 0 
0 0 28 83 93 105 178 294 489 507 611 772 935 1234 1564 2027 2422 2792 3026 3712 4170 4880 5140 5644 6041 6232 6540 6803 6837 6793 6606 6612 6167 5913 5453 5053 4723 4422 3957 3542 3093 2765 2527 2157 1874 1707 1548 1278 1109 1022 809 734 681 557 470 449 329 326 258 265 200 158 152 144 112 98 73 57 61 57 43 40 29 32 24 23 21 7 13 9 10 12 7 5 5 4 2 4 3 2 2 1 1 1 0 1 0 1 2 0 0 1 0 1 0 2 0 0 1 0 0 0 0 1 0 0 0 0 0 0 1 0 0 0 0 0 0 0 0 0 0 0 0 0 0 0 0 0 0 0 0 0 
0 0 17 87 116 125 118 229 424 562 663 725 1020 1447 1830 2115 2492 2829 3348 4040 4481 4985 5369 5770 6194 6648 6706 6933 6869 6886 6733 6476 6058 5815 5413 4923 4681 4252 3788 3441 3046 2685 2318 2206 1876 1611 1430 1262 1114 960 784 678 590 500 479 394 324 286 247 213 177 155 123 123 103 79 79 47 57 45 49 31 28 24 26 24 16 14 9 12 5 8 11 6 5 5 6 1 3 3 4 4 2 1 2 4 4 0 3 1 0 2 0 1 1 0 1 0 0 1 1 0 0 0 0 0 1 0 0 0 1 0 0 0 0 0 0 0 0 0 0 0 0 0 0 0 0 0 0 0 0 0 
0 0 25 82 117 107 115 167 256 336 386 570 790 1061 1369 1700 2126 2480 2772 3361 3903 4546 5133 5312 5898 6370 6715 6816 7003 6906 6958 6829 6452 6140 5860 5378 5102 4533 4289 3699 3342 3053 2674 2372 2121 1762 1535 1418 1251 1039 934 842 702 594 536 477 376 356 315 242 232 177 151 145 142 93 111 79 72 58 48 34 26 30 24 19 13 12 13 8 6 12 5 6 4 5 1 6 3 0 0 1 2 0 1 1 0 1 0 0 2 0 0 0 0 0 0 0 0 0 0 0 0 0 0 0 0 0 0 0 0 0 0 0 0 0 0 0 0 0 0 0 0 0 0 0 0 0 0 0 0 0 
0 0 24 71 104 76 121 281 431 522 606 731 1069 1394 1716 2056 2558 2938 3438 3855 4406 4902 5373 5783 6206 6557 6757 6891 6772 6657 6459 6471 6101 5681 5325 5088 4555 4098 3807 3505 3074 2719 2343 2111 1863 1617 1450 1270 1114 963 843 726 687 562 459 447 358 319 237 233 229 187 150 135 107 99 84 84 64 74 45 37 40 31 26 31 17 13 10 12 11 14 12 9 5 5 4 3 4 2 1 3 3 0 0 3 0 2 0 1 0 0 1 0 0 0 0 0 1 0 0 0 0 0 0 0 0 0 0 0 0 0 0 0 0 0 0 0 0 0 0 0 0 0 0 0 0 0 0 0 0 0 
0 0 33 76 110 112 106 186 303 377 470 587 856 1181 1481 1708 2131 2625 3014 3633 4000 4641 5036 5664 5999 6084 6449 6633 6904 6925 6566 6449 6272 5941 5631 5205 4911 4466 4218 3620 3285 2977 2652 2408 2091 1842 1694 1418 1286 1110 920 833 772 640 546 451 422 371 318 286 251 222 167 162 126 120 118 95 66 61 53 40 50 39 19 27 25 28 21 12 11 9 8 5 8 7 5 5 3 0 1 4 4 0 1 1 1 1 1 0 0 3 0 0 0 0 2 0 0 1 1 1 0 0 0 0 0 0 0 0 0 0 0 0 0 0 0 0 0 0 0 0 0 0 0 0 0 0 0 0 0 0 
0 0 31 68 112 115 132 189 280 512 699 887 1052 1202 1621 2116 2564 2919 3253 3668 4260 4900 5341 5516 6113 6394 6639 6942 6839 6797 6758 6581 6163 5837 5399 5055 4705 4315 3842 3531 3045 2671 2450 2143 1870 1732 1500 1300 1099 1018 809 767 655 581 511 424 370 329 263 228 210 199 179 152 124 111 85 74 68 61 53 47 35 31 22 26 21 12 19 19 9 8 10 8 4 4 5 8 3 1 0 4 1 2 3 1 0 2 1 2 1 0 0 0 0 1 0 0 3 1 1 0 1 0 0 0 0 0 0 0 0 0 0 0 0 0 0 0 0 0 0 0 0 0 0 0 0 0 0 0 0 0 
0 0 30 52 85 77 91 114 231 279 388 523 726 892 1151 1430 1790 2173 2560 3012 3442 3974 4437 5117 5444 5974 6321 6502 6701 6818 6989 6900 6563 6328 6159 5610 5287 4948 4542 4039 3572 3341 2855 2579 2283 1994 1840 1599 1387 1200 1036 880 829 683 593 542 494 379 325 286 262 230 185 144 144 137 111 92 74 75 62 56 40 40 38 31 15 18 11 5 13 8 4 9 7 2 5 4 2 2 3 2 4 0 1 1 2 1 2 0 0 1 0 1 0 1 0 0 0 0 0 0 0 0 0 0 0 0 0 0 0 0 0 0 0 0 0 0 0 0 0 0 0 0 0 0 0 0 0 0 0 0 
0 0 31 81 117 101 106 178 276 409 390 568 878 1186 1338 1601 1941 2424 2945 3492 3767 4413 4872 5408 5860 6379 6414 6631 6794 6982 6846 6598 6530 6155 5640 5306 4998 4545 4168 3811 3454 3007 2632 2426 2058 1869 1563 1399 1255 1053 939 847 697 642 533 472 375 363 277 255 218 182 172 146 121 88 90 72 55 65 39 44 39 31 28 25 14 17 12 18 17 14 10 7 3 4 10 3 3 5 5 0 1 1 5 2 4 0 0 3 0 0 0 0 0 1 0 0 0 0 0 0 0 0 0 0 0 0 0 0 0 0 0 0 0 0 0 0 0 0 0 0 0 0 0 0 0 0 0 0 0 0 
0 0 26 56 99 86 96 125 203 257 326 394 501 792 973 1183 1512 1927 2379 2801 3205 3701 4396 4922 5295 5751 6105 6407 6581 6768 6803 6870 6846 6594 6207 5934 5587 5179 4596 4340 4008 3628 3179 2860 2418 2130 1975 1659 1494 1319 1185 1020 817 740 698 525 485 409 366 319 294 228 195 189 144 136 118 94 98 80 73 69 54 43 37 36 35 27 19 19 20 15 17 9 6 5 6 4 4 2 5 2 0 2 2 1 0 2 1 0 0 0 0 0 0 0 0 0 0 0 0 0 0 0 0 0 0 0 0 0 0 0 0 0 0 0 0 0 0 0 0 0 0 0 0 0 0 0 0 0 0 0 
0 0 23 69 105 101 149 272 427 549 626 792 1098 1527 1916 2075 2504 2950 3629 4175 4688 5044 5509 6012 6339 6509 6811 6958 7153 6849 6748 6245 6125 5602 5157 4825 4401 4024 3582 3358 2991 2665 2268 2032 1784 1549 1420 1214 1038 918 793 738 595 476 444 367 356 306 224 218 191 184 130 109 111 88 82 63 55 37 47 41 36 25 21 18 23 6 9 13 13 7 2 6 6 2 4 4 0 0 1 1 0 1 0 0 0 1 1 0 0 0 1 1 0 0 0 0 0 0 0 0 0 0 0 0 0 0 0 0 0 0 0 0 0 0 0 0 0 0 0 0 0 0 0 0 0 0 0 0 0 0 
0 0 16 52 107 87 137 201 339 409 477 634 974 1150 1415 1668 2063 2671 3157 3662 4058 4646 5134 5642 6102 6541 6711 6761 6892 7105 6858 6566 6504 5910 5665 5211 4816 4490 4058 3553 3214 2957 2512 2237 2037 1784 1501 1339 1195 1010 909 724 652 589 503 452 398 333 256 257 203 184 158 131 112 118 83 86 66 53 43 51 41 34 34 17 16 15 10 16 5 6 8 7 3 3 4 3 1 2 1 1 0 0 0 2 1 0 0 0 0 2 0 0 1 0 0 0 0 0 0 0 0 0 0 0 0 0 0 0 0 0 0 0 0 0 0 0 0 0 0 0 0 0 0 0 0 0 0 0 0 0 
0 0 27 56 92 110 132 216 399 555 723 803 997 1314 1629 2072 2451 2886 3366 3870 4567 4943 5269 5875 6280 6629 6798 6745 6942 6841 6715 6392 6115 5850 5541 4999 4650 4093 3923 3418 2973 2715 2407 2079 1838 1642 1365 1186 1044 912 841 740 626 483 460 426 355 296 248 241 185 168 135 137 107 89 90 71 69 66 38 35 29 31 16 27 29 21 18 7 13 14 10 7 2 5 2 4 1 2 7 1 2 2 2 0 0 1 0 0 1 0 0 0 0 0 0 0 0 0 0 0 0 0 0 0 0 0 0 0 0 0 0 0 0 0 0 0 0 0 0 0 0 0 0 0 0 0 0 0 0 0 
0 0 19 62 89 100 157 277 347 424 548 742 1082 1319 1542 1801 2356 2909 3306 3800 4226 4876 5296 5680 5953 6407 6830 6826 7014 6840 6745 6439 6358 5945 5604 5046 4721 4269 3887 3526 3162 2670 2485 2124 1948 1633 1448 1230 1122 967 823 769 621 541 482 412 396 327 251 263 199 174 168 128 110 100 86 79 69 44 52 42 35 40 25 23 20 19 11 13 6 11 8 8 7 4 4 4 4 3 3 2 3 1 1 0 1 1 1 0 1 2 0 2 0 0 0 1 1 0 0 0 0 1 0 0 1 0 0 0 1 0 0 0 0 0 0 0 0 0 0 0 0 0 0 0 0 0 0 0 0 0 
0 0 32 65 132 129 115 179 341 498 594 764 892 1181 1667 1975 2367 2654 3282 3887 4248 4731 5328 5750 6291 6332 6671 6616 6811 6832 6656 6443 6162 5798 5521 5161 4737 4227 4036 3427 3025 2850 2464 2152 1996 1683 1415 1300 1154 977 861 751 646 519 500 435 387 316 285 240 210 142 156 152 118 96 83 65 56 49 46 36 30 30 21 21 23 19 9 12 8 6 8 7 1 3 2 1 4 2 0 3 2 1 0 1 1 0 0 0 2 0 0 0 0 1 0 0 0 1 0 0 1 0 0 0 0 0 0 0 0 0 0 0 0 0 0 0 0 0 0 0 0 0 0 0 0 0 0 0 0 0 
0 0 31 75 90 113 108 146 320 487 545 603 737 1080 1407 1752 2112 2494 3048 3532 3978 4549 4924 5668 5906 6361 6632 6754 6953 6921 7015 6554 6456 6307 5776 5220 4969 4681 4130 3776 3293 2960 2601 2371 2061 1878 1504 1412 1151 1085 881 747 687 634 508 443 371 347 298 236 199 180 158 140 117 92 94 80 74 65 42 40 40 41 38 23 14 21 13 14 21 10 9 5 8 8 4 3 2 2 2 4 2 1 2 1 4 0 1 4 0 1 0 1 0 0 0 0 0 0 0 0 0 0 0 0 0 0 0 0 0 0 0 0 0 0 0 0 0 0 0 0 0 0 0 0 0 0 0 0 0 0 
0 0 25 67 86 97 92 118 201 296 339 387 658 966 1313 1514 1680 2219 2666 3112 3625 4009 4693 5282 5693 5936 6247 6570 6718 6748 6937 6695 6525 6295 5903 5619 5167 4884 4521 4022 3651 3195 2896 2566 2236 2042 1744 1549 1394 1202 1037 922 795 687 616 507 463 440 358 296 267 229 226 189 156 129 117 107 83 73 60 60 58 43 28 39 22 28 22 23 18 19 8 5 9 8 13 7 5 5 2 3 2 2 0 1 0 1 2 0 0 0 0 1 0 0 0 0 0 1 0 0 0 0 0 0 0 0 0 0 0 0 0 0 0 0 0 0 0 0 0 0 0 0 0 0 0 0 0 0 0 0 
0 0 25 60 81 101 117 148 320 441 497 667 909 1205 1470 1778 2117 2652 3139 3687 4056 4529 5030 5626 5982 6480 6576 6751 6687 6938 6817 6716 6329 6051 5674 5244 4846 4580 4125 3643 3125 2928 2519 2274 2072 1743 1489 1332 1172 1054 850 782 667 536 473 401 384 311 238 233 207 154 153 144 133 90 70 68 56 56 43 44 39 19 30 26 25 17 16 11 10 2 8 8 3 2 5 2 0 2 0 1 2 1 2 0 1 1 0 0 0 0 0 0 0 0 0 0 0 0 0 0 0 0 0 0 0 0 0 0 0 0 0 0 0 0 0 0 0 0 0 0 0 0 0 0 0 0 0 0 0 0 
0 0 32 73 113 86 114 195 304 426 583 784 987 1131 1394 1811 2264 2627 3032 3496 4033 4515 4929 5407 5863 6465 6563 6638 6541 6801 6677 6546 6233 6113 5620 5260 4986 4412 3962 3686 3319 3021 2696 2321 2009 1770 1613 1373 1216 1047 882 856 686 625 541 476 414 375 287 258 252 203 200 122 141 129 109 99 99 73 36 62 48 50 37 31 19 12 17 15 21 22 17 3 9 5 12 6 3 9 5 3 1 1 0 2 1 4 0 0 0 0 0 1 2 0 0 1 0 0 0 0 0 0 0 0 0 0 0 0 0 0 0 0 0 0 0 0 0 0 0 0 0 0 0 0 0 0 0 0 0 0 
0 0 26 72 123 97 142 265 443 487 582 762 1039 1425 1681 1995 2337 2854 3445 3945 4236 4823 5406 5807 6145 6563 6655 6680 6941 6868 6689 6434 6066 5852 5410 4967 4667 4158 3755 3544 3116 2714 2378 2069 1894 1658 1457 1338 1059 925 826 744 644 526 457 423 350 267 255 250 179 166 145 115 109 95 83 64 60 61 48 39 28 25 33 25 16 16 22 12 10 7 7 8 6 6 3 6 3 1 5 7 3 1 6 3 1 4 1 1 2 1 2 1 0 2 0 0 0 1 1 1 0 0 0 1 0 0 1 1 0 0 0 2 0 0 1 0 0 1 0 1 0 0 0 0 0 0 0 0 0 0 
0 0 38 69 101 123 114 210 394 588 648 765 1154 1644 1931 2114 2397 2965 3689 4116 4638 5023 5463 6021 6380 6604 6636 6953 6966 6884 6669 6414 5993 5644 5304 4938 4483 4059 3701 3299 3003 2649 2308 1972 1744 1551 1398 1264 1018 932 783 718 575 530 429 402 326 289 220 212 186 162 145 122 104 85 67 68 57 60 60 54 24 30 21 24 18 18 10 12 7 5 12 3 3 6 4 3 2 1 1 0 1 1 0 0 0 0 1 0 0 0 0 0 0 0 0 0 0 0 0 0 0 0 0 0 0 0 0 0 0 0 0 0 0 0 0 0 0 0 0 0 0 0 0 0 0 0 0 0 0 0 
0 0 28 73 96 136 205 318 370 501 614 824 1018 1262 1672 2027 2371 2887 3494 3900 4365 4822 5463 5928 6262 6404 6507 6832 6950 6850 6663 6436 6137 5813 5228 4957 4577 4212 3842 3367 3122 2799 2402 2196 1998 1648 1386 1280 1160 996 802 793 631 578 453 411 360 325 261 218 200 180 158 124 96 96 76 74 74 41 40 39 31 22 27 26 22 9 18 14 11 6 7 6 9 4 3 2 5 2 3 1 0 1 1 3 2 0 1 2 2 0 1 2 0 0 0 0 0 0 0 0 0 0 0 0 0 0 0 0 0 0 0 0 0 0 0 0 0 0 0 0 0 0 0 0 0 0 0 0 0 0 
0 0 34 78 115 127 188 340 562 618 734 902 1288 1541 1878 2396 2684 3115 3557 4330 4879 5257 5683 6016 6523 6713 6821 6966 6942 6675 6400 6250 5908 5608 5237 4790 4333 4069 3625 3180 2849 2499 2277 2014 1754 1464 1362 1107 952 905 826 625 521 512 393 338 347 285 241 225 200 176 147 113 107 87 81 70 50 59 37 48 25 17 24 14 23 17 14 4 13 6 4 7 6 4 1 4 3 4 2 2 1 2 1 1 1 0 0 0 0 0 0 0 1 0 0 0 0 0 0 0 0 0 0 0 0 0 0 0 0 0 0 0 0 0 0 0 0 0 0 0 0 0 0 0 0 0 0 0 0 0 
0 0 22 59 104 89 98 154 285 315 374 670 950 1188 1400 1583 2005 2479 3016 3456 3879 4205 4820 5421 5892 6208 6505 6638 6652 6936 6840 6640 6446 6057 5818 5341 5151 4601 4190 3651 3457 3009 2792 2398 2049 1843 1663 1450 1293 1088 908 773 712 654 560 495 419 359 318 285 235 212 178 138 137 120 102 71 66 59 60 48 33 29 22 25 23 20 12 11 7 1 2 4 4 3 3 4 1 2 1 5 3 3 0 0 1 1 0 1 2 0 0 1 1 0 0 1 1 0 0 0 0 1 0 1 0 0 0 0 0 0 0 0 0 0 0 0 0 0 0 0 0 0 0 0 0 0 0 0 0 0 
0 0 19 59 92 132 201 322 506 690 848 1085 1520 1889 2066 2511 2992 3653 4138 4649 4943 5528 5876 6276 6624 6699 6838 6788 6705 6717 6370 5946 5599 5350 5023 4493 4015 3651 3347 2990 2675 2343 1934 1886 1636 1444 1262 1005 926 769 742 604 517 477 383 355 325 273 211 194 175 153 138 115 108 95 67 56 65 37 40 36 38 20 22 25 27 17 15 9 11 14 8 6 8 4 6 6 3 4 3 4 2 5 2 3 3 0 0 3 2 1 1 1 0 0 0 0 0 0 0 0 0 0 0 0 0 0 0 0 0 0 0 0 0 0 0 0 0 0 0 0 0 0 0 0 0 0 0 0 0 0 
0 0 18 75 116 98 114 184 288 405 531 735 888 1121 1403 1806 2148 2573 3033 3591 3997 4609 5072 5523 5873 6441 6556 6702 6782 6831 6917 6806 6352 5975 5666 5323 4963 4518 3999 3717 3331 2897 2561 2318 1984 1809 1604 1356 1155 1054 908 786 658 576 538 434 397 356 302 230 216 221 167 131 127 111 100 91 68 70 56 51 37 36 35 26 30 10 22 20 14 11 13 10 8 6 2 6 2 5 5 2 6 1 1 1 2 0 0 0 1 0 0 0 1 0 0 1 0 0 0 0 0 0 0 0 0 0 0 0 0 0 0 0 0 0 0 0 0 0 0 0 0 0 0 0 0 0 0 0 0 0 
0 0 31 85 104 80 88 247 454 613 689 810 1082 1434 1813 2024 2488 2977 3499 3938 4341 5015 5454 5877 6141 6559 6722 6817 6836 6740 6603 6438 6197 5772 5375 5001 4540 4005 3817 3438 3082 2695 2361 2083 1860 1713 1377 1245 1072 923 821 722 633 588 467 424 334 351 258 189 198 155 145 127 84 80 65 64 55 55 39 24 46 18 31 17 28 10 15 11 10 8 8 5 6 4 2 4 4 1 1 0 2 1 0 1 0 0 0 0 0 0 0 0 0 0 0 0 0 0 0 0 0 0 0 0 0 0 0 0 0 0 0 0 0 0 0 0 0 0 0 0 0 0 0 0 0 0 0 0 0 0 
0 0 21 87 117 109 87 195 339 506 555 632 944 1255 1654 1945 2229 2638 3175 3697 4403 4757 5229 5693 6210 6342 6677 6846 7003 6954 6825 6661 6307 6008 5420 5301 4783 4522 4006 3499 3125 2872 2532 2229 1951 1675 1523 1244 1135 1008 876 712 665 555 459 429 369 312 269 257 202 172 156 139 92 102 86 82 64 44 39 52 30 32 17 22 17 15 10 9 8 6 4 4 3 2 1 3 2 3 2 2 1 4 2 0 3 1 4 1 2 0 0 1 0 1 0 0 0 1 0 0 0 0 0 0 0 0 0 0 0 0 0 0 0 0 0 0 0 0 0 0 0 0 0 0 0 0 0 0 0 0 
0 0 15 74 90 108 110 181 256 315 369 500 670 1009 1258 1663 1802 2180 2701 3314 3852 4293 4648 5177 5707 6280 6329 6675 6766 6706 6681 6788 6435 6176 5872 5731 5279 4785 4426 3939 3451 3289 2858 2541 2231 1867 1696 1536 1347 1136 996 879 740 701 602 490 440 376 333 266 263 207 178 163 155 90 123 90 86 68 51 49 33 39 26 28 22 22 23 12 18 15 7 10 5 12 9 3 3 3 0 1 2 1 1 0 0 0 2 1 1 0 0 1 0 0 0 0 0 0 0 0 0 0 0 0 0 0 0 0 0 0 0 0 0 0 0 0 0 0 0 0 0 0 0 0 0 0 0 0 0 0 
0 0 34 66 106 111 100 175 337 516 678 784 945 1371 1709 1996 2381 2766 3302 3822 4341 4856 5288 5776 6328 6607 6760 6832 6753 6886 6686 6530 6271 5799 5452 5149 4773 4408 3830 3463 3125 2763 2441 2167 1896 1649 1441 1332 1126 955 855 718 627 517 441 421 348 319 250 238 200 173 154 116 119 97 97 71 66 45 55 43 37 29 33 17 17 23 20 14 7 13 6 11 7 6 3 4 7 1 3 4 1 2 3 2 4 4 1 1 2 0 0 1 1 0 0 0 0 0 1 0 0 0 0 0 0 0 0 0 0 0 0 0 0 0 0 0 0 0 0 0 0 0 0 0 0 0 0 0 0 0 
0 0 22 79 101 81 76 113 185 240 313 403 478 629 888 1233 1484 1790 2158 2683 3165 3612 3985 4597 5312 5606 6008 6333 6527 6858 6926 6869 6850 6582 6290 6109 5680 5294 4884 4384 3960 3526 3280 2923 2524 2301 2032 1761 1563 1324 1201 1096 847 733 730 608 506 482 377 313 310 260 206 167 157 121 122 85 95 79 53 49 50 41 35 32 21 22 18 14 9 13 6 9 4 4 5 2 8 2 2 1 1 1 3 0 0 1 3 0 1 1 2 0 0 0 1 0 0 0 0 0 0 0 0 0 0 0 0 0 0 0 0 0 0 0 0 0 0 0 0 0 0 0 0 0 0 0 0 0 0 0 
0 0 21 65 77 87 89 162 281 416 602 641 794 1088 1506 1884 2218 2483 3081 3668 4112 4633 5172 5535 6071 6426 6775 6866 6870 6882 6743 6668 6283 5885 5633 5209 4886 4387 3910 3579 3217 2872 2579 2255 2061 1777 1538 1307 1206 1026 905 781 690 585 517 411 419 377 313 301 241 200 172 127 136 102 105 82 63 58 53 34 36 24 24 16 13 18 18 14 17 9 12 12 2 8 3 5 2 3 2 2 2 1 4 3 3 0 0 1 0 1 2 1 2 0 0 1 0 0 1 1 0 1 0 0 0 0 0 1 0 0 0 0 0 0 0 0 0 0 0 0 0 0 0 0 0 0 0 0 0 0 
0 0 30 80 109 106 113 182 355 522 661 737 873 1231 1668 1999 2364 2704 3140 3754 4437 4997 5376 5733 6096 6418 6745 6802 7047 6937 6690 6568 6276 5882 5564 5178 4699 4291 3841 3580 3233 2801 2409 2263 1894 1640 1481 1278 1158 966 812 738 657 562 448 369 387 304 281 239 197 179 152 120 114 101 79 85 64 50 43 51 33 34 30 24 15 18 15 8 18 4 9 8 1 3 5 2 5 1 3 2 1 1 3 1 2 1 0 2 2 4 1 0 0 1 0 1 0 0 0 0 0 0 0 1 0 0 0 0 0 0 0 0 0 0 0 0 0 0 0 0 0 0 0 0 0 0 0 0 0 0 
0 0 27 79 125 101 80 178 347 519 638 763 934 1155 1598 1952 2336 2790 3232 3732 4141 4747 5115 5554 5982 6276 6626 6810 6705 6866 6808 6456 6249 5895 5766 5170 4829 4315 3814 3685 3193 2862 2483 2245 1974 1804 1566 1323 1096 946 865 764 685 551 511 431 360 321 295 234 204 166 185 136 123 115 87 79 67 61 61 44 46 27 32 28 19 11 13 13 16 13 6 6 4 4 7 5 4 5 5 0 2 2 4 2 3 1 3 0 0 2 0 0 0 0 0 0 1 0 0 0 0 0 0 0 0 0 0 0 0 0 0 0 0 0 0 0 0 0 0 0 0 0 0 0 0 0 0 0 0 0 
0 0 25 81 108 129 108 211 331 396 476 539 631 1043 1356 1671 1968 2361 2883 3394 3945 4499 5004 5456 5899 6082 6531 6837 6784 6945 6806 6805 6417 6127 5790 5425 5018 4611 4252 3785 3422 2991 2745 2443 2102 1845 1724 1442 1242 1114 946 834 774 623 536 477 400 360 323 272 229 179 191 151 143 97 117 86 61 66 55 50 35 35 30 22 35 15 20 14 12 9 9 9 9 6 4 6 2 2 5 2 3 2 4 0 1 0 2 1 1 1 1 0 0 0 0 0 0 0 0 0 0 0 0 0 0 0 0 0 0 0 0 0 0 0 0 0 0 0 0 0 0 0 0 0 0 0 0 0 0 0 
0 0 24 54 111 84 115 138 262 312 444 560 761 923 1096 1515 2005 2326 2751 3213 3711 4408 4847 5221 5799 6013 6344 6617 6886 6912 6940 6713 6319 6227 5933 5458 5111 4638 4224 3844 3590 3170 2791 2448 2238 2067 1763 1475 1350 1154 995 840 823 691 593 516 393 377 359 284 267 216 179 163 129 117 93 84 75 57 66 50 40 44 28 35 26 25 21 18 24 16 10 6 13 8 9 9 10 5 1 1 0 6 4 4 2 0 1 2 1 0 1 1 0 1 1 0 0 1 0 0 0 0 0 0 0 0 0 0 0 0 0 0 0 0 0 0 0 0 0 0 0 0 0 0 0 0 0 0 0 0 
0 0 32 88 133 121 138 304 560 675 781 934 1133 1500 1834 2200 2459 3046 3539 3893 4453 4972 5451 5934 6204 6596 6674 6946 6834 6782 6581 6442 6170 5742 5297 4797 4524 4044 3669 3251 2904 2745 2423 2043 1720 1506 1410 1273 1064 897 765 709 632 541 441 400 351 292 263 229 213 148 176 111 103 85 89 81 69 43 53 41 45 42 21 28 20 23 22 19 15 8 6 9 6 5 6 8 7 3 5 5 1 3 0 3 2 2 2 0 1 2 2 0 1 3 0 1 0 0 0 0 0 0 0 0 0 0 0 0 0 0 0 0 0 0 0 0 0 0 0 0 0 0 0 0 0 0 0 0 0 0 
0 0 28 59 89 106 138 188 275 487 768 908 978 1138 1567 2054 2549 2930 3212 3731 4344 4949 5341 5764 6452 6609 6740 6731 6823 6780 6755 6468 6200 5978 5472 5026 4647 4215 3827 3499 3020 2775 2379 2158 1922 1687 1391 1194 1073 968 755 701 628 525 474 414 339 316 268 247 197 198 137 133 97 99 88 67 72 56 44 34 42 35 24 21 14 16 9 15 17 9 6 6 2 4 4 2 4 3 1 0 3 3 1 0 1 2 3 0 0 1 2 0 0 0 0 0 1 0 0 0 0 0 0 0 0 0 0 0 0 0 0 0 0 0 0 0 0 0 0 0 0 0 0 0 0 0 0 0 0 0 
0 0 28 63 94 101 85 185 385 560 587 696 861 1190 1563 1933 2262 2755 3258 3681 4371 4839 5203 5574 6082 6417 6889 6948 6912 6888 6810 6638 6272 5870 5547 5114 4671 4162 3923 3466 3130 2683 2430 2192 1898 1677 1455 1320 1124 1037 884 832 637 551 484 425 403 335 268 261 205 182 152 124 124 91 79 66 77 55 53 33 31 32 26 24 27 16 15 12 15 7 8 5 5 3 3 6 3 3 1 1 1 2 1 2 2 0 0 0 1 0 0 0 0 0 0 0 0 0 0 0 0 0 0 0 0 0 0 0 0 0 0 0 0 0 0 0 0 0 0 0 0 0 0 0 0 0 0 0 0 0 
0 0 19 74 79 97 169 301 322 421 513 697 1049 1471 1684 1999 2352 2827 3300 3868 4488 5028 5364 5792 6322 6544 6820 6929 6806 6820 6581 6408 6128 5647 5463 4918 4716 4228 3802 3402 3076 2759 2370 2135 1958 1662 1530 1242 1110 1045 871 758 589 546 476 457 371 306 245 212 188 161 144 117 108 101 79 64 69 49 55 42 41 31 25 23 20 14 13 14 10 13 7 6 4 6 3 3 3 3 2 2 0 0 1 2 0 2 0 0 0 0 0 0 0 0 0 0 0 0 0 0 0 0 0 0 0 0 0 0 0 0 0 0 0 0 0 0 0 0 0 0 0 0 0 0 0 0 0 0 0 0 
0 0 30 66 102 93 111 184 285 406 521 685 859 1189 1532 1865 2028 2560 3022 3611 3952 4597 4974 5475 6000 6303 6477 6673 6959 6958 6811 6660 6345 6189 5695 5397 4920 4564 4079 3642 3194 2921 2601 2236 2000 1781 1502 1348 1198 1090 862 783 704 592 506 464 369 306 280 230 222 191 164 161 120 104 102 78 62 62 42 42 55 37 24 19 19 18 11 9 12 10 9 5 5 3 3 2 4 2 1 1 2 1 2 0 2 2 0 1 0 0 1 0 1 0 0 0 0 0 0 0 0 0 0 0 0 0 0 0 0 0 0 0 0 0 0 0 0 0 0 0 0 0 0 0 0 0 0 0 0 0 
0 0 31 80 105 111 114 210 394 556 582 725 941 1378 1728 2025 2217 2603 3201 3805 4372 4892 5263 5602 6275 6303 6678 6754 6695 6902 6778 6511 6096 6006 5513 5040 4621 4301 3814 3364 3074 2882 2515 2198 1925 1654 1478 1326 1145 993 842 767 705 588 528 431 401 380 298 252 227 227 156 153 118 122 118 72 77 56 68 48 50 34 28 33 12 18 11 5 6 11 6 6 2 2 6 3 5 5 3 4 2 3 3 3 0 0 3 0 1 2 2 0 1 0 1 0 0 0 0 0 0 0 0 0 0 0 0 0 0 0 0 0 0 0 0 0 0 0 0 0 0 0 0 0 0 0 0 0 0 0 
0 0 29 70 102 96 162 235 341 485 523 696 964 1259 1517 1884 2243 2807 3202 3827 4176 4815 5134 5651 6247 6590 6811 6984 6946 7046 6671 6556 6332 6108 5571 5153 4672 4424 3993 3499 3197 2765 2548 2193 2031 1700 1481 1321 1152 1020 844 744 627 601 534 405 344 325 237 236 198 166 129 132 109 88 74 66 54 47 35 32 23 29 16 18 12 13 11 8 7 9 10 5 6 4 5 2 2 2 6 2 3 0 1 2 1 0 0 1 0 0 0 0 0 0 0 0 0 0 0 0 0 0 0 0 0 0 0 0 0 0 0 0 0 0 0 0 0 0 0 0 0 0 0 0 0 0 0 0 0 0 
0 0 29 59 97 69 108 194 378 461 613 759 1092 1320 1661 2001 2417 2853 3389 3750 4283 4811 5162 5714 6187 6665 6606 6940 6704 6946 6742 6515 6192 5819 5443 5001 4758 4214 3891 3423 3062 2768 2399 2144 1843 1646 1472 1265 1191 968 861 751 632 545 452 429 361 350 264 186 215 189 168 138 90 89 69 79 43 51 36 35 38 34 16 12 19 20 11 8 13 7 4 9 3 4 4 3 4 2 1 3 0 1 1 0 0 1 1 1 0 0 0 0 0 0 1 0 0 0 1 0 0 0 1 0 0 0 0 0 0 0 0 0 0 0 0 0 0 0 0 0 0 0 0 0 0 0 0 0 0 0 
0 0 28 63 80 118 186 344 453 584 758 1005 1242 1481 1839 2394 2768 3183 3468 4021 4834 5343 5751 6122 6344 6655 6905 6904 6990 6689 6514 6215 5816 5540 5159 4678 4409 3967 3491 3237 2925 2557 2319 1934 1693 1498 1363 1203 1003 859 744 690 578 484 442 385 330 289 211 216 188 184 112 130 104 85 86 65 54 48 46 38 25 32 25 22 17 12 9 18 12 8 8 11 2 1 4 6 3 4 2 2 1 2 1 0 0 0 0 0 0 1 0 0 0 0 0 0 0 0 0 0 0 0 0 0 0 0 0 0 0 0 0 0 0 0 0 0 0 0 0 0 0 0 0 0 0 0 0 0 0 0 
0 0 27 72 121 120 91 182 325 415 559 691 871 1194 1615 2038 2392 2673 3146 3662 4274 4746 5285 5809 6046 6347 6606 6673 7019 6884 6864 6488 6295 5935 5451 5254 4770 4363 3927 3512 3234 2819 2519 2174 1989 1778 1531 1305 1107 1016 868 765 643 574 480 423 370 310 293 237 203 184 171 138 118 105 98 75 78 50 47 41 38 27 27 24 22 15 12 14 11 13 10 9 8 5 7 8 7 8 1 5 3 2 1 4 5 1 3 0 0 1 2 1 1 2 1 1 1 0 1 0 0 0 1 0 0 0 0 0 0 0 0 0 0 0 0 0 0 0 0 0 0 0 0 0 0 0 0 0 0 0 
0 0 31 77 93 115 87 113 253 418 593 662 827 1000 1392 1934 2376 2623 2982 3542 4301 4668 5116 5571 6066 6434 6654 6639 6747 6971 6809 6606 6290 5844 5580 5333 4798 4285 3857 3636 3339 3044 2532 2264 2093 1826 1511 1396 1301 1006 961 812 724 615 554 449 392 327 313 250 239 193 183 135 123 109 92 79 73 61 54 38 39 35 17 17 31 18 11 20 12 12 9 6 3 2 4 8 5 4 1 4 3 1 2 0 0 0 1 0 1 1 0 0 0 0 0 0 0 0 0 0 0 0 0 0 0 0 0 0 0 0 0 0 0 0 0 0 0 0 0 0 0 0 0 0 0 0 0 0 0 0 
0 0 28 81 106 91 100 132 262 325 392 486 694 1214 1388 1646 1904 2500 3054 3671 4117 4526 4977 5627 6117 6362 6635 6744 6865 6824 6898 6691 6507 6099 5716 5468 4974 4579 4179 3745 3358 2980 2554 2317 2061 1751 1627 1338 1172 984 912 779 710 565 540 422 375 362 283 263 233 176 165 143 125 120 82 64 67 62 53 36 28 31 29 31 19 13 13 14 16 10 8 7 11 9 3 4 3 3 4 1 3 1 5 2 1 2 1 2 2 1 0 1 2 0 1 1 0 0 0 0 0 2 0 0 0 0 1 0 0 0 0 0 0 0 0 0 0 0 0 0 0 0 0 0 0 0 0 0 0 0 
0 0 22 57 98 64 75 180 332 446 503 584 874 1182 1486 1785 2152 2609 3104 3600 4161 4584 5172 5581 5765 6279 6627 6896 6945 6864 6859 6623 6353 5949 5748 5368 4926 4441 4140 3652 3197 2895 2595 2260 2031 1787 1530 1344 1201 993 914 783 688 560 520 453 394 333 266 232 227 184 186 141 106 115 85 78 70 61 60 31 29 43 32 34 23 17 12 17 7 10 12 17 9 7 5 5 8 4 4 1 1 2 6 2 0 0 0 4 2 0 0 0 1 0 0 0 0 0 0 0 0 0 0 0 0 0 0 0 0 0 0 0 0 0 0 0 0 0 0 0 0 0 0 0 0 0 0 0 0 0 
0 0 32 88 149 130 137 208 366 579 728 824 1109 1453 1836 2264 2606 3132 3584 4076 4448 5025 5543 6091 6395 6440 6594 6793 6959 6722 6503 6388 6043 5639 5299 4874 4540 4004 3662 3310 2946 2713 2250 2006 1751 1589 1368 1192 1073 880 755 710 616 482 440 387 346 296 253 217 182 158 134 101 115 101 80 70 61 59 46 40 43 25 24 25 17 16 15 15 7 9 12 8 8 8 5 5 4 3 3 0 3 3 0 1 0 0 1 1 0 0 1 1 0 0 1 0 0 0 0 0 0 0 0 0 0 0 0 0 0 0 0 0 0 0 0 0 0 0 0 0 0 0 0 0 0 0 0 0 0 0 
0 0 32 60 94 89 95 127 240 427 529 618 634 938 1232 1667 1953 2272 2720 3223 3753 4316 4707 5262 5559 6189 6399 6568 6859 6951 6698 6516 6468 6270 5896 5471 5102 4649 4263 3932 3512 3138 2832 2532 2260 1947 1717 1473 1306 1187 1017 880 757 666 587 519 432 380 304 277 217 221 204 142 126 121 107 87 74 65 42 50 46 33 24 18 20 14 18 13 17 10 7 6 7 1 6 5 1 3 2 1 4 2 0 0 0 0 1 0 3 0 0 1 0 1 0 1 0 0 0 0 0 0 0 0 0 0 0 0 0 0 0 0 0 0 0 0 0 0 0 0 0 0 0 0 0 0 0 0 0 0 
0 0 20 78 99 88 77 116 249 379 469 537 683 985 1373 1669 2049 2554 2880 3312 3795 4504 5022 5345 5798 6189 6496 6801 6897 6841 6918 6906 6419 6199 5820 5546 4995 4669 4177 3656 3509 3151 2684 2418 2139 1872 1705 1518 1265 1045 953 852 763 667 528 490 370 377 353 247 227 192 180 136 102 112 106 89 80 64 61 35 40 21 27 32 17 29 12 13 9 10 12 6 9 6 1 5 5 1 3 6 2 1 0 2 2 1 2 0 0 0 0 0 1 0 0 0 0 0 0 0 0 0 0 0 0 0 0 0 0 0 0 0 0 0 0 0 0 0 0 0 0 0 0 0 0 0 0 0 0 0 
0 0 28 73 96 95 111 212 371 527 588 703 927 1253 1673 2055 2293 2651 3162 3920 4283 4811 5183 5641 6239 6597 6689 6783 6966 7016 6858 6538 6382 5943 5605 5206 4631 4184 3905 3404 3177 2812 2442 2197 1877 1657 1511 1246 1090 966 840 771 614 551 476 405 323 317 255 231 187 178 141 127 107 78 74 68 59 61 45 40 33 27 25 27 24 12 19 11 10 15 7 9 4 6 7 8 3 2 4 2 2 1 2 0 3 6 2 0 0 0 2 4 1 1 0 0 1 2 0 0 0 0 0 0 0 0 0 0 0 0 0 0 0 0 0 0 0 0 0 0 0 0 0 0 0 0 0 0 0 0 
0 0 19 65 107 91 87 138 234 408 469 492 609 957 1288 1620 1850 2273 2833 3326 3714 4335 4713 5207 5666 5968 6476 6613 6771 6730 6763 6545 6499 6264 5861 5505 5220 4650 4235 3917 3682 3225 2765 2572 2228 1936 1720 1516 1369 1114 1034 839 759 658 560 465 423 380 298 263 245 195 175 144 111 111 82 96 83 57 62 39 34 33 41 32 22 21 14 21 17 10 7 7 6 13 6 4 0 2 5 4 1 0 1 0 2 0 1 0 1 0 0 1 0 0 0 0 0 0 0 0 0 0 0 0 0 0 0 0 0 0 0 0 0 0 0 0 0 0 0 0 0 0 0 0 0 0 0 0 0 0 
0 0 41 85 113 98 180 358 545 647 730 916 1231 1616 1968 2413 2980 3424 3799 4329 4816 5480 5669 6163 6680 6557 6888 6865 6922 6662 6425 6067 5858 5561 5244 4726 4239 3753 3566 3122 2825 2312 2150 1880 1684 1539 1216 1140 988 807 729 669 536 492 378 380 336 261 269 219 172 142 141 120 97 92 77 71 45 51 41 39 35 26 16 17 17 14 23 7 11 9 5 5 6 5 5 7 5 6 4 2 4 0 4 1 2 1 1 0 1 0 0 0 0 1 0 0 0 0 0 0 0 0 0 0 0 0 0 0 0 0 0 0 0 0 0 0 0 0 0 0 0 0 0 0 0 0 0 0 0 0 
