0 0 20 73 99 109 112 166 248 365 419 557 773 909 1142 1565 1946 2288 2545 2846 3426 3793 4377 4669 4914 5306 5556 5669 5613 5860 5569 5513 5399 5096 4822 4467 4062 3826 3465 3176 2891 2549 2323 1951 1742 1494 1404 1144 1034 846 665 649 540 436 406 352 274 235 174 194 140 131 96 84 82 75 59 44 32 25 15 14 17 14 15 4 8 6 7 5 2 4 4 3 3 1 0 1 2 0 0 3 1 0 0 0 1 1 0 1 0 0 0 0 1 0 0 0 0 
0 0 36 143 187 153 168 297 472 632 633 709 1045 1285 1599 1906 2175 2510 2966 3507 3936 4228 4385 4936 5157 5390 5490 5662 5737 5563 5364 5215 5061 4606 4457 4230 3794 3595 3013 2787 2484 2229 1974 1826 1550 1379 1194 1019 908 744 683 602 467 417 326 289 253 202 179 179 120 112 105 88 64 59 47 41 34 22 30 18 19 18 10 16 3 7 4 7 8 4 7 4 3 3 2 2 1 1 1 1 1 0 1 0 0 0 0 0 0 0 0 0 0 0 
0 0 25 88 108 123 116 222 355 529 468 509 677 1077 1441 1655 1937 2259 2745 2987 3573 3720 4151 4779 4993 5328 5603 5628 5703 5817 5638 5513 5299 5045 4716 4474 4198 3847 3529 3089 2814 2441 2179 1970 1805 1499 1316 1112 1022 837 745 656 569 475 412 328 285 244 220 169 153 114 119 82 73 73 54 58 32 21 21 18 25 21 11 12 8 7 3 5 10 3 3 1 1 2 1 2 0 1 1 0 0 1 1 1 0 0 1 0 0 0 0 0 0 0 1 0 0 0 0 0 0 0 0 0 0 0 
0 0 23 78 117 111 94 163 341 537 614 762 844 954 1382 1813 2138 2426 2660 3029 3561 4069 4264 4685 4945 5181 5465 5356 5455 5535 5463 5196 5163 4687 4454 4205 3939 3476 3231 2922 2747 2445 2078 1872 1530 1409 1284 1083 933 867 718 626 520 434 411 375 310 233 206 222 162 140 94 92 93 63 64 50 39 48 27 30 24 18 15 11 18 7 11 10 2 5 2 1 1 4 2 0 0 0 0 0 1 0 0 0 0 0 0 0 0 0 0 0 
0 0 26 84 101 95 119 181 374 512 476 579 759 1192 1503 1639 1779 2202 2671 3113 3504 3810 4199 4378 5014 5081 5208 5396 5419 5429 5408 5216 5195 4907 4594 4437 3846 3784 3433 3046 2779 2637 2233 1956 1810 1582 1356 1166 1052 938 773 688 601 483 443 394 323 262 227 204 158 140 125 105 100 70 55 47 45 31 29 33 25 11 11 13 13 7 9 6 6 4 5 3 2 0 3 1 1 0 0 0 0 0 0 0 0 0 0 0 
0 0 27 76 88 71 93 182 316 449 475 595 799 1090 1483 1816 2137 2334 2799 3224 3561 4001 4706 4813 5000 5340 5639 5988 5831 5629 5521 5311 5235 4977 4649 4317 3947 3677 3338 2916 2607 2347 2121 1883 1667 1477 1234 1097 945 812 714 622 508 411 352 306 277 218 185 157 116 100 81 72 63 58 38 24 31 18 26 10 18 10 10 11 10 8 7 6 8 4 7 1 1 2 2 5 2 2 2 2 0 2 1 0 1 0 0 0 0 0 0 0 0 0 0 0 
0 0 20 57 97 105 174 311 417 476 545 832 1054 1290 1379 1800 2149 2536 2763 3069 3355 3832 4302 4774 4901 5061 5131 5372 5448 5408 5156 5090 5125 4682 4302 4132 3783 3578 3206 2869 2612 2363 2093 1867 1668 1448 1299 1099 968 832 723 606 546 508 414 314 304 260 210 190 172 134 119 95 87 72 56 44 38 19 32 23 19 6 17 4 10 10 9 3 4 3 3 4 1 2 2 1 1 1 1 1 0 0 0 1 0 1 0 0 0 0 0 0 0 0 0 
0 0 26 81 114 105 120 204 387 654 629 729 865 1083 1542 1874 2043 2287 2753 3172 3622 4075 4383 4752 5129 5345 5651 5652 5685 5719 5481 5396 5056 4923 4545 4335 3905 3538 3311 2972 2646 2324 2097 1910 1570 1382 1249 1026 936 821 663 593 472 428 343 295 271 220 202 138 142 89 102 77 80 54 36 42 33 29 20 24 14 20 8 4 10 7 7 3 3 0 3 0 1 0 1 0 2 0 0 0 0 0 0 0 0 0 0 0 
0 0 30 74 88 83 152 279 388 483 439 632 854 1169 1373 1592 1885 2350 2817 3154 3455 3750 4253 4595 4813 4972 5312 5483 5479 5471 5305 5252 5094 4892 4745 4286 3951 3662 3253 2958 2741 2548 2178 1973 1648 1416 1290 1072 956 828 731 645 493 428 405 339 307 229 196 168 140 117 132 103 74 63 51 47 50 34 26 28 35 22 12 11 8 7 8 7 7 5 1 4 0 3 3 1 2 1 0 1 1 0 0 1 0 0 0 0 1 1 1 0 0 0 0 0 0 0 0 0 0 0 
0 0 33 86 134 140 169 202 284 471 503 630 744 987 1369 1759 1936 2141 2572 3011 3559 3895 4345 4483 4866 5119 5338 5570 5489 5707 5424 5477 5233 4937 4533 4348 3890 3743 3427 3065 2795 2471 2174 1936 1641 1511 1287 1169 982 768 727 651 530 478 383 323 323 249 212 167 165 116 100 80 74 72 45 44 30 35 28 24 11 13 16 8 7 4 5 4 1 1 3 2 1 3 0 1 0 1 3 0 0 1 2 0 0 0 0 1 0 0 0 0 0 0 0 0 0 0 0 
0 0 26 84 118 87 80 144 278 376 399 464 639 888 1151 1267 1556 1893 2267 2585 2972 3340 3746 4173 4594 4750 5079 5204 5431 5458 5585 5345 5295 5274 4999 4776 4492 4083 3744 3386 3079 2825 2582 2233 1957 1748 1548 1350 1194 1020 921 736 695 579 441 408 356 296 233 241 171 160 118 108 75 70 53 63 53 27 32 27 15 18 10 8 11 6 6 7 4 5 2 3 3 2 3 2 1 1 2 0 0 0 2 0 1 0 0 0 0 0 0 0 0 0 0 0 
0 0 25 72 87 76 137 226 373 512 365 493 844 1155 1356 1577 1876 2304 2853 3340 3627 4008 4436 4827 5286 5672 5648 5820 5836 5753 5927 5759 5442 5110 4864 4388 4197 3830 3457 2929 2687 2414 2190 1895 1665 1396 1204 1078 916 801 674 585 517 427 363 314 276 199 195 166 106 118 98 76 80 52 45 43 37 33 24 22 16 15 14 10 10 8 8 5 3 2 3 8 6 2 2 0 1 4 2 0 1 0 2 0 0 1 1 1 0 0 0 0 0 0 1 0 0 0 0 0 0 0 0 0 0 0 
0 0 32 82 112 107 112 145 261 409 445 605 776 1016 1263 1478 1834 2111 2508 2861 3262 3679 4119 4384 4709 4918 5313 5398 5605 5513 5582 5504 5242 5048 4758 4592 4188 3860 3602 3305 2981 2601 2377 2042 1853 1664 1429 1257 1074 974 833 745 601 518 447 401 346 271 256 200 196 152 118 94 95 76 48 60 37 40 40 26 24 22 18 16 16 12 10 5 8 4 5 3 3 1 4 0 1 2 0 0 0 0 0 0 0 1 0 0 0 0 0 0 0 0 0 0 0 
0 0 26 75 90 104 151 269 444 603 542 724 948 1345 1453 1759 2096 2537 2858 3182 3554 3911 4496 4641 4965 5138 5574 5543 5598 5519 5367 5272 5138 4773 4456 4067 3901 3702 3105 2886 2620 2390 2064 1843 1548 1496 1273 1064 966 827 713 563 533 468 397 328 274 246 197 177 125 110 121 96 80 62 55 34 40 29 20 23 18 15 11 14 11 8 12 4 2 4 1 2 1 3 2 0 1 2 1 1 0 0 1 0 1 0 0 0 0 0 0 0 0 0 0 0 
0 0 26 67 98 87 121 217 369 496 541 657 967 1146 1458 1667 1961 2422 2899 3218 3522 3981 4273 4661 5082 5262 5578 5483 5682 5631 5338 5284 5198 5015 4716 4283 4029 3780 3377 2936 2729 2443 2134 1955 1667 1474 1319 1113 946 880 774 639 531 470 399 364 290 225 192 187 151 129 87 88 73 61 55 46 35 26 23 19 14 13 11 10 13 9 6 1 5 1 6 5 3 1 2 2 1 1 0 2 1 0 2 0 1 0 0 1 0 0 0 0 0 0 0 0 0 0 0 
0 0 25 68 115 96 127 224 402 563 575 607 742 1101 1415 1528 1736 2088 2586 2932 3292 3585 3785 4329 4597 4986 5178 5450 5307 5314 5382 5287 5171 4840 4702 4458 4112 3819 3455 3168 2849 2666 2339 1984 1768 1600 1462 1173 1076 909 766 702 609 484 424 341 310 255 195 172 165 146 92 83 73 68 52 45 36 40 22 21 28 18 18 6 7 11 9 7 6 1 4 1 5 1 4 2 3 0 3 0 2 0 1 1 1 1 1 0 0 0 0 0 0 0 0 0 0 0 
0 0 31 81 120 125 108 211 351 518 457 469 628 1084 1432 1601 1810 2204 2640 3052 3421 3734 4122 4561 4918 5225 5256 5357 5594 5565 5397 5366 5220 5001 4680 4398 4189 3651 3481 3124 2792 2500 2260 1965 1766 1533 1308 1173 947 844 765 653 587 486 385 347 311 279 231 178 165 141 88 89 93 75 52 56 28 31 40 14 18 13 10 11 12 8 13 2 3 2 1 2 1 1 0 0 0 0 1 1 0 0 0 0 1 0 0 0 0 0 0 0 0 0 0 0 
0 0 17 87 101 97 93 156 243 279 264 348 487 678 806 944 1181 1478 1934 2322 2508 2674 3268 3736 4192 4494 4621 4872 5264 5376 5347 5524 5270 5303 5156 4822 4715 4426 4205 3877 3477 3074 2779 2539 2260 2076 1746 1574 1359 1227 1034 839 748 714 581 522 396 379 326 310 239 186 198 157 131 106 91 63 62 57 59 47 25 30 23 18 19 10 21 12 8 5 4 9 4 0 1 1 4 3 4 3 1 2 4 1 4 2 0 0 0 1 1 1 0 0 0 0 0 0 0 0 0 0 0 
0 0 30 83 108 124 123 169 305 544 522 653 840 1033 1238 1476 1967 2219 2670 2808 3053 3463 3923 4361 4750 4766 4977 5261 5366 5278 5294 5338 5033 4882 4585 4324 4038 3931 3401 3211 2854 2523 2257 2033 1835 1656 1390 1279 1141 929 826 751 639 543 450 375 376 266 258 194 164 159 135 110 91 68 49 41 50 48 41 22 20 21 15 13 9 10 12 5 7 3 3 3 2 2 1 1 5 1 2 1 0 0 1 1 1 0 0 0 0 0 1 0 0 0 0 0 0 0 0 0 0 0 
0 0 16 63 101 73 97 190 354 577 471 518 708 1137 1413 1671 1950 2212 2711 3111 3534 3917 4289 4544 4866 5226 5466 5575 5739 5702 5644 5553 5271 5111 4652 4284 4099 3797 3439 3121 2822 2431 2181 2039 1677 1540 1389 1127 998 873 727 657 561 452 389 343 313 231 200 186 136 127 104 93 79 56 50 50 38 31 21 26 19 14 17 10 8 10 4 2 2 1 1 4 1 2 0 0 1 0 0 1 1 0 0 0 0 0 0 0 0 0 0 0 
0 0 31 77 102 125 123 229 426 620 533 758 996 1366 1696 1854 2096 2658 3230 3556 3975 4259 4686 5162 5302 5634 5735 5892 5839 5743 5674 5528 5267 4949 4562 4131 3865 3565 3143 2849 2471 2265 2001 1720 1407 1236 1158 967 816 721 598 506 437 372 304 274 198 177 173 140 94 103 83 73 63 56 47 49 26 23 14 18 19 14 9 9 6 7 10 5 5 3 2 3 2 2 0 0 0 2 0 1 0 0 3 2 1 1 1 0 1 1 0 0 0 0 0 0 0 0 0 0 0 
0 0 29 69 105 117 110 217 361 483 445 618 804 1115 1356 1750 2111 2382 2771 3111 3611 4000 4253 4600 5085 5115 5384 5489 5682 5587 5469 5364 5170 4795 4750 4393 3954 3563 3365 2923 2800 2437 2064 1811 1561 1474 1290 1090 912 837 711 606 560 454 344 318 245 253 199 170 142 100 97 83 86 58 43 37 36 30 28 23 26 12 11 6 12 12 6 5 10 7 7 6 7 6 2 7 4 3 2 3 1 0 3 2 2 2 0 1 2 0 0 0 0 1 1 0 0 0 0 0 0 0 0 0 0 0 
0 0 32 95 116 106 139 206 344 521 504 649 879 1260 1429 1686 1859 2436 2934 3370 3568 3959 4246 4652 5095 5336 5500 5633 5647 5693 5657 5396 5143 4941 4664 4416 4008 3641 3354 2993 2785 2503 2164 1877 1621 1428 1246 1112 982 823 737 554 537 443 372 328 277 215 197 189 148 118 99 83 62 61 55 41 42 27 19 18 20 15 13 14 13 12 8 6 6 7 7 3 4 2 5 5 0 2 1 1 1 2 0 0 0 0 0 1 0 0 1 0 0 0 0 0 0 0 0 0 0 0 
0 0 20 71 105 89 95 111 232 382 299 372 518 774 832 1007 1243 1658 1964 2260 2406 2973 3367 3794 4005 4345 4673 4937 5183 5239 5397 5381 5532 5260 5140 4887 4675 4402 4035 3799 3504 3157 2930 2603 2239 2027 1831 1599 1455 1200 1036 890 802 679 608 495 457 359 300 280 232 205 175 145 145 113 94 80 67 58 59 36 38 35 21 26 16 16 13 5 7 4 6 3 4 2 4 1 0 4 0 0 0 0 0 0 0 0 0 0 0 
0 0 19 68 100 125 163 286 304 425 501 663 862 1114 1307 1709 2139 2473 2887 3229 3658 4151 4661 5045 5318 5413 5495 5888 5918 5927 5635 5565 5181 5054 4691 4465 3986 3581 3267 3082 2696 2349 2029 1837 1561 1410 1209 1041 924 771 633 554 488 435 329 314 236 198 161 166 124 104 84 75 68 44 48 38 31 28 19 16 19 7 8 9 6 4 4 1 3 2 1 2 2 0 1 1 0 0 0 0 1 0 0 0 0 0 0 0 0 0 0 0 
0 0 29 76 97 107 138 209 374 438 421 517 754 975 1323 1604 1676 2007 2495 2719 3175 3579 3762 4120 4579 4861 5099 5208 5310 5519 5467 5440 5298 4912 4706 4561 4334 3877 3678 3319 2997 2689 2425 2173 1954 1654 1453 1287 1135 940 839 733 615 557 443 388 295 285 246 180 176 152 149 111 96 67 77 60 56 44 29 29 37 24 10 16 14 11 9 13 7 5 2 5 5 9 5 4 3 4 1 4 1 2 3 4 1 1 0 0 0 0 1 0 0 0 0 0 0 0 1 0 0 0 0 0 0 0 0 0 0 0 
0 0 23 68 87 83 86 102 155 303 247 339 469 769 925 1057 1125 1454 1855 2195 2424 2794 3101 3542 3983 4156 4533 4940 5011 5177 5349 5278 5255 5122 5038 4910 4630 4411 4143 3718 3377 3271 2997 2688 2395 2129 1901 1677 1469 1324 1147 989 892 752 589 541 458 409 378 297 210 216 163 150 122 112 85 60 63 75 46 42 41 22 23 29 16 16 9 12 5 4 9 3 7 7 1 2 0 5 1 2 2 1 1 1 0 0 0 0 0 1 0 0 0 0 0 0 0 1 0 0 0 0 0 0 0 0 0 0 0 
0 0 16 70 92 91 84 124 294 349 242 333 504 756 1021 1104 1224 1473 1900 2240 2536 2756 3177 3723 4034 4354 4611 5077 5369 5319 5458 5543 5438 5443 5279 4996 4734 4316 4142 3823 3447 3164 2921 2526 2314 1998 1771 1583 1384 1185 1038 902 825 716 598 503 414 367 325 291 208 190 147 144 126 83 89 79 58 47 52 26 22 29 31 19 9 11 10 4 10 7 8 5 0 2 7 2 7 2 3 1 2 0 1 0 0 0 0 1 0 0 0 0 0 0 0 0 0 0 0 
0 0 20 61 98 80 79 129 227 375 391 456 641 920 1147 1459 1804 2077 2294 2766 3156 3628 4164 4462 4750 5135 5490 5845 5953 5807 5936 5929 5646 5527 5016 4863 4608 4178 3841 3495 3211 2735 2515 2234 1915 1657 1414 1304 1176 957 787 665 619 506 445 387 329 276 219 172 154 124 126 90 72 65 55 42 42 43 29 24 24 16 10 19 10 9 4 9 4 3 4 9 1 3 2 2 0 1 0 2 1 0 0 2 0 0 0 0 0 2 0 0 0 0 0 1 0 0 0 0 0 0 0 0 0 0 0 
0 0 24 85 102 95 102 175 258 329 342 412 535 600 836 963 1133 1431 1804 2156 2443 2598 3016 3545 3852 4183 4574 4859 5102 5348 5314 5426 5202 5200 5061 4956 4597 4350 4097 3847 3664 3280 2840 2629 2380 2146 1927 1584 1466 1271 1084 981 843 702 670 548 509 390 363 323 306 256 182 154 147 124 99 102 75 68 59 44 30 26 30 24 21 19 20 11 9 3 5 9 1 1 3 1 3 2 1 0 0 1 1 1 1 1 0 0 0 0 0 0 0 0 0 0 0 
0 0 16 87 88 66 106 173 353 585 629 674 823 1123 1461 1920 2006 2484 2849 3143 3728 3984 4209 4503 4806 5097 5158 5296 5349 5312 5318 5171 4834 4690 4504 3972 3711 3695 3256 2993 2622 2397 2148 1966 1701 1472 1296 1206 1023 906 749 658 560 516 403 369 343 266 232 201 150 130 126 82 81 72 60 44 34 36 31 20 19 17 20 14 10 7 5 6 3 4 6 9 3 1 1 3 3 5 2 1 1 0 1 0 3 0 0 0 0 0 1 0 0 1 0 0 0 0 0 0 0 0 0 0 0 
0 0 20 58 109 97 88 106 159 281 259 340 433 641 802 781 1111 1521 1823 2183 2336 2672 3180 3596 3979 4212 4581 4914 5179 5405 5700 5616 5479 5246 5193 5249 4758 4461 4146 3957 3655 3202 2882 2752 2334 2102 1840 1700 1442 1240 1092 915 789 644 604 500 427 364 275 249 229 177 165 116 133 108 88 69 54 43 34 34 36 23 24 14 13 19 9 6 3 2 7 4 2 1 2 1 1 1 0 1 1 0 1 1 0 1 0 0 0 0 0 0 0 0 0 0 0 
0 0 14 63 93 101 134 233 336 426 345 520 889 1256 1428 1511 1952 2411 2943 3311 3508 3911 4467 4898 5077 5268 5446 5530 5702 5804 5547 5299 5109 4947 4656 4439 4137 3628 3366 2967 2803 2363 2102 1863 1603 1438 1286 1080 921 777 709 611 485 404 362 315 283 221 171 157 129 120 113 71 71 62 44 36 25 35 25 21 20 11 5 4 8 10 5 5 5 2 1 1 3 0 2 3 1 0 0 0 0 0 0 1 0 0 0 0 0 0 0 0 0 0 0 
0 0 15 58 101 84 116 193 296 443 459 599 774 1041 1281 1497 1873 2343 2679 2978 3246 3631 4231 4719 5022 5227 5342 5536 5661 5631 5586 5343 5295 5123 4776 4621 4089 3768 3455 3196 2819 2550 2275 1942 1735 1551 1346 1203 995 894 783 704 612 498 396 332 314 256 220 194 158 127 121 96 78 55 54 41 37 37 33 23 23 17 12 16 7 10 10 5 6 4 7 2 3 5 2 2 1 1 1 1 2 1 0 0 3 1 0 0 0 0 0 1 0 0 1 0 0 0 0 0 0 1 0 0 0 0 0 0 0 0 0 0 0 
0 0 30 76 109 91 102 181 339 411 310 488 773 1067 1314 1501 1607 2013 2378 2907 3275 3556 4054 4239 4718 5136 5329 5448 5609 5646 5560 5380 5302 5190 4726 4649 4277 3922 3686 3153 3036 2670 2375 2082 1864 1599 1472 1229 1056 952 802 689 611 528 435 370 326 269 205 208 164 147 132 123 89 79 59 66 40 37 27 33 20 18 17 10 9 5 2 9 7 5 2 2 4 3 4 1 1 1 1 0 1 0 0 0 0 0 0 0 0 0 0 0 
0 0 32 89 114 118 168 257 443 556 605 771 1066 1374 1591 2019 2324 2830 3167 3530 3918 4221 4677 5039 5418 5570 5660 5727 5747 5711 5645 5386 5020 4939 4424 4101 3757 3481 3211 2789 2424 2223 1925 1648 1549 1327 1102 964 883 713 659 544 417 357 338 278 232 184 166 134 123 86 83 62 42 43 43 32 25 19 23 15 10 10 4 9 12 2 2 2 4 3 1 1 1 2 0 1 0 1 0 0 0 0 0 0 0 0 0 0 0 
0 0 24 63 90 86 156 250 461 658 520 631 875 1115 1577 1659 1917 2388 2658 3048 3605 3876 4215 4711 4900 5193 5264 5428 5682 5419 5516 5288 5118 4839 4672 4323 4000 3716 3431 3066 2705 2439 2148 1959 1732 1482 1270 1141 997 837 748 630 574 520 437 340 303 242 258 179 162 147 125 101 92 69 67 35 42 46 25 37 25 22 26 15 12 7 5 6 4 6 4 1 4 2 1 2 1 1 0 0 1 0 0 0 0 0 0 0 0 0 0 0 
0 0 22 64 112 102 81 189 369 627 504 641 974 1336 1641 1838 2072 2556 3036 3446 3602 3996 4615 4923 5186 5395 5562 5576 5602 5600 5476 5219 4995 4763 4509 4237 3868 3540 3165 2887 2538 2323 2093 1824 1588 1386 1151 1107 958 807 715 582 485 454 363 320 287 210 206 149 133 110 82 83 83 55 63 55 32 32 24 25 17 8 16 10 11 2 3 7 6 2 1 0 2 1 0 0 0 0 0 0 0 0 0 0 0 
0 0 25 81 87 80 147 227 369 373 287 456 720 817 931 1088 1279 1771 2110 2407 2735 2959 3448 3898 4164 4569 4830 5156 5173 5291 5347 5377 5255 5251 4873 4612 4484 4188 3938 3627 3156 3086 2820 2475 2237 2048 1738 1525 1389 1112 971 858 779 635 548 463 378 322 290 261 216 203 145 143 115 100 74 72 69 50 44 32 32 22 21 20 11 17 7 9 9 15 4 8 2 2 5 5 0 2 1 0 2 2 0 0 0 2 0 0 3 0 1 0 0 0 0 1 0 0 0 0 0 0 0 
0 0 21 95 130 107 170 307 517 544 480 726 1055 1496 1699 1768 2072 2568 3163 3358 3703 3978 4317 4694 5056 5138 5366 5378 5472 5351 5351 5267 4954 4681 4450 4103 3775 3389 3268 2900 2433 2282 2024 1884 1574 1414 1168 1124 910 787 692 593 495 438 376 335 273 225 198 161 140 110 103 75 64 60 50 58 49 34 31 27 18 14 16 11 8 9 2 4 5 0 1 1 1 0 1 0 1 0 0 0 0 0 0 0 0 0 0 0 
0 0 30 87 136 124 165 291 449 544 485 701 891 1154 1423 1836 2152 2459 2912 3226 3691 4072 4504 4843 5165 5326 5449 5645 5661 5729 5566 5295 4967 4883 4549 4324 3944 3610 3182 2905 2710 2371 2140 1873 1705 1464 1287 1064 900 841 746 618 569 467 342 308 252 239 218 161 140 100 117 72 73 59 40 43 43 33 28 15 19 15 14 10 5 9 6 9 3 7 4 4 4 3 3 1 1 1 0 1 1 0 0 1 0 0 0 0 0 0 0 0 0 0 0 
0 0 13 72 98 98 106 196 301 448 427 516 782 974 1185 1434 1721 2131 2349 2655 3238 3486 3894 4376 4788 4951 5092 5300 5449 5641 5655 5223 5289 5141 4787 4581 4077 3834 3535 3301 2897 2664 2376 2043 1938 1645 1392 1297 1119 967 779 747 619 548 452 390 358 283 257 209 193 141 152 111 96 94 69 67 51 47 30 47 26 25 10 26 17 12 12 8 13 10 11 4 2 10 1 3 5 7 3 1 1 0 2 0 0 1 0 0 1 0 0 0 0 0 0 0 0 0 0 0 
0 0 37 82 114 107 124 219 400 502 513 638 986 1420 1706 1800 2055 2562 2976 3449 3817 4290 4746 4875 5160 5506 5540 5589 5660 5776 5462 5348 4973 4859 4474 4262 3903 3474 3214 2926 2495 2312 2014 1750 1535 1332 1146 998 861 776 631 569 429 423 330 334 257 212 161 153 109 95 98 68 64 49 38 38 32 16 24 11 19 17 10 6 7 7 4 7 7 3 4 1 0 1 2 0 1 0 1 0 1 0 0 0 0 1 0 0 0 0 0 0 0 0 0 0 0 
0 0 22 61 107 97 100 186 302 438 324 402 699 901 1047 1264 1511 1899 2360 2622 3106 3408 3707 4145 4544 4915 4988 5255 5475 5427 5521 5539 5192 5047 4800 4566 4297 4076 3633 3411 3130 2760 2411 2200 1985 1746 1541 1350 1192 1051 961 719 642 594 518 434 366 305 258 229 178 154 124 124 109 83 76 72 57 40 33 43 25 27 26 21 13 5 9 7 6 5 2 0 1 2 0 2 0 1 1 0 0 0 0 0 0 0 0 0 0 0 
0 0 28 72 117 127 236 399 578 708 592 838 1190 1551 1834 2178 2443 2674 3174 3693 4263 4522 4699 4952 5383 5627 5569 5624 5689 5352 5398 5138 4913 4465 4394 3920 3635 3289 2982 2658 2391 2140 1890 1701 1422 1197 1072 962 831 689 530 536 468 383 315 289 223 193 170 151 104 98 98 90 67 47 41 34 35 22 18 19 15 15 11 7 3 8 3 4 2 2 2 1 5 0 0 0 0 1 1 0 0 0 0 0 0 0 0 0 0 0 
0 0 26 68 96 78 98 175 385 462 383 563 828 1162 1413 1680 2051 2482 2890 3184 3646 3989 4369 4624 5181 5255 5675 5595 5680 5646 5586 5572 5294 4876 4661 4492 4040 3579 3322 3015 2677 2455 2149 1907 1634 1454 1341 1147 977 817 683 597 495 459 405 342 265 212 218 186 141 126 90 66 44 68 63 43 28 22 19 21 10 12 13 12 7 6 4 8 6 2 4 1 0 4 1 0 0 0 3 0 0 1 0 0 0 0 0 0 0 0 0 0 0 
0 0 24 88 89 98 146 298 530 712 693 878 1205 1593 2059 2348 2509 2890 3390 3927 4350 4724 5002 5135 5740 5773 5903 5732 5930 5633 5469 5170 4983 4558 4366 3937 3501 3168 2796 2512 2299 2040 1738 1541 1333 1086 1009 909 758 620 523 494 384 345 276 228 208 163 158 133 99 89 58 76 53 43 41 38 22 19 22 25 8 7 10 4 8 5 5 4 6 2 1 2 1 1 1 1 0 0 1 0 0 1 0 0 0 0 0 0 0 0 0 0 0 
0 0 28 80 121 131 142 239 340 475 483 674 1013 1445 1624 1925 2283 2660 3026 3629 4038 4240 4623 4897 5287 5401 5570 5614 5464 5508 5370 5231 4998 4567 4400 4156 3827 3430 3187 2870 2558 2259 1981 1759 1549 1400 1172 991 853 784 690 524 478 396 347 299 255 231 190 159 141 113 80 71 58 55 43 55 27 23 22 38 19 14 17 18 9 7 8 3 7 4 2 1 3 2 2 0 0 2 0 0 0 1 0 0 0 0 0 1 0 0 0 0 0 0 0 0 0 0 0 
0 0 26 72 123 102 96 164 262 383 496 520 696 903 1184 1379 1611 1989 2601 2941 3265 3597 4119 4460 4984 5182 5314 5643 5780 5695 5688 5647 5580 5220 4989 4489 4410 3918 3532 3315 2857 2660 2276 1991 1757 1675 1374 1196 1025 872 816 675 591 480 419 357 307 259 229 170 175 157 123 101 81 72 56 48 39 31 28 27 22 13 21 13 13 8 13 12 11 7 7 3 3 8 3 1 5 3 1 1 1 1 1 1 0 1 2 0 1 0 0 1 0 1 0 1 1 0 0 0 0 0 0 1 0 0 0 0 0 0 0 0 0 0 0 
0 0 18 61 94 86 86 143 259 443 489 560 673 836 1089 1319 1633 2049 2255 2743 3090 3509 4031 4326 4676 4941 5429 5518 5558 5506 5681 5691 5488 5132 4985 4707 4352 4069 3754 3436 3101 2735 2421 2243 1988 1676 1410 1248 1142 983 821 768 591 490 430 388 339 293 247 195 185 140 141 99 80 68 61 49 56 34 26 30 17 22 17 12 14 5 9 7 5 4 4 13 6 3 0 3 0 3 2 1 0 2 0 1 1 1 0 0 0 1 0 0 0 0 0 0 0 0 0 0 0 
0 0 18 83 109 96 94 247 429 514 545 679 959 1222 1606 1939 2174 2690 3081 3383 3770 4141 4564 4957 5091 5385 5718 5738 5677 5598 5456 5352 5048 4774 4618 4193 3885 3475 3286 2972 2531 2301 2134 1825 1661 1440 1212 1051 934 818 738 630 505 419 374 326 272 246 200 155 148 122 89 84 84 62 46 25 27 40 24 26 17 14 11 18 4 4 5 3 5 3 2 2 2 2 2 0 0 0 1 1 0 0 0 0 0 0 0 0 0 0 0 
0 0 20 59 109 105 169 233 302 421 442 548 714 1016 1253 1575 1878 2100 2538 2869 3379 3829 4113 4509 4907 5137 5401 5592 5647 5618 5586 5463 5240 5060 4894 4361 4341 3817 3555 3167 2856 2561 2351 2018 1835 1511 1358 1211 993 886 745 714 565 505 374 311 282 260 219 184 138 141 108 81 76 57 41 44 39 23 19 19 13 13 14 10 9 5 4 7 2 2 1 5 1 0 2 2 1 0 0 1 1 0 0 0 0 1 0 0 0 1 0 0 0 0 0 0 0 
0 0 23 61 77 78 72 118 196 256 216 329 505 706 894 1044 1343 1357 1732 2194 2558 2894 3232 3569 4069 4286 4680 4906 5211 5477 5660 5485 5500 5445 5226 5020 4836 4499 4225 3911 3591 3179 2953 2621 2231 2082 1778 1602 1469 1179 1079 934 802 750 621 504 423 382 334 254 269 194 173 142 138 127 88 62 67 60 49 43 32 30 19 21 20 13 12 4 12 6 10 6 1 4 2 0 1 0 1 2 0 0 0 0 0 0 1 0 0 0 0 0 0 0 0 0 0 0 
0 0 32 67 94 100 93 146 288 380 355 513 710 937 1154 1413 1825 2174 2363 2955 3351 3754 4088 4570 4896 5422 5496 5606 5746 5776 5684 5552 5372 5167 4990 4713 4260 3909 3623 3315 2899 2562 2287 2110 1812 1618 1398 1274 1070 915 808 697 600 484 407 351 324 265 234 186 161 121 115 100 89 64 56 42 34 29 23 25 25 18 14 15 9 8 9 7 8 10 4 1 3 2 3 2 0 1 0 0 1 0 0 0 0 0 0 0 0 0 0 0 
0 0 15 67 97 99 103 189 330 547 509 465 615 895 1169 1456 1644 1934 2396 2898 3345 3593 4060 4432 4752 5088 5356 5483 5476 5637 5576 5548 5427 5120 4946 4669 4279 3968 3744 3442 3070 2648 2448 2142 1867 1726 1433 1313 1056 981 816 746 627 520 420 370 318 266 232 186 175 129 107 100 77 58 49 46 32 34 34 17 19 14 15 12 8 11 8 3 2 3 5 4 1 2 2 2 0 1 1 1 1 2 2 0 0 0 1 0 1 1 0 1 0 1 1 0 1 0 0 1 0 0 0 0 0 0 0 0 0 0 0 
0 0 20 66 109 86 133 290 474 663 433 592 917 1236 1624 1789 1994 2400 2827 3313 3687 3849 4288 4683 5031 5413 5472 5556 5756 5755 5534 5344 5144 5047 4511 4317 4013 3737 3338 2981 2731 2506 2162 1964 1674 1463 1257 1127 965 882 708 603 527 466 343 321 273 257 200 170 130 133 95 87 61 63 38 39 41 37 23 21 12 13 13 8 5 9 7 3 1 3 4 4 2 5 2 2 2 0 0 0 0 0 0 0 0 0 0 0 
0 0 16 65 86 104 72 110 230 369 326 379 533 821 1162 1413 1629 1999 2410 2780 3284 3770 4174 4456 4938 5151 5470 5897 5762 5730 5742 5733 5579 5432 5024 4725 4463 4002 3786 3359 3079 2692 2473 2150 1777 1612 1446 1242 1059 872 762 615 622 474 388 308 295 232 216 192 161 92 124 106 77 62 48 49 35 28 26 31 16 21 9 15 10 14 6 5 5 5 4 3 0 4 1 0 0 1 1 2 1 0 0 0 0 0 0 0 0 0 0 0 
0 0 20 70 120 102 135 207 352 439 383 497 721 958 1327 1446 1742 2088 2593 2996 3520 3790 4168 4564 4951 5339 5429 5856 5654 5509 5734 5702 5412 5170 4810 4519 4190 3870 3479 3160 2815 2590 2199 1996 1736 1507 1314 1147 985 837 694 600 546 469 386 303 274 234 188 175 137 127 120 82 91 69 62 41 45 33 39 28 18 20 19 10 7 7 15 2 9 3 1 6 2 1 2 5 0 1 0 1 1 0 1 0 1 0 0 0 0 1 0 0 0 0 0 0 0 
0 0 19 67 77 89 70 102 208 350 403 443 580 902 1152 1413 1626 1886 2394 2699 3202 3582 3815 4317 4704 5154 5232 5463 5609 5527 5795 5640 5468 5333 4995 4757 4427 4071 3680 3380 3116 2814 2493 2127 1882 1727 1452 1273 1130 959 821 706 620 543 452 397 298 269 254 210 166 128 124 101 97 62 66 55 43 50 31 34 27 15 12 14 14 11 6 8 4 8 1 7 2 0 1 1 1 2 0 0 1 0 0 0 0 0 0 0 0 0 0 0 
0 0 19 78 108 114 114 177 338 528 503 612 846 1236 1587 1805 2036 2425 2753 3130 3684 4104 4315 4646 4909 5269 5598 5552 5535 5712 5577 5288 5200 5051 4691 4355 4102 3597 3283 3011 2733 2419 2149 1911 1652 1517 1266 1169 987 860 759 653 559 462 384 365 321 248 228 156 158 135 88 93 75 68 60 43 29 36 37 24 27 17 25 6 11 8 14 11 10 12 3 3 2 2 2 3 1 2 1 0 0 0 1 1 2 0 1 0 0 0 0 1 0 0 0 0 0 0 0 
0 0 18 74 104 114 117 273 479 635 558 704 942 1223 1515 1724 1970 2348 2741 2920 3389 3829 4187 4498 4816 4988 5148 5263 5536 5478 5336 5037 5027 4868 4622 4262 4011 3706 3287 3059 2697 2396 2236 1920 1694 1511 1275 1178 988 825 740 633 555 469 389 358 276 256 219 171 152 114 134 95 74 62 52 56 45 24 26 21 19 22 11 18 12 8 15 14 8 8 8 3 1 2 3 2 3 3 1 0 0 0 2 2 0 1 1 1 0 0 1 1 0 0 0 0 0 0 0 0 0 0 0 
0 0 28 76 90 88 92 160 211 239 227 350 559 791 895 1142 1420 1657 1962 2339 2845 3075 3610 4003 4410 4705 4903 5250 5487 5670 5710 5475 5501 5407 5277 4987 4673 4446 4090 3691 3401 3101 2724 2581 2192 1921 1730 1435 1299 1141 991 920 689 605 496 500 387 319 260 230 183 179 114 112 101 79 68 63 47 50 36 36 28 23 19 19 19 7 13 8 2 3 6 4 3 2 2 1 2 3 3 2 1 0 0 2 0 0 1 0 0 0 0 0 0 0 1 0 0 0 0 0 0 0 0 0 0 0 
0 0 21 48 85 102 102 172 330 498 503 578 782 1035 1342 1790 2110 2389 2698 3132 3644 4073 4525 4929 5064 5379 5584 5834 5920 5835 5703 5633 5265 5043 4753 4274 4061 3791 3456 2962 2750 2362 2190 1890 1597 1390 1185 1063 977 819 651 615 544 424 374 324 271 239 168 185 141 111 94 83 75 72 51 33 35 20 24 20 18 12 15 9 11 8 7 3 9 5 4 5 4 3 2 3 5 0 1 1 1 2 1 0 2 0 0 0 1 0 1 0 0 0 0 0 0 0 0 0 0 0 
0 0 23 59 106 85 133 256 356 455 413 570 824 1165 1360 1586 1981 2335 2633 2929 3451 3711 4280 4759 4853 5177 5513 5453 5570 5472 5497 5419 5151 5054 4771 4408 4073 3740 3409 3099 2926 2434 2178 2065 1749 1571 1325 1134 1075 835 768 661 569 474 399 365 305 259 204 186 150 124 112 92 69 76 47 48 50 42 27 25 18 21 11 13 8 8 11 12 9 7 3 4 9 2 1 0 2 0 0 3 1 0 0 1 0 0 0 0 0 0 0 0 0 0 0 
0 0 33 67 88 105 123 213 338 563 465 579 807 1061 1229 1455 1687 2071 2370 2631 3093 3346 3842 4115 4375 4573 4877 5073 5181 5093 5230 5154 5104 4764 4450 4378 4175 3857 3494 3183 2844 2673 2387 2197 1890 1720 1519 1332 1116 950 898 734 668 554 477 433 368 318 283 244 195 176 155 108 107 107 87 71 60 48 43 34 25 21 34 21 13 8 13 8 8 9 4 3 5 2 3 5 1 2 1 0 0 0 0 0 0 0 0 0 0 0 
0 0 23 78 115 117 100 177 365 540 457 604 939 1276 1590 1655 1892 2383 2778 3350 3557 4058 4226 4684 5167 5295 5493 5645 5606 5504 5596 5366 5304 4940 4631 4284 3955 3637 3357 2965 2719 2401 2158 1894 1669 1398 1212 1117 932 769 696 608 553 470 367 332 265 223 205 191 154 100 118 82 87 64 55 49 46 33 34 26 26 12 21 8 10 8 9 8 4 6 3 3 2 1 3 2 1 0 1 1 0 0 0 0 0 0 0 0 0 0 
0 0 27 88 106 94 119 277 500 621 501 653 971 1380 1671 1769 2154 2441 3111 3332 3701 3935 4333 4759 5098 5270 5227 5440 5628 5417 5283 5274 5048 4827 4412 4201 3895 3577 3243 2830 2690 2340 2078 1708 1618 1470 1237 1035 917 807 667 582 555 454 399 302 269 232 226 171 144 118 94 85 81 69 41 40 42 31 25 19 13 12 14 12 6 13 14 2 4 4 1 2 4 2 1 0 2 0 0 1 0 0 1 1 0 0 0 0 1 0 0 0 0 0 0 0 0 0 0 0 
0 0 31 89 95 101 128 247 403 579 449 674 977 1322 1607 1785 2022 2471 3000 3353 3631 3954 4450 4850 5098 5206 5313 5486 5725 5610 5607 5199 5169 4863 4504 4158 3922 3541 3244 2876 2616 2362 2029 1825 1605 1404 1223 1065 940 822 710 611 487 441 359 303 276 215 176 153 145 102 92 82 63 50 47 46 35 27 16 27 12 9 15 10 6 16 7 6 6 2 2 6 1 1 1 1 3 0 0 1 0 0 0 0 2 0 0 1 1 1 2 0 0 0 1 0 0 1 0 0 2 0 0 0 0 0 0 0 0 0 0 0 
0 0 26 68 112 100 143 211 321 407 409 555 756 1012 1297 1577 1823 2201 2643 2953 3268 3778 4203 4635 4836 5206 5419 5612 5641 5770 5539 5699 5312 5093 4805 4677 4239 3787 3453 3194 2796 2694 2262 2086 1743 1575 1304 1174 1054 883 669 622 570 461 399 339 292 253 188 169 161 133 98 100 73 64 60 56 53 28 17 23 24 19 14 8 12 10 6 3 7 4 8 3 2 1 2 0 0 1 0 0 1 0 0 0 0 0 0 0 0 0 0 0 
0 0 21 69 80 74 105 200 429 618 567 602 985 1448 1683 1915 2094 2425 2904 3415 3857 4180 4478 4860 5171 5383 5458 5628 5545 5636 5444 5195 4947 4799 4450 4063 3716 3446 3122 2799 2550 2296 1971 1808 1503 1309 1205 1034 912 725 640 522 455 395 353 271 266 208 168 203 112 94 86 84 71 64 51 31 34 35 23 18 20 19 18 10 8 12 7 8 3 4 4 3 6 0 6 2 1 2 1 3 1 1 1 1 0 1 1 0 0 0 0 0 0 0 0 0 0 0 
0 0 26 71 112 107 95 140 283 443 299 481 763 984 1174 1414 1622 1917 2294 2582 2866 3295 3715 3937 4322 4486 4849 5202 5311 5224 5213 5346 5291 5073 4724 4622 4204 4035 3750 3335 3075 2739 2551 2250 1980 1741 1531 1336 1226 1084 909 778 669 615 551 454 358 334 272 266 186 188 162 133 97 99 74 56 52 45 32 29 27 29 14 12 12 14 10 16 7 5 3 2 0 3 1 2 1 1 0 0 1 0 0 0 0 0 0 0 0 0 0 0 
0 0 31 75 129 84 88 228 508 645 499 634 881 1197 1353 1641 1879 2343 2765 3134 3495 3839 4162 4453 4760 4970 5293 5327 5440 5394 5430 5363 5071 4958 4433 4337 4016 3778 3370 3013 2734 2522 2241 2054 1721 1477 1363 1148 1030 892 767 632 557 497 413 357 317 228 210 196 142 141 114 91 81 70 79 58 57 45 35 20 27 24 16 20 10 12 13 8 8 8 3 5 6 0 3 0 4 1 3 3 1 0 0 0 3 0 0 0 0 1 0 0 0 0 0 0 0 0 0 0 0 
0 0 30 75 100 106 128 143 226 323 298 346 529 764 954 1167 1382 1765 2239 2632 2992 3260 3621 4166 4423 5020 5122 5243 5429 5607 5584 5667 5415 5324 5096 4704 4453 4244 3816 3626 3189 2930 2610 2290 2022 1782 1575 1355 1186 1060 947 766 661 533 477 416 339 310 246 237 195 154 142 119 105 84 75 63 46 53 43 38 26 24 14 19 15 15 8 10 6 7 8 6 4 7 2 4 3 6 4 0 3 1 4 1 1 1 1 0 0 1 0 1 0 0 0 0 0 0 0 0 0 0 0 
0 0 36 82 105 98 111 196 292 443 366 547 881 1095 1416 1699 1900 2270 2869 3218 3554 3983 4361 4830 5206 5263 5459 5547 5689 5722 5501 5454 5145 5003 4655 4405 4067 3730 3339 3036 2760 2417 2148 1972 1647 1467 1229 1072 993 839 655 584 513 392 362 335 236 218 189 135 145 131 88 69 71 69 53 32 44 27 12 26 10 19 10 7 5 4 3 3 1 6 2 4 0 1 3 2 0 0 0 1 0 0 0 0 0 0 0 0 0 0 0 
0 0 22 69 100 109 125 143 252 370 346 381 550 796 1085 1333 1478 1786 2121 2595 3053 3435 3800 4146 4496 4865 5179 5364 5581 5607 5739 5657 5340 5269 5050 4809 4522 4191 3743 3481 3215 2747 2510 2198 2032 1767 1518 1269 1176 1050 902 724 647 556 440 378 394 277 235 217 204 147 117 103 105 86 69 58 38 36 45 20 21 15 14 8 12 6 5 6 4 3 1 1 0 2 2 1 1 1 1 1 1 0 1 1 0 0 1 0 0 2 1 0 0 1 0 0 1 0 1 3 1 1 1 0 1 0 0 2 0 0 0 0 0 1 0 0 0 0 0 0 0 0 0 0 0 
0 0 19 69 99 77 107 192 356 395 316 408 780 1136 1422 1642 1729 2089 2633 2909 3323 3790 4204 4698 4980 5189 5386 5762 5793 5791 5688 5486 5252 5038 4870 4502 4244 3849 3526 3320 2899 2632 2269 2079 1789 1485 1381 1192 994 877 780 638 588 480 417 354 273 254 223 162 165 128 114 83 66 65 52 52 31 29 33 24 19 17 10 12 10 11 7 6 4 8 3 5 1 1 0 1 0 1 0 0 1 0 0 0 0 0 0 0 0 0 0 0 
0 0 22 56 73 95 92 116 226 368 336 426 623 876 1142 1310 1537 1837 2253 2669 3005 3544 3598 4169 4496 4644 5084 5218 5487 5567 5525 5383 5367 5290 5148 4621 4409 3988 3782 3419 3027 2930 2571 2270 2037 1785 1566 1323 1196 1045 901 743 680 584 487 376 359 303 254 215 175 167 154 120 88 94 61 87 51 50 32 24 32 26 15 19 9 10 16 11 12 7 3 4 3 2 1 4 2 1 1 1 2 2 0 2 0 0 2 2 0 1 1 1 1 0 0 0 2 0 1 0 0 0 0 1 1 0 0 0 0 0 0 0 0 0 0 0 
0 0 27 77 112 107 117 180 275 354 440 584 721 1019 1131 1321 1649 1991 2321 2753 2988 3475 3832 4071 4528 4694 5113 5314 5431 5265 5382 5490 5241 5184 4841 4558 4441 4005 3599 3510 3084 2855 2444 2287 1967 1784 1523 1319 1179 1042 915 806 703 583 516 394 375 345 257 228 195 154 137 127 112 97 77 60 50 39 47 51 32 22 27 22 17 17 10 6 2 5 4 2 2 0 1 1 0 0 0 0 2 0 0 0 0 0 0 0 0 0 0 0 
0 0 20 86 110 76 110 232 365 483 616 758 1027 1214 1576 1936 2194 2612 3076 3532 3869 4208 4797 5046 5431 5711 5704 5600 5708 5751 5703 5285 5075 4909 4536 4173 3804 3526 3146 2861 2515 2313 1903 1765 1522 1315 1152 957 872 718 619 530 452 364 326 283 247 187 166 153 123 99 98 81 63 54 43 28 30 35 20 21 12 11 12 9 4 8 4 7 8 6 4 3 7 1 2 3 2 2 1 2 0 1 1 1 1 1 1 0 2 0 0 1 0 1 1 0 0 0 0 0 0 0 0 0 0 0 
0 0 27 86 111 119 147 296 470 621 597 655 1018 1313 1619 1846 2036 2468 2904 3316 3832 4121 4479 4847 5154 5164 5370 5639 5710 5602 5384 5331 5075 4970 4491 4137 3971 3601 3300 2893 2575 2258 1973 1799 1602 1384 1129 1012 956 778 639 553 467 411 329 301 252 195 174 141 112 109 105 75 55 55 39 34 33 32 27 23 14 16 25 17 7 4 6 10 7 8 1 4 0 1 1 1 1 0 0 1 0 0 0 0 1 0 0 0 0 0 0 0 0 0 0 0 
0 0 23 65 95 83 91 139 216 339 305 402 540 728 1029 1249 1543 1735 2054 2463 2941 3379 3580 4105 4373 4902 5066 5319 5501 5666 5664 5653 5444 5260 5039 4788 4548 4191 3855 3530 3169 2885 2592 2376 2018 1803 1590 1342 1259 1086 874 773 654 557 494 405 368 298 241 234 190 165 139 134 97 76 62 55 56 42 23 30 33 22 25 16 20 10 6 13 4 5 2 4 3 2 4 2 3 3 0 0 0 7 1 1 1 0 1 0 0 1 0 0 0 0 0 0 0 0 0 0 0 
0 0 27 90 103 112 116 181 343 460 389 479 740 1008 1247 1537 1798 2081 2534 2991 3281 3653 4106 4560 4975 5074 5295 5506 5665 5836 5629 5451 5339 5151 4857 4530 4153 3857 3577 3257 2786 2587 2312 2002 1774 1483 1331 1263 994 881 783 664 564 503 442 347 317 267 238 205 190 149 120 104 95 78 64 60 40 40 45 26 18 31 17 15 18 15 15 7 2 3 4 2 3 2 3 0 2 2 0 0 0 0 1 0 0 1 0 0 0 0 0 0 0 0 0 0 0 
0 0 21 70 93 90 84 123 218 321 272 312 408 632 803 990 1241 1462 1864 2174 2547 2891 3187 3579 3885 4311 4675 4823 5102 5223 5253 5204 5362 5255 5121 4874 4679 4468 4088 3784 3618 3248 2963 2657 2284 2032 1843 1659 1391 1246 1075 931 833 690 587 525 445 385 317 287 265 218 181 164 148 127 85 90 77 54 54 35 35 28 24 19 23 7 17 8 9 3 8 5 6 3 3 3 3 1 4 0 0 0 1 2 0 0 0 2 0 0 0 0 0 0 0 0 0 0 0 
0 0 29 72 101 114 63 152 354 559 492 600 802 1202 1441 1766 1984 2285 2702 3168 3644 4052 4597 4790 5038 5381 5468 5592 5581 5665 5827 5484 5224 5086 4692 4448 4145 3827 3383 3069 2759 2465 2156 1924 1675 1490 1342 1077 971 855 719 641 503 463 382 319 267 214 190 174 130 116 95 77 58 44 33 39 32 23 19 15 19 20 16 16 7 10 3 6 7 1 1 0 1 0 2 0 0 1 0 0 0 0 0 0 0 0 0 0 0 
0 0 22 69 80 82 80 114 195 256 344 434 555 691 823 1053 1517 1856 2075 2355 2595 3193 3634 4039 4446 4706 5071 5371 5552 5710 5659 5657 5607 5428 5313 4894 4612 4311 3972 3702 3307 3133 2650 2424 2140 1860 1708 1463 1221 1106 923 828 724 623 543 438 384 305 252 248 209 162 110 100 92 88 69 55 47 43 36 25 29 20 28 9 11 8 8 10 4 2 3 2 0 2 1 3 1 0 0 0 1 1 0 0 0 0 0 0 0 0 0 0 0 
0 0 29 70 91 103 88 175 249 384 344 512 686 1025 1248 1410 1607 1968 2447 2724 3191 3600 3844 4231 4719 5032 5241 5369 5586 5582 5648 5524 5341 5136 4902 4677 4329 3898 3697 3212 3162 2642 2471 2100 1887 1632 1488 1335 1114 905 835 709 588 528 415 399 326 258 242 191 174 141 118 98 76 82 67 54 48 37 34 26 22 14 19 15 10 11 4 4 6 8 3 3 2 2 1 1 3 2 1 0 0 1 2 0 0 1 1 0 0 0 0 0 0 0 0 0 0 0 
0 0 30 86 112 128 233 334 473 636 645 919 1243 1520 1921 2126 2582 2959 3391 3906 4211 4627 5022 5108 5321 5573 5728 5691 5508 5426 5236 5033 4887 4482 4167 3848 3532 3166 2983 2529 2315 2010 1711 1616 1376 1221 1029 903 828 682 566 484 425 379 290 276 235 205 161 157 118 125 98 59 58 47 51 39 37 24 21 20 32 15 12 12 10 13 7 7 5 2 8 2 2 4 0 1 1 1 0 1 1 0 0 0 0 0 0 0 0 0 0 0 
0 0 17 60 104 89 103 266 431 635 582 573 789 1220 1646 1780 1884 2220 2662 3250 3797 3965 4278 4636 5229 5338 5565 5467 5724 5939 5689 5261 5282 4925 4650 4296 3984 3642 3426 3004 2728 2416 2116 1944 1677 1430 1267 1066 926 830 632 576 498 415 343 321 232 224 186 184 129 93 92 70 64 61 46 38 32 27 13 22 18 9 11 13 9 5 7 3 6 6 7 0 4 2 3 4 3 2 0 3 3 1 1 1 0 0 0 1 0 0 0 0 0 0 0 0 0 0 0 
0 0 17 62 77 74 72 93 150 221 217 251 369 558 830 1003 1140 1560 1935 2203 2518 3055 3352 3751 4165 4552 4714 5076 5343 5467 5532 5512 5482 5543 5216 5011 4669 4524 3984 3877 3386 3173 2877 2570 2243 2081 1811 1542 1410 1237 1010 907 807 761 574 523 402 342 318 247 209 185 155 124 109 103 82 65 48 46 40 34 24 22 19 15 13 8 8 9 6 6 4 1 8 1 3 6 4 0 3 2 2 0 1 2 2 0 1 0 0 1 0 0 0 0 1 1 1 0 0 1 0 1 0 1 0 0 0 1 0 1 0 0 0 0 0 0 0 0 0 0 0 
0 0 28 68 100 85 92 164 359 505 500 534 780 1026 1240 1363 1603 1853 2357 2696 2988 3422 3738 3969 4314 4571 5139 5197 5246 5251 5317 5340 5106 5034 4537 4524 4126 3890 3564 3289 3015 2797 2374 2198 1907 1693 1497 1290 1215 938 842 780 622 567 454 409 328 306 270 214 174 176 135 118 99 77 84 71 61 43 47 41 21 24 15 18 15 12 15 7 4 4 7 8 7 3 3 4 2 3 1 1 0 0 1 0 1 1 0 0 0 0 0 0 0 0 0 0 0 
0 0 22 72 106 104 90 160 258 384 360 396 567 812 1003 1231 1492 1823 1996 2445 2853 3293 3572 4088 4421 4793 5113 5388 5453 5449 5438 5566 5327 5271 5074 4720 4485 4118 3851 3551 3198 2791 2557 2293 1994 1906 1647 1393 1244 987 912 787 678 573 484 418 375 319 266 222 194 161 128 136 111 79 67 53 54 37 24 25 25 17 15 12 10 7 9 11 7 1 3 4 5 3 3 3 1 3 1 3 1 2 0 1 0 0 0 0 0 0 1 0 0 0 0 0 0 0 0 0 0 0 
0 0 21 73 92 112 117 207 336 585 637 773 815 1228 1706 1985 2210 2621 2932 3508 3834 4291 4716 4954 5151 5552 5438 5530 5657 5665 5592 5205 5042 4745 4571 4309 3846 3565 3203 2910 2533 2360 2068 1809 1494 1333 1156 976 891 752 649 552 466 388 335 273 266 206 214 153 116 122 84 89 58 57 42 48 33 25 18 21 18 23 14 8 11 6 5 9 3 4 4 2 2 1 1 0 1 7 0 4 1 1 1 1 0 2 1 0 0 0 0 0 0 0 0 0 0 0 
0 0 23 96 123 96 151 258 318 504 386 540 803 1161 1543 1694 1865 2154 2698 3107 3417 3915 4233 4682 5018 5338 5461 5668 5614 5751 5594 5520 5305 4916 4765 4508 4133 3750 3473 3096 2758 2458 2268 1970 1608 1507 1348 1131 934 830 743 655 557 448 403 353 249 265 224 182 165 142 109 86 70 74 41 57 40 26 24 18 18 12 14 10 9 8 0 4 5 1 0 3 1 0 1 2 2 1 1 0 0 0 0 0 0 0 0 0 0 0 
0 0 26 74 89 125 205 309 406 551 639 814 1044 1393 1839 2091 2366 2708 3117 3537 4020 4357 4618 5142 5308 5457 5735 5666 5596 5586 5330 5240 5109 4613 4336 3984 3691 3503 3077 2768 2533 2262 1882 1657 1597 1380 1095 962 824 739 699 513 397 386 331 297 274 183 194 172 124 120 82 71 67 58 50 32 23 23 26 18 14 13 14 11 7 5 7 3 11 3 2 1 0 5 0 0 0 1 1 0 0 0 0 0 1 0 0 0 0 0 1 0 0 0 0 0 0 0 0 0 0 0 
0 0 34 87 139 127 180 266 349 413 483 597 900 1160 1424 1597 1802 2229 2765 3069 3543 3736 4243 4571 5013 5156 5247 5534 5606 5664 5520 5297 5265 4915 4889 4346 3951 3694 3365 3039 2791 2470 2140 1988 1678 1420 1270 1173 981 860 693 574 552 472 394 330 295 250 226 178 167 134 119 101 79 75 49 53 43 31 33 27 19 18 17 9 7 8 7 5 3 1 3 2 0 3 0 2 2 0 1 0 1 0 0 0 0 0 0 0 0 0 0 0 
0 0 16 80 86 96 97 162 263 333 229 370 663 887 1068 1149 1274 1618 2117 2656 2970 3210 3612 4004 4530 5014 5149 5258 5485 5596 5541 5676 5476 5273 5109 4910 4539 4261 3758 3471 3208 2813 2607 2320 2039 1755 1554 1327 1152 1012 822 796 637 586 493 421 362 327 259 236 180 163 152 118 99 79 75 55 50 39 41 32 22 20 18 22 7 9 12 9 6 10 9 4 6 2 7 2 2 2 0 2 3 2 1 1 0 1 2 0 0 1 2 0 0 0 0 1 1 0 0 0 0 0 1 0 0 0 0 0 0 0 0 0 0 0 
0 0 22 80 114 89 87 126 290 446 454 517 676 1025 1225 1390 1824 2299 2770 3116 3394 3688 4222 4636 4869 5113 5101 5589 5648 5578 5507 5237 5334 5040 4707 4369 4054 3613 3372 3058 2838 2596 2225 2003 1772 1529 1382 1218 1027 957 750 645 580 500 395 365 285 250 209 178 149 133 95 105 70 45 49 37 19 25 18 19 13 13 7 4 8 13 4 0 2 3 3 3 2 1 2 2 0 1 1 0 0 1 0 0 0 0 0 0 0 0 0 0 0 
0 0 27 69 84 78 77 150 257 339 321 533 835 1036 1111 1365 1695 2295 2615 3119 3330 3859 4244 4688 4970 5174 5489 5703 5903 5751 5841 5563 5268 5026 4865 4646 4177 3961 3503 3158 2904 2595 2314 1944 1788 1603 1427 1197 1032 891 741 691 544 423 392 357 296 259 227 165 150 154 127 95 75 80 54 44 42 26 31 26 13 21 16 16 8 10 6 5 10 3 3 6 2 4 1 0 2 2 1 1 1 0 1 0 0 0 0 0 0 0 0 0 0 0 
0 0 22 55 89 95 105 186 233 386 314 449 674 819 1032 1321 1571 1932 2350 2859 3198 3577 3936 4287 4771 5164 5371 5671 5724 5670 5914 5799 5529 5324 5053 4776 4458 3970 3654 3473 3020 2813 2485 2127 1962 1708 1454 1279 1138 967 835 691 635 505 448 399 306 261 245 218 171 125 122 99 83 62 50 54 44 26 33 21 13 17 10 12 4 10 3 4 3 1 3 1 4 1 1 1 0 0 0 1 0 2 0 0 0 0 0 0 0 0 0 0 0 
0 0 23 84 115 117 212 404 529 605 552 850 1281 1555 1846 2001 2439 2978 3475 3739 4109 4459 4904 5224 5382 5644 5762 5579 5606 5564 5320 5012 4931 4561 4267 3950 3450 3177 2832 2619 2380 1991 1783 1577 1371 1262 988 856 782 680 544 480 412 346 302 250 221 181 146 118 118 92 85 55 47 47 33 20 18 19 16 14 18 8 5 3 6 2 7 4 0 1 2 1 0 1 2 1 0 1 0 0 0 0 0 0 0 0 0 0 0 
