0 0 23 74 103 87 94 238 430 568 562 647 918 1321 1790 2055 2415 2782 3333 3947 4546 4839 5416 5904 6180 6617 6850 7036 7099 6975 6863 6653 6461 6054 5518 5199 4754 4380 3893 3538 3056 2702 2515 2231 1910 1691 1404 1298 1119 940 845 783 626 575 520 416 322 316 254 232 208 171 138 146 117 88 81 76 66 41 43 58 42 33 29 29 16 21 21 15 5 10 12 6 3 3 2 2 1 1 2 3 0 0 0 0 1 0 0 0 0 0 0 0 0 0 0 0 
0 0 47 121 183 194 209 299 486 599 726 910 1306 1722 2066 2406 2945 3556 4158 4571 4862 5505 6031 6467 6700 6892 6946 7088 7168 6779 6418 6246 5932 5648 5045 4614 4155 3754 3368 3098 2779 2397 2010 1919 1640 1369 1184 1023 917 814 731 612 542 490 381 344 308 276 224 207 162 143 134 94 109 90 84 61 41 44 54 42 32 28 36 23 21 16 17 11 7 10 9 3 3 6 6 5 7 1 4 2 3 3 0 4 0 2 0 0 0 0 1 1 0 0 0 0 1 0 1 0 0 0 0 0 0 0 0 0 0 0 
0 0 20 88 136 90 96 140 296 394 520 656 997 1148 1360 1669 2198 2721 3208 3563 3982 4584 5142 5688 5974 6506 6755 7153 7033 7165 7077 6859 6556 6206 6020 5565 4898 4586 4080 3725 3493 3005 2545 2308 2007 1688 1522 1373 1222 1013 876 714 646 564 492 451 350 325 270 261 205 189 142 116 97 82 104 77 55 44 54 44 38 36 17 22 25 14 13 12 7 7 8 7 5 5 4 1 3 3 3 0 0 1 0 1 0 0 1 1 0 0 0 1 0 0 0 0 0 0 0 0 0 0 0 
0 0 32 96 102 111 126 191 390 524 693 908 1102 1381 1701 2216 2702 3054 3666 4237 4758 5277 5606 6227 6533 6884 6985 7135 6965 6976 6905 6486 6141 5858 5241 4922 4586 4023 3583 3274 2957 2533 2307 1969 1875 1552 1434 1227 1099 902 811 703 597 520 410 395 335 313 230 194 168 156 151 125 93 94 73 69 55 40 40 33 28 20 22 19 16 6 13 8 6 7 5 1 6 5 1 2 2 2 2 1 0 1 2 0 0 0 1 1 0 1 1 0 1 1 0 0 0 1 0 0 0 0 0 0 0 0 0 0 0 
0 0 24 58 95 98 117 235 385 612 707 866 1100 1476 1731 2117 2557 3148 3608 3996 4542 5213 5550 5910 6512 6830 7002 7142 6965 7045 6753 6590 6342 5796 5422 4983 4686 4074 3922 3320 2986 2696 2396 2076 1841 1583 1383 1152 1073 891 784 673 648 490 429 395 345 271 251 210 177 171 135 107 101 91 72 64 64 43 47 41 30 30 16 18 19 23 18 14 8 8 9 10 9 8 5 10 3 5 4 8 6 1 4 3 2 2 2 2 0 5 0 0 0 1 1 1 0 1 0 0 0 0 1 1 0 0 0 0 0 0 0 0 0 0 0 
0 0 27 53 108 86 120 175 269 406 503 627 724 1024 1396 1706 1983 2345 3051 3691 4046 4494 5066 5667 6165 6363 6733 6932 7051 7278 7094 6801 6553 6344 5905 5446 5167 4544 4350 3793 3460 3041 2734 2378 2026 1804 1658 1452 1192 1013 966 779 683 588 507 461 375 325 261 237 228 154 139 145 139 111 103 78 78 58 46 61 55 31 22 28 22 16 17 17 6 9 8 9 5 4 7 2 1 3 2 2 1 0 0 0 3 3 0 0 2 1 2 1 0 2 1 0 1 0 1 1 1 0 0 1 0 0 1 0 0 1 1 0 0 0 0 0 2 0 0 1 0 0 0 0 0 0 0 0 0 0 
0 0 28 60 78 76 75 143 259 367 435 534 793 1035 1328 1572 1804 2258 2818 3262 3812 4273 4745 5199 5671 6184 6493 6897 7109 6995 7016 6942 6617 6474 6100 5868 5253 4825 4477 3968 3773 3271 2781 2557 2272 1993 1741 1509 1305 1122 1038 881 753 644 564 466 414 389 307 266 213 197 164 138 126 107 97 80 72 57 58 46 36 39 35 18 15 24 14 19 8 14 8 9 7 5 3 2 3 2 2 0 3 1 1 0 0 0 3 1 0 0 1 0 0 0 0 0 0 0 0 0 0 0 
0 0 28 82 103 134 207 368 592 634 695 934 1211 1608 2013 2411 2814 3290 3835 4334 4995 5499 5900 6179 6716 6900 7087 7210 6989 6832 6738 6229 6058 5752 5236 4730 4404 3918 3507 3188 2815 2481 2195 1913 1708 1420 1268 1130 944 842 721 600 557 463 390 359 268 253 211 199 179 135 117 103 79 93 66 71 66 55 46 31 36 35 19 12 21 15 12 13 10 9 6 4 8 4 6 6 3 3 2 1 0 2 2 0 1 1 1 0 0 1 1 0 0 0 0 0 0 0 0 0 0 0 
0 0 17 66 85 102 156 258 381 536 676 812 1156 1445 1832 2166 2501 3019 3407 4041 4490 5086 5580 6083 6366 6729 6971 7103 7037 7009 6809 6392 6261 5953 5572 5014 4628 4151 3818 3457 3014 2718 2367 2136 1766 1621 1404 1194 1091 941 778 719 574 523 440 368 334 275 233 207 197 169 138 121 124 87 68 63 73 51 40 26 35 35 25 14 16 8 10 11 15 3 10 3 5 3 3 4 3 2 1 3 1 1 1 1 0 0 1 0 1 0 0 0 0 1 0 0 0 0 0 0 0 0 0 1 0 
0 0 34 80 126 129 142 230 361 402 477 609 866 1247 1624 1791 2177 2674 3254 3770 4116 4722 5185 5744 6233 6417 6757 7061 6932 7027 6929 6869 6592 6164 5615 5289 4854 4446 4164 3692 3236 2920 2598 2277 2009 1763 1586 1311 1211 1076 847 778 670 539 516 434 345 326 253 241 213 197 170 120 115 96 89 80 72 59 57 37 35 33 20 18 22 16 9 16 15 4 9 6 9 6 9 4 3 0 1 2 5 1 0 0 3 0 0 0 0 0 1 0 0 0 0 1 0 0 0 0 0 0 0 0 0 0 0 
0 0 23 82 110 110 105 195 373 526 573 668 844 1159 1553 1922 2261 2834 3386 3948 4391 4800 5312 5915 6114 6433 6638 6917 6964 6879 6911 6508 6369 6144 5647 5150 4798 4429 3960 3562 3332 2933 2499 2150 1999 1795 1548 1344 1160 1015 904 770 685 509 470 441 381 319 240 247 218 197 148 141 126 113 100 69 60 67 50 49 42 29 38 23 22 19 23 13 8 17 8 7 5 5 3 7 6 6 4 8 1 0 3 0 1 1 1 1 1 0 1 0 0 0 0 0 0 0 0 0 0 0 
0 0 29 71 113 82 112 212 419 537 610 754 1008 1303 1715 2006 2471 2789 3334 3947 4513 4862 5424 5880 6348 6680 7082 6934 7060 7160 6901 6706 6361 5867 5551 5052 4772 4302 3843 3607 3133 2751 2435 2151 1890 1611 1434 1300 1124 930 824 716 621 546 476 384 359 277 229 241 187 184 142 130 105 80 103 82 69 50 38 35 33 17 21 22 13 15 8 8 10 8 2 4 6 1 3 2 3 0 3 3 1 1 1 0 0 0 0 0 0 0 0 0 0 0 
0 0 27 76 98 93 119 147 244 341 393 625 869 1067 1258 1535 1967 2390 2950 3397 4043 4582 4985 5481 5957 6372 6815 7025 7033 6919 7004 6834 6553 6301 6036 5415 5110 4709 4324 3971 3478 3090 2792 2442 2138 1845 1620 1464 1280 1107 925 786 676 621 502 429 402 331 303 247 213 189 159 133 118 97 82 58 75 46 46 40 36 27 23 25 24 21 24 17 14 6 11 9 8 4 7 6 5 7 3 1 2 2 0 1 2 2 0 0 1 0 0 0 0 1 0 0 0 0 0 0 0 0 0 0 0 
0 0 23 70 113 99 113 193 335 463 556 717 946 1246 1533 1906 2166 2722 3262 3615 4151 4753 5243 5716 6248 6647 6776 7078 6962 7183 6832 6719 6475 6061 5608 5321 4910 4436 4103 3665 3188 2842 2613 2307 1989 1733 1550 1300 1207 1068 880 772 669 600 535 425 384 286 268 247 199 194 136 139 113 91 83 74 69 48 43 32 33 31 33 26 23 21 15 19 14 5 10 4 6 7 4 3 3 4 0 0 0 2 0 0 0 1 0 2 1 0 0 0 0 0 0 0 0 0 0 0 
0 0 25 68 83 106 130 259 369 498 573 781 1020 1335 1697 2200 2575 2956 3307 3889 4378 4946 5517 5847 6268 6635 6850 6997 7150 6969 6753 6584 6326 5930 5486 5170 4783 4287 3858 3489 3087 2656 2383 2191 1891 1718 1423 1285 1147 964 856 749 629 592 486 417 380 333 282 231 212 187 146 136 108 96 71 78 68 46 34 47 32 35 27 19 13 20 9 8 9 5 3 5 5 5 4 3 1 3 3 1 0 1 3 0 1 1 0 0 0 0 0 0 0 1 0 0 0 0 1 0 0 0 0 0 0 0 0 0 0 0 
0 0 21 81 122 71 139 310 472 505 583 737 1058 1416 1652 2038 2376 2856 3453 3940 4414 4953 5545 6047 6359 6596 6737 6881 7111 7133 6786 6683 6209 5886 5487 5131 4720 4310 3989 3579 3118 2700 2475 2109 1874 1625 1404 1246 1066 919 850 659 568 492 476 366 336 299 243 214 174 177 134 116 95 89 62 54 53 49 38 35 21 33 16 23 15 13 16 11 9 14 10 7 4 3 4 7 3 3 2 2 2 1 1 0 1 1 0 0 0 1 0 0 0 0 0 0 0 0 0 0 0 
0 0 21 80 111 100 104 142 225 322 393 515 728 1053 1352 1706 2043 2331 2788 3491 3946 4585 4927 5528 5965 6437 6619 7016 6959 7152 7042 6760 6738 6356 5913 5535 5112 4678 4397 3851 3466 3009 2731 2500 2143 1891 1667 1448 1259 1156 946 794 727 685 549 444 400 378 331 265 217 169 182 154 142 87 91 76 77 66 56 45 33 27 19 19 26 14 5 6 11 10 6 10 4 7 2 4 1 2 2 1 2 1 0 3 0 1 0 2 2 2 2 0 0 0 0 0 0 0 0 0 0 0 
0 0 21 65 99 109 143 209 314 406 560 758 902 1124 1440 1834 2396 2695 3297 3695 4337 4642 5333 5905 6308 6718 6839 6996 7125 6947 6937 6706 6536 5954 5647 5322 4888 4515 3948 3488 3168 2780 2545 2259 1950 1685 1550 1324 1202 973 865 742 632 558 482 441 359 282 263 248 187 181 171 133 97 97 71 73 70 61 39 50 31 34 29 30 18 18 21 13 10 10 15 10 7 7 5 6 10 4 2 5 0 2 6 2 5 0 0 0 2 2 2 0 1 0 0 0 0 0 0 1 0 0 0 0 0 0 0 0 0 0 0 
0 0 28 86 102 113 112 180 403 618 836 869 999 1430 1897 2282 2655 3142 3669 4141 4608 5299 5794 6326 6505 6781 6800 7087 7130 6853 6873 6548 6190 5738 5326 4925 4567 4086 3672 3299 2909 2524 2178 2019 1672 1441 1375 1207 1026 867 788 667 576 526 409 419 326 247 243 195 202 158 122 108 111 90 83 57 53 48 36 31 21 16 30 25 9 12 7 8 8 3 6 3 7 1 0 3 1 1 0 1 0 1 0 1 1 0 0 0 1 1 0 1 0 1 0 0 0 0 0 0 1 0 0 0 0 0 1 0 0 0 0 0 0 0 0 0 0 0 
0 0 21 73 93 81 79 158 269 422 552 645 738 1011 1318 1578 1928 2295 2919 3188 3878 4446 4952 5468 5887 6226 6585 6803 6995 7066 7043 6798 6656 6343 6102 5492 5183 4667 4297 3998 3537 3169 2808 2367 2118 2022 1716 1405 1300 1086 970 872 739 648 518 471 402 384 327 272 223 181 190 159 123 117 114 87 76 68 40 41 53 34 32 23 19 19 17 13 8 4 14 12 6 3 6 4 4 2 4 6 4 1 0 2 2 0 1 1 1 0 0 0 2 0 1 0 0 0 0 0 0 0 0 0 0 0 
0 0 26 86 100 84 114 199 354 418 527 733 933 1291 1675 1916 2262 2698 3324 3788 4173 4857 5316 5723 6240 6420 6787 7010 7072 7051 6931 6826 6395 6104 5816 5272 4857 4452 4047 3630 3190 2916 2476 2241 1980 1724 1480 1274 1125 1041 832 749 632 579 517 391 367 301 246 237 206 189 164 111 112 98 91 63 63 54 32 46 31 23 21 27 19 19 12 11 10 13 12 3 6 5 5 7 5 4 4 4 1 3 2 5 1 2 0 2 2 0 2 0 0 1 0 2 0 0 0 0 0 0 0 0 0 0 0 
0 0 29 83 112 90 95 137 246 329 368 551 828 1136 1502 1727 2159 2446 3016 3499 4124 4687 5123 5623 5975 6373 6750 7082 6891 7111 6840 6931 6533 6210 5903 5460 5021 4635 4242 3884 3404 3019 2646 2312 2050 1812 1560 1331 1195 1089 934 837 675 608 541 461 370 297 279 278 213 187 141 137 116 107 95 79 58 49 47 51 44 28 27 17 20 18 11 15 12 8 9 5 9 1 3 2 1 2 1 3 0 1 1 1 0 0 0 0 0 0 0 0 0 1 0 
0 0 36 75 104 137 205 354 454 641 673 788 1077 1454 1902 2231 2561 2969 3339 3985 4575 5079 5457 5992 6294 6694 6845 6948 7032 6950 6732 6566 6421 5873 5506 5043 4581 4270 3862 3420 3009 2611 2399 2076 1843 1619 1352 1231 1126 926 742 712 588 527 443 378 397 302 285 227 160 179 141 105 116 85 95 67 52 62 36 41 35 35 28 17 16 9 15 8 12 9 6 2 10 8 3 3 5 4 1 1 5 2 0 0 1 0 1 0 0 0 0 0 0 0 0 0 0 0 
0 0 24 73 103 95 76 144 238 381 479 502 613 854 1183 1544 1821 2308 2796 3322 3809 4230 4849 5318 5866 6272 6627 6707 7052 7083 6981 7051 6778 6315 6066 5580 5303 4929 4458 3909 3601 3260 2747 2576 2232 1912 1724 1501 1259 1130 984 885 755 672 548 532 417 377 321 268 224 237 180 162 127 138 104 98 65 74 51 56 51 46 35 30 28 25 26 13 12 11 9 10 7 1 3 2 5 3 3 3 3 2 1 1 0 1 2 0 0 0 0 0 0 0 0 0 0 0 
0 0 28 69 91 95 105 181 355 514 544 643 962 1156 1584 1784 2299 2635 3238 3602 4082 4566 5202 5525 6044 6472 7056 6866 6958 6997 6975 6850 6549 6145 5866 5354 5007 4558 4101 3751 3230 2991 2558 2269 1942 1786 1543 1360 1130 1037 858 792 655 547 512 439 337 336 272 249 239 201 164 133 102 101 101 68 70 70 53 34 28 23 29 24 18 23 20 5 11 8 9 7 7 4 3 3 3 4 3 1 0 0 0 1 2 1 0 0 0 0 2 0 0 0 0 0 0 0 0 0 0 0 
0 0 30 77 91 108 101 161 254 328 395 555 828 1120 1420 1751 2118 2587 3043 3693 4041 4533 5067 5626 6044 6397 6788 6913 6975 7032 6898 6929 6570 6325 5884 5464 5047 4732 4296 3804 3319 3032 2775 2435 2045 1849 1602 1417 1272 1065 935 823 672 672 532 449 378 342 293 245 227 182 168 119 136 100 91 60 57 36 36 39 29 37 36 31 21 19 19 15 13 16 7 7 7 5 8 7 1 3 1 2 2 1 2 1 1 1 0 0 1 0 0 0 2 0 0 1 0 0 0 0 0 0 0 0 0 0 0 
0 0 23 61 113 104 79 214 306 472 508 568 758 1087 1429 1736 2107 2459 2946 3483 3952 4440 4973 5474 6020 6229 6577 6859 7072 7012 6932 6771 6572 6167 6053 5518 5141 4645 4232 3856 3433 3066 2747 2444 2161 1907 1710 1470 1295 1078 978 820 726 624 553 488 425 384 319 277 241 200 186 141 132 116 90 88 77 61 57 49 40 28 27 28 24 20 15 10 8 8 8 4 6 2 0 2 1 2 1 1 0 0 1 0 0 1 0 0 0 0 0 0 0 0 0 0 0 
0 0 16 58 97 91 71 162 326 596 572 612 848 1309 1720 1968 2234 2615 3252 3823 4303 4691 5075 5691 6166 6514 6773 6843 6936 7023 6945 6834 6480 6103 5594 5288 4820 4462 4137 3729 3308 2847 2553 2240 2036 1761 1550 1403 1188 1032 890 783 682 526 472 471 392 318 274 243 192 178 164 148 116 92 71 88 58 70 43 36 31 30 32 20 20 10 5 6 17 5 6 3 0 6 1 1 1 1 1 0 0 0 1 0 0 0 0 0 0 0 1 0 0 0 0 0 1 0 0 0 0 1 1 1 0 0 0 0 0 1 0 0 0 0 0 0 0 0 0 0 0 
0 0 19 69 97 68 96 173 278 305 445 594 764 995 1215 1465 1938 2557 2904 3328 3749 4214 4887 5345 5815 6296 6509 6683 6968 7165 7047 6992 6641 6355 6073 5694 5341 4834 4353 3963 3577 3160 2816 2479 2292 1989 1670 1501 1260 1158 1002 844 730 636 532 468 387 348 295 262 244 210 147 141 145 96 99 76 59 69 50 48 41 40 30 28 26 16 18 14 17 8 11 8 6 2 6 1 2 3 0 1 1 0 1 1 0 0 1 0 0 0 0 1 0 0 0 0 0 1 1 0 0 1 0 1 0 0 0 1 0 0 0 1 1 0 1 0 1 0 0 0 0 0 0 0 0 0 0 0 
0 0 26 64 126 112 142 256 434 555 598 641 1012 1327 1654 1854 2183 2654 3089 3731 4414 4854 5381 5800 6192 6457 7035 6999 6892 6949 6906 6636 6389 6121 5656 5224 4890 4314 4008 3585 3224 2962 2513 2291 1984 1700 1580 1322 1132 1065 854 740 661 568 476 454 342 341 275 219 190 186 162 129 124 94 85 81 63 42 45 42 34 35 20 18 17 16 13 11 12 6 9 11 8 3 2 6 4 2 1 2 1 0 0 1 0 0 1 0 0 0 0 0 0 0 0 0 0 0 
0 0 22 77 101 74 119 237 429 566 659 812 1108 1541 1815 2075 2553 3199 3669 4133 4638 5053 5753 6103 6512 6751 6876 7168 7092 6966 6605 6300 6079 5918 5565 4946 4538 4071 3697 3321 2915 2643 2376 1986 1805 1591 1327 1118 1053 913 759 710 562 494 425 411 362 320 222 219 183 159 144 108 108 96 75 54 43 41 36 42 32 22 23 20 16 20 16 11 7 8 8 2 7 6 3 3 1 4 3 3 2 2 2 1 0 2 0 0 1 0 1 1 0 0 0 0 0 0 0 0 0 0 0 
0 0 32 63 108 91 120 181 278 428 516 577 728 1028 1383 1752 2066 2465 2963 3628 4010 4663 5097 5701 6050 6480 6643 6858 7049 7172 7064 6673 6685 6141 5893 5470 5009 4534 4172 3799 3418 3033 2579 2336 2130 1832 1562 1437 1192 1068 915 827 649 581 493 468 391 362 301 252 213 176 199 150 121 121 110 77 72 65 60 50 38 35 30 28 22 20 14 12 14 6 11 4 10 3 7 5 5 2 6 3 2 4 2 2 0 2 1 0 1 0 0 0 0 2 0 0 0 0 0 0 0 0 0 0 0 
0 0 20 74 105 95 140 286 434 496 604 877 1224 1553 1784 2193 2549 3147 3532 4191 4859 5090 5695 6164 6406 6831 6921 7020 7036 6978 6540 6593 6221 5918 5378 4901 4494 4031 3683 3340 3089 2552 2413 2005 1787 1648 1388 1214 1090 986 812 686 600 530 458 416 356 314 257 219 180 143 137 142 118 109 69 80 62 67 59 50 28 23 23 15 24 7 8 15 9 6 6 6 12 2 8 1 3 0 2 3 6 5 1 0 1 3 1 1 0 0 0 0 0 0 0 0 0 0 0 
0 0 22 77 91 71 98 183 382 458 514 585 778 1177 1518 1861 2226 2572 3091 3760 4427 5017 5262 5762 6242 6693 6718 7047 6974 7239 6970 6628 6386 6069 5725 5316 4777 4318 3972 3611 3200 2864 2565 2196 2003 1770 1489 1325 1132 1011 867 782 659 541 502 448 349 317 274 260 215 184 144 154 123 115 87 62 70 67 55 47 41 31 27 26 23 27 16 12 12 11 5 5 5 7 3 1 0 5 2 1 0 0 0 1 0 0 0 0 0 0 0 0 0 0 0 
0 0 35 70 99 110 93 220 376 581 675 910 1064 1372 1710 2194 2629 3013 3496 4044 4471 4993 5661 6008 6337 6729 6887 7105 7055 6857 6741 6605 6272 5869 5465 4950 4753 4209 3916 3389 2938 2721 2432 2159 1856 1554 1353 1290 1036 911 788 704 644 533 434 383 362 300 247 223 202 150 136 132 94 92 90 67 74 41 44 37 36 23 32 19 10 27 12 6 13 8 6 9 3 5 6 6 3 2 4 4 1 2 1 1 1 1 0 1 0 1 0 0 0 0 0 0 0 0 0 0 0 
0 0 32 84 107 119 104 161 282 349 431 534 696 900 1298 1631 2012 2386 2838 3301 3892 4457 5056 5330 5740 6275 6632 6910 6976 7089 6904 7012 6627 6331 5887 5500 5155 4930 4237 3774 3343 3140 2757 2456 2202 1846 1690 1465 1308 1099 1034 883 714 609 554 532 407 362 322 271 250 212 161 128 158 122 105 89 87 61 53 44 49 37 36 32 29 13 13 14 22 16 12 7 13 1 4 5 5 6 1 4 5 0 2 0 0 0 2 0 0 0 1 0 1 0 0 0 0 0 0 0 0 0 0 0 
0 0 25 67 95 91 124 310 543 620 646 764 1068 1503 1822 2183 2499 2934 3563 4155 4726 5148 5617 6035 6349 6662 6861 7010 7115 6926 6691 6486 6203 5936 5352 5086 4607 4187 3889 3294 2949 2664 2260 2147 1731 1541 1332 1219 1035 903 758 681 609 505 433 371 363 296 267 218 194 154 145 129 109 93 84 73 59 55 36 38 28 39 26 18 18 23 15 12 11 5 5 8 4 3 10 4 4 1 1 2 1 0 0 3 1 0 0 0 2 0 0 0 1 0 0 0 0 1 0 0 0 0 1 0 1 0 0 0 0 1 2 1 0 0 0 1 0 0 0 1 0 0 0 0 0 0 0 0 0 0 
0 0 33 61 100 102 142 211 396 556 674 887 1113 1407 1755 2221 2623 3014 3602 4166 4831 5124 5472 6048 6464 6753 6903 7074 7099 6900 6942 6498 6305 5851 5503 5145 4644 4084 3838 3352 2992 2646 2423 2045 1849 1528 1474 1240 1064 926 839 695 578 533 441 386 346 310 235 189 192 143 131 132 103 87 86 79 55 49 59 36 29 36 28 34 27 23 7 16 10 7 5 5 6 2 3 4 3 0 2 4 2 1 1 2 0 1 1 0 1 0 0 0 2 0 0 0 0 1 0 0 0 0 0 0 1 0 0 0 0 0 0 0 0 0 0 0 
0 0 25 58 107 89 71 100 252 407 485 582 840 1172 1482 1722 2116 2682 3192 3721 4226 4688 5127 5680 6064 6430 6926 7042 6937 6876 6914 6815 6525 5983 5710 5333 5067 4421 4148 3631 3375 2964 2634 2350 2050 1788 1575 1345 1193 1109 881 735 701 618 501 397 381 351 281 274 215 198 185 159 131 105 94 81 61 62 46 44 40 32 31 24 27 20 17 16 19 8 2 6 5 6 5 6 3 4 2 1 4 1 0 1 1 0 1 0 0 0 0 0 0 0 0 0 0 0 
0 0 23 84 122 105 118 173 332 507 676 842 972 1352 1644 2150 2611 3019 3500 3913 4587 5118 5658 6098 6362 6719 6933 6955 7086 6913 6754 6506 6277 5814 5356 5074 4515 4234 3797 3335 3120 2683 2379 2173 1831 1674 1447 1228 1062 947 860 739 581 519 486 392 339 292 274 231 180 164 144 153 112 124 84 71 65 57 48 47 37 36 34 16 11 13 17 11 11 7 10 13 9 2 0 6 7 4 0 5 5 0 2 0 1 2 0 1 1 1 1 0 0 0 0 0 0 0 0 0 0 0 
0 0 36 88 122 115 165 245 467 675 763 941 1147 1543 1906 2276 2647 3205 3583 4227 4778 5233 5886 6293 6673 6841 6967 7063 7300 7013 6856 6402 6132 5859 5276 4948 4492 3970 3643 3276 2892 2478 2210 1947 1779 1515 1331 1117 984 887 723 658 584 482 428 372 352 253 252 201 180 160 133 128 99 80 84 61 59 49 43 33 30 21 23 24 13 13 10 6 11 4 7 5 6 6 3 8 1 4 0 4 1 1 0 1 0 1 0 0 0 0 1 0 0 0 0 0 0 0 0 0 0 0 
0 0 22 58 79 101 94 129 265 370 502 566 835 1062 1521 1819 2162 2535 3163 3670 4329 4871 5255 5753 6292 6509 6929 7186 7254 7060 6949 6663 6492 6244 5764 5300 5034 4460 4138 3728 3267 2893 2548 2241 1977 1746 1563 1245 1154 998 882 753 695 572 468 452 389 324 294 239 199 173 149 134 116 93 83 72 65 53 38 38 37 30 21 20 20 17 18 21 21 5 8 11 8 7 4 7 4 2 2 1 4 0 1 0 1 1 0 1 1 0 0 1 0 0 0 1 0 0 0 0 0 0 0 0 0 0 0 
0 0 27 70 121 110 107 152 241 380 494 745 997 1242 1504 1860 2362 2926 3247 3828 4420 4959 5362 5888 6404 6533 6977 7047 7077 7079 7024 6643 6296 6028 5444 5178 4765 4415 3922 3581 3176 2814 2442 2138 1939 1713 1518 1318 1137 1025 846 750 668 576 492 480 395 316 302 250 198 185 178 135 118 88 81 73 60 49 52 34 43 36 31 15 17 21 21 9 10 8 14 11 6 2 4 6 3 2 5 5 0 1 0 2 3 0 0 0 0 0 2 0 0 0 0 1 0 0 0 0 0 0 0 0 0 0 0 
0 0 21 62 90 93 88 144 321 513 612 598 768 1113 1434 1740 2130 2451 2866 3463 4007 4568 5112 5455 5872 6235 6685 6822 7099 6933 6985 6707 6341 6297 5843 5382 4986 4726 4314 3632 3381 3108 2671 2514 2161 1888 1722 1451 1260 1054 961 853 799 710 544 454 429 408 320 234 254 223 193 146 129 120 90 84 58 61 45 49 44 36 30 24 17 20 15 19 10 15 10 5 3 8 8 5 3 1 3 7 3 1 2 2 1 2 2 3 3 0 3 2 2 0 0 1 0 1 0 0 0 0 0 0 0 0 0 0 0 
0 0 25 68 100 85 109 259 386 489 612 872 1065 1351 1813 2208 2671 3049 3437 4032 4575 5205 5444 6073 6381 6658 6884 7024 7082 6923 7003 6371 6173 5819 5555 5064 4436 4162 3737 3464 2949 2659 2348 2097 1885 1609 1408 1282 1076 927 807 662 611 520 454 407 344 305 272 244 170 163 125 146 106 106 71 74 55 56 33 31 41 30 18 20 10 16 12 11 12 12 3 7 1 5 5 2 3 0 1 1 1 1 0 1 0 0 0 0 0 0 0 0 1 0 0 
0 0 40 70 114 116 145 267 410 561 692 883 1170 1477 1803 2277 2758 3178 3594 4221 4744 5297 5758 5989 6542 6792 6848 7022 7033 6818 6736 6421 6124 5832 5342 4917 4568 4127 3653 3355 2845 2561 2228 2046 1696 1563 1364 1156 1050 822 767 699 622 463 449 369 366 286 239 207 205 161 136 128 106 66 76 64 59 42 49 43 29 14 21 20 15 13 8 7 7 6 11 7 5 1 2 5 7 1 2 0 0 2 1 0 0 0 1 0 0 0 0 0 0 0 0 0 0 0 
0 0 16 62 103 108 114 269 419 543 644 760 1017 1441 1742 2007 2318 3000 3474 4026 4489 4873 5289 5833 6206 6720 6809 6983 7093 6908 6969 6574 6329 5978 5525 5231 4794 4283 3833 3501 3183 2757 2393 2136 1963 1590 1515 1318 1097 989 835 699 659 549 463 366 362 314 249 238 159 149 130 143 104 107 55 82 53 53 40 30 19 21 25 16 19 15 6 7 8 6 6 7 6 5 1 4 4 2 1 0 0 1 1 1 1 0 0 0 2 0 0 0 1 0 0 0 0 0 0 0 0 0 0 0 
0 0 34 92 109 114 144 173 274 411 535 712 851 1003 1343 1725 2161 2533 2872 3473 3874 4638 5145 5590 6031 6332 6776 6994 6902 7005 6999 6893 6523 6117 5917 5664 4945 4595 4256 3727 3357 3008 2613 2297 2032 1875 1617 1432 1189 1044 964 804 693 642 544 456 386 320 299 264 223 178 189 148 101 101 94 75 57 44 47 39 29 28 27 30 8 14 12 13 9 8 3 9 7 1 1 2 4 2 1 1 3 0 2 1 0 0 0 0 0 0 0 0 0 0 0 
0 0 22 82 107 104 111 140 214 314 385 436 637 880 1095 1323 1758 2147 2706 3053 3519 4007 4567 5157 5598 5973 6424 6783 6975 7005 7146 6897 6736 6596 6386 5780 5359 5086 4530 4248 3671 3393 3011 2627 2340 1970 1820 1621 1378 1223 1109 907 797 692 592 542 468 363 363 326 269 222 205 159 166 132 113 88 85 75 51 54 45 40 32 22 24 12 20 20 12 12 9 4 5 8 3 3 3 2 2 5 4 0 1 0 0 1 0 0 0 1 0 0 0 1 0 0 0 0 0 0 0 0 0 0 0 
0 0 23 64 99 99 137 273 454 507 569 757 1180 1602 1811 2071 2509 2934 3663 4062 4639 5206 5753 6024 6510 6863 7079 6978 7235 7094 6935 6342 6267 5777 5617 4908 4531 4115 3892 3453 3020 2619 2403 2013 1830 1592 1389 1240 1060 884 800 675 598 542 458 389 316 302 227 199 188 151 143 117 100 94 73 52 54 42 43 30 19 32 29 37 17 13 10 20 7 9 5 2 8 6 1 4 2 1 5 0 3 2 2 1 1 1 1 4 3 0 1 0 0 0 1 1 0 0 1 0 0 0 0 0 0 0 0 0 0 0 
0 0 25 78 102 99 161 289 374 518 680 963 1136 1473 1822 2242 2664 3095 3565 4068 4505 5059 5566 6131 6412 6696 6909 7087 7034 6970 6666 6541 6090 5839 5486 4889 4556 4151 3688 3340 3011 2609 2332 2032 1837 1605 1339 1175 1045 905 787 681 560 508 425 428 343 257 246 207 201 165 143 123 110 78 76 59 58 45 36 44 34 34 25 19 18 11 14 18 11 6 8 10 8 3 5 5 2 5 1 3 2 2 2 0 0 2 1 0 0 0 0 3 0 1 0 0 0 0 0 0 0 0 1 0 0 
0 0 27 80 95 115 185 347 482 536 680 864 1268 1551 1795 2182 2674 3127 3648 4147 4764 5302 5752 6099 6521 6822 6910 7093 6987 6959 6717 6413 6164 5912 5370 4841 4503 4089 3769 3195 2987 2659 2267 2054 1669 1500 1341 1187 1002 880 719 700 540 506 416 401 342 283 256 243 192 163 146 109 116 92 92 59 51 57 38 43 40 30 28 25 16 15 17 19 12 7 13 8 5 3 3 4 3 3 1 1 2 1 0 1 1 0 0 0 0 0 0 1 0 0 0 0 0 0 0 0 0 0 0 
0 0 19 60 90 79 80 106 212 292 353 517 722 918 1162 1415 1772 2147 2586 3093 3711 4101 4667 5064 5588 6101 6470 6707 7084 7034 7115 7002 6738 6438 6036 5812 5323 4971 4516 4041 3715 3239 2900 2651 2309 2069 1755 1536 1309 1189 1094 919 773 664 583 526 447 373 331 292 256 198 193 164 127 111 126 73 76 71 47 56 40 38 32 19 18 20 14 20 12 7 10 7 7 10 12 5 3 5 8 2 1 5 2 1 2 1 0 3 2 1 1 0 1 0 1 0 0 1 0 2 0 0 0 0 1 0 0 0 0 0 0 0 0 0 0 0 
0 0 37 78 124 96 129 165 274 445 610 690 875 1192 1541 1883 2235 2721 3269 3842 4243 4809 5340 5906 6222 6649 6730 7081 6952 7104 6764 6534 6420 5811 5681 5269 4834 4442 3900 3646 3204 2871 2608 2298 1987 1711 1503 1286 1143 954 882 734 648 529 488 434 367 348 284 206 222 166 168 121 98 112 68 70 57 63 48 38 42 35 29 21 26 19 12 10 10 6 9 8 7 6 6 8 5 4 6 0 0 1 3 3 1 0 4 1 1 1 2 2 1 1 1 1 1 2 2 2 0 2 1 0 0 0 0 0 1 0 0 0 0 1 0 0 0 0 0 0 0 0 0 0 0 
0 0 27 68 89 72 114 212 318 393 387 501 751 1061 1391 1750 1995 2335 2928 3421 3985 4473 4999 5423 5940 6296 6659 7030 7076 7092 7027 6707 6654 6381 5911 5628 5141 4703 4214 3715 3493 3099 2672 2415 2146 1954 1694 1413 1237 1133 990 875 745 618 534 460 423 339 290 253 230 197 148 134 141 101 87 72 75 77 44 50 41 35 28 32 20 12 20 11 15 8 10 3 5 8 8 7 7 4 3 4 1 4 0 1 0 4 1 2 0 2 0 0 1 0 0 0 0 1 0 0 0 0 0 0 1 0 0 0 1 1 0 0 0 0 0 0 0 0 0 0 0 
0 0 36 80 100 103 181 329 491 607 764 895 1197 1582 1915 2294 2723 3200 3656 4278 4832 5231 5856 6149 6641 6868 6999 7050 6957 6937 6812 6491 6152 5752 5419 4939 4482 4083 3519 3195 2890 2546 2127 1956 1683 1458 1304 1121 1014 888 754 653 584 529 457 356 284 274 254 224 184 171 136 108 88 77 90 68 54 51 35 30 28 39 24 15 18 17 17 19 12 14 8 7 8 7 4 1 9 3 3 2 0 2 1 1 2 1 1 0 0 0 1 0 0 0 0 1 0 0 0 0 0 0 0 0 0 0 0 
0 0 14 53 99 105 88 165 242 339 349 471 661 920 1199 1563 1866 2348 2699 3175 3789 4328 4888 5528 5872 6157 6661 6866 7089 6975 7020 6914 6771 6370 5944 5611 5146 4764 4385 4100 3558 3229 2832 2495 2305 1976 1726 1535 1333 1151 1029 852 784 647 536 473 421 352 329 282 214 198 182 158 125 105 107 103 62 61 73 55 47 48 19 42 28 16 32 18 10 12 7 10 14 6 3 6 7 3 3 1 3 1 0 2 0 0 0 1 1 0 0 0 1 0 0 0 1 0 0 0 0 0 1 0 0 0 0 0 0 0 0 0 0 0 
0 0 24 76 96 102 159 295 457 647 751 931 1231 1627 1965 2342 2748 3089 3715 4397 4958 5396 5952 6314 6458 6848 6958 6806 6968 6897 6631 6365 6022 5736 5181 4799 4331 3924 3449 3138 2844 2547 2076 1866 1688 1495 1294 1173 1016 839 770 653 541 506 438 360 322 298 267 196 174 141 124 111 101 83 78 70 59 46 33 36 29 36 25 18 19 15 15 12 13 17 7 6 9 4 5 4 7 1 0 0 3 7 1 3 0 0 1 4 2 0 2 0 1 0 1 0 2 0 0 0 0 0 0 0 0 0 0 0 
0 0 20 73 92 86 105 142 222 317 376 504 749 1072 1428 1729 1932 2243 2747 3270 3769 4296 4851 5342 5624 6224 6502 6792 7115 6889 7014 6871 6622 6493 6023 5531 5258 4851 4388 4040 3507 3265 2874 2517 2239 2014 1698 1402 1333 1101 947 863 754 647 601 467 415 369 315 274 251 208 173 146 132 120 101 96 72 56 46 49 36 40 20 32 30 22 16 17 15 14 12 13 8 10 6 3 2 3 5 2 3 3 2 5 2 1 0 1 2 0 1 0 0 2 0 0 0 0 0 0 0 0 0 0 0 
0 0 28 97 120 115 204 335 447 587 715 917 1261 1546 1897 2356 2909 3333 3848 4109 4794 5312 5814 6119 6514 6927 7163 7107 7048 6812 6664 6464 5968 5571 5253 4819 4319 3863 3645 3181 2795 2514 2190 1967 1689 1567 1265 1137 1015 817 768 662 517 480 395 357 313 273 223 207 160 131 133 119 86 54 67 57 39 38 31 27 27 17 19 15 14 19 13 12 7 9 6 10 5 4 3 3 3 1 4 4 3 0 1 1 0 0 1 0 0 0 0 1 0 0 0 0 0 0 0 0 0 0 0 
0 0 23 79 99 98 136 188 305 374 533 684 864 1118 1403 1822 2249 2589 2958 3582 4033 4592 5268 5558 5949 6488 6689 6938 7060 7009 6819 6729 6450 6259 5775 5296 4969 4564 4240 3663 3456 3073 2661 2320 2119 1780 1646 1397 1258 1061 924 804 719 595 529 451 371 339 309 258 220 198 138 141 127 100 102 70 79 46 45 42 39 24 31 17 21 15 13 10 10 9 6 5 4 9 2 4 9 3 2 3 3 3 1 4 3 1 1 0 1 0 1 0 0 0 0 0 0 0 0 0 0 0 
0 0 24 70 112 94 101 175 323 455 523 677 943 1265 1635 2008 2279 2776 3353 3933 4375 4963 5369 5795 6322 6640 6873 7027 7017 7059 6796 6768 6511 5985 5741 5184 4932 4446 4013 3471 3167 2806 2561 2205 1997 1698 1471 1245 1153 1015 848 712 658 564 466 412 392 302 263 221 195 180 153 110 114 83 78 64 60 54 38 41 33 32 21 29 26 22 22 9 11 13 7 9 5 9 4 3 10 2 0 1 4 2 0 1 1 1 0 0 0 0 0 0 0 0 0 0 0 
0 0 17 68 96 93 145 304 464 573 717 878 1144 1434 1895 2192 2763 3097 3685 4423 4677 5156 5723 6160 6387 6738 7074 7104 7057 6878 6667 6582 6169 5838 5283 4938 4627 4090 3686 3271 2998 2716 2341 2088 1816 1605 1354 1198 1026 916 858 674 624 489 425 419 313 296 228 209 211 173 141 140 93 95 87 65 67 55 39 40 37 32 19 18 22 18 14 13 10 12 7 3 4 4 9 1 3 0 3 3 1 2 1 0 1 1 0 1 0 0 0 0 0 0 0 0 0 0 0 
0 0 17 60 89 100 130 182 348 527 777 961 1158 1455 1713 2233 2601 3153 3471 3864 4327 4948 5601 6070 6371 6583 6811 7071 7232 6996 6601 6566 6222 5860 5507 4987 4543 4239 3801 3361 3081 2537 2345 2145 1943 1548 1478 1239 1064 995 778 748 630 508 467 396 365 315 266 226 173 148 140 111 103 97 75 49 47 50 40 35 31 23 27 26 11 19 7 14 9 6 12 6 6 4 8 6 0 3 9 0 4 3 0 2 2 1 1 0 0 1 2 0 1 0 0 2 2 0 0 1 2 1 0 0 0 1 0 0 0 1 0 0 0 0 0 0 0 0 0 0 0 
0 0 25 72 100 138 194 318 391 584 695 865 1058 1438 1825 2238 2528 2991 3547 4112 4584 5125 5678 5948 6274 6644 6953 6983 7200 6955 6733 6424 6104 5838 5502 4883 4622 4291 3863 3305 3017 2671 2385 2155 1803 1653 1367 1226 1059 965 747 670 612 508 457 355 332 323 244 210 190 157 132 105 105 78 82 70 45 37 38 43 21 28 24 13 16 20 9 14 11 12 7 8 3 5 2 3 4 1 3 3 0 0 1 0 1 0 0 1 1 0 0 0 0 0 0 0 0 0 0 0 
0 0 32 81 101 118 151 241 388 590 804 839 1051 1448 1795 2131 2563 3063 3482 4115 4624 5088 5482 5948 6561 6779 6975 6725 6886 6881 6848 6298 6047 5922 5441 5056 4565 4265 3744 3392 3047 2645 2384 2088 1939 1616 1439 1240 1082 990 801 703 628 547 468 416 374 288 261 212 191 159 139 111 108 88 81 79 47 48 45 37 46 29 21 21 12 13 12 11 9 4 6 2 9 4 2 3 5 5 0 3 1 2 2 2 1 0 0 1 0 1 0 1 1 0 0 1 0 0 0 1 0 0 0 1 0 0 0 0 1 0 1 0 0 0 1 0 0 0 1 0 0 0 0 0 0 0 0 0 0 0 
0 0 28 85 102 87 142 263 385 466 591 689 914 1199 1557 1928 2357 2879 3378 3899 4416 5079 5573 5941 6423 6741 7031 7071 7020 7033 6873 6446 6417 5938 5570 5118 4615 4317 3883 3557 3148 2755 2424 2117 1916 1708 1561 1274 1096 1041 835 804 640 520 478 398 326 288 232 228 198 162 161 120 114 103 75 76 48 49 49 43 38 27 20 22 16 17 15 6 14 5 9 5 5 2 6 4 8 6 3 2 0 1 3 1 1 1 1 0 2 0 1 0 0 0 3 0 1 0 1 0 1 1 0 0 0 1 1 0 0 0 0 0 0 0 0 0 0 0 
0 0 27 86 112 128 119 237 462 656 813 901 1062 1455 1889 2270 2779 3145 3552 4272 4738 5185 5705 6139 6512 6814 7013 7057 7028 7003 6672 6364 6056 5719 5390 4858 4487 4057 3562 3246 2879 2519 2258 1985 1745 1531 1364 1141 1009 850 746 716 588 560 445 367 344 285 232 227 185 172 136 126 98 97 90 83 56 51 42 39 24 34 29 12 18 15 17 12 13 10 9 7 6 7 4 5 2 3 4 3 2 3 0 0 1 0 0 0 0 0 0 0 0 0 0 0 
0 0 25 65 100 89 110 186 282 382 482 626 876 1190 1476 1755 2172 2627 3045 3540 4257 4578 5137 5589 6018 6472 6793 6764 6991 7000 7018 6808 6400 6138 5801 5292 5040 4585 4171 3764 3325 2907 2633 2360 2006 1804 1557 1380 1170 1131 952 769 715 637 498 432 408 337 304 246 230 190 155 144 120 118 91 72 86 67 58 41 38 33 27 26 26 11 15 8 11 9 9 8 3 4 4 2 0 0 0 1 0 0 0 0 0 0 0 0 0 0 0 
0 0 17 72 92 103 197 316 446 641 789 952 1153 1557 2018 2274 2756 3138 3724 4214 4671 5128 5627 6402 6535 6815 6909 6968 7076 6871 6814 6320 6134 5774 5290 4885 4552 4026 3612 3256 2981 2654 2348 1960 1775 1488 1415 1179 1016 911 754 675 548 535 421 353 339 273 228 218 176 158 121 108 110 82 65 47 54 43 41 32 23 16 19 21 17 14 10 10 13 11 3 8 8 5 3 6 1 3 1 2 4 0 0 0 1 1 0 1 0 0 0 0 0 1 0 0 0 0 0 0 0 0 1 0 0 
0 0 24 73 108 108 102 174 290 435 487 531 701 1009 1486 1839 1916 2296 2956 3651 4153 4479 5067 5608 6090 6558 6834 6916 7193 7162 7025 6971 6566 6201 5817 5651 5221 4610 4094 3679 3496 3035 2668 2461 2118 1805 1587 1387 1213 1049 922 785 663 586 528 419 377 343 303 254 223 192 145 145 122 103 75 70 59 45 56 33 20 34 27 26 21 12 14 12 2 10 6 10 7 6 4 3 1 4 4 1 1 0 1 0 1 0 0 0 1 1 0 1 0 1 0 1 1 0 0 0 0 0 0 0 0 0 0 0 
0 0 33 87 106 102 129 271 369 462 553 786 1046 1359 1743 1987 2436 2734 3390 3902 4497 4933 5549 5965 6309 6713 6668 6939 7019 6867 6893 6612 6244 5899 5518 5166 4944 4264 3969 3543 3123 2853 2496 2270 1961 1654 1504 1289 1099 960 885 753 630 532 493 393 396 289 289 245 200 173 136 121 108 97 76 64 44 43 53 37 43 33 30 22 20 15 12 12 6 19 8 3 6 3 5 6 1 3 3 3 1 2 0 1 2 0 1 0 0 0 0 0 0 0 0 0 0 0 
0 0 21 72 107 102 95 192 294 394 487 682 855 1189 1502 1848 2307 2702 3218 3780 4250 4819 5197 5914 6132 6644 6841 7093 7019 6931 6932 6570 6404 6101 5645 5269 4726 4406 3964 3578 3246 2897 2512 2303 1958 1697 1552 1243 1139 993 894 761 644 551 479 440 375 308 268 301 209 157 167 120 119 106 91 74 64 42 37 45 41 36 29 19 34 21 8 15 13 16 7 8 7 10 7 5 3 4 8 1 2 7 6 2 3 0 3 1 0 1 1 1 2 0 1 0 1 1 1 2 0 0 0 0 1 1 0 0 1 0 0 0 0 0 0 0 0 0 0 0 
0 0 23 82 99 103 99 143 219 338 390 530 694 907 1236 1615 1986 2341 2667 3182 3719 4365 4851 5205 5797 6075 6646 6889 6985 6890 6998 6828 6657 6524 6050 5710 5236 4962 4548 4131 3665 3208 2910 2621 2330 2058 1693 1571 1336 1131 1076 928 725 707 588 522 431 357 326 274 246 206 190 157 121 126 97 74 78 60 50 47 28 50 30 26 35 22 12 18 14 9 5 6 5 7 2 5 2 2 0 2 1 3 1 1 1 0 2 0 0 0 0 1 0 0 0 0 0 0 0 0 0 0 0 
0 0 21 79 101 106 95 138 253 379 467 590 812 1057 1398 1779 2011 2348 2780 3326 3857 4363 5021 5376 5678 6275 6522 6721 6962 6987 6893 6895 6557 6318 5964 5621 5245 4840 4434 3888 3584 3134 2884 2552 2175 1892 1695 1489 1314 1116 1022 854 725 602 527 472 474 344 291 247 226 205 178 155 131 102 88 87 76 53 48 53 48 33 27 21 24 9 23 10 13 14 9 11 6 6 4 4 1 3 4 2 1 1 2 3 1 1 0 0 2 0 3 0 0 0 0 0 2 0 0 0 0 0 0 0 0 0 0 0 
0 0 19 76 90 94 98 178 348 581 579 580 813 1174 1582 1951 2313 2695 3235 3809 4484 4957 5316 5684 6270 6453 6834 7040 7093 6912 6956 6677 6422 6211 5568 5327 4863 4501 4094 3587 3178 2903 2576 2301 1931 1672 1551 1349 1101 1019 895 745 673 589 467 458 416 331 313 250 198 199 149 134 111 105 75 76 82 50 55 46 39 33 32 21 29 19 15 10 10 7 11 9 1 3 4 4 4 1 2 1 1 2 0 1 2 1 0 0 1 0 1 0 0 0 0 0 0 0 0 0 0 0 
0 0 18 72 75 95 83 165 285 431 560 640 742 1003 1326 1796 2136 2442 2920 3449 3918 4679 5103 5649 5997 6306 6460 6838 6973 7014 6920 6784 6521 6224 5813 5508 5058 4542 4223 3970 3486 3143 2700 2491 2173 1890 1718 1450 1320 1096 909 843 766 630 517 477 400 341 277 263 216 164 178 134 146 93 103 88 72 61 60 42 29 33 29 21 23 20 14 9 11 7 8 11 3 3 6 4 2 4 2 2 1 2 1 5 1 0 0 1 3 1 0 0 1 1 1 1 0 1 0 0 0 1 0 0 0 0 0 0 1 0 0 0 0 0 2 2 0 0 0 0 0 0 0 0 0 0 0 
0 0 29 67 89 84 81 161 271 371 438 517 739 998 1344 1810 2041 2353 2887 3489 3909 4520 4978 5461 6072 6373 6646 6948 7052 7111 7021 6932 6580 6321 5965 5497 5001 4629 4420 3917 3537 3137 2647 2382 2212 1921 1688 1476 1318 1082 949 838 737 679 558 493 398 357 316 282 258 178 175 164 132 110 87 78 77 62 42 45 41 26 32 23 14 14 20 10 7 11 7 8 9 4 2 2 6 1 0 1 0 1 3 0 1 0 2 0 1 0 2 0 1 2 0 0 0 2 1 0 0 0 0 0 1 0 0 0 0 0 0 0 0 0 0 0 
0 0 19 87 110 83 123 202 286 353 429 544 714 933 1203 1675 2085 2217 2635 3236 3824 4356 4903 5139 5798 6102 6690 6958 7030 7184 7084 6910 6666 6378 6210 5758 5311 4857 4401 4128 3557 3240 2790 2489 2177 1947 1686 1438 1269 1065 948 863 718 654 541 461 412 358 296 296 197 195 174 149 116 112 88 89 71 72 59 60 42 36 42 29 22 19 18 18 19 11 12 8 7 4 2 4 5 2 3 3 0 4 0 1 2 2 1 0 1 3 0 3 1 0 1 0 0 0 1 1 0 0 0 0 0 0 0 0 0 0 0 
0 0 37 83 111 112 134 183 351 540 702 761 1032 1335 1629 2056 2364 2924 3341 3944 4304 4929 5493 5923 6280 6526 6972 6797 7004 7041 6883 6688 6315 5929 5479 5179 4796 4418 3920 3435 3168 2735 2565 2159 1869 1629 1477 1208 1079 960 843 732 590 528 461 414 376 296 231 220 190 168 131 138 113 86 70 67 75 53 43 29 35 30 20 20 19 9 18 18 7 9 7 5 6 6 1 4 4 2 1 4 0 2 3 3 1 2 2 1 1 0 0 0 1 0 2 0 0 1 2 0 0 0 0 0 0 0 0 0 0 0 
0 0 28 58 95 106 136 268 495 655 761 889 1188 1454 1940 2219 2785 3236 3634 4069 4583 5202 5785 6325 6417 6844 7002 7047 7093 7053 6685 6324 6100 5828 5340 4892 4481 4079 3700 3356 2968 2636 2242 2115 1792 1574 1381 1166 1020 867 785 685 604 488 423 368 329 309 259 198 181 143 123 98 78 97 63 62 52 40 32 30 33 18 15 21 15 10 10 6 8 8 5 5 2 7 5 0 3 4 1 3 1 2 1 1 1 0 0 1 0 0 0 0 0 0 1 0 0 0 0 1 0 0 0 0 0 0 0 0 0 0 0 
0 0 24 77 125 83 92 163 366 520 509 765 1090 1396 1687 1928 2235 2664 3396 4055 4451 4909 5426 5842 6486 6709 6899 7071 7062 7023 6895 6672 6551 5986 5558 5211 4716 4345 3997 3395 3056 2843 2465 2113 1966 1633 1483 1262 1073 943 869 691 604 527 452 370 345 291 293 237 204 144 138 117 119 95 64 49 52 45 31 35 29 22 28 19 17 15 13 14 10 12 8 11 4 5 2 9 5 8 3 3 0 2 2 0 0 0 1 2 2 0 0 1 0 0 0 1 1 2 0 1 0 0 1 0 1 0 0 1 0 0 0 1 1 0 0 0 0 0 1 0 0 0 0 0 0 0 0 0 0 0 
0 0 31 80 109 117 183 290 354 485 622 867 1160 1423 1766 2130 2593 3119 3676 4116 4544 5259 5586 6162 6644 6869 7025 7204 7153 7027 6799 6649 6067 5720 5207 4865 4439 4132 3665 3167 2804 2645 2219 2011 1782 1638 1374 1173 994 949 780 706 597 479 476 416 320 271 227 239 198 166 127 110 96 83 80 61 46 57 35 25 25 25 19 19 11 14 12 14 12 5 9 6 4 3 6 5 3 0 0 3 5 7 2 2 2 0 3 2 0 1 0 1 0 1 0 1 0 0 0 0 0 0 0 0 0 0 0 
0 0 27 73 97 108 154 265 395 570 578 778 1067 1366 1746 1982 2328 2817 3454 3851 4402 4948 5216 5810 6198 6560 6802 6958 7060 7018 6907 6491 6322 6032 5624 5117 4721 4336 3932 3609 3160 2748 2472 2183 1966 1700 1459 1316 1182 918 844 740 666 543 450 444 383 314 261 212 204 156 138 141 104 90 87 67 72 50 59 49 27 30 30 22 19 13 16 12 9 15 12 11 3 4 6 5 3 3 2 2 1 4 1 1 1 0 0 1 0 0 0 0 0 0 0 0 0 0 0 
0 0 21 60 80 87 132 251 427 466 554 738 977 1207 1571 1842 2250 2728 3159 3816 4501 4890 5407 5965 6342 6630 6706 7008 7240 7111 6808 6814 6534 6054 5675 5262 4921 4360 3903 3622 3112 2827 2417 2209 1954 1657 1492 1312 1129 980 848 722 644 535 437 400 342 270 218 213 178 137 133 106 84 73 70 57 44 44 34 23 33 24 20 16 9 16 8 5 4 6 5 5 2 1 3 1 1 2 4 1 0 2 1 0 0 0 0 0 0 0 0 0 0 0 
0 0 20 69 101 113 128 159 270 380 508 636 769 1018 1382 1721 2118 2406 2879 3466 3989 4469 5234 5525 5840 6137 6618 6952 6985 6889 6904 6687 6597 6343 5981 5441 5031 4692 4300 3780 3363 3188 2709 2375 2108 1927 1665 1485 1241 1093 919 744 753 618 529 406 399 323 303 223 211 165 136 137 120 113 93 72 68 61 36 37 40 30 23 22 26 18 27 22 9 10 9 6 14 9 5 6 5 3 4 3 3 3 0 2 0 1 1 0 1 0 0 0 1 0 1 0 0 0 0 1 0 0 1 0 0 0 0 0 0 0 0 0 0 0 
0 0 26 77 107 114 106 204 304 449 493 545 810 1045 1546 1937 2346 2553 2994 3639 4346 4961 5249 5561 6070 6545 6686 7016 6987 7058 6964 6859 6564 6097 5694 5240 4935 4491 4068 3679 3154 2911 2569 2223 1936 1751 1456 1323 1174 968 897 733 643 621 473 400 396 368 308 266 190 198 186 141 120 89 90 101 91 69 45 45 40 36 33 28 30 19 21 13 14 10 11 6 6 6 8 4 3 4 2 1 4 0 1 1 2 1 0 0 0 0 0 0 0 0 0 0 0 
0 0 18 61 92 94 85 217 453 525 595 727 968 1431 1803 2170 2417 2832 3378 3879 4538 4932 5466 5990 6447 6521 6825 7151 7098 7192 6889 6520 6370 6015 5481 5083 4715 4268 3768 3460 3065 2826 2353 2145 1847 1615 1436 1235 1049 929 849 706 656 533 438 414 358 318 251 234 184 168 133 108 111 79 83 65 52 55 50 59 29 21 32 27 16 12 16 13 15 8 7 5 7 4 3 4 3 4 0 3 0 3 3 0 2 1 0 5 5 1 1 0 1 1 1 0 1 1 0 0 1 0 0 0 0 0 0 0 0 0 0 0 
0 0 27 62 85 87 101 171 266 367 466 623 786 1099 1358 1823 2145 2435 2815 3401 4182 4816 5200 5579 5839 6429 6900 7107 7147 6898 6984 6869 6610 6252 5824 5488 5004 4612 4182 3651 3377 3021 2739 2375 2066 1793 1608 1344 1225 1039 908 740 733 611 540 426 408 350 306 269 221 193 167 146 122 101 101 90 87 64 53 50 57 40 53 30 15 18 20 20 13 9 10 10 10 12 5 9 2 3 1 2 1 2 0 0 0 1 1 1 0 0 0 0 0 0 0 0 0 0 0 
0 0 30 66 92 93 127 280 375 544 710 938 1123 1478 1766 1999 2336 2896 3528 4034 4435 4769 5389 5834 6502 6697 6954 7017 7199 7064 6834 6729 6235 5846 5513 5094 4605 4136 3714 3403 3066 2768 2312 2063 1832 1622 1478 1267 1077 894 797 744 592 536 494 395 341 282 265 200 189 179 139 121 89 98 101 69 57 51 52 32 29 25 33 18 17 11 15 16 11 9 5 9 7 4 4 3 3 5 1 5 3 1 2 4 1 1 1 2 1 0 2 0 3 1 2 0 0 1 0 0 0 0 0 0 0 0 0 0 0 
0 0 25 78 104 97 160 243 377 437 564 744 1032 1445 1721 2099 2600 3151 3733 4035 4639 5148 5761 6076 6495 6744 6969 7063 7071 7025 6789 6553 6035 5785 5333 5073 4575 3987 3695 3306 2853 2740 2325 2039 1881 1656 1441 1163 1102 912 786 693 618 518 417 373 330 270 246 209 160 193 136 123 94 89 76 50 65 38 42 41 34 22 22 17 18 14 9 8 6 11 6 3 2 5 6 0 4 8 1 0 1 2 0 1 1 1 1 0 0 0 1 0 0 0 0 0 0 0 0 0 0 0 
0 0 19 69 94 108 108 121 234 381 463 523 628 938 1275 1543 1787 2345 2895 3450 3916 4489 5013 5547 5940 6333 6623 6977 7154 7024 6803 6792 6620 6333 5868 5548 5077 4797 4327 3936 3573 3084 2880 2516 2193 1941 1651 1445 1247 1113 970 863 711 613 556 479 410 313 311 257 210 199 161 157 110 100 73 69 80 53 43 35 23 25 26 25 17 19 10 8 14 10 5 5 4 4 2 3 2 3 3 1 0 1 3 1 1 0 2 1 2 1 1 0 0 0 0 0 0 0 0 0 0 0 
0 0 28 83 107 111 144 206 352 530 672 795 967 1218 1676 1949 2524 2916 3358 3903 4356 4973 5375 5854 6374 6586 6978 7282 7001 6925 6859 6695 6380 5951 5578 5185 4675 4277 3786 3500 3100 2851 2394 2101 1810 1606 1442 1216 1062 954 824 700 595 487 491 413 316 311 246 212 208 147 138 121 106 98 67 73 51 47 38 39 28 29 15 26 13 15 18 7 10 7 10 9 3 5 5 6 2 4 1 2 0 4 0 0 1 0 1 0 1 1 0 0 0 0 0 0 0 0 1 0 0 
0 0 24 63 102 93 115 190 375 499 576 671 782 1091 1441 1830 2218 2672 3246 3627 4089 4641 5214 5684 6178 6453 6579 6820 7101 7048 6865 6669 6453 6170 5753 5307 5025 4546 4156 3733 3327 3020 2662 2317 2045 1867 1576 1347 1227 1055 911 819 697 613 537 454 369 372 316 237 206 183 164 151 122 113 100 63 68 56 74 50 36 30 30 21 20 20 15 7 8 10 8 5 3 3 5 1 2 1 4 0 0 0 2 2 0 1 0 0 0 1 0 0 0 0 0 0 1 0 0 0 2 0 0 0 1 0 0 0 0 0 0 0 0 0 0 0 
0 0 30 110 143 134 129 216 333 514 731 798 961 1123 1661 2233 2684 3045 3487 4027 4628 5266 5652 6136 6416 6731 7057 7047 7068 6983 6780 6592 6272 5853 5393 5026 4801 4111 3802 3380 3056 2701 2436 2137 1772 1634 1396 1269 1086 903 786 720 619 451 447 354 333 273 238 216 192 182 146 110 111 88 88 91 50 56 45 29 42 25 25 20 17 17 25 13 12 5 7 2 7 2 4 6 3 5 5 1 2 5 2 2 1 2 1 1 1 0 0 0 1 0 0 0 0 0 0 0 0 0 0 0 
0 0 23 82 105 96 84 170 267 333 392 517 716 946 1257 1464 1811 2245 2772 3321 3769 4247 4780 5240 5879 6373 6615 6807 7078 7001 6847 6903 6646 6344 6051 5722 5318 4759 4322 3996 3635 3234 2955 2485 2227 1952 1833 1568 1290 1172 1034 866 715 672 582 523 454 364 324 306 222 228 176 149 142 105 104 98 87 62 50 48 58 24 23 34 28 14 16 13 13 12 13 8 6 7 10 5 2 5 2 2 3 2 0 1 1 1 1 1 0 0 0 0 0 0 1 0 0 0 0 0 0 0 0 0 0 0 
0 0 26 79 90 109 91 186 312 425 490 601 817 1152 1474 1761 2066 2504 3069 3627 4253 4713 5218 5481 5837 6562 6643 7012 6923 6966 7036 6737 6434 6070 5679 5467 5018 4585 4146 3740 3355 3065 2633 2361 2073 1858 1624 1384 1227 1110 931 799 675 631 518 449 409 352 321 267 224 192 166 149 127 128 101 98 86 61 40 54 35 44 31 27 20 16 15 10 13 13 10 5 6 7 4 5 4 7 4 1 4 4 4 2 2 0 2 0 0 2 2 3 1 1 0 0 0 0 1 0 0 0 0 0 0 0 0 0 0 0 
0 0 21 60 95 103 75 190 424 566 698 961 1126 1406 1887 2226 2621 3004 3482 4027 4520 5120 5543 6178 6344 6623 6696 6955 7000 6937 6773 6522 6104 5653 5411 5074 4602 4117 3711 3468 2980 2750 2335 2072 1815 1562 1434 1155 1088 917 860 693 625 553 453 408 354 336 290 233 184 165 162 138 117 94 81 77 60 48 41 34 26 37 26 17 17 18 17 13 10 11 14 5 9 4 6 3 2 4 3 2 1 1 1 0 0 1 0 0 0 0 0 0 0 0 0 0 0 
0 0 20 63 112 85 108 266 466 665 728 869 1136 1525 1943 2337 2751 3125 3625 4334 4831 5233 5780 6267 6406 6975 7100 6859 7184 7037 6893 6476 5945 5673 5300 4800 4428 4092 3618 3242 2880 2543 2270 1960 1790 1479 1298 1142 1009 891 761 647 580 495 428 369 316 274 238 216 191 168 130 102 96 90 79 62 66 48 34 31 28 29 14 19 17 16 6 10 8 6 7 3 6 3 4 1 0 5 0 1 0 0 1 0 0 1 0 0 0 0 0 0 0 0 0 0 0 
0 0 35 90 122 108 143 250 408 517 751 909 1191 1456 1830 2269 2845 3243 3729 4312 4701 5176 5680 6210 6485 6941 7151 7108 7116 6815 6681 6703 6139 5779 5333 4900 4461 4039 3561 3350 2902 2497 2175 2048 1705 1529 1323 1163 1014 853 773 664 565 479 426 359 312 244 237 221 160 154 134 109 108 87 82 65 50 46 42 31 31 29 26 13 17 17 14 14 9 7 8 4 4 6 0 3 3 2 1 1 2 1 1 1 0 0 0 0 0 1 0 0 0 0 0 0 0 0 0 0 0 
