0 0 49 63 50 86 121 130 183 304 300 447 688 762 872 1276 1512 1858 2227 2574 3053 3585 4015 4344 4829 5150 5513 5989 6186 6344 6485 6449 6291 6222 6100 5823 5506 5446 4945 4377 4151 3735 3412 3127 2789 2528 2344 2063 1793 1559 1449 1196 1149 1017 801 752 693 582 504 511 442 366 296 271 243 224 168 174 147 131 122 96 79 80 68 71 57 49 42 40 40 32 16 16 16 21 12 9 12 16 9 9 13 10 10 3 6 1 3 2 6 2 1 3 3 0 1 0 0 4 0 1 0 0 0 0 0 0 1 0 0 0 0 0 0 0 0 0 0 0 
0 0 126 110 112 199 411 480 495 809 1005 1188 1502 1811 2043 2455 2914 3376 3721 4131 4760 5099 5555 5783 6133 6266 6363 6264 6392 6397 6086 5908 5593 5339 4992 4758 4214 3964 3516 3361 2979 2642 2351 2145 1877 1776 1579 1321 1142 1084 967 827 715 600 556 486 494 353 336 273 273 248 212 177 196 152 112 106 115 81 61 55 62 61 34 36 34 37 23 25 19 13 20 17 14 14 19 11 4 4 5 7 6 9 5 1 3 4 2 2 0 3 5 2 1 0 2 1 1 0 1 0 1 1 0 1 0 2 0 0 0 0 0 0 0 0 0 1 0 
0 0 68 70 60 96 145 162 227 304 348 505 648 968 1080 1339 1793 2048 2345 2913 3302 3809 4160 4624 5104 5430 5705 5937 6164 6464 6366 6281 6153 6194 5847 5536 5358 4916 4674 4276 3993 3634 3315 2940 2737 2416 2124 1916 1731 1539 1347 1194 979 897 841 740 634 627 461 454 391 330 299 254 240 202 159 198 125 117 86 106 79 69 56 46 40 53 33 26 30 17 25 12 13 18 8 20 14 16 8 3 6 5 4 3 3 4 5 1 1 3 2 2 2 0 3 0 0 1 1 0 0 0 0 0 0 0 0 0 0 0 
0 0 60 59 52 111 204 247 303 414 520 777 994 1209 1402 1799 2074 2484 3004 3253 3799 4244 4615 5079 5306 5854 5997 6278 6453 6389 6071 6408 6246 5787 5609 5201 4922 4787 4397 3918 3616 3202 2933 2595 2365 2223 1962 1615 1614 1351 1142 1047 905 825 743 670 549 478 417 382 333 295 263 230 196 180 157 134 109 90 91 87 76 65 42 51 37 44 33 24 31 29 15 13 12 15 18 12 7 9 10 4 4 3 10 2 4 5 2 2 0 2 2 1 0 0 0 0 0 1 0 1 0 0 0 1 0 0 0 0 1 0 0 0 1 0 0 1 0 0 0 0 0 0 0 0 0 0 0 
0 0 51 59 58 170 243 330 435 564 819 962 1281 1485 1854 2136 2492 2965 3352 3948 4316 4704 5178 5389 5994 6068 6210 6328 6364 6434 6088 6216 5926 5449 5136 4875 4596 4164 3763 3524 3161 2963 2591 2326 2068 1862 1571 1463 1356 1143 1044 914 824 721 616 532 472 394 376 323 258 249 208 179 157 146 124 113 96 97 74 63 57 57 60 36 35 32 34 26 16 28 25 12 12 12 7 16 11 11 3 7 7 4 1 2 5 5 2 1 2 1 1 1 0 2 0 0 1 0 0 0 0 0 0 0 0 0 0 0 
0 0 58 53 44 78 105 160 216 253 275 485 597 739 890 1201 1460 1673 2024 2409 2987 3299 3885 4220 4616 5105 5479 5612 6079 6156 6304 6420 6480 6217 6064 5909 5588 5004 5154 4602 4291 3972 3464 3307 2932 2698 2415 2183 1882 1667 1570 1333 1179 1030 931 791 690 672 539 512 413 368 338 302 241 222 200 179 138 144 98 90 74 93 75 55 54 48 38 23 30 19 19 23 14 24 20 10 9 9 13 4 5 1 3 4 6 1 1 6 3 0 0 1 1 0 1 1 1 2 1 0 0 0 0 0 0 0 0 0 0 0 
0 0 64 47 42 84 97 148 342 385 383 675 905 912 1212 1529 1890 2314 2597 2925 3493 4034 4497 4917 5172 5601 5989 6204 6381 6374 6322 6351 6236 6037 5603 5443 5237 4832 4416 4160 3900 3472 3124 2830 2605 2345 2050 1797 1617 1441 1221 1084 946 870 801 633 617 554 431 393 335 290 250 237 197 184 155 151 123 104 80 87 59 67 58 48 38 25 37 25 24 18 21 10 13 9 6 13 6 7 1 4 4 5 2 3 0 0 2 1 0 0 1 0 0 0 0 0 0 0 0 0 0 0 
0 0 57 58 64 176 225 318 392 487 579 946 1146 1327 1663 1974 2246 2848 3317 3593 4045 4647 4997 5348 5613 5862 6148 6207 6230 6315 6373 6130 5988 5629 5487 5020 4646 4403 4121 3665 3464 3007 2807 2407 2239 1992 1693 1599 1469 1238 1085 955 809 733 721 603 514 419 427 371 331 272 221 210 185 167 120 138 118 95 88 81 72 63 42 48 38 42 33 16 23 33 19 18 16 12 12 12 5 6 10 13 4 7 8 4 3 2 2 4 1 4 2 0 3 5 1 1 1 1 2 0 4 0 1 1 0 0 1 0 0 0 0 0 0 1 0 0 0 0 0 0 0 0 0 0 0 
0 0 55 57 55 91 100 131 212 410 473 542 827 1018 1173 1712 2056 2135 2611 3044 3505 3897 4312 4674 5198 5586 5867 6225 6367 6589 6355 6357 6403 6047 5761 5526 5122 4986 4531 4076 3721 3552 3139 2751 2685 2206 2051 1906 1619 1395 1255 1127 985 901 770 680 594 563 483 407 357 306 284 239 205 208 172 164 139 102 92 95 93 62 55 53 30 39 32 33 22 28 17 16 16 17 6 6 8 9 3 5 2 3 5 3 1 1 4 3 1 1 1 0 0 0 0 0 0 0 0 0 0 0 
0 0 86 83 62 161 310 296 392 560 777 1049 1261 1488 1766 2124 2617 2978 3422 3945 4429 4811 5156 5604 5775 5904 6338 6322 6447 6266 6205 6102 5784 5603 5289 4969 4524 4294 4058 3501 3238 2980 2554 2400 2136 1864 1656 1538 1376 1145 1033 865 810 699 597 537 488 411 390 310 269 255 181 167 164 147 140 116 102 80 72 52 74 44 40 45 40 29 21 21 30 23 22 12 9 10 7 8 1 8 4 2 4 3 5 2 1 0 5 5 1 1 2 2 3 1 1 1 2 0 0 1 0 1 0 0 0 0 0 0 0 0 0 0 0 
0 0 82 56 58 234 237 285 402 559 668 836 1339 1432 1720 2141 2581 2832 3380 3901 4289 4747 5183 5535 5890 6116 6227 6398 6403 6300 6214 5988 5848 5616 5211 4870 4427 4180 3936 3520 3282 2848 2619 2435 2071 1874 1669 1488 1289 1193 988 930 786 717 625 592 472 372 361 316 275 274 198 203 156 134 126 108 81 66 83 58 53 39 42 47 30 29 24 16 24 21 13 21 18 13 6 9 8 13 6 4 3 4 2 3 4 2 2 1 1 2 1 0 2 1 0 0 1 0 0 0 0 0 0 0 0 0 0 0 
0 0 68 52 58 202 206 259 488 577 747 956 1218 1472 1871 2266 2566 3027 3464 3900 4321 4910 5334 5565 5981 6122 6248 6554 6332 6418 6391 6119 5692 5574 5169 4837 4565 4229 3735 3476 3313 2800 2555 2315 2022 1840 1660 1416 1190 1126 1007 895 718 666 608 519 444 400 332 323 285 243 216 165 150 141 119 109 104 74 74 63 48 51 39 38 30 28 19 15 13 13 8 9 9 5 4 3 3 6 3 4 4 5 2 0 2 3 2 1 2 0 0 0 0 0 2 1 0 0 0 0 0 0 0 0 0 0 0 
0 0 69 61 66 111 134 241 289 319 493 646 769 972 1263 1533 1961 2300 2605 3138 3540 3950 4487 4943 5290 5616 5838 6160 6395 6391 6331 6338 6179 5995 5869 5440 5168 4788 4461 4096 3680 3500 3156 2807 2526 2232 1988 1782 1549 1453 1290 1088 989 866 753 750 573 510 521 401 401 318 311 283 223 175 180 149 121 120 106 83 85 94 81 57 48 34 31 44 25 29 24 18 18 15 8 10 7 10 4 2 4 5 4 5 7 1 3 1 3 2 0 2 3 0 2 0 1 1 0 0 0 0 1 0 0 1 0 0 1 0 0 0 0 0 0 0 0 0 0 0 
0 0 54 68 57 111 188 257 358 350 468 609 824 1076 1185 1567 1927 2340 2814 3187 3462 3967 4487 4892 5309 5485 5902 6165 6298 6392 6290 6375 6266 5891 5630 5448 5155 4669 4385 4071 3638 3404 3097 2771 2618 2241 2003 1875 1695 1456 1239 1116 1015 937 799 668 617 516 488 432 372 303 300 270 242 208 171 165 123 131 127 77 97 80 63 60 43 46 34 31 30 31 23 17 19 14 18 14 6 13 11 6 7 6 4 6 1 1 5 1 1 2 0 0 0 2 0 1 0 1 0 0 0 0 0 0 0 0 0 0 0 
0 0 58 59 59 122 174 238 429 450 598 953 1130 1327 1689 2048 2363 2755 3203 3485 4014 4530 4905 5362 5564 5789 5976 6211 6467 6296 6267 6115 5833 5658 5352 5162 4736 4473 4040 3609 3355 3073 2747 2456 2248 2073 1841 1578 1427 1264 1133 975 864 769 691 590 527 462 404 407 315 254 250 200 193 178 133 136 112 102 84 66 63 54 55 33 37 38 24 25 20 13 25 22 10 13 5 9 8 5 4 12 9 2 3 2 4 5 1 0 5 2 3 1 4 2 0 0 0 1 1 0 0 0 0 0 0 0 0 0 0 0 
0 0 77 51 55 232 248 301 527 732 804 1109 1275 1658 1921 2318 2602 3050 3563 3922 4257 4876 5246 5400 5883 6256 6322 6521 6383 6291 6291 6000 5894 5349 5134 4828 4466 4223 3804 3354 3107 2815 2553 2341 2030 1805 1631 1446 1278 1142 1009 853 755 699 640 553 453 411 348 298 313 248 184 185 162 169 108 101 108 80 70 68 54 46 35 35 39 33 31 16 22 18 16 14 8 11 12 8 6 5 5 3 1 5 3 4 3 5 2 2 0 1 0 0 1 0 1 1 0 0 0 0 0 0 0 0 0 0 0 
0 0 68 63 65 86 165 211 280 386 468 591 810 1041 1294 1674 2018 2258 2643 3131 3595 3942 4437 4908 5248 5683 5953 6201 6231 6317 6443 6386 6049 6070 5705 5538 5257 4774 4337 4135 3792 3423 3006 2836 2610 2349 2032 1765 1693 1390 1271 1182 962 903 741 683 619 504 502 400 370 278 265 248 219 188 183 133 119 104 91 70 86 53 62 46 39 37 28 33 19 29 20 21 19 4 19 13 10 6 5 4 4 4 4 3 2 0 4 0 1 3 2 1 0 0 0 0 0 1 0 1 0 1 1 0 0 0 0 0 0 0 0 0 0 0 
0 0 63 52 55 95 138 179 237 309 388 551 692 927 1197 1425 1701 1965 2506 2910 3410 3652 4104 4517 5114 5379 5648 5899 6131 6373 6274 6179 6398 6133 5843 5532 5268 4909 4724 4219 3960 3682 3362 3002 2705 2452 2209 1902 1765 1580 1335 1253 1100 987 858 775 703 554 503 425 439 341 320 252 235 216 163 131 138 131 109 100 82 81 70 47 37 43 51 35 40 22 20 20 13 15 13 7 9 12 11 8 6 7 4 6 2 1 3 5 1 0 0 0 1 1 1 0 1 1 0 1 1 0 0 0 0 0 0 0 0 0 0 0 
0 0 75 64 56 115 148 285 281 358 479 686 874 1062 1417 1745 1938 2587 2755 3289 3746 4200 4485 5067 5409 5609 5887 6061 6378 6350 6374 6163 6081 5927 5643 5290 5072 4763 4362 4022 3592 3307 3020 2659 2514 2230 1962 1766 1545 1403 1264 1136 976 855 795 717 619 527 484 384 387 325 243 240 203 206 166 159 134 121 99 95 82 65 58 61 39 46 34 37 21 35 21 17 20 20 15 8 6 2 8 5 5 8 2 3 2 3 2 1 1 1 1 0 0 4 1 1 0 0 0 0 0 0 1 0 0 0 0 0 0 0 0 1 0 0 
0 0 49 49 43 128 116 171 265 306 353 606 773 896 1180 1422 1616 2137 2628 2807 3401 3907 4298 4749 5127 5375 5892 5958 6240 6418 6288 6419 6182 6010 5881 5562 5330 4828 4707 4380 3913 3639 3197 2958 2646 2407 2161 1846 1658 1433 1351 1135 1042 876 813 671 589 536 432 426 368 314 280 230 227 192 149 162 121 95 95 90 75 84 67 56 45 45 34 34 25 21 25 15 21 13 14 8 14 12 5 4 6 4 4 1 5 1 4 2 2 6 0 3 2 1 1 2 1 2 1 0 0 0 0 0 1 1 0 1 0 0 1 0 0 0 0 0 0 0 0 0 0 0 
0 0 64 71 49 94 132 206 246 354 432 488 655 880 1098 1366 1687 1868 2307 2727 3222 3662 4098 4619 4915 5531 5768 5989 6265 6371 6484 6450 6351 6197 5935 5717 5358 4988 4755 4358 4042 3620 3390 2998 2656 2435 2184 1944 1685 1588 1332 1185 1140 918 830 740 631 570 481 435 365 337 303 269 243 198 171 156 147 112 108 73 78 70 67 46 57 52 41 46 35 27 19 27 18 16 14 14 11 4 9 7 9 4 3 8 3 3 2 1 1 1 2 0 1 2 0 1 0 1 0 0 0 1 1 0 0 0 0 0 0 0 0 0 0 0 
0 0 60 73 52 235 299 287 480 686 748 1039 1285 1384 1767 2163 2614 3005 3543 3873 4318 4833 5356 5573 5954 6187 6422 6365 6516 6396 6257 5916 5792 5711 5274 4768 4567 4164 3925 3463 3146 2912 2507 2283 2050 1834 1662 1439 1267 1158 1026 902 858 710 596 576 497 389 366 312 271 261 218 160 157 158 152 112 83 94 77 65 46 44 39 39 33 27 26 24 12 15 12 8 9 14 4 10 5 7 4 5 4 1 5 4 2 0 1 4 1 1 0 2 0 0 1 0 2 1 1 0 0 0 0 0 0 0 0 0 0 0 
0 0 73 68 55 199 239 296 404 500 638 854 1111 1361 1615 2059 2327 2696 3138 3539 4129 4481 4872 5506 5678 5917 6251 6388 6480 6302 6344 6218 6001 5869 5413 5150 4840 4461 4108 3708 3360 3093 2792 2570 2172 1977 1776 1549 1320 1205 1103 930 864 769 666 572 496 432 365 352 283 242 230 187 183 144 141 120 103 98 79 70 64 54 42 36 41 43 24 30 27 28 20 23 13 17 9 5 10 7 10 1 3 4 4 2 4 1 4 0 0 1 2 0 2 0 1 1 0 0 0 0 0 1 0 0 0 1 0 0 0 0 0 0 0 0 0 0 0 
0 0 59 58 60 83 86 106 154 265 275 311 568 758 949 1145 1379 1765 2031 2373 2792 3278 3770 4034 4660 4918 5424 5870 6054 6328 6367 6580 6276 6332 6092 5953 5530 5280 5012 4630 4271 4019 3527 3190 2967 2679 2442 2112 1893 1691 1469 1366 1169 1056 909 790 691 646 528 440 450 359 282 256 244 213 200 140 160 118 103 98 91 79 64 61 47 41 28 32 18 26 30 20 9 14 12 15 9 6 8 5 6 6 5 1 0 1 6 2 3 3 0 1 1 1 2 1 3 1 0 1 0 0 0 0 0 0 0 0 0 0 0 
0 0 58 53 54 78 109 177 189 196 285 465 646 775 1057 1193 1531 1851 2250 2536 3011 3443 3865 4202 4814 5111 5478 5933 6165 6241 6483 6358 6346 6195 6083 5926 5630 5220 4874 4583 4149 3852 3585 3184 2920 2656 2348 2133 1865 1658 1510 1350 1142 994 883 837 729 639 523 505 438 349 294 303 259 218 199 164 146 165 113 93 81 79 61 44 61 44 54 39 27 31 22 21 14 19 21 15 14 13 9 7 5 9 4 1 3 1 1 7 4 3 0 0 2 1 3 1 1 0 1 1 2 0 1 1 0 1 0 0 0 1 0 2 0 1 0 1 0 0 1 0 0 0 0 0 0 0 0 0 0 0 
0 0 80 61 50 177 189 228 301 452 508 646 918 1060 1418 1744 2024 2479 2954 3330 3808 4217 4588 5117 5415 5814 5831 6202 6355 6356 6416 6411 5915 5807 5589 5289 4849 4576 4220 3832 3754 3159 2956 2710 2372 2154 1914 1701 1513 1403 1220 987 995 842 763 656 565 559 454 440 346 325 294 241 233 196 166 155 137 127 105 86 88 70 57 41 56 50 30 32 32 24 30 22 10 15 20 16 9 10 7 6 4 4 4 6 2 6 3 2 1 2 2 0 1 0 0 0 0 0 0 0 0 0 0 0 
0 0 72 47 70 163 178 204 332 439 537 690 1012 1273 1490 1861 2109 2603 2961 3381 3797 4208 4684 5122 5462 5850 6083 6269 6237 6245 6470 6275 6132 5866 5603 5294 4990 4609 4303 3799 3595 3303 2965 2621 2417 2127 1890 1672 1431 1337 1157 1105 927 745 739 631 546 476 461 359 331 308 259 238 222 166 167 125 131 118 113 85 71 58 43 44 43 44 37 22 27 16 12 15 22 16 11 5 13 4 2 7 2 5 4 0 1 7 2 1 0 0 0 2 1 0 0 1 0 0 0 0 0 0 0 0 0 0 0 
0 0 50 58 43 171 204 315 419 559 782 899 1183 1479 1709 2050 2502 2807 3358 3787 4314 4597 4976 5432 5731 6120 6251 6227 6262 6410 6328 6011 5883 5634 5296 5115 4734 4317 3907 3622 3259 2902 2778 2442 2150 1971 1766 1513 1328 1235 1017 961 790 729 645 590 497 431 390 374 319 284 252 228 197 152 149 131 118 98 77 70 69 56 56 45 36 42 33 28 18 21 22 20 7 13 10 10 6 10 5 4 3 2 5 2 1 3 2 4 1 2 1 0 2 3 1 0 2 0 1 1 0 1 0 1 0 0 0 0 0 0 0 0 0 0 0 
0 0 58 54 40 131 174 218 295 358 446 727 957 1078 1393 1678 1883 2314 2631 3159 3496 4000 4460 4954 5192 5634 5950 6217 6141 6409 6456 6242 6147 6161 5690 5523 5202 4780 4517 4137 3853 3552 3056 2813 2416 2232 2015 1794 1499 1413 1245 1123 944 895 728 662 556 520 469 393 355 290 289 219 194 196 185 154 86 105 105 75 84 56 50 56 43 39 35 27 24 23 17 16 12 13 11 15 14 13 5 3 3 7 7 4 3 3 5 1 3 3 1 1 2 0 4 0 0 2 0 0 0 0 0 1 1 0 0 0 0 0 0 0 0 0 0 0 
0 0 54 62 73 96 131 162 237 334 483 657 876 1015 1286 1612 1960 2178 2596 3048 3340 3918 4365 4694 5154 5355 5907 6110 6216 6399 6322 6303 6080 5913 5625 5490 5131 4749 4430 4193 3769 3507 3185 2937 2606 2277 2072 1899 1602 1479 1366 1171 1033 913 778 686 607 574 504 432 404 328 287 263 218 233 156 176 144 116 108 88 72 62 68 59 53 33 36 42 23 24 20 19 15 11 8 15 10 5 10 4 2 3 1 0 3 5 1 0 0 1 3 2 0 1 1 0 0 0 0 0 0 0 0 0 0 0 
0 0 64 59 43 97 144 235 340 463 592 888 1097 1295 1659 1927 2289 2645 3189 3601 4061 4587 4892 5288 5734 5972 6263 6412 6491 6425 6454 6188 5885 5833 5436 5135 4759 4568 4165 3699 3426 3069 2753 2513 2236 2027 1801 1569 1418 1246 1129 983 908 736 627 566 479 423 387 360 323 270 229 196 189 154 129 148 85 82 89 64 55 46 35 35 33 28 28 21 13 15 13 10 10 11 6 6 9 4 6 3 3 3 1 3 3 1 2 2 1 1 1 1 1 1 0 0 1 0 2 1 0 0 1 0 0 0 0 0 1 0 0 0 0 0 0 0 0 0 0 0 
0 0 51 58 42 170 173 238 332 317 380 731 851 1034 1432 1689 2004 2446 2856 3166 3715 4070 4482 4964 5521 5675 5997 6087 6516 6537 6389 6219 6267 5972 5619 5386 5093 4787 4458 3945 3729 3419 2953 2660 2341 2150 1976 1772 1511 1311 1166 1061 962 857 727 662 568 483 417 411 358 296 248 241 200 180 178 144 126 106 99 80 80 72 61 40 38 33 26 29 20 16 13 15 11 6 6 6 4 6 6 4 6 3 4 3 3 5 3 2 0 1 3 0 2 1 0 0 1 0 0 2 0 0 1 0 0 0 0 0 0 0 0 0 0 0 
0 0 63 56 46 127 166 182 259 342 456 549 668 917 1123 1526 1834 2139 2488 2950 3360 3739 4302 4730 5147 5540 5917 6094 6291 6496 6404 6286 6270 6071 5775 5626 5248 4938 4589 4126 3882 3677 3158 2987 2686 2387 2112 1848 1691 1507 1342 1191 1032 919 754 704 566 522 470 402 375 340 271 246 211 177 163 170 160 117 94 98 93 76 59 49 44 46 38 35 42 43 18 17 20 22 14 15 7 8 13 8 6 6 10 5 8 6 5 6 3 1 3 3 3 1 3 2 1 3 2 0 1 0 0 1 0 0 0 0 0 0 1 0 0 1 0 0 0 0 0 0 1 0 1 0 0 1 0 0 0 0 
0 0 53 68 41 73 146 200 249 406 460 641 802 960 1218 1680 2066 2344 2759 3143 3570 4337 4537 4950 5464 5687 6020 6255 6293 6311 6337 6267 6053 5913 5680 5308 5004 4719 4434 4073 3637 3434 2992 2746 2483 2267 1965 1781 1605 1393 1244 1038 1009 856 791 708 578 506 467 414 371 285 307 242 215 157 150 132 131 108 102 91 83 65 61 44 51 41 28 31 25 24 16 21 6 14 12 17 7 14 6 8 8 6 4 4 4 4 3 2 2 2 0 2 2 1 2 1 0 3 1 0 1 3 0 1 3 0 1 0 0 0 0 0 0 0 0 0 0 0 
0 0 63 58 47 185 233 236 391 508 584 827 1095 1355 1563 1943 2304 2604 3132 3536 3986 4457 4970 5112 5722 5718 6161 6472 6332 6423 6388 6187 6060 5804 5441 5179 4928 4533 4220 3786 3490 3073 2727 2526 2203 2043 1832 1579 1399 1223 1127 998 833 741 693 631 516 467 410 328 286 246 254 201 182 159 145 116 89 90 73 75 59 56 43 42 43 31 26 29 10 14 14 7 9 6 6 3 9 5 2 4 0 2 2 1 5 1 0 2 2 1 2 0 0 3 0 0 0 0 0 0 0 0 0 1 0 
0 0 85 64 75 124 196 191 251 421 555 645 921 1240 1438 1785 2186 2524 2814 3389 3742 4322 4620 5140 5355 5897 6103 6170 6321 6347 6553 6085 6135 5839 5699 5247 4916 4510 4268 3969 3555 3297 2993 2658 2442 2105 1914 1750 1489 1268 1192 1042 949 851 694 649 541 525 453 413 351 283 256 228 206 151 148 143 103 105 100 76 61 42 57 56 42 33 41 24 21 28 14 14 17 13 17 14 9 9 5 4 0 4 7 4 6 3 2 4 1 1 2 2 2 2 0 0 0 1 0 1 2 0 0 0 0 0 0 0 0 0 0 0 
0 0 55 71 52 105 174 230 355 434 547 779 1083 1256 1530 1942 2186 2537 3136 3499 3973 4432 4855 5139 5616 5847 6045 6366 6279 6278 6216 6287 5973 5796 5567 5302 4919 4457 4136 3834 3553 3048 2912 2546 2402 2108 1791 1650 1469 1307 1176 997 857 830 713 607 565 458 442 360 320 290 245 232 206 175 153 132 128 112 93 81 58 58 64 45 41 40 25 22 27 13 15 17 13 16 8 8 13 5 6 6 2 5 3 2 4 5 1 1 1 3 0 0 0 0 1 3 0 1 1 0 2 0 1 2 0 0 0 0 0 0 1 0 0 0 0 0 0 0 1 0 0 0 0 0 0 0 0 0 0 0 
0 0 66 60 49 132 242 320 387 566 720 915 1264 1560 1772 2101 2608 3020 3391 3861 4307 4599 5266 5701 5846 6095 6337 6389 6432 6442 6159 5913 5920 5517 5284 4971 4493 4166 3922 3541 3203 2855 2694 2339 2111 1833 1717 1454 1307 1134 1063 923 823 685 589 538 527 413 349 339 302 251 241 200 183 159 145 100 106 102 88 73 52 48 53 29 48 37 22 25 27 22 24 18 9 13 13 5 6 6 5 5 5 4 2 3 3 2 4 2 0 1 1 1 1 1 0 0 0 0 0 1 0 0 1 0 0 0 0 0 0 0 0 0 0 0 
0 0 43 56 64 148 185 208 301 401 511 712 891 1099 1356 1682 1937 2268 2732 3246 3653 4114 4607 4909 5476 5631 5971 6301 6256 6349 6203 6420 6160 5833 5594 5268 5042 4609 4241 3944 3717 3348 3018 2722 2465 2229 1955 1754 1575 1389 1275 1140 1047 858 765 682 565 535 456 406 362 371 284 255 212 180 163 131 122 102 93 88 77 70 51 44 46 36 33 26 24 22 22 17 20 10 18 14 4 6 8 2 3 3 5 1 3 3 2 1 1 0 0 0 0 1 0 0 0 0 0 0 0 0 0 0 0 
0 0 70 61 70 151 166 190 268 452 498 767 920 1058 1441 1824 2173 2501 2934 3523 3888 4410 4683 5182 5607 5790 6038 6177 6294 6350 6422 6171 5930 5986 5565 5279 4889 4648 4375 3821 3565 3285 2944 2643 2408 2150 1962 1664 1470 1302 1170 1053 871 807 745 598 544 487 398 417 347 282 236 215 177 168 156 117 112 98 79 72 65 46 52 42 40 35 29 25 16 18 19 12 17 13 9 5 10 5 7 5 5 3 1 3 1 6 3 3 3 2 1 0 0 2 0 2 0 0 0 1 0 0 0 0 1 0 0 1 0 0 0 1 0 0 0 0 0 1 0 0 0 2 1 0 0 0 0 1 0 1 
0 0 78 69 76 176 242 310 464 575 711 945 1315 1606 1870 2302 2654 3068 3566 4075 4433 4876 5247 5542 5900 6250 6323 6359 6527 6413 6164 5850 5828 5527 5183 4808 4480 4079 3713 3464 3194 2762 2605 2350 1991 1828 1630 1430 1260 1188 980 879 837 698 549 522 427 418 372 322 269 243 210 203 178 149 139 118 107 74 75 66 75 57 43 34 26 34 26 28 16 20 19 17 13 7 14 7 9 10 4 3 2 9 4 4 4 5 3 3 2 2 2 3 1 1 3 1 0 1 2 0 0 0 0 0 0 1 0 0 0 0 0 0 0 0 0 0 0 
0 0 53 50 50 68 186 250 256 318 510 620 776 998 1275 1572 1937 2191 2520 3225 3487 3955 4362 4787 5222 5553 5906 6168 6228 6381 6384 6552 6224 5953 5824 5389 5144 4882 4592 4094 3844 3455 3161 2835 2500 2293 2082 1838 1618 1449 1281 1172 999 867 756 654 592 473 468 410 381 334 285 241 208 197 162 131 129 124 100 73 74 56 51 41 35 43 31 28 25 29 18 27 11 12 11 8 9 8 6 7 2 4 2 5 2 0 5 2 1 2 2 2 0 1 2 1 1 0 1 0 0 0 0 0 0 1 0 0 1 0 0 0 0 0 0 0 0 0 0 0 
0 0 79 61 46 103 122 143 232 355 371 574 826 875 1132 1638 1850 2134 2636 2994 3410 3926 4302 4721 5019 5574 5768 6074 6419 6250 6502 6442 6249 6022 5840 5678 5206 4931 4561 4168 3711 3539 3141 2888 2585 2383 2036 1861 1664 1422 1302 1185 998 833 820 731 631 512 486 422 368 317 267 245 205 211 163 143 153 119 100 85 80 60 62 55 47 40 43 42 22 29 27 13 20 11 20 19 11 11 9 9 7 8 2 7 5 6 2 4 1 0 0 0 0 1 0 0 1 0 0 0 0 0 0 0 0 0 0 0 
0 0 59 63 58 119 134 233 298 374 641 872 1083 1301 1709 1916 2317 2724 3140 3463 4097 4543 4844 5234 5651 5845 6171 6336 6213 6582 6450 6300 6027 5830 5432 5134 4730 4432 4190 3800 3409 3028 2715 2439 2238 1952 1775 1534 1397 1184 1133 935 894 713 623 541 474 414 386 323 298 269 243 179 166 148 146 120 95 91 86 63 58 56 60 49 38 29 38 20 38 16 16 17 15 7 7 12 9 10 5 4 3 9 3 1 2 4 3 2 0 3 1 1 2 1 4 2 0 1 1 2 0 0 1 1 0 2 1 2 0 0 1 1 0 0 0 2 0 0 0 1 0 0 1 0 0 0 0 0 0 0 
0 0 67 57 48 128 253 270 320 509 585 857 1139 1310 1545 2044 2295 2663 3214 3621 4038 4504 4826 5292 5555 5961 6156 6152 6217 6521 6260 6229 5976 5825 5524 5103 4862 4516 4033 3847 3382 3137 2826 2660 2290 1984 1773 1511 1460 1237 1124 990 893 738 657 577 507 456 387 302 297 265 231 199 170 144 153 134 96 95 73 59 59 54 48 35 40 29 36 32 33 21 16 15 16 12 11 14 8 6 13 4 4 9 8 2 5 4 3 3 1 3 3 4 0 4 4 1 2 1 1 1 2 0 0 1 0 1 0 0 1 0 0 0 0 0 0 0 0 0 0 0 
0 0 65 55 49 94 232 298 429 567 780 967 1232 1534 1906 2285 2709 3117 3455 3857 4393 4793 5172 5636 5809 6191 6212 6486 6521 6349 6221 6010 5667 5581 5202 4888 4497 4058 3816 3426 3168 2815 2517 2244 2087 1786 1743 1420 1284 1080 1042 840 775 657 624 556 476 419 368 310 296 239 224 193 170 139 125 117 92 89 75 72 73 47 44 40 28 34 26 21 16 13 17 11 10 7 10 6 4 3 1 6 1 3 6 1 1 2 1 1 1 1 1 0 0 0 1 0 0 0 1 0 0 0 0 0 0 0 0 0 0 0 
0 0 64 52 56 182 183 209 391 418 608 839 924 1187 1490 1841 2190 2397 2960 3416 3822 4250 4584 5081 5464 5854 6000 6110 6319 6327 6278 6158 6062 5862 5599 5326 4809 4672 4230 3944 3594 3169 2898 2662 2403 2115 1947 1666 1512 1322 1162 1024 991 764 764 651 572 480 449 386 318 269 247 210 209 151 154 157 111 88 104 61 65 51 43 40 56 31 28 32 25 18 20 12 7 15 11 9 5 5 5 9 3 4 2 6 3 1 3 1 3 2 2 0 1 0 1 0 1 0 0 0 0 0 0 0 0 0 0 0 
0 0 63 71 55 115 146 210 268 391 461 619 798 942 1166 1558 1748 2059 2510 2881 3335 3826 4263 4753 5139 5571 5704 5982 6313 6338 6483 6361 6274 6249 5888 5607 5238 4961 4664 4250 3746 3551 3210 2982 2658 2343 2023 1876 1669 1526 1318 1165 1014 930 765 694 651 550 439 435 360 342 302 256 212 192 166 153 124 140 97 90 92 74 50 55 54 18 31 28 31 21 22 18 24 17 9 11 8 10 12 2 9 6 4 4 5 3 3 0 1 1 1 3 2 2 2 1 2 0 2 2 1 0 1 0 1 0 0 1 0 0 0 0 0 0 0 0 0 0 0 
0 0 78 61 54 136 211 285 473 538 589 856 1097 1243 1541 1771 2209 2537 2990 3607 3946 4409 4799 5180 5464 5820 5988 6259 6254 6432 6452 6232 5916 5987 5600 5158 4816 4601 4176 3871 3510 3278 2958 2650 2338 2055 1890 1628 1510 1306 1109 1017 912 778 706 618 525 525 412 332 304 266 232 203 195 147 125 121 110 98 86 73 63 49 31 46 24 28 29 15 21 11 14 14 12 14 7 7 5 6 2 7 2 5 2 2 2 3 0 1 1 2 1 1 0 4 0 1 1 0 0 1 0 0 0 2 1 0 0 0 0 0 0 0 0 0 1 0 
0 0 61 66 60 142 164 287 446 585 699 901 1210 1520 1779 2244 2541 2981 3546 3939 4359 4716 5030 5518 5861 6044 6266 6491 6452 6325 6354 6170 5806 5666 5204 4982 4671 4270 3960 3575 3282 2953 2665 2303 2095 1883 1643 1488 1291 1121 1043 908 802 701 580 564 498 409 383 312 258 241 225 195 155 145 118 129 84 85 91 67 52 55 41 50 33 37 29 17 29 21 28 14 9 11 8 4 9 5 8 3 9 2 3 3 4 1 0 1 1 0 0 0 1 0 0 0 0 0 0 0 0 0 0 0 
0 0 77 63 55 156 224 315 367 509 607 761 1014 1221 1524 1891 2221 2529 3043 3487 3999 4287 4807 5144 5519 5845 6140 6297 6312 6414 6343 6173 6046 5792 5603 5225 4917 4547 4147 3848 3471 3151 2864 2496 2262 2014 1794 1609 1457 1304 1118 970 848 716 707 580 537 466 391 363 289 255 251 207 168 169 152 134 101 89 84 81 78 50 66 48 49 45 38 23 23 21 17 27 23 8 14 8 9 10 6 6 5 9 3 2 5 2 1 4 2 1 3 4 0 2 0 3 2 2 1 1 0 0 0 0 2 0 0 0 0 0 0 0 0 0 0 0 
0 0 55 51 51 66 132 144 213 375 447 507 756 962 1211 1507 1823 2061 2531 3017 3379 3791 4172 4770 5058 5406 5707 5945 6227 6289 6328 6298 6256 6015 5884 5594 5163 4984 4652 4179 3987 3603 3271 2867 2549 2410 2112 1914 1736 1495 1282 1169 1003 906 778 714 584 572 460 447 349 314 268 245 227 169 151 175 127 120 98 93 89 64 54 54 64 40 48 32 31 38 22 22 24 23 11 12 11 14 9 5 6 6 4 6 3 3 5 1 3 3 0 3 1 1 1 2 5 1 0 3 1 0 1 0 0 0 1 0 0 1 0 0 1 0 0 0 0 0 1 0 0 0 0 0 0 0 0 0 0 0 
0 0 49 57 53 83 117 202 268 417 464 609 860 1067 1370 1657 1891 2374 2653 3149 3693 4091 4455 4885 5303 5664 5875 6128 6102 6342 6465 6402 6185 6070 5767 5434 5053 4881 4406 4062 3843 3475 3080 2702 2494 2279 1965 1800 1565 1336 1326 1075 986 875 758 665 592 494 438 408 327 309 252 232 218 178 152 143 126 84 89 78 54 64 53 45 48 44 31 31 25 16 20 15 13 14 16 14 8 14 6 9 9 3 3 8 7 3 2 2 0 3 1 1 1 1 0 1 0 0 0 0 0 0 0 0 0 0 0 
0 0 65 66 64 112 198 283 425 469 721 920 1159 1342 1851 2164 2479 2917 3230 3791 4276 4572 5095 5249 5793 6004 6215 6329 6444 6378 6365 6181 5907 5692 5358 5167 4618 4384 3946 3594 3218 2857 2631 2370 2136 1995 1763 1520 1312 1197 1006 953 861 737 609 534 503 442 357 346 316 253 208 186 186 174 111 136 92 95 89 65 51 55 48 30 41 36 24 17 30 24 13 16 13 9 11 6 5 3 4 4 4 6 3 1 1 2 1 1 0 1 2 3 0 1 1 1 2 0 1 1 1 1 0 1 0 0 0 0 1 0 0 0 0 0 0 0 0 0 0 0 
0 0 43 72 50 66 163 194 298 486 573 691 850 1108 1340 1678 1947 2434 2823 3189 3692 4073 4679 4927 5295 5663 6111 6082 6148 6358 6225 6189 6190 5803 5599 5377 4952 4671 4406 4065 3689 3359 3046 2748 2518 2147 1950 1775 1584 1413 1255 1102 952 865 748 699 565 533 454 371 380 352 281 258 203 173 168 111 131 117 99 70 76 61 43 57 41 35 22 30 23 37 8 13 16 8 16 10 4 8 7 8 5 2 4 1 2 4 1 2 5 0 1 0 3 2 2 0 0 2 1 1 0 0 1 0 0 0 0 0 0 0 1 0 0 0 0 0 0 0 0 0 0 0 
0 0 57 67 44 79 207 283 298 428 598 804 1019 1300 1544 1907 2276 2584 3090 3512 3960 4361 4774 5087 5617 6065 6034 6278 6469 6382 6329 6287 5974 5844 5674 5180 4871 4460 4227 3893 3431 3219 2887 2461 2447 2070 1832 1565 1472 1215 1105 934 923 756 704 596 517 459 405 399 317 286 225 227 190 155 143 132 106 96 82 68 96 56 35 42 47 31 26 22 27 22 20 19 11 7 16 8 7 3 4 3 6 1 2 3 0 1 1 2 0 0 2 0 0 1 0 0 2 0 0 0 0 1 0 0 0 0 0 0 0 0 0 0 0 
0 0 45 65 47 78 121 186 278 403 504 631 867 1069 1269 1542 1845 2091 2654 3063 3407 3799 4340 4742 5103 5490 5747 6081 6213 6410 6382 6171 6082 6176 5905 5481 5258 4873 4625 4201 3812 3465 3201 2923 2643 2291 2050 1821 1639 1491 1276 1123 996 882 732 693 613 521 476 437 375 324 293 229 212 174 180 151 121 106 89 88 72 60 50 61 39 37 24 25 31 29 25 17 21 15 7 21 5 11 4 4 5 9 5 5 4 2 1 5 2 2 3 1 0 2 0 0 1 1 0 0 0 1 0 0 0 0 0 0 0 0 0 0 0 
0 0 56 66 59 103 158 188 237 364 480 663 818 931 1264 1596 1893 2237 2677 3022 3557 4122 4444 4912 5319 5618 5899 6092 6379 6411 6384 6347 6264 6020 5716 5495 5264 4822 4405 4235 3736 3338 3204 2819 2591 2177 2082 1778 1647 1454 1261 1174 999 855 753 680 586 514 458 376 363 284 261 220 208 179 146 157 99 83 93 75 76 50 51 51 31 42 29 25 25 14 18 15 17 12 9 10 7 3 7 7 6 6 5 7 3 0 1 4 1 1 1 1 1 1 1 0 0 0 0 0 0 0 0 0 1 0 
0 0 50 40 41 88 137 133 172 219 225 347 516 648 857 1040 1288 1526 1943 2402 2684 3173 3670 3964 4484 5092 5304 5699 5922 6164 6222 6232 6402 6281 6131 5804 5725 5389 5030 4687 4288 4131 3688 3301 3063 2695 2465 2261 2068 1777 1547 1416 1266 1095 928 867 733 664 628 543 435 371 363 310 265 220 240 196 162 140 149 89 91 102 87 64 50 52 39 38 28 35 34 26 14 15 12 16 7 11 5 7 5 4 3 6 3 2 2 2 2 0 1 0 0 3 0 1 0 1 0 0 1 0 0 1 0 1 0 0 1 0 0 0 0 0 0 0 0 0 0 0 
0 0 65 75 66 112 197 229 261 387 451 579 898 1177 1284 1723 2108 2418 2851 3415 3660 4139 4753 5041 5419 5885 5996 6261 6194 6363 6451 6274 6197 5815 5575 5369 4912 4677 4280 3935 3569 3413 2991 2655 2377 2119 1821 1673 1573 1379 1237 1112 957 861 756 674 561 490 491 409 350 335 232 217 234 157 173 168 115 117 88 89 80 66 56 59 35 32 33 28 21 18 25 16 18 10 7 12 16 6 11 7 6 4 3 5 6 4 3 1 4 3 1 2 1 1 1 1 1 0 2 2 2 1 1 1 1 2 2 2 0 0 1 0 0 0 0 1 0 0 0 0 0 0 0 0 0 0 0 
0 0 60 70 59 89 134 172 252 391 408 621 839 1018 1257 1685 1935 2236 2653 3145 3708 4038 4474 5009 5217 5695 5961 6165 6189 6502 6462 6387 6313 6057 5672 5397 5147 4785 4390 4062 3761 3453 3193 2691 2541 2233 2018 1790 1629 1442 1217 1108 993 846 732 697 613 534 461 436 401 295 269 237 207 199 144 152 126 109 80 69 79 67 54 43 43 34 34 35 24 24 25 13 12 15 12 10 7 8 2 9 3 3 3 2 4 2 2 2 1 0 0 2 1 1 1 0 0 1 0 0 0 0 0 1 0 0 0 0 0 0 0 0 0 0 0 
0 0 73 53 53 116 148 215 381 449 559 823 1060 1278 1606 2014 2249 2678 3192 3569 3912 4503 4998 5237 5499 6182 6183 6268 6501 6251 6236 6151 6029 5764 5431 5110 4781 4501 4170 3829 3438 3085 2814 2519 2312 2061 1809 1641 1464 1235 1136 1017 843 824 694 607 514 483 438 354 308 327 246 231 183 173 148 139 127 90 78 82 79 74 64 55 47 35 42 23 32 26 26 12 7 13 8 8 8 5 7 5 6 2 6 5 1 1 0 1 0 0 2 1 0 0 0 0 0 0 0 0 0 0 0 
0 0 49 52 45 85 139 147 286 363 385 563 756 953 1084 1553 1845 2188 2604 2960 3392 3928 4369 4736 5140 5536 5789 6040 6215 6267 6444 6238 6175 5955 5748 5574 5197 4869 4520 4162 3649 3531 3245 2872 2592 2329 2005 1864 1733 1479 1319 1159 995 921 811 753 674 544 512 438 384 362 338 264 224 215 197 157 151 125 109 106 87 72 60 67 46 53 46 30 26 25 28 17 15 16 21 16 13 11 5 7 4 7 6 5 5 3 3 2 1 0 5 0 1 1 2 1 0 2 1 1 1 0 0 0 0 0 1 0 0 0 0 0 0 0 0 0 0 0 
0 0 64 54 51 118 165 165 242 440 478 557 1044 1203 1354 1754 2215 2447 2861 3517 3781 4307 4870 5143 5509 5714 6211 6259 6333 6413 6314 6452 6001 5834 5637 5290 4820 4580 4318 3816 3637 3224 2818 2547 2353 2182 1910 1674 1498 1314 1219 1005 881 787 617 661 541 448 416 359 317 262 230 206 176 161 137 143 112 108 86 80 57 61 60 43 46 41 24 40 35 22 23 17 19 13 11 8 10 15 7 6 2 3 4 1 6 3 4 1 2 2 0 0 1 1 0 0 1 0 0 0 0 0 0 0 0 0 0 0 
0 0 78 60 69 96 139 231 335 425 551 691 927 1182 1388 1725 2042 2486 2867 3459 3753 4169 4656 5062 5554 5803 5951 6281 6457 6473 6489 6382 6161 5767 5776 5280 4965 4637 4342 3958 3706 3291 2940 2647 2373 2054 1894 1654 1553 1344 1197 1024 897 888 709 658 595 475 410 387 329 311 270 218 185 187 147 141 117 84 88 65 64 57 57 60 33 37 33 15 25 20 26 18 13 16 8 12 7 7 7 3 2 1 3 2 0 1 3 1 1 0 0 3 0 0 0 0 1 1 0 0 0 0 0 0 0 1 0 0 0 0 0 0 0 0 0 0 0 
0 0 69 70 72 103 124 223 329 361 424 667 866 1032 1384 1700 1881 2274 2829 3201 3561 4035 4533 5142 5468 5726 6074 6138 6605 6553 6280 6315 6201 6089 5822 5374 5116 4658 4476 3995 3708 3293 3063 2835 2406 2163 1972 1736 1604 1329 1274 1163 954 852 761 655 587 523 411 361 309 308 242 221 205 190 153 148 93 97 91 78 86 77 50 47 45 34 22 34 31 22 25 14 14 18 10 12 5 11 9 6 5 2 2 1 3 2 1 2 0 1 0 2 0 0 0 0 0 1 0 0 0 0 0 0 0 0 0 0 0 
0 0 68 69 62 96 157 180 210 364 403 619 797 959 1258 1554 1824 2106 2472 2969 3467 3715 4283 4819 5141 5415 5771 5987 6113 6373 6499 6487 6282 6082 5862 5521 5229 4882 4620 4255 3801 3521 3202 2844 2653 2348 2107 1817 1583 1520 1321 1148 1030 915 797 668 632 550 488 459 396 327 311 234 225 195 173 154 121 113 79 77 83 67 47 46 36 35 30 19 23 24 18 12 15 11 8 4 11 6 5 6 6 4 2 3 3 3 4 3 2 3 2 1 1 1 1 3 1 0 0 0 0 0 0 1 0 1 0 0 0 0 0 0 0 0 0 0 0 
0 0 63 69 72 84 181 219 254 489 604 813 1081 1307 1487 1875 2338 2623 3099 3564 3912 4435 4902 5314 5657 5985 6310 6268 6426 6506 6403 6126 6012 5873 5453 5175 4944 4442 4129 3830 3359 3073 2898 2530 2275 2076 1770 1618 1471 1234 1145 969 877 796 711 605 548 446 389 324 326 289 235 209 167 182 132 109 120 79 81 60 54 49 34 37 33 22 24 20 25 21 6 14 10 10 5 5 7 3 2 4 3 3 4 3 2 2 1 2 1 0 0 0 1 1 0 0 0 2 0 0 0 0 0 0 0 0 0 0 0 
0 0 69 59 53 149 164 201 220 331 436 565 716 814 1157 1559 1762 2009 2606 2979 3365 3879 4350 4651 5056 5613 5761 6074 6250 6261 6435 6204 6170 5940 5722 5469 5271 4876 4525 4325 3876 3527 3182 3020 2622 2420 2125 1939 1687 1541 1326 1191 1004 948 829 697 635 583 483 379 363 370 306 254 249 183 148 150 118 118 101 75 73 73 68 42 47 43 34 26 33 27 29 13 20 15 16 15 9 7 10 9 2 8 5 5 4 3 4 5 2 1 1 2 1 1 1 2 2 1 0 0 0 1 2 0 0 1 0 0 0 1 0 0 0 0 0 0 0 0 0 0 0 
0 0 48 55 52 125 158 233 312 376 520 754 948 1107 1300 1823 1955 2352 2817 3241 3710 4290 4676 4938 5331 5765 6037 6088 6340 6185 6372 6248 6123 5848 5740 5332 4924 4634 4211 3953 3647 3324 3062 2682 2472 2181 1998 1751 1533 1352 1185 1125 1025 880 734 645 575 526 404 424 353 313 254 241 211 152 175 128 100 99 79 96 59 47 59 48 43 31 29 24 20 15 21 11 10 12 8 10 8 4 6 7 3 1 3 1 2 1 0 0 6 1 0 0 0 1 1 0 0 1 0 0 2 0 0 2 0 1 1 0 1 0 1 0 0 0 0 0 0 0 0 0 0 0 
0 0 73 56 60 103 198 220 277 587 622 672 985 1256 1566 1882 2239 2627 3021 3484 3878 4579 4926 5216 5490 6007 6091 6349 6399 6416 6368 6360 6037 5794 5487 5210 4877 4549 4083 3839 3426 3152 2913 2514 2256 2114 1798 1611 1350 1314 1198 1053 877 801 650 648 549 488 441 393 337 259 255 258 172 167 152 132 123 113 78 87 56 61 50 36 36 31 26 20 16 19 19 11 13 17 6 8 12 4 6 3 2 4 5 3 1 1 3 3 3 0 0 2 0 0 0 1 0 1 1 0 0 0 1 0 0 0 0 0 0 0 0 0 0 0 
0 0 81 57 63 315 309 356 643 761 887 1252 1507 1600 2007 2462 2806 3217 3651 4130 4658 5041 5399 5699 6080 6321 6376 6506 6401 6399 6352 5912 5658 5305 5048 4603 4299 3870 3537 3322 3007 2613 2351 2120 1970 1669 1467 1403 1209 1053 899 824 713 568 555 507 431 385 321 270 253 219 185 167 141 124 117 89 96 69 57 67 45 38 42 37 36 26 26 19 20 15 17 12 12 12 7 3 11 6 4 2 3 1 3 1 2 0 3 0 0 1 1 2 2 0 0 1 2 0 0 1 2 2 0 0 0 3 0 0 1 0 0 2 0 0 3 0 0 0 0 1 0 0 1 0 0 0 1 0 0 1 
0 0 66 57 69 146 162 255 407 522 567 725 1067 1215 1444 1871 2312 2543 3011 3472 3813 4467 4843 5190 5485 5866 6140 6327 6313 6328 6322 6123 5987 5758 5430 5080 4819 4511 4193 3826 3458 3142 2915 2651 2336 2118 1903 1712 1480 1326 1201 1043 928 758 698 613 587 481 399 355 315 282 232 203 168 159 127 116 102 90 71 71 63 54 32 33 27 24 23 27 22 16 15 12 12 10 13 3 3 4 2 3 3 2 4 2 1 0 1 0 0 1 0 1 2 0 0 3 0 1 0 0 2 0 1 1 0 0 0 0 0 0 0 1 0 0 0 0 1 0 0 0 0 2 0 0 0 0 0 0 0 0 
0 0 64 56 58 120 157 164 306 366 446 612 770 1062 1182 1546 1750 2223 2667 3007 3502 3858 4370 4845 5299 5657 5891 6114 6542 6306 6431 6212 6331 6072 5813 5521 5227 4878 4576 4169 3911 3490 3137 2902 2597 2217 2072 1838 1580 1411 1245 1059 1001 881 783 660 597 560 453 400 357 286 269 230 187 180 157 114 129 98 76 84 59 63 52 46 47 33 24 47 25 19 16 18 12 2 13 12 7 9 8 4 5 2 2 5 2 1 2 3 3 0 0 0 2 0 0 0 0 0 0 0 0 0 0 0 
0 0 77 57 53 106 259 240 289 441 547 670 1037 1220 1335 1772 2114 2527 2921 3382 3769 4126 4769 5086 5393 5837 6225 6258 6408 6349 6255 6301 6126 5785 5627 5292 4843 4518 4229 3936 3544 3146 3038 2633 2292 2155 1902 1674 1465 1362 1239 1045 979 821 704 673 607 481 475 379 347 320 280 220 187 197 179 141 134 99 94 85 83 65 50 56 36 43 26 35 23 17 22 23 12 13 9 7 11 11 9 4 5 7 5 3 4 5 5 3 5 3 1 3 1 1 2 1 2 0 0 1 0 0 1 0 0 2 0 0 1 1 0 0 1 0 1 0 0 0 0 0 0 0 0 0 0 0 
0 0 67 50 40 179 167 208 238 367 425 572 826 939 1159 1387 1731 2060 2469 2903 3299 3642 4363 4639 5145 5587 5826 6066 6279 6448 6377 6407 6298 6009 5999 5468 5278 5075 4524 4260 4000 3578 3236 2867 2662 2408 2187 1959 1693 1446 1390 1175 948 937 787 683 608 595 457 405 361 352 276 221 224 220 207 154 132 131 114 87 87 57 51 71 49 47 43 30 25 27 19 22 14 15 8 14 11 6 13 6 10 7 8 3 1 4 4 4 2 2 2 4 2 1 2 0 3 1 0 1 0 1 0 0 0 0 0 0 0 0 0 0 0 
0 0 56 49 46 78 113 158 196 236 294 422 670 724 972 1149 1500 1927 2325 2670 2958 3438 3898 4404 4781 5258 5569 5872 6068 6395 6312 6383 6507 6173 6052 5801 5514 5065 4917 4615 4049 3873 3579 3119 2791 2528 2398 2065 1868 1614 1470 1279 1139 993 904 808 696 623 527 448 403 405 326 267 248 225 172 179 144 132 108 101 72 70 60 57 58 45 49 35 36 25 23 21 21 8 16 16 8 6 6 8 7 4 8 5 1 4 2 2 1 1 1 2 1 0 2 0 0 1 0 1 0 0 0 0 0 0 0 0 0 0 0 
0 0 78 52 61 113 99 178 220 443 525 603 821 1188 1388 1706 2071 2402 2733 3209 3773 3985 4392 4936 5244 5552 5854 6336 6295 6329 6497 6195 6096 5897 5572 5347 5079 4848 4426 4118 3801 3464 3070 2773 2484 2179 1997 1799 1543 1333 1186 1059 949 818 732 664 540 518 399 398 342 287 256 231 199 176 154 123 107 101 85 86 49 65 58 46 43 40 33 32 19 21 17 14 11 15 9 7 7 9 7 4 5 4 4 2 4 3 2 1 0 2 1 5 0 0 0 2 1 1 0 2 2 0 0 0 0 0 0 0 0 1 0 0 
0 0 65 72 65 107 170 241 298 362 550 672 814 1060 1349 1610 1907 2290 2770 3195 3679 4067 4578 5038 5402 5837 6077 6106 6271 6480 6503 6217 6240 6039 5661 5440 5243 4762 4324 4024 3795 3283 3033 2797 2543 2289 1922 1737 1507 1353 1171 1070 991 803 720 631 575 488 422 406 329 289 261 222 200 151 153 135 126 119 75 75 55 49 40 44 29 26 27 15 11 23 12 18 9 13 4 9 8 5 6 4 5 4 1 2 8 3 2 0 2 2 0 2 1 6 2 2 1 1 0 0 0 0 1 0 0 0 0 0 0 0 0 0 0 0 
0 0 72 64 68 220 274 282 447 560 761 926 1184 1426 1756 2165 2468 2958 3320 3844 4280 4613 5017 5474 5781 5873 6332 6205 6422 6461 6305 6194 5943 5534 5281 4846 4567 4196 3949 3662 3298 2964 2577 2402 2069 1865 1640 1478 1356 1236 1035 990 809 707 651 568 518 405 353 328 278 224 223 215 151 140 154 104 98 85 69 65 51 50 51 29 25 32 33 16 14 15 14 12 8 11 9 5 3 4 3 0 5 2 2 1 2 0 1 1 0 0 1 1 0 1 0 0 2 0 0 0 0 1 1 0 0 0 0 0 0 0 0 0 0 0 
0 0 54 53 48 111 133 215 303 393 553 714 954 1099 1312 1679 1967 2299 2701 3204 3650 4036 4594 4963 5190 5595 6076 6113 6301 6416 6449 6297 6073 5901 5653 5375 5136 4721 4378 3897 3666 3426 3052 2788 2422 2207 2006 1792 1507 1422 1268 1048 1014 803 704 640 611 528 447 419 335 321 249 225 192 184 144 137 115 86 90 90 54 58 51 26 41 39 31 23 21 22 25 21 12 13 9 10 7 8 4 6 3 7 2 2 1 4 3 0 1 0 3 0 0 0 2 1 1 0 0 1 0 0 0 0 0 0 0 0 0 0 0 
0 0 80 67 53 100 255 347 374 583 728 883 1201 1576 1781 2158 2566 2872 3436 3836 4209 4691 5100 5510 5759 6045 6241 6331 6369 6384 6233 6001 5778 5511 5396 4930 4586 4255 4028 3532 3180 2928 2553 2375 2123 1878 1671 1542 1332 1231 1034 981 850 693 649 562 482 423 397 363 292 243 249 229 161 118 137 133 97 95 58 65 66 51 40 40 35 28 34 23 17 16 15 8 15 13 9 8 7 5 5 4 1 5 3 4 2 0 2 3 1 1 0 1 0 6 0 0 0 0 0 0 1 0 1 0 0 0 0 0 1 1 0 0 0 0 0 0 0 0 0 1 0 
0 0 64 53 58 118 101 186 265 360 401 578 783 938 1284 1514 1818 2174 2635 3069 3536 3922 4349 4757 5201 5574 5772 6133 6210 6284 6501 6196 6181 5914 5778 5560 5229 4847 4605 4148 3786 3517 3170 2866 2563 2306 2114 1866 1677 1421 1299 1139 1012 898 784 718 637 514 517 420 330 334 279 294 223 186 145 141 106 117 96 85 57 73 54 59 37 41 33 28 25 27 13 12 16 9 16 11 6 4 9 2 6 6 2 5 6 1 2 3 2 3 0 2 2 4 1 0 0 1 2 0 0 1 1 0 1 0 0 3 1 0 0 0 0 0 0 0 0 0 0 0 
0 0 66 46 58 110 123 193 279 416 476 533 756 944 1224 1379 1816 2194 2440 3062 3392 3809 4240 4694 5223 5550 5898 6203 6257 6539 6520 6399 6275 6057 5896 5550 5111 4943 4555 4144 3864 3457 3177 2797 2526 2337 2020 1822 1575 1478 1331 1148 1023 872 749 665 599 574 457 421 378 321 284 240 209 183 154 154 124 145 96 83 84 68 64 49 47 37 39 34 37 27 25 17 14 14 8 15 7 11 10 5 7 6 4 2 5 2 1 2 4 0 1 2 0 1 0 1 0 1 1 1 0 1 0 0 1 1 0 0 0 0 0 0 0 1 0 0 0 0 0 1 0 0 0 1 0 0 0 0 0 0 
0 0 53 41 50 153 154 177 330 371 464 624 808 1039 1102 1506 1866 2067 2506 3069 3474 3758 4330 4826 5175 5452 5724 6062 6327 6301 6359 6563 6338 5884 5904 5673 5120 4806 4479 4109 3811 3461 3164 2932 2643 2301 2026 1931 1664 1493 1274 1218 999 926 826 718 597 569 485 378 374 316 296 264 219 179 190 167 128 115 95 72 81 63 57 50 57 38 32 33 26 24 26 24 19 14 13 14 15 12 4 7 9 2 5 10 4 6 5 2 3 5 7 5 3 1 3 5 4 1 4 0 2 2 0 1 0 0 0 0 1 1 1 0 0 0 0 0 0 1 1 0 0 0 1 0 0 1 0 0 0 0 
0 0 61 53 48 133 176 175 262 396 449 587 876 1042 1294 1623 1930 2235 2597 3152 3451 3862 4445 4661 5215 5626 5730 6093 6286 6312 6364 6217 6237 5939 5918 5364 5124 4944 4494 4075 3774 3497 3236 2798 2562 2196 2055 1877 1636 1410 1318 1128 1026 872 811 743 552 527 436 359 360 299 292 247 205 185 151 173 142 121 109 89 68 83 63 46 57 52 33 30 27 23 12 16 19 11 10 10 9 6 6 4 7 3 5 3 1 3 1 0 2 1 3 1 1 1 0 0 1 0 1 0 0 0 0 0 0 0 0 0 0 0 
0 0 72 64 50 89 128 134 199 334 574 628 864 1189 1299 1757 2169 2519 2849 3336 3745 4108 4667 5200 5419 5708 6029 6269 6326 6296 6381 6213 6125 5940 5666 5258 4966 4644 4259 3916 3564 3345 3020 2692 2442 2157 1972 1731 1499 1367 1236 1081 916 769 740 695 603 492 427 381 375 270 249 252 204 172 164 140 122 113 86 89 79 67 55 38 48 40 26 26 30 21 16 10 16 7 10 11 7 4 7 3 3 3 3 2 3 2 0 1 3 2 0 0 1 2 0 1 0 1 1 0 0 0 0 0 0 0 0 0 0 0 
0 0 55 59 36 179 224 209 310 521 571 839 974 1187 1495 1736 2132 2390 2891 3242 3785 4299 4508 5092 5573 5809 6117 6251 6414 6292 6389 6208 6042 5864 5446 5336 4875 4498 4273 3747 3603 3207 2989 2652 2392 2144 1904 1635 1540 1298 1215 1135 877 805 717 667 535 519 420 415 334 336 272 200 210 191 150 146 120 115 81 84 64 55 55 55 46 32 32 28 26 26 16 26 15 17 16 12 5 6 8 5 6 3 2 2 4 2 2 1 2 2 3 0 2 0 1 3 0 0 0 0 0 3 1 1 0 0 0 1 0 0 0 0 0 1 1 0 0 1 0 0 0 0 0 0 0 0 0 0 0 
0 0 56 48 45 91 97 154 233 279 382 517 681 777 1222 1485 1683 2000 2412 3045 3372 3798 4268 4575 4954 5502 5898 6106 6127 6342 6432 6467 6240 6172 5853 5807 5429 4891 4706 4418 3988 3601 3258 2930 2603 2380 2119 1901 1783 1471 1294 1175 1052 916 795 740 643 560 515 445 348 347 280 256 221 231 172 165 128 137 97 83 94 73 68 59 62 44 56 43 29 31 29 26 18 23 20 13 14 18 9 8 14 12 5 6 4 6 8 4 2 4 1 1 2 4 1 2 3 1 1 1 1 2 0 0 3 0 0 1 0 1 0 1 1 0 0 0 0 0 0 0 0 0 0 0 
0 0 61 49 46 168 190 180 344 581 628 853 1092 1262 1691 2012 2385 2738 3216 3834 4157 4597 4995 5408 5643 5936 6330 6339 6371 6315 6343 6180 5965 5693 5409 5081 4700 4287 4111 3632 3390 3058 2724 2478 2127 1931 1694 1634 1361 1251 1081 900 818 745 660 594 505 422 409 319 295 236 247 202 175 164 114 125 112 99 85 80 62 54 43 45 41 27 25 26 24 25 21 12 13 10 7 7 1 5 4 4 3 3 0 3 1 1 0 0 2 0 0 0 0 0 1 0 0 0 0 0 0 0 0 0 0 0 
0 0 69 75 54 212 244 265 408 544 581 835 998 1216 1642 1958 2374 2759 3127 3818 4075 4521 4965 5275 5761 5996 6230 6137 6419 6476 6379 6257 5944 5707 5548 5178 4881 4352 4046 3634 3451 2981 2753 2504 2176 2003 1835 1564 1333 1268 1077 936 832 728 658 566 497 462 370 344 301 262 228 209 173 152 139 112 102 86 71 73 48 59 43 50 23 29 28 23 20 11 14 11 13 8 10 9 9 4 3 7 8 4 2 3 4 1 4 2 0 2 0 3 2 1 0 0 0 0 0 0 0 0 0 1 0 
0 0 66 63 53 177 206 234 323 478 591 720 1112 1366 1509 1954 2329 2646 3097 3691 4126 4515 4975 5371 5645 5931 6303 6371 6322 6232 6261 6212 5908 5763 5384 5178 4887 4502 4134 3812 3336 3051 2858 2553 2213 1976 1774 1550 1447 1247 1112 989 901 770 672 607 501 448 406 343 312 263 228 218 185 162 151 120 121 98 75 72 63 50 46 43 44 36 28 19 24 16 18 14 18 15 5 12 5 6 6 2 2 3 6 5 2 3 2 1 1 0 0 2 0 2 0 1 0 0 0 0 0 0 0 0 0 0 0 
0 0 66 59 57 120 126 148 210 311 379 506 668 764 1059 1273 1589 1939 2250 2728 3243 3681 4038 4529 5049 5398 5678 6013 6161 6415 6459 6329 6351 6279 5935 5584 5414 5140 4764 4280 4087 3732 3446 3028 2761 2472 2203 1996 1822 1546 1287 1276 1074 1005 850 732 641 588 526 430 404 367 304 270 243 188 176 161 137 110 101 107 77 69 54 44 51 35 22 34 28 26 14 12 11 14 11 3 11 10 1 4 5 7 6 4 2 3 3 0 4 4 1 2 4 0 0 1 2 2 0 0 0 0 1 2 0 0 0 0 0 0 0 0 0 0 0 
0 0 74 64 47 95 145 173 218 415 533 649 834 1143 1279 1660 2143 2357 2805 3250 3847 4254 4556 5120 5527 5749 5919 6308 6280 6329 6309 6201 6087 5898 5729 5377 5009 4637 4266 3897 3648 3257 3038 2817 2426 2180 1938 1784 1555 1380 1242 1066 969 821 717 692 612 503 446 378 335 293 257 233 190 178 163 136 104 106 106 86 78 65 47 44 43 32 29 17 30 21 20 14 11 4 10 13 9 4 3 3 5 1 4 7 2 5 1 4 1 0 0 0 1 1 0 0 0 1 1 0 0 0 0 1 0 0 0 0 0 0 0 0 0 0 0 
0 0 84 81 65 125 191 333 396 478 699 876 1075 1329 1798 1980 2381 2932 3255 3728 4255 4535 5026 5318 5650 6013 6226 6311 6378 6385 6315 6111 5908 5586 5333 4989 4773 4309 4123 3567 3300 3014 2664 2394 2215 1972 1772 1496 1325 1184 1091 963 851 712 624 584 537 453 379 352 264 286 209 186 197 144 135 132 105 97 79 65 74 46 43 46 40 27 27 32 18 15 20 21 15 8 9 4 5 8 7 1 7 4 2 2 4 2 4 0 0 1 1 2 0 2 0 2 0 2 0 1 1 0 0 0 0 0 0 0 1 0 0 0 0 0 0 0 0 0 0 0 
0 0 69 38 53 132 194 332 396 514 569 858 1037 1231 1517 1903 2258 2593 3090 3420 3871 4500 4723 5213 5586 5828 6029 6196 6374 6274 6274 6188 5988 5838 5470 5203 4807 4529 4234 3697 3478 3112 2891 2620 2269 2134 1828 1691 1494 1294 1226 992 934 798 732 589 584 479 470 396 318 322 260 213 212 172 142 152 147 113 80 71 52 57 56 38 37 31 30 28 15 17 15 18 6 13 7 5 10 8 7 2 4 4 9 6 3 4 2 4 1 1 0 1 0 2 2 1 1 1 2 1 1 0 0 0 3 1 1 0 1 0 0 0 0 0 1 0 0 0 0 0 0 0 0 0 1 0 
0 0 65 60 62 105 134 179 295 309 399 607 761 909 1139 1423 1807 2195 2550 2925 3481 3957 4332 4892 5185 5530 5787 6235 6248 6475 6431 6388 6248 5917 5834 5757 5297 4921 4405 4302 3785 3578 3308 2898 2612 2352 2103 1842 1620 1471 1363 1181 995 940 804 692 603 523 466 433 410 349 276 222 197 175 156 144 125 116 94 78 76 60 57 51 45 28 33 33 18 22 29 19 8 13 10 9 9 4 5 3 3 2 2 7 2 1 0 0 1 2 0 0 0 1 2 0 0 1 0 0 0 0 0 0 0 0 0 0 0 
0 0 53 52 54 134 159 204 318 476 487 664 970 1123 1444 1851 2095 2422 2983 3347 3791 4212 4582 5016 5517 5626 5967 6232 6370 6472 6513 6298 6146 6021 5661 5262 4911 4691 4184 4074 3586 3290 2910 2640 2387 2069 1813 1729 1560 1345 1182 1069 980 766 736 664 572 503 462 370 335 311 280 209 189 158 152 100 132 95 80 77 63 60 57 57 34 35 41 30 26 22 22 18 8 14 11 6 8 5 3 0 6 5 2 3 2 2 1 1 3 2 0 1 1 1 2 2 1 1 1 0 3 1 1 1 1 2 2 1 1 0 1 1 0 1 0 0 0 0 0 0 0 0 0 0 0 
0 0 62 64 49 80 159 210 240 372 549 758 1068 1202 1521 1891 2215 2502 2855 3311 3782 4294 4629 5204 5446 5605 6043 6302 6298 6321 6313 6143 6076 5870 5581 5323 4912 4601 4273 3961 3605 3194 3002 2681 2336 2144 1857 1661 1462 1335 1132 1060 956 850 685 646 545 459 436 343 321 298 260 252 209 169 137 146 117 111 86 80 80 79 61 46 35 35 24 29 19 33 14 17 16 15 6 9 4 12 4 11 0 4 3 0 4 2 1 2 2 1 2 2 0 3 1 0 1 2 1 3 1 1 0 0 0 2 0 3 1 0 0 0 0 1 0 0 0 0 1 0 1 0 0 0 0 0 0 0 0 0 
0 0 57 55 58 114 165 229 249 370 513 618 872 1052 1246 1599 1836 2257 2559 3157 3414 4070 4476 4792 5257 5480 6013 5999 6219 6383 6293 6256 6152 5987 5731 5574 5062 4848 4560 4176 3840 3516 3173 2841 2558 2284 2132 1732 1605 1502 1277 1108 1018 876 756 639 596 529 482 425 366 312 285 281 210 187 138 157 149 120 85 108 74 72 73 62 51 41 33 30 27 24 15 13 18 14 11 13 10 6 8 7 4 2 8 2 2 4 3 0 1 1 2 3 1 0 1 0 0 0 0 0 0 0 0 0 0 0 
