0 11 12 30 46 69 78 82 123 245 356 368 481 506 632 753 1018 1257 1432 1704 1903 2058 2318 2636 2928 3270 3521 3777 4040 4040 4379 4804 4832 4860 5045 5122 5106 5031 4980 5015 4958 4731 4533 4177 4054 3889 3727 3479 3290 3162 2884 2513 2406 2188 2050 1993 1767 1675 1477 1388 1208 1074 1059 1029 881 830 710 674 584 559 494 437 405 377 380 309 280 236 248 229 202 168 165 123 112 119 105 96 91 72 66 58 54 62 54 49 43 39 28 24 28 28 19 25 20 13 15 7 15 9 9 9 1 6 6 6 5 5 7 1 0 2 3 5 4 5 0 2 0 2 0 1 1 0 0 0 1 0 0 0 0 0 0 0 1 0 0 0 0 0 0 1 0 0 0 0 1 0 0 0 0 0 0 0 0 0 0 0 0 1 0 0 0 0 0 0 0 0 0 0 0 0 0 0 0 
0 6 17 29 35 215 263 240 222 258 359 579 740 841 897 1133 1229 1508 1809 1917 2042 2587 2720 3109 3504 3602 3844 4001 4368 4641 4863 4889 5076 4991 5028 5083 5011 4899 4763 4820 4593 4407 4332 3951 3634 3630 3443 3146 2913 2782 2664 2386 2174 1918 1788 1722 1517 1344 1374 1242 1121 1026 922 846 792 684 648 600 535 445 427 398 376 308 300 246 232 203 200 183 174 151 123 112 107 86 87 79 76 62 61 52 43 46 35 33 29 27 30 14 19 15 18 19 13 10 4 4 8 8 8 7 9 7 6 4 5 4 3 1 2 3 2 0 2 3 2 0 1 0 0 0 1 0 0 2 0 1 0 0 1 0 0 1 0 0 0 0 0 0 0 0 0 0 0 
0 5 16 31 47 120 155 147 175 245 294 329 418 469 525 605 1024 1280 1546 1529 1503 1934 2350 2714 2974 3132 3222 3576 3747 4127 4468 4608 4838 4661 5043 5018 5105 4875 4877 4911 4810 4686 4502 4305 4198 4061 3696 3556 3287 3137 2948 2735 2550 2313 2100 2038 1891 1618 1515 1478 1309 1175 1091 1009 912 820 777 693 609 583 499 484 453 420 336 340 315 283 252 220 216 178 164 145 144 144 131 90 96 92 72 77 69 77 56 59 44 45 44 41 27 31 23 27 15 16 20 16 15 16 9 14 10 8 6 14 6 8 3 5 4 4 4 2 2 3 2 5 2 2 1 1 0 0 3 1 0 1 1 1 0 0 1 1 0 0 0 0 1 0 0 0 
0 7 26 42 49 62 82 107 112 172 199 250 363 456 564 629 892 1015 1311 1294 1709 1911 2225 2374 2568 2878 2982 3297 3625 3897 4195 4316 4505 4634 4916 5094 4982 5161 4995 5098 4888 4890 4644 4634 4389 4215 3894 3698 3517 3334 3186 2970 2616 2538 2319 2111 2089 1868 1699 1493 1334 1245 1211 1130 1017 811 811 734 622 584 551 488 444 413 395 339 283 275 233 224 204 190 177 185 125 119 134 114 88 79 74 60 62 71 57 38 38 50 34 28 30 29 12 27 24 22 21 19 14 14 14 14 9 9 11 5 5 7 3 5 6 7 1 1 4 1 3 4 1 1 0 2 2 1 0 1 1 0 0 0 1 0 1 1 2 0 0 1 0 0 0 0 0 0 0 0 1 0 0 0 0 0 1 0 0 0 0 
1 4 16 43 45 61 84 83 101 138 157 203 299 368 505 512 639 1005 1161 1361 1371 1611 1845 2192 2438 2749 3040 3412 3582 3788 4014 4247 4643 4713 4912 4917 5108 5093 5143 5191 4829 4737 4745 4517 4442 4248 4089 3915 3648 3399 3109 3035 2866 2560 2405 2218 2101 1871 1639 1642 1477 1326 1281 1050 1060 938 822 709 674 652 596 515 457 446 397 355 338 315 265 251 232 208 175 157 140 137 120 113 111 81 82 73 75 52 61 68 47 47 30 34 28 31 27 20 16 19 23 17 17 7 9 12 9 7 12 7 2 3 0 5 3 10 1 3 0 3 2 4 0 1 2 1 0 1 0 3 0 1 0 0 1 0 0 0 0 0 0 0 0 0 0 0 0 0 0 
0 6 15 33 42 54 64 90 123 162 171 177 309 427 452 546 577 728 955 1229 1105 1465 1538 2035 2200 2517 2983 3291 3496 3739 4130 4513 4510 4589 4520 4939 4970 5095 5039 5069 5097 4920 4748 4593 4516 4345 4222 4071 3770 3515 3326 3078 2940 2720 2602 2347 2122 1931 1792 1642 1471 1352 1236 1174 992 919 917 778 718 685 559 505 524 469 402 381 339 326 276 250 252 228 196 180 177 146 142 119 112 98 112 78 85 67 46 46 56 53 41 46 31 32 21 24 23 19 18 10 12 11 6 11 5 12 8 4 6 7 7 7 5 4 2 2 2 4 1 4 2 1 2 2 1 1 1 1 1 0 0 0 0 1 0 0 0 0 0 1 1 0 
1 5 17 25 51 48 47 74 73 114 118 180 300 350 403 486 673 811 1001 1069 1259 1670 1971 2159 2148 2536 2862 3265 3468 3743 3923 4293 4580 4511 4803 4925 4849 5104 5211 5129 5023 4953 4752 4693 4498 4297 4035 3861 3736 3509 3237 3003 2942 2651 2485 2367 2088 1996 1757 1674 1497 1346 1307 1157 1130 1005 886 831 660 698 599 593 544 453 413 384 382 343 309 284 229 196 225 167 147 133 142 123 93 102 98 79 81 80 53 55 56 50 34 38 39 33 28 28 22 22 20 13 15 15 11 9 5 12 13 4 2 12 6 7 6 3 8 3 8 3 5 2 2 8 4 2 2 3 0 1 1 2 0 0 1 1 0 0 0 0 0 1 2 0 0 0 0 0 0 0 0 0 0 0 0 0 0 1 0 0 0 0 0 0 1 0 0 0 0 
1 4 17 37 48 62 146 178 295 265 322 355 357 402 558 851 1145 1299 1397 1409 1701 1824 2398 2738 3090 2917 3286 3563 3882 4138 4508 4598 4853 4817 4932 4882 4938 5131 5058 5020 4785 4565 4512 4276 4117 3896 3778 3549 3356 3119 2986 2741 2510 2307 2161 2024 1901 1737 1509 1435 1289 1157 1085 957 910 798 770 737 612 529 532 448 477 371 340 310 282 281 207 223 207 182 159 149 105 126 114 85 85 82 68 70 73 45 48 46 32 35 32 29 30 12 15 15 16 13 16 11 12 12 10 14 4 3 3 4 4 2 5 4 2 1 1 2 1 3 0 1 1 1 3 1 1 1 0 0 0 1 0 0 0 0 1 0 0 0 0 0 0 1 0 0 0 0 1 0 1 0 0 
0 4 16 35 52 55 84 102 110 465 480 312 346 523 663 787 850 977 1372 1617 1832 1850 1954 2363 2833 3024 3395 3645 3661 3935 4194 4390 4620 4860 4953 4922 5142 5208 5113 5094 5008 4614 4643 4528 4304 4163 3939 3729 3416 3153 2963 2751 2522 2331 2246 2009 1904 1705 1597 1425 1410 1209 1076 1033 983 857 827 654 622 592 556 509 398 384 351 316 291 271 254 235 222 182 160 127 141 106 114 95 90 73 51 68 65 65 54 47 36 40 31 31 40 15 35 22 19 17 16 15 17 11 10 8 9 12 7 6 12 12 10 8 5 2 8 4 3 2 2 0 2 2 1 2 0 0 0 0 0 0 0 0 0 0 0 0 0 0 0 
0 9 43 79 100 113 98 104 145 190 243 320 376 432 517 705 768 860 1305 1386 1488 1671 2058 2367 2864 2941 3152 3353 3743 3877 4103 4526 4802 4979 4994 4901 5152 5132 5111 5029 4877 4824 4748 4557 4299 4143 3846 3631 3564 3297 3132 2748 2692 2469 2353 2149 1977 1855 1653 1487 1359 1363 1177 1067 993 890 828 684 702 609 556 523 466 422 389 344 282 284 272 224 222 191 179 150 150 111 122 120 95 82 68 78 70 60 43 58 54 34 29 25 27 28 22 16 18 24 15 16 12 13 15 7 10 9 7 3 5 8 2 3 5 1 3 4 2 5 1 2 3 3 0 2 0 1 1 1 2 2 0 1 0 0 0 0 1 0 0 0 0 1 0 0 0 0 0 0 0 0 0 0 0 
0 4 26 42 58 79 89 110 145 188 221 299 435 571 648 742 760 995 1167 1298 1633 1835 2089 2400 2643 2903 3132 3551 3668 3979 4185 4515 4638 4810 4968 4857 4973 5003 5017 4943 4872 4739 4621 4596 4393 4032 3971 3669 3522 3308 3040 2820 2738 2422 2267 2117 1966 1824 1721 1512 1385 1288 1182 1115 973 917 814 779 664 615 590 533 452 421 398 369 331 311 266 233 204 186 174 169 148 125 102 123 94 100 79 71 66 58 50 38 47 45 33 28 33 26 23 23 22 18 13 10 13 9 9 8 5 7 1 5 5 7 6 8 5 3 3 2 3 1 3 3 1 0 2 0 2 1 0 0 0 0 1 0 1 1 0 3 1 0 0 0 0 0 0 0 1 0 0 0 0 0 0 0 0 0 0 0 0 0 
0 4 20 35 48 85 319 345 288 142 301 372 483 644 864 930 1055 1166 1359 1515 1996 2099 2312 2629 2867 3315 3407 3984 4293 4248 4441 4500 4730 4971 5070 5025 5008 5012 4821 4890 4815 4755 4472 4297 4007 3987 3713 3453 3356 3055 2870 2659 2410 2382 2090 1953 1765 1653 1586 1317 1288 1124 1061 1019 838 827 681 623 559 548 496 509 432 401 352 282 274 250 257 209 195 179 152 132 129 122 114 79 70 57 58 51 66 72 42 52 35 40 29 31 22 23 15 13 26 19 17 11 15 12 15 7 8 11 7 9 7 5 8 9 2 3 7 3 1 4 3 1 1 1 2 0 2 2 0 2 0 2 0 2 1 1 0 0 0 0 0 0 0 0 0 0 0 0 0 0 0 0 0 0 0 
0 11 33 51 91 70 70 207 151 159 204 315 356 379 439 672 751 962 1133 1406 1435 1702 1945 2200 2600 3015 3271 3559 3715 3903 4222 4191 4460 4722 4877 4985 4887 5044 5220 5091 4878 4958 4803 4625 4464 4181 3948 3648 3609 3387 3148 2906 2741 2480 2343 2108 2009 1804 1756 1567 1387 1329 1260 1088 970 930 819 744 665 607 543 521 492 429 363 339 321 289 264 237 228 192 159 154 148 122 120 122 107 97 81 65 59 51 58 40 45 25 28 46 41 27 27 17 20 17 14 11 9 6 10 13 7 4 5 1 5 3 2 4 2 2 3 0 1 0 3 1 1 1 0 1 0 0 1 0 0 3 0 3 0 1 1 0 1 0 1 0 0 0 0 0 0 0 0 0 0 0 0 0 0 
0 12 19 15 33 50 54 70 101 167 175 246 231 252 293 399 646 900 1000 1380 1385 1686 1924 2037 2298 2362 2910 3344 3502 3791 4138 4292 4440 4737 4899 5022 4964 4903 4966 5017 4985 5034 4717 4489 4395 4248 4059 4007 3680 3504 3153 3104 2863 2710 2502 2232 2113 1926 1813 1706 1544 1457 1305 1179 1072 894 904 817 696 606 553 550 522 460 415 384 352 331 255 269 227 208 188 169 143 157 132 105 104 91 84 70 77 70 55 45 60 39 45 39 27 26 30 18 24 17 15 16 11 14 10 5 6 11 7 4 6 12 8 6 0 3 3 3 2 1 6 3 2 3 0 1 0 0 3 3 0 1 1 1 1 0 0 0 0 0 0 0 0 0 0 0 0 0 0 0 0 0 0 0 0 0 0 
0 5 14 25 35 56 63 79 133 118 140 178 208 347 416 482 597 826 1004 1182 1490 1632 1749 1973 2251 2637 2790 3037 3340 3572 3973 4026 4298 4719 4830 5137 5053 4968 5108 5156 4982 4950 4730 4619 4521 4312 4175 3850 3716 3560 3255 3013 2872 2701 2606 2274 2092 1984 1910 1773 1505 1388 1249 1174 1081 1009 925 800 729 706 617 603 541 455 430 406 349 320 297 291 259 210 174 133 165 138 132 114 116 76 88 59 65 58 63 62 38 45 34 33 30 25 33 31 25 15 13 27 10 11 9 8 9 18 8 6 2 4 3 2 2 6 5 7 0 1 3 3 2 3 1 3 3 0 2 0 3 1 1 3 2 0 0 0 1 2 1 0 1 1 1 4 1 0 0 1 0 0 0 0 1 0 0 0 0 0 0 0 0 0 0 0 0 
0 4 24 46 52 59 65 96 192 219 242 381 560 560 714 756 1011 1242 1388 1629 1871 1977 2314 2606 2838 3067 3470 3569 4051 4167 4251 4607 4749 4843 4860 5067 4950 5110 4915 4937 4824 4638 4531 4278 4187 4003 3636 3513 3352 3077 2970 2749 2461 2396 2226 2066 1850 1678 1552 1382 1330 1215 1049 993 935 819 738 661 614 550 530 483 436 418 359 311 283 234 238 226 175 172 169 134 130 110 97 93 97 81 80 61 67 40 38 49 43 28 25 18 24 16 17 10 17 12 18 12 12 7 6 10 4 10 7 3 5 5 2 6 6 5 2 2 5 1 2 1 0 0 0 2 0 2 0 2 1 0 0 0 0 1 1 0 0 0 0 1 0 0 0 0 
0 3 15 25 48 46 48 67 79 69 154 299 338 265 349 463 593 770 953 1235 1336 1472 1798 1986 2382 2690 3026 2981 3222 3503 3885 4291 4388 4599 4689 4917 5040 5237 4888 5129 5061 4964 4715 4590 4531 4347 4075 4041 3693 3447 3350 3104 2936 2706 2442 2334 2324 1911 1842 1689 1543 1398 1262 1204 1080 1030 939 746 763 690 631 595 508 481 398 391 343 326 302 282 263 222 215 196 148 133 106 133 102 110 84 70 68 64 63 48 43 34 36 42 31 22 29 23 21 16 22 21 18 17 11 8 8 5 9 8 11 5 11 5 6 5 4 6 5 3 1 5 6 4 2 3 2 2 1 1 1 0 0 1 1 0 1 0 1 0 0 0 0 1 0 0 0 0 0 0 0 0 0 0 0 0 1 0 
0 10 26 34 61 52 95 124 105 121 203 254 368 628 872 955 831 1045 1439 1703 1955 2140 2439 2684 2899 3079 3492 3712 4079 4345 4493 4574 4816 5155 5236 4997 5255 5256 4954 4864 4705 4690 4493 4295 4248 3904 3729 3430 3343 2942 2853 2696 2508 2242 2079 1949 1767 1590 1550 1417 1209 1186 1085 942 866 803 711 673 590 512 530 467 380 373 368 291 294 235 233 177 180 177 133 145 132 111 107 91 89 61 52 62 61 41 37 41 40 43 36 27 19 22 17 19 20 11 8 14 9 11 8 9 12 6 7 7 8 7 3 2 0 2 3 3 0 1 1 3 1 0 2 1 1 0 0 1 0 1 0 0 0 0 1 1 0 0 3 0 0 0 0 1 0 0 3 0 0 0 1 0 0 0 0 0 0 0 0 1 0 0 0 
0 4 20 29 46 58 85 93 86 191 586 601 517 571 627 741 1032 1367 1594 1751 2033 2275 2422 2731 2963 3285 3572 3653 3924 4361 4521 4490 4710 4960 5014 5172 5093 4890 4932 4823 4738 4640 4378 4337 4072 3823 3654 3533 3215 3025 2800 2758 2362 2272 2092 1924 1768 1607 1491 1376 1304 1123 994 939 843 844 745 661 606 545 472 447 438 371 365 342 277 229 262 219 199 191 141 145 114 114 114 107 104 77 76 69 53 59 50 52 41 41 39 34 30 14 13 23 19 31 22 27 17 11 12 10 11 9 10 9 8 6 2 4 4 3 8 3 2 3 3 0 1 6 2 2 2 0 0 1 1 3 0 0 1 0 0 0 0 1 0 0 0 1 0 0 0 0 0 
0 9 20 33 53 67 81 75 106 307 458 410 460 391 540 762 919 1120 1332 1399 1586 1979 2308 2672 2854 3327 3416 3588 3978 4123 4380 4613 4871 4789 5056 4974 4901 5015 4878 5081 4998 4705 4643 4203 4151 3932 3739 3572 3298 3217 2895 2755 2400 2378 2077 2004 1941 1718 1633 1467 1309 1218 1007 947 935 812 733 673 670 579 538 479 412 358 321 327 304 247 239 219 224 179 155 154 143 121 104 97 87 82 72 52 68 51 47 41 34 21 38 26 28 24 24 14 27 16 9 17 16 13 9 7 8 5 3 11 4 5 5 6 5 4 5 0 0 4 3 2 0 1 1 1 0 0 1 0 0 0 2 0 0 0 0 0 1 0 0 0 0 0 
0 6 17 41 158 137 153 91 162 218 334 409 469 667 777 689 866 1056 1337 1678 1776 2040 2392 2594 2866 2966 3213 3638 4082 4269 4347 4750 4843 4897 5037 5128 5041 5054 4928 4988 4859 4763 4483 4388 4117 4041 3798 3441 3282 3185 2972 2710 2484 2292 2142 1945 1855 1645 1459 1398 1250 1142 983 979 850 802 744 652 588 532 509 464 400 394 325 291 260 245 247 236 164 153 139 163 130 120 97 97 79 69 85 58 74 53 60 49 37 32 29 22 36 15 21 26 16 18 14 6 14 8 7 9 8 7 2 3 5 6 4 1 4 6 1 0 1 1 3 3 3 0 2 2 1 0 1 1 1 0 0 0 0 0 0 0 0 0 0 1 0 0 1 1 0 2 0 1 0 0 0 
0 6 33 26 66 62 83 103 104 127 550 546 353 497 612 810 1000 1082 1258 1748 1983 2206 2474 2700 2789 3210 3554 3759 3986 4346 4627 4727 4826 4977 5001 5053 5114 4975 4808 4837 4761 4624 4543 4437 4054 3866 3730 3526 3205 3041 2777 2696 2479 2171 2020 1990 1785 1677 1532 1481 1253 1197 1058 954 863 814 727 698 625 535 476 483 448 378 338 273 283 284 240 186 194 171 151 149 149 109 107 87 94 80 54 62 64 46 50 45 31 31 34 24 23 28 26 30 17 24 12 14 15 17 13 16 5 6 7 4 6 3 3 8 1 3 1 4 1 1 1 4 1 1 1 0 0 0 1 0 1 1 1 1 0 0 1 0 0 0 0 0 0 0 0 0 0 
0 5 12 36 47 70 71 140 185 211 358 526 546 595 595 805 947 1306 1515 1569 1837 2107 2284 2665 2786 3227 3534 3831 4129 4268 4608 4659 4761 4981 5008 4925 5008 4943 5067 5094 4679 4593 4503 4239 4189 3734 3638 3366 3324 3063 2870 2602 2454 2205 2020 1924 1804 1571 1465 1397 1253 1164 1139 906 914 873 773 667 651 545 494 457 427 356 292 340 310 264 252 209 193 180 155 164 138 126 104 106 85 84 69 72 66 45 42 44 33 37 30 29 21 17 22 24 15 14 12 12 10 9 4 10 11 6 6 8 5 8 5 6 3 8 2 3 0 3 1 2 2 3 3 0 2 1 0 3 1 1 0 0 1 0 0 1 0 1 1 1 0 0 0 0 0 0 0 0 0 0 0 0 0 0 
3 6 12 31 43 56 54 74 89 91 151 309 405 409 515 560 584 984 1154 1294 1298 1369 1677 2009 2396 2834 3076 3440 3425 3726 3896 4112 4577 4818 4866 4970 5085 5102 5216 5157 5143 4943 4830 4601 4467 4285 4005 3893 3690 3460 3225 2988 2753 2689 2413 2286 2097 1894 1752 1560 1407 1311 1151 1071 1004 974 885 786 732 670 609 555 495 449 413 360 325 286 265 198 245 223 201 175 149 117 140 113 128 113 99 72 56 74 62 56 48 43 39 43 32 32 20 16 22 16 28 17 13 8 12 9 4 8 7 6 5 9 5 7 6 6 2 3 1 2 5 2 2 2 3 0 0 0 0 0 2 2 0 0 0 0 0 0 0 0 0 0 0 0 0 0 0 0 0 0 0 0 
0 5 7 23 29 44 57 69 93 83 70 245 268 331 373 407 499 670 928 1134 1245 1383 1641 1796 1930 2370 2687 2880 3277 3569 3671 3905 4242 4495 4468 4727 4776 4976 5081 5120 5084 5032 5098 4882 4661 4436 4318 4187 3936 3726 3459 3351 3104 2951 2633 2402 2300 2149 2033 1778 1604 1456 1322 1184 1134 1100 996 857 821 775 693 577 581 484 466 416 358 341 338 291 279 206 165 207 194 167 147 151 130 113 108 80 79 91 75 81 59 67 39 45 35 24 38 21 35 25 15 16 20 14 16 9 9 4 13 4 7 6 10 3 7 4 3 5 3 3 3 4 1 1 2 1 0 0 1 3 0 2 3 0 3 0 0 1 0 1 1 0 0 0 1 1 0 0 0 0 0 0 0 1 0 0 
0 8 18 36 44 66 99 111 196 233 265 293 286 665 748 831 832 1155 1266 1522 1733 1850 2317 2852 3042 3052 3428 3696 3854 4206 4647 4629 4879 5005 5171 5148 5228 5210 5140 5067 4894 4608 4585 4448 4308 4016 3824 3521 3260 3095 2816 2558 2490 2317 2171 1952 1805 1637 1536 1362 1259 1199 1094 1044 820 824 766 635 648 555 512 480 400 362 349 324 273 282 219 220 167 176 157 150 140 91 106 105 86 91 86 56 64 62 41 45 54 35 39 31 24 22 26 19 21 23 21 13 15 14 7 10 14 6 16 3 8 2 3 8 9 8 9 2 8 4 7 3 0 4 1 1 0 3 4 0 3 1 1 0 1 0 2 1 0 0 0 1 1 0 0 0 0 
0 3 14 38 49 173 57 89 132 208 262 359 448 514 514 740 865 1068 1361 1555 1803 1873 2146 2428 2612 2896 3387 3592 3749 4022 4435 4651 4912 5003 5048 5058 4954 5154 5083 4973 4718 4653 4427 4289 4311 3981 3731 3566 3320 3138 2893 2765 2545 2547 2191 1987 1962 1709 1578 1490 1318 1206 1140 1017 888 885 791 702 639 620 570 491 459 413 364 350 288 251 263 204 203 198 164 136 110 105 115 93 80 80 74 76 58 38 47 40 56 34 30 22 27 27 29 14 15 9 14 13 16 15 16 13 8 8 6 11 6 7 6 2 5 6 4 2 4 3 1 1 2 2 2 1 0 0 2 0 1 0 1 0 0 1 1 0 0 0 1 0 0 0 1 0 0 0 0 0 0 0 0 0 0 0 0 
0 7 29 34 54 69 69 74 120 135 159 235 303 368 543 629 657 713 922 1070 1247 1466 1687 1861 2293 2540 2678 3013 3155 3405 3743 3973 4424 4581 4730 4749 4693 5001 4992 5046 4920 4840 4939 4693 4511 4400 4319 4143 3936 3627 3532 3102 3000 2814 2499 2408 2239 2124 1906 1777 1605 1505 1367 1272 1176 1115 948 853 794 746 607 585 499 443 454 444 341 346 290 283 234 229 210 182 158 162 114 127 118 100 99 86 86 61 62 59 53 48 46 42 31 35 26 25 21 29 14 19 16 11 17 10 5 2 8 5 8 8 3 2 2 3 1 3 4 2 3 1 2 2 3 0 1 0 1 1 1 2 3 0 1 1 0 0 3 1 0 0 0 0 0 1 0 0 0 0 1 0 0 0 0 0 0 0 0 0 0 0 0 0 
0 2 14 42 48 69 73 86 149 196 223 312 342 557 687 842 1186 1218 1328 1568 1886 2087 2415 2712 2900 3245 3421 3750 3913 3992 4418 4776 4827 5000 4941 5058 5023 4954 4993 4984 4888 4625 4492 4468 4196 3962 3608 3455 3274 3048 2894 2587 2452 2272 2098 1914 1748 1686 1522 1407 1223 1100 1043 981 870 808 759 708 611 528 485 426 384 335 355 307 271 265 237 199 153 196 158 134 116 129 104 94 96 82 72 55 61 53 52 48 50 36 36 43 33 37 26 21 23 19 15 13 9 13 12 3 12 6 9 8 9 5 9 7 1 2 1 0 7 2 3 0 1 1 3 2 1 0 0 1 2 0 1 0 0 0 0 1 1 3 0 0 0 0 0 1 2 1 0 0 0 
0 7 14 25 55 75 82 130 134 230 416 515 664 767 963 896 1209 1527 1548 1826 2102 2416 2509 2944 3309 3375 3652 3897 4237 4501 4737 4667 4771 4965 5134 5090 4996 4838 4807 4665 4548 4396 4409 4151 3918 3710 3491 3309 3141 2772 2712 2494 2291 2061 2013 1825 1632 1561 1459 1313 1178 1112 993 897 893 742 694 684 575 537 438 402 391 351 321 301 275 223 233 197 178 174 155 125 135 112 107 99 81 94 67 66 43 59 48 34 44 30 34 39 21 22 31 15 20 16 23 14 13 11 13 12 7 8 9 6 2 3 2 4 4 2 2 0 0 1 1 2 0 1 0 0 0 0 0 0 1 1 0 0 0 0 1 0 0 0 0 
0 5 22 56 71 59 82 66 100 166 221 287 548 541 508 565 773 1121 1288 1398 1604 1747 1958 2248 2603 2974 3233 3703 3716 3830 4284 4512 4719 4750 4998 5058 5177 5172 5155 5044 5075 4939 4802 4433 4196 4165 3940 3691 3398 3287 3012 2840 2720 2477 2229 2085 1964 1705 1693 1457 1377 1235 1104 1048 886 837 752 741 664 621 545 469 466 388 352 289 290 255 256 209 222 196 164 154 109 117 126 119 82 98 71 64 67 65 68 40 48 35 36 31 25 31 21 24 22 17 12 12 12 13 11 4 10 10 5 1 11 3 5 6 1 5 3 5 2 1 3 2 3 0 1 1 1 0 2 1 3 0 0 1 1 0 0 1 1 0 0 0 1 0 0 0 0 0 0 0 0 0 0 0 0 0 0 0 0 0 0 0 
2 2 20 22 42 96 117 108 116 112 258 342 454 539 541 701 988 1179 1429 1344 1651 1944 2178 2493 2617 2962 3232 3571 3710 4081 4281 4605 4850 4801 4934 4988 5021 5038 4974 4988 4942 4863 4657 4446 4211 4002 3764 3693 3290 3310 2968 2811 2725 2411 2238 2087 1909 1730 1550 1489 1357 1295 1110 1076 974 884 789 698 655 610 535 465 422 385 374 311 305 273 276 222 214 191 162 137 172 97 109 107 91 84 85 65 72 58 46 48 59 40 48 50 32 34 31 26 34 23 14 16 19 10 22 11 11 13 7 8 7 4 6 7 5 4 3 3 2 4 3 4 2 2 2 0 2 1 0 3 1 0 0 0 0 0 1 3 1 2 1 0 0 1 2 0 1 1 0 1 0 1 0 0 0 0 0 0 0 1 0 0 0 0 0 0 0 0 0 0 0 0 0 
0 4 16 34 33 50 153 156 119 195 188 214 386 412 602 617 824 1054 1272 1379 1680 1749 1970 2347 2810 2968 3092 3508 3628 4079 4264 4454 4773 4773 4886 5047 5185 4965 4938 4958 4979 4898 4727 4422 4244 3975 3826 3701 3550 3307 3037 2889 2708 2375 2301 2112 1862 1700 1700 1584 1360 1316 1083 1068 975 850 797 789 661 626 570 527 455 404 386 358 318 289 240 244 211 198 156 160 173 136 122 107 94 84 80 53 64 72 49 54 35 41 45 35 33 22 28 17 19 14 23 10 12 11 12 5 13 9 9 3 6 6 1 2 5 5 2 6 4 0 2 4 4 1 1 2 1 1 1 2 0 2 0 1 0 0 1 0 0 0 0 0 0 0 0 0 1 0 0 0 0 0 1 0 0 0 
0 2 18 29 42 67 56 48 55 92 93 133 144 238 254 463 486 586 710 869 1412 1583 1626 1808 1982 2186 2618 2934 3072 3476 3500 3795 4135 4444 4654 4803 4944 5073 5149 4940 5023 5023 5001 4821 4607 4562 4358 4038 4039 3743 3557 3316 3137 2876 2721 2422 2317 2170 2018 1830 1722 1561 1440 1315 1192 1150 1054 890 863 743 720 693 560 503 416 442 396 359 308 328 255 229 220 196 176 132 159 120 124 105 91 97 62 70 69 61 55 36 41 27 39 33 39 29 29 19 19 20 13 12 21 12 11 11 5 10 4 7 9 9 4 3 6 3 8 3 10 1 2 5 2 0 0 1 0 0 1 1 1 2 0 1 0 0 0 1 0 0 1 1 1 1 1 0 0 0 0 0 2 0 2 0 1 0 0 1 1 0 0 2 0 0 0 0 1 0 0 0 0 0 0 0 0 0 0 0 0 0 0 
1 2 15 56 77 58 88 128 142 159 237 263 311 284 465 882 1063 935 1010 1164 1366 1557 1971 2294 2571 2736 2945 3331 3633 3827 4054 4226 4574 4710 5014 5083 5069 4897 5108 5021 4975 4837 4707 4597 4430 4226 4091 3754 3461 3359 3178 2967 2811 2561 2378 2224 2106 1829 1742 1616 1466 1388 1146 1095 1006 912 873 808 707 652 582 521 467 407 455 395 340 303 267 245 230 203 189 147 157 128 123 121 108 91 66 65 87 61 57 61 49 39 35 36 36 28 23 26 26 16 17 18 14 12 8 8 4 7 11 10 8 1 2 10 7 1 2 11 3 3 1 2 4 0 3 1 1 1 3 0 0 0 2 0 1 0 1 0 0 0 1 0 1 3 0 0 0 0 1 0 1 0 0 0 0 0 1 0 0 0 0 0 
0 4 16 40 43 58 101 201 223 314 307 415 464 635 643 688 871 1196 1424 1755 1884 1920 2071 2390 2839 3111 3463 3630 3814 3939 4313 4697 4942 4993 4949 5093 5191 5078 4964 4999 4761 4593 4663 4371 4234 4102 3748 3457 3359 3014 2918 2813 2577 2334 2117 1996 1807 1734 1511 1384 1301 1202 1061 1001 887 838 721 685 611 556 527 452 413 409 362 367 284 271 252 233 190 182 153 158 134 133 101 91 80 77 78 79 61 55 46 55 51 41 33 26 22 28 20 23 18 19 19 9 11 19 14 2 8 9 10 7 10 6 6 2 2 7 5 1 4 1 1 8 1 3 3 3 1 3 4 0 1 0 1 2 0 1 0 1 1 0 0 0 2 0 0 1 0 0 0 0 0 1 0 0 0 0 0 0 1 0 0 0 0 2 0 0 
1 5 13 25 49 60 66 75 93 131 140 177 225 271 318 349 513 719 896 1007 1129 1403 1588 1575 2081 2507 2764 2947 3112 3456 3896 3988 4289 4411 4721 4997 4955 4918 4984 5116 5036 5127 4905 4861 4770 4614 4265 4172 3855 3732 3600 3223 3060 2863 2708 2475 2313 2091 1900 1778 1606 1502 1352 1205 1128 999 879 799 780 701 649 531 538 531 477 388 327 330 288 267 248 241 202 215 163 140 136 130 127 88 92 85 64 68 61 58 60 45 43 37 31 35 38 23 30 22 29 14 21 12 15 11 9 11 8 7 4 9 9 3 4 6 5 1 5 5 4 2 0 2 1 2 0 1 1 0 1 1 0 0 1 0 1 0 0 0 0 1 0 0 0 0 0 1 0 0 0 0 0 0 0 0 0 0 0 
0 8 11 25 51 152 154 52 126 201 382 409 394 458 723 945 1114 1298 1400 1587 1692 1919 2339 2691 3032 3155 3445 3653 4011 4352 4521 4695 4843 4970 5083 5004 5016 5140 5066 5057 4984 4719 4436 4412 4096 3919 3644 3474 3204 3110 2902 2637 2469 2272 2012 1978 1733 1639 1461 1350 1238 1163 1068 912 768 795 717 661 574 498 541 438 410 338 326 309 244 264 201 210 162 156 155 122 125 112 115 86 98 73 72 64 53 58 54 51 47 32 22 32 24 27 17 19 20 21 17 14 10 14 6 11 8 12 9 3 13 7 6 5 5 2 8 4 9 3 3 1 3 1 0 2 1 1 0 0 1 0 0 0 0 0 0 0 0 0 1 1 0 0 0 0 0 0 0 0 0 1 0 
0 1 11 27 34 58 62 66 91 174 221 195 390 383 422 452 545 840 1140 1306 1519 1677 1958 2187 2446 2814 2933 3211 3392 3729 3928 4268 4537 4762 4680 4930 4897 4881 5203 5165 5091 4986 4736 4684 4439 4282 3964 3912 3593 3376 3316 3078 2745 2669 2396 2197 2160 1839 1718 1618 1451 1378 1278 1153 1033 901 854 831 712 685 574 528 504 450 431 357 351 306 271 249 233 208 180 174 171 142 123 125 107 97 74 70 75 61 59 66 46 40 45 29 34 32 32 26 23 21 18 16 17 10 13 8 8 12 9 7 7 5 2 3 5 4 2 1 2 1 1 1 4 0 2 2 0 0 0 0 1 0 0 0 0 0 0 0 0 0 0 
1 11 13 35 43 70 75 81 95 118 201 230 242 304 450 596 644 753 883 1143 1351 1546 1719 1966 2195 2652 2658 2794 3061 3494 3922 4164 4439 4550 4643 4819 4961 5032 4930 4807 4986 4905 4783 4645 4598 4445 4126 4092 3773 3502 3358 3184 2999 2764 2650 2420 2183 2100 1853 1775 1538 1454 1389 1254 1102 1039 948 913 776 737 598 620 562 492 482 430 375 369 318 315 281 221 213 190 172 154 131 143 121 109 115 96 85 76 63 53 54 47 49 34 36 40 26 23 28 23 22 16 13 17 11 10 10 10 6 6 4 7 4 3 1 3 6 4 0 0 3 1 6 2 3 2 1 1 0 1 1 0 0 0 0 0 0 0 0 0 0 0 0 0 0 0 0 0 0 0 0 0 0 0 0 0 0 
0 3 15 41 35 64 88 121 220 249 294 310 513 671 638 825 990 1221 1376 1602 1818 1987 2258 2707 2926 3368 3485 3793 3992 4119 4259 4459 4669 4891 5067 5047 5170 5030 5141 4895 4645 4784 4500 4191 4165 3917 3748 3547 3337 2986 2874 2634 2548 2374 2208 1983 1808 1688 1490 1400 1331 1204 1071 932 881 849 810 690 631 560 530 468 443 380 350 329 285 259 280 196 220 187 152 130 127 137 94 106 89 63 65 74 58 70 51 52 42 31 37 35 30 22 23 22 22 12 16 12 13 20 10 11 19 11 8 4 6 6 4 5 4 1 4 5 3 4 3 0 2 1 0 2 1 3 3 1 1 0 1 0 0 0 0 0 0 1 0 0 0 0 0 0 0 0 1 0 0 0 0 
0 4 13 29 37 49 57 69 68 84 146 222 250 481 540 534 755 901 1301 1322 1173 1455 1859 2224 2623 2749 3068 3200 3327 3750 3945 4434 4581 4716 4787 4855 5054 5088 5091 4967 5085 4879 4882 4621 4348 4132 3969 3908 3600 3350 3314 3030 2831 2618 2354 2183 2076 1847 1811 1656 1482 1298 1213 1153 1028 979 810 842 676 631 599 555 470 437 424 357 330 297 264 229 219 187 180 158 149 149 111 111 126 86 83 68 77 64 42 51 60 36 43 26 38 37 33 28 23 14 17 12 13 14 16 12 8 17 11 3 9 8 6 2 6 6 8 4 4 1 4 3 3 1 6 1 1 1 2 4 3 1 1 2 1 1 0 1 0 1 2 2 0 1 1 0 0 1 0 0 0 0 0 0 0 0 0 0 0 0 
0 6 15 39 100 93 63 89 123 103 449 409 405 447 630 777 1039 1098 1240 1488 1683 2033 2219 2612 2722 3029 3323 3562 3782 4053 4329 4642 4733 5049 5086 5124 5096 4965 5002 4881 4893 4779 4593 4431 4192 3964 3830 3580 3441 3213 3036 2627 2624 2342 2255 2084 1861 1703 1600 1465 1392 1211 1105 972 893 874 753 655 622 578 487 458 409 415 358 333 284 263 241 253 189 177 187 167 129 130 127 105 92 104 77 62 54 56 52 56 44 41 37 34 24 32 16 18 25 16 15 14 11 14 13 9 11 14 14 5 8 4 7 5 6 2 4 3 5 2 1 1 3 2 0 0 1 3 0 1 0 1 1 1 0 0 0 1 0 0 0 0 0 0 0 0 0 0 0 0 0 
0 7 18 29 41 49 404 333 131 186 361 455 509 709 952 1032 1114 1449 1691 1882 2039 2364 2509 2831 3202 3508 3853 4237 4386 4669 4706 4895 5035 4981 5075 4936 5326 5128 5022 4931 4626 4416 4356 4069 3900 3731 3435 3088 3014 2819 2750 2400 2203 2044 1954 1755 1679 1489 1407 1212 1105 1029 1003 834 778 683 662 563 489 488 438 377 377 354 293 283 221 217 200 181 165 149 137 130 102 117 87 88 71 58 64 45 63 48 55 44 35 20 29 26 18 21 21 12 12 17 9 12 11 12 7 5 5 8 5 3 8 5 5 6 2 2 4 2 3 0 0 0 1 2 2 0 0 2 3 2 0 0 0 0 1 0 0 0 0 0 0 0 0 0 0 0 0 0 0 0 0 
0 6 13 19 251 255 221 206 311 444 647 685 856 975 1085 1388 1532 1787 2032 2185 2403 2652 3086 3372 3901 4052 4258 4682 4723 4821 4734 4839 4997 5202 5136 4948 5034 4768 4542 4537 4378 4097 3947 3885 3601 3403 3120 2870 2762 2524 2263 2084 1958 1826 1660 1486 1435 1258 1139 1012 922 855 799 743 659 620 545 537 443 424 416 342 310 285 258 251 189 192 170 154 126 143 123 97 95 97 89 84 54 83 50 46 56 49 41 37 39 27 19 26 15 24 20 19 14 11 22 10 10 8 8 5 4 8 5 8 14 5 4 3 3 2 2 1 3 4 0 1 4 2 1 2 1 0 3 0 0 2 0 0 1 0 0 1 0 1 1 1 0 0 0 0 0 0 0 0 0 0 0 0 0 0 
0 13 17 40 66 81 101 144 167 198 204 282 453 548 593 657 904 1175 1430 1768 1935 1983 2448 2681 3143 3183 3410 3686 3745 4049 4348 4587 4799 4985 5037 4966 5008 5110 4983 4864 4812 4669 4575 4429 4186 3900 3769 3598 3229 3055 2907 2677 2536 2375 2205 1973 1818 1738 1592 1438 1315 1190 1005 964 900 866 768 700 605 557 498 476 439 361 334 308 276 250 217 216 189 177 179 136 109 129 119 79 76 80 84 68 47 55 41 37 34 49 27 29 31 21 30 16 16 13 15 9 10 11 7 13 5 8 7 5 4 8 7 6 7 5 2 3 1 1 2 0 1 1 0 1 0 0 0 0 0 0 1 1 0 1 2 1 1 0 0 0 1 0 1 0 0 0 0 0 0 0 0 0 0 0 0 0 0 0 0 0 0 
0 10 17 32 34 50 43 69 79 107 255 369 389 426 364 528 677 759 972 1144 1440 1619 1754 2237 2533 2902 3034 3423 3431 3702 3948 4300 4678 4693 4914 4823 4979 5162 5107 4884 5136 4715 4883 4649 4372 4290 4143 3780 3670 3467 3276 3024 2843 2676 2386 2207 2057 1890 1745 1602 1416 1277 1230 1117 1084 975 906 729 743 641 588 513 504 487 422 354 345 283 266 240 237 205 234 141 149 161 120 108 108 96 94 81 66 78 48 59 45 42 42 29 26 37 29 30 18 23 17 15 11 12 15 26 7 11 14 3 4 7 11 7 8 7 3 3 3 4 0 2 3 0 3 3 3 0 2 3 0 2 3 0 1 0 0 2 0 0 0 0 0 0 0 0 0 0 
0 10 30 41 54 65 63 97 112 228 238 235 404 420 709 818 923 1074 1301 1564 1625 1715 2038 2211 2690 2971 3197 3387 3635 3828 4011 4332 4429 4707 4897 4905 5062 5056 4970 4999 4971 4861 4607 4590 4440 4032 3906 3666 3452 3283 3038 2953 2702 2528 2321 2137 1946 1799 1732 1508 1398 1320 1219 1087 982 957 844 762 664 584 544 550 474 420 358 334 356 282 266 220 236 213 155 164 164 128 118 117 91 118 82 75 80 74 39 56 49 37 36 35 26 25 26 18 23 13 23 12 13 14 15 13 18 9 10 9 6 3 4 4 7 3 3 4 3 3 3 3 5 3 0 1 2 4 0 0 0 2 2 2 0 0 0 0 0 0 1 0 0 0 0 1 0 0 0 0 4 1 0 2 0 0 1 0 1 0 0 1 0 1 0 0 1 0 0 0 
2 11 23 34 45 63 146 63 179 254 297 315 300 338 423 498 758 829 960 1151 1245 1741 1836 1787 2315 2570 2790 3145 3468 3755 3926 4367 4660 4683 4897 4902 4938 4972 5152 5117 5070 5021 4795 4626 4672 4157 4233 3871 3676 3441 3266 2999 2779 2668 2441 2251 2078 1863 1830 1670 1461 1430 1245 1118 1081 949 898 806 704 621 601 506 472 470 414 408 348 328 277 243 228 194 195 149 161 141 127 119 110 101 78 77 81 55 52 55 54 45 40 33 31 28 28 30 21 22 21 14 16 9 13 13 10 6 11 5 6 9 0 9 4 4 2 3 1 2 5 4 3 0 4 1 0 0 3 2 2 1 3 0 0 1 0 0 1 0 0 0 0 1 0 0 0 0 2 1 0 0 1 0 0 0 0 0 0 0 0 0 0 0 0 
1 6 15 28 39 32 67 63 113 132 157 142 233 377 488 542 591 685 894 1155 1358 1587 1764 1804 2221 2508 2675 2921 3143 3522 3842 4176 4331 4486 4624 4994 4902 5032 5075 4974 4901 4842 4815 4666 4648 4583 4143 3912 3929 3573 3335 3170 2889 2797 2597 2371 2216 2017 1987 1769 1596 1455 1274 1274 1183 938 909 884 749 699 620 594 570 496 443 411 396 364 280 278 257 267 225 206 170 178 121 139 113 113 109 78 91 95 54 67 53 40 55 40 43 42 30 33 31 24 19 22 15 20 11 8 8 9 7 11 9 8 5 6 6 2 3 2 3 4 2 5 1 3 3 1 3 3 3 0 2 2 1 1 2 1 2 0 0 0 3 2 2 1 1 1 0 1 1 2 0 0 0 0 1 0 0 0 0 0 0 0 0 0 0 1 0 0 0 0 0 1 0 0 0 0 0 2 0 0 0 0 0 0 0 0 
1 2 21 53 60 123 104 295 343 375 381 465 552 715 935 1075 1385 1638 1636 1851 2157 2655 2828 3030 3326 3509 3914 4137 4466 4681 4610 4758 4906 5022 5049 5138 5077 4997 4784 4791 4559 4414 4193 4040 3900 3598 3334 3108 2897 2735 2621 2419 2177 2072 1872 1598 1594 1454 1351 1252 1122 951 917 903 810 716 640 592 558 493 466 386 330 337 296 259 245 230 193 176 144 143 138 120 97 112 83 72 76 79 60 54 43 45 39 32 30 33 26 26 25 16 20 21 28 14 21 14 10 16 13 7 4 6 8 9 7 5 6 3 5 7 3 4 1 1 2 1 3 0 1 2 2 0 1 2 2 0 1 3 0 1 1 0 0 1 0 0 0 1 0 0 0 0 0 0 0 0 0 0 
0 9 21 40 53 99 122 133 191 328 568 629 569 732 969 1046 1279 1471 1704 2006 2225 2528 2797 3126 3437 3656 3905 4230 4400 4447 4698 5013 4865 5123 4894 4814 4930 4941 4898 4583 4468 4331 4214 3906 3657 3551 3441 3086 3002 2769 2703 2357 2219 1996 1972 1692 1601 1474 1383 1243 1144 1050 969 882 737 754 666 593 553 523 432 398 392 334 319 283 266 227 225 189 162 166 151 127 120 100 115 103 60 73 73 63 61 61 49 56 40 38 38 29 24 20 22 26 20 12 16 17 20 7 9 6 12 8 3 3 6 8 6 1 4 6 5 2 1 1 2 3 2 2 2 2 3 5 2 0 1 0 0 0 1 4 4 0 1 1 0 0 1 1 0 0 0 2 0 1 2 0 0 2 0 0 0 0 0 1 1 0 0 0 0 0 0 0 0 0 0 0 0 0 0 0 0 
0 3 14 25 205 167 63 105 158 357 395 487 598 744 896 923 1214 1404 1602 1828 1957 2286 2493 2826 3107 3426 3776 3940 3950 4347 4522 4597 4779 5001 5055 4965 4923 4923 4669 4852 4648 4520 4189 4192 3866 3617 3524 3374 3189 2958 2722 2503 2306 2177 2024 1853 1700 1581 1422 1327 1213 1143 980 893 827 769 672 611 539 556 447 439 395 343 324 323 256 261 228 193 159 177 139 118 130 109 103 86 77 75 53 57 59 39 41 41 36 46 30 26 17 23 28 25 15 11 13 12 10 14 10 8 8 6 6 7 3 6 7 3 6 6 1 6 3 3 3 3 1 5 5 4 1 0 2 2 0 0 0 1 2 0 1 0 0 0 0 0 0 0 0 0 0 0 0 
0 7 22 29 67 63 71 96 80 118 159 408 403 558 604 755 767 862 974 1387 1627 1718 1980 2349 2702 2910 3111 3317 3699 3911 4111 4477 4803 4758 4996 5004 5268 5066 4966 5076 4704 4626 4539 4505 4302 4206 3970 3708 3484 3268 3144 2857 2743 2454 2275 2169 2062 1839 1604 1537 1484 1263 1080 1077 977 857 865 703 659 635 567 503 481 426 424 331 311 287 253 266 217 188 181 162 154 124 128 129 84 88 66 70 73 60 60 48 56 36 33 40 38 29 34 27 13 18 13 16 17 20 13 10 15 12 9 7 6 4 2 3 6 5 2 4 5 2 4 3 3 3 0 1 2 0 1 0 1 1 3 1 0 0 0 0 2 1 0 0 0 0 0 0 0 0 0 0 0 0 
0 6 20 40 33 59 69 71 90 279 288 369 344 600 843 948 817 980 1267 1500 1751 2025 2338 2624 3021 3226 3512 3938 4094 4187 4247 4657 4666 4927 5041 5030 5177 5007 4884 4989 4745 4785 4589 4314 4143 3984 3730 3485 3411 3097 2840 2692 2530 2334 2108 1991 1811 1687 1554 1485 1302 1169 1051 933 892 791 745 661 599 579 513 466 442 374 338 301 301 237 204 166 192 166 151 167 132 115 91 68 71 89 83 58 56 67 50 46 35 31 31 41 33 20 19 27 17 18 27 22 14 13 13 12 15 9 7 6 9 9 5 3 2 3 3 4 7 2 1 0 5 2 3 1 0 1 1 3 0 2 4 2 2 2 2 1 1 1 3 1 1 3 0 0 1 0 1 0 1 0 0 0 0 0 0 1 0 0 0 0 
0 2 18 27 47 57 65 82 92 228 329 416 536 758 781 884 868 1045 1457 1764 1946 2273 2564 2802 2897 3163 3503 3833 4052 4251 4501 4614 4784 4927 5007 5023 5099 5042 5061 4883 4762 4550 4350 4293 4064 3809 3685 3326 3230 2995 2820 2684 2468 2175 2091 1989 1805 1619 1575 1361 1239 1160 1075 960 802 762 717 668 630 525 476 476 416 346 335 316 304 241 243 232 188 178 181 157 132 113 106 82 91 73 72 67 66 52 56 46 37 41 26 43 33 21 35 32 26 25 9 14 11 10 11 8 11 8 10 8 11 7 7 5 6 3 5 2 2 2 2 1 4 1 0 2 2 1 0 1 1 1 1 0 0 1 0 0 0 0 0 0 0 0 0 0 
0 2 14 42 50 60 62 85 108 152 176 259 267 311 408 433 574 704 809 1073 1200 1412 1555 1779 2319 2501 2659 3046 3214 3604 3854 4018 4219 4553 4639 4841 5037 5003 5194 5118 5081 5085 4922 4683 4550 4488 4411 4018 3837 3582 3442 3287 2985 2978 2616 2446 2259 2044 1826 1671 1485 1492 1361 1209 1101 1032 950 836 781 676 641 580 571 456 422 363 353 334 281 267 235 234 193 192 173 156 149 145 94 100 91 62 82 56 67 62 52 36 36 40 33 34 32 27 18 19 13 12 11 17 9 4 5 10 6 7 8 3 5 3 4 2 2 3 2 2 3 0 1 0 2 1 0 1 0 0 1 0 0 2 0 0 0 0 0 0 0 0 2 0 0 0 
0 4 10 31 44 51 62 57 59 270 311 407 437 701 684 557 727 1026 1418 1688 1656 1826 2091 2356 2870 3386 3379 3514 3850 4120 4498 4716 4768 4773 4932 5008 5179 5161 4984 4790 4813 4686 4644 4417 4200 4016 3900 3618 3381 3165 2979 2720 2518 2337 2164 1959 1967 1721 1547 1431 1310 1186 1177 1010 988 865 756 720 681 570 567 470 422 395 402 333 296 259 231 214 171 169 147 125 125 128 99 104 84 92 65 38 42 60 35 38 41 45 31 29 31 26 21 16 26 25 14 14 17 8 8 16 6 3 9 1 10 7 8 4 3 3 2 0 0 1 5 3 2 2 0 3 0 2 4 1 0 0 1 0 0 1 0 0 0 1 1 0 0 0 0 0 0 0 1 0 0 0 0 0 0 0 0 0 0 0 
0 7 19 28 33 52 47 48 100 139 227 226 221 304 349 413 639 797 754 1102 1364 1655 1665 1911 2181 2320 2651 2972 3108 3348 3872 4227 4343 4544 4650 4976 5007 4993 5067 4993 5148 5126 4960 4752 4556 4461 4061 4066 3863 3627 3390 3076 2956 2793 2635 2424 2326 2119 1903 1745 1600 1484 1375 1213 1168 1027 965 831 800 729 655 616 558 470 466 412 386 346 300 299 256 220 216 185 164 162 160 131 132 93 89 70 71 90 74 56 48 43 41 44 28 31 17 22 26 18 32 24 17 12 14 8 11 11 9 8 8 4 9 3 3 3 3 3 5 1 2 1 2 0 1 0 3 4 0 0 1 0 1 0 0 0 1 0 0 1 0 1 0 0 1 0 0 0 0 0 0 0 0 1 0 0 0 0 0 0 0 0 0 0 1 0 0 0 0 
0 4 48 57 38 48 58 163 199 223 210 282 302 516 527 598 732 1113 1121 1292 1348 1570 1749 2172 2493 3034 3169 3020 3648 3968 4317 4333 4449 4758 5012 4971 5002 5033 5067 4924 5050 4907 4670 4640 4328 4269 4176 3841 3699 3416 3185 3014 2757 2550 2354 2117 1924 1858 1680 1601 1506 1333 1225 1094 1024 916 827 739 677 625 572 510 487 444 400 348 303 264 287 241 235 214 198 149 165 149 120 96 123 96 102 85 67 55 59 45 39 46 54 40 32 24 32 29 20 18 21 16 19 16 7 13 6 9 12 8 3 5 4 3 3 2 3 5 4 1 0 0 1 1 3 1 0 1 1 4 1 0 1 0 1 0 1 1 1 3 1 1 0 0 1 0 1 1 1 0 0 0 0 1 1 0 0 1 0 0 0 0 0 0 0 0 
1 16 25 40 57 54 141 170 206 248 233 314 316 528 675 856 974 1133 1169 1348 1601 1824 2203 2676 2964 3222 3218 3733 4091 4242 4516 4641 4944 4997 4977 5116 4966 5034 4881 4853 4832 4723 4547 4333 4151 4082 3690 3462 3205 3208 3011 2731 2578 2355 2185 1989 1925 1684 1519 1376 1287 1162 998 948 960 805 731 679 674 563 500 427 417 377 330 307 297 264 243 228 193 172 146 153 124 137 110 89 85 71 72 65 61 63 51 53 52 35 27 26 30 26 21 16 20 20 13 15 10 10 19 10 13 10 9 11 6 4 12 5 6 3 2 2 5 3 2 2 2 3 3 1 1 0 2 3 0 0 1 1 2 1 0 0 0 0 0 0 0 0 0 0 3 1 0 0 
0 3 25 41 35 57 59 75 79 119 157 111 144 181 319 336 411 465 636 736 1152 1297 1484 1523 1824 2211 2361 2508 2904 3240 3585 3797 4096 4229 4530 4642 4858 4956 4793 4977 5115 4946 5046 4860 4676 4574 4511 4259 4148 3899 3960 3505 3283 3054 2849 2641 2458 2200 2067 1965 1763 1575 1427 1338 1240 1140 1022 996 859 821 733 660 573 527 489 412 401 373 338 294 292 235 220 210 213 173 150 151 121 120 130 84 78 79 80 68 44 50 52 32 39 31 30 33 15 25 22 11 18 13 11 11 9 6 9 9 8 3 5 7 7 7 4 2 1 3 4 1 1 4 1 0 0 0 3 0 1 1 0 1 0 0 0 0 0 0 0 0 0 0 0 
0 5 20 42 253 238 222 146 192 361 408 525 629 920 933 1095 1070 1491 1854 2041 2083 2203 2597 2941 3161 3556 3986 4219 4523 4655 4755 4785 4952 5039 5027 5169 4931 4788 4914 4776 4573 4384 4220 4144 3871 3598 3283 3057 2917 2786 2616 2449 2183 2068 1884 1768 1635 1492 1300 1245 1070 978 898 764 787 709 673 564 506 462 391 399 347 364 273 252 254 212 212 170 172 142 141 104 105 90 74 91 74 68 59 63 58 38 32 35 37 23 29 21 20 18 26 17 22 15 15 6 8 6 8 8 11 5 3 7 5 5 4 4 8 7 2 4 5 2 0 2 2 2 1 1 0 2 1 3 1 1 0 0 1 3 0 0 0 0 0 0 1 0 0 0 0 0 
0 7 26 46 47 44 63 62 127 122 166 188 304 311 400 663 713 785 917 1297 1381 1715 1841 2015 2261 2627 3030 3302 3445 3938 4091 4309 4439 4553 4758 4861 5076 4955 5208 4932 4797 4857 4778 4808 4325 4215 3968 3800 3646 3549 3220 3070 2807 2599 2548 2248 2194 1916 1876 1583 1551 1293 1330 1187 1052 1030 857 746 769 734 606 551 514 474 388 404 346 357 273 261 249 221 208 194 160 152 134 109 124 100 78 68 61 61 82 56 46 52 45 36 24 31 34 18 25 26 22 19 23 13 16 14 11 6 7 13 7 9 5 3 1 3 3 2 1 3 1 1 2 1 1 2 0 2 0 0 0 0 0 0 1 0 1 1 0 0 0 0 0 0 0 0 0 2 0 0 0 0 0 0 0 0 0 0 0 
0 5 27 40 53 56 78 66 122 144 160 199 256 353 398 614 694 963 1007 1217 1366 1671 2054 2244 2495 2641 2894 3320 3726 4061 4167 4476 4543 4770 4983 4968 5112 5064 5073 5035 5024 4883 4691 4589 4402 4353 4050 3875 3754 3363 3207 2988 2725 2549 2383 2292 2106 1919 1726 1586 1434 1374 1209 1092 1021 899 849 754 690 655 549 540 460 428 399 383 329 295 272 220 231 179 194 174 154 156 131 121 106 91 91 74 66 60 52 58 48 50 25 44 34 32 27 18 20 17 10 17 14 10 17 18 14 12 10 5 4 3 6 9 5 5 6 4 6 1 5 5 11 6 2 1 5 4 3 0 1 0 4 1 0 2 1 0 0 3 0 1 0 1 1 0 0 1 0 0 0 0 1 0 0 0 0 
0 9 14 41 61 53 141 196 245 286 370 412 438 643 769 1134 1299 1362 1472 1752 1977 2016 2280 2587 3193 3481 3643 3989 4274 4441 4557 4620 4916 5044 4965 5226 5163 4926 4974 4968 4799 4683 4366 4246 3881 3891 3474 3301 3171 2969 2822 2545 2328 2165 1964 1850 1747 1534 1437 1260 1236 1109 1018 936 852 744 706 657 609 535 515 472 386 341 328 275 286 222 228 170 170 166 122 147 123 113 108 89 72 70 59 64 69 36 51 45 35 35 35 19 23 15 26 11 20 8 15 10 11 10 17 6 7 3 7 6 5 7 3 4 1 1 1 1 1 0 2 1 1 1 0 0 0 1 0 0 1 1 2 1 0 0 0 0 1 0 0 1 0 0 
0 5 23 28 36 243 247 215 159 196 273 438 889 1053 814 983 1142 1428 1655 2034 2192 2635 2787 3159 3192 3409 3718 4104 4142 4645 4827 5080 4928 4973 4996 5016 5154 4930 4725 4773 4691 4372 4251 4105 3736 3546 3372 3282 3015 2700 2564 2437 2232 2006 1783 1702 1586 1447 1347 1227 1155 1014 937 871 818 678 689 599 566 502 453 337 368 340 369 281 236 233 216 192 171 172 151 147 124 130 100 69 90 65 87 72 61 39 43 28 41 39 29 36 30 33 28 15 19 18 18 12 7 6 8 12 11 8 10 3 1 5 2 7 6 3 3 1 5 0 0 1 0 4 0 0 1 2 1 1 0 0 0 0 0 0 1 1 0 0 0 0 0 0 0 1 0 0 0 0 1 0 0 0 0 0 0 0 0 0 
0 8 18 40 76 83 88 137 113 115 167 190 259 371 454 594 733 962 1109 1414 1470 1617 1876 2164 2585 2748 3070 3480 3770 3985 4180 4401 4590 4764 4791 5018 5270 5257 5063 5038 4974 4924 4672 4572 4338 4218 4044 3853 3498 3218 3188 2942 2700 2594 2333 2305 2042 1870 1644 1508 1412 1326 1197 1059 1025 914 831 704 666 635 592 523 459 400 355 341 348 271 255 205 224 191 202 175 141 161 130 125 93 96 86 80 66 67 61 55 49 44 40 28 33 24 24 30 20 19 8 20 13 18 14 10 9 9 7 5 9 2 6 4 12 5 4 8 2 0 3 5 3 1 1 6 3 1 2 1 3 2 0 3 4 3 1 0 0 0 1 1 1 0 1 0 0 1 2 1 0 0 0 1 0 1 0 0 0 0 0 0 0 
0 10 22 60 76 46 62 70 84 254 281 322 381 457 787 789 895 1129 1419 1577 1737 2065 2184 2472 2925 3316 3433 3642 3849 3986 4408 4534 4778 5026 5123 4979 5103 5187 4958 4839 4670 4549 4461 4357 4223 4035 3714 3614 3391 3242 2906 2743 2595 2383 2182 2015 1817 1732 1538 1404 1222 1302 1049 985 879 757 750 702 643 553 531 465 441 375 334 319 283 270 223 219 195 178 182 156 141 102 104 101 96 85 76 61 68 60 64 52 39 34 56 29 26 28 26 14 16 23 16 6 18 13 9 16 9 8 8 5 3 5 8 5 5 4 4 3 1 4 2 4 1 3 1 0 0 0 0 2 0 0 1 0 1 0 0 0 0 0 0 1 0 0 0 0 0 0 0 1 0 0 0 0 0 0 0 1 0 
0 2 17 31 43 56 96 126 128 175 297 390 406 550 617 908 1019 1256 1452 1936 2072 2289 2511 2775 3069 3182 3396 3728 3941 4350 4635 4657 4862 5092 5138 5045 5130 5054 4957 4867 4880 4603 4599 4307 4060 3868 3685 3459 3292 3002 2821 2595 2422 2196 2072 1919 1759 1674 1507 1330 1232 1172 984 909 818 770 743 707 595 528 473 454 371 350 320 276 261 264 218 201 208 164 156 134 124 129 85 102 91 77 71 55 51 60 42 42 48 35 33 26 26 23 16 21 11 14 12 9 15 5 6 6 4 5 6 5 5 6 3 4 4 4 1 4 2 3 1 1 2 0 0 0 1 3 1 1 1 1 1 0 0 0 0 0 3 0 0 0 0 0 0 0 0 0 1 0 0 0 
0 6 29 47 41 61 83 121 168 309 283 271 408 509 604 677 980 1108 1190 1389 1732 1945 2067 2480 2730 3118 3305 3563 3790 4152 4365 4517 4597 4940 4942 5063 5073 5076 5048 4925 4816 4773 4559 4330 4234 4034 3791 3620 3314 3093 2946 2793 2559 2330 2293 2025 1983 1804 1616 1446 1282 1212 1142 1062 925 877 818 697 639 634 508 508 480 415 425 314 301 296 245 232 189 170 197 142 144 133 134 112 97 84 73 60 51 59 52 38 35 34 38 24 35 24 24 24 14 15 16 10 10 9 11 14 18 9 7 10 7 7 5 4 5 1 9 1 6 2 2 1 4 4 3 2 0 0 1 1 0 1 1 1 0 1 0 0 0 0 0 0 2 0 1 1 0 0 2 0 0 0 1 0 0 0 0 0 1 0 0 0 0 0 0 0 0 0 0 0 0 0 0 0 
0 6 21 37 69 67 68 80 87 147 157 266 329 474 558 1029 1153 1027 1099 1365 1736 1905 2169 2393 2944 3186 3281 3635 3907 4033 4379 4572 4697 4877 4850 5024 5124 5189 4864 4944 4999 4647 4559 4459 4363 4014 3785 3533 3372 3156 3042 2756 2660 2419 2185 2019 1978 1762 1577 1450 1398 1282 1113 1003 865 836 779 725 645 533 513 491 414 398 338 320 286 269 237 218 171 179 165 149 136 108 110 103 100 85 77 56 62 50 44 36 40 28 27 37 24 23 24 26 17 18 16 17 13 10 15 8 9 11 12 9 5 9 11 9 13 7 3 5 2 6 1 3 2 1 2 2 0 0 2 1 1 2 0 2 1 0 1 0 0 0 1 0 0 0 0 1 0 1 0 0 1 0 0 
1 8 12 33 56 50 67 87 120 128 155 193 453 510 555 547 847 1313 1351 1379 1569 1823 2216 2419 2554 2883 3191 3467 4039 4075 4477 4443 4692 4833 4978 5129 5026 5154 5150 5057 4908 4801 4673 4564 4169 4092 3925 3794 3487 3180 2991 2789 2569 2385 2176 2117 1926 1785 1673 1425 1406 1246 1148 1050 930 888 801 716 651 597 506 461 453 394 363 338 295 283 261 214 208 188 158 153 134 121 113 121 106 94 86 71 68 49 55 56 45 38 34 31 37 33 20 18 33 27 21 13 10 16 6 9 12 6 6 4 6 3 4 1 4 3 3 2 1 2 1 1 0 2 0 0 3 3 0 0 1 0 0 1 1 0 0 0 0 2 0 1 1 0 
2 15 25 44 61 56 75 112 120 177 235 271 248 287 377 738 826 717 813 995 1313 1577 1911 2181 2431 2793 2911 3035 3516 3793 3858 4156 4527 4682 4787 4882 4969 5130 5057 4841 4937 4863 4859 4571 4430 4161 4143 3824 3653 3501 3326 3038 2751 2716 2425 2249 2133 2003 1727 1651 1606 1357 1303 1157 1080 1000 921 833 751 698 581 581 493 441 400 367 328 311 314 268 232 234 209 183 183 146 150 124 119 101 99 106 78 68 66 55 52 57 44 46 34 38 38 24 29 15 27 22 21 23 20 5 16 14 14 7 6 7 6 6 9 12 5 4 4 3 4 3 9 8 1 1 1 4 3 3 1 1 1 3 7 1 1 1 0 0 2 0 0 0 0 1 1 0 0 0 0 0 0 0 0 0 
0 3 12 32 51 60 71 71 108 89 224 281 340 458 636 588 678 781 967 1228 1411 1520 1785 2104 2586 2659 2955 3080 3491 3705 4041 4069 4455 4541 4689 4787 4954 5071 5049 5056 5134 4802 4738 4487 4424 4246 4166 3926 3715 3479 3275 3068 2880 2624 2419 2345 2005 1895 1767 1663 1450 1474 1300 1153 1044 969 893 790 747 679 602 525 523 438 379 408 331 290 287 220 237 191 189 164 166 151 133 131 103 97 70 85 76 63 67 58 49 40 32 40 32 24 34 29 29 30 19 8 14 22 15 12 16 9 8 11 12 5 10 9 5 5 2 1 4 4 3 2 1 3 0 1 0 2 1 4 1 0 2 0 0 1 1 0 2 3 0 1 2 0 2 1 0 1 0 0 1 0 1 0 0 0 1 1 0 0 1 0 0 0 0 0 1 0 
0 13 16 27 53 56 92 59 80 149 173 230 261 392 492 553 653 743 1019 1179 1215 1474 1591 1880 2163 2452 2836 3103 3323 3659 3981 4017 4288 4544 4924 4948 5258 5002 5172 4998 5009 4824 4959 4799 4556 4337 4062 3963 3762 3623 3388 3167 2933 2668 2522 2426 2177 2053 1885 1675 1507 1417 1297 1170 1143 996 878 870 743 662 614 568 470 445 468 380 383 338 271 222 227 232 194 169 170 132 138 107 93 101 76 74 92 67 60 59 48 41 41 38 35 36 22 21 21 16 23 12 14 16 11 13 12 13 9 10 10 5 10 7 5 6 3 4 2 5 7 3 4 2 3 2 3 0 1 0 0 0 0 0 1 0 0 1 0 0 0 0 0 0 0 0 0 0 0 0 
1 2 14 33 50 45 117 126 181 227 364 412 519 622 725 904 1053 1298 1642 1850 2034 2336 2711 2819 3080 3430 3578 3884 4126 4454 4540 4722 5090 5208 5126 5189 5101 4927 5054 4949 4734 4495 4523 4153 3927 3810 3554 3319 3095 3038 2734 2574 2383 2123 2014 1825 1627 1446 1469 1246 1157 1060 1041 891 769 681 679 601 586 531 470 479 395 332 316 297 291 237 229 205 169 181 158 132 125 112 86 75 74 72 73 58 76 57 47 39 46 43 37 28 21 15 25 26 18 17 21 17 10 12 11 5 7 8 8 7 6 2 2 4 4 4 4 3 4 2 2 5 2 2 1 0 1 1 2 1 3 0 0 0 1 0 0 1 1 0 1 0 0 0 0 1 1 0 
0 5 19 42 60 56 69 70 49 102 194 242 318 467 524 540 556 652 992 1216 1378 1632 1772 2090 2528 2816 2886 3065 3328 3548 3971 4197 4447 4541 4658 4807 5005 5177 5168 5086 4997 5053 4839 4806 4633 4390 4131 3988 3760 3547 3268 3067 2749 2633 2567 2320 2110 1937 1774 1620 1466 1454 1330 1204 1050 1015 921 771 697 687 607 584 535 430 452 410 350 321 314 284 255 220 183 160 158 152 133 126 117 111 87 91 76 65 77 50 48 58 42 38 46 26 33 23 21 24 26 12 13 9 13 13 12 13 14 2 11 10 7 2 3 7 4 4 1 2 1 2 2 1 3 2 1 0 2 0 0 2 0 0 2 0 0 2 3 1 0 0 0 2 0 0 0 0 0 0 0 0 0 0 0 0 0 0 1 0 
0 8 21 30 52 64 57 84 131 171 208 302 605 559 434 569 801 900 1264 1380 1695 1990 1976 2319 2712 2993 3276 3474 3794 4105 4221 4628 4841 4995 4961 4912 5104 5128 5013 5058 4823 4859 4787 4419 4229 4078 3953 3597 3410 3158 3101 2914 2603 2447 2297 2041 1977 1823 1647 1499 1374 1201 1172 1047 953 900 731 695 622 630 525 447 488 432 364 306 276 278 227 187 222 186 181 151 172 105 114 114 99 82 70 83 66 58 44 41 42 38 37 27 30 24 21 12 25 8 16 18 14 8 9 11 10 4 1 6 6 4 1 2 6 3 3 1 2 3 1 1 2 1 1 0 3 0 0 1 0 0 1 0 0 1 1 0 0 0 0 0 0 0 0 0 0 0 0 0 0 0 
0 6 18 31 65 73 68 89 105 259 282 309 255 304 368 513 583 925 926 1208 1290 1636 1896 2392 2474 2723 2838 3308 3641 3824 4055 4335 4451 4652 4860 5043 5185 5339 5277 5150 5077 4800 4653 4665 4524 4337 4030 3814 3623 3459 3313 3040 2834 2702 2429 2229 2070 2002 1752 1566 1461 1281 1243 1093 1047 948 765 703 739 639 561 488 466 399 378 337 305 264 249 238 218 201 180 157 145 138 127 117 117 85 80 72 74 51 39 44 48 57 35 41 33 30 20 17 17 16 19 11 13 3 6 13 9 2 7 2 7 2 7 4 3 4 5 2 2 1 4 0 0 3 1 0 5 1 1 1 2 0 0 3 1 0 0 0 0 0 0 0 0 1 0 0 0 0 0 0 0 0 0 1 0 0 0 0 0 0 0 0 0 0 
0 5 10 29 43 38 81 70 117 164 175 242 369 405 779 705 594 753 1000 1420 1574 1778 1893 2312 2565 2762 2918 3265 3591 4063 4182 4352 4524 4817 4787 5014 5090 5064 5057 4870 4963 4762 4727 4442 4317 4245 3956 3766 3616 3340 3165 2945 2793 2556 2492 2227 2018 1810 1684 1614 1433 1344 1252 1127 1037 985 849 776 743 637 595 539 492 465 422 359 348 322 288 265 234 199 213 192 139 145 116 101 99 92 85 88 79 71 52 45 64 51 34 36 36 33 19 21 27 22 15 25 13 13 9 11 8 8 7 7 6 6 4 5 3 4 3 1 5 2 1 1 1 0 1 2 2 0 0 0 0 0 0 0 0 1 0 1 1 0 2 0 0 1 0 0 0 0 0 0 0 0 0 0 0 0 0 0 
0 8 17 44 65 86 126 191 228 291 389 418 453 754 900 881 1095 1417 1464 1619 1846 2240 2464 2885 3153 3400 3720 3789 4223 4311 4667 4749 4877 4954 5091 5091 5014 4988 5037 4947 4625 4520 4376 4212 3986 3851 3581 3397 3100 2874 2810 2501 2403 2249 2050 1826 1806 1554 1391 1231 1163 1104 982 905 837 739 699 668 578 520 497 440 359 376 327 288 274 223 211 198 171 175 165 128 132 95 100 97 81 82 60 46 58 55 48 54 43 25 23 33 22 25 14 18 11 13 11 10 8 9 11 5 12 7 3 4 2 1 2 2 3 1 1 4 0 1 1 0 0 1 1 3 2 0 1 0 0 0 0 0 1 0 0 0 0 1 0 0 0 
0 11 17 39 58 80 73 150 183 262 345 467 607 684 722 856 1009 1296 1479 1676 1937 2075 2488 2875 2961 3180 3583 3891 4075 4247 4412 4467 4911 5183 5246 5248 5023 4963 4924 4830 4708 4486 4370 4266 4040 3802 3617 3453 3232 3028 2859 2561 2339 2273 1969 1883 1726 1636 1475 1487 1165 1115 1007 972 812 818 666 576 627 556 470 437 385 375 315 265 274 243 208 193 177 181 154 144 112 96 102 89 77 86 80 50 41 36 40 38 25 36 33 25 18 26 12 19 13 11 17 9 7 13 7 11 7 6 7 3 6 2 5 7 3 3 5 0 1 4 4 0 3 1 1 1 0 0 0 1 1 1 1 0 0 1 1 0 1 1 0 0 0 0 0 0 0 2 0 1 2 1 1 0 0 0 0 0 0 0 0 0 0 1 0 0 
0 5 11 36 56 53 48 71 89 153 298 313 187 241 324 587 736 940 1252 1268 1492 1720 1809 2029 2339 2641 2907 3256 3678 3803 4100 4394 4522 4864 4910 4920 5143 4912 5204 4960 4885 4802 4606 4556 4460 4446 4101 3849 3707 3447 3133 3067 2760 2638 2468 2289 2104 1884 1621 1693 1540 1386 1270 1101 1060 978 872 789 724 635 583 567 514 480 372 365 310 275 254 256 220 217 198 171 117 141 117 117 120 90 81 69 67 67 72 57 39 42 33 32 32 30 24 20 23 12 11 17 12 15 20 16 8 5 14 5 5 4 5 5 3 1 3 2 3 1 2 0 5 0 3 0 4 0 0 1 0 1 0 0 0 1 1 1 0 0 0 0 0 0 0 0 0 1 0 0 0 0 1 0 0 0 0 1 1 0 
1 7 5 28 26 48 50 73 68 97 324 375 376 362 420 634 761 903 1058 1164 1275 1439 1796 2134 2442 2564 2973 3202 3441 3775 4070 4304 4412 4599 4885 5017 5049 5176 5124 5219 5095 5031 4770 4623 4511 4386 4077 3851 3693 3371 3202 3057 2742 2623 2401 2319 2054 1934 1730 1638 1342 1312 1188 1095 987 917 858 732 675 603 586 526 500 429 393 349 331 299 278 243 239 171 185 159 139 139 125 106 108 111 82 86 65 49 53 54 62 43 27 32 38 34 20 29 19 21 14 15 23 12 5 13 15 10 8 5 8 5 9 4 4 2 7 1 5 0 3 3 1 0 4 1 1 1 1 1 2 0 1 0 2 4 1 0 0 0 0 1 0 0 0 0 0 2 0 0 0 
0 7 26 43 143 176 206 191 168 216 387 564 661 838 908 962 1159 1411 1585 1847 1915 2140 2527 2944 3065 3268 3551 3927 4261 4577 4576 4795 4759 4843 5013 5020 4927 5005 4875 4865 4804 4454 4403 4086 3962 3641 3576 3283 3194 2987 2717 2627 2298 2190 2024 1775 1684 1632 1417 1297 1148 1117 1016 911 805 724 686 640 605 518 467 489 399 341 320 278 265 231 225 227 194 174 129 150 99 103 85 107 82 75 69 49 45 54 56 42 27 31 17 28 21 17 14 23 16 13 14 14 15 7 5 4 4 7 5 4 2 6 5 4 5 3 2 0 2 2 0 1 0 3 0 0 0 1 0 0 0 0 1 0 0 0 1 0 0 0 0 0 0 0 0 0 0 
2 8 12 34 49 73 97 94 127 178 215 289 354 340 493 577 789 941 1134 1140 1582 1820 2070 2241 2412 2880 3194 3304 3602 3861 4025 4340 4721 5032 4948 4947 5205 4951 5024 5029 4977 4850 4681 4440 4438 4165 3920 3767 3558 3299 3216 2952 2730 2531 2406 2078 2012 1864 1717 1483 1488 1255 1122 1097 986 921 832 777 683 697 578 467 429 432 399 362 343 299 271 231 204 203 188 166 123 138 117 122 100 88 93 91 71 52 50 40 41 39 36 36 31 21 24 22 17 15 17 12 12 12 9 9 7 5 9 7 5 5 4 9 7 2 3 5 7 5 4 6 2 1 3 2 4 2 3 2 3 0 1 0 0 0 2 1 1 2 0 0 2 0 2 0 0 0 1 1 0 0 1 1 0 0 1 0 0 0 0 0 0 0 0 0 0 0 0 0 0 0 0 0 0 0 0 0 0 0 0 0 0 
0 7 15 26 43 42 148 194 234 298 309 545 825 790 761 884 965 1262 1635 1955 2063 2287 2609 2869 3227 3697 3986 4123 4433 4546 4773 4768 4781 4993 5064 5162 5121 4999 4979 4705 4749 4603 4240 4050 3872 3843 3393 3251 3009 2808 2616 2483 2263 2109 1908 1765 1577 1505 1400 1284 1089 1019 898 834 784 765 603 618 545 538 457 416 384 281 285 290 255 215 184 219 180 148 161 119 124 100 101 87 93 66 66 70 50 44 41 36 38 37 32 33 22 25 21 27 16 16 6 16 12 7 10 9 8 1 1 4 4 3 9 7 0 0 2 2 1 1 1 1 3 2 2 3 0 1 1 0 1 1 0 0 0 0 0 2 0 0 1 0 1 0 1 0 0 0 0 0 0 0 0 1 0 0 0 0 0 0 0 0 0 0 
0 3 16 24 52 95 95 93 151 188 279 283 427 421 689 828 823 1005 1217 1362 1726 2003 2313 2692 2888 3080 3253 3519 3992 4175 4404 4525 4755 4846 5001 5043 5178 5203 5012 4942 4922 4759 4536 4235 4147 4052 3788 3583 3324 3232 2929 2716 2592 2278 2227 1986 1817 1685 1582 1422 1303 1146 1087 1072 961 869 779 706 601 581 523 513 458 374 356 348 308 255 223 239 186 187 189 182 128 134 115 84 88 72 70 67 72 60 62 53 35 32 38 32 31 24 24 25 17 21 16 17 13 19 7 9 17 9 8 4 5 4 3 2 4 4 0 2 2 2 1 2 1 2 0 5 0 3 1 0 0 0 0 0 0 1 0 0 0 0 0 
0 9 15 33 47 67 65 61 71 109 176 366 467 468 477 594 780 901 1050 1294 1521 1819 1855 2212 2719 2811 2972 3271 3705 3873 4312 4705 4826 4939 4978 5077 5152 5234 5144 5217 5023 4842 4733 4638 4340 4064 3896 3663 3568 3300 3081 2842 2756 2452 2392 2106 1894 1879 1682 1561 1412 1259 1124 1095 932 883 792 736 682 580 567 509 465 359 371 330 339 300 282 225 204 190 181 164 130 122 113 114 121 96 88 68 78 60 66 67 39 43 48 30 43 25 22 18 23 23 16 10 13 14 13 11 3 11 10 7 5 4 4 5 4 3 3 7 2 7 1 6 3 4 0 2 4 1 1 0 4 2 2 1 1 0 0 0 0 1 0 0 0 2 2 0 0 0 0 1 0 0 0 0 0 0 0 0 0 0 0 0 
0 13 25 35 45 53 42 51 154 203 238 220 260 397 483 572 860 1035 1225 1258 1418 1666 1914 2259 2468 2855 3391 3529 3630 3904 3980 4392 4650 4811 4803 5003 5047 5013 4964 4957 5001 4914 4710 4508 4383 4064 3910 3764 3540 3380 3170 2950 2823 2577 2400 2136 2106 1864 1644 1586 1438 1299 1252 1092 991 896 895 770 683 622 598 562 486 427 407 366 330 328 270 252 237 210 180 171 139 140 111 110 111 100 67 70 72 77 56 56 51 48 46 40 30 39 27 15 22 18 20 17 10 7 7 7 7 4 6 4 7 7 4 7 4 2 1 5 3 2 2 6 1 2 2 0 3 0 3 2 2 0 2 1 0 1 1 0 2 2 1 0 2 0 0 0 1 0 0 0 0 0 0 0 0 1 0 0 0 0 0 0 0 0 0 0 0 0 
0 2 17 22 57 68 97 108 179 204 191 280 377 437 399 598 730 909 1130 1369 1672 1808 2086 2398 2393 2711 2937 3330 3707 4159 4382 4390 4632 4761 4911 5038 4980 5208 5010 5057 4850 4929 4664 4621 4375 4258 3848 3694 3391 3298 3127 2897 2766 2571 2342 2108 1910 1914 1626 1541 1459 1254 1159 1051 932 900 831 800 632 627 565 513 492 379 408 322 290 261 282 230 209 206 160 166 156 134 123 111 92 99 81 78 63 66 51 53 51 37 36 36 30 29 23 16 20 17 12 10 13 11 13 11 5 7 9 8 5 4 3 6 5 4 4 4 4 5 2 5 4 3 2 1 2 2 0 1 0 0 2 1 1 0 0 1 0 0 0 0 0 1 0 2 0 0 0 0 0 0 0 0 0 0 0 0 0 
1 1 16 42 55 44 101 175 176 194 153 177 500 733 890 860 1047 1247 1348 1591 1772 2155 2521 2664 2897 2848 3428 3799 4217 4183 4460 4626 4824 4668 4861 4925 5018 5046 5021 4859 4783 4706 4375 4303 3972 3967 3870 3501 3223 3027 2807 2613 2537 2261 2149 1999 1780 1639 1587 1433 1259 1175 1073 933 939 797 732 698 651 624 500 446 430 382 343 286 279 244 228 204 178 165 162 110 131 110 146 107 105 91 80 75 67 64 52 43 45 38 51 29 25 29 45 25 30 22 12 13 13 16 13 12 6 9 9 4 4 10 1 6 3 7 2 1 1 2 6 1 1 1 2 4 1 1 1 4 1 1 2 1 3 0 0 1 0 0 1 0 0 0 0 1 0 0 0 0 0 0 0 0 0 0 
1 1 15 32 41 52 42 66 298 292 323 239 415 666 668 972 1224 1476 1626 1984 1937 2029 2477 2865 3057 3434 3824 3910 4266 4146 4539 4923 4889 4910 5173 5053 5133 4879 4855 4710 4751 4763 4384 4147 3909 3642 3558 3336 3144 2806 2796 2568 2341 2160 2052 1813 1672 1523 1425 1285 1172 1086 1034 871 814 776 640 618 576 494 472 440 364 330 328 289 299 255 218 213 178 144 142 138 118 134 99 113 89 76 89 75 77 74 61 53 52 45 31 30 20 24 33 23 19 14 21 13 15 12 14 14 9 7 6 3 0 3 6 3 3 5 4 0 4 4 3 2 1 2 0 1 2 2 2 0 0 0 1 0 3 2 0 0 1 1 0 0 1 3 1 1 0 0 1 0 1 1 1 2 1 1 0 0 0 0 0 0 0 0 0 0 0 0 0 0 0 
0 5 34 68 95 79 104 134 306 302 340 334 748 843 746 1002 1106 1285 1600 2009 2212 2292 2554 2944 3139 3485 3718 4216 4192 4494 4657 4794 4969 4955 5030 5103 5245 5018 4929 4746 4530 4425 4289 4105 3854 3785 3604 3344 3137 2902 2638 2486 2409 2129 1999 1859 1665 1490 1432 1313 1225 1096 983 885 848 668 740 597 558 493 450 374 361 333 304 242 266 209 193 186 158 151 122 141 109 100 102 76 70 54 56 59 47 42 37 32 26 35 17 28 28 25 22 12 14 8 9 22 11 8 4 8 14 5 9 9 3 6 3 7 6 9 3 8 4 2 2 5 4 3 2 2 5 3 2 1 4 1 1 2 3 5 2 2 1 2 1 0 0 0 1 0 0 0 0 0 1 2 0 0 0 1 1 0 1 0 0 0 0 0 0 0 0 0 0 0 0 
0 12 19 26 52 149 164 129 129 165 436 532 562 647 818 985 1126 1142 1451 1695 1956 2060 2522 2751 2986 3218 3678 4106 4160 4350 4445 4706 4874 5008 4963 5094 5056 5052 4989 4782 4783 4604 4432 4297 4030 3824 3557 3302 3272 3027 2639 2636 2369 2189 1954 1829 1687 1582 1460 1397 1290 1098 940 856 836 801 701 701 591 494 424 403 386 346 306 300 261 249 225 203 193 147 175 145 122 102 92 78 81 69 73 62 56 39 37 45 22 29 34 41 25 20 21 19 17 6 15 13 21 9 15 3 7 7 4 5 6 1 2 5 3 3 3 3 3 5 1 0 4 0 2 4 2 1 3 2 0 2 0 0 1 0 1 0 1 1 0 2 1 0 1 1 0 0 1 0 0 1 0 0 0 0 0 0 0 0 0 0 0 
0 7 21 24 67 50 111 96 159 170 162 189 267 300 403 540 659 833 889 1260 1515 1736 1837 2227 2335 2746 2891 3256 3568 3894 3939 4227 4549 4865 5117 4989 4989 5046 5122 5157 5018 4733 4711 4604 4603 4271 4044 3748 3637 3374 3166 3077 2754 2699 2375 2187 2094 1913 1769 1548 1436 1309 1193 1080 1059 920 845 785 704 603 587 552 512 480 408 376 375 285 298 278 227 207 204 167 142 126 116 119 111 96 79 74 79 75 74 55 45 54 39 32 39 32 23 31 18 30 15 10 15 20 22 12 11 14 4 5 6 6 3 5 5 5 1 2 2 3 2 2 0 1 1 0 2 1 0 0 0 0 0 0 0 1 0 1 0 0 0 0 0 0 0 0 0 1 0 0 0 0 0 0 
3 3 12 37 67 71 77 84 124 164 459 481 568 564 563 822 1031 1126 1469 1823 2113 2355 2590 2525 2865 3232 3425 3861 4077 4298 4399 4464 4617 4771 4934 5152 5043 5002 5030 4831 4717 4541 4542 4193 4047 3849 3595 3497 3255 3017 2764 2674 2437 2187 2038 1900 1775 1647 1454 1362 1253 1105 1076 936 890 817 722 627 611 569 513 429 416 367 373 304 288 288 220 221 191 178 152 179 133 121 121 99 83 77 68 63 73 54 46 43 37 36 36 30 25 30 20 26 13 10 11 16 9 9 14 17 13 8 4 8 6 6 4 3 4 3 5 0 2 0 3 2 0 1 1 0 1 1 0 2 0 0 0 0 1 0 0 0 0 2 1 0 0 0 0 1 1 0 0 0 0 0 2 0 0 0 0 0 0 0 0 0 0 0 
0 4 17 24 35 47 62 98 102 227 136 125 267 421 508 530 593 716 766 1020 1253 1433 1730 2050 2276 2532 2730 3081 3307 3884 4166 4198 4594 4763 4819 4918 5093 5305 5210 5220 5179 4951 4721 4672 4522 4471 4119 4073 3851 3551 3307 3032 2960 2650 2513 2376 2102 1956 1802 1615 1535 1482 1217 1154 1063 1000 907 814 723 652 620 582 473 475 423 412 315 325 290 274 248 216 181 160 171 146 136 107 104 98 89 83 56 78 54 39 49 41 32 43 36 30 15 24 28 16 13 19 14 13 7 8 10 2 3 8 11 8 6 4 9 2 2 3 5 3 0 0 2 0 2 0 2 1 3 2 0 0 1 1 2 2 0 1 0 1 0 1 3 1 0 0 0 0 1 0 1 0 0 0 0 0 0 
0 4 26 53 47 66 74 122 99 130 193 278 261 348 530 511 568 738 865 968 1330 1512 1766 1986 2247 2463 2605 2954 3245 3507 3753 4106 4393 4768 4941 4886 4921 5036 5045 5111 4967 5129 4717 4561 4438 4377 4389 4052 3753 3614 3470 3175 2971 2832 2643 2439 2154 2103 1887 1727 1633 1464 1362 1246 1146 1038 909 820 757 743 577 593 526 475 417 391 367 298 280 255 218 238 220 207 170 163 147 135 116 104 97 75 77 77 77 60 72 36 41 39 51 29 19 25 19 21 16 19 22 21 10 13 12 11 13 8 11 13 5 6 2 8 9 6 7 1 4 0 2 1 0 4 6 2 3 3 2 0 2 1 0 1 1 0 2 0 0 0 1 0 0 0 0 0 0 0 0 0 0 
