1 3 23 37 41 49 93 118 142 143 191 242 272 299 452 469 622 632 1024 1140 1105 1258 1472 1654 1729 2079 2268 2396 2512 2705 2982 3303 3546 3612 3588 3723 3974 3898 4061 4206 4043 4064 4018 3950 3720 3782 3629 3585 3388 3312 3117 2858 2742 2602 2453 2246 2054 2032 1886 1737 1616 1467 1439 1258 1155 1117 996 919 803 790 730 683 568 575 488 494 421 379 368 314 301 268 244 215 183 173 166 136 137 119 126 101 96 78 77 77 67 61 67 45 42 42 47 39 27 26 26 26 16 21 16 14 13 19 20 14 9 10 14 7 8 6 8 2 
0 13 28 34 45 48 48 64 140 178 218 161 196 335 559 737 788 914 964 1130 1286 1388 1629 1963 2335 2468 2663 2783 2944 3376 3511 3801 3784 3938 4061 3961 4069 4286 4189 4193 4135 4171 3997 3903 3857 3707 3468 3252 3094 3023 2866 2631 2456 2304 2212 2032 1887 1793 1666 1513 1425 1252 1168 1158 945 872 831 796 687 638 598 567 509 489 411 380 338 343 324 252 254 225 217 185 183 159 149 116 124 111 116 97 87 95 79 59 56 45 42 47 36 44 27 31 36 29 27 21 18 20 15 16 5 10 7 9 7 7 5 
0 7 22 45 56 45 67 76 93 164 232 277 288 405 435 626 763 826 964 1108 1289 1428 1628 1880 2047 2165 2369 2606 2974 3064 3300 3430 3697 3902 3975 3967 3958 4302 4248 4292 4173 4047 3959 3849 3748 3722 3559 3427 3292 3034 2882 2645 2611 2522 2252 2054 2025 1803 1673 1550 1460 1341 1245 1137 1067 935 884 827 747 688 600 569 559 466 447 397 368 316 311 270 233 237 234 205 173 178 131 136 129 107 105 94 60 73 63 55 49 40 39 47 43 35 30 30 27 23 27 23 22 13 15 8 10 4 8 9 10 8 7 2 
0 5 30 31 46 58 65 94 110 155 210 300 321 508 646 675 735 878 1114 1221 1430 1912 1853 1812 2079 2246 2710 3083 3207 3356 3607 3610 3837 4018 4114 4218 4231 4211 4216 4131 4168 3982 4008 3872 3815 3534 3514 3166 3022 2926 2752 2622 2446 2325 2173 2005 1864 1748 1569 1410 1347 1291 1211 1083 940 911 777 762 739 664 553 552 495 386 400 365 327 327 288 242 211 250 190 189 174 147 149 129 111 90 117 89 93 74 71 73 49 43 51 54 33 41 32 33 35 30 23 19 19 18 18 15 19 10 11 15 16 11 6 5 10 2 8 6 
0 5 23 41 50 40 67 90 129 146 221 423 529 576 490 558 709 852 924 1089 1319 1581 1601 1767 1911 2123 2337 2665 2679 3046 3220 3236 3349 3617 3839 3980 3890 3789 4021 4083 4151 4081 3975 3842 3830 3724 3476 3347 3245 3089 2914 2780 2523 2536 2325 2159 2048 1878 1761 1659 1490 1486 1305 1147 1073 982 1000 829 767 699 634 565 536 522 459 447 417 386 351 300 289 236 265 240 226 192 154 159 144 111 125 95 92 84 80 72 75 62 75 57 53 51 32 31 43 34 25 36 25 27 33 16 17 18 15 13 16 14 10 9 9 10 6 7 
1 6 32 36 35 59 108 151 198 247 223 255 295 459 628 757 735 787 1014 1208 1574 1890 1981 2064 2237 2355 2778 3021 3123 3283 3680 3663 3924 4068 4113 4177 4223 4206 4223 4147 4238 4130 3895 3854 3667 3464 3305 3287 3191 2942 2645 2566 2483 2275 2066 1924 1815 1685 1524 1426 1333 1214 1163 1089 946 897 801 685 677 587 533 517 445 508 404 380 290 287 295 221 243 215 186 170 154 176 126 113 101 97 83 75 80 68 49 50 65 60 51 37 43 34 25 31 17 28 23 18 23 15 16 20 14 9 12 11 6 7 7 11 6 
0 7 17 22 42 42 60 60 127 175 188 238 308 380 469 709 711 825 767 923 1137 1448 1619 1760 2193 2364 2493 2766 2872 2938 3307 3344 3429 3739 3942 3966 3951 4125 4101 4246 4191 4067 3888 3878 3751 3567 3618 3495 3272 3167 2901 2856 2676 2510 2298 2205 1974 1841 1724 1628 1505 1352 1262 1196 1104 1062 923 820 787 692 641 637 511 471 529 418 362 342 327 274 275 241 223 217 176 150 131 129 147 126 109 104 82 74 72 58 52 73 49 40 50 38 36 38 26 29 33 21 17 21 18 11 16 13 7 19 11 8 10 8 9 6 
0 7 29 20 52 52 109 164 235 263 215 247 404 401 369 453 802 959 1085 1275 1323 1330 1532 1687 2205 2338 2388 2748 2898 3291 3630 3585 3830 3875 3962 4140 4185 4147 4091 4099 4056 4077 4060 4001 3815 3576 3471 3367 3242 2924 2720 2735 2441 2267 2245 2135 2013 1784 1671 1561 1339 1316 1167 1162 1056 925 899 757 673 663 605 548 480 464 419 388 355 330 234 260 261 235 167 189 167 137 150 103 119 103 107 82 93 89 60 69 56 58 57 48 39 36 38 41 36 31 22 19 19 12 23 14 17 16 8 7 9 2 9 3 6 6 
0 4 20 36 70 68 69 83 136 197 228 305 311 368 426 623 708 761 982 1431 1412 1356 1561 1811 2121 2222 2325 2611 2868 3278 3381 3499 3557 3680 3848 4085 4055 4191 3942 4063 4130 4040 3906 3828 3732 3701 3489 3357 3247 3056 2886 2673 2586 2386 2142 2150 2005 1857 1754 1570 1440 1409 1257 1151 1044 990 887 791 737 680 643 635 507 499 455 438 400 345 307 276 251 251 225 239 183 173 164 141 119 119 101 116 98 79 58 68 51 46 48 60 47 41 23 31 23 19 16 21 9 21 10 20 15 11 4 7 8 7 2 7 
1 5 18 26 57 66 117 124 136 141 188 195 256 439 486 604 697 686 832 1176 1188 1378 1479 1739 1888 2296 2542 2763 2902 3108 3386 3438 3550 3753 3757 3913 3992 4242 4117 4105 4343 4328 4118 3947 3893 3750 3617 3533 3270 3053 2975 2829 2701 2408 2318 2160 2023 1872 1737 1569 1513 1336 1307 1200 1077 990 930 815 823 696 658 603 548 455 462 429 382 363 349 287 261 239 192 212 158 175 151 165 123 132 97 98 95 82 73 57 40 56 43 49 41 45 26 20 21 23 13 16 14 9 15 12 8 13 12 12 5 5 7 
0 7 15 34 40 76 73 53 90 175 240 232 271 307 358 506 556 784 945 863 1045 1319 1496 1740 1820 2045 2308 2751 2879 2930 3115 3274 3364 3540 3699 3966 4139 4124 4084 4128 4057 4148 4073 3993 3898 3734 3667 3494 3295 3224 3006 2884 2724 2497 2222 2183 2031 1898 1750 1652 1550 1478 1371 1203 1073 1088 973 910 800 767 663 606 560 553 452 423 378 380 348 328 258 260 262 224 204 189 149 163 143 111 107 106 90 94 79 67 63 67 53 69 51 35 34 34 37 32 31 31 21 15 12 19 15 12 8 16 8 6 7 13 8 
0 3 11 39 39 48 64 66 108 144 172 196 241 371 483 585 741 781 877 1039 1427 1497 1671 1730 2067 2192 2413 2638 2782 3028 3306 3400 3573 3676 3635 3933 4115 4050 4228 4091 4092 4028 4056 3857 3817 3706 3514 3429 3270 2972 2876 2832 2770 2533 2415 2255 2097 1821 1782 1609 1531 1434 1320 1162 1125 1031 917 879 767 717 627 619 570 525 482 395 409 384 324 299 268 238 240 197 200 198 154 159 125 106 108 92 94 89 71 70 55 64 37 50 39 46 62 40 33 29 27 23 26 20 12 22 17 6 15 9 17 12 11 9 
0 2 18 28 35 39 73 100 96 95 114 121 357 476 487 562 746 808 994 1214 1273 1524 1677 1834 1887 2095 2607 2872 2985 3272 3516 3701 3854 3967 4129 4002 4057 4332 4378 4169 4263 4135 3891 3879 3906 3629 3506 3378 3151 3036 2836 2860 2540 2358 2192 2010 1916 1836 1626 1540 1392 1319 1187 1106 987 970 867 759 698 612 570 564 474 435 407 364 367 346 292 279 262 221 200 189 159 129 148 132 123 92 82 106 79 67 57 61 46 65 43 40 41 47 27 35 36 23 19 22 9 15 16 14 18 14 15 9 9 6 4 
0 4 20 24 44 56 83 115 143 161 166 168 219 314 383 438 516 593 788 889 887 1167 1294 1586 1780 1941 2204 2303 2484 2755 3075 3134 3296 3571 3736 3810 4099 4061 4145 4020 4066 4092 4000 3973 3864 3728 3668 3539 3454 3264 3053 3019 2768 2639 2473 2429 2245 2005 1922 1756 1689 1442 1442 1254 1176 1122 1007 937 884 814 733 677 609 587 516 490 431 410 357 333 308 274 297 271 221 206 210 161 163 126 115 100 123 103 83 83 86 74 59 68 60 41 41 45 26 27 19 31 27 18 28 22 21 24 11 17 10 8 6 13 11 13 6 
0 8 19 29 49 55 60 71 85 141 229 307 560 629 679 654 770 903 1100 1364 1462 1572 1856 1994 2238 2431 2730 2996 3292 3447 3622 3728 3725 3933 4122 4057 4130 4198 4188 4160 4135 3906 3968 3859 3564 3505 3282 3254 3141 2904 2775 2598 2366 2212 2108 1955 1885 1665 1603 1421 1332 1217 1186 1059 1014 909 798 746 708 633 583 509 481 471 390 384 329 310 305 283 256 216 220 177 155 137 147 145 117 105 92 89 104 65 78 62 50 63 40 45 32 33 25 25 21 28 18 24 21 25 12 18 11 9 12 8 6 9 5 5 3 
8 13 23 35 41 42 81 80 124 181 232 207 368 374 496 615 741 792 833 1099 1348 1534 1714 1809 2189 2233 2547 2812 2882 3076 3391 3453 3524 3627 4012 4041 4135 4072 4126 4209 4079 4147 4023 3858 3693 3534 3419 3336 3143 2960 2798 2804 2541 2393 2238 2046 1944 1759 1691 1567 1495 1360 1177 1115 1023 955 847 834 742 692 635 600 521 518 439 442 357 364 329 339 228 243 196 183 174 170 156 138 134 108 104 100 98 73 72 65 56 51 56 53 48 41 31 38 26 24 20 22 17 24 21 14 16 12 8 6 15 10 7 8 5 3 4 
1 3 18 28 45 42 62 86 79 74 189 202 120 147 223 313 458 529 642 758 851 1014 1170 1359 1536 1636 1864 2222 2396 2536 2781 2821 3238 3513 3661 3827 3886 3913 4077 4115 4169 4070 4266 4101 4042 4064 3740 3738 3571 3460 3260 3086 2918 2864 2630 2520 2380 2179 2069 1869 1727 1688 1531 1406 1287 1262 1105 1016 958 845 810 762 706 533 560 533 469 411 355 337 321 297 271 261 251 235 209 197 173 159 159 122 118 107 112 91 93 77 88 59 70 45 49 49 49 30 35 38 29 26 20 25 25 18 19 11 20 9 9 6 10 8 6 8 9 
3 11 25 48 55 74 87 86 187 247 288 299 360 455 648 749 859 1008 1013 1293 1556 1766 1844 2044 2350 2516 2797 2885 2941 3221 3475 3748 3768 3823 4019 4033 4233 4131 4027 4039 4123 3965 4079 3760 3589 3538 3416 3284 3133 2875 2781 2625 2526 2339 2173 1979 1800 1705 1653 1495 1345 1269 1185 1072 995 953 833 766 667 642 563 520 483 473 454 360 359 328 301 262 275 203 206 189 161 137 143 108 121 120 89 73 77 72 58 46 52 56 39 42 31 37 19 21 20 19 25 12 17 16 10 21 6 5 2 9 12 8 1 
0 7 33 34 60 82 109 185 262 359 379 401 360 472 856 980 948 1123 1218 1314 1526 1908 2157 2284 2321 2551 2905 2935 3350 3616 3597 3741 3919 3987 4178 4174 4235 4210 4115 4067 4006 4021 3811 3849 3502 3378 3274 3088 3031 2744 2612 2473 2284 2233 2002 1835 1759 1572 1480 1417 1308 1244 1110 1019 854 766 769 664 581 595 516 499 451 417 404 319 301 268 244 240 195 192 172 163 140 126 114 114 99 108 91 71 71 65 49 44 46 49 36 52 34 29 24 23 26 16 22 15 16 14 13 19 5 6 15 5 2 4 3 2 2 3 
1 6 7 27 43 62 212 229 238 324 404 440 425 552 628 775 954 1090 1138 1413 1858 2089 1991 2228 2306 2752 2863 3011 3377 3599 3831 3852 3809 3921 4014 4122 4058 4032 4045 4125 3858 3901 3815 3660 3390 3407 3125 3069 2875 2786 2638 2314 2259 2144 1933 1778 1757 1593 1412 1322 1208 1105 1026 977 845 837 742 712 602 551 502 482 424 387 366 359 326 301 257 233 217 175 178 192 160 145 125 110 97 105 102 67 60 54 68 48 34 43 45 45 29 24 31 31 19 33 24 17 16 13 12 13 16 6 5 15 8 7 
0 10 25 28 38 48 61 49 72 134 115 132 175 248 364 472 484 575 626 690 869 968 1255 1322 1374 1572 1801 2029 2232 2451 2854 3060 3025 3176 3382 3602 3683 3815 3962 4104 4200 4012 4085 3939 4152 3882 3772 3694 3604 3411 3235 3185 2964 2815 2724 2510 2411 2222 2122 1930 1767 1626 1555 1531 1329 1205 1149 1008 980 865 800 726 656 618 594 533 511 447 413 372 348 315 289 251 258 214 180 174 157 154 138 125 116 106 111 98 89 66 71 62 45 55 48 43 44 26 33 28 24 21 20 25 21 22 14 13 13 19 8 14 9 8 5 3 
0 0 14 29 53 42 76 62 99 135 205 187 256 436 470 596 870 818 979 1154 1449 1751 1834 1950 2287 2638 2780 2949 3067 3261 3470 3792 3820 3802 4084 4198 4197 4173 4293 4182 4154 4027 3907 3935 3603 3477 3465 3188 3151 2939 2769 2620 2472 2274 2213 2005 1860 1794 1625 1489 1374 1259 1192 1073 1025 954 822 832 688 660 618 555 520 517 431 392 377 330 282 277 259 245 219 180 202 175 164 152 129 137 112 104 97 94 71 76 58 62 64 47 38 26 39 31 18 27 23 17 19 18 10 26 13 10 13 3 10 9 10 11 2 
0 6 19 51 50 120 166 111 146 212 330 397 383 447 632 731 909 932 1116 1363 1506 1612 1633 2036 2360 2565 2729 2802 2922 3210 3403 3629 3814 4045 4071 4066 3926 4060 4094 4184 4036 3977 3924 3882 3650 3636 3428 3181 2976 2879 2686 2602 2515 2200 2149 1969 1868 1630 1560 1486 1384 1254 1186 1084 1020 906 827 757 687 608 596 537 502 430 401 334 381 271 311 255 263 243 224 221 159 157 137 136 108 112 81 80 76 70 60 65 62 51 55 41 35 44 31 20 19 23 23 18 20 15 16 16 17 15 6 12 11 2 11 3 
0 25 24 20 41 44 48 80 107 258 329 376 421 480 501 719 876 987 1280 1206 1348 1602 1733 1992 2168 2404 2530 2649 2820 2988 3366 3654 3886 3858 3727 3833 4017 4124 4133 4038 4034 4011 3896 3855 3679 3526 3438 3247 3163 3125 2847 2570 2378 2347 2138 2038 1927 1777 1745 1496 1465 1378 1162 1005 952 944 898 821 712 688 609 578 513 434 435 340 343 335 308 264 247 241 196 176 157 162 150 139 111 110 92 85 81 68 69 58 55 55 53 48 39 27 32 29 21 14 25 20 13 18 18 16 11 9 5 13 4 9 7 10 
0 2 17 28 48 81 78 258 269 247 188 323 383 521 665 861 911 1379 1453 1247 1478 1978 2095 2320 2547 2640 2810 3031 3320 3772 3807 3808 3761 4059 4083 4056 4134 4211 3910 4241 3996 3932 3932 3644 3598 3205 3211 3150 2970 2809 2568 2442 2181 2081 1990 1781 1693 1481 1480 1365 1256 1142 1031 967 872 783 805 680 622 571 484 514 495 452 368 355 336 306 288 246 221 198 173 174 147 130 141 116 110 106 62 71 71 66 68 59 50 32 39 37 34 36 26 30 22 26 20 17 21 13 16 7 9 7 12 10 11 9 3 
0 10 19 23 36 41 54 111 145 116 130 158 207 221 313 504 613 685 809 988 1280 1312 1214 1488 1729 1973 2214 2553 2760 2814 3062 3127 3328 3607 3688 3944 4008 4150 4139 4126 3983 4116 3915 4090 3996 3726 3684 3616 3405 3400 3129 2912 2674 2589 2449 2268 2146 2040 1913 1685 1634 1409 1341 1281 1195 1179 1014 834 851 748 677 617 554 538 511 428 438 387 334 311 279 275 250 235 207 180 169 145 116 112 102 114 112 76 89 77 59 55 61 61 70 39 33 34 35 29 32 28 35 24 18 13 13 12 7 16 9 11 12 7 9 6 2 8 
0 13 20 33 36 53 65 57 89 126 149 162 337 371 426 449 657 809 955 1217 1330 1399 1502 1716 1884 2121 2376 2640 2811 3107 3270 3396 3671 3884 4044 4042 4023 4205 4281 4210 4059 4152 4071 4048 3912 3738 3544 3540 3181 3143 2977 2803 2692 2615 2366 2181 2045 1758 1800 1607 1539 1439 1258 1164 1073 956 938 831 832 684 656 561 539 519 446 382 384 316 292 258 215 255 221 216 208 165 138 103 119 112 108 98 88 71 74 69 54 59 51 43 31 38 32 26 30 21 20 20 18 21 24 10 10 13 12 12 9 7 7 4 
2 5 10 39 45 51 63 96 101 192 240 230 383 447 467 537 660 815 1065 1228 1418 1478 1706 1824 1966 2126 2422 2628 2886 3043 3121 3474 3570 3733 3856 4017 4077 4192 4085 4277 4221 4053 4083 3929 3751 3638 3630 3483 3374 3230 2837 2845 2673 2425 2388 2200 2049 1876 1694 1522 1394 1322 1295 1185 1119 969 872 814 775 688 625 546 530 456 448 389 373 341 334 298 265 236 196 207 167 144 139 111 135 125 104 84 86 66 68 64 66 45 44 33 36 26 42 32 22 28 16 21 13 16 19 18 13 9 11 7 7 2 2 5 
1 12 15 29 39 66 72 114 127 147 293 348 370 428 490 574 811 984 1118 1300 1546 1665 1850 2048 2341 2592 2799 3059 3259 3486 3654 3690 3913 3929 4027 3986 4262 4203 4202 4141 4139 4035 3926 3807 3671 3534 3367 3144 3018 2857 2689 2638 2379 2180 2007 2009 1768 1767 1628 1460 1329 1319 1153 982 917 930 810 739 680 608 609 533 474 447 380 354 325 313 290 256 264 225 228 183 163 157 134 130 111 111 94 83 73 79 63 65 49 48 49 51 36 26 38 32 23 27 15 13 24 13 15 16 12 9 7 5 5 5 9 
0 6 31 53 77 49 48 53 78 119 197 305 365 411 427 468 665 877 980 1123 1239 1298 1462 1793 1904 2290 2539 2638 2812 2968 3167 3488 3763 3793 3888 3848 4002 4278 4152 4111 4094 3915 3918 3910 3783 3852 3745 3478 3410 3241 2942 2792 2654 2549 2310 2170 2100 1950 1777 1599 1544 1348 1263 1129 1107 988 915 862 823 692 647 566 550 511 459 437 349 364 329 288 241 237 234 183 177 147 158 156 129 115 116 95 87 70 83 58 72 82 35 40 46 29 28 30 25 23 24 26 15 16 18 24 13 3 11 7 10 10 5 10 7 
1 14 24 34 36 54 75 60 85 114 150 175 181 315 453 441 525 536 579 854 1012 1125 1327 1549 1623 1919 1938 2219 2399 2747 2995 3204 3201 3530 3644 3618 3766 3881 4137 4097 4105 4110 4114 3970 3870 3905 3703 3600 3591 3486 3088 3144 2827 2716 2546 2430 2276 2164 1977 1848 1734 1543 1436 1325 1246 1127 975 954 962 865 767 722 626 654 526 487 413 408 396 353 312 326 271 256 228 189 176 186 142 143 108 121 96 118 91 65 64 69 71 55 48 48 39 31 37 29 30 17 20 27 14 15 12 17 19 9 10 10 3 16 8 6 
0 3 8 32 43 53 74 70 100 159 168 207 244 415 784 986 836 890 1034 1271 1509 1780 2029 2101 2389 2472 2785 2988 3086 3218 3424 3624 3838 3928 4092 4296 4405 4352 4297 4076 4125 4001 3981 3890 3709 3592 3355 3283 3016 3009 2810 2588 2282 2221 2100 2014 1849 1745 1534 1382 1309 1227 1084 1117 1001 908 826 738 667 638 577 514 509 441 412 384 328 283 273 276 222 186 171 169 150 162 126 115 96 97 91 81 66 73 62 57 64 36 44 46 32 21 39 31 19 20 20 14 17 13 13 13 10 9 9 7 14 9 
0 9 18 19 45 40 67 67 96 80 127 152 233 385 440 454 540 464 564 863 1034 967 1116 1276 1536 1714 1945 2185 2362 2560 2847 3150 3098 3180 3415 3587 3711 4000 3985 4158 3969 4139 4130 4173 4010 3905 3820 3673 3567 3326 3289 3126 3041 2891 2550 2490 2338 2161 1975 1867 1763 1688 1446 1419 1298 1247 1147 1014 900 847 782 733 652 591 513 508 500 433 386 370 313 296 295 240 213 202 190 173 149 135 113 129 107 93 70 76 78 89 53 50 46 26 34 36 33 23 29 25 19 24 19 31 13 16 12 15 10 6 10 6 4 6 12 
0 1 17 30 30 45 51 77 123 159 186 345 407 475 637 768 857 928 1271 1385 1638 1804 1927 2075 2404 2645 2662 2977 3333 3583 3735 3795 3826 3937 4054 4204 4222 4253 4349 4080 3961 3934 3893 3827 3674 3453 3324 3237 3003 2794 2844 2649 2462 2191 2029 1924 1689 1609 1472 1425 1281 1141 1108 1015 942 876 791 736 669 590 552 495 471 416 415 376 354 309 307 250 239 198 184 180 165 156 158 131 118 109 103 80 92 81 58 66 74 39 46 46 33 53 35 30 30 18 26 21 24 12 12 14 15 12 6 6 7 5 12 7 
0 6 19 36 43 62 82 95 93 128 132 158 309 671 782 772 807 1020 1178 1317 1594 1840 2104 2403 2562 2759 2872 3148 3326 3477 3723 3839 4208 4223 4274 4200 4315 4340 4322 4087 3999 4046 3890 3773 3726 3571 3342 3122 3055 2889 2687 2490 2337 2113 1958 1928 1681 1605 1507 1343 1287 1123 1030 987 859 821 733 705 589 571 541 506 462 381 383 336 276 282 249 222 212 181 163 158 138 128 121 124 103 100 86 97 78 58 57 57 48 45 49 45 30 29 24 20 25 18 23 12 15 12 7 10 7 11 5 5 8 8 
0 5 30 45 52 60 110 71 79 121 163 201 221 220 289 439 521 742 773 814 1009 1088 1268 1473 1742 1836 2065 2231 2478 2850 3015 2956 3229 3384 3676 3767 3872 4017 4092 3837 4044 3990 4011 3948 3790 3751 3745 3583 3621 3326 3075 2912 2801 2622 2497 2372 2152 2123 1955 1772 1659 1596 1467 1315 1266 1096 1075 1011 851 808 800 641 709 587 518 468 443 432 390 346 283 301 250 264 242 221 204 172 132 133 146 128 110 96 82 89 61 65 68 68 37 43 36 35 32 33 32 24 27 23 23 22 21 14 14 12 13 16 10 10 6 13 12 6 3 4 
0 0 19 38 39 58 65 99 124 138 180 190 314 483 446 461 566 741 963 1099 1191 1313 1374 1611 1871 2144 2259 2452 2575 2839 2993 3399 3626 3587 3631 3766 3817 4241 4083 4123 4041 4083 3971 4012 3847 3784 3653 3560 3367 3142 2999 2931 2761 2629 2438 2245 2099 1931 1822 1642 1608 1428 1345 1227 1115 1018 978 892 835 760 703 661 566 502 468 451 429 393 340 320 283 219 214 223 198 188 132 161 142 119 109 115 109 92 68 89 63 61 57 56 50 33 41 33 32 35 28 24 16 16 14 17 21 16 16 7 7 9 8 7 6 
0 9 19 33 38 69 72 97 170 189 257 321 443 578 687 771 813 879 983 1186 1571 1668 1806 1863 2196 2427 2564 2853 3107 3286 3478 3547 3762 3868 3961 4008 4196 4155 4077 4047 4036 3927 3804 3757 3736 3551 3319 3221 3015 2929 2706 2526 2419 2301 2101 1951 1791 1826 1613 1465 1341 1251 1164 1078 957 896 783 749 735 705 588 594 446 492 408 381 375 285 310 298 279 247 213 188 195 156 144 134 108 122 87 79 91 76 73 82 59 48 46 48 28 37 38 32 35 24 24 23 14 15 23 16 20 13 12 12 7 11 9 7 7 
0 4 17 37 39 56 40 72 184 175 189 155 204 279 369 419 439 528 645 705 921 1162 1274 1439 1646 1739 1912 2304 2416 2688 2827 3008 3131 3439 3501 3644 3905 3995 4085 3958 4089 4194 4091 4064 3976 3937 3813 3654 3613 3404 3230 3133 2950 2851 2655 2404 2279 2148 2053 1818 1731 1597 1448 1375 1267 1144 1086 1069 897 849 764 710 676 577 560 499 401 449 346 335 304 295 258 259 210 206 188 169 154 127 142 135 129 91 90 70 63 70 64 55 57 45 39 45 40 32 25 21 23 9 21 10 10 10 18 12 10 12 7 7 7 
0 1 20 22 37 60 63 79 87 100 117 275 367 439 534 546 578 598 691 847 949 1233 1436 1604 1738 1929 2165 2347 2550 2883 3252 3275 3400 3767 3731 3720 3750 3902 4114 4155 4116 3995 4110 3904 3799 3765 3611 3533 3321 3245 2974 2859 2743 2565 2415 2396 2165 2071 1956 1770 1593 1500 1362 1365 1243 1144 1082 916 848 845 734 697 600 568 521 461 430 421 355 322 287 307 290 244 194 183 153 146 153 131 136 103 96 95 91 82 69 50 58 60 50 47 42 36 21 28 28 24 19 29 26 29 8 11 18 11 10 11 10 10 6 
0 8 36 41 49 58 93 87 382 328 262 364 447 530 719 923 1054 1226 1384 1652 1541 1938 2070 2343 2616 2724 3040 3179 3478 3550 3819 3959 4067 3947 4064 4200 4144 4156 4121 4154 4030 3859 3807 3517 3478 3398 3119 3060 2766 2676 2576 2387 2319 2068 1938 1787 1669 1498 1425 1395 1279 1148 1000 964 900 838 723 701 606 589 526 487 429 451 392 330 289 267 250 231 207 214 149 149 140 151 116 99 117 80 96 62 73 77 52 42 55 33 34 32 35 22 23 25 26 16 13 21 16 15 9 10 15 13 8 3 7 8 
1 11 20 42 36 39 61 89 132 128 268 319 374 505 551 711 1008 1014 1140 1333 1409 1531 1722 1941 2233 2602 2807 2933 3168 3488 3667 3722 4018 3918 4013 3991 4079 4280 4271 4232 4139 4004 3960 3831 3706 3534 3372 3159 2984 2843 2811 2488 2417 2248 2123 1930 1828 1641 1572 1466 1378 1253 1216 1050 950 909 779 742 707 656 583 545 505 464 361 383 332 312 274 247 233 208 217 192 178 151 140 126 130 125 89 104 89 94 84 59 55 44 40 43 44 37 38 27 34 24 29 27 27 12 21 10 14 10 18 13 7 6 9 6 
0 3 15 27 45 62 76 114 101 130 124 203 224 309 387 452 569 686 873 933 1151 1197 1278 1367 1730 1837 1989 2166 2555 2732 2993 3105 3306 3456 3356 3682 3865 4075 4002 4014 4149 4076 4150 4026 4016 3759 3563 3605 3499 3281 3220 3006 2808 2609 2430 2414 2256 2077 1834 1838 1757 1569 1521 1348 1211 1103 1003 962 896 821 749 718 627 535 480 545 461 398 366 298 342 281 264 234 211 209 175 155 133 146 138 111 114 101 86 84 75 66 61 54 48 40 34 45 39 31 42 24 23 27 18 15 12 10 11 7 14 10 11 12 10 6 6 
0 6 15 34 63 74 61 69 117 155 159 181 270 333 477 610 584 652 883 973 1061 1238 1295 1533 1758 2216 2253 2492 2710 2875 3034 3173 3390 3645 3767 4047 4119 4241 4242 4338 4289 4176 4140 4145 4030 3828 3716 3564 3375 3087 3020 2950 2759 2703 2463 2319 2048 1810 1777 1682 1593 1411 1363 1252 1101 1001 946 890 775 734 685 671 562 495 489 448 381 388 300 337 281 258 239 220 177 177 187 158 134 120 106 103 95 102 85 83 68 55 57 58 52 41 43 47 33 36 36 26 24 20 30 22 28 18 14 19 8 11 18 13 7 8 10 7 7 3 
0 7 30 53 45 49 58 73 234 223 119 242 374 459 609 758 814 779 1127 1269 1420 1640 1765 2014 2389 2525 2667 2918 3172 3361 3454 3754 3758 3922 3994 4200 4020 4202 4214 4176 4189 3975 3918 3934 3671 3447 3447 3192 3206 2914 2822 2619 2517 2355 2032 2025 1865 1753 1582 1428 1362 1251 1168 1061 923 893 828 765 690 597 556 550 520 443 398 357 304 324 295 236 251 181 209 164 143 136 114 107 112 99 91 81 66 68 60 49 45 45 45 35 29 29 33 36 15 25 22 15 9 21 7 8 11 7 6 8 7 
0 10 23 30 42 47 59 75 112 296 374 328 331 472 524 587 696 803 1065 1228 1420 1712 1710 1792 2185 2439 2692 2859 3005 3288 3659 3675 3737 4054 3972 4201 4285 4215 4166 4153 4302 4143 4000 3871 3929 3733 3556 3345 3260 3018 2800 2625 2476 2366 2199 2071 1827 1671 1579 1499 1440 1334 1223 1066 939 887 871 808 681 633 628 513 467 362 342 372 343 275 267 273 242 206 180 156 139 131 138 131 100 107 82 81 75 65 63 62 64 37 44 44 44 30 35 24 27 19 19 15 19 19 18 10 7 10 7 12 7 5 5 4 7 3 
0 10 16 30 37 47 69 78 159 200 282 385 443 452 505 619 712 880 1027 1192 1400 1422 1551 1891 2080 2201 2437 2682 2908 2962 3164 3462 3540 3760 3821 3917 4040 4003 4100 4030 4062 3935 3863 3843 3623 3619 3477 3251 3225 3044 2843 2791 2432 2373 2325 2107 2054 1785 1769 1558 1396 1337 1161 1111 1103 981 907 780 771 706 619 635 539 510 413 378 372 348 284 278 255 249 241 198 152 162 148 133 138 124 103 76 104 75 82 71 48 64 53 46 42 51 26 29 46 28 23 19 19 18 22 29 18 14 10 17 18 10 14 11 6 12 8 6 
1 8 13 32 37 72 74 108 81 122 186 232 303 344 326 359 538 695 809 1090 1399 1517 1668 1842 1818 2054 2467 2741 2896 3140 3213 3429 3708 3763 3999 4005 4222 4175 4160 4318 4260 4200 4066 4008 3689 3790 3621 3415 3175 3174 2932 2771 2672 2477 2283 2118 1928 1841 1789 1608 1499 1389 1309 1141 1039 945 897 833 780 710 629 618 552 543 452 402 368 362 315 309 267 246 220 208 192 161 163 175 124 106 121 111 121 87 76 82 62 59 53 48 45 40 27 27 23 20 25 27 29 30 22 26 14 8 13 8 13 6 6 7 9 7 5 
0 4 11 38 53 75 87 378 308 90 149 250 435 511 633 746 766 956 979 1062 1276 1491 1792 1970 2067 2335 2433 2644 3002 3209 3539 3650 3719 3901 3930 3914 3975 4127 4019 4036 4186 4058 3943 3904 3793 3515 3312 3246 3208 2988 2807 2579 2596 2349 2284 2081 1879 1791 1639 1556 1385 1296 1208 1115 1007 920 857 810 721 681 633 571 504 470 435 382 362 332 273 269 251 242 188 192 200 150 137 110 104 104 79 77 73 73 74 69 46 55 35 29 35 39 35 32 15 29 22 19 23 19 17 13 14 20 7 8 11 5 7 7 4 3 
0 4 27 47 48 51 61 159 215 212 185 239 667 640 500 580 805 995 1127 1329 1477 1787 1787 2125 2342 2638 2747 2979 3327 3490 3598 3747 3961 3917 3996 4099 4153 4260 4377 4202 4194 4072 3856 3720 3613 3554 3477 3252 2971 2909 2648 2552 2387 2161 2032 1940 1793 1662 1514 1381 1261 1206 1032 1022 952 870 802 749 661 617 555 512 451 468 383 378 347 309 238 256 217 224 182 159 157 159 137 111 102 104 85 91 71 62 53 57 58 62 61 48 37 49 44 33 21 27 20 19 27 24 19 18 19 15 14 16 10 5 8 11 8 4 6 
0 6 18 50 66 55 102 107 147 392 166 305 483 580 719 706 1038 1158 1173 1116 1490 1854 1984 2157 2478 2558 2916 3088 3233 3453 3513 3794 4073 4231 4311 4238 4213 4163 4102 4121 4027 3911 3835 3814 3572 3282 3339 3062 2962 2853 2714 2556 2264 2168 2020 1917 1719 1679 1569 1426 1301 1162 1089 995 1006 864 772 724 648 623 496 534 512 425 377 356 333 312 276 247 234 198 194 168 146 133 110 105 93 92 85 72 70 55 58 46 55 36 45 37 42 25 33 26 21 19 15 17 24 11 17 12 16 9 10 9 10 10 8 
0 5 15 33 31 38 40 63 229 244 231 242 299 412 388 458 602 834 1022 1143 1094 1352 1494 1797 2079 2354 2447 2623 2874 3197 3286 3383 3565 3759 3910 4132 4161 4328 4349 4175 4005 4041 3957 4043 3843 3783 3618 3440 3233 3185 2960 2797 2588 2469 2258 2114 1996 1846 1700 1535 1547 1327 1228 1183 1081 959 833 802 753 686 641 579 516 500 405 384 364 357 309 294 231 261 199 205 167 139 158 161 137 126 79 108 102 90 72 60 55 52 44 51 39 34 39 45 30 27 27 14 24 20 18 13 14 12 11 14 11 5 6 4 7 4 
0 4 24 33 65 72 82 54 80 76 123 252 323 304 296 360 463 626 805 1021 1051 1155 1238 1363 1760 2024 2165 2250 2486 2662 2932 3056 3482 3609 3676 3787 3723 3937 4139 4198 4276 4156 3952 4107 3915 3781 3693 3741 3481 3360 3227 2925 2875 2635 2563 2536 2311 2193 1928 1855 1643 1612 1369 1256 1254 1088 1004 963 912 805 699 656 603 556 506 504 489 391 377 320 305 291 274 250 235 189 197 159 170 152 121 115 122 88 97 70 76 65 61 62 52 28 50 41 41 24 24 24 20 22 23 9 21 17 23 17 7 9 10 10 11 14 7 9 
0 4 15 25 30 58 121 193 249 245 236 345 385 431 534 634 838 1184 1217 1267 1542 1530 1909 2056 2181 2533 2774 3029 3383 3442 3455 3752 3750 4041 3992 4149 4065 4152 4219 4111 3972 4018 3946 3765 3766 3356 3222 3162 2858 2838 2789 2538 2402 2186 2096 1909 1752 1649 1605 1425 1376 1327 1040 1031 1000 866 812 761 740 639 583 519 477 461 436 354 365 316 292 244 219 236 220 176 165 157 134 131 119 105 88 80 73 79 57 66 64 51 39 51 27 29 33 33 30 20 24 22 20 20 21 12 13 10 7 5 9 7 3 5 
0 7 28 33 40 60 58 64 71 84 100 220 290 319 354 367 606 879 944 1009 1064 1298 1381 1659 1857 2209 2418 2597 2932 3054 3142 3421 3538 3674 3891 3995 3970 4174 4269 4168 4123 4122 4015 3923 3887 3852 3654 3532 3234 3191 3127 2913 2789 2453 2446 2258 2121 1995 1820 1720 1525 1387 1298 1159 1207 985 949 806 843 712 647 579 543 541 517 396 417 390 353 256 284 234 216 233 194 177 143 147 155 113 93 113 74 83 75 74 59 58 72 55 39 42 39 49 26 33 26 27 25 25 29 20 14 14 17 14 15 17 10 4 12 7 12 
0 18 24 37 43 38 63 85 105 172 237 236 290 459 521 650 736 796 944 1009 1148 1587 1636 1805 1947 2210 2367 2570 2775 2908 3200 3474 3554 3793 3726 4018 4078 4229 4153 4172 3956 4046 4058 3992 3952 3733 3577 3379 3250 3071 3061 2854 2652 2433 2397 2151 2014 1971 1698 1638 1472 1444 1268 1102 1066 975 932 804 824 707 595 637 602 520 491 443 380 372 305 306 294 290 227 214 183 167 156 129 139 123 118 94 87 92 65 67 63 55 66 50 36 43 35 33 40 33 34 21 15 18 9 17 16 9 15 13 14 7 16 6 8 13 12 5 6 4 3 
0 7 16 36 50 88 121 129 208 270 419 468 602 566 623 700 865 1183 1259 1445 1622 1681 2000 2290 2308 2558 2765 3114 3277 3580 3768 3789 3851 4044 4182 4365 4297 4399 4168 4184 4010 3931 3905 3747 3542 3485 3282 3016 3031 2719 2570 2450 2309 2135 1909 1872 1684 1553 1381 1363 1278 1153 1019 999 849 827 713 730 658 574 557 479 430 402 372 356 287 303 235 265 206 193 168 166 181 151 111 96 93 95 103 77 61 66 68 57 45 35 34 28 32 34 26 26 25 16 16 15 19 20 9 6 5 8 4 4 4 
0 5 13 38 44 66 202 198 213 199 251 285 352 483 585 628 737 953 1045 1166 1403 1421 1709 2006 2194 2551 2627 2801 3035 3165 3339 3561 3885 3921 4131 4107 4219 4178 4132 4222 4156 4031 3933 3749 3717 3492 3529 3307 3118 3039 2807 2571 2381 2419 2185 2009 1866 1697 1645 1482 1368 1323 1147 1055 1004 930 879 770 742 655 629 540 505 445 422 409 338 309 298 310 276 240 215 200 202 148 134 149 108 114 109 100 93 66 68 57 50 38 40 39 40 32 43 38 21 25 29 20 22 16 14 18 20 14 15 9 10 10 9 7 15 8 
0 7 13 28 60 70 103 105 107 128 216 250 309 499 530 591 637 765 864 956 1054 1175 1386 1637 1768 2125 2113 2344 2524 2844 3160 3187 3216 3522 3706 3849 4022 3945 4057 4035 4151 3995 3983 3942 3789 3749 3570 3508 3393 3099 3024 2862 2846 2444 2293 2196 2060 1954 1826 1757 1616 1485 1318 1253 1129 1093 942 937 835 776 721 711 596 581 456 443 393 388 382 351 296 263 276 223 217 189 187 157 156 123 131 102 82 93 97 85 71 65 50 52 57 39 45 39 28 39 30 19 28 24 21 25 11 14 12 9 12 9 6 8 7 3 6 
0 18 38 37 52 78 57 62 111 151 149 174 184 239 435 449 532 559 596 724 1097 1368 1351 1433 1542 1701 1903 2205 2510 2642 2898 3117 3221 3544 3839 3966 4028 3952 4030 4180 4039 4000 4051 4128 3919 4067 3911 3663 3546 3250 3152 3086 2954 2753 2550 2443 2275 2136 2001 1747 1684 1546 1430 1345 1232 1132 1014 997 878 812 774 690 632 574 549 477 440 400 337 348 316 244 277 238 229 196 191 172 146 170 136 99 121 105 91 96 71 57 61 39 50 52 51 30 31 33 30 26 26 23 27 22 21 13 12 17 11 10 11 15 8 8 10 7 7 5 
0 7 26 108 114 111 294 293 158 210 356 414 547 625 734 728 813 1077 1287 1355 1549 1751 2006 2091 2282 2494 2691 2922 3211 3285 3606 3778 3752 3962 3907 3970 4118 4159 4095 3991 3961 3842 3749 3577 3616 3417 3285 3096 2956 2828 2650 2474 2317 2153 1978 1921 1760 1616 1483 1355 1326 1242 1053 953 964 833 790 705 674 654 557 566 468 395 383 380 320 308 274 201 223 205 191 158 151 133 133 118 125 96 104 76 70 65 51 60 51 46 40 48 48 34 30 22 20 23 20 22 16 16 9 12 6 10 10 11 5 8 8 11 7 
0 5 15 31 34 38 61 66 65 58 72 181 204 228 281 274 351 350 621 748 825 980 1132 1279 1445 1504 1798 1943 2201 2240 2470 2687 3047 3227 3500 3511 3655 3891 3863 3972 4068 4210 3980 4023 4072 3906 3929 3792 3706 3538 3383 3391 3074 2876 2822 2646 2550 2345 2209 2079 1861 1773 1580 1593 1376 1311 1170 1091 1042 936 858 802 731 660 611 526 563 477 395 430 385 288 311 293 246 220 204 174 167 170 147 145 126 114 114 103 77 85 79 66 45 52 52 52 35 41 30 31 31 34 29 22 18 23 17 16 23 17 17 6 8 13 4 5 
0 9 18 25 45 61 66 78 62 99 134 185 215 224 224 364 485 666 716 842 903 1123 1261 1279 1509 1843 2007 2291 2424 2645 2913 3039 3084 3271 3399 3728 3912 4036 4076 3953 4142 4075 4098 3999 3951 3989 3811 3572 3436 3417 3315 3214 2982 2854 2655 2395 2337 2164 2055 1886 1728 1628 1549 1303 1292 1165 1154 1036 955 813 774 731 691 611 542 471 406 396 386 356 339 282 265 248 227 218 198 167 162 117 128 111 109 98 88 90 80 81 60 56 68 57 44 30 50 36 38 35 34 38 27 16 15 15 20 21 16 13 11 8 15 15 7 8 7 
0 7 16 27 36 63 74 68 77 91 149 174 174 205 336 435 483 575 583 725 916 1002 1255 1474 1774 1869 1818 2013 2226 2584 3057 3166 3138 3256 3505 3661 3804 4064 4041 4135 4183 4237 4101 4076 3932 3994 3864 3760 3474 3553 3257 3073 2999 2652 2691 2482 2375 2112 1963 1926 1707 1640 1478 1376 1302 1255 1125 1059 955 799 791 694 673 585 483 502 456 417 370 326 371 287 229 239 243 217 188 175 147 139 162 115 115 104 108 79 71 61 65 56 58 58 47 49 47 22 26 21 24 27 13 22 19 19 14 17 12 9 17 5 7 8 4 6 
0 10 18 28 61 61 68 56 118 204 226 212 324 403 586 618 761 908 1072 1191 1439 1637 1837 1940 2101 2347 2605 2770 3115 3341 3412 3570 3850 3857 4128 4195 4232 4282 4245 4161 4087 4156 3960 3935 3789 3655 3523 3345 3222 2781 2822 2647 2533 2341 2268 2043 1761 1855 1571 1533 1348 1334 1150 1124 975 875 827 833 754 674 592 491 496 451 419 383 328 295 255 247 250 205 213 180 198 147 143 139 94 102 86 68 84 68 78 47 54 49 52 41 35 38 24 22 29 28 23 19 21 25 20 9 9 10 8 12 8 11 10 5 10 
1 6 11 29 53 53 68 106 122 171 194 214 324 419 471 576 795 898 903 1046 1234 1516 1704 1978 2221 2267 2482 2713 2881 3069 3484 3606 3750 3760 3596 4065 4067 4066 4065 3983 4130 4076 4077 3762 3776 3513 3484 3318 3154 3083 2926 2786 2527 2410 2218 2160 2026 1837 1687 1573 1407 1296 1244 1223 1041 1048 851 780 769 703 681 630 492 447 420 377 325 349 320 282 255 242 217 196 198 148 141 137 126 117 99 92 82 69 79 76 66 54 57 52 45 38 39 30 31 22 26 27 25 32 28 22 22 17 10 10 13 11 6 12 15 15 6 9 15 
1 6 18 34 43 61 78 96 97 131 359 232 447 522 589 725 868 896 1036 1174 1383 1635 1775 2081 2197 2329 2630 2790 3059 3263 3287 3510 3720 3895 3997 4177 4214 4126 4039 3883 3895 3899 3848 3750 3748 3493 3375 3355 3126 2967 2781 2584 2420 2236 2331 2061 1895 1714 1596 1399 1386 1275 1207 1070 1005 915 855 781 705 664 590 489 491 416 437 393 349 330 289 283 264 214 186 188 149 139 139 153 100 103 90 89 85 71 61 66 64 54 44 41 47 38 28 33 25 15 19 13 14 20 8 7 13 15 7 11 11 9 4 
0 8 18 35 48 61 56 100 99 183 228 257 316 374 347 460 602 802 921 984 1062 1163 1328 1526 1703 2035 2254 2473 2570 2907 3024 3225 3461 3687 3845 3807 4005 3995 3977 4106 4302 4193 4099 4009 3901 3788 3529 3539 3269 3232 3083 2977 2750 2645 2434 2310 2085 1973 1925 1742 1629 1453 1317 1228 1168 1091 905 919 841 754 675 640 596 548 500 462 435 377 346 319 293 259 250 249 221 204 168 159 134 130 118 119 110 117 91 75 69 68 64 50 54 43 37 49 35 37 32 28 30 17 20 19 8 12 20 19 15 18 8 7 10 8 7 8 6 
0 9 18 35 31 47 76 90 94 146 131 167 211 254 316 432 578 594 664 838 1028 1104 1287 1521 1719 1856 2003 2211 2499 2724 2863 3164 3428 3754 3631 3881 4007 4097 4059 3937 4037 4234 4119 4101 3909 3882 3749 3818 3528 3292 3088 3088 2917 2809 2559 2417 2306 2136 1926 1803 1722 1528 1400 1400 1238 1134 1017 914 862 800 704 684 636 587 515 496 453 404 372 356 284 322 286 243 191 197 171 148 137 131 101 124 97 76 78 68 80 58 60 58 49 38 34 29 39 24 29 27 26 15 20 25 12 12 14 3 9 14 13 7 14 9 
2 4 7 21 46 51 63 79 86 76 147 138 151 224 249 334 469 612 779 717 775 924 1105 1200 1357 1622 1957 1940 2239 2549 2591 2713 3125 3179 3346 3763 3853 3887 3956 4118 4041 4149 4143 4034 4063 4001 3926 3770 3569 3574 3343 3110 3138 2956 2728 2582 2425 2283 2136 2049 1805 1706 1577 1438 1353 1232 1156 1012 951 877 832 734 701 597 558 504 478 495 424 350 321 301 299 268 249 242 201 193 147 159 127 123 118 106 82 67 87 77 66 54 68 40 32 44 36 30 25 45 18 25 18 22 18 28 18 13 9 14 17 7 11 17 7 9 10 3 
0 2 21 32 38 58 53 54 97 146 190 184 460 565 593 593 657 827 1033 1122 1172 1255 1583 1884 2124 2290 2473 2736 2982 3197 3371 3620 3737 3960 4001 4127 4154 4233 4182 4141 4088 4156 3965 3998 3873 3669 3575 3404 3280 3071 2844 2634 2627 2390 2292 2193 2006 1891 1652 1651 1461 1336 1287 1144 1016 990 907 824 770 717 592 531 496 485 458 412 392 353 337 233 259 246 226 211 180 187 147 164 114 110 125 82 89 87 66 69 83 55 48 39 33 34 28 37 29 25 24 19 22 11 17 18 16 9 14 8 9 10 10 9 4 6 5 1 
0 3 34 35 56 78 95 79 140 168 226 241 290 285 418 676 749 963 1012 924 994 1346 1599 1918 2009 2029 2164 2589 2802 3002 3115 3296 3576 3714 3928 3864 3801 4033 4162 4127 4197 4085 4032 4013 3752 3572 3486 3471 3380 3073 2955 2866 2689 2516 2414 2154 2010 1991 1733 1607 1554 1360 1382 1304 1164 1097 969 865 771 709 736 636 601 511 494 444 439 386 329 312 271 250 245 224 213 181 155 161 149 137 114 118 95 98 83 73 56 74 73 62 66 33 38 43 38 35 32 29 29 25 24 17 23 22 19 16 21 13 14 14 6 9 4 9 4 7 7 
0 6 25 39 54 35 49 62 91 149 159 216 222 361 542 603 610 578 808 931 1075 1243 1483 1611 1649 1992 2313 2505 2609 2885 3102 3378 3359 3477 3765 3788 3937 3947 4068 4043 3994 3990 4060 4074 3960 3761 3640 3372 3379 3285 3076 2894 2800 2665 2503 2355 2105 1947 1810 1747 1637 1479 1436 1256 1182 1052 998 888 870 732 693 655 605 537 484 454 445 388 337 325 280 255 253 239 208 184 157 137 147 108 95 103 107 101 83 86 79 66 57 56 60 45 35 43 35 33 29 19 27 18 31 23 18 17 9 14 12 9 1 9 6 
0 11 29 32 36 81 75 75 71 124 171 211 262 304 370 433 501 545 780 949 992 1064 1217 1457 1514 1878 2089 2241 2461 2556 2732 3012 3222 3326 3614 3664 3886 4074 4013 4093 4213 4081 3984 4001 4032 3935 3756 3560 3614 3374 3219 3033 2864 2739 2577 2433 2239 2184 1942 1915 1712 1597 1431 1353 1320 1239 1025 988 871 851 751 700 658 599 542 527 452 416 382 395 341 277 284 230 222 213 195 195 154 148 124 100 101 102 88 91 65 68 50 64 40 41 51 47 32 35 23 31 25 16 21 20 19 15 10 19 17 9 13 8 9 5 8 2 4 
0 5 21 17 60 56 53 84 83 185 214 285 212 291 430 565 727 868 1293 1157 1254 1621 1905 1980 2275 2249 2533 2874 2970 3295 3363 3507 3752 3905 3976 4012 4298 4371 4254 4228 4141 4020 3956 3784 3615 3674 3507 3380 3223 3113 2848 2739 2446 2366 2203 2131 1888 1798 1646 1550 1445 1305 1240 1120 1019 942 801 775 739 689 562 502 478 445 400 373 374 339 296 265 237 199 201 176 167 155 141 122 116 110 123 99 82 75 93 56 49 67 50 43 35 45 32 32 32 25 29 17 28 15 14 7 18 17 19 9 6 5 3 7 1 
0 1 7 25 40 59 64 58 76 212 209 300 252 289 380 560 672 790 855 1075 1050 1304 1412 1658 1968 2174 2360 2606 2852 2923 3157 3355 3649 3930 4012 4080 4149 4147 4102 4210 4201 4277 4093 4034 4018 3774 3683 3390 3297 3172 3031 2726 2687 2572 2366 2150 1983 1924 1773 1665 1531 1398 1296 1176 1138 990 953 836 756 681 702 588 534 472 453 393 399 385 321 335 316 231 258 176 206 171 171 151 146 118 114 113 78 79 80 69 62 58 48 39 42 39 31 28 28 29 22 23 23 17 15 15 13 3 11 10 6 15 11 3 4 
0 1 7 28 27 37 91 133 107 98 224 233 362 528 428 611 789 956 930 1102 1313 1591 1744 1854 2152 2447 2681 2752 2983 3140 3246 3541 3899 3835 3873 4123 4006 4226 4296 4232 4108 4083 4041 3889 3806 3563 3549 3316 3165 3051 2879 2683 2474 2428 2251 2004 1934 1736 1696 1506 1405 1343 1228 1108 1074 907 878 771 752 656 620 556 515 485 451 393 329 321 337 289 240 223 205 216 191 171 165 142 121 103 121 89 77 74 71 70 63 55 40 47 33 38 46 26 29 25 29 23 22 17 18 17 5 11 9 16 7 15 5 7 
0 6 20 29 65 81 76 150 224 250 297 349 401 483 561 709 875 1022 979 1204 1383 1554 1800 1943 2043 2220 2615 2775 2984 3299 3127 3408 3588 3726 4090 4177 3998 4140 4196 4036 4117 3850 3905 3841 3703 3531 3334 3234 3144 2941 2876 2658 2496 2380 2214 2121 1869 1737 1597 1566 1393 1285 1213 1084 1037 989 849 777 723 692 610 545 535 463 435 390 335 308 307 275 233 230 194 179 153 155 153 129 133 104 91 92 70 78 70 69 57 48 45 45 47 54 43 33 33 22 28 27 30 18 15 11 18 10 9 14 7 5 3 6 
1 7 23 52 34 55 64 64 83 135 143 137 205 261 313 449 481 535 605 737 914 1425 1187 1284 1635 1978 2331 2429 2449 2556 2879 3018 3293 3431 3772 3701 3847 3949 4035 4086 4117 4171 4175 4225 4009 3831 3652 3595 3494 3344 3263 3088 2932 2604 2627 2428 2290 2124 1954 1798 1672 1467 1459 1303 1220 1140 1056 954 916 831 706 692 608 537 530 520 431 373 367 337 303 297 271 218 207 206 171 177 143 118 134 115 108 91 87 84 58 68 61 43 49 34 32 38 27 21 23 34 25 25 21 15 13 10 5 9 3 4 10 7 4 6 4 
2 0 17 28 44 43 52 50 84 104 147 142 195 279 359 365 696 761 807 1160 1275 1323 1436 1576 1822 2033 2294 2580 2801 3133 3125 3287 3361 3573 3724 3828 4076 4238 4259 4233 4260 4270 4145 3864 3811 3800 3731 3639 3493 3309 3029 2953 2928 2652 2386 2254 2165 1986 1923 1691 1675 1527 1324 1254 1176 1082 959 878 828 738 638 629 596 555 489 457 419 356 311 270 276 236 239 234 206 182 154 156 126 113 92 97 79 79 94 69 63 57 54 39 37 41 42 45 31 36 30 18 21 27 18 15 13 9 8 12 10 4 8 9 
2 6 34 28 44 46 56 69 80 65 110 239 350 376 400 505 592 565 679 1029 1171 1440 1689 1629 2003 2100 2247 2485 2558 2889 3249 3378 3564 3841 3876 3982 3985 4259 4224 4344 4208 4188 4130 3972 3876 3803 3571 3522 3367 3262 3061 2786 2689 2546 2296 2233 2063 1936 1788 1626 1528 1453 1299 1179 1125 963 942 873 748 731 690 611 536 530 435 426 385 357 330 338 289 247 255 220 189 172 180 149 148 138 127 112 85 95 82 78 68 48 44 77 44 32 49 26 23 17 26 21 31 22 16 19 5 16 13 12 6 14 14 5 
0 3 15 34 41 75 85 100 106 101 108 174 440 442 447 487 494 693 824 972 1262 1466 1595 1641 1896 2175 2439 2524 2643 2951 3111 3331 3635 3738 3957 3994 3983 4095 4174 4149 4094 4052 4037 3883 3849 3858 3765 3408 3249 3287 3006 2816 2622 2472 2315 2180 2116 1818 1871 1646 1521 1499 1327 1250 1156 1000 938 875 806 730 680 618 573 523 469 402 392 318 295 304 288 304 244 206 164 163 160 149 144 121 136 96 99 97 89 73 62 57 60 42 35 48 34 28 37 31 19 24 20 18 19 14 12 18 12 14 7 7 8 5 1 10 8 
0 10 15 23 46 68 67 89 92 156 175 187 361 431 499 556 620 762 848 1072 1287 1508 1770 1804 1966 2087 2278 2649 2815 3026 3179 3394 3669 3719 3824 3936 3909 3957 4052 4035 4022 4023 3923 3916 3755 3659 3540 3474 3328 3204 2940 2890 2590 2466 2316 2277 2019 1875 1698 1556 1447 1396 1252 1177 1138 1052 924 869 791 727 704 609 525 507 434 464 386 367 362 301 273 250 205 210 215 165 149 153 132 116 99 99 84 87 76 73 61 67 60 44 37 38 29 21 41 28 28 16 22 24 11 17 18 13 11 8 9 8 9 9 5 8 
4 0 14 34 37 67 101 98 80 277 337 409 373 585 807 852 909 975 1085 1316 1678 1749 1961 2203 2285 2599 2776 3030 3374 3663 3583 3774 4011 4001 4042 4179 4266 4125 4273 4265 4152 4024 3948 3809 3654 3489 3259 3187 2977 2844 2569 2441 2305 2136 1984 1863 1755 1543 1491 1388 1272 1146 1044 949 883 832 772 634 586 538 510 490 426 380 355 300 270 309 258 251 227 198 188 171 149 131 140 106 118 100 94 68 84 69 66 59 59 53 40 24 34 26 34 27 16 22 18 21 19 16 24 13 15 16 13 8 9 7 10 5 4 
2 3 5 26 35 40 49 62 72 68 82 112 138 163 179 197 248 323 498 629 671 692 810 963 1080 1197 1260 1345 1543 1774 2106 2336 2676 2753 2918 3226 3351 3513 3596 3749 3916 3905 4129 4180 4077 4064 3969 4063 3963 3682 3521 3457 3332 3336 2957 3023 2746 2664 2443 2253 2139 2072 1776 1796 1593 1519 1433 1256 1269 1150 1033 967 886 765 733 686 634 565 513 444 438 423 378 350 320 268 282 213 228 179 150 165 132 131 112 127 113 110 84 71 59 68 50 69 55 42 37 34 45 24 23 29 24 10 19 20 7 7 9 12 6 10 7 15 10 
0 8 25 27 52 57 61 43 66 104 166 174 309 352 430 569 643 835 990 1078 1324 1410 1410 1782 2069 2158 2527 2680 2820 3156 3240 3419 3692 3720 3777 3914 4119 4107 4222 4322 4310 4212 4039 3917 3965 3744 3526 3379 3368 3165 2926 2784 2687 2476 2283 2248 2058 1849 1796 1607 1483 1333 1267 1178 1157 997 886 862 780 738 630 620 528 509 489 458 389 363 360 311 285 255 247 210 189 163 151 162 123 97 93 100 94 99 85 66 61 56 58 57 45 40 35 42 41 22 24 23 16 17 20 18 13 12 12 13 6 7 12 7 6 
0 3 22 23 38 72 84 96 140 444 432 239 312 557 637 734 799 956 1042 1217 1591 1956 2086 2087 2324 2543 2968 3131 3352 3450 3616 3771 3809 3843 4091 4135 4172 4232 4219 4074 3986 3884 3880 3691 3736 3429 3185 3079 2932 2786 2603 2403 2386 2223 2078 1863 1788 1641 1470 1386 1253 1206 1100 1022 886 848 773 719 626 678 577 501 477 428 402 340 313 304 314 262 245 237 175 163 142 156 130 121 118 106 96 78 90 72 66 56 57 63 45 47 37 42 33 34 30 15 18 28 24 14 15 19 10 9 16 10 16 5 8 
1 1 13 38 40 44 41 79 101 160 155 193 215 220 315 388 494 631 687 733 806 948 1026 1314 1355 1627 1751 1919 2067 2394 2665 2911 3023 3143 3313 3532 3668 3796 3911 4075 4166 4067 4088 4101 4098 3933 3979 3810 3592 3499 3243 3146 2976 2902 2722 2599 2490 2189 2068 1977 1903 1737 1574 1499 1380 1281 1171 1005 984 939 835 772 739 623 597 558 521 478 429 360 326 312 295 301 250 215 216 185 161 151 147 153 124 103 84 107 78 80 64 72 53 57 46 41 39 37 30 35 34 28 35 20 26 19 19 12 11 9 18 13 6 5 8 7 4 6 
0 6 17 20 34 43 50 83 90 144 157 164 269 422 461 603 634 710 873 1227 1212 1291 1481 1676 1794 2146 2513 2529 2776 2879 3133 3348 3441 3538 3727 3858 3947 3979 4110 4092 4105 4040 4068 3780 3635 3593 3573 3519 3253 3045 2993 2745 2562 2514 2222 2272 2081 1944 1820 1666 1549 1430 1399 1206 1206 1018 983 915 825 768 722 640 626 533 464 436 439 417 343 319 309 264 255 227 199 200 180 156 139 150 110 109 102 92 81 84 74 48 63 48 42 60 43 43 29 49 37 20 25 21 19 15 20 17 12 20 6 11 6 9 9 
0 7 13 47 47 61 56 119 181 196 179 306 325 411 421 560 685 776 936 1125 1334 1394 1453 1674 1912 2115 2401 2567 2754 3060 3298 3393 3591 3705 3760 4067 4063 3957 4148 4165 4073 4032 3971 3873 3799 3631 3419 3357 3185 3047 2902 2810 2592 2419 2249 2136 2031 1893 1779 1625 1549 1335 1250 1165 1095 1001 872 830 770 763 700 638 544 530 447 451 411 364 335 318 252 299 223 189 196 174 183 161 116 121 109 108 82 88 73 62 76 42 58 71 52 42 40 30 28 38 28 34 28 21 24 12 19 19 16 13 11 16 12 11 6 3 12 15 
2 5 17 38 64 50 59 86 107 153 149 168 268 479 526 656 740 730 806 976 1250 1467 1567 1707 1903 1954 2198 2518 2671 2677 3198 3321 3295 3594 3820 3916 4025 4017 4143 4164 4185 4119 3939 4016 3782 3742 3628 3383 3330 3236 3097 2852 2669 2428 2403 2164 2085 1873 1782 1616 1544 1418 1278 1203 1107 1102 931 849 760 716 625 641 553 481 471 405 407 382 313 299 261 255 250 212 197 175 177 144 117 109 115 100 110 94 76 59 60 47 53 43 60 35 26 23 33 29 16 26 26 16 12 11 16 12 10 6 12 9 8 3 9 3 
0 2 11 41 58 58 81 118 173 153 166 203 272 291 386 456 628 624 741 1051 1324 1340 1431 1681 1994 2205 2283 2535 2758 2922 3202 3330 3503 3775 3882 3941 4192 4105 4209 4258 4148 3988 3978 4027 3764 3744 3642 3426 3437 3147 2867 2787 2745 2370 2329 2172 1992 1812 1727 1671 1534 1394 1244 1209 1155 1043 961 850 838 760 708 649 584 551 486 445 415 362 317 328 264 233 243 225 204 177 170 154 130 112 123 107 88 85 94 67 74 53 55 58 52 43 39 32 36 39 31 22 27 21 26 24 12 11 9 12 16 9 16 9 6 6 
2 5 30 39 65 77 82 134 143 248 339 387 404 443 546 693 769 807 987 1266 1519 1710 2007 2152 2239 2268 2518 2797 3087 3195 3339 3500 3694 3877 3947 4001 4292 4187 4068 4116 4066 4093 3982 3904 3631 3580 3409 3261 3068 2873 2738 2487 2481 2160 2136 2029 1799 1791 1602 1485 1366 1228 1182 1072 1030 973 793 755 665 647 583 580 510 452 396 385 343 300 283 273 251 204 211 165 174 177 126 117 136 100 106 75 70 66 83 61 47 46 29 46 38 40 41 38 28 24 19 19 24 24 16 14 15 11 17 15 14 9 8 4 5 
0 5 16 35 39 43 66 58 70 105 152 274 330 409 812 935 895 722 855 1119 1421 1614 1924 1930 2104 2371 2688 2783 3152 3321 3564 3734 3944 3923 3921 4152 4036 4308 4109 4202 4116 4011 4026 3830 3863 3492 3433 3362 3056 2858 2808 2609 2490 2353 2147 2073 1919 1701 1604 1481 1381 1257 1128 1099 1028 906 817 764 730 651 591 563 510 443 405 347 333 317 299 287 243 221 220 188 184 147 132 152 136 130 108 97 100 65 59 66 87 57 44 49 46 45 44 40 31 32 28 26 20 19 18 18 16 13 12 12 10 7 9 4 10 10 
0 10 26 40 76 80 83 91 202 335 341 541 419 531 713 897 960 1056 1286 1496 1567 1777 1841 2190 2409 2585 2836 3073 3243 3440 3666 3919 4024 4097 4192 4188 4165 4044 4113 4119 4017 3959 3878 3687 3526 3500 3239 3094 3021 2861 2584 2529 2306 2136 1985 1931 1725 1537 1465 1436 1233 1108 1060 922 914 848 765 710 687 586 586 486 431 420 373 380 327 287 245 280 237 220 185 163 149 118 127 128 96 103 93 72 73 66 41 71 44 47 47 42 39 43 42 28 14 18 20 21 28 15 13 16 19 13 7 13 8 11 8 
0 4 12 38 43 46 49 60 69 82 104 132 166 299 400 391 539 534 629 692 801 1086 1377 1507 1649 1764 1910 2186 2457 2644 2771 3137 3083 3332 3653 3673 3807 3897 4075 4173 4134 4172 4115 4211 4191 3989 3854 3640 3667 3544 3358 3103 3060 2865 2676 2440 2312 2193 1971 1847 1714 1558 1490 1398 1306 1216 1084 1010 945 821 769 698 620 573 555 509 441 444 384 350 271 298 279 273 202 207 180 165 152 155 122 112 104 100 95 82 64 69 56 65 46 46 44 32 32 29 27 39 27 20 21 17 31 17 11 10 16 9 8 9 8 8 10 5 
0 7 10 33 52 49 50 75 110 215 217 232 432 614 625 604 704 904 1062 1338 1481 1614 1755 1852 2298 2583 2892 2876 3035 3201 3238 3706 3828 4047 4002 4026 3999 4322 4105 4291 4151 4140 3882 3794 3705 3643 3406 3362 3121 3005 2821 2720 2501 2305 2162 2044 1768 1699 1648 1480 1343 1200 1176 1085 943 867 788 757 669 615 599 527 483 471 434 373 323 300 276 259 232 209 220 175 189 165 147 123 124 100 85 94 72 81 60 48 61 47 36 40 30 34 46 29 32 19 20 18 15 15 12 11 4 5 15 6 14 9 
0 3 19 33 35 78 94 93 117 260 523 546 476 462 602 692 951 1043 1139 1516 1702 1959 2058 2198 2454 2698 2907 3091 3158 3476 3558 3669 3880 4012 4088 4142 4201 4192 4187 4143 4046 3942 3795 3685 3646 3489 3371 3145 2929 2837 2532 2422 2339 2168 1974 1895 1719 1575 1554 1318 1291 1168 1068 970 878 856 790 748 632 560 548 495 469 393 377 352 316 232 260 252 216 166 181 185 155 117 127 106 111 97 95 98 64 65 41 59 54 51 38 38 47 27 32 23 22 25 25 23 19 15 11 15 19 10 13 8 10 5 8 8 4 
0 2 10 24 56 59 45 117 106 136 182 254 256 324 372 431 483 864 1379 1331 1365 1408 1524 1715 1955 2312 2466 2616 2912 3249 3542 3512 3763 3962 3995 4048 4103 4229 4246 4275 4301 4156 4080 3911 4024 3779 3629 3436 3213 3143 2942 2769 2612 2483 2256 2094 2092 1880 1646 1583 1433 1364 1231 1102 1018 917 911 839 762 696 602 529 542 488 432 406 400 324 273 306 259 220 187 175 198 159 139 131 118 102 109 97 97 76 66 41 54 63 44 38 37 23 32 20 30 22 21 16 15 18 14 12 15 16 13 4 4 9 9 
0 3 12 34 57 62 61 81 98 168 235 251 271 472 463 576 583 892 1157 1240 1261 1496 1704 1770 1966 2407 2715 3016 3185 3257 3281 3379 3732 3926 4046 4139 4332 4276 4320 4106 4103 4238 4103 3979 3741 3505 3510 3296 3169 3064 2860 2656 2538 2333 2179 2007 1903 1757 1607 1558 1405 1268 1186 1101 1093 992 872 764 791 684 613 557 455 430 442 375 350 299 298 263 246 217 185 185 163 146 142 122 125 105 88 90 75 70 83 78 52 39 35 42 45 40 31 30 27 27 27 25 22 19 18 18 17 11 10 12 5 6 8 8 3 6 
