1 6 32 39 40 75 103 134 130 181 366 521 586 740 926 1099 1359 1412 1775 2170 2444 2782 2876 3204 3536 3751 4127 4472 4745 4756 5024 5086 5125 5165 5298 5061 5060 5007 4849 4704 4485 4205 4168 3901 3750 3471 3305 3100 2848 2668 2435 2296 2075 1970 1778 1639 1437 1354 1296 1146 1024 920 859 758 712 616 570 526 487 447 392 327 311 269 269 249 217 193 176 168 133 132 109 119 92 88 80 72 60 60 50 56 42 33 32 30 43 24 21 19 14 22 15 12 13 6 10 6 8 8 8 5 2 3 6 5 4 3 0 3 3 3 4 3 1 3 4 0 4 1 0 1 1 2 2 1 1 2 0 0 0 0 0 0 1 0 1 0 0 0 0 0 0 0 0 0 0 
0 2 19 31 40 42 198 251 243 384 446 752 844 832 1021 1178 1441 1828 2001 2333 2607 2734 3018 3429 3830 3941 4200 4487 4788 4849 5096 5255 4992 5079 5055 5041 4955 4915 4666 4737 4537 4318 4003 3776 3646 3342 3113 2842 2653 2409 2243 2087 1984 1952 1584 1461 1363 1284 1122 1070 954 881 821 692 643 625 562 522 437 398 401 332 340 284 236 248 183 199 164 152 117 130 87 104 91 91 69 73 50 42 60 49 39 42 30 34 16 22 18 29 14 11 14 14 8 13 8 9 7 8 5 1 6 3 5 1 1 3 1 4 3 2 3 3 2 3 0 2 2 0 0 1 1 0 0 0 0 0 0 0 1 0 0 3 0 0 1 0 1 0 1 0 0 0 0 0 0 0 1 0 0 0 0 0 
1 10 22 39 48 67 80 177 189 155 152 209 271 367 601 670 850 1078 1132 1316 1494 1917 2090 2450 2579 2872 3178 3559 3859 4191 4402 4665 4847 5145 5091 5255 5187 5123 5096 5036 5060 4869 4626 4433 4320 4154 3867 3650 3407 3151 2987 2742 2477 2337 2260 2154 1911 1751 1661 1397 1319 1147 1120 1022 930 889 807 658 633 542 502 473 417 367 332 313 303 261 243 230 212 178 149 138 130 112 99 98 109 70 61 62 66 50 49 41 37 37 27 24 37 26 24 15 21 15 14 10 12 6 9 6 4 4 8 3 3 5 4 4 2 2 3 4 3 3 3 2 1 1 0 0 1 0 0 0 1 0 0 0 1 0 0 2 1 0 0 
0 10 11 34 34 53 79 127 169 154 170 302 282 343 519 793 956 1120 1267 1533 1647 1930 2116 2431 2847 3148 3278 3493 3764 4197 4381 4632 4946 5101 5328 5170 5186 5111 5230 5143 4841 4784 4633 4676 4325 4103 3879 3579 3347 3149 2913 2710 2547 2373 2117 2066 1826 1685 1525 1391 1192 1135 1051 937 877 779 724 677 621 588 469 458 401 318 325 322 272 237 170 205 188 168 126 139 89 134 101 87 73 77 59 64 48 39 31 44 40 27 24 34 15 21 23 18 18 27 16 16 8 12 7 7 5 12 7 9 2 3 1 7 2 5 3 2 3 3 1 1 2 1 0 2 0 0 1 1 1 0 0 0 0 0 0 0 0 1 0 0 0 0 0 0 0 0 1 0 0 0 0 
0 13 32 54 55 63 65 78 122 180 257 296 424 528 499 748 972 1249 1722 1736 2154 1964 2462 2894 3253 3447 4080 4139 4269 4577 4721 4804 5210 5178 5187 5130 5171 5071 5028 5001 4956 4588 4515 4366 4052 3794 3521 3317 3066 2894 2745 2527 2346 2068 1937 1843 1657 1515 1372 1274 1134 1021 969 836 799 689 671 589 495 509 416 406 373 295 287 255 226 237 197 207 141 146 116 118 97 86 90 98 84 74 53 63 41 44 33 40 46 33 31 28 31 35 16 20 13 19 14 9 7 14 11 9 7 8 6 7 7 7 5 7 1 5 3 4 4 1 3 5 0 3 3 3 0 0 0 1 0 0 1 0 0 0 0 0 1 0 0 0 0 0 0 1 0 0 0 0 0 0 0 
0 7 20 36 48 44 64 294 289 313 315 258 406 604 1002 1079 1038 1297 1582 1716 1996 2306 2910 3095 3195 3331 3689 4145 4390 4556 4799 4920 5037 5020 5254 5390 5036 5180 5124 4969 4679 4484 4201 3992 3876 3601 3481 3271 3052 2847 2711 2471 2278 2180 1924 1755 1644 1538 1380 1208 1197 1055 911 899 812 690 647 582 545 449 391 383 337 340 286 298 238 216 214 164 147 137 140 129 92 93 82 67 70 65 43 56 42 46 35 46 35 27 19 27 23 23 13 11 10 15 11 12 9 8 15 2 5 4 2 3 4 3 3 1 2 2 3 2 0 4 2 4 1 0 0 0 1 1 0 2 1 0 0 0 0 1 0 0 0 0 0 0 0 0 1 0 0 0 0 0 1 0 0 0 1 0 0 0 
0 10 23 42 58 59 72 122 127 148 142 264 298 327 421 528 787 992 1084 1278 1461 1819 1934 2534 2862 2885 3094 3423 3832 3988 4275 4614 4808 4949 5055 5274 5205 5217 5212 5182 4918 4823 4841 4564 4331 4093 3916 3678 3475 3219 2939 2819 2638 2479 2156 2072 1839 1778 1647 1467 1357 1204 1088 1005 935 833 741 725 676 579 512 464 442 392 354 315 278 264 248 206 186 165 145 149 134 132 101 92 92 71 61 70 69 50 50 50 40 35 38 31 25 24 28 16 16 25 13 15 16 15 13 12 8 8 7 4 3 3 5 5 4 3 2 2 0 1 5 0 0 1 0 2 2 2 0 2 1 1 0 2 1 1 0 1 1 0 0 1 1 0 0 0 0 0 0 0 0 0 1 0 0 0 0 0 
0 4 26 41 57 75 99 232 244 300 293 405 716 686 998 981 1260 1364 1619 1802 2169 2553 2800 3123 3389 3717 4024 4108 4443 4661 4830 4961 5211 5228 5278 5110 5011 5155 4857 4938 4523 4498 4344 3983 3752 3534 3421 3147 3043 2713 2551 2388 2152 2029 1865 1608 1575 1330 1333 1162 1099 993 871 814 747 668 603 569 525 434 393 343 320 275 271 223 216 208 206 149 157 137 135 122 99 82 85 68 77 77 40 58 39 35 40 40 29 32 18 19 25 26 26 19 21 11 6 11 7 14 6 6 5 2 4 4 5 0 3 3 3 0 3 2 1 0 1 1 0 1 0 0 0 1 0 0 0 0 0 1 1 0 
0 12 15 36 35 64 130 110 232 153 196 240 341 637 822 854 933 1386 1688 1810 2029 2354 2597 3074 3290 3620 3938 4183 4489 4582 4765 4946 5046 5160 5256 5311 5077 5125 4999 5053 4784 4595 4370 4111 3998 3559 3389 3241 3079 2954 2744 2448 2277 2057 1835 1720 1602 1370 1381 1253 1076 1025 906 799 777 662 604 578 488 497 424 375 345 315 300 254 249 199 189 163 152 149 126 133 113 87 79 82 89 83 63 61 53 41 51 43 22 28 32 33 17 26 26 17 17 15 13 10 10 4 8 7 6 7 7 4 5 5 5 2 4 2 2 2 3 5 0 2 2 0 0 1 3 2 1 0 1 0 2 0 1 0 0 0 1 0 1 0 0 0 0 0 0 
1 9 24 35 168 248 256 173 298 331 346 430 719 851 1126 1244 1475 1399 1968 2322 2560 2913 3031 3568 3962 4089 4474 4444 4797 4848 5072 5094 5268 5268 5249 5147 5036 4986 4736 4675 4541 4079 3963 3720 3412 3323 2967 2853 2635 2476 2311 2127 1927 1798 1705 1472 1354 1239 1127 1109 1015 851 754 734 645 616 520 502 418 395 377 322 315 245 223 233 189 180 175 160 153 137 109 90 108 77 81 73 82 69 59 52 44 31 30 27 28 31 17 20 10 19 18 7 9 14 10 12 8 7 7 2 5 1 3 2 3 6 1 2 0 2 0 2 1 2 1 1 1 1 0 1 0 0 0 1 0 0 1 0 0 0 0 0 1 0 0 1 0 0 1 0 0 0 0 0 
0 2 17 37 56 68 91 322 322 342 577 436 466 656 851 1036 1096 1492 1769 2048 2386 2575 2686 2958 3232 3664 4009 4130 4726 4812 5080 5049 5093 5176 5254 5380 5114 5089 4915 4699 4565 4309 4302 4039 3753 3510 3367 3138 2803 2677 2468 2231 2083 1940 1803 1577 1489 1374 1257 1146 1020 984 840 767 727 648 600 528 483 446 376 365 338 272 238 224 244 214 174 145 141 151 143 106 103 92 73 75 74 48 63 47 32 33 34 26 33 24 31 23 19 17 17 13 18 8 13 7 8 7 9 5 8 5 3 4 3 3 0 1 1 4 1 0 0 2 2 0 1 1 1 0 0 0 0 1 1 0 0 0 0 1 1 0 0 0 1 0 0 0 0 0 0 0 0 0 0 0 1 0 0 
4 9 19 31 75 74 86 129 156 188 185 275 312 393 544 600 879 932 1215 1376 1706 1968 2201 2491 2594 2969 3326 3618 4106 4342 4559 4589 5028 5061 5151 5120 5087 5187 5151 5061 4927 5002 4617 4487 4349 4047 3832 3583 3266 3156 2995 2646 2534 2331 2150 1984 1758 1702 1493 1392 1231 1080 1051 930 871 717 706 692 594 566 517 445 408 357 333 276 282 249 225 227 204 169 159 129 110 123 93 91 95 72 67 61 58 42 54 32 37 34 20 26 33 18 21 15 15 12 13 12 9 21 6 13 10 9 6 12 5 2 6 4 6 1 2 0 0 3 2 2 3 0 0 0 0 0 0 1 0 0 0 0 1 0 0 0 0 
0 7 45 58 80 75 74 172 209 228 211 416 454 516 636 690 944 1154 1679 1815 1629 2230 2442 2654 2842 3222 3714 4095 4155 4565 4696 4848 5109 5260 5182 5273 5200 5190 5211 4914 4586 4599 4580 4269 4023 3942 3613 3382 3126 2885 2689 2436 2360 2151 1959 1805 1627 1470 1429 1232 1154 1033 965 848 819 722 687 557 520 518 409 443 409 331 333 271 275 231 204 194 149 165 119 94 110 110 88 79 73 56 63 46 43 53 44 55 55 32 32 27 26 19 15 15 15 16 13 10 5 9 6 6 5 5 8 2 3 2 5 2 3 6 1 2 2 2 0 1 0 0 0 1 1 0 0 1 0 0 0 0 1 0 0 0 0 0 
0 7 17 27 50 87 67 72 75 223 263 295 329 447 558 710 841 973 1424 1549 1735 1984 2060 2530 3077 3230 3514 3756 4077 4245 4489 4758 4983 5102 5153 5266 5198 5136 5040 5002 4999 4722 4580 4417 4199 3951 3788 3527 3271 3092 2859 2671 2454 2177 2188 1865 1811 1575 1489 1368 1257 1133 1068 972 860 761 720 674 616 555 523 464 412 412 352 342 274 243 238 198 185 183 165 144 131 105 82 90 101 72 55 46 66 51 33 40 37 38 29 20 26 19 13 21 16 18 13 13 9 11 6 9 5 7 4 5 3 5 1 3 5 4 3 1 0 1 2 0 5 1 1 0 0 1 0 0 0 0 1 0 0 0 0 0 0 0 0 0 0 0 0 0 0 
1 8 26 44 54 55 61 131 354 486 486 394 580 644 835 865 1406 1490 1638 1898 2137 2541 2805 3152 3326 3605 3890 4030 4394 4506 4991 5029 5126 5191 5218 5087 5120 4965 5074 4860 4684 4463 4127 4137 3811 3558 3402 3079 2974 2804 2559 2237 2075 2021 1840 1675 1579 1461 1228 1148 984 923 903 795 776 650 607 538 482 446 404 372 364 280 281 249 239 212 187 159 159 132 131 108 121 88 87 81 88 65 57 48 41 41 38 35 29 21 24 21 14 18 16 7 12 13 10 6 5 7 4 3 6 5 3 6 1 0 2 2 1 3 0 1 2 0 0 1 0 0 0 1 0 0 0 0 0 1 0 1 0 0 0 0 0 0 0 0 0 0 0 0 0 0 0 0 
0 19 36 32 51 90 82 85 116 236 267 271 367 505 667 737 912 1085 1170 1487 1972 2265 2436 2733 2860 3231 3486 3926 4193 4530 4774 4911 5015 5015 5265 5305 5253 5179 5147 5017 4792 4674 4519 4382 4217 3891 3693 3318 3219 3026 2765 2537 2305 2181 1992 1907 1665 1591 1507 1252 1158 1075 958 955 790 758 646 673 583 537 501 443 399 341 285 274 268 244 210 165 171 138 111 128 122 113 106 84 82 73 62 65 47 31 46 23 32 39 22 21 18 20 15 19 14 10 12 11 15 8 8 9 8 5 6 1 6 2 3 0 4 2 0 1 3 1 1 0 2 0 1 0 3 0 1 1 0 0 1 1 0 0 0 0 2 0 0 0 0 0 0 0 0 0 0 0 0 0 0 0 0 0 0 0 
0 4 17 53 53 63 76 76 137 168 285 407 487 688 842 768 975 1147 1366 1903 2117 2455 2498 2758 2978 3539 3861 3813 4154 4615 4915 4846 5046 5262 5149 5065 5269 5272 4937 4805 4684 4654 4368 4409 3988 3862 3561 3308 3051 2795 2657 2520 2243 2142 1897 1816 1637 1459 1357 1247 1130 1115 951 886 782 690 649 557 515 500 473 404 360 343 273 265 236 214 190 170 171 128 133 104 132 93 86 93 75 81 53 53 54 45 46 31 37 28 22 23 15 11 15 16 11 8 14 11 8 4 9 6 1 4 7 6 2 1 2 2 1 6 4 1 2 1 1 0 0 0 0 1 0 1 0 0 0 0 0 0 0 0 0 0 0 0 0 0 0 0 0 0 0 0 0 
0 7 35 28 41 52 87 84 138 120 175 268 492 614 761 833 973 993 1534 1758 1898 2187 2255 2806 3058 3206 3456 3838 4265 4430 4745 4829 4986 5092 5116 5283 5285 5106 5213 5038 4795 4649 4509 4289 4117 3839 3613 3399 3118 2868 2672 2517 2362 2127 1965 1807 1714 1489 1457 1323 1221 1131 990 892 788 736 695 616 532 489 447 437 344 348 319 235 208 222 188 182 169 147 158 120 114 97 100 100 75 70 49 41 52 54 40 29 27 21 16 19 17 23 18 8 21 11 12 9 7 9 4 4 6 9 4 5 2 5 4 3 4 2 6 1 3 3 1 2 1 3 1 3 1 0 2 1 1 1 0 0 1 2 0 2 0 0 1 1 3 0 0 0 0 0 0 0 0 0 0 0 1 0 0 0 
0 14 18 36 39 62 50 282 235 243 156 254 334 454 897 885 977 1108 1259 1619 2025 2276 2495 2791 2909 3207 3648 3858 4169 4271 4623 4773 4953 5181 5214 5113 5178 5128 5106 4929 4848 4738 4451 4385 4103 3923 3615 3392 3239 2940 2665 2570 2354 2269 2111 1866 1617 1542 1461 1284 1169 1055 947 897 875 751 725 626 595 482 492 425 403 323 310 266 239 241 220 199 181 175 131 116 117 112 93 88 67 62 56 52 57 39 44 39 31 27 17 18 20 15 14 9 14 17 12 10 16 10 10 9 5 5 4 7 4 8 2 4 4 4 7 4 2 5 2 3 2 1 1 0 1 3 1 1 1 0 0 1 1 0 0 1 1 0 0 1 1 0 1 0 0 1 0 1 1 1 1 0 0 0 0 0 0 0 0 0 1 0 0 2 0 0 0 0 
0 15 23 35 59 70 92 122 186 292 222 257 343 520 629 776 1077 1283 1576 1731 1842 2131 2399 2898 3294 3362 3795 4179 4448 4298 4861 5021 5268 5027 5118 5056 5227 5272 4955 4871 4725 4709 4431 4370 3970 3726 3552 3245 3078 2815 2693 2420 2227 2084 1952 1809 1639 1492 1328 1286 1146 1037 969 849 803 750 662 577 511 478 447 410 382 343 281 261 246 233 218 201 135 154 156 124 100 93 73 64 74 65 56 56 46 40 26 31 29 31 18 29 15 21 22 18 14 14 9 10 4 6 6 8 4 6 3 5 5 6 4 6 5 1 1 2 2 1 2 1 1 1 2 0 1 1 1 0 0 1 1 0 0 0 0 1 0 0 0 0 0 0 
0 13 35 39 103 125 98 229 362 409 540 584 573 997 1076 1354 1558 1811 2034 2219 2389 2549 3125 3425 3739 4170 4292 4615 4576 4707 4909 5198 5213 5207 4950 5041 5079 5023 4843 4556 4418 4298 4053 3803 3612 3392 3131 2925 2685 2469 2360 2172 2070 1759 1657 1470 1418 1275 1148 1094 923 796 820 698 646 598 534 471 462 424 369 308 284 276 222 209 204 197 163 154 117 110 99 97 85 85 74 63 50 45 59 30 53 46 34 24 21 27 29 24 21 17 12 8 18 6 10 8 5 5 4 8 6 4 2 3 6 2 3 2 2 3 2 1 2 2 1 3 0 1 1 0 1 1 2 2 1 2 0 1 0 0 0 1 0 0 1 0 0 0 1 0 0 0 0 0 0 0 0 0 0 
0 17 20 50 48 133 148 143 164 187 328 327 439 618 694 824 893 1088 1304 1484 1840 2076 2459 2768 3076 3470 3620 3783 4123 4303 4922 4894 5062 5182 5321 5283 5288 5144 5140 4976 4748 4722 4512 4298 4010 3788 3575 3363 3143 2927 2816 2467 2271 2215 1917 1789 1736 1578 1390 1197 1185 1082 937 851 819 698 622 624 574 494 425 410 341 338 317 258 261 231 198 172 178 148 135 114 113 111 71 81 72 67 52 71 75 44 43 37 38 29 23 26 23 18 21 18 19 12 13 13 13 9 13 9 3 3 5 3 6 8 2 0 3 2 1 2 1 1 2 1 1 0 0 1 0 1 0 0 0 0 1 0 0 1 0 0 0 0 0 0 0 0 0 0 0 
0 15 28 31 45 165 146 166 200 262 360 420 507 808 1127 1299 1323 1548 1699 2002 2456 2562 2926 3158 3294 3738 3987 4102 4459 4857 4778 4879 5114 5216 5266 5225 5158 5102 4882 4685 4541 4351 4170 3952 3710 3535 3251 3022 2931 2616 2537 2321 2054 1926 1783 1591 1476 1365 1217 1166 1021 937 905 763 719 638 581 531 478 419 416 311 343 246 248 224 223 197 189 153 120 141 109 105 86 92 88 64 55 57 64 34 42 43 38 36 34 25 20 16 21 23 18 18 14 7 10 7 9 5 7 9 8 7 3 6 6 3 8 2 1 2 5 4 2 1 2 3 1 4 0 1 2 0 1 1 3 0 2 1 3 1 0 0 0 0 2 0 2 0 0 0 0 1 0 0 0 0 0 0 0 0 0 0 0 
1 10 11 36 53 49 71 141 161 291 380 363 446 730 649 792 1017 1108 1245 1794 2178 2169 2330 2750 2985 3338 3556 3906 4159 4502 4408 4855 5023 5138 5156 5181 5240 5249 5119 4955 4810 4680 4527 4135 4059 3896 3610 3395 3123 2976 2796 2589 2402 2262 2083 1951 1652 1496 1369 1337 1166 1088 934 871 746 673 703 603 550 510 447 424 385 355 337 292 266 238 190 182 167 153 142 147 120 98 100 98 74 72 63 54 46 45 56 45 53 25 34 22 19 27 28 11 18 15 12 17 12 9 4 5 9 4 7 4 7 9 5 4 5 4 1 3 1 2 4 0 1 4 1 7 0 1 3 1 2 1 0 1 0 1 4 0 1 1 0 0 0 0 1 0 0 0 0 0 0 0 0 0 0 0 0 0 0 
1 16 23 39 34 54 109 116 366 419 528 539 557 622 952 1028 1265 1346 1467 1903 2251 2475 2658 3034 3246 3702 3876 4287 4444 4795 4933 5063 5078 5145 5187 5141 5170 5113 4974 4698 4674 4485 4283 4088 3870 3564 3290 3249 2963 2732 2511 2293 2053 2004 1869 1639 1480 1360 1250 1118 985 1006 876 768 739 673 581 539 517 442 405 389 327 307 292 238 218 229 178 173 173 129 104 120 100 95 84 81 77 56 51 42 48 40 34 38 31 29 35 27 33 17 20 14 12 13 16 13 10 12 7 9 5 3 9 2 3 3 7 3 5 2 4 4 1 2 1 0 1 2 0 0 0 3 0 0 1 0 0 1 0 0 0 2 0 0 0 0 0 1 0 1 0 0 0 1 0 1 1 1 0 0 0 0 0 0 0 0 0 0 
0 5 23 43 45 55 57 68 124 177 283 379 392 428 616 762 970 1021 1049 1353 1738 2001 2141 2550 2795 3047 3459 3622 3821 4232 4416 4689 4873 4736 5173 5240 5170 5043 5217 5042 5064 4669 4492 4345 4168 4004 3831 3679 3292 3200 2999 2748 2532 2350 2126 1992 1916 1722 1517 1474 1274 1126 1117 957 880 825 740 727 587 551 527 423 423 399 357 305 280 231 230 202 206 171 151 130 118 117 108 101 87 79 75 52 53 46 46 30 36 30 30 27 19 19 15 11 8 17 19 10 14 8 12 7 9 1 3 5 3 2 2 1 4 1 1 2 1 1 2 1 1 4 0 2 2 0 2 0 1 0 1 0 0 0 2 0 0 1 0 1 0 0 1 0 0 0 0 0 1 0 0 0 1 0 0 0 0 0 0 0 0 0 0 0 0 0 0 0 0 0 0 0 0 0 
0 11 30 52 82 71 108 165 152 243 257 439 608 696 957 1079 1359 1529 1756 1867 2097 2368 2703 2891 3480 3607 3898 3954 4285 4696 4933 4922 5076 5260 5149 5129 5129 5130 5006 4799 4616 4423 4315 4059 4014 3664 3455 3175 2982 2796 2515 2365 2250 2126 1874 1650 1546 1352 1298 1202 1029 941 856 823 753 639 579 550 504 410 373 403 329 278 263 242 205 208 203 204 149 139 127 132 96 87 96 72 76 58 58 56 51 42 38 40 39 26 24 25 29 17 12 19 22 15 12 9 7 6 6 3 1 4 4 2 3 2 3 2 1 1 0 0 2 2 0 0 0 0 0 0 1 0 0 0 0 0 0 1 0 0 0 0 0 0 0 0 0 0 
0 8 13 34 48 52 91 99 121 129 304 314 248 354 502 673 914 1063 1107 1347 1514 1864 2182 2551 2734 2941 3220 3338 3654 4159 4392 4855 4757 4772 5114 5190 5317 5193 5189 4999 4858 4819 4532 4504 4404 4143 3859 3659 3439 3159 3088 2733 2611 2421 2284 2051 1832 1657 1512 1428 1226 1213 1115 969 937 828 721 690 633 557 586 466 409 340 348 331 274 225 223 220 192 154 173 131 128 135 98 93 86 70 70 67 62 51 43 49 48 38 23 30 35 26 17 13 17 19 14 17 18 4 11 9 8 8 3 6 4 6 1 5 7 5 0 3 1 3 1 2 2 1 1 1 0 0 0 0 0 0 0 1 0 0 0 
0 6 13 38 51 45 60 62 65 123 133 242 406 459 616 803 747 1135 1337 1407 1806 2082 2208 2492 2839 3130 3505 3662 3877 4241 4702 4866 4994 5099 5295 5385 5125 5184 5011 4938 4925 4749 4670 4353 4087 3857 3595 3479 3260 3042 2819 2612 2455 2197 2170 1889 1774 1643 1464 1268 1227 1084 1006 929 826 758 684 672 604 513 442 397 412 356 299 306 288 259 211 198 189 170 149 130 109 90 97 78 75 68 58 65 48 49 47 44 31 23 30 26 18 11 19 11 13 7 8 9 10 9 6 7 11 10 4 6 3 1 3 1 2 1 0 2 1 1 0 0 0 0 1 0 0 0 1 1 0 2 0 0 0 0 1 0 0 0 0 0 0 0 0 0 0 0 0 0 
0 4 22 54 58 77 52 63 141 136 179 401 399 397 555 726 993 1162 1330 1574 1727 2024 2253 2606 2959 3501 3628 3873 4112 4303 4405 4735 5090 5188 5338 5206 5145 5187 5208 5052 4854 4861 4593 4376 4099 3798 3679 3535 3215 3057 2841 2649 2318 2207 1956 1834 1697 1599 1425 1312 1219 1125 951 895 834 706 659 591 550 523 458 426 360 320 296 292 230 232 205 169 171 147 121 130 114 86 87 78 84 65 51 57 47 30 39 34 36 25 20 23 19 12 18 23 15 9 7 7 11 9 9 6 6 7 3 3 6 0 2 6 2 1 2 2 2 1 1 1 0 1 0 0 1 1 0 0 0 1 2 0 0 2 1 0 0 0 3 0 0 1 0 0 0 1 0 0 0 0 0 1 0 0 0 0 0 0 0 0 0 0 0 0 0 0 
0 9 21 37 48 49 61 232 298 295 398 456 478 547 865 1092 1533 1736 1744 2090 2265 2535 2757 3072 3431 3721 4053 4110 4478 4727 5047 5063 5142 5236 5278 5210 5117 4995 4973 4849 4689 4319 4227 3967 3694 3557 3309 3065 2858 2598 2406 2281 2129 1884 1760 1690 1512 1325 1239 1079 1051 918 814 743 675 628 521 521 472 413 390 326 352 270 233 220 199 177 162 171 139 121 119 96 88 72 73 66 58 42 53 42 39 27 17 32 27 26 21 19 24 25 18 12 7 11 12 5 9 10 5 7 9 4 3 4 2 4 0 0 2 4 3 1 1 0 2 0 2 0 0 0 0 0 0 0 0 0 0 1 0 0 0 0 0 0 1 0 0 0 0 1 0 0 0 0 0 
0 16 33 40 83 94 107 170 194 312 401 472 494 646 914 1058 1338 1425 1822 1874 2279 2385 2610 3032 3598 3886 4002 4359 4640 4559 4743 4839 5049 5130 5159 5282 5163 4996 4971 4779 4651 4413 4325 3921 3904 3650 3303 3104 2895 2759 2430 2323 2121 2055 1734 1654 1624 1432 1191 1138 1031 966 898 837 748 675 592 534 494 453 410 357 330 297 268 227 224 205 190 184 118 145 121 106 99 102 89 67 79 68 51 48 43 32 38 30 41 35 39 29 29 17 23 10 14 13 14 7 9 7 6 4 3 9 6 2 4 9 1 5 4 0 4 3 1 3 2 1 2 1 1 3 0 0 0 1 0 0 1 0 0 1 1 1 1 0 0 0 0 0 0 0 0 0 0 0 0 0 0 0 
0 11 34 47 59 149 140 172 213 504 713 777 815 742 901 1230 1550 1758 2225 2375 2791 2861 3117 3323 3788 3972 4253 4677 4763 4759 4931 5230 5080 5234 5058 5202 5026 4863 4686 4571 4505 4278 4000 3659 3582 3325 3146 2923 2680 2403 2279 2161 1907 1744 1615 1488 1327 1194 1125 965 976 837 826 679 626 547 522 472 431 388 344 314 294 252 230 216 207 188 157 141 112 135 107 103 80 85 74 52 57 71 54 31 43 32 31 22 31 14 19 23 15 6 14 13 12 14 6 3 9 8 4 5 4 3 3 6 2 1 1 3 4 4 3 3 1 0 1 2 0 2 2 0 1 0 0 0 0 1 4 0 1 0 0 0 0 1 0 1 0 0 0 2 0 0 0 0 0 0 0 0 0 1 0 0 0 0 0 0 0 0 0 0 0 0 
1 5 22 23 31 51 100 97 157 124 147 211 271 375 491 472 599 753 913 993 1280 1810 1922 2030 2427 2868 3095 3483 3765 3933 4089 4510 4662 4971 5116 5156 5164 5244 5190 5136 5063 4857 4943 4591 4532 4174 4060 3869 3528 3398 3161 2773 2738 2457 2436 2157 2025 1768 1719 1480 1446 1272 1185 1139 907 860 781 740 651 594 557 499 465 401 374 327 312 293 260 225 198 214 166 150 141 117 110 97 84 96 84 64 59 64 61 54 49 37 34 25 30 19 27 22 28 11 14 17 13 13 28 12 9 6 7 6 0 3 6 4 5 2 1 3 2 4 0 0 1 3 1 0 0 1 1 1 0 1 0 0 1 0 0 1 0 1 0 0 1 1 0 0 0 
0 6 18 29 38 46 51 85 231 320 280 401 639 925 683 864 1146 1331 1541 1742 2148 2348 2643 3029 3425 3749 4034 4166 4518 4571 4785 4992 4969 4977 5184 5255 5200 5155 5091 4709 4790 4555 4203 4101 3932 3590 3499 3190 3039 2730 2683 2457 2167 2031 1836 1805 1544 1401 1242 1231 1085 988 874 824 759 697 570 549 499 420 408 375 316 275 286 254 217 200 196 151 129 126 114 119 88 96 67 68 56 56 65 63 39 35 32 44 32 41 28 23 12 23 13 17 13 8 9 7 8 4 9 9 8 2 5 2 5 6 2 7 2 3 1 0 0 2 0 2 1 0 0 0 0 1 0 0 0 0 1 0 0 0 0 0 0 0 0 0 0 0 
0 7 27 38 80 88 196 243 157 219 298 420 447 596 710 1019 985 1114 1518 2045 2185 2205 2390 2788 3268 3580 3783 3929 4189 4510 4620 4883 5119 5078 5259 5063 5166 5039 5168 4973 4776 4601 4488 4148 3886 3615 3508 3213 3165 2754 2590 2482 2147 2187 1888 1767 1545 1477 1338 1209 1151 1020 900 853 757 712 624 614 523 493 410 348 353 304 278 244 224 210 208 192 170 152 139 104 103 93 71 73 59 66 51 56 47 27 30 33 31 34 25 23 21 14 13 17 15 18 14 5 12 12 8 6 5 1 6 3 4 7 7 2 1 2 3 2 0 3 2 1 0 1 1 0 0 2 0 0 0 0 1 0 0 1 2 0 0 0 0 0 0 0 0 
1 7 24 21 107 102 117 101 153 186 198 289 468 480 763 802 954 1074 1342 1693 1868 2205 2375 2723 3056 3297 3470 3903 4083 4444 4645 4715 5007 5075 5218 5239 5154 5255 5238 4834 4805 4618 4599 4259 4158 3878 3593 3365 3244 3155 2808 2537 2447 2232 2060 1856 1681 1538 1479 1322 1240 1067 1024 837 760 735 631 601 512 462 467 411 343 337 305 260 211 234 187 189 140 153 123 119 109 88 92 84 76 61 46 52 56 54 47 35 21 39 37 17 23 17 19 23 12 17 7 10 7 4 5 11 7 2 5 5 4 3 5 3 4 6 7 3 2 5 3 0 3 1 0 1 3 2 2 0 0 0 0 1 0 0 1 0 1 0 0 0 0 0 1 0 0 0 1 0 0 0 0 0 0 0 0 1 0 0 0 0 
0 5 31 46 44 54 140 103 102 304 428 476 565 498 1024 1025 1231 1231 1640 1837 2208 2388 2570 3014 3352 3647 3836 4088 4418 4587 4679 5070 5125 5135 5207 5118 5159 5166 4939 4710 4754 4568 4409 4027 3913 3560 3350 3329 3054 2800 2561 2410 2252 1998 1867 1713 1495 1349 1304 1164 1038 948 879 827 779 641 612 560 498 431 363 338 328 299 264 244 206 200 171 182 128 144 120 112 103 99 66 80 75 67 60 47 36 56 27 27 33 23 30 16 19 11 16 18 16 9 15 6 4 8 8 11 4 5 5 9 4 4 4 4 4 1 2 2 3 1 4 2 1 1 1 1 3 2 3 0 0 0 0 1 1 0 0 0 2 1 0 0 1 0 0 0 0 0 0 0 0 
0 9 20 38 48 63 68 93 115 287 271 428 394 485 717 895 1048 1207 1475 1563 1816 2175 2444 2764 2991 3259 3529 3951 3990 4306 4651 4957 5007 5096 5282 5029 5138 5176 5108 5010 4911 4752 4460 4314 3978 3876 3664 3459 3251 3027 2891 2543 2276 2128 2002 1876 1681 1557 1405 1229 1191 1048 971 903 879 755 705 573 591 499 446 429 409 363 315 279 268 223 177 185 181 140 160 151 116 111 94 96 72 71 69 50 56 60 49 28 35 34 40 22 24 21 19 15 18 10 13 15 9 12 12 6 9 7 4 2 7 6 4 1 4 8 4 2 3 3 0 0 1 1 0 0 1 1 0 0 0 1 0 0 0 1 0 0 0 0 0 1 0 0 0 0 0 0 0 0 0 0 0 0 0 
1 5 27 37 52 92 86 122 135 175 232 228 305 349 692 808 977 1202 1287 1330 1609 1770 2145 2529 2781 3043 3397 3757 3858 4250 4441 4576 4729 4858 5089 5020 5129 5325 5361 5035 4883 4682 4555 4453 4209 4108 3771 3559 3408 3220 3007 2698 2544 2399 2197 1954 1854 1678 1507 1427 1347 1183 1093 1022 891 832 730 650 603 532 468 405 425 392 324 320 259 274 210 192 187 173 165 113 115 124 114 88 91 61 66 66 46 40 47 37 33 26 31 26 26 28 20 12 18 16 18 10 17 10 6 13 8 5 9 11 4 4 0 5 8 4 4 2 3 0 2 3 3 2 1 1 1 2 2 2 1 1 1 1 0 1 0 0 0 0 2 0 0 0 0 0 2 0 1 0 0 1 0 0 0 0 2 0 0 0 0 0 1 0 0 0 0 0 0 0 0 0 0 0 0 0 0 0 0 
1 7 40 63 78 84 93 152 341 378 584 453 524 805 918 1200 1464 1891 1993 2318 2288 2525 3105 3508 3648 3920 4369 4448 4723 4717 4901 4996 5009 5278 5151 5146 5016 4977 4841 4748 4524 4271 3874 3827 3604 3433 3205 2945 2742 2542 2401 2198 1964 1917 1613 1606 1426 1233 1220 1060 995 889 829 716 686 646 560 516 483 429 392 337 325 290 251 246 206 187 186 154 142 149 126 76 105 70 74 70 57 64 58 44 25 40 40 46 30 19 16 25 23 13 12 14 14 13 5 6 4 17 6 5 6 0 1 1 4 2 6 3 2 2 3 0 1 3 2 1 1 2 1 4 1 1 0 1 0 3 2 0 2 0 0 0 0 0 1 0 0 0 1 0 0 0 0 0 0 
1 11 24 41 57 58 81 92 148 150 217 233 376 460 414 709 823 995 1183 1332 1738 1946 2071 2228 2829 3141 3175 3656 3771 4107 4464 4698 4910 5018 5082 5218 5460 5113 5158 5146 4976 4803 4683 4468 4218 4040 3903 3645 3234 3108 2960 2759 2520 2298 2159 1942 1825 1654 1397 1357 1239 1253 1074 942 886 760 696 692 616 515 486 442 371 363 370 306 259 247 216 185 189 151 157 143 139 136 90 87 77 63 57 50 47 46 40 35 33 29 24 26 25 27 19 16 19 12 13 15 5 10 14 10 6 8 4 6 4 11 2 1 3 2 3 2 3 2 1 2 1 0 1 1 1 4 1 0 1 0 0 1 0 0 1 1 0 0 1 0 0 0 1 0 0 0 0 0 
0 8 24 43 43 78 63 92 115 131 127 153 197 276 436 412 567 837 997 1042 1304 1669 1963 2163 2525 2570 3043 3509 3796 3705 4122 4459 4726 4904 5021 5233 5219 5130 5191 5214 5232 4922 4825 4632 4462 4231 4133 3877 3657 3508 3223 3065 2738 2558 2362 2197 2007 1863 1724 1578 1414 1245 1243 1114 984 932 797 723 640 591 551 509 422 409 366 339 324 239 273 243 212 193 162 153 134 112 114 121 109 97 83 47 69 59 42 26 43 42 27 23 23 24 20 17 19 20 11 19 10 9 9 11 7 4 7 7 11 3 6 3 3 6 1 6 3 1 2 2 4 0 0 0 3 0 0 0 1 1 1 0 0 0 1 0 0 0 0 1 0 0 0 0 0 0 0 0 0 0 0 0 0 
0 19 30 34 49 139 117 300 388 578 582 516 734 1078 1218 1207 1470 1810 2234 2361 2652 3028 3419 3593 3761 3943 4342 4620 4665 5054 5223 5187 5099 5155 5254 5136 5094 5036 4834 4708 4439 4113 3887 3611 3486 3357 2990 2888 2563 2375 2220 1998 1923 1680 1541 1466 1271 1182 1135 913 919 805 731 630 605 570 490 444 388 414 338 300 301 246 215 198 180 159 154 118 126 105 96 91 90 78 61 56 40 53 60 48 40 28 29 21 24 19 17 16 11 11 9 11 12 7 11 8 3 5 8 10 5 9 3 2 3 2 1 0 2 3 5 0 0 0 3 1 0 1 1 0 0 0 0 1 0 0 2 1 0 2 0 0 0 0 0 0 0 1 0 0 0 0 0 
0 13 18 35 45 66 55 93 124 340 343 316 393 410 615 689 1037 1198 1303 1515 1854 2177 2470 2519 2798 3059 3411 3744 4191 4528 4602 4804 4870 5018 5120 5272 5277 5374 5201 5064 4921 4635 4517 4352 4235 3951 3643 3453 3231 2896 2723 2577 2365 2263 2083 1899 1798 1558 1472 1307 1189 1080 998 968 861 731 697 662 560 524 455 441 352 319 332 298 286 253 225 185 175 149 132 111 135 94 93 96 72 77 55 52 55 47 37 41 45 33 20 18 20 15 19 25 18 13 9 9 12 3 8 7 5 3 6 3 3 4 8 5 2 3 5 0 1 1 1 3 0 0 0 2 1 0 1 0 1 3 0 0 0 0 0 0 0 0 0 0 0 0 0 0 0 0 0 0 0 0 
1 9 21 43 94 85 109 110 206 216 228 227 385 548 633 957 976 938 1305 1777 2012 1941 2280 2697 2762 3059 3680 3989 4097 4390 4660 4951 4903 5054 5192 5175 5277 5238 5103 5119 4838 4722 4587 4315 4137 3956 3744 3556 3252 3085 2659 2645 2330 2177 1977 1875 1709 1550 1383 1299 1179 1109 998 859 868 739 627 611 595 515 485 447 413 350 327 297 259 245 214 216 165 187 130 127 127 120 79 107 66 73 65 72 45 49 41 38 27 37 17 35 20 25 19 15 17 11 11 17 6 17 12 6 10 3 7 8 12 8 7 8 4 11 5 3 7 5 4 2 3 0 2 5 0 3 1 2 3 1 2 1 0 0 1 0 1 1 0 0 1 0 0 1 1 0 1 1 1 1 0 0 0 0 0 0 0 0 0 0 0 0 0 0 
1 9 17 31 59 72 70 79 154 168 180 313 340 447 506 587 735 883 1094 1335 1399 1687 1892 2294 2543 2783 2883 3487 3702 4019 4196 4366 4513 4772 4874 5089 5259 5178 5044 4951 5115 5002 4781 4607 4374 4212 3902 3889 3506 3299 3174 2913 2687 2460 2337 2189 1952 1802 1646 1486 1352 1296 1169 1028 941 896 746 713 651 617 562 522 448 387 373 312 304 258 224 226 207 184 186 150 146 129 110 110 103 94 51 58 47 62 51 38 49 34 25 19 25 28 20 30 12 14 18 4 5 12 9 6 4 4 7 6 1 4 5 4 1 3 0 1 3 3 2 0 4 0 2 0 2 2 2 1 1 0 0 1 0 1 0 1 0 0 0 0 0 1 0 0 0 0 0 0 1 0 0 0 0 0 0 0 0 0 0 0 0 0 
1 5 21 30 42 392 272 177 331 404 452 671 825 907 921 1413 1595 1761 1988 2319 2571 2845 3203 3479 3595 3910 4383 4402 4785 4964 5125 5029 5188 5120 5194 5173 5090 4898 4743 4563 4279 4221 3960 3672 3517 3260 3080 2937 2619 2489 2284 2207 2023 1850 1649 1486 1354 1239 1173 1010 910 885 819 699 658 622 532 486 468 414 354 324 296 275 231 232 202 165 167 152 138 117 127 107 98 93 75 63 73 59 54 51 51 33 37 29 26 35 35 19 14 14 10 16 17 18 12 8 16 9 9 6 10 5 5 8 4 5 7 1 3 3 4 3 6 1 0 1 0 1 0 0 2 1 1 1 0 0 1 0 0 0 1 0 0 0 0 0 0 
2 11 13 41 50 78 103 91 134 294 301 321 559 584 579 745 903 1158 1500 1656 1741 2026 2366 2835 3061 3186 3442 3693 4092 4505 4692 4773 5040 5117 5440 5265 5231 5219 5202 5048 4854 4622 4462 4310 4177 3805 3715 3309 3230 2965 2655 2563 2290 2171 1947 1812 1726 1479 1398 1287 1161 1072 993 858 791 718 668 596 554 556 441 435 353 363 297 260 271 277 211 179 148 133 133 133 117 93 95 77 74 65 61 62 61 49 33 22 35 27 25 21 20 30 15 15 15 11 12 12 11 11 10 7 6 6 8 7 4 3 3 5 1 0 0 0 1 3 1 0 1 2 3 1 0 0 0 0 0 0 0 0 0 0 0 0 0 0 2 0 1 0 0 1 0 0 0 0 0 0 0 0 0 0 0 0 0 0 0 0 
1 9 36 43 76 51 70 144 209 239 351 347 484 722 803 922 1075 1519 1689 1926 2202 2384 2693 3034 3247 3602 3751 3989 4392 4526 4824 4967 5079 5404 5305 5368 5122 5063 4959 4856 4764 4428 4278 4122 3884 3669 3359 3192 3134 2963 2571 2324 2213 1997 1891 1735 1533 1490 1305 1138 1035 981 951 826 795 688 572 561 485 433 427 368 329 327 270 257 236 214 153 157 162 144 124 115 97 75 74 68 71 58 41 41 43 36 32 38 30 22 14 32 19 13 11 19 10 12 9 14 8 7 12 5 1 6 3 6 1 2 1 4 5 7 2 2 2 4 2 1 4 2 1 4 1 1 1 1 0 0 2 4 1 1 1 0 1 0 1 0 0 0 0 0 0 0 0 1 0 0 0 0 0 0 0 
0 15 30 54 50 75 70 130 204 174 449 503 572 725 1069 1068 1177 1379 1460 1859 2332 2542 2786 3128 3372 3652 4054 4326 4603 4721 5030 5007 5172 5230 5163 5274 5201 5083 5033 4857 4591 4487 4185 4119 3873 3574 3371 3134 2880 2656 2618 2287 2147 1960 1812 1674 1467 1368 1279 1122 1069 914 897 743 731 646 569 534 488 498 413 362 340 313 271 265 220 191 141 182 143 125 128 130 105 80 70 74 60 67 57 43 32 40 32 30 28 20 32 18 11 26 12 14 13 15 9 7 14 9 3 6 8 7 2 3 3 5 3 2 2 4 4 4 3 4 0 0 4 1 2 2 1 2 0 0 0 1 0 0 0 1 1 0 0 1 1 0 0 0 0 0 0 1 0 0 0 0 0 0 0 0 0 0 0 0 0 0 0 0 
0 11 21 48 60 52 51 115 126 205 223 161 296 327 432 541 843 1053 1037 1239 1650 1749 1984 2254 2526 3004 3314 3518 3610 3940 4391 4517 4808 4945 5212 5158 5284 5149 5287 5201 5083 5016 4813 4749 4451 4213 3963 3765 3543 3289 3100 2864 2590 2472 2194 2050 1874 1686 1575 1390 1349 1191 1094 987 925 784 759 667 559 587 531 474 451 386 357 329 296 281 220 216 172 168 175 123 118 132 101 100 82 68 72 66 84 51 61 47 50 35 36 27 25 14 23 13 19 14 12 19 17 11 17 10 3 14 9 4 10 5 2 6 4 3 3 1 6 0 4 2 3 2 2 0 0 1 1 2 1 0 1 1 2 0 1 0 1 1 0 0 0 0 1 2 0 0 0 0 0 2 0 0 0 1 0 0 0 
1 4 11 37 43 58 103 85 98 139 150 249 332 458 540 727 858 967 1249 1439 1715 1880 2247 2611 2864 3201 3255 3566 4053 4403 4517 4511 4937 5233 5245 5183 5355 5298 5250 4962 4942 4843 4607 4488 4268 4052 3752 3511 3301 3129 2837 2697 2520 2252 2106 1943 1814 1631 1442 1269 1208 1163 1105 989 860 754 689 654 545 549 458 456 415 334 304 291 269 220 199 181 168 149 147 131 140 104 90 84 76 82 70 63 63 40 37 59 38 46 40 27 24 16 17 24 14 22 12 14 10 8 5 6 7 13 7 11 2 7 2 3 3 4 5 4 7 1 5 2 3 1 2 0 1 1 0 0 0 3 0 0 0 0 1 1 2 1 0 1 1 0 0 1 0 1 1 2 1 0 1 0 0 1 1 1 1 0 0 0 0 1 0 0 0 0 0 0 0 0 0 0 0 
0 6 20 36 70 69 70 101 146 155 270 273 368 390 553 594 669 1053 1066 1292 1551 1752 2225 2395 2889 3071 3229 3691 3956 4324 4513 4652 4852 5161 5287 5414 5251 5115 5131 5058 4989 4976 4606 4421 4290 4097 3820 3607 3337 3160 2985 2764 2510 2274 2121 1985 1847 1701 1533 1402 1322 1107 1058 954 901 761 682 645 569 510 516 456 416 356 353 276 315 240 217 198 196 172 140 125 102 102 87 91 72 80 65 71 33 39 51 37 23 21 34 24 27 25 18 14 15 12 12 12 10 10 15 9 9 10 6 6 6 3 3 4 2 2 4 6 3 0 1 3 2 4 1 1 0 0 0 1 0 2 1 0 0 0 1 1 0 1 1 0 0 0 0 0 0 1 0 0 
0 7 17 34 48 77 83 106 107 144 243 275 367 447 619 758 816 1201 1465 1605 1697 2081 2368 2593 3104 3411 3677 3884 4121 4362 4600 4852 4967 5047 5155 5265 5459 5240 5200 4939 4931 4593 4677 4363 4076 3805 3564 3445 3210 2869 2822 2624 2320 2255 2098 1785 1674 1577 1482 1280 1176 1095 969 850 824 782 644 613 551 483 413 411 334 336 310 278 272 233 202 184 199 163 129 128 104 97 96 79 82 80 64 57 54 56 43 45 28 24 32 21 25 23 16 12 18 18 9 14 9 8 6 9 7 6 7 5 2 4 7 5 4 2 2 2 3 1 4 3 1 0 1 3 0 4 0 0 1 0 0 0 0 1 0 0 0 2 0 0 0 0 1 0 0 0 0 0 0 0 0 0 0 0 
0 6 18 28 49 77 83 95 110 136 167 219 243 254 330 647 881 977 984 1438 1524 1623 2036 2278 2376 2846 3150 3480 3824 4062 4243 4704 4830 5121 5089 5193 5224 5435 5312 5302 5142 5084 4836 4671 4529 4253 3951 3706 3489 3301 2971 2872 2669 2392 2232 2002 1916 1732 1531 1469 1337 1197 1120 1018 844 791 709 650 633 555 481 456 407 367 327 308 271 231 218 193 184 161 139 140 118 109 108 68 98 86 72 53 55 54 47 57 33 30 34 32 39 25 21 22 19 22 13 17 18 17 14 7 7 6 7 8 5 5 3 4 2 5 3 8 3 2 2 0 3 0 0 1 2 1 2 0 1 1 1 0 0 0 2 0 0 2 0 0 2 0 0 0 0 0 0 0 0 0 0 0 
0 9 29 35 45 277 191 133 225 343 601 630 678 894 1084 1173 1357 1791 2262 2325 2723 2836 3270 3621 3779 4110 4174 4453 4662 4824 5064 5178 5341 5323 5309 5297 5214 5049 4674 4692 4449 4149 3927 3745 3650 3291 3066 2802 2710 2442 2229 2017 1908 1733 1545 1489 1283 1190 1092 1049 898 831 696 629 589 533 523 438 391 365 345 297 302 237 206 170 178 175 145 168 123 116 123 105 80 70 57 63 48 48 45 38 48 33 27 29 20 22 20 15 20 13 18 15 5 10 5 5 11 4 10 4 6 2 2 3 7 3 1 3 0 1 1 3 3 2 1 0 2 1 1 0 0 0 0 0 0 1 0 0 0 1 0 0 0 0 
0 4 31 45 51 57 124 144 129 297 361 394 373 468 792 1162 1100 1291 1467 1577 1781 2223 2607 2990 3282 3318 3693 3910 4218 4544 4768 4914 4975 5205 5191 5198 5231 5261 4882 4933 4834 4631 4420 4205 3964 3771 3639 3375 3102 2829 2667 2334 2288 2041 1944 1838 1616 1542 1440 1280 1121 1042 930 882 801 752 659 590 515 464 406 376 339 300 311 263 250 189 184 164 158 126 126 113 97 114 96 85 61 64 59 46 49 46 43 39 37 25 23 28 17 15 17 24 14 13 12 12 14 14 13 6 5 2 9 6 3 3 7 3 3 2 2 0 2 2 1 2 3 0 2 0 0 1 0 2 1 0 0 0 0 0 0 0 1 0 0 0 0 0 0 0 0 0 0 
2 6 13 34 35 38 58 75 96 111 128 143 190 204 279 428 572 706 733 853 975 1116 1360 1752 1989 2228 2673 2876 3233 3625 3982 4047 4211 4536 4931 5030 4984 5152 5205 5246 5217 5196 5059 4835 4615 4645 4397 4110 3794 3641 3457 3120 3033 2837 2602 2386 2292 2054 1914 1782 1545 1459 1369 1193 1094 1039 918 838 751 694 631 575 531 454 428 402 343 310 274 233 227 214 186 180 173 145 128 101 111 105 94 97 76 75 63 60 52 33 51 43 38 27 30 31 19 23 23 15 11 10 12 10 10 17 9 9 5 3 7 12 9 6 3 6 3 3 5 3 4 1 3 2 1 2 1 0 0 0 0 0 0 0 0 0 0 1 0 0 1 0 0 0 0 0 0 0 1 0 0 0 
0 6 11 33 36 60 64 131 137 216 226 288 427 435 705 804 1027 1209 1370 1558 1840 2065 2470 2753 3019 3371 3686 3856 4159 4237 4568 4787 4953 5154 5201 5360 5223 5175 5099 5036 4766 4655 4501 4285 4045 3749 3622 3416 3221 3054 2839 2640 2388 2189 2003 1957 1624 1560 1405 1344 1191 1063 997 870 834 753 743 648 568 485 444 410 378 320 302 295 251 226 227 202 174 161 122 139 108 105 81 77 79 78 63 61 46 38 38 42 39 31 27 19 20 23 31 24 23 17 8 14 11 16 16 7 11 16 7 6 12 6 4 4 4 3 2 2 4 2 5 5 2 2 2 2 2 3 2 2 0 2 0 1 1 1 0 0 0 0 0 0 1 0 0 0 0 0 0 0 0 0 0 0 0 0 0 0 
0 12 20 33 57 84 128 101 141 194 179 295 343 447 504 589 777 886 1128 1335 1640 1706 2008 2501 2757 2980 3352 3367 3593 4034 4427 4688 4903 5062 5168 5160 5298 5287 5440 5145 5088 4890 4821 4481 4463 4073 3872 3724 3357 3170 3067 2736 2594 2356 2245 2022 1822 1733 1488 1457 1306 1169 1058 1036 834 819 735 663 612 530 516 470 390 422 313 277 283 256 216 220 172 160 134 147 119 119 98 96 84 68 64 71 65 61 53 57 45 43 36 27 24 28 28 22 12 14 15 9 12 16 9 10 10 2 3 3 6 5 5 2 4 2 0 2 3 0 2 0 1 2 1 1 0 0 0 0 1 0 1 0 0 0 0 0 0 0 0 0 0 0 0 0 0 0 0 
0 6 15 31 54 69 65 57 108 129 122 210 268 330 429 434 567 727 907 1323 1413 1635 1628 1993 2385 2863 3144 3372 3596 3940 4138 4472 4582 4866 4980 5252 5184 5347 5068 5238 4922 4920 4804 4653 4460 4394 4099 3778 3528 3375 3180 2902 2780 2548 2384 2147 2120 1910 1725 1597 1424 1300 1205 1015 1007 882 845 735 676 626 577 489 424 433 358 330 317 301 255 252 204 189 192 153 142 135 120 100 77 89 76 71 65 54 49 36 42 30 39 33 26 20 22 19 13 22 16 13 14 8 7 10 9 1 7 5 6 3 6 3 9 3 3 4 1 1 1 2 0 1 1 1 0 1 1 0 0 1 0 1 1 0 1 1 0 0 1 0 0 0 0 0 0 0 0 0 
0 5 25 47 36 43 76 82 115 224 333 331 497 533 650 728 740 1033 1462 1588 1695 2073 2402 2592 2979 3426 3554 3808 4101 4381 4768 4763 4972 5144 5193 5135 5058 5111 5100 4871 4964 4654 4469 4289 4193 3795 3497 3444 3263 3050 2836 2669 2480 2150 2004 1852 1670 1588 1432 1365 1192 1083 929 894 768 759 692 608 578 518 459 405 388 364 347 258 274 248 191 197 173 168 160 133 126 108 99 94 89 79 59 27 55 39 39 41 25 43 29 24 20 17 24 24 13 14 8 10 13 12 11 6 4 8 9 7 5 6 6 4 2 5 4 1 5 2 6 2 3 1 0 0 1 2 1 0 0 0 0 0 0 0 0 0 0 0 0 0 0 1 0 0 0 0 0 0 0 0 0 0 0 0 0 
0 5 16 36 44 69 65 76 104 142 179 380 390 389 512 645 806 1191 1425 1317 1684 1982 2330 2633 2684 3073 3407 3666 4010 4233 4356 4756 4894 5228 5013 5076 5118 5373 5136 5116 4826 4678 4653 4502 4310 4043 3709 3476 3245 3072 2814 2711 2494 2309 2202 2033 1770 1657 1538 1387 1244 1169 1131 945 884 765 729 662 630 555 501 514 405 333 310 275 272 242 241 204 200 167 171 142 121 110 98 99 78 69 63 61 54 53 47 45 39 41 26 25 24 22 27 21 21 20 13 15 14 7 9 8 9 6 5 5 4 1 2 6 5 7 3 1 3 1 1 2 2 1 2 2 0 1 1 3 1 0 0 1 0 1 0 0 0 2 0 0 0 0 0 
0 6 30 32 46 77 374 351 321 510 410 417 526 699 808 1130 1347 1487 1741 1902 2246 2452 2654 3182 3559 3974 4088 4369 4492 4731 4795 5012 4899 5181 5150 5311 5230 5165 4853 4733 4656 4392 4181 4041 3651 3448 3280 3091 2806 2672 2481 2290 2051 1856 1830 1604 1502 1416 1149 1132 982 971 886 785 636 621 552 531 442 406 388 347 288 268 237 231 210 213 159 156 122 128 110 111 98 87 84 66 56 53 45 56 62 34 34 32 27 23 26 33 20 13 11 9 14 13 12 12 6 7 7 5 6 6 4 8 7 2 5 3 3 2 1 0 3 0 1 0 1 0 0 0 0 0 1 0 0 0 
0 9 24 47 56 70 71 76 101 106 121 183 296 337 402 637 652 847 1070 1213 1805 1843 1958 2210 2719 3087 3404 3510 3695 4030 4227 4588 4913 4917 5102 5217 5185 5277 5123 5170 5087 4925 4706 4591 4417 4122 3888 3768 3542 3208 3069 2937 2660 2404 2278 2060 1918 1653 1661 1493 1351 1194 1030 1048 885 853 744 657 633 503 518 473 387 388 354 334 273 235 216 213 188 181 162 136 114 128 117 88 92 90 92 79 68 50 48 51 23 38 25 25 28 20 19 15 16 13 12 12 10 6 11 10 7 6 10 7 6 5 2 3 3 4 2 1 3 2 1 1 1 1 0 0 1 0 2 0 0 0 0 0 1 0 1 0 0 0 0 0 0 0 0 0 0 0 
0 8 22 29 92 89 123 131 210 268 292 405 478 555 1022 1067 1159 1349 1650 1954 2171 2320 2705 3050 3459 3580 3882 4181 4435 4531 4764 5060 5185 5128 5314 5303 5158 5165 5017 4780 4581 4589 4271 4100 3845 3635 3485 3182 2942 2748 2552 2360 2162 1957 1860 1647 1629 1325 1313 1135 1072 961 888 783 747 653 590 543 487 464 410 371 307 290 278 238 219 240 211 166 164 145 134 122 99 96 79 78 65 86 46 48 47 49 30 41 38 29 17 26 21 16 15 17 10 6 9 11 16 14 4 9 7 5 4 1 5 4 3 2 2 1 0 2 2 2 2 2 1 0 2 5 0 1 0 0 0 1 0 1 1 2 1 0 0 2 0 0 0 1 2 0 0 0 0 0 0 1 0 0 0 0 
0 11 32 50 51 76 77 95 148 205 272 467 497 596 689 1003 1127 1270 1300 1656 2303 2382 2288 2861 3162 3607 3715 4062 4251 4649 5063 5123 5160 5125 5115 5114 5296 5212 5183 4901 4743 4685 4409 4094 3949 3769 3499 3387 3116 2793 2608 2411 2178 1919 1937 1711 1584 1388 1369 1184 1045 1012 928 804 793 745 633 612 544 485 436 403 357 328 282 279 249 188 181 180 200 151 131 104 91 91 76 79 75 45 45 46 42 33 40 31 25 26 25 21 21 17 19 16 13 11 11 8 12 6 7 5 5 5 9 8 3 3 4 5 4 1 0 3 4 2 0 1 1 2 3 0 0 1 1 0 0 0 1 0 0 1 1 0 0 0 0 0 0 1 0 0 0 0 0 0 0 0 0 0 0 0 0 0 0 
1 7 29 44 49 57 73 72 92 107 183 264 347 385 472 725 962 1180 1247 1415 1485 1906 2180 2458 2955 2933 3167 3485 3965 4314 4641 4801 4770 4858 5132 5319 5135 5199 5172 4920 4831 4819 4575 4509 4272 4102 3737 3569 3313 3140 2979 2753 2566 2241 2195 2012 1810 1730 1554 1428 1287 1330 1103 984 891 859 738 661 593 526 488 514 392 383 327 313 295 262 253 224 196 172 158 128 110 124 118 108 93 86 78 54 47 64 52 51 48 31 31 25 24 19 27 21 16 6 11 10 17 16 9 10 14 8 6 9 10 6 2 7 3 6 3 5 6 1 1 0 0 2 1 1 1 0 3 0 1 1 0 0 1 2 0 0 2 0 1 0 0 0 0 0 0 0 0 0 0 0 0 0 0 0 0 0 0 0 0 
0 8 27 34 32 184 189 199 250 304 349 535 749 992 1011 1222 1497 1702 1803 2098 2406 2693 3045 3312 3641 3643 3986 4392 4706 4892 5024 5157 5170 5346 5256 5163 5236 4938 4912 4669 4489 4304 3922 3915 3577 3487 3241 2926 2800 2664 2270 2168 1955 1833 1718 1550 1391 1276 1235 1024 953 889 761 713 696 620 464 522 443 430 398 336 298 277 240 231 169 176 158 154 157 107 113 89 96 76 72 63 73 57 50 32 42 39 28 24 25 16 25 17 25 14 12 9 11 6 7 5 8 6 6 4 9 2 5 4 4 6 2 2 3 3 2 1 2 3 1 0 0 1 0 0 0 0 0 1 0 0 0 0 1 1 0 0 0 0 1 0 0 0 0 0 0 0 0 0 0 0 0 
0 9 19 45 80 90 88 124 127 235 266 504 481 502 677 705 1001 1261 1465 1672 2028 2252 2571 2886 3227 3565 3934 4070 4325 4674 4901 4943 5055 5071 5178 5312 5255 5147 4984 4788 4787 4578 4321 4085 3992 3635 3468 3324 2980 2906 2629 2432 2283 2104 1900 1727 1640 1527 1317 1278 1126 989 851 878 734 702 633 572 552 495 449 373 346 317 295 265 242 221 211 161 169 158 128 108 112 90 87 73 74 72 55 43 36 44 37 44 33 27 18 23 18 24 17 9 9 13 11 11 7 11 5 9 5 5 10 1 4 2 4 2 3 4 3 8 3 1 2 0 2 3 2 0 1 1 2 2 0 1 0 0 1 1 0 0 2 0 0 0 0 0 0 1 0 0 0 0 0 0 0 0 0 
0 8 52 74 63 55 73 102 155 166 425 630 559 407 592 1062 1199 1422 1544 1912 2207 2291 2591 2995 3265 3548 4016 4407 4489 4510 5093 5134 5231 5222 5196 5284 5186 5023 4911 4963 4766 4556 4231 4025 3854 3632 3414 3164 2957 2715 2502 2326 2245 2029 1806 1745 1509 1487 1200 1071 1008 975 862 781 704 659 604 511 477 412 383 347 333 299 260 241 223 208 182 145 136 137 126 97 88 83 74 62 71 62 57 45 41 45 34 33 24 20 26 25 13 15 18 10 18 11 12 11 14 9 8 7 8 4 5 3 3 2 4 3 2 2 3 0 2 3 1 0 0 0 0 1 0 1 1 0 0 0 0 0 0 0 0 1 0 0 0 0 0 0 0 0 0 0 0 0 
0 6 29 44 64 54 90 88 82 96 116 184 253 308 449 484 659 821 884 946 1299 1526 1793 2007 2155 2463 2875 3235 3588 4107 4417 4465 4779 4804 4941 5086 5224 5390 5329 5165 5198 5116 4954 4787 4544 4327 4183 3833 3740 3335 3165 3053 2733 2551 2360 2260 1992 1870 1665 1557 1401 1302 1206 1019 1006 908 808 745 681 622 602 512 459 391 353 300 320 261 245 208 183 172 156 146 139 135 115 92 91 79 80 73 65 74 58 29 32 35 33 33 28 25 21 28 15 14 10 15 14 9 9 6 10 2 3 3 1 4 3 2 1 2 0 1 0 2 0 1 1 1 3 1 0 0 0 0 0 0 1 2 0 0 1 0 0 1 1 0 0 0 0 0 0 0 0 0 0 
0 5 12 25 55 48 70 104 109 256 237 286 370 423 644 871 1041 1157 1150 1561 1732 1910 2213 2642 2972 3405 3503 3861 4095 4239 4627 4876 4978 5033 5242 5142 5357 5246 5119 5021 4934 4743 4562 4360 4148 3941 3713 3454 3263 2987 2893 2592 2377 2290 1997 1955 1710 1529 1435 1295 1187 1083 1051 944 798 717 685 627 585 441 481 395 392 368 300 271 232 239 210 187 175 148 137 121 119 99 89 82 80 66 68 54 45 56 52 36 36 25 28 36 28 15 20 13 17 12 10 15 14 13 6 10 5 7 8 6 6 8 3 1 3 3 3 4 1 3 4 0 2 1 4 1 1 0 1 0 1 0 0 0 1 1 1 1 0 0 0 2 1 2 1 0 0 0 0 0 0 0 0 0 0 0 0 0 0 0 0 0 
0 9 31 36 78 68 87 91 126 179 229 450 446 565 734 702 815 1118 1318 1623 1645 2022 2189 2461 2852 3331 3441 3677 3999 4389 4683 4886 5097 5169 5387 5346 5237 5126 5169 5071 4968 4868 4594 4243 4121 3913 3712 3331 3253 2968 2786 2553 2490 2152 2113 1914 1742 1598 1392 1259 1142 1114 964 918 838 739 718 618 512 484 478 409 381 345 309 281 250 214 206 164 164 142 126 115 110 87 97 70 78 69 62 52 45 42 41 53 32 37 36 34 18 34 18 16 18 18 16 12 7 7 8 11 9 11 10 4 8 7 1 7 6 2 1 4 4 2 5 2 0 2 1 2 3 2 1 0 0 0 0 1 1 0 0 2 0 0 0 0 0 0 0 0 1 0 0 0 0 0 0 0 0 0 0 0 0 0 
0 6 20 38 45 51 95 90 130 149 173 198 377 428 598 646 917 846 913 1178 1430 1672 1967 2175 2439 2901 3116 3415 3739 3769 4384 4583 4840 5047 5256 5272 5152 5135 5418 5131 5077 4991 4931 4643 4203 4238 3846 3801 3488 3369 3117 2871 2608 2503 2352 2096 2038 1785 1687 1498 1396 1228 1123 1043 939 865 820 741 657 557 573 423 466 391 362 313 289 224 231 199 182 172 168 147 110 126 106 111 92 96 59 56 61 61 59 49 32 49 37 26 23 31 22 20 18 26 17 14 5 6 6 9 3 5 2 6 10 4 4 8 2 2 2 0 3 3 4 4 0 1 1 0 2 2 0 0 0 0 0 0 0 0 0 0 0 0 0 0 0 0 0 
0 4 9 38 49 38 69 98 174 145 163 205 240 259 448 618 716 896 1049 1349 1471 1837 2029 2239 2453 2825 3262 3267 3713 3992 4238 4522 4647 4928 5057 5340 5305 5241 5406 5114 4872 4833 4754 4545 4386 4223 3979 3759 3531 3340 3017 2858 2693 2433 2319 2160 1952 1775 1733 1481 1380 1194 1097 975 937 879 810 729 677 561 547 462 486 427 363 345 312 278 258 225 207 198 167 145 145 132 113 95 85 85 73 78 78 46 52 48 62 44 30 38 25 33 15 23 26 26 19 15 14 7 13 13 5 7 8 6 8 3 3 1 3 7 1 2 2 1 1 0 2 0 3 3 0 2 2 1 1 1 2 1 1 0 1 2 0 1 1 0 0 0 0 0 0 0 0 0 0 0 0 0 0 0 0 0 0 0 0 
0 15 26 43 48 60 74 89 153 220 201 232 324 310 455 765 725 886 1110 1469 1672 1876 2146 2361 2774 2903 3236 3751 3861 4019 4331 4494 4800 4890 5117 5200 5198 5416 5228 5216 5037 4775 4742 4579 4381 4264 4001 3654 3528 3237 2942 2816 2604 2439 2161 2033 1870 1696 1672 1358 1268 1191 1040 998 875 819 776 668 594 525 512 443 365 388 318 322 318 260 242 229 193 141 161 146 129 100 92 93 84 66 81 61 63 44 41 45 40 36 31 26 42 21 18 18 24 9 6 16 14 10 7 10 6 3 4 2 3 7 2 3 4 0 2 4 2 2 1 2 0 1 0 0 0 1 4 1 1 1 0 2 2 1 1 0 0 0 0 0 0 0 0 0 0 0 0 0 0 0 0 0 0 
1 11 24 39 59 65 92 117 165 187 192 224 404 497 536 669 886 944 1097 1306 1626 1858 2175 2534 2857 3079 3393 3542 3724 4090 4363 4744 4972 5028 5047 5121 5298 5226 5147 5271 5021 4751 4554 4354 4278 4049 3889 3656 3239 3146 2912 2836 2559 2411 2197 2057 1777 1633 1525 1409 1233 1151 1035 995 912 769 786 652 556 591 490 445 425 410 343 305 277 241 212 197 232 191 171 152 130 95 106 90 106 86 63 62 51 57 58 45 40 41 41 31 36 23 17 19 19 13 13 11 8 7 7 14 5 6 5 3 6 5 5 4 4 0 4 1 1 0 6 2 2 2 0 1 0 0 0 1 0 0 0 0 1 1 0 0 0 1 0 0 0 0 0 1 0 0 0 0 0 0 0 0 0 0 0 0 
1 19 22 71 92 92 114 181 218 312 349 392 608 808 1011 1197 1468 1396 1714 2071 2459 2512 2886 3236 3513 3678 4106 4316 4491 4688 4887 5107 5187 5211 5149 5188 5109 5085 4857 4700 4512 4296 4223 4071 3829 3480 3328 3081 2841 2649 2510 2247 2103 1842 1710 1603 1509 1307 1203 1093 968 925 849 763 709 624 590 535 464 446 398 360 294 272 222 243 228 197 192 173 159 142 123 126 100 79 81 76 70 54 61 40 51 35 40 42 34 28 33 19 29 14 22 12 17 14 8 6 7 8 3 7 12 5 4 6 4 5 5 1 0 2 3 4 3 4 2 1 1 0 1 1 0 1 0 0 2 3 2 1 0 0 0 1 0 0 2 1 1 0 0 0 0 0 0 0 0 0 0 0 0 0 
0 2 24 29 54 52 67 48 81 158 209 190 225 271 481 478 580 788 951 1270 1651 1625 1818 2381 2575 2900 3186 3346 3839 3904 4258 4550 4832 4899 5085 5177 5145 5246 5108 5275 5080 4934 4737 4524 4501 4446 3982 3912 3649 3326 3017 3005 2742 2466 2385 2142 1945 1837 1652 1477 1310 1296 1138 994 889 817 776 666 639 531 525 454 454 396 328 289 290 256 226 221 186 169 164 129 122 140 101 96 90 81 70 68 55 54 38 53 38 39 31 32 33 27 22 21 23 11 12 12 10 14 14 8 6 8 7 7 6 5 2 2 2 0 1 2 0 0 2 2 3 1 2 2 0 0 1 1 1 0 0 0 0 0 0 0 0 0 0 0 0 0 0 0 0 
0 10 25 46 63 91 87 132 117 140 198 398 386 468 476 606 968 1193 1288 1704 1831 2083 2357 2704 3036 3177 3710 3934 4090 4358 4705 4854 4973 5186 5275 5126 5337 5186 5112 5204 4999 4681 4443 4347 4082 3959 3794 3467 3288 3051 2883 2660 2554 2165 2101 1872 1664 1580 1448 1259 1179 1075 973 845 850 703 698 633 571 541 433 427 401 333 311 280 247 217 183 176 158 161 146 128 103 88 78 74 74 71 58 67 52 36 38 39 40 26 30 21 20 19 16 16 14 21 8 10 5 13 7 12 8 6 7 7 4 2 1 2 3 2 4 2 1 3 3 1 2 2 0 1 1 0 1 0 0 0 0 0 0 0 0 0 0 0 0 0 0 0 0 0 0 0 0 
0 10 27 34 49 59 93 133 161 147 193 361 439 529 593 620 874 1157 1095 1367 1774 1955 2213 2588 2769 3134 3454 3875 4009 4333 4415 4708 4822 5050 5141 5122 5172 5198 5086 4974 4770 4852 4648 4316 4345 3977 3757 3597 3329 3069 2752 2762 2508 2189 2022 1914 1836 1593 1500 1381 1270 1123 1055 919 837 795 704 606 566 496 512 449 433 358 305 293 262 249 222 206 170 154 131 122 150 114 98 93 70 76 60 65 50 55 49 41 36 30 28 29 33 18 19 19 17 13 14 16 7 10 5 15 7 11 7 7 6 5 3 2 5 2 2 4 1 1 0 1 4 0 3 3 1 0 1 2 1 2 0 0 0 0 1 0 0 0 0 0 0 0 0 0 0 0 0 0 0 
1 6 25 36 59 55 58 73 103 155 241 301 358 447 721 1074 1133 1171 1364 1545 1833 2109 2428 2835 2947 3266 3553 3749 4064 4422 4698 4789 5028 5126 5290 5325 5265 5223 4975 4983 4784 4594 4518 4444 3962 3831 3566 3461 3221 3042 2794 2607 2446 2253 2065 1935 1641 1527 1372 1318 1153 1145 1002 942 873 736 663 611 580 506 457 408 348 350 328 275 243 212 213 193 182 143 130 124 127 87 114 81 71 66 55 59 63 55 32 42 29 29 31 19 21 12 16 19 11 21 10 6 11 8 6 6 5 6 3 6 4 5 1 1 2 1 2 3 2 1 1 0 1 1 1 0 1 1 0 0 0 0 0 0 0 0 0 1 0 0 0 0 0 1 0 
0 9 15 28 56 60 77 92 102 220 223 262 308 327 394 516 743 998 968 1210 1478 1960 1967 2213 2394 2793 3240 3600 3881 3985 4078 4324 4735 5014 5105 5065 4990 5236 5162 5211 5072 4848 4760 4459 4241 4117 4037 3875 3629 3372 3136 2846 2723 2580 2285 2106 1968 1778 1645 1502 1333 1290 1135 1029 961 848 750 675 638 561 541 503 430 393 351 306 291 279 213 211 180 200 156 137 128 109 111 111 71 52 51 56 65 48 35 32 36 37 32 28 28 25 15 17 18 14 14 11 11 13 6 4 2 11 8 6 2 6 6 3 4 3 5 2 2 3 1 3 3 0 0 3 1 2 3 1 1 1 0 1 0 1 0 0 0 1 0 0 0 1 0 0 0 0 0 0 0 0 1 0 
0 3 21 41 51 69 83 103 176 246 207 283 369 402 545 855 927 996 1164 1377 1667 1871 2071 2443 2777 3026 3407 3595 3777 4190 4392 4620 4838 5010 5088 5133 5049 5322 5173 5112 4929 4821 4722 4239 4277 3931 3815 3588 3439 3266 3079 2777 2585 2286 2139 2012 1836 1700 1595 1466 1320 1201 1108 1010 899 775 739 682 603 601 554 465 435 382 346 286 280 238 247 232 180 176 168 140 131 130 106 104 88 83 66 64 67 53 58 51 36 34 36 24 34 30 27 16 23 17 13 22 12 15 6 7 8 7 7 3 6 4 2 4 5 1 2 3 0 0 1 4 4 1 1 2 1 2 2 1 1 0 0 1 3 1 1 0 2 1 0 2 0 1 0 0 0 3 1 1 1 0 0 1 1 1 0 0 0 0 2 0 0 0 0 0 0 0 0 0 1 0 0 2 3 2 0 1 1 1 0 2 1 1 0 0 1 0 0 0 0 0 0 0 1 1 
1 9 26 34 54 61 104 184 376 360 240 512 533 610 936 1155 1474 1510 1753 1889 2210 2551 2860 3151 3490 3721 4160 4266 4460 4838 5086 5177 5055 5251 5409 5158 5206 5200 4998 4796 4657 4556 4193 3991 3826 3485 3257 3002 2928 2734 2405 2161 2039 1975 1702 1634 1433 1381 1267 1143 1035 924 842 718 707 596 542 496 442 397 337 339 331 276 261 233 196 186 168 149 120 133 122 119 74 83 73 61 67 70 58 43 45 45 37 26 33 31 23 18 20 22 16 10 21 11 10 10 11 6 5 10 5 6 4 1 5 2 6 1 3 3 4 2 1 0 5 0 0 2 1 0 0 0 1 0 0 0 1 1 0 0 0 0 0 0 0 0 0 0 0 
0 8 21 39 52 41 66 71 129 179 314 418 430 526 613 826 959 1059 1387 1579 1829 2167 2549 2798 2957 3296 3726 3909 4129 4406 4754 5006 5051 5058 5143 5205 5064 5063 5089 5004 4869 4632 4422 4311 4103 3860 3746 3351 3227 2946 2734 2576 2437 2199 2084 1806 1646 1651 1452 1309 1189 1080 937 931 802 760 709 628 510 517 465 428 396 349 338 246 268 227 209 204 168 133 147 143 132 81 96 76 94 69 76 62 57 43 41 46 42 24 32 24 8 22 18 23 11 22 8 7 12 4 4 6 3 5 5 6 5 4 2 2 1 0 1 3 1 0 2 2 2 2 0 2 1 1 0 0 1 0 0 0 0 0 0 0 0 0 0 0 0 0 0 
0 5 22 43 42 79 102 175 148 478 393 329 483 653 1027 1204 1264 1484 1878 2123 2281 2502 2793 3258 3527 3990 4136 4482 4509 4852 4989 5085 5125 5239 5282 5201 5321 5036 4964 4616 4521 4278 4111 4025 3878 3613 3212 2958 2833 2598 2471 2296 2135 1908 1679 1635 1403 1340 1144 1143 1054 922 843 742 691 549 551 481 480 450 333 356 312 276 245 238 198 208 182 165 144 158 137 115 99 94 78 77 66 51 58 42 50 36 34 32 28 29 26 19 23 16 18 11 12 11 10 3 6 11 5 5 6 5 3 6 4 2 2 3 1 1 2 2 0 1 0 1 1 1 2 0 0 1 3 0 0 0 0 1 0 0 0 0 1 0 0 0 0 0 
0 2 22 35 50 46 115 124 135 353 327 411 576 670 788 880 1338 1590 1682 1996 2127 2392 2723 3190 3471 3738 3880 4103 4611 4818 4944 5015 5139 5282 5226 5066 4986 4894 4952 4864 4796 4495 4233 3968 3761 3598 3419 3232 3030 2815 2529 2291 2105 1964 1734 1643 1517 1406 1360 1146 1081 964 841 773 746 630 639 515 503 421 406 355 325 293 269 264 248 213 171 162 146 136 123 87 109 90 64 71 65 62 54 58 47 35 43 36 34 23 22 29 17 27 11 9 15 9 9 11 7 9 12 5 7 7 4 1 2 5 4 6 2 3 3 4 1 0 0 2 0 2 1 0 1 1 2 0 2 0 1 0 1 0 0 0 0 0 0 0 0 0 0 0 0 
0 15 20 37 50 54 58 89 104 136 195 347 499 475 458 660 662 852 1141 1222 1737 1777 1791 2270 2553 3003 3397 3617 3975 4125 4367 4637 4753 5083 5114 5222 5033 5158 5277 5103 5184 4968 4712 4507 4201 4159 3831 3587 3393 3275 3072 2845 2558 2474 2318 2082 1859 1752 1573 1454 1346 1238 1195 1025 994 819 754 747 608 553 487 446 442 395 351 341 279 255 272 206 205 154 169 134 117 115 135 117 102 71 61 72 53 51 36 54 49 39 38 30 24 23 19 26 18 21 19 17 11 16 9 9 10 8 7 7 7 8 6 7 6 10 6 3 5 2 5 2 1 1 3 1 1 4 1 0 1 0 0 0 0 0 0 0 0 0 0 0 0 0 0 0 0 0 
0 10 34 41 54 60 66 100 108 112 323 298 250 322 521 838 917 882 1156 1554 1767 1998 2101 2356 2735 3013 3213 3568 3994 4210 4411 4871 4945 4989 5151 5299 5466 5190 5283 5146 5022 4793 4714 4526 4246 4067 3850 3593 3450 3193 2897 2736 2477 2367 2160 1939 1844 1731 1541 1425 1316 1160 1033 1035 898 790 663 649 555 511 516 457 377 344 317 292 254 227 215 217 168 156 188 144 123 108 106 89 84 70 64 58 47 35 50 44 30 22 27 25 26 30 23 20 17 12 7 18 12 5 11 5 8 6 1 8 6 2 4 2 4 3 1 0 0 0 1 0 1 3 1 0 0 1 0 1 1 0 1 2 0 0 0 0 0 0 0 0 0 0 0 0 1 0 0 0 0 0 1 0 0 
0 7 28 51 58 68 86 179 176 197 313 361 386 530 522 787 1043 1201 1505 1682 2040 2299 2358 2669 2938 3310 3821 4089 4281 4558 4651 4765 5028 5202 5229 5314 5211 5322 5030 5184 4805 4616 4451 4250 3953 3784 3474 3381 3127 2933 2661 2457 2285 2153 2037 1800 1637 1501 1409 1352 1168 1075 967 909 808 768 673 562 586 457 459 413 354 346 300 275 227 218 204 194 180 132 122 127 106 95 81 75 77 59 60 41 46 33 26 34 42 26 20 19 24 14 14 17 6 10 7 5 13 9 5 5 4 7 5 4 5 4 7 2 1 2 3 2 1 2 0 5 3 0 0 1 1 2 1 1 1 1 0 0 1 2 0 0 1 0 0 1 3 1 0 0 0 0 0 0 1 0 0 0 0 0 0 0 
0 9 29 31 40 57 74 63 138 225 221 304 404 456 529 903 967 1185 1338 1607 1707 1798 2280 2477 2873 3218 3259 3569 3747 4235 4561 4618 4708 4868 5254 5274 5194 5047 5068 5169 4912 4788 4604 4459 4206 3982 3869 3605 3351 3123 2826 2658 2490 2282 2197 1972 1745 1602 1471 1297 1238 1176 1050 955 888 864 737 671 585 526 470 433 406 395 330 289 269 236 246 203 189 157 153 130 135 121 113 95 95 102 66 60 51 49 53 51 47 38 32 37 41 26 32 18 10 25 17 21 17 13 8 8 9 13 5 11 6 6 3 6 1 5 3 2 4 9 0 2 0 2 3 0 3 3 2 0 0 0 2 1 2 0 1 0 0 1 0 1 0 1 1 0 1 1 1 0 0 0 0 1 0 0 0 0 0 0 0 0 0 0 0 
0 6 22 35 83 83 85 110 159 177 267 282 307 553 570 637 803 989 1389 1573 1695 2004 2279 2495 2818 3071 3379 3677 4118 4260 4438 4757 4869 5017 5048 5143 5375 5304 5362 5179 5072 4852 4681 4453 4177 4136 3734 3521 3287 3076 2960 2744 2508 2280 2138 1963 1765 1598 1537 1337 1292 1095 1032 878 846 771 678 635 562 518 464 395 341 341 308 275 257 231 208 192 164 157 136 124 123 105 76 83 80 73 67 61 59 52 41 29 28 35 31 19 23 25 9 25 23 15 18 8 14 9 10 12 7 6 9 8 4 6 5 4 1 2 4 0 2 4 2 1 0 3 2 1 2 0 0 0 0 0 0 0 1 0 0 0 0 0 0 0 
2 9 21 48 53 86 91 148 126 148 242 269 399 429 777 927 1435 1232 1351 1817 1948 2234 2575 2775 3102 3370 3730 3857 4140 4363 4663 4925 4949 5239 5189 5262 5124 5229 5195 4806 4815 4639 4474 4228 3944 3749 3498 3296 3179 2890 2681 2416 2305 2076 1977 1941 1643 1554 1382 1348 1152 1053 957 910 841 742 652 621 576 459 440 379 316 315 312 299 235 221 194 180 165 166 143 144 123 106 87 94 70 74 61 46 48 48 42 36 36 31 27 37 22 16 16 11 16 14 9 5 10 6 13 7 11 5 4 10 3 7 2 7 3 2 1 2 1 1 1 1 1 1 2 1 1 1 0 0 0 1 0 2 1 0 2 0 0 0 0 0 0 0 0 0 0 1 0 0 0 
0 5 22 35 41 46 62 111 102 97 143 261 279 354 399 754 822 1001 1166 1423 1372 1839 2101 2441 2720 2875 3201 3503 3807 4036 4323 4502 4752 4775 4924 5135 5368 5142 5165 5068 5061 4960 4819 4583 4446 4066 3992 3750 3500 3234 3144 2923 2628 2403 2303 2004 2011 1770 1565 1520 1299 1246 1081 1023 964 890 786 740 636 570 505 457 500 405 323 346 297 236 252 224 202 165 175 166 134 107 104 96 83 85 73 56 56 50 38 42 42 36 32 28 25 25 28 12 26 13 15 12 11 11 10 12 6 4 7 8 12 5 4 4 3 1 5 1 3 3 4 1 2 0 2 3 2 1 2 1 0 1 0 1 2 1 1 3 3 0 0 2 1 1 0 1 2 0 0 0 1 0 0 0 0 0 0 1 0 0 0 0 1 1 0 0 0 0 0 0 0 0 0 0 0 0 0 0 0 0 0 0 
0 8 20 31 48 49 54 110 267 265 292 491 541 603 643 1121 1213 1196 1317 1762 1834 2310 2496 2938 3140 3353 3832 4046 4344 4397 4611 5098 5118 5230 5236 5163 5133 5139 5065 4817 4715 4542 4458 4227 3902 3731 3633 3249 3071 2978 2673 2515 2275 2099 1919 1662 1596 1510 1420 1237 1118 1046 932 885 800 671 618 576 582 524 472 399 392 350 252 269 221 225 189 186 148 161 102 98 110 94 78 61 68 57 51 47 59 55 35 22 23 27 28 21 15 17 15 7 6 12 10 7 8 12 5 7 5 8 2 2 4 10 6 3 7 1 1 6 4 2 4 4 2 1 1 2 2 2 1 3 1 1 0 1 0 1 2 0 3 4 2 1 0 0 0 1 0 2 1 1 0 0 0 0 0 0 0 0 0 0 0 0 0 0 0 0 0 
0 5 29 42 59 86 81 106 201 415 411 512 460 567 748 1061 1170 1402 1762 2059 1931 2181 2589 3147 3411 3678 3873 4140 4305 4456 4731 5143 5343 5217 5080 5206 5183 5160 5041 4842 4607 4573 4278 4243 3834 3657 3524 3223 2862 2887 2561 2360 2205 2066 1831 1669 1594 1422 1248 1168 1076 995 929 813 760 639 619 526 488 433 408 363 351 327 282 230 218 215 175 144 164 126 127 101 105 93 71 87 81 50 50 42 58 35 48 35 26 26 24 28 28 20 18 16 17 12 9 10 13 5 3 3 6 6 3 6 2 3 4 1 1 2 2 0 1 1 3 0 0 0 1 0 2 1 3 2 0 0 1 0 0 0 0 0 0 0 0 0 0 0 0 0 0 
0 5 18 28 70 55 64 88 82 120 222 230 327 361 393 479 701 1038 1090 1287 1452 1902 2131 2232 2635 3108 3293 3645 3805 4077 4357 4393 4801 4987 5184 5087 5115 5127 5333 5145 5041 4977 4836 4465 4417 4266 3928 3729 3559 3203 2926 2907 2627 2445 2240 2187 1945 1738 1554 1470 1300 1175 1104 1029 876 849 753 690 666 527 530 444 440 389 342 325 265 238 229 187 180 191 160 139 128 98 103 98 85 82 68 68 66 59 41 43 44 34 34 26 17 27 24 32 18 22 14 15 8 18 14 13 8 13 5 6 11 4 8 1 5 5 1 2 7 2 3 3 0 2 1 2 1 2 4 1 0 3 0 0 1 0 0 0 0 2 0 1 0 1 1 1 0 0 0 1 0 0 0 0 0 0 0 0 0 0 
