1 9 10 29 40 65 66 97 99 102 125 155 231 346 328 399 655 860 922 1195 1153 1318 1503 1769 2243 2611 2976 2955 3135 3316 3629 4009 4367 4427 4639 4597 4840 5121 4984 5003 4837 4640 4694 4716 4663 4271 4097 3926 3666 3462 3203 3068 2981 2775 2658 2373 2232 2000 1869 1731 1553 1515 1361 1217 1077 1006 943 880 771 753 666 634 549 461 482 
0 5 24 37 33 53 79 189 230 201 168 294 435 470 620 850 1092 1219 1454 1514 1763 1818 2143 2459 2858 3110 3423 3557 3999 3977 4278 4394 4689 4898 4943 5100 4985 4895 4915 4890 4783 4643 4492 4209 4102 3947 3764 3539 3213 2954 2873 2671 2522 2168 2050 1971 1830 1681 1562 1360 1341 1164 1148 1004 875 830 750 631 627 512 513 463 
0 3 24 47 41 61 171 139 174 260 295 390 325 473 836 969 930 963 1211 1482 1819 2148 2411 2584 2824 3083 3341 3445 3955 4186 4410 4592 4771 4897 4844 4882 4996 4910 4927 4829 4555 4449 4422 4334 4064 3754 3523 3453 3197 2997 2885 2640 2423 2245 2100 1936 1837 1653 1449 1359 1237 1122 1053 946 809 810 729 670 621 526 507 486 
0 3 44 47 47 64 90 127 128 228 350 389 492 453 780 885 900 990 1309 1724 1930 1857 2231 2620 2977 3277 3283 3700 3893 4156 4355 4395 4703 4856 4894 4967 5036 4891 4915 4956 4667 4545 4424 4315 4121 3901 3755 3468 3348 3022 2815 2670 2532 2387 2172 2052 1784 1647 1526 1354 1263 1145 1090 939 898 836 695 687 624 572 481 457 
0 4 24 22 57 77 141 137 186 199 242 392 660 684 506 759 981 1102 1327 1524 1795 1994 2252 2593 2824 2790 3178 3363 3675 4005 4190 4373 4626 4726 4898 4975 5056 4755 4734 4761 4613 4662 4414 4352 4137 3883 3611 3624 3341 3136 2907 2686 2514 2346 2155 2088 1810 1686 1619 1458 1317 1236 1070 1022 935 826 782 685 655 555 521 485 
0 14 20 37 46 50 72 93 140 211 237 410 428 496 366 604 818 986 1353 1450 1608 1901 2152 2314 2585 2807 3070 3410 3860 4076 4261 4361 4535 4637 4917 5000 4899 5079 5011 5048 4865 4645 4597 4294 4248 3929 3871 3569 3388 3237 2969 2814 2599 2446 2199 2048 1907 1730 1576 1419 1407 1271 1174 1051 955 871 804 667 640 574 575 475 
0 6 12 32 37 69 58 93 109 114 154 210 385 418 451 393 492 891 964 1007 1316 1603 1756 1971 2146 2520 2722 3141 3399 3473 3707 4064 4194 4543 4553 4897 4895 4938 5030 4948 4792 4902 4775 4727 4473 4144 4064 4039 3824 3548 3342 3192 2863 2685 2490 2302 2104 1951 1808 1661 1596 1447 1256 1195 1065 1000 900 812 764 656 586 514 518 463 
0 11 25 30 56 64 71 82 57 80 105 261 297 364 624 574 687 945 1020 1358 1484 1709 1966 2394 2490 2566 3030 3303 3614 3855 4134 4472 4433 4636 4681 4878 4999 4998 4889 4917 4929 4847 4702 4544 4173 4187 3914 3726 3561 3373 3044 2961 2711 2504 2296 2066 1942 1831 1648 1560 1405 1252 1181 1090 980 918 794 715 653 627 521 463 483 
1 5 14 37 39 40 101 110 164 143 275 510 546 640 1018 843 829 1011 1485 1803 1975 2112 2283 2555 2946 3183 3618 3799 3983 4101 4539 4687 4763 4843 4927 4954 5005 4805 4885 4791 4748 4492 4332 4137 3928 3803 3602 3320 3270 3075 2668 2582 2435 2304 2040 1934 1803 1615 1498 1418 1195 1182 1051 970 879 808 763 687 570 538 508 484 
4 3 23 31 72 106 122 95 304 364 401 325 553 641 847 1020 1164 1423 1660 1842 1951 2489 2597 2755 3098 3379 3637 3993 4199 4296 4561 4754 4875 4686 4899 4938 4984 4852 4684 4661 4545 4380 4209 4101 3797 3687 3503 3200 3040 2858 2662 2556 2211 2088 1901 1742 1669 1436 1381 1292 1161 1129 904 891 794 737 646 650 569 470 466 
0 5 13 44 49 87 101 129 158 224 339 499 668 659 717 943 1144 1897 1929 1780 2007 2142 2562 2950 3235 3456 3487 3960 4159 4444 4598 4818 5001 4948 5005 4900 4889 4976 4954 4778 4499 4464 4116 3941 3838 3665 3476 3222 2977 2788 2592 2472 2205 2119 1947 1771 1599 1484 1333 1226 1216 993 968 866 771 682 678 608 480 515 487 
0 8 27 37 76 64 56 103 154 310 469 480 472 474 559 721 873 1073 1219 1562 1912 2041 2104 2508 2807 3061 3252 3617 3880 4100 4444 4642 4709 4674 5007 4892 5009 4880 4945 4892 4766 4514 4395 4312 4062 3902 3712 3426 3396 3029 2868 2642 2497 2284 2194 1920 1749 1680 1545 1403 1296 1123 1079 1028 916 846 776 676 593 547 536 450 
0 5 13 31 32 56 64 84 96 129 259 324 304 400 736 959 835 980 1012 1390 1728 1976 2254 2710 2615 2773 3135 3605 3850 4067 4359 4455 4553 4655 4775 4820 4857 4948 4919 4808 4590 4633 4504 4353 4255 4089 3812 3477 3392 3161 3085 2669 2582 2380 2247 2005 1892 1789 1689 1494 1370 1228 1120 1070 950 826 769 725 634 585 519 552 417 
0 6 13 43 48 54 76 82 113 141 163 275 297 325 457 602 746 717 917 1114 1064 1376 1795 2081 2504 2618 2838 3102 3221 3446 3749 4097 4504 4478 4537 4670 4817 4995 4877 4754 4753 4763 4601 4620 4420 4272 4144 3985 3608 3464 3329 3131 2883 2699 2410 2193 2121 1962 1819 1661 1645 1459 1335 1234 1125 971 867 801 802 712 673 606 546 485 
0 7 17 43 48 70 143 184 87 197 235 355 486 604 652 698 876 1092 1346 1564 1737 1811 2102 2389 2800 3076 3374 3495 3828 4204 4406 4507 4464 4623 4860 5017 4954 5064 4959 4784 4779 4643 4483 4196 3946 3787 3659 3512 3262 3048 2896 2655 2577 2361 2173 2009 1818 1734 1495 1518 1342 1214 1116 1013 912 854 762 718 589 568 517 470 
0 2 16 32 43 146 174 147 115 284 381 476 858 867 966 895 1205 1275 1648 1870 2008 2378 2629 2876 3134 3454 3766 3920 4096 4314 4538 4695 4873 4854 4933 4906 4942 4763 4759 4801 4566 4484 4073 3917 3904 3873 3421 3293 3067 2706 2586 2421 2273 2019 1943 1734 1602 1447 1308 1243 1136 1080 907 824 817 764 673 612 559 463 433 
0 5 23 52 104 118 120 110 164 192 251 356 417 454 467 561 870 966 1181 1289 1858 1779 1918 2320 2480 3043 3112 3387 3651 3946 4186 4514 4693 4778 4931 4880 4837 5042 4962 4900 4798 4609 4548 4297 4103 4072 3825 3679 3509 3103 3003 2755 2546 2460 2192 2072 1821 1719 1613 1484 1345 1299 1146 997 979 818 798 730 636 585 552 504 412 
0 2 16 49 54 63 65 86 104 129 320 435 511 522 514 599 1066 1340 1527 1627 1696 1866 2235 2502 2869 3146 3325 3651 3858 4200 4249 4559 4624 4898 5022 5140 5199 4868 4873 4788 4693 4481 4484 4190 4081 3872 3603 3439 3188 3017 2741 2643 2522 2260 2210 1899 1766 1633 1497 1430 1296 1129 1095 948 912 841 768 664 617 534 526 469 
0 8 29 58 43 42 114 151 203 232 292 317 370 404 606 788 1015 1174 1310 1486 1669 1850 2156 2460 2839 3098 3424 3458 3632 4073 4413 4464 4610 4830 5012 5000 5016 4842 4903 4870 4675 4544 4393 4231 4097 4014 3843 3599 3307 3163 2905 2684 2445 2329 2185 2029 1765 1632 1544 1381 1268 1271 1103 1041 909 865 757 651 646 623 539 485 
0 5 19 33 35 70 91 78 108 237 264 329 349 301 532 953 971 1246 1307 1189 1487 1687 2056 2413 2630 2811 2983 3257 3571 4037 4327 4310 4499 4633 4699 4797 5123 4910 4926 4892 4746 4617 4625 4524 4169 4112 3918 3642 3579 3328 2950 2892 2656 2445 2339 2110 1836 1771 1688 1499 1357 1258 1101 1081 948 881 760 713 640 616 540 431 421 
0 10 15 41 61 80 88 95 146 167 183 217 258 261 353 710 816 955 1062 1168 1537 1717 2150 2153 2266 2609 3193 3371 3708 3666 3951 4084 4512 4668 4841 4853 4787 5052 4986 4863 4820 4712 4517 4491 4416 4157 4045 3796 3455 3359 3133 2920 2749 2500 2272 2241 1999 1884 1730 1580 1437 1266 1129 1094 1035 976 842 731 666 648 570 529 474 
0 2 6 25 55 45 65 90 106 228 268 332 438 442 418 567 1153 926 1028 1175 1529 1825 2087 2436 2775 2823 3009 3341 3663 3930 4182 4450 4722 4770 4886 4674 4889 4973 4835 4931 4869 4764 4462 4377 4201 3879 3850 3610 3484 3243 3077 2767 2699 2391 2210 2123 1964 1769 1640 1506 1393 1257 1187 1086 972 885 802 756 658 601 547 548 478 
0 10 30 94 81 64 75 90 95 155 379 458 550 557 720 794 1074 1194 1532 1611 1957 2039 2361 2494 2657 2972 3327 3641 4051 4162 4401 4526 4754 4716 4970 5072 4927 4931 4806 4741 4626 4295 4424 4166 3986 3950 3700 3320 3261 2886 2760 2663 2553 2251 2095 1905 1764 1682 1498 1329 1257 1120 1056 996 892 832 765 668 613 593 484 471 
2 8 25 40 56 63 78 87 100 135 215 435 480 688 573 572 758 1387 1368 1335 1519 1917 2174 2416 2646 2947 3323 3606 3761 4085 4409 4619 4615 4826 4909 4968 4982 5104 4962 4828 4620 4717 4588 4306 4167 3843 3661 3431 3428 3274 2885 2588 2429 2327 2120 2002 1920 1763 1517 1461 1303 1189 1051 990 920 809 798 725 620 631 489 484 
0 2 17 16 49 52 44 62 99 123 136 144 246 277 338 399 522 527 751 968 1162 1364 1594 1667 1793 2136 2402 2757 3052 3160 3555 3608 3831 3976 4213 4434 4724 4754 4871 4744 4832 4936 4802 4704 4446 4463 4358 4177 3894 3815 3418 3386 3258 2927 2704 2495 2425 2256 2035 1880 1789 1573 1537 1431 1300 1148 1102 992 858 803 707 619 650 564 466 455 
0 6 22 35 52 41 64 59 82 143 195 220 209 251 595 694 749 741 999 1340 1483 1744 1880 2158 2519 2624 2794 3109 3383 3766 3983 4267 4486 4490 4730 4803 4970 4820 4815 4792 5017 4900 4598 4522 4338 4117 4046 3831 3572 3423 3201 2966 2804 2638 2390 2179 2010 1918 1744 1674 1468 1383 1182 1129 1028 977 843 792 768 664 596 528 482 434 
0 3 24 37 27 49 76 55 100 110 99 227 235 287 382 392 539 634 790 911 1038 1075 1404 1587 2036 2138 2340 2672 2949 3201 3504 3639 3903 4250 4512 4671 4997 4946 4960 4956 4911 4712 4782 4777 4639 4413 4189 4071 3923 3873 3574 3262 3113 2949 2732 2519 2336 2162 2087 1832 1800 1592 1418 1343 1256 1110 1048 936 878 806 751 611 607 493 517 438 
0 4 8 31 40 33 54 66 152 169 190 184 240 522 560 520 562 838 1070 1146 1375 1564 1794 2137 2508 2655 2823 3240 3494 3703 3939 3983 4302 4383 4715 4763 4747 5081 5095 4975 4937 4808 4713 4467 4447 4207 4067 3872 3718 3426 3144 3091 2833 2489 2359 2164 2032 1892 1791 1513 1481 1258 1226 1136 1043 907 834 769 736 630 603 582 513 470 
0 9 12 27 59 67 76 90 96 129 174 228 267 404 493 471 577 712 1101 1263 1430 1540 1708 1900 2327 2479 2935 3114 3224 3612 3799 4042 4368 4517 4721 4820 4979 4929 4946 4943 5043 4802 4970 4599 4471 4282 3989 3746 3613 3505 3292 3051 2842 2645 2467 2218 2093 1857 1741 1645 1557 1399 1214 1137 1101 1008 883 781 767 700 579 548 510 443 
1 4 11 20 37 50 57 62 129 246 235 236 290 384 382 553 624 710 916 1119 1274 1403 1627 1958 2079 2381 2713 3010 3200 3400 3617 3971 4228 4539 4540 4688 4622 4846 4875 4934 4970 4796 4729 4550 4471 4214 4125 3990 3818 3617 3348 3221 2997 2826 2490 2460 2159 2121 1803 1769 1483 1448 1344 1232 1110 1014 942 834 760 674 611 581 555 525 
0 5 29 32 42 54 67 70 99 128 204 276 284 269 582 777 903 885 967 1246 1638 1675 2072 2206 2364 2762 3177 3356 3751 3954 4136 4507 4605 4738 4776 4856 4985 4977 4902 4899 4845 4825 4635 4437 4219 3990 3788 3697 3496 3354 3142 2843 2694 2458 2242 2167 1976 1743 1655 1516 1346 1301 1163 1073 960 925 830 792 654 586 552 521 468 
0 11 20 34 55 60 54 75 438 385 178 245 386 580 805 810 939 1139 1157 1371 1783 2152 2441 2660 2934 3128 3329 3713 3812 4140 4282 4507 4827 4863 4808 4969 5079 4870 4766 4611 4600 4527 4561 4165 3995 3741 3605 3421 3169 3074 2780 2602 2418 2213 2118 1991 1812 1647 1561 1400 1348 1177 1020 950 904 861 753 706 615 605 555 441 
0 10 13 35 36 48 43 67 73 91 169 246 386 361 477 554 620 709 902 951 1233 1446 1758 1904 2110 2064 2554 2965 3421 3564 3846 3947 4106 4410 4732 4565 4843 4960 4861 5003 4956 5059 4892 4745 4489 4278 4114 3914 3674 3402 3344 3003 3024 2828 2665 2319 2144 2050 1872 1679 1618 1450 1346 1208 1135 1012 969 818 739 703 604 566 515 499 
0 8 25 25 52 80 78 68 133 217 317 313 332 342 365 437 686 747 794 989 1064 1440 1698 1844 2151 2464 2554 2879 3326 3601 3781 4246 4338 4553 4760 4635 4916 5069 4930 4863 4853 4778 4903 4721 4515 4040 4102 3841 3688 3585 3341 3199 2926 2673 2572 2342 2180 2044 1836 1629 1546 1499 1362 1207 1093 1079 891 853 775 709 582 599 549 483 413 
0 3 12 26 35 39 80 217 272 236 325 360 495 520 630 772 925 968 1256 1440 1778 2032 2297 2619 2740 2820 3180 3579 4019 4074 4346 4527 4970 4904 4910 4899 4943 4974 4920 4720 4695 4541 4462 4272 4159 3938 3681 3492 3306 3146 2911 2704 2513 2375 2118 1965 1824 1701 1517 1404 1320 1142 1063 964 869 807 742 714 600 525 495 473 
1 6 25 67 70 76 75 83 136 213 221 246 316 397 452 561 800 1019 1181 1414 1638 1762 1962 2308 2707 3044 3281 3335 3553 3961 4053 4446 4469 4721 4898 4924 5087 5012 4899 4975 4824 4762 4767 4519 4247 4113 3886 3673 3552 3270 2994 2802 2622 2486 2399 2082 1880 1770 1698 1540 1388 1244 1177 1033 913 902 819 666 671 618 580 463 466 
0 6 43 54 52 93 234 305 391 515 609 629 643 1042 1133 1373 1554 1635 1861 2101 2410 2800 2856 3281 3556 3844 4220 4288 4497 4664 4735 4811 4922 4926 5139 4872 4981 4716 4492 4483 4282 4157 3821 3735 3527 3395 3152 2927 2765 2590 2397 2093 2014 1875 1736 1515 1451 1324 1240 1104 1023 877 879 814 718 641 600 554 471 
4 9 22 41 48 55 70 155 168 172 217 313 396 459 602 731 991 1131 1149 1483 1658 1963 2038 2196 2418 2785 3109 3462 3766 3751 4037 4355 4480 4630 4675 4715 4721 4837 4939 4929 4626 4509 4471 4237 4153 4187 3893 3661 3508 3250 3065 2710 2631 2411 2307 2059 1959 1905 1684 1520 1414 1302 1222 1085 1006 894 807 772 703 664 571 503 472 441 
2 2 14 32 36 53 106 116 152 146 176 390 473 476 647 801 974 1069 1108 1433 1841 1940 2106 2406 2539 2848 3469 3685 3804 4011 4235 4454 4578 4749 4877 4834 5077 4936 4840 4873 4645 4490 4276 4269 4024 3997 3758 3535 3375 3132 2983 2712 2607 2378 2096 2004 1796 1746 1656 1453 1374 1183 1111 957 884 850 791 725 631 542 536 503 
0 3 26 45 46 56 93 111 136 168 244 292 481 527 826 702 670 1071 1340 1531 1754 2060 2230 2434 2638 2938 3293 3646 3726 3905 4186 4503 4678 4893 4920 4869 4888 5004 4972 4894 4761 4650 4558 4462 4126 4002 3732 3681 3352 3107 2927 2670 2518 2292 2170 2047 1768 1666 1572 1459 1229 1193 1032 946 942 814 735 724 677 537 482 479 
2 8 18 39 66 69 82 66 140 162 219 384 402 436 569 835 883 1129 1212 1406 1696 1859 2076 2344 2701 3022 3349 3579 3590 3863 4372 4569 4799 4777 4693 5057 5082 5021 4788 4916 4902 4672 4537 4196 4208 3992 3870 3497 3265 3193 3017 2753 2514 2407 2199 2029 1913 1717 1596 1459 1410 1163 1130 1053 879 825 768 697 642 587 526 487 
0 2 14 28 46 45 50 66 128 234 298 270 302 441 526 704 835 996 1135 1363 1526 1639 1992 2233 2553 2805 3061 3287 3397 3731 4200 4101 4342 4592 4703 4792 4945 4719 5044 5007 4863 4718 4614 4448 4286 4227 3839 3658 3313 3273 3111 2959 2710 2535 2306 2295 2009 1831 1724 1585 1457 1316 1241 1084 1033 950 892 787 744 624 572 488 466 
0 9 16 31 45 59 72 64 101 105 132 176 208 323 458 464 543 648 757 1076 1250 1444 1492 1743 1907 2022 2515 2809 3069 3363 3447 3835 4186 4329 4475 4768 4832 4971 4808 4865 4932 5140 4827 4751 4658 4512 4369 4125 3788 3517 3494 3220 3002 2848 2645 2452 2225 2008 1898 1756 1608 1499 1481 1234 1113 1073 968 891 774 726 690 616 544 504 453 
0 9 18 34 57 44 58 222 246 157 165 245 334 497 606 696 849 1005 1190 1357 1493 1718 1935 2231 2519 2772 2903 3126 3525 3917 4204 4376 4478 4501 4770 4912 5088 4979 4950 4958 4810 4903 4566 4457 4137 4078 3999 3589 3373 3242 3130 2846 2702 2508 2311 2155 1857 1814 1617 1531 1447 1323 1144 1015 947 870 794 759 726 576 530 506 456 
0 6 17 29 63 94 116 143 172 202 165 372 474 583 746 825 967 1240 1451 1762 1939 2085 2464 2673 2720 3015 3244 3588 3921 4185 4547 4652 4594 4656 4866 5016 4892 4854 4886 4754 4688 4533 4436 4323 3986 3830 3647 3454 3281 3046 2815 2629 2350 2258 2116 1932 1755 1640 1547 1398 1249 1152 1097 984 939 837 751 645 617 552 495 484 
0 4 16 25 44 52 57 69 302 285 261 342 437 512 680 880 898 1131 1201 1494 1779 1998 2284 2468 2655 3004 3196 3410 3872 4007 4327 4478 4660 4865 4948 4946 4841 4975 4942 4843 4615 4528 4422 4469 4071 3888 3782 3553 3387 3109 2894 2703 2532 2409 2224 1969 1850 1735 1567 1467 1268 1197 1033 966 932 873 797 622 669 586 512 460 
0 5 17 26 51 58 271 309 270 176 304 544 623 582 780 869 1251 1463 1543 1870 2008 2255 2642 2874 3253 3385 3789 3743 4241 4431 4523 4784 4913 4959 4903 5048 4830 4918 4794 4686 4618 4329 4235 3920 3899 3673 3539 3233 2998 2874 2707 2436 2190 2140 1903 1831 1636 1437 1362 1280 1170 1130 1038 932 826 698 743 668 544 502 461 
0 2 10 29 50 48 49 78 112 131 252 280 430 486 553 669 764 850 990 1098 1391 1681 1971 2129 2412 2711 3094 3378 3532 3836 3961 4270 4486 4640 4592 4856 4986 4789 4916 4872 4841 4718 4574 4555 4223 4197 4032 3826 3643 3343 3199 2935 2725 2540 2406 2143 2017 1818 1689 1584 1532 1330 1200 1113 1018 904 854 759 785 635 596 533 487 435 
1 3 21 34 48 71 67 77 89 205 212 269 365 488 692 796 800 936 993 1298 1619 1846 1890 2228 2523 2841 3040 3206 3658 3735 3928 4284 4549 4685 4898 4830 4909 4914 4761 4896 4833 4614 4628 4292 4252 4065 3853 3752 3546 3271 3037 2823 2754 2539 2364 2169 1992 1861 1696 1507 1481 1345 1216 1117 974 919 848 736 635 574 596 492 496 
0 6 10 32 46 68 92 131 161 278 255 416 428 448 695 700 882 1093 1372 1725 1783 1991 2284 2414 2819 3105 3318 3505 3825 4055 4306 4399 4754 4724 4853 5074 4939 5003 4971 4945 4863 4636 4481 4452 4107 3961 3630 3407 3306 3060 2819 2647 2513 2328 2146 1962 1764 1636 1502 1394 1401 1179 1080 959 924 808 683 651 602 506 477 468 
0 6 13 40 51 64 85 92 129 202 287 320 315 353 511 655 791 843 1161 1865 1506 1682 2050 2287 2667 2693 2970 3375 3701 4019 4293 4401 4422 4692 4937 4982 4903 5126 5006 4860 4877 4624 4517 4419 4132 4011 3877 3647 3576 3216 3089 2811 2575 2432 2213 2010 1978 1792 1632 1521 1399 1273 1160 1039 986 898 827 740 704 557 535 507 463 
0 5 21 31 63 66 251 246 294 267 418 460 618 689 884 1057 1207 1307 1508 1777 2165 2412 2763 2984 3083 3392 3687 3861 4330 4484 4706 4703 4804 4796 5000 4748 4924 4918 4853 4600 4638 4467 4096 3988 3847 3615 3367 3097 2928 2799 2448 2390 2182 2012 1919 1677 1634 1485 1381 1289 1093 1038 895 879 763 688 603 594 544 470 449 
0 2 16 24 36 56 63 121 174 244 277 248 382 473 562 722 833 985 969 1016 1371 1684 1943 2158 2354 2682 2902 3094 3621 3663 4148 4173 4485 4625 4682 4784 4928 5005 4933 4901 4943 4783 4651 4377 4342 4152 4028 3726 3703 3378 3178 2944 2659 2519 2429 2194 1952 1823 1751 1529 1441 1314 1211 1161 1019 938 783 746 685 613 576 545 464 
2 3 16 39 62 60 63 69 99 188 317 380 477 498 533 699 893 1029 1211 1583 1642 1899 2156 2412 2618 2853 3213 3422 3661 3746 4245 4438 4389 4515 4826 4793 5050 4779 4829 4911 4836 4648 4454 4345 4230 3976 3621 3494 3514 3225 2957 2769 2535 2472 2307 2055 1928 1814 1630 1521 1423 1276 1191 1051 976 910 799 736 678 616 575 528 514 
0 3 17 28 49 54 70 70 118 186 199 283 277 605 649 670 651 836 1146 1355 1528 1678 1901 2188 2461 2577 3023 3471 3583 3835 4209 4482 4550 4592 4759 4895 5051 5159 5108 4833 4666 4647 4500 4253 4218 4027 3888 3580 3398 3442 3185 2899 2659 2456 2309 2057 1968 1801 1718 1508 1468 1327 1190 1167 1047 934 863 782 678 624 615 474 486 
0 2 19 26 41 52 55 79 98 130 135 197 243 277 305 361 494 798 844 1047 1235 1549 1656 1919 2298 2541 2630 2930 3431 3718 3771 4138 4165 4415 4499 4817 4810 5089 5009 4966 4855 4773 4754 4653 4519 4248 4197 4015 3656 3461 3322 3117 2837 2744 2588 2354 2223 2018 1851 1709 1544 1442 1388 1232 1100 964 930 877 738 707 631 560 535 455 
0 5 16 18 36 50 80 94 118 168 186 247 290 354 454 583 637 790 821 1006 1258 1598 1745 1973 2177 2462 2770 3083 3382 3604 3902 4169 4199 4583 4707 4787 4856 4833 5090 5065 4861 4715 4704 4498 4501 4274 4087 3930 3663 3484 3396 3180 2887 2605 2605 2311 2221 1985 1824 1693 1590 1417 1294 1155 1128 1027 934 857 723 671 608 546 536 498 
0 6 18 42 56 54 70 62 87 93 112 155 276 342 483 439 476 707 891 1274 1368 1292 1675 1817 2038 2195 2652 2801 3072 3512 3592 3874 4142 4373 4665 4726 4840 5001 4937 5106 5002 4933 4777 4633 4488 4314 4115 3965 3851 3597 3518 3191 3025 2779 2588 2498 2274 2087 1945 1751 1637 1442 1374 1203 1086 1028 934 893 817 684 641 608 522 478 442 
0 5 13 39 52 45 61 51 103 154 171 214 462 527 555 510 596 785 1045 1192 1514 1835 1903 2159 2185 2593 2917 3107 3509 3792 3999 4287 4314 4509 4817 4842 5029 4963 4955 4955 4819 4685 4642 4470 4219 4055 3948 3795 3639 3356 3154 3033 2794 2533 2373 2194 2048 1948 1787 1613 1501 1378 1291 1102 1124 915 858 816 696 628 634 544 524 475 
0 8 16 20 35 52 59 79 149 142 219 273 343 367 542 624 908 1194 1054 1328 1568 1666 1876 2089 2388 2626 3079 3290 3425 3732 3992 4174 4413 4534 4664 4884 4758 5026 4985 4867 4845 4723 4717 4476 4378 4025 3981 3818 3630 3392 3144 2903 2658 2518 2378 2162 1949 1823 1678 1579 1466 1295 1218 1082 945 886 892 853 676 645 554 577 432 
0 1 23 56 61 68 62 76 88 134 98 137 150 234 318 491 565 558 528 844 993 1044 1304 1577 1969 2084 2388 2497 3033 3270 3386 3722 3916 4163 4426 4671 4793 4933 5083 4893 4865 4886 4916 4794 4587 4515 4425 4137 3987 3768 3513 3325 3135 3024 2855 2568 2378 2271 2033 1935 1794 1579 1450 1338 1252 1145 978 1004 906 820 765 644 601 544 494 384 
0 7 9 28 28 40 57 56 119 175 160 197 350 423 516 768 929 955 1094 1355 1411 1666 1959 2309 2543 2672 2881 3225 3685 3990 4075 4333 4408 4474 4782 5016 5200 5177 4936 5008 4760 4860 4584 4459 4197 3932 3923 3678 3488 3276 2973 2872 2628 2545 2394 2090 1965 1813 1723 1547 1423 1267 1131 1069 986 941 857 743 678 623 533 552 449 
1 7 8 21 38 83 112 102 197 308 368 364 449 418 492 905 1077 1198 1311 1329 1666 1797 2111 2463 2653 3051 3354 3685 3964 4065 4271 4330 4565 4421 4819 4752 4840 4835 4799 5009 4736 4510 4431 4197 3923 3894 3666 3421 3357 3056 2836 2686 2508 2353 2129 1867 1826 1591 1623 1418 1264 1202 1118 1100 892 859 800 737 706 631 524 527 
0 3 28 38 36 37 51 96 106 134 174 340 311 408 451 679 691 662 1240 1394 1716 1905 2104 2219 2505 2765 3014 3290 3618 3853 3887 4365 4579 4522 4826 4752 5088 5045 4980 5004 4912 4703 4467 4542 4348 4195 4035 3730 3635 3272 3086 2906 2671 2538 2315 2059 1996 1838 1775 1557 1442 1260 1194 1115 992 934 831 770 750 587 542 501 460 
0 5 20 40 39 52 61 105 105 139 166 330 365 414 447 484 633 837 960 1196 1303 1475 1753 2027 2355 2536 2802 3144 3186 3392 3765 3928 4196 4488 4590 4880 4828 4853 4868 4933 4869 4864 4527 4467 4399 4333 4092 4021 3714 3478 3362 3007 2952 2708 2502 2362 2150 1988 1831 1716 1577 1387 1299 1177 1104 963 921 805 776 722 651 597 532 421 
0 7 24 37 61 83 107 102 113 136 173 240 333 387 466 608 788 773 938 1186 1439 1592 1664 1822 2326 2604 2960 3287 3313 3499 3732 4045 4382 4591 4703 4821 4832 5027 4945 4787 4819 4764 4680 4512 4501 4230 4171 3817 3510 3373 3353 3113 2859 2628 2525 2172 2156 1950 1757 1657 1510 1437 1278 1107 1052 966 900 805 768 740 600 552 528 478 
0 4 18 40 32 44 51 69 59 109 120 147 251 621 625 417 543 783 1185 1309 1359 1466 1905 2292 2565 2932 2955 3089 3326 3783 4111 4402 4519 4579 4930 4842 4991 4901 4908 4962 4848 4879 4828 4549 4287 4119 4049 3794 3561 3307 3204 2999 2817 2552 2356 2194 2027 1841 1756 1508 1493 1306 1241 1066 937 960 850 708 675 703 532 484 482 
0 3 37 25 43 66 84 107 179 189 181 297 451 582 588 558 632 855 1155 1197 1630 1837 2018 2161 2569 2838 3043 3347 3634 3810 4211 4446 4584 4724 4724 4810 4886 4829 4966 4883 4793 4659 4738 4476 4135 3955 3855 3700 3605 3263 3013 2802 2603 2438 2263 2124 1954 1888 1790 1581 1362 1292 1153 1078 980 921 796 795 692 616 557 507 478 
0 8 19 35 54 63 75 172 172 137 162 253 279 539 576 832 851 842 1018 1227 1655 1835 1945 2113 2358 2688 2942 3350 3731 3898 4060 4410 4536 4563 4684 4974 5018 4892 4910 4853 4937 4678 4490 4540 4314 3983 3788 3622 3531 3271 3098 2867 2802 2484 2201 2143 1952 1883 1761 1545 1498 1346 1162 1052 1055 898 823 735 673 628 538 511 446 
3 8 31 38 50 42 71 71 99 206 236 276 232 277 398 563 832 899 1047 1155 1492 1600 1749 1971 2159 2612 2827 3107 3404 3640 3991 4380 4477 4413 4562 4766 4953 4849 4913 4867 5065 4663 4773 4564 4354 4216 3954 3763 3619 3485 3203 3192 2827 2583 2446 2219 2150 1894 1773 1601 1515 1382 1274 1183 1162 936 832 867 783 712 589 564 520 478 
0 2 21 44 50 99 138 229 243 296 377 326 527 758 1046 1121 1244 1413 1533 1772 2063 2371 2513 2883 3209 3476 3763 3942 4106 4446 4610 4599 4758 4804 4904 5053 4983 4797 4828 4662 4608 4271 4256 4096 3905 3578 3449 3232 3082 2854 2604 2353 2291 2120 1968 1752 1570 1467 1346 1199 1159 1051 976 808 797 716 694 560 539 514 488 
0 4 23 67 80 93 93 110 166 379 494 577 430 543 646 752 977 1327 1409 1711 1824 2054 2350 2704 3087 3381 3515 3991 4035 4262 4338 4681 4876 4942 4880 5153 5036 5011 5016 4705 4633 4522 4352 4066 3891 3738 3553 3319 3046 2908 2749 2545 2346 2237 1960 1895 1714 1555 1395 1292 1200 1088 1009 912 812 795 696 641 536 494 459 
0 0 13 40 55 62 68 88 112 110 169 223 388 517 460 486 539 708 936 1164 1377 1734 1860 2014 2335 2394 2830 3087 3432 3583 3912 3952 4119 4468 4591 4930 4900 5033 4869 4825 4799 4654 4744 4656 4262 4322 4128 3994 3688 3524 3281 3094 2823 2639 2464 2298 2130 1935 1788 1662 1491 1454 1324 1236 1014 974 877 819 784 711 608 576 519 450 
0 9 20 48 61 57 81 77 116 178 307 514 434 509 589 783 1122 1251 1209 1482 1855 1989 2287 2578 2774 3120 3301 3839 4008 4150 4226 4451 4642 4798 4826 4847 5009 4961 4833 4628 4670 4554 4429 4403 4027 3819 3553 3412 3158 3070 2876 2639 2399 2331 2101 1965 1773 1674 1580 1395 1293 1178 1044 974 924 796 826 677 585 601 507 506 
0 4 18 34 47 55 80 101 116 130 187 255 350 325 389 414 666 764 989 1176 1127 1354 1618 1914 2542 2544 2798 3102 3324 3608 3925 4272 4549 4697 4686 4691 4767 4855 5037 4862 4997 4811 4657 4448 4400 4214 4096 3772 3728 3610 3232 3151 2871 2742 2544 2305 2087 2009 1823 1665 1509 1383 1270 1259 1162 1009 935 810 739 618 563 522 457 441 
0 5 26 31 48 56 72 80 87 121 108 144 257 398 480 536 669 622 782 923 1200 1437 1758 1921 2122 2260 2421 2766 3129 3583 3881 4058 4192 4365 4564 4904 4906 5111 4982 4929 4950 4733 4690 4782 4591 4404 4222 3871 3757 3655 3257 3334 2941 2624 2597 2381 2177 2033 1852 1729 1621 1382 1321 1155 1101 1009 955 849 771 725 651 598 531 539 
0 7 10 25 61 56 50 97 106 160 147 214 225 247 356 473 616 810 929 1165 1433 1541 1586 1999 2264 2634 2724 3019 3289 3637 3903 3987 4268 4400 4853 4825 4865 4795 4758 4891 4698 4692 4610 4521 4455 4327 4033 3937 3735 3499 3410 3239 3005 2705 2557 2339 2166 1988 1909 1675 1532 1439 1307 1219 1111 991 905 783 770 700 648 581 550 488 
0 17 22 36 57 49 123 126 83 103 185 210 344 453 429 609 830 929 1096 1260 1514 1847 1991 2203 2565 2904 3079 3370 3553 3887 4197 4267 4583 4919 4851 4761 4909 4969 4998 4857 4795 4696 4557 4586 4290 3978 3915 3744 3441 3321 3114 2871 2712 2531 2168 2126 1917 1743 1631 1543 1386 1235 1128 1082 932 868 755 721 699 661 526 505 419 
0 8 20 30 62 71 96 110 128 192 183 430 545 726 803 817 1005 1004 1253 1523 1704 1869 2414 2808 2850 3127 3297 3462 3848 4132 4435 4571 4739 4766 4962 4928 4876 4913 4803 4792 4663 4628 4462 4237 4025 3912 3728 3459 3222 3024 2951 2669 2470 2367 2104 1935 1764 1614 1477 1358 1231 1167 1052 975 898 840 727 725 629 594 507 437 
0 2 15 30 75 73 105 110 119 191 267 316 353 458 614 713 897 1182 1393 1362 1595 1929 2099 2211 2453 2821 3112 3503 3640 3887 4307 4282 4566 4746 4790 4834 5004 4887 5026 4904 4804 4571 4445 4414 4124 4025 3819 3707 3392 3256 2954 2732 2568 2355 2220 2109 1851 1764 1615 1494 1364 1254 1174 1070 937 930 834 714 676 609 543 525 426 
0 2 12 36 45 49 64 144 165 170 105 185 335 349 419 438 555 1013 1178 1225 1399 1501 1678 2061 2366 2452 2725 3087 3547 3716 3849 4097 4351 4500 4770 4983 4997 5000 4923 4903 4981 4738 4614 4530 4480 4164 3957 3891 3552 3547 3198 3011 2857 2631 2368 2222 2106 1991 1753 1597 1522 1402 1230 1022 1110 995 913 801 711 596 583 534 486 462 
0 9 32 49 58 67 117 146 201 225 402 487 527 676 975 1276 1212 1348 1600 1841 2198 2440 2636 2824 3235 3592 3792 3966 4056 4528 4640 4877 4837 5034 4959 5053 4917 4878 4664 4684 4433 4253 4068 3881 3925 3709 3378 3049 2884 2753 2541 2478 2341 2004 1925 1831 1585 1455 1289 1331 1117 1024 918 853 788 717 705 594 537 478 417 
0 6 19 32 46 56 66 72 107 131 182 220 324 354 419 533 582 741 946 1214 1464 1735 1902 1966 2166 2498 2845 3087 3331 3693 3845 4056 4352 4364 4572 4669 4847 4893 4918 4941 4690 4733 4604 4552 4448 4224 4106 3808 3692 3418 3369 3163 2904 2696 2447 2283 2131 2070 1818 1665 1559 1459 1308 1224 1080 973 891 797 750 664 604 566 494 451 
0 5 11 37 56 63 56 60 129 173 185 235 271 332 368 485 503 927 994 1215 1320 1424 1504 1833 2223 2515 2759 2963 3085 3366 3909 4160 4310 4580 4709 4713 4705 4925 4955 4853 4814 4890 4915 4783 4375 4280 4068 3950 3648 3407 3251 3129 2888 2721 2408 2309 2215 1998 1878 1654 1567 1448 1308 1184 1101 959 903 890 784 743 656 612 551 515 
0 3 10 21 36 49 48 39 85 77 86 98 248 328 497 640 729 765 982 1286 1394 1716 1830 1986 2310 2760 3045 3239 3435 3690 3946 4106 4369 4542 4747 4746 4930 4877 5015 5079 5007 4933 4706 4589 4489 4194 4001 3937 3619 3530 3143 3050 2821 2611 2452 2285 2088 1919 1736 1665 1476 1367 1253 1154 1052 958 873 789 712 642 581 545 480 479 
0 8 16 31 37 50 91 104 107 106 224 230 300 371 547 613 844 919 1090 1163 1413 1707 1936 2163 2473 2638 2894 3080 3339 3675 4004 4237 4504 4491 4565 4714 4917 4945 4897 4858 4872 4697 4686 4572 4343 4121 3947 3661 3712 3389 3098 2993 2762 2521 2412 2198 2126 1930 1736 1644 1458 1415 1331 1170 1041 972 885 741 722 627 579 535 504 469 
0 7 23 21 34 74 73 114 159 242 365 412 439 546 693 945 1024 1212 1502 1568 1722 1998 2270 2620 2840 3141 3353 3867 4068 4159 4269 4295 4370 4550 4904 4997 5011 4830 4811 4509 4662 4674 4365 4328 3997 3669 3558 3433 3290 3001 2886 2670 2369 2244 2085 1926 1798 1690 1505 1340 1211 1153 1066 963 888 854 781 663 600 572 492 480 
0 5 15 32 34 79 84 112 102 109 145 168 205 261 300 387 532 783 1076 1073 1016 1280 1427 1679 1990 2248 2594 2988 3294 3373 3398 3948 4020 4268 4414 4518 4666 4763 4895 5046 4882 4749 4771 4467 4584 4434 4169 4060 3895 3755 3472 3242 3007 2748 2610 2514 2309 2127 2038 1773 1703 1553 1422 1286 1123 1034 1016 905 834 712 733 609 532 483 436 
1 8 17 38 53 52 71 112 150 202 271 457 527 551 581 649 905 1060 1386 1520 1765 1910 2144 2236 2611 3177 3499 3633 3928 4020 4320 4456 4611 4762 4876 4868 4905 4810 5014 4780 4466 4559 4470 4252 4209 3920 3649 3577 3328 3214 2988 2745 2423 2344 2279 1950 1834 1676 1572 1462 1360 1188 1074 971 907 856 804 696 612 590 556 506 
0 7 23 41 53 48 197 214 259 293 263 355 623 811 738 761 952 1245 1494 1938 2044 2259 2515 2855 3010 3469 3555 3804 3959 4281 4612 4791 4859 5045 4824 4921 5050 4813 4869 4730 4594 4423 4206 3942 3781 3676 3488 3309 3068 2825 2677 2430 2263 2202 2011 1781 1756 1502 1449 1373 1266 1075 1011 944 847 747 719 690 606 533 496 474 
0 5 12 33 58 54 56 79 107 113 145 202 256 319 435 576 783 786 955 1118 1134 1449 1699 2164 2155 2493 2914 3146 3388 3559 3831 3902 4194 4566 4586 4763 4879 4862 4806 4915 4790 4819 4812 4417 4507 4362 4066 3893 3744 3567 3241 3097 2959 2643 2426 2348 2159 1940 1861 1699 1560 1404 1317 1117 1099 1024 943 832 763 688 619 599 533 491 442 
1 7 18 36 40 52 61 88 118 257 247 190 156 244 418 548 607 795 987 1086 1164 1334 1583 1716 2276 2504 2594 2900 3250 3444 3579 3939 4101 4285 4400 4607 4820 4833 4808 4983 4805 4796 4659 4537 4648 4245 4168 4006 3865 3501 3391 3187 2927 2811 2701 2468 2231 2035 1885 1740 1654 1542 1395 1205 1163 1047 953 939 827 712 675 593 504 496 430 
0 2 13 25 42 106 98 84 74 129 153 215 290 390 486 583 826 945 1231 1314 1579 1813 2082 2153 2316 2739 2958 3248 3472 3913 4076 4273 4711 4676 4771 4674 4812 4880 5106 4870 4653 4621 4560 4419 4220 4103 3812 3788 3547 3433 3164 2881 2705 2561 2287 2136 2038 1928 1735 1600 1416 1310 1179 1096 1000 948 850 747 686 571 577 522 442 
1 2 9 21 46 36 55 48 135 185 157 366 465 460 531 713 842 888 1045 1261 1579 1911 2025 2183 2460 2683 3093 3356 3416 3842 4017 4367 4515 4797 4831 4815 5012 4752 4990 4915 4836 4711 4592 4496 4250 4080 3840 3537 3502 3254 2972 2847 2556 2511 2335 2276 2019 1790 1736 1531 1425 1245 1171 1145 971 960 779 803 711 621 569 551 489 
0 2 20 44 51 52 54 98 123 169 253 313 414 501 544 747 904 1113 1129 1192 1634 1856 2275 2560 2714 2958 3321 3659 3781 4216 4308 4607 4658 4764 4783 4891 4890 5073 4942 4802 4653 4474 4425 4347 4077 3924 3720 3570 3336 3073 2966 2783 2659 2314 2194 2036 1879 1722 1632 1406 1404 1276 1072 1020 904 860 778 699 623 566 528 429 
1 2 6 32 39 48 42 112 124 178 205 225 325 439 481 577 763 849 1103 1232 1442 1700 2038 2191 2360 2619 2762 3054 3376 3661 3954 4282 4325 4569 4666 4970 5034 4878 4843 4757 4923 4615 4656 4476 4368 4170 3983 3752 3684 3415 3083 2988 2721 2539 2355 2283 2133 1921 1778 1582 1440 1340 1160 1109 1006 936 902 819 679 666 614 583 495 
0 9 10 46 41 43 84 79 89 111 187 274 287 314 330 419 567 680 763 952 1138 1430 1557 1759 2209 2320 2594 2784 3205 3410 3626 4086 4224 4344 4621 4732 4835 4933 4975 5045 4857 4910 4723 4579 4411 4232 4252 3995 3816 3585 3320 3229 2942 2794 2590 2444 2265 2122 1976 1782 1600 1496 1334 1258 1143 1071 958 851 806 699 646 559 500 501 436 
0 7 17 27 52 44 76 110 142 198 231 290 418 535 771 938 1211 1118 1097 1384 1734 2028 2161 2271 2859 3246 3361 3762 4000 4147 4211 4537 4574 4737 4714 4892 4862 4899 4808 4879 4772 4646 4380 4327 4130 3995 3707 3537 3300 3116 2810 2700 2461 2332 2144 1943 1851 1619 1511 1377 1319 1205 1053 957 914 815 740 727 647 556 493 489 
1 7 25 36 37 37 57 83 90 101 174 253 324 427 370 628 664 697 887 1199 1373 1536 1627 1897 2251 2841 3058 3291 3472 3512 3908 4068 4332 4812 4833 4787 4990 5005 4873 5082 4900 4696 4809 4436 4353 4263 4177 3888 3588 3542 3239 3163 2928 2534 2452 2263 2051 1830 1796 1609 1470 1337 1251 1179 1044 965 871 796 742 645 573 525 495 
0 3 13 29 41 54 60 55 125 167 244 276 224 331 381 434 504 757 1005 1353 1434 1679 2077 2039 2296 2397 2805 3130 3367 3646 3748 4114 4393 4625 4750 4714 4824 4983 4931 4926 4801 4736 4815 4580 4496 4289 4013 3756 3530 3351 3187 2975 2741 2663 2436 2268 2153 1935 1768 1569 1489 1470 1277 1195 1113 955 876 852 785 706 644 594 499 481 
