0 5 18 29 50 86 85 86 85 133 131 230 302 386 478 525 658 904 1176 1367 1567 1764 1925 2060 2304 2942 3229 3458 3612 3947 4155 4356 4561 4784 4815 4960 5077 5241 5110 4998 4977 4904 4745 4519 4351 4197 3887 3895 3543 3352 3249 3001 2766 2672 2388 2255 2116 1849 1817 1568 1411 1307 1237 1106 996 910 860 801 696 626 532 451 499 422 336 325 311 265 301 228 217 219 199 180 135 87 118 105 101 83 87 79 56 68 60 56 55 55 26 43 29 32 20 24 18 29 12 13 8 10 11 11 3 11 10 5 6 4 4 5 2 4 2 0 2 3 6 3 0 0 3 1 3 0 0 1 1 1 2 1 1 1 1 0 0 0 0 1 0 1 0 0 0 0 0 0 0 0 0 0 0 0 
0 4 18 36 87 87 129 163 215 322 330 426 503 708 890 1146 1236 1306 1641 1911 2226 2445 2622 2792 3046 3334 3893 4234 4364 4440 4493 4651 5100 5132 5037 5111 5085 4917 4977 4875 4659 4450 4283 4036 3742 3682 3426 3233 2996 2727 2700 2467 2335 2235 1907 1803 1631 1545 1380 1250 1117 1056 962 866 787 778 694 640 545 522 470 414 398 299 319 303 259 244 199 246 171 151 152 171 109 118 85 97 76 87 73 74 55 37 54 34 37 34 25 24 21 30 18 18 11 16 9 13 10 6 9 6 6 6 6 5 5 6 8 3 1 3 1 3 1 3 1 0 4 0 1 0 0 0 1 0 0 0 0 1 0 0 0 0 0 0 0 0 0 0 
0 7 21 63 61 119 145 135 136 165 310 413 406 577 626 738 922 1095 1300 1511 1834 2111 2259 2565 2911 3212 3571 3484 3738 3841 4350 4601 4773 5091 5066 4893 5091 5131 5069 4845 4867 4767 4513 4239 4227 3955 3839 3521 3366 3129 2904 2621 2440 2314 2080 1952 1780 1700 1557 1389 1311 1253 1080 1040 917 827 780 667 594 571 519 511 417 384 374 354 279 262 237 237 216 196 167 152 139 140 109 93 99 79 63 86 60 52 55 44 40 31 29 35 33 19 31 28 24 14 18 16 5 12 13 15 8 8 16 7 5 0 6 4 6 4 0 3 2 0 1 1 3 1 3 2 0 0 1 0 1 0 0 1 2 0 0 0 0 0 0 0 0 0 0 0 0 0 
0 4 20 42 59 74 82 105 99 189 202 316 418 465 524 825 872 1162 1317 1476 1712 1888 2204 2378 2725 3037 3271 3460 3788 3954 4235 4637 4892 4903 4893 4883 5132 5049 5155 5013 4852 4693 4666 4373 4267 3998 3888 3563 3432 3187 3047 2822 2604 2376 2249 2062 1872 1720 1621 1474 1375 1254 1131 1013 940 842 771 711 632 580 556 465 460 400 347 309 282 303 271 220 198 171 168 146 123 125 108 96 89 81 74 93 70 54 51 51 36 41 31 34 38 34 14 21 18 18 12 16 16 14 7 10 7 11 11 6 6 10 6 2 5 2 0 1 4 4 1 0 2 1 0 2 0 0 1 0 0 0 0 0 0 0 0 0 0 0 0 0 0 
0 5 14 28 60 39 54 85 91 116 138 140 187 397 436 530 575 709 875 924 1146 1346 1730 1919 2068 2765 2948 3021 3162 3645 3849 4014 4373 4479 4798 4797 4875 4906 5104 5037 4940 4882 4878 4746 4541 4343 4217 4068 3991 3681 3403 3337 3011 2780 2595 2353 2225 2059 1826 1823 1680 1530 1361 1277 1101 1027 905 885 813 751 636 568 553 499 454 387 397 375 301 276 284 229 225 180 186 145 143 134 117 106 99 96 101 92 70 64 54 42 47 38 52 40 30 29 29 23 21 15 20 14 16 16 7 7 9 4 2 8 8 3 8 7 4 2 4 0 6 3 2 3 0 3 2 0 2 2 0 0 0 0 0 1 1 0 0 0 0 0 0 0 0 0 0 0 0 0 0 1 0 0 0 0 
0 4 18 20 38 44 57 86 121 121 133 127 152 182 266 300 410 640 826 1036 1135 1309 1457 1689 1902 2013 2346 2511 2804 3306 3423 3574 4104 4388 4731 4775 4738 4882 5035 5125 5138 5102 4862 4949 4738 4652 4332 4206 4317 4048 3745 3507 3157 3065 2756 2636 2434 2274 2011 1850 1679 1603 1411 1319 1228 1080 1049 943 839 781 654 660 544 529 500 418 388 348 314 304 269 201 225 203 157 158 157 142 122 119 94 108 76 78 59 59 72 47 54 51 46 35 33 24 25 34 24 20 26 16 15 11 15 7 9 11 10 6 9 12 4 1 6 3 4 3 0 0 2 5 0 1 3 2 0 5 1 2 0 1 1 2 1 1 0 0 0 0 0 0 0 0 1 0 0 1 0 0 0 0 0 
0 0 17 33 40 46 42 56 57 226 242 258 383 380 307 394 613 793 920 1137 1337 1551 1782 2178 2309 2588 2813 3150 3327 3600 3914 4221 4428 4552 4703 4917 5075 5085 5126 5091 4981 4952 4747 4807 4605 4463 4210 3965 3675 3566 3279 3136 2949 2693 2597 2295 2136 1997 1780 1660 1582 1420 1283 1168 1039 940 890 811 716 657 573 540 492 466 412 369 323 295 280 256 208 214 216 173 155 134 136 118 118 91 92 71 65 63 62 48 51 36 26 32 28 21 26 27 27 18 9 15 12 19 14 10 6 20 4 10 9 6 7 4 7 7 6 8 3 1 3 2 4 3 2 1 1 1 1 2 2 1 0 0 1 0 1 0 0 0 1 0 0 0 0 0 0 0 0 0 0 0 0 0 0 
0 4 19 37 55 33 64 64 90 119 139 203 272 426 535 728 808 860 1191 1310 1471 1649 1859 2128 2520 2748 3015 3398 3684 3898 4182 4419 4719 4916 4930 4921 5102 5013 4959 4932 4900 4796 4566 4477 4499 4202 4257 3769 3632 3335 3218 2994 2778 2515 2456 2234 2073 1849 1777 1644 1418 1332 1220 1118 1004 923 817 767 720 626 555 504 489 405 367 351 350 297 262 211 221 197 180 157 125 131 120 100 106 91 81 85 73 56 58 32 41 34 48 30 27 19 25 25 24 22 17 15 13 13 12 13 12 10 9 8 5 13 8 4 5 4 6 2 3 2 3 2 4 2 3 0 1 3 1 5 2 4 0 0 1 1 0 3 2 1 0 0 0 0 0 1 0 0 0 0 0 0 0 0 2 0 0 0 0 0 0 0 0 0 0 
0 10 22 37 33 111 105 137 168 146 220 282 362 404 444 671 840 1006 1210 1432 1462 1644 2130 2361 2802 2887 3020 3415 3594 3794 4155 4484 4773 5010 5019 5013 5081 5223 5319 5082 4924 4901 4705 4482 4404 4126 3890 3664 3597 3334 3005 2935 2675 2503 2351 2211 2003 1721 1714 1531 1325 1288 1158 1062 965 876 797 760 693 579 583 505 431 391 360 293 280 281 246 242 188 198 157 151 145 115 135 110 111 95 76 67 64 56 45 53 39 47 25 34 25 25 25 27 22 13 8 13 11 9 9 8 4 11 10 5 3 4 8 4 2 2 4 3 2 1 2 2 1 1 1 0 1 1 0 1 0 0 1 0 0 0 0 0 0 0 0 0 0 0 0 
4 8 71 83 89 74 107 125 154 202 223 324 394 581 681 845 921 1044 1567 1703 1745 2093 2416 2470 2815 3220 3464 3821 4071 4352 4405 4617 4802 4925 5232 5362 5167 5020 5044 4988 4762 4587 4629 4279 4156 3934 3810 3525 3403 3047 2947 2689 2465 2327 2147 1922 1757 1604 1421 1395 1276 1123 994 976 825 812 734 630 586 555 516 420 404 370 337 306 238 259 218 219 189 180 157 127 131 105 105 73 90 73 73 55 42 45 43 40 39 39 29 31 32 32 13 21 19 25 18 25 17 11 12 12 6 10 7 9 6 4 3 7 7 5 3 2 3 6 3 2 0 2 3 2 1 0 1 2 0 0 0 0 0 1 0 0 0 0 0 0 
0 8 28 42 83 93 98 90 145 179 310 291 446 496 563 891 1085 1188 1322 1598 1699 2085 2462 2725 2947 3301 3436 3712 4069 4368 4501 4650 4839 4950 4867 5124 5063 5071 5066 4858 4742 4644 4583 4342 4053 3928 3713 3550 3394 3144 2781 2635 2473 2319 2105 1962 1775 1659 1421 1343 1267 1137 1006 927 861 746 727 652 636 547 517 456 397 379 351 300 294 252 233 205 197 170 175 137 129 130 127 98 102 94 69 70 63 45 45 50 41 39 36 36 27 37 21 26 30 16 11 9 16 15 11 9 7 12 12 15 9 12 6 5 2 8 3 5 5 5 1 5 3 5 5 3 4 3 5 2 3 4 0 2 2 0 0 0 3 1 0 0 0 0 0 0 0 0 0 0 0 0 0 0 
0 5 11 19 64 55 60 83 120 133 161 203 419 450 536 547 650 754 1134 1282 1697 1692 1811 2247 2477 2846 2971 3311 3530 4064 4017 4511 4708 4619 4817 4950 5067 5224 4986 4997 5026 4810 4842 4688 4306 4281 4037 3913 3517 3361 3221 3011 2747 2634 2305 2128 1997 1881 1758 1601 1448 1317 1167 1098 1012 919 874 788 696 612 604 525 477 432 390 388 293 282 251 208 226 215 189 135 154 133 112 114 93 102 79 75 71 81 55 52 37 31 43 32 32 40 21 27 24 18 21 21 9 13 11 12 7 9 6 7 7 5 14 7 6 3 2 6 1 3 4 3 0 1 4 4 0 2 1 0 0 3 1 0 0 0 0 1 0 1 1 0 0 0 0 0 1 0 0 0 0 0 0 0 0 0 0 
0 4 27 27 51 51 83 75 154 231 277 298 400 614 858 871 797 1043 1293 1526 1812 2014 2243 2495 2744 2969 3175 3411 3975 4215 4346 4628 4883 4863 4910 5064 5105 5101 5036 4839 4786 4756 4478 4390 4287 3985 3876 3580 3443 3089 2901 2803 2565 2409 2269 1973 1859 1685 1566 1456 1293 1225 1064 961 890 815 779 671 545 571 484 511 419 387 354 358 287 267 236 222 206 171 165 155 140 135 121 95 98 73 74 96 65 59 47 50 34 45 34 52 19 24 28 27 24 21 17 12 18 14 10 10 6 16 10 8 10 5 5 2 1 2 3 1 4 1 4 3 0 2 2 1 2 2 2 1 1 3 1 0 0 0 0 1 0 2 0 0 0 0 0 0 0 1 1 1 0 1 0 0 0 0 0 0 0 0 0 
0 6 12 38 56 56 70 62 118 190 247 277 381 412 418 532 603 847 1312 1348 1421 1509 1825 2245 2574 2645 2867 3342 3661 3789 4002 4082 4514 4756 4812 4914 4957 4922 5148 5004 4946 4746 4592 4564 4398 4371 4136 3967 3682 3517 3173 2966 2875 2696 2534 2294 2076 1897 1749 1692 1496 1370 1213 1100 1062 933 881 835 703 666 621 534 512 460 407 369 344 302 288 233 241 206 181 183 167 130 137 108 109 82 82 69 78 69 43 51 43 44 42 40 26 30 25 19 21 19 19 14 11 14 14 11 6 14 11 6 5 5 7 5 2 6 3 2 4 2 3 1 0 3 1 0 2 0 1 1 1 1 2 0 0 0 1 0 0 0 0 0 0 0 0 0 0 0 
0 6 17 23 57 67 63 80 180 298 317 480 607 697 800 855 1054 1393 1728 1814 2014 2116 2361 2723 3061 3324 3447 3686 3994 4375 4489 4739 4919 4820 4865 5181 5012 5186 4993 4722 4714 4454 4355 4142 4021 3919 3648 3492 3166 3028 2788 2518 2400 2173 2041 1933 1728 1646 1459 1405 1209 1132 1066 1000 842 784 722 695 639 532 480 396 383 405 334 315 304 251 204 212 197 178 135 111 113 126 127 82 96 76 71 64 67 44 43 46 33 43 37 31 24 26 20 20 18 12 19 19 11 11 11 9 8 6 8 7 4 4 3 2 4 5 2 0 3 1 0 2 2 2 1 1 3 0 0 0 3 0 0 0 0 0 0 0 0 1 0 0 0 0 0 0 0 
1 7 13 14 36 51 62 68 89 148 267 194 218 267 360 533 775 1008 1115 1301 1660 1768 2016 2041 2363 2685 3220 3442 3472 3880 4152 4288 4366 4568 4651 4807 4840 5056 5378 5103 4844 4928 4722 4593 4489 4229 4089 3913 3686 3418 3191 3013 2792 2673 2453 2192 2116 1915 1655 1634 1448 1385 1269 1102 1053 970 873 794 749 654 570 580 498 455 395 369 347 311 286 246 214 190 185 155 163 157 112 127 119 96 76 76 88 55 56 48 33 48 36 32 26 35 21 20 22 18 15 17 11 12 11 8 11 13 4 7 7 6 3 4 6 4 3 3 4 3 1 1 3 0 1 0 0 0 1 2 1 0 1 0 0 1 0 1 1 0 1 0 0 0 0 0 0 0 0 0 0 0 0 0 0 0 1 0 0 0 0 0 0 0 1 0 0 0 0 
0 8 12 24 38 67 71 86 98 109 142 195 367 389 366 624 763 947 1153 1167 1365 1623 1830 2165 2465 2540 2960 3230 3421 3572 4068 4263 4443 4833 5024 5106 5001 5127 4981 5129 5032 5022 4808 4572 4461 4177 3974 3845 3595 3425 3292 2987 2816 2635 2473 2283 2040 1938 1756 1646 1540 1329 1296 1138 1019 987 842 836 770 665 599 525 542 486 394 378 327 298 260 243 229 210 182 169 160 150 132 122 113 105 95 93 77 94 70 49 54 42 45 51 28 19 24 28 25 22 12 16 16 5 16 9 15 14 14 5 11 8 5 4 6 4 0 3 4 3 3 3 1 3 2 1 2 1 2 3 0 1 0 1 0 0 0 1 1 0 0 0 0 4 0 1 0 0 0 0 0 1 0 0 0 0 0 2 2 0 0 0 0 1 1 0 1 1 0 1 0 0 0 0 0 0 0 0 0 0 0 0 0 0 
1 15 24 33 53 57 65 56 66 73 114 129 239 342 429 467 504 501 757 850 1195 1421 1656 1787 2049 2283 2480 2749 3123 3419 3695 3972 4238 4520 4499 4615 4769 4873 4937 4843 5157 5022 4752 4758 4622 4458 4293 4078 3985 3727 3555 3481 3247 2951 2736 2530 2380 2224 1973 1938 1733 1671 1511 1369 1219 1156 990 951 854 750 691 576 587 569 511 423 420 338 292 311 273 229 214 189 188 141 164 146 130 133 108 102 91 79 66 51 52 57 48 54 47 31 29 21 24 20 15 23 24 8 11 9 11 12 8 14 9 14 6 6 8 6 5 2 3 7 4 4 2 7 4 3 0 1 4 1 1 2 1 1 0 0 0 0 0 1 0 0 0 0 1 1 0 0 0 
0 12 10 28 51 59 79 90 252 297 358 523 590 550 629 941 1222 1394 1553 1918 1979 2088 2582 2656 3098 3257 3594 3840 4056 4342 4519 4808 4877 4930 5227 5052 5234 4987 4975 4897 4785 4521 4329 4198 4049 3669 3486 3561 3267 3001 2770 2608 2374 2165 1989 1841 1714 1608 1427 1267 1294 1087 971 910 792 775 706 661 572 487 474 408 379 364 325 272 252 240 207 203 184 182 132 117 107 115 78 87 90 80 79 69 55 51 49 53 47 44 31 29 22 24 26 30 21 10 12 13 10 15 11 14 8 5 12 7 6 6 3 6 2 4 2 5 2 6 0 0 2 0 1 1 0 0 0 0 0 0 1 0 0 0 0 1 0 0 1 1 0 0 0 0 0 1 0 0 0 
0 1 12 25 33 58 46 58 85 117 214 326 319 335 341 599 738 931 942 1058 1402 1553 1981 2391 2648 2737 2916 3183 3546 3743 4078 4390 4415 4630 4772 4879 5030 4965 5004 4914 4788 4820 4904 4743 4524 4340 4016 3823 3735 3518 3231 3086 2820 2720 2413 2327 2108 1963 1766 1651 1505 1419 1293 1224 1097 951 848 787 725 661 675 536 460 465 408 335 344 305 256 259 222 175 180 163 165 157 132 119 108 104 81 85 74 58 59 55 65 43 49 46 23 14 21 16 16 22 18 17 13 13 10 5 7 9 6 5 5 7 2 4 0 8 5 6 4 2 2 1 1 1 3 1 5 1 1 0 0 0 2 2 1 1 1 1 0 2 1 0 1 0 0 0 1 0 0 1 0 0 1 1 0 0 1 0 0 0 0 0 0 0 0 0 0 0 0 0 0 0 0 0 0 0 0 0 
0 4 24 46 50 65 71 84 124 155 159 227 348 430 578 632 680 794 1107 1421 1481 1701 1863 2261 2578 2962 3148 3441 3602 3880 4059 4470 4707 4823 4889 5064 4980 5269 5168 5128 4814 4690 4689 4622 4410 4236 3903 3660 3417 3373 3096 2884 2752 2493 2340 2193 2096 1859 1647 1566 1386 1225 1161 1050 1008 893 795 736 695 604 578 578 428 439 397 347 323 322 251 222 210 197 190 156 138 141 142 135 103 82 69 71 61 53 51 56 38 42 40 33 33 20 17 23 19 15 20 17 9 16 17 14 10 11 10 2 2 3 6 6 2 2 0 2 4 0 3 1 3 0 0 0 0 0 2 0 1 0 1 0 0 0 1 0 0 0 0 
0 2 29 35 44 63 81 83 129 188 186 367 412 593 678 831 804 970 1200 1377 1779 1942 2107 2318 2599 2936 3202 3536 3936 3990 4297 4545 4692 4963 5021 5198 5118 5250 5126 4846 4629 4673 4665 4514 4313 4167 3868 3656 3462 3125 2911 2636 2527 2544 2250 2020 1823 1660 1549 1431 1397 1206 1214 1072 916 848 779 680 686 639 530 507 412 420 372 351 314 262 258 250 200 197 177 156 128 111 119 128 111 103 83 86 83 55 66 39 63 51 44 47 26 40 30 20 24 31 26 17 10 19 7 16 17 12 9 5 16 12 1 9 10 5 3 6 4 8 4 4 6 2 3 1 0 3 0 1 5 1 3 2 3 2 2 0 0 0 0 1 0 1 1 1 1 0 0 0 0 0 1 0 0 0 0 0 0 0 0 0 
0 8 43 53 58 78 101 103 243 261 261 323 519 732 850 998 1070 1302 1679 1977 2162 2280 2497 2755 3278 3574 3667 3762 4035 4476 4612 4906 5061 5031 5124 5178 5332 5004 4997 4827 4772 4607 4411 4124 4043 3671 3579 3278 3051 2932 2672 2503 2310 2203 2000 1812 1681 1535 1387 1217 1169 1078 944 847 790 750 691 628 526 491 455 379 358 339 319 308 245 247 189 197 163 141 148 121 139 124 88 98 79 67 59 62 49 55 49 56 38 42 27 22 24 28 21 25 25 10 12 12 7 8 10 7 5 10 8 8 5 3 5 2 3 6 2 2 2 5 1 2 1 1 0 0 0 0 0 1 1 1 0 0 0 0 1 0 0 0 0 
0 3 15 40 47 68 70 85 201 245 328 422 548 533 639 833 1119 1154 1313 1665 1897 2062 2330 2510 2812 3122 3643 3809 4136 4329 4389 4435 4681 4885 4954 5053 5088 4983 4943 4972 4794 4590 4394 4380 4075 3944 3717 3378 3260 3040 2661 2632 2456 2262 2206 1916 1877 1620 1546 1421 1303 1142 1099 962 908 807 690 744 617 510 492 429 450 387 373 322 269 268 228 224 205 198 177 149 124 95 111 90 87 79 62 58 62 53 50 43 45 40 30 22 30 31 21 29 19 23 13 20 15 13 8 6 8 11 10 11 3 5 4 5 5 3 4 3 2 0 2 1 3 2 2 0 0 1 0 0 1 0 1 0 0 0 0 0 1 0 3 1 0 0 
0 4 15 21 35 47 50 73 74 96 110 204 237 328 445 744 833 735 877 1062 1486 2002 1945 1897 2189 2702 2893 3181 3332 3539 4058 4269 4653 4834 4609 4847 5072 5132 5072 4919 5108 4966 4766 4710 4573 4364 4035 3892 3644 3488 3316 3114 2864 2653 2438 2243 2113 2026 1797 1708 1536 1404 1289 1146 1010 1023 871 781 695 646 540 523 505 438 389 358 311 279 242 230 219 214 190 166 174 136 115 114 102 96 81 84 60 59 51 59 57 40 54 36 29 19 30 15 29 17 15 15 13 17 16 9 10 9 11 3 6 5 4 3 9 8 2 5 8 1 4 1 2 2 3 2 0 1 2 1 0 0 2 1 0 0 1 1 0 1 0 0 0 0 1 0 0 0 0 0 0 
0 9 25 32 43 54 123 172 185 198 230 215 264 453 536 930 987 899 1131 1276 1707 1979 2022 2452 2967 2897 3343 3823 3844 4236 4330 4446 4478 4832 4958 5069 5154 5063 5169 4918 4863 4795 4606 4339 4134 4046 3922 3649 3521 3276 3019 2781 2561 2531 2217 2077 1846 1775 1636 1483 1412 1217 1161 1065 978 860 756 728 636 607 539 473 430 413 328 349 334 288 259 217 190 199 166 165 129 114 113 103 105 107 84 72 78 65 62 47 55 52 31 30 40 33 24 19 18 24 14 12 12 17 11 13 12 6 10 6 11 8 5 4 10 4 5 2 3 0 2 3 2 1 1 1 2 1 3 5 0 1 2 1 1 2 1 0 0 1 0 0 1 0 0 0 1 0 0 1 1 0 0 0 0 0 0 0 0 0 0 0 0 0 0 0 
0 11 18 56 57 82 119 151 187 336 564 588 563 819 1099 1241 1201 1540 1725 1837 2050 2457 2962 3107 3358 3635 3769 4153 4479 4516 4821 4855 5002 5096 4945 5243 5106 5050 4764 4646 4475 4435 4211 3954 3837 3500 3320 3048 2946 2721 2593 2453 2212 2001 1856 1705 1509 1461 1302 1225 1134 987 890 813 754 714 618 609 525 465 474 384 340 271 275 231 234 212 202 195 155 162 133 126 109 89 85 81 57 67 67 47 48 38 39 35 38 33 20 12 17 23 17 17 23 11 17 11 15 12 7 4 10 7 7 2 9 10 5 1 0 2 3 3 1 2 1 1 1 1 0 1 1 2 2 2 0 0 1 0 0 1 2 0 0 1 0 0 1 0 0 0 0 0 0 0 0 0 0 0 0 
0 6 11 23 41 227 285 325 323 267 386 646 877 1292 1291 1143 1385 1618 2026 2210 2670 2833 3179 3499 3556 3996 4124 4270 4502 4750 4853 5067 5061 5099 5140 5009 5054 4905 4781 4611 4369 4107 4061 3858 3628 3352 3060 3064 2748 2567 2342 2119 2071 1846 1705 1520 1497 1297 1203 1134 1004 906 838 735 688 613 558 502 469 402 357 360 320 291 277 213 194 203 163 175 129 115 137 101 120 91 95 74 51 62 51 49 46 39 44 24 25 27 19 22 18 21 22 18 11 17 7 17 17 11 15 6 5 7 5 9 7 5 4 7 3 3 9 1 4 2 1 4 0 0 0 0 1 0 1 1 0 0 0 0 0 0 0 0 0 0 0 0 
2 2 16 19 58 87 86 74 160 243 256 236 233 376 433 705 830 817 1027 1280 1559 1897 1967 2049 2218 2663 2932 3482 3760 3840 4224 4450 4521 4758 4877 5120 5125 5195 5124 5071 4939 4828 4814 4529 4412 4235 4055 3828 3682 3476 3179 3027 2691 2565 2288 2183 1997 1797 1702 1565 1460 1259 1164 1118 1024 852 795 759 693 611 563 488 425 430 359 356 323 296 259 246 223 206 167 193 130 146 117 108 107 87 83 77 70 66 51 61 39 40 36 51 22 28 22 25 23 21 22 24 12 7 6 5 3 10 9 5 4 4 6 3 0 5 4 6 3 1 5 4 0 0 1 1 0 0 1 2 0 0 0 0 0 0 0 1 0 0 0 0 0 0 0 0 0 0 0 0 0 
1 6 25 34 40 53 65 63 57 95 128 252 327 387 409 466 598 723 980 1155 1420 1663 1841 1990 2286 2692 2749 2969 3472 3773 3973 4239 4414 4406 4784 4952 5087 5094 5216 5095 4941 4827 4729 4729 4461 4289 4130 3963 3697 3679 3198 3203 2843 2606 2575 2361 2181 2008 1768 1601 1493 1372 1325 1213 1066 982 897 804 704 649 559 573 494 463 425 419 384 327 289 244 234 240 214 184 142 145 148 127 120 111 94 107 92 88 65 53 60 44 35 49 34 25 44 26 29 27 24 16 15 17 17 18 7 9 12 12 9 10 10 11 2 3 5 5 5 7 2 0 4 2 4 4 3 5 1 1 0 1 3 2 0 1 2 0 4 2 1 1 1 0 0 0 1 0 3 2 0 0 0 1 2 0 0 0 0 0 0 0 0 0 0 0 0 0 0 0 0 0 0 
0 3 22 29 45 49 59 81 93 204 262 317 356 400 495 880 1196 1272 1361 1379 1697 1966 2287 2512 2754 3013 3273 3533 3859 4147 4315 4625 4734 5030 5057 5052 4854 5042 5090 5041 4885 4836 4516 4381 4140 4008 3846 3643 3414 3161 2944 2769 2538 2330 2217 2034 1902 1679 1514 1490 1413 1208 1121 981 918 799 722 744 582 572 509 450 457 361 359 297 291 266 262 226 203 186 137 148 136 101 135 112 100 84 70 57 60 61 52 55 40 42 21 40 27 25 30 26 24 15 20 16 9 9 11 10 15 13 9 6 9 2 5 4 2 4 6 3 1 1 3 1 1 1 1 1 0 2 0 1 1 1 1 1 2 1 1 1 0 1 2 0 0 0 0 0 0 0 0 0 0 0 0 0 0 0 1 0 
0 3 19 31 53 62 68 97 160 148 153 185 424 513 542 477 817 962 1108 1316 1556 1637 1988 2408 2422 2686 3034 3278 3448 3680 4106 4492 4544 4626 4669 4891 5131 5092 5066 5057 5012 4947 4655 4554 4457 4234 4047 3730 3547 3402 3259 3008 2803 2562 2411 2147 2057 1865 1738 1584 1383 1298 1270 1083 1030 929 822 806 687 660 552 502 489 430 419 376 334 263 252 240 197 223 213 172 178 149 120 116 107 107 100 89 84 52 54 46 39 50 30 34 36 32 27 30 23 18 12 23 27 11 7 11 10 11 5 7 7 2 4 4 6 3 4 2 5 6 1 6 3 5 1 1 4 3 0 1 0 0 1 0 1 0 0 0 0 0 0 0 3 0 0 1 0 0 0 1 0 0 0 1 0 0 0 0 0 0 0 0 0 0 0 0 0 0 0 0 0 0 0 0 
0 8 22 41 75 87 106 107 94 131 252 323 273 289 521 709 857 878 1043 1314 1672 1885 2148 2261 2605 2818 3122 3398 3677 4121 4230 4450 4563 4857 4954 5078 5006 5065 5081 5120 5064 4810 4627 4406 4305 4118 3962 3609 3529 3296 3144 2915 2742 2529 2238 2061 2007 1787 1661 1510 1491 1237 1159 1066 1025 864 807 793 711 599 506 481 443 426 404 329 334 285 263 250 228 202 209 165 128 139 117 113 112 88 94 91 80 70 58 50 43 32 44 29 39 33 26 26 21 19 19 19 18 14 12 9 12 8 10 14 10 4 4 5 2 3 3 4 3 2 1 5 1 2 3 0 0 1 0 1 0 0 0 0 1 0 0 0 0 0 0 0 0 0 0 0 0 0 0 0 
2 10 14 31 33 53 88 107 210 231 316 332 333 460 617 738 792 985 1167 1596 1983 1937 2127 2380 2691 2924 3282 3755 3858 4272 4315 4519 4723 4929 5062 5170 5201 5057 5041 5026 4889 4756 4648 4382 4259 4112 3713 3641 3340 3236 3076 2809 2517 2322 2222 2064 1871 1754 1621 1431 1330 1164 1181 961 903 813 751 648 632 566 500 457 411 366 348 321 281 253 229 240 197 177 152 137 131 99 132 92 73 73 91 67 60 49 50 50 32 42 44 37 35 29 28 21 19 15 19 14 17 7 15 10 5 5 5 6 6 5 4 1 2 8 1 4 1 1 1 3 5 0 0 1 0 2 0 3 0 1 0 1 1 2 2 0 0 0 1 0 0 0 0 0 0 
1 5 19 34 37 56 53 143 167 187 245 186 377 518 788 973 938 1120 1517 1830 2001 2109 2293 2757 2977 3263 3563 3639 3986 4223 4595 4756 4925 4828 5110 5024 5127 5248 4845 4850 4810 4607 4525 4339 4121 3991 3704 3494 3156 3076 2860 2636 2345 2337 2030 1983 1731 1604 1461 1338 1173 1149 1020 955 898 745 728 644 614 545 464 427 401 377 332 277 275 250 223 186 178 165 151 129 123 119 117 98 76 70 60 54 50 55 45 23 37 31 22 29 13 20 16 8 13 22 12 10 13 6 12 8 5 3 6 2 8 4 4 4 3 3 1 1 1 0 2 0 0 2 1 1 2 0 0 2 2 1 1 0 0 0 1 0 0 0 1 0 0 0 0 0 0 0 
3 8 38 50 38 82 107 112 114 155 170 188 405 317 389 434 631 1059 1126 1225 1480 1672 1903 2242 2620 2849 2987 3267 3440 3644 4177 4448 4511 4614 4897 5065 5018 5024 5063 5139 5033 4813 4661 4586 4431 4209 4193 3870 3658 3485 3152 2882 2842 2566 2353 2249 1982 1880 1790 1574 1503 1320 1262 1136 1087 900 842 711 680 610 601 526 501 463 400 365 306 301 273 232 221 206 176 170 164 148 110 112 105 111 99 71 76 64 62 57 53 46 44 30 35 24 24 29 24 23 19 11 18 11 10 22 13 7 7 5 7 8 5 4 7 3 4 2 2 1 1 1 8 4 1 1 2 1 2 4 4 2 0 2 1 1 0 0 1 0 0 1 0 0 0 0 0 1 2 1 0 0 0 0 0 0 0 0 0 0 0 0 0 0 
0 1 15 28 39 61 62 76 82 209 207 186 424 540 666 642 739 811 1145 1485 1847 2085 2003 2189 2342 2839 3051 3350 3555 3769 4333 4575 4499 4723 5040 5212 5080 5103 4856 4947 4867 4802 4637 4621 4478 4180 3973 3799 3538 3403 3191 2883 2669 2577 2303 2173 2103 1840 1716 1535 1432 1299 1244 1074 965 878 862 762 684 608 612 507 478 428 361 326 312 281 245 223 218 218 168 164 141 135 105 97 96 99 73 87 60 59 61 49 32 33 38 31 32 13 21 25 24 17 10 19 8 11 16 13 9 8 12 7 7 1 7 8 4 5 4 2 3 1 2 1 0 1 1 0 0 1 0 0 1 0 1 1 0 0 0 0 0 0 0 0 0 0 0 0 0 0 0 0 
0 8 33 36 55 70 164 199 211 220 280 341 557 605 842 903 1102 1126 1419 1748 1869 2091 2349 2667 2925 3311 3609 3754 3930 4168 4458 4688 4922 5063 5015 5004 5136 4994 4875 4949 4881 4710 4405 4175 4134 3823 3662 3482 3138 2926 2900 2646 2362 2241 2052 1965 1674 1653 1511 1312 1228 1216 962 907 876 792 709 649 559 534 496 476 410 372 319 300 286 228 227 242 206 171 183 127 113 117 101 92 91 72 69 80 73 61 52 57 40 34 44 28 33 22 29 18 22 12 17 9 15 12 12 10 13 6 5 6 9 6 5 6 5 3 3 3 2 5 3 2 2 2 0 7 2 1 3 1 0 1 0 1 0 0 1 0 0 1 0 0 0 3 0 0 0 0 0 0 0 0 1 0 0 0 0 0 0 0 0 0 0 0 
0 9 19 37 40 50 85 94 112 166 236 284 287 335 358 694 754 791 934 1324 1437 1595 1728 2056 2250 2647 2832 3036 3325 3817 4001 4300 4493 4631 4799 4790 4986 4994 5180 5096 5121 4995 4801 4728 4487 4176 4152 3915 3678 3522 3330 3017 2804 2665 2460 2297 2047 1951 1903 1626 1585 1419 1250 1188 1024 926 872 810 736 685 605 569 524 461 440 413 343 321 279 243 244 233 231 173 147 149 139 116 124 105 84 87 59 68 54 37 45 43 48 28 34 22 34 24 20 14 19 19 13 19 7 7 9 13 4 7 9 9 4 5 2 2 1 4 1 1 1 1 3 0 2 1 1 4 0 2 1 0 0 1 0 2 0 0 0 0 0 0 0 0 0 0 0 0 
0 6 18 37 83 79 69 93 136 439 428 358 566 642 794 1187 1238 1490 1515 1832 2131 2276 2656 3005 3133 3464 3705 4130 4331 4690 4802 4916 5005 5043 5129 5134 5041 4973 4899 4852 4688 4526 4266 4103 3850 3642 3620 3307 2930 2837 2693 2410 2279 2099 1953 1688 1698 1480 1366 1209 1120 1053 949 863 751 741 653 602 581 476 472 413 369 338 288 252 251 250 218 187 144 132 129 114 119 110 95 91 75 70 66 56 45 51 48 46 29 35 38 17 32 15 20 21 19 10 19 19 11 17 7 11 3 9 8 10 5 1 5 2 1 1 1 1 3 4 0 0 0 2 0 0 1 1 2 0 0 0 0 0 0 2 0 0 0 0 0 0 0 0 0 0 0 0 0 1 0 0 0 0 
0 8 24 41 44 69 107 138 201 217 236 321 403 795 790 805 957 1211 1526 1678 1930 2002 2406 2625 2848 3105 3565 3963 4091 4371 4446 4571 4659 4858 4901 5061 5067 5010 4820 4875 4738 4632 4475 4326 4100 3897 3571 3435 3198 3085 2799 2613 2433 2353 2135 2041 1883 1616 1547 1430 1292 1179 1087 1008 918 805 729 665 573 549 529 461 408 387 343 289 286 270 261 225 187 178 168 112 147 120 98 102 79 64 62 72 53 67 44 44 40 39 33 38 24 32 17 22 20 23 20 16 12 6 7 6 13 12 7 5 7 6 6 4 5 5 3 2 4 2 5 2 1 2 0 3 0 1 1 1 3 0 0 3 1 0 0 0 0 0 0 2 1 0 0 0 0 0 0 0 0 0 1 0 0 0 0 
1 8 15 42 47 48 104 85 106 199 241 234 282 315 347 414 629 859 1084 1282 1371 1640 1768 2051 2540 2836 3246 3355 3587 3726 3908 4389 4543 4736 4666 5017 5010 4923 5015 5024 4914 4817 4648 4605 4530 4374 4143 3882 3720 3440 3273 2993 2774 2534 2476 2208 2035 1931 1745 1538 1459 1390 1260 1103 1015 943 867 756 715 684 602 577 479 459 389 370 352 277 275 276 220 202 191 177 158 172 161 120 109 109 83 89 74 72 72 52 39 46 38 35 34 27 22 31 19 13 13 13 12 17 9 8 7 12 6 5 5 7 2 2 4 5 2 5 2 2 3 0 2 3 0 1 0 4 0 1 0 0 1 1 0 0 0 0 0 0 0 0 0 0 1 0 0 0 0 0 0 0 0 0 0 0 
0 7 24 29 47 55 64 66 75 88 131 132 185 200 361 492 647 875 892 971 1136 1299 1513 1744 1993 2242 2688 2887 3388 3622 3666 4030 4248 4411 4675 4741 4895 4905 5113 5095 5067 5028 5007 4924 4732 4504 4399 4250 3891 3697 3505 3392 3203 2906 2626 2420 2243 2079 1964 1676 1669 1474 1428 1321 1117 1010 943 880 778 748 609 597 550 457 409 365 363 366 305 278 257 239 219 189 172 136 130 109 119 119 104 96 95 71 68 62 52 37 41 37 47 29 20 34 27 20 15 11 12 16 11 12 10 6 8 7 8 7 7 2 6 6 6 3 2 4 1 5 1 1 1 3 0 0 0 1 1 1 1 3 1 1 0 0 0 0 0 0 0 0 0 0 0 0 0 0 
1 4 21 38 51 63 83 67 126 153 171 217 311 403 589 876 935 907 1156 1315 1443 1752 2118 2346 2691 3052 3114 3435 3758 3984 4044 4217 4589 4788 4869 4813 5099 5244 5068 5036 4883 4819 4631 4577 4381 4345 3912 3710 3543 3428 3170 3102 2730 2570 2382 2115 1992 1843 1673 1519 1477 1290 1178 1144 990 928 840 777 661 669 555 505 476 424 402 307 333 253 260 237 197 191 188 165 142 146 110 96 91 88 63 72 72 62 44 48 43 37 40 34 26 23 14 22 24 17 13 17 19 13 14 4 9 12 7 4 5 7 6 4 4 5 5 2 4 2 8 1 1 0 0 2 1 3 1 0 3 0 2 0 1 1 1 0 0 0 2 0 1 0 0 1 0 0 0 1 0 0 1 0 1 1 0 0 0 0 0 0 0 0 0 0 0 0 0 0 0 0 0 0 
1 2 13 49 50 73 77 87 75 97 101 183 299 379 484 460 569 649 859 957 1220 1371 1679 2096 2240 2608 2919 2967 3332 3648 4075 4265 4518 4611 4821 4877 4936 5171 5141 5086 5096 5098 4747 4737 4480 4375 4108 3983 3782 3569 3402 3127 2984 2717 2554 2367 2188 2016 1782 1674 1588 1426 1280 1131 1102 1025 919 855 746 652 621 542 503 446 434 398 373 302 280 256 224 194 210 181 164 148 139 109 113 91 77 69 72 76 70 46 42 59 40 24 29 33 24 25 22 28 33 17 15 16 14 10 12 13 15 12 17 14 9 6 7 3 5 6 6 8 1 3 3 1 1 2 2 0 2 3 2 0 1 2 3 2 2 3 1 0 0 0 1 1 1 0 1 0 0 0 1 0 1 1 0 0 0 1 0 0 0 0 0 0 0 
0 6 16 37 60 95 131 178 121 119 189 262 340 443 666 785 866 1086 1233 1363 1639 1917 2032 2505 2613 2971 3509 3550 3825 4063 4425 4446 4799 4771 4944 5048 5125 5290 5123 5029 4902 4742 4724 4511 4205 4094 4063 3664 3474 3154 2957 2724 2617 2411 2236 2069 1928 1743 1545 1449 1361 1260 1071 977 948 852 721 706 638 557 493 488 413 411 339 313 280 243 246 216 193 180 167 168 137 141 103 88 81 80 72 56 49 60 70 47 43 43 42 36 32 19 34 24 16 11 21 10 12 12 10 11 9 6 9 6 5 6 5 6 2 1 5 4 3 0 1 0 3 3 0 2 0 0 0 0 3 0 0 2 0 1 0 1 0 0 0 0 0 1 0 0 0 0 
0 5 29 47 54 65 75 182 83 103 136 322 472 503 658 747 725 1130 1304 1426 1644 1837 2191 2444 2676 2911 3275 3466 3803 4165 4436 4690 4742 4860 5071 5051 5120 5097 4902 5102 4876 4751 4715 4340 4119 3921 3949 3575 3398 3138 2913 2714 2534 2418 2262 2065 1932 1716 1524 1491 1381 1244 1122 1031 949 880 799 717 599 587 523 496 429 423 348 410 292 273 248 205 204 185 179 145 134 120 115 71 111 86 92 84 79 52 65 42 42 42 29 32 32 33 23 16 18 23 18 14 12 12 7 7 7 7 12 6 6 7 5 6 6 4 2 3 6 4 2 2 1 2 1 3 2 2 2 0 0 0 0 0 0 0 0 1 0 0 0 0 0 0 0 0 0 0 
0 9 14 43 55 66 92 68 257 313 305 483 538 452 488 675 911 1145 1409 1642 1784 1992 2202 2484 2865 3197 3444 3695 4010 4316 4567 4692 4774 4854 5084 5016 4817 5121 4958 4991 4825 4780 4613 4298 4067 3719 3639 3563 3324 3122 2842 2718 2475 2268 2095 2059 1781 1682 1557 1397 1290 1146 1088 980 848 855 739 675 599 600 526 479 460 360 332 298 320 247 230 208 206 187 147 154 134 111 101 87 95 68 75 81 77 49 34 46 36 26 26 36 24 19 19 18 19 10 12 12 7 9 7 7 8 5 5 6 0 3 3 6 4 2 1 1 3 3 1 0 2 1 2 2 1 1 0 1 0 0 0 0 0 0 1 0 0 0 0 0 0 0 0 0 0 0 0 
0 6 14 43 43 54 84 128 107 120 187 207 910 297 510 581 728 974 1191 1428 1652 1786 2138 2463 2839 3096 3311 3647 3889 4090 4410 4637 4689 4942 5055 5069 5061 5129 5136 4998 4889 4646 4630 4400 4119 3945 3842 3653 3513 3196 2988 2754 2656 2415 2210 2012 1913 1735 1545 1471 1277 1228 1191 1084 978 832 755 763 613 624 539 465 415 374 386 309 292 248 243 222 193 198 166 161 146 136 115 104 89 91 73 48 74 62 49 52 43 34 38 35 32 27 13 26 23 13 16 14 12 12 14 12 9 10 6 5 8 3 5 2 4 2 2 1 3 0 4 3 3 1 0 4 1 2 2 4 2 1 0 1 1 0 1 0 1 0 1 0 1 0 0 0 0 0 0 0 0 0 0 0 0 
0 9 24 33 51 54 88 87 121 177 239 330 449 612 671 740 699 864 1084 1420 1692 1933 2008 2202 2436 3032 3325 3456 3696 4006 4195 4393 4634 4760 4758 4829 5040 5254 5152 4955 4795 4686 4723 4533 4241 4050 3840 3834 3559 3432 3143 2821 2686 2397 2291 2079 2039 1850 1701 1627 1412 1259 1196 1142 998 890 808 759 693 614 589 513 448 426 389 340 281 287 235 230 188 213 161 148 156 141 128 122 112 89 72 61 49 57 44 39 40 41 39 26 21 20 14 24 19 13 11 12 19 9 12 13 7 3 3 7 2 4 1 8 7 5 3 1 1 7 2 2 6 1 1 1 0 1 1 0 2 1 0 1 0 0 0 0 0 0 0 0 0 0 0 0 0 0 0 0 0 
0 9 12 43 61 64 143 205 194 280 322 382 371 430 664 725 1009 1179 1389 1463 1636 2106 2353 2489 2830 3078 3233 3586 3928 4140 4332 4561 4698 4824 4865 5072 5056 5047 5194 5063 5013 4651 4647 4312 4253 3941 3844 3703 3473 3253 3000 2741 2579 2285 2312 2062 1949 1684 1628 1410 1334 1196 1080 956 923 854 821 698 621 537 517 487 441 375 352 345 313 248 242 216 170 187 170 133 142 120 98 90 64 86 65 71 62 57 53 40 43 37 36 32 32 20 25 9 16 20 16 12 7 11 9 3 7 9 6 8 5 4 3 0 3 1 1 3 3 0 3 2 1 0 1 0 2 0 0 4 0 0 2 0 1 1 1 0 0 1 1 0 0 0 1 1 0 0 0 0 0 0 
0 2 7 26 48 34 43 66 94 99 160 167 190 221 278 327 420 629 930 1098 1216 1163 1515 1811 2045 2247 2617 3012 3201 3240 3612 4024 4035 4256 4616 4842 5022 5076 5068 5129 5030 5130 5003 4831 4765 4591 4317 4346 4135 4017 3622 3295 3116 3010 2808 2549 2287 2085 1941 1781 1682 1484 1348 1262 1149 1105 891 910 796 710 674 620 552 504 437 402 394 302 290 276 266 230 216 170 151 141 122 124 110 110 96 98 70 66 76 61 50 48 36 38 34 28 32 39 23 20 20 17 20 8 7 11 11 14 7 8 16 13 7 4 4 4 5 5 2 2 5 3 5 4 1 0 3 0 0 2 4 0 0 0 1 1 0 1 1 1 0 0 0 0 0 1 0 0 0 0 0 0 0 0 0 1 0 0 0 0 0 0 0 0 0 2 1 0 0 
0 10 16 33 52 35 64 73 139 146 300 339 486 482 595 845 978 1091 1030 1298 1559 1830 2048 2305 2574 2973 3143 3515 3657 3941 4349 4587 4649 4811 5105 4984 4926 4938 5114 4956 4924 4491 4660 4424 4395 4104 3954 3713 3555 3264 3127 2886 2666 2465 2310 2118 1943 1763 1638 1552 1394 1348 1174 1064 930 875 850 711 692 609 528 494 503 417 374 315 334 269 283 245 215 192 194 165 141 137 89 98 97 84 89 84 72 67 51 47 42 44 40 28 22 19 22 16 22 14 11 16 16 11 13 10 7 6 7 16 9 5 4 7 6 1 1 3 6 4 2 2 1 3 1 3 1 2 0 0 1 0 0 1 1 0 2 1 0 1 0 0 0 0 0 0 0 0 0 
0 4 19 42 64 58 53 52 98 115 127 174 221 295 463 550 603 647 971 1178 1363 1476 1677 1988 2207 2671 2890 2963 3219 3598 3940 4253 4260 4439 4554 4849 4826 5116 5233 5061 5141 4983 4806 4764 4610 4401 4328 4033 3900 3633 3344 3185 2809 2629 2602 2349 2117 2058 1829 1636 1637 1459 1358 1218 1095 1019 908 808 735 723 621 582 523 473 443 359 371 278 326 266 236 197 197 197 143 140 126 118 97 88 89 84 77 61 72 47 38 42 37 50 28 32 30 20 21 18 17 18 18 14 10 7 7 5 7 7 4 8 2 5 2 5 3 5 5 2 5 1 3 4 1 2 3 3 4 2 0 0 3 3 0 1 0 1 0 0 1 0 1 2 0 1 1 0 1 1 1 0 0 0 0 0 0 0 0 0 0 0 0 0 0 0 1 0 
0 2 18 23 33 54 82 92 83 94 110 212 249 519 578 507 581 905 1172 1421 1528 1709 1898 2241 2560 2880 3055 3208 3568 3849 4004 4351 4775 4897 4951 5112 5132 5002 5071 5043 5108 4873 4765 4526 4350 4190 3999 3796 3560 3297 3248 2955 2740 2463 2392 2146 2031 1909 1657 1485 1471 1424 1222 1101 971 959 851 735 665 639 561 497 435 452 380 341 330 295 253 272 222 218 188 162 148 147 140 112 100 99 72 80 78 69 39 53 63 54 39 43 32 19 24 29 24 24 23 11 16 11 14 16 16 8 8 5 4 6 7 10 7 4 2 4 7 3 1 1 2 4 0 1 4 2 3 2 1 1 0 0 0 1 2 0 0 0 0 0 1 0 0 0 0 0 0 0 0 0 0 0 0 0 0 0 0 0 0 0 0 0 0 0 0 0 0 0 0 0 
0 4 18 21 61 67 63 81 91 167 147 392 337 338 525 628 662 844 963 1039 1252 1504 1809 2265 2596 2479 2795 2986 3099 3526 3719 4075 4252 4621 4692 4917 5215 5121 5116 5039 5122 5080 4740 4795 4537 4257 4200 4007 3769 3580 3460 3176 2968 2581 2486 2290 2127 1989 1813 1573 1580 1406 1341 1135 1068 924 855 765 767 665 552 550 525 468 407 370 321 329 302 233 259 198 223 178 153 158 156 133 114 84 88 74 68 64 57 49 47 44 31 30 43 37 29 26 24 20 15 21 13 11 9 7 13 13 8 11 9 9 13 1 3 3 3 8 2 2 4 0 2 2 3 1 1 0 2 0 0 0 0 1 1 0 1 0 0 0 1 1 0 0 0 1 0 0 0 
2 7 18 40 32 73 93 135 173 156 159 245 225 313 412 626 648 761 1134 1296 1373 1648 1707 2058 2359 2650 2988 3105 3473 3835 4092 4485 4517 4618 4824 5111 5069 5183 5045 5037 5017 5051 4897 4688 4463 4444 4089 3955 3693 3421 3297 3043 2878 2612 2354 2353 2120 1898 1772 1592 1590 1387 1185 1105 964 880 819 802 731 644 633 499 494 431 394 384 338 307 321 247 230 198 185 157 138 144 127 128 96 104 59 77 54 56 51 47 37 41 35 33 26 27 15 23 14 20 17 16 20 11 10 6 6 8 9 6 5 9 4 3 7 2 2 4 1 4 3 3 0 1 1 1 0 0 2 0 0 1 0 0 0 1 0 2 0 0 1 0 1 0 0 0 1 0 0 0 0 0 0 0 0 0 0 0 0 0 1 0 0 0 0 0 0 0 0 0 
0 13 16 30 34 54 148 235 331 505 542 548 570 651 950 1104 1251 1475 1701 1860 2087 2530 2823 2950 3292 3448 3914 4114 4369 4503 4580 4889 4962 5092 5143 5110 5086 4923 4921 4727 4657 4454 4331 3915 3870 3586 3387 3165 2946 2823 2616 2333 2198 2013 1775 1730 1562 1403 1328 1220 1141 994 866 856 772 737 702 583 528 489 398 377 356 351 313 254 262 236 197 218 161 153 139 132 106 94 100 82 77 67 58 48 68 34 33 37 25 36 29 22 23 19 27 13 10 13 15 14 3 5 8 10 8 9 3 4 3 4 3 1 1 3 4 0 4 3 6 1 0 0 0 1 1 1 0 2 6 0 0 2 2 1 1 0 1 0 1 0 0 2 0 0 0 1 0 0 0 0 0 0 0 0 
0 15 16 27 49 36 50 78 161 148 187 165 236 452 520 583 772 789 950 1196 1302 1400 1810 2060 2193 2771 3217 3358 3397 3604 3846 4121 4358 4689 4730 4874 4920 5048 5216 4927 4995 4967 4799 4655 4499 4369 4103 4040 3787 3515 3353 3115 2907 2751 2466 2447 2211 2042 1750 1567 1592 1437 1362 1224 1062 932 895 894 710 665 627 525 469 438 446 371 352 275 283 263 245 221 176 167 122 126 110 118 89 113 97 81 70 66 38 42 37 36 31 29 23 27 15 25 15 12 14 22 12 15 9 7 10 7 4 5 5 7 1 8 5 1 3 0 5 2 3 0 1 1 4 2 3 1 3 1 3 3 1 1 2 4 3 0 2 1 2 0 4 1 0 0 0 0 0 1 1 0 0 0 0 0 0 0 0 0 
0 5 32 44 55 65 271 293 304 338 455 585 685 738 952 1146 1376 1541 1981 1789 2090 2576 2744 3040 3201 3586 3906 4178 4303 4499 4607 4890 5102 5186 5079 4861 5003 5041 4822 4687 4441 4400 4129 4049 3844 3608 3451 3210 3056 2869 2492 2403 2234 1968 1865 1692 1595 1454 1333 1257 1133 995 960 784 762 674 620 595 540 452 452 374 341 334 295 306 241 218 197 168 165 144 142 121 120 88 92 90 71 55 50 46 60 58 46 39 43 26 28 35 21 24 26 14 13 19 17 15 12 8 4 5 3 8 4 3 3 9 7 4 1 2 4 4 2 0 2 4 1 2 1 3 0 1 0 1 0 0 0 1 0 0 0 0 0 0 0 0 0 0 0 0 0 
0 3 31 56 41 64 90 102 116 184 248 301 389 609 675 842 1049 1160 1317 1403 1708 1976 2100 2492 2862 3164 3408 3639 4010 4268 4519 4570 4750 4948 5044 5163 5162 5172 4848 4885 4941 4711 4419 4288 4061 3888 3819 3528 3324 3227 2898 2667 2549 2319 2225 1966 1839 1680 1543 1402 1301 1175 1018 951 919 805 777 676 643 578 495 442 429 338 325 306 295 243 224 234 189 169 148 147 130 115 94 109 88 80 75 65 51 64 42 47 33 38 41 31 33 25 25 17 22 13 13 11 9 16 11 9 7 6 3 10 7 5 4 8 4 6 5 1 5 3 5 4 1 0 0 2 0 1 0 4 2 4 1 0 0 0 1 1 0 1 1 0 1 0 0 0 1 0 0 0 0 1 0 
0 10 20 41 53 61 46 165 171 211 277 362 463 453 658 740 836 1063 1474 1543 1693 2008 2201 2341 2608 3004 3344 3438 3828 4105 4490 4532 4893 4836 4845 5056 5091 5049 5129 4952 4914 4665 4601 4484 4256 4121 3810 3641 3447 3187 2941 2787 2579 2403 2279 2049 1883 1750 1490 1457 1297 1209 1078 960 984 831 810 681 625 566 525 479 397 411 338 303 288 258 240 221 192 187 185 150 133 132 125 74 89 99 89 95 84 48 55 46 55 45 38 46 30 26 34 21 23 19 26 15 18 16 8 10 14 7 7 12 6 6 1 6 5 7 4 1 3 0 0 3 1 0 1 1 2 0 1 1 5 0 1 0 0 0 1 1 0 0 0 0 1 0 0 0 0 0 0 0 0 0 0 0 0 0 0 0 0 
0 4 17 50 70 52 44 64 56 91 119 137 352 443 588 517 670 824 1084 1267 1362 1566 1847 2071 2438 2481 2793 3179 3602 3849 3987 4161 4374 4563 4717 4662 4883 4910 5098 5083 5059 5030 4669 4624 4451 4319 4144 3876 3605 3492 3196 3065 3001 2715 2473 2361 2114 1944 1740 1667 1466 1416 1359 1235 1087 1038 863 790 732 679 616 508 526 453 398 414 320 325 284 242 207 194 183 150 140 136 129 108 100 109 85 90 65 75 68 44 50 41 38 35 35 30 24 28 23 17 15 11 12 11 13 10 16 9 7 7 3 4 3 2 3 1 2 5 3 1 2 3 5 3 0 1 0 2 0 1 2 3 0 0 0 0 0 0 0 1 0 0 0 0 0 2 0 1 0 0 1 1 1 0 1 0 0 0 0 0 0 0 0 0 0 0 
1 1 12 21 47 45 54 72 86 111 123 139 179 282 419 545 626 688 819 977 1260 1410 1598 1714 2146 2388 2619 2892 3156 3440 3836 4146 4365 4792 4775 4845 4954 5062 5089 5128 5252 4963 4854 4781 4732 4300 4263 4175 3924 3732 3446 3200 2936 2857 2569 2396 2288 2008 1814 1738 1602 1485 1268 1176 1147 1067 969 844 798 698 651 585 468 455 443 410 363 311 290 277 236 215 230 166 167 137 142 122 125 110 111 92 74 51 56 57 60 41 40 39 36 39 44 23 18 26 18 15 12 15 15 14 17 18 8 5 9 14 9 8 3 6 3 5 8 2 2 3 1 3 2 1 2 0 0 4 0 0 0 0 1 0 0 0 3 0 0 0 0 0 0 0 0 0 0 0 0 0 0 0 0 
0 4 11 57 71 58 84 94 144 274 283 434 523 555 636 1051 1180 1235 1475 1686 1846 2108 2509 2752 2888 3393 3477 3594 4175 4324 4656 4753 4818 4968 5024 5036 5109 5010 4952 4770 4809 4600 4537 4238 3962 3868 3603 3446 3347 2984 2862 2569 2498 2220 2070 1818 1691 1670 1428 1356 1213 1134 1066 959 878 753 732 649 605 556 514 434 383 377 323 292 266 281 214 222 179 165 147 145 140 101 105 100 88 62 85 60 57 64 46 35 35 39 37 39 24 20 21 15 19 12 16 12 11 12 8 6 6 10 5 7 5 7 4 2 3 3 3 6 1 2 0 6 2 2 4 2 3 2 2 2 0 1 1 0 1 1 0 0 2 0 0 0 0 0 0 0 0 0 0 0 0 0 0 0 
0 11 27 34 37 40 90 104 148 196 276 300 353 363 490 654 912 1158 1243 1435 1669 1954 2140 2489 2645 2913 3203 3559 3766 4217 4511 4509 4652 4734 5069 5119 5236 5129 4970 5145 4958 4716 4566 4429 4274 4085 3796 3781 3426 3126 3060 2893 2695 2476 2242 2006 1855 1752 1575 1482 1367 1192 1135 1040 917 835 743 692 644 588 572 470 426 394 358 315 287 290 211 197 181 181 162 174 130 116 86 106 96 79 73 86 53 64 64 48 29 45 36 33 31 20 26 23 15 23 15 24 11 11 14 19 13 4 7 5 8 9 6 6 5 3 6 5 6 2 1 2 6 2 0 3 2 1 1 0 2 0 1 2 0 1 1 2 0 0 0 0 0 1 1 0 0 0 0 0 1 0 0 0 1 0 0 0 0 
1 7 22 30 44 74 56 56 93 132 130 324 333 318 471 551 591 635 1006 1336 1378 1520 1770 1959 2193 2579 2921 2886 3412 3604 4009 4197 4389 4459 4873 5004 4954 4988 5127 5013 5002 4883 4957 4625 4494 4380 4213 4082 3811 3563 3406 3077 2874 2708 2503 2410 2165 2041 1821 1686 1543 1408 1342 1135 989 965 908 832 744 637 621 582 505 473 429 355 390 319 313 263 236 228 171 178 156 147 116 126 130 90 102 93 76 75 55 53 50 49 37 44 32 29 30 17 21 16 9 17 15 9 6 12 10 1 6 6 13 7 5 7 6 2 4 2 3 2 0 1 0 5 0 2 0 1 0 0 0 2 0 0 0 0 0 1 0 0 0 0 0 0 0 0 0 0 0 0 0 
0 7 34 44 50 56 76 166 180 183 304 505 487 568 643 828 1120 1376 1536 1757 1950 2202 2481 2753 2927 3266 3510 3808 4203 4400 4620 4747 4822 4926 5178 5046 5106 5056 4989 4844 4878 4632 4507 4142 4056 3740 3556 3249 3164 2950 2893 2705 2382 2162 2027 1911 1664 1568 1405 1301 1273 1105 1065 964 826 844 735 669 611 519 478 444 416 392 329 315 287 253 220 206 176 175 139 134 136 126 104 100 95 68 64 63 45 50 54 51 44 31 27 30 34 24 19 14 17 16 9 20 10 8 5 8 8 6 6 2 2 9 7 3 4 2 4 6 1 1 1 3 3 1 0 1 0 0 1 1 0 3 1 0 1 0 1 1 1 0 0 0 0 1 0 0 1 0 1 0 0 0 1 0 0 0 0 0 0 0 0 0 0 0 0 0 0 0 0 
4 18 36 40 33 48 88 162 162 194 175 242 258 377 550 605 746 911 967 1040 1247 1505 1760 2173 2361 2554 2765 3194 3333 3723 3863 4072 4402 4631 4847 5004 5064 5008 5091 5136 5021 5038 4656 4724 4504 4201 4266 3956 3687 3447 3234 3012 2867 2629 2555 2320 2218 1940 1778 1632 1485 1422 1283 1265 1124 996 870 734 747 677 628 596 509 480 392 366 327 331 252 262 251 194 210 154 138 154 108 143 106 82 88 71 79 70 66 53 57 39 43 31 32 22 31 25 22 21 13 19 8 9 17 7 11 12 7 6 3 6 7 3 4 3 0 1 3 3 0 4 1 2 0 2 0 0 1 1 0 0 1 1 0 0 0 0 1 0 3 0 0 0 0 0 1 2 1 0 1 1 1 0 0 0 0 0 0 0 0 0 0 
3 9 25 24 54 72 78 72 83 111 166 186 278 347 504 677 861 956 1064 1211 1394 1613 1918 2249 2437 2683 3066 3498 3685 3841 4135 4205 4519 4636 5066 4904 5039 5074 4833 4981 4921 4891 4703 4625 4354 4150 3919 3955 3710 3431 3110 2907 2911 2651 2366 2167 2047 1794 1721 1609 1450 1433 1224 1104 1050 968 896 804 728 652 576 543 521 484 381 348 326 289 283 247 230 216 188 179 152 148 158 115 104 102 96 82 67 76 80 67 67 45 33 38 35 33 27 31 28 35 19 21 19 13 16 16 14 9 11 11 9 6 2 5 6 4 5 2 7 3 2 3 3 2 3 0 2 0 3 0 2 0 1 2 2 0 1 0 0 0 0 0 0 1 0 0 0 1 1 0 1 1 0 0 0 0 0 0 0 1 0 0 0 0 0 0 0 0 1 0 0 0 0 0 
2 5 20 40 56 59 93 158 231 208 152 221 278 365 548 696 754 848 990 1066 1589 1535 1825 2059 2464 2736 2997 3406 3406 3767 3924 4157 4461 4606 4870 4945 5059 5023 5074 5087 4954 4989 4791 4585 4378 4334 4071 3838 3676 3427 3278 3024 2818 2555 2321 2239 2044 1945 1812 1653 1534 1325 1224 1171 1025 947 853 770 716 667 610 555 512 421 400 395 304 293 257 252 198 196 193 200 139 140 120 122 117 96 74 89 71 70 55 59 38 38 41 18 34 26 32 20 22 15 21 23 10 23 12 11 8 11 8 4 3 5 7 4 6 2 8 2 5 1 1 0 3 2 2 1 3 1 1 3 1 2 3 1 0 1 1 0 3 0 0 1 0 0 0 0 0 0 0 0 0 0 0 0 0 0 0 
0 2 30 56 46 56 268 307 251 311 497 590 709 747 935 1029 1253 1466 1732 2057 2474 2660 2937 3231 3261 3490 3943 4120 4512 4549 4607 4934 4899 4967 5095 5217 5145 4858 4811 4616 4546 4474 4232 3961 3772 3454 3367 3115 2948 2742 2489 2326 2207 1926 1835 1656 1569 1396 1332 1186 1044 1005 932 829 751 648 569 542 497 456 424 351 363 345 271 247 260 228 196 168 173 141 125 112 128 96 89 87 61 77 48 44 32 46 32 32 29 31 38 12 24 17 21 11 15 15 17 12 13 15 9 8 7 6 6 7 2 8 7 7 5 3 2 1 1 4 2 3 0 0 1 0 2 1 0 0 0 1 0 0 0 0 0 0 1 0 0 0 0 0 
1 7 15 38 40 64 77 92 117 173 401 478 461 437 486 755 997 954 1370 1370 1648 1793 2054 2288 2797 3008 3257 3530 3924 4238 4404 4485 4748 4848 4930 5023 4887 4867 5196 4965 4611 4643 4696 4524 4287 4110 3917 3624 3411 3176 3102 2857 2653 2426 2204 2072 1896 1851 1613 1552 1309 1199 1164 1019 933 833 813 725 621 573 554 488 419 428 352 349 291 258 270 233 215 188 200 170 139 116 102 99 97 93 73 65 75 53 45 43 50 44 35 34 30 20 22 24 22 23 14 15 13 8 13 10 8 11 9 9 10 6 2 6 9 1 9 3 9 5 2 2 0 2 3 0 0 1 1 2 2 0 1 0 1 0 0 0 0 0 0 0 0 1 0 0 0 0 0 
2 4 40 35 49 59 68 88 96 146 197 197 322 267 314 483 614 954 1145 1142 1116 1255 1580 1847 2508 2727 2832 2939 3181 3687 3905 4024 4323 4620 4623 4740 4945 5089 5122 5077 5103 5012 4900 4794 4454 4509 4295 3958 3807 3549 3422 3258 3005 2733 2551 2345 2169 2077 1882 1701 1631 1428 1260 1204 1060 991 926 811 763 688 663 559 541 495 389 396 343 374 294 256 225 200 186 173 148 150 128 102 108 92 74 86 66 58 61 49 53 34 46 35 33 41 36 32 28 18 11 18 21 16 17 13 4 6 3 9 8 12 10 9 5 6 3 4 4 4 2 2 5 5 3 0 0 3 0 4 2 0 1 0 2 0 0 1 0 1 0 0 2 0 0 0 0 0 0 0 0 0 0 0 0 0 0 0 
0 4 16 23 47 66 72 83 74 107 282 631 579 523 562 842 1053 1153 1455 1550 1700 2012 2388 2635 2835 2995 3421 3625 3738 4173 4456 4628 4764 4941 4811 4990 5006 5038 4876 5086 4953 4768 4579 4370 4206 4010 3674 3553 3358 3097 2827 2784 2524 2334 2105 1934 1784 1644 1526 1439 1304 1116 1082 973 920 857 708 687 664 576 514 438 391 363 402 338 288 242 232 209 224 165 164 148 134 107 99 83 76 74 84 62 64 48 56 51 43 32 33 28 25 31 28 18 18 15 22 7 12 7 16 11 6 11 7 6 8 5 2 3 4 3 7 4 6 7 0 2 2 1 2 0 0 0 0 2 0 3 2 0 0 0 1 1 1 0 1 0 0 0 1 0 0 0 1 0 2 0 
0 14 24 42 45 43 44 44 60 213 215 360 390 361 407 567 685 834 1063 1263 1528 1605 1736 2119 2363 2767 3169 3288 3225 3776 4072 4190 4488 4699 5025 5111 5118 5017 5062 4819 4960 4944 4814 4684 4292 4105 3909 3837 3763 3569 3362 2930 2822 2623 2457 2205 1970 1901 1747 1682 1457 1360 1226 1134 1060 929 897 774 705 695 564 584 525 460 399 341 332 307 283 247 226 210 193 184 169 146 123 128 100 96 105 75 80 59 64 57 40 50 41 31 46 37 28 22 31 28 14 16 12 19 16 20 10 12 7 8 6 10 7 5 1 6 9 1 2 5 2 3 1 2 3 2 2 0 1 2 0 1 0 1 0 0 0 0 0 0 0 0 0 0 0 0 0 0 0 0 0 0 
0 3 13 26 44 33 50 46 67 73 125 151 283 320 384 506 519 802 953 1137 1347 1582 1716 1699 2043 2588 2853 2962 3216 3579 3674 4045 4439 4468 4461 4893 4984 5064 5157 5157 4986 4921 4974 4694 4607 4520 4289 4131 3776 3674 3544 3264 3088 2729 2641 2446 2345 2103 1924 1757 1489 1471 1336 1241 1102 1002 965 847 744 693 606 557 492 486 440 414 351 302 304 243 205 204 202 191 140 125 113 109 123 80 81 89 75 61 53 41 36 39 37 27 30 42 20 20 17 18 16 20 15 12 11 4 12 12 7 5 1 14 4 7 3 4 0 4 2 4 3 2 0 0 3 1 2 0 2 0 0 0 1 1 1 0 0 0 1 2 0 0 0 0 0 0 0 0 0 0 0 0 0 
0 8 18 30 51 52 99 114 244 338 402 391 379 635 765 811 966 1119 1451 1638 2020 2143 2233 2612 2929 3156 3386 3572 3782 4233 4512 4489 4727 4772 4822 4792 5038 5062 5030 4900 4764 4829 4533 4351 4039 4036 3732 3664 3431 3045 2984 2678 2447 2308 2132 1955 1823 1580 1438 1417 1261 1161 1073 971 885 832 708 667 601 582 563 457 404 402 339 317 288 243 225 231 203 163 152 117 133 95 91 95 118 80 71 65 75 57 44 49 34 48 28 37 22 31 18 15 14 17 13 7 19 7 13 10 6 8 9 7 5 5 8 1 2 6 4 4 0 1 1 2 2 1 0 2 2 1 0 0 0 1 1 0 0 1 0 0 0 0 0 0 
0 3 25 42 62 70 77 67 93 128 139 425 470 323 472 919 953 824 1217 1432 1643 1800 2069 2404 2571 2911 3037 3560 3845 3857 4165 4360 4538 4693 4874 4979 5025 5082 5032 4998 4861 4797 4590 4470 4378 4148 3967 3668 3493 3444 3162 3061 2827 2430 2309 2148 2039 1768 1694 1546 1374 1276 1210 1071 1051 920 829 763 641 608 547 534 505 421 375 337 318 319 252 232 203 210 165 170 152 117 110 116 108 80 80 70 53 55 48 40 29 38 39 31 26 18 21 17 16 19 9 10 13 10 17 12 8 4 6 7 5 4 4 4 7 5 5 1 1 1 2 1 2 1 1 0 2 0 2 0 2 2 0 2 1 1 0 0 0 0 0 0 0 0 0 1 0 1 0 0 
0 4 13 32 68 80 108 107 129 221 400 419 455 464 629 847 1086 1391 1553 1647 2000 2153 2461 2862 3109 3374 3564 3850 4202 4391 4693 5010 5137 5260 5116 5123 5169 5101 4824 4923 4678 4579 4549 4241 4117 3968 3638 3340 3159 2967 2767 2572 2388 2214 2101 1821 1711 1545 1456 1297 1210 1116 1019 977 804 721 654 547 549 552 420 421 375 326 328 287 256 251 232 190 196 142 125 115 101 95 107 85 80 64 53 50 41 45 35 43 40 23 29 16 15 18 19 19 14 11 13 15 6 3 10 9 3 10 5 8 7 2 3 4 6 1 4 1 1 3 4 3 0 1 1 1 2 0 0 1 0 0 0 0 1 0 1 0 1 0 0 1 0 0 0 1 0 0 0 0 0 0 0 0 0 0 0 0 
0 4 19 29 58 73 63 74 95 112 168 234 257 412 560 667 867 989 1052 1487 1712 1871 1834 2301 2625 3023 3296 3678 3692 3921 4003 4403 4850 4801 4897 5037 4865 5008 5094 5106 4958 4828 4606 4412 4266 4180 3914 3760 3573 3379 3211 2869 2618 2457 2282 2133 1896 1850 1676 1553 1467 1319 1106 1057 963 912 855 727 674 534 568 505 472 407 353 342 278 275 237 235 227 201 168 150 133 136 118 95 81 82 80 86 62 55 42 44 39 45 37 31 34 30 22 17 14 13 17 10 17 14 8 12 11 5 15 5 4 7 8 4 4 1 6 3 4 3 2 6 2 0 1 0 0 0 0 0 0 0 0 1 0 0 0 1 0 0 0 
0 11 11 42 57 53 72 53 83 118 193 238 312 351 334 476 615 777 888 1175 1239 1405 1557 1973 2433 2603 2533 2868 3301 3343 3751 3988 4357 4558 4866 4929 5033 5147 5228 5221 4767 4927 4913 4776 4533 4514 4165 4037 3724 3633 3307 3212 2957 2874 2529 2421 2214 2052 2009 1873 1631 1526 1350 1269 1125 1055 957 911 803 742 680 571 550 458 416 409 345 344 279 271 247 228 211 187 165 182 121 109 113 104 83 94 84 52 57 71 51 45 40 38 37 21 22 21 26 25 16 17 15 13 12 10 8 7 6 9 1 4 5 4 7 6 8 4 4 3 3 2 3 7 7 3 3 2 2 4 0 2 0 0 2 2 1 3 1 1 0 0 0 0 2 1 0 1 0 1 0 0 1 0 0 0 0 0 1 0 0 
2 7 10 29 32 58 85 85 116 107 149 161 219 294 361 447 562 633 859 940 1199 1474 1720 1852 2071 2340 2765 2989 3290 3668 3722 3901 4306 4522 4681 4803 4865 5022 5046 5050 5019 5069 4908 4772 4568 4469 4211 4091 3934 3683 3503 3352 3100 2818 2694 2486 2270 2094 2022 1759 1609 1509 1389 1205 1133 1055 904 847 798 745 683 599 554 503 445 440 406 350 323 273 255 237 202 204 178 161 138 136 133 101 114 82 80 69 68 59 57 45 43 33 29 29 26 40 37 29 20 20 13 17 25 14 9 5 12 13 11 10 7 6 6 3 9 4 2 2 1 2 3 2 2 1 4 2 0 0 4 1 0 0 0 1 1 0 0 0 0 0 0 0 0 0 0 0 0 0 0 
1 5 19 32 40 73 78 175 195 150 171 231 384 420 614 692 839 743 976 1316 1515 1665 1943 2129 2161 2650 2960 3282 3556 3741 4018 4299 4523 4774 5008 5048 5071 5101 5098 4999 4927 4893 4535 4628 4393 4296 4143 3819 3526 3435 3166 2989 2762 2601 2340 2154 2069 1892 1673 1587 1495 1316 1142 1143 1039 940 846 776 718 647 600 523 475 450 376 346 309 312 288 244 216 221 190 166 159 132 112 135 114 85 95 78 67 67 57 75 50 51 47 30 41 19 30 21 23 21 18 13 15 9 10 14 8 10 7 4 5 1 8 7 2 3 4 3 1 1 3 3 2 1 1 2 1 2 2 0 0 0 0 0 2 0 1 1 0 0 0 0 0 0 0 0 0 0 2 1 0 0 0 0 0 0 0 1 0 0 0 0 1 0 
0 7 13 28 44 44 53 166 206 207 225 225 299 361 487 515 587 766 853 1248 1498 1649 1945 2143 2294 2614 2915 3057 3490 3705 4059 4368 4422 4635 4992 5054 5025 5166 5027 4911 4929 5048 4920 4668 4518 4306 4162 3880 3768 3566 3279 3167 2880 2686 2443 2250 2063 1888 1825 1589 1564 1373 1274 1127 1144 985 933 768 720 636 551 586 485 426 405 370 339 309 276 246 238 215 195 159 170 147 115 120 113 88 84 85 63 57 60 56 54 42 29 30 21 35 31 32 20 12 17 18 22 10 12 6 8 12 7 7 10 3 5 6 3 3 4 9 6 5 3 1 1 4 7 2 2 0 0 0 1 0 3 0 0 0 0 0 0 1 0 0 0 0 0 0 0 0 0 
0 5 16 25 43 45 72 120 174 140 221 219 221 340 569 763 1003 1101 1051 1397 1699 1967 2226 2432 2570 2901 3279 3597 3851 4004 4337 4407 4494 4932 5036 5046 4986 5041 5023 5249 5094 4838 4612 4519 4309 4064 3912 3610 3480 3415 3053 2805 2679 2451 2238 2054 1993 1802 1624 1504 1401 1287 1183 1076 979 934 782 759 647 597 585 460 470 408 375 313 277 259 270 224 196 189 158 144 127 143 111 82 94 88 83 67 67 64 40 40 47 31 29 36 29 23 24 19 13 17 13 13 11 8 6 7 7 2 6 4 6 2 3 2 4 2 2 3 0 1 2 2 7 2 1 0 1 0 2 0 2 0 0 1 1 0 0 0 0 0 0 0 0 0 0 0 
0 7 21 42 54 64 61 98 91 121 157 221 320 440 385 503 924 1257 1245 1177 1241 1646 1859 2333 2678 2797 3107 3248 3577 3949 4270 4617 4639 4899 4934 5025 4871 4988 5105 5057 5111 4939 4743 4441 4345 4231 3976 3669 3612 3313 3070 2870 2755 2555 2230 2135 1987 1826 1669 1569 1392 1278 1216 1043 964 909 824 728 713 661 581 517 452 391 427 361 340 291 261 237 226 165 177 183 128 126 132 96 92 92 96 73 72 65 51 46 35 38 35 40 30 21 27 24 26 18 19 19 10 11 16 7 12 10 7 5 2 4 6 3 6 2 3 2 2 1 4 1 6 2 0 1 2 0 0 1 0 0 0 0 0 0 3 0 0 0 0 0 0 0 0 0 0 0 0 0 0 
0 4 20 38 43 54 74 96 92 113 134 150 259 646 620 513 541 784 921 1136 1276 1632 1877 2260 2289 2578 2915 3116 3357 3647 4071 4351 4416 4658 4864 4794 5072 5192 5243 5130 5098 4951 4899 4586 4535 4224 4152 3912 3688 3352 3220 2939 2760 2645 2501 2263 2082 1889 1701 1711 1517 1387 1279 1106 1054 965 848 794 683 644 553 559 488 418 431 363 353 292 261 286 229 196 178 196 160 152 121 132 117 101 92 82 94 60 59 56 37 42 45 23 46 31 39 27 21 26 18 12 19 17 8 12 12 13 9 8 10 4 14 5 3 9 7 3 3 1 2 3 2 2 3 1 0 1 2 0 2 0 0 3 0 0 0 0 1 0 0 0 0 0 0 0 0 0 0 0 0 0 0 0 
0 5 25 44 40 46 56 61 113 167 223 277 355 469 556 676 810 997 1126 1356 1338 1639 2097 2343 2741 2865 3227 3524 3686 3802 4115 4418 4765 4914 4978 4880 5059 4972 4964 5101 4886 4807 4708 4493 4281 4115 3910 3797 3462 3316 3073 2856 2740 2432 2270 2203 1970 1856 1694 1579 1400 1342 1182 1038 974 894 831 749 673 565 522 521 473 399 369 345 307 277 269 219 188 181 161 166 151 121 109 114 104 103 79 68 72 52 57 54 46 46 43 36 36 30 13 22 21 13 16 22 17 11 9 14 11 6 4 8 4 5 3 2 3 3 2 5 3 5 2 1 0 4 1 1 2 0 0 0 1 3 0 1 0 0 1 1 0 1 0 0 0 2 0 0 1 2 0 0 1 0 0 0 0 0 0 1 0 0 1 0 0 0 1 0 
0 4 18 31 34 33 55 83 107 137 197 226 246 305 374 694 782 856 703 1006 1338 1596 1800 2161 2414 2499 2870 3193 3501 3671 4146 4352 4492 4580 4883 5004 5111 5205 5293 5047 4963 4960 4866 4782 4542 4370 4190 3968 3882 3517 3312 3103 2879 2758 2436 2246 2149 1928 1823 1644 1477 1373 1324 1151 1049 871 872 784 645 670 583 532 511 409 417 321 316 269 289 218 217 187 194 147 138 155 115 100 108 94 88 79 71 57 59 49 54 52 45 40 43 35 28 25 26 18 19 23 6 15 19 9 6 14 9 8 8 4 10 7 3 1 5 2 3 4 4 4 0 2 4 1 0 3 2 1 0 1 0 4 3 0 1 0 0 2 0 1 0 0 2 0 0 0 3 0 2 0 0 0 2 1 0 0 1 0 0 0 0 0 0 1 0 0 0 0 0 0 0 
0 11 30 65 50 61 101 90 110 214 283 356 361 491 578 682 871 971 1072 1412 1632 1967 2291 2572 2864 2968 3281 3503 3718 4065 4246 4539 4718 4894 4979 5087 5115 5110 5097 5072 4927 4693 4586 4561 4365 4148 3820 3726 3275 3103 2927 2743 2567 2382 2206 2069 1819 1752 1613 1505 1357 1167 1029 968 1002 817 795 659 659 551 509 506 409 372 365 345 291 259 253 222 186 164 160 152 146 129 96 114 94 65 67 56 79 62 53 46 39 34 38 25 22 32 26 15 25 13 20 14 13 18 5 9 5 6 7 2 4 3 7 3 4 5 1 1 3 4 1 2 1 1 1 0 0 1 0 0 0 0 1 0 0 0 2 0 0 0 0 0 0 0 0 0 0 
0 6 19 24 55 53 58 75 128 176 180 258 279 304 350 364 552 929 1038 1051 1373 1649 1897 2094 2515 2685 2879 3151 3395 3712 4137 4286 4442 4601 4593 4790 5038 5023 5177 4993 4968 4806 4757 4618 4428 4421 4131 3930 3619 3423 3315 3077 2828 2653 2479 2267 2211 1983 1816 1604 1488 1442 1296 1154 980 930 885 755 693 673 679 559 510 461 426 365 328 341 296 279 241 197 206 144 172 144 119 120 113 102 99 74 77 59 45 57 50 53 53 26 38 32 13 37 21 19 15 14 20 12 11 14 8 10 8 6 4 5 7 7 4 3 5 8 8 2 3 2 6 4 1 0 3 2 1 1 2 2 1 1 0 4 2 1 0 0 0 2 0 0 1 0 0 0 0 0 0 0 0 0 0 0 0 
0 7 26 40 57 67 50 96 142 185 231 265 253 289 357 423 591 1018 1128 1256 1420 1475 1797 2185 2471 2661 2931 3057 3399 3637 3945 4299 4591 4542 4723 4804 4946 5203 5054 5027 5059 4992 4760 4593 4555 4425 4242 3913 3787 3483 3229 3133 2930 2688 2523 2183 2042 1888 1831 1624 1550 1357 1258 1220 1158 925 880 843 694 708 573 592 495 453 458 369 344 292 276 268 227 201 194 171 174 131 140 106 113 105 80 85 69 65 67 50 47 50 42 29 28 29 26 25 13 14 8 20 14 7 7 10 5 10 6 7 8 7 4 10 6 4 4 1 5 2 3 1 2 2 2 0 2 0 0 2 1 1 0 0 2 0 0 1 0 0 0 0 0 0 0 0 0 0 1 0 
1 5 12 36 59 58 75 57 143 226 207 322 508 564 589 613 763 936 1274 1449 1614 1751 2338 2638 2464 2834 3216 3584 3768 4129 4410 4507 4721 4959 4917 4986 5091 5097 5065 4947 4891 4800 4736 4559 4331 4021 3957 3628 3385 3122 2977 2862 2652 2449 2275 2147 1932 1774 1630 1508 1363 1314 1073 995 939 829 739 713 622 545 531 453 414 371 338 313 325 296 228 217 202 194 166 130 126 111 121 97 88 118 77 61 55 63 54 42 34 27 19 26 24 28 29 17 18 20 20 15 11 5 9 11 13 11 13 7 7 7 4 6 4 2 5 6 2 7 4 2 0 2 1 2 1 2 2 0 1 0 2 1 1 1 0 0 0 0 0 0 2 1 1 0 0 0 0 1 0 0 0 0 0 0 
0 5 23 47 65 81 104 119 115 295 432 445 461 564 781 1200 1269 1216 1370 1714 1975 2280 2607 2850 3166 3424 3665 3863 4150 4258 4639 4807 4921 5090 5059 5225 5042 4956 4891 4878 4825 4646 4476 4171 4053 3888 3570 3352 3138 3069 2768 2602 2307 2155 2010 1953 1745 1562 1379 1239 1191 1088 1015 925 805 772 702 644 587 499 477 401 395 332 320 297 231 198 191 190 173 172 155 158 101 105 81 82 79 66 63 64 59 42 49 44 36 28 38 26 28 25 23 17 14 14 16 16 12 7 9 13 11 7 5 4 5 4 6 2 4 2 0 2 0 3 2 0 1 0 0 0 0 0 0 0 0 0 1 0 0 0 0 0 0 0 0 0 0 0 0 0 0 0 
0 8 15 31 54 59 73 130 216 222 297 404 465 460 573 717 881 1132 1483 1661 1896 2107 2256 2560 2886 3186 3490 3654 4009 4219 4464 4830 4816 4862 4920 4961 5026 5037 5029 4922 4691 4646 4542 4339 4110 3879 3591 3488 3206 3137 2838 2688 2530 2298 2124 1923 1817 1679 1534 1442 1278 1226 1083 948 893 770 692 672 621 599 548 482 428 371 345 323 287 285 228 203 200 176 169 136 109 125 121 117 97 86 59 91 44 48 63 58 34 45 37 34 30 20 21 23 30 14 9 21 9 10 12 8 14 4 5 4 5 2 1 3 3 3 5 3 2 5 1 2 3 3 0 0 1 1 0 1 1 0 3 1 0 0 0 0 0 0 2 2 0 0 0 0 0 2 0 0 0 0 0 1 0 1 0 0 0 0 0 0 0 0 0 
0 8 19 36 59 48 50 46 110 128 167 198 276 365 385 499 676 1008 1083 1040 1248 1554 1659 2045 2180 2441 2875 3108 3248 3735 3897 3966 4312 4423 4619 4829 4923 5042 5059 5246 5086 5007 4916 4765 4544 4406 4244 4147 3840 3603 3358 3195 2925 2737 2615 2436 2179 2023 1863 1735 1524 1460 1373 1198 1095 1033 954 901 707 698 624 523 510 462 421 388 325 343 278 225 255 222 190 165 155 152 129 115 115 107 99 86 74 73 77 49 60 50 41 29 36 34 22 28 25 26 22 13 13 13 12 6 8 14 9 10 6 6 5 7 1 8 5 8 5 3 8 4 3 2 1 5 6 1 1 1 3 1 3 1 2 1 2 3 0 1 1 3 1 0 0 0 0 1 0 0 1 0 0 0 0 0 0 0 0 0 0 1 0 0 0 0 0 0 1 0 0 1 0 
0 11 15 34 42 51 63 55 211 213 158 268 338 420 559 732 723 858 904 1138 1348 1792 1973 1944 2172 2725 2925 3208 3558 3740 4013 4211 4468 4592 4658 4934 5084 4951 5020 5016 4938 5201 4792 4790 4571 4303 4086 4033 3695 3383 3233 2875 2905 2715 2410 2288 2026 1866 1852 1606 1458 1342 1186 1149 1024 927 833 754 701 636 658 549 487 409 408 401 299 277 280 277 218 219 164 160 142 120 136 98 127 86 91 79 63 63 54 51 45 54 43 36 40 35 23 25 22 26 13 11 11 10 23 17 13 7 8 9 7 3 5 9 5 3 8 9 5 2 3 1 1 0 1 1 0 1 2 1 2 0 1 1 2 1 0 1 1 2 0 0 0 2 0 0 1 0 0 0 0 1 1 0 0 0 1 0 0 0 4 1 0 0 1 0 1 0 1 0 0 0 0 0 0 0 0 0 0 0 1 0 0 0 0 1 0 
0 8 26 35 43 78 96 127 201 235 210 304 350 425 600 661 705 880 951 1425 1805 1984 1994 2261 2531 2995 3143 3631 4059 3958 4168 4388 4622 4664 5014 5089 5009 5119 5128 5024 4867 4984 4631 4496 4332 4015 3871 3786 3546 3277 3110 2852 2698 2483 2310 2081 1953 1785 1524 1419 1347 1258 1146 1006 972 852 823 742 695 591 584 469 423 396 369 335 333 271 243 221 223 191 184 177 162 122 105 115 96 91 85 73 66 57 42 55 36 30 41 30 32 34 33 25 20 20 23 14 15 9 13 10 13 6 7 8 5 3 4 1 2 4 0 2 2 1 2 1 1 1 1 0 0 0 0 0 0 0 0 1 0 1 0 0 0 0 2 0 0 0 1 0 0 1 0 0 0 0 
0 6 21 29 47 59 67 207 275 275 347 318 429 555 651 748 951 1097 1198 1551 1747 1992 2123 2446 2631 3234 3374 3607 3550 3883 4037 4412 4813 4783 4905 4990 5004 4804 4861 4927 4866 4732 4529 4449 4307 4162 3739 3574 3334 3269 3036 2856 2595 2365 2247 2071 1919 1838 1655 1529 1403 1223 1156 1108 936 868 763 696 661 564 548 490 476 414 381 338 283 276 229 234 205 174 165 141 142 122 104 109 103 79 75 54 52 55 64 63 34 43 23 38 40 22 22 32 16 21 20 12 16 17 15 10 13 5 8 5 4 3 5 0 6 3 1 2 3 2 4 0 5 3 1 1 2 3 3 0 0 0 1 2 1 0 0 0 0 1 0 1 0 0 0 0 1 0 0 0 0 1 0 0 
