0 3 22 26 44 51 160 64 119 103 148 201 206 295 277 338 521 444 487 559 555 795 829 948 1040 1221 1308 1387 1611 1844 1948 2115 2411 2662 2704 2777 2834 3195 3404 3451 3516 3692 3599 3626 3715 3775 3765 3805 3734 3628 3544 3374 3272 3116 3007 2951 2798 2549 2441 2339 2223 2097 1994 1850 1753 1637 1550 1329 1273 1196 1103 1022 909 926 862 728 715 637 608 574 499 516 421 396 322 348 297 313 258 241 223 200 174 151 147 137 137 117 106 106 103 88 75 63 55 76 53 53 34 40 39 46 40 35 24 20 25 27 19 20 16 16 17 11 8 11 8 7 9 10 13 9 1 
0 2 28 78 24 57 108 122 105 186 215 352 308 303 339 353 395 513 574 639 774 923 841 1080 1123 1282 1425 1461 1731 1798 2005 2175 2475 2492 2669 2930 3085 3159 3264 3553 3675 3731 3880 3853 3727 3837 3698 3782 3574 3560 3396 3318 3173 3119 3030 2827 2624 2463 2399 2315 2218 2026 1932 1726 1628 1563 1485 1350 1264 1162 1110 1039 935 854 809 714 670 644 587 547 460 451 405 378 330 304 278 271 251 219 169 171 175 168 138 125 109 104 87 79 75 68 81 61 70 62 42 49 39 43 32 29 29 31 19 19 20 20 14 16 12 13 8 8 8 9 6 5 6 5 6 7 2 4 
1 4 26 46 62 80 77 85 90 194 129 167 192 252 328 418 395 466 481 646 819 866 882 1030 1144 1361 1608 1820 1872 2094 2232 2210 2573 2766 2913 3162 3333 3478 3535 3584 3616 3730 3942 3853 3709 3876 3740 3683 3500 3439 3455 3348 3169 3064 2932 2781 2605 2426 2387 2273 1962 1846 1776 1754 1633 1428 1419 1302 1186 1081 1044 867 859 794 724 692 629 578 491 518 421 445 430 349 300 310 285 226 216 195 189 180 153 151 169 132 120 80 118 84 79 62 54 66 57 51 50 51 47 34 25 31 18 32 28 11 21 20 12 15 15 9 7 10 9 9 7 12 9 6 5 3 
1 11 31 50 62 80 86 91 110 136 167 175 238 332 535 368 472 499 692 692 782 976 958 1249 1428 1414 1544 1830 1829 2036 2278 2513 2587 2762 2960 3226 3335 3594 3677 3608 3654 3704 3839 3803 3845 3820 3702 3716 3717 3444 3451 3175 3010 3063 2871 2747 2623 2417 2301 2074 1988 1932 1747 1561 1500 1429 1390 1246 1177 1003 991 859 870 743 681 660 611 577 497 471 443 428 360 284 295 281 261 219 218 171 160 134 137 135 129 131 109 78 75 87 65 62 62 52 51 50 38 52 35 42 34 38 25 18 19 17 16 17 11 11 11 16 7 12 10 9 7 3 4 3 4 8 4 3 
0 12 23 50 34 31 53 55 55 73 80 166 212 183 348 235 333 525 520 441 476 712 741 764 878 1022 1088 1254 1434 1728 1709 1782 2039 2163 2421 2550 2689 2897 2970 3320 3462 3489 3355 3535 3626 3662 3607 3718 3746 3631 3459 3346 3325 3222 3187 3130 2938 2855 2640 2548 2476 2150 2076 2026 1908 1753 1729 1516 1465 1267 1286 1165 1110 1068 919 866 812 753 696 634 606 547 486 505 441 370 377 334 330 288 267 262 221 206 188 186 166 168 134 137 122 105 86 94 77 88 73 60 62 52 54 35 31 40 39 30 40 25 33 27 27 23 13 19 17 17 14 12 18 16 15 9 9 12 6 11 9 4 5 3 4 6 
0 5 14 28 38 61 66 66 101 95 102 179 200 200 195 261 356 351 509 561 604 699 757 821 913 1125 1216 1423 1423 1598 1718 1781 2103 2185 2543 2772 2861 3029 3134 3231 3401 3426 3506 3585 3672 3819 3692 3737 3699 3666 3520 3453 3397 3231 3263 3034 2839 2764 2630 2441 2322 2230 2098 1988 1897 1807 1620 1502 1425 1303 1195 1157 1021 967 867 820 827 663 676 570 589 515 478 414 361 355 334 329 261 259 233 249 183 179 151 131 144 123 123 108 94 116 82 82 60 56 63 52 41 64 22 27 23 19 30 22 30 15 23 15 13 14 18 9 9 13 10 7 6 7 4 8 5 6 5 4 6 
0 1 19 28 77 54 51 76 122 96 132 178 203 323 327 306 342 420 518 703 772 719 876 888 1034 1225 1454 1454 1555 1914 2055 2301 2398 2705 2565 2717 2851 3067 3377 3419 3569 3596 3594 3786 3700 3765 3743 3721 3637 3599 3645 3468 3292 3213 3072 2946 2808 2656 2503 2375 2183 2198 1960 1798 1655 1596 1456 1391 1327 1261 1104 1060 959 831 839 769 700 599 590 588 492 437 400 408 362 333 297 280 204 214 184 203 161 134 147 144 116 115 99 74 76 81 67 55 57 57 34 49 47 52 32 42 18 22 14 22 18 16 15 15 20 11 17 6 6 6 13 10 8 11 5 7 2 2 6 2 1 3 7 0 3 6 1 
0 5 15 27 95 214 255 87 246 269 292 414 461 467 674 723 830 1036 1065 1163 1323 1473 1613 1773 2240 2307 2606 2575 2601 2725 2919 3076 3287 3472 3718 3776 3589 3737 3869 3852 3790 3878 3802 3805 3556 3519 3392 3219 3043 3025 2835 2684 2566 2444 2231 2119 2041 1804 1683 1566 1554 1409 1275 1205 1142 1008 939 839 799 742 711 598 579 548 473 442 433 372 337 282 274 259 243 251 203 174 175 157 127 127 118 93 97 97 100 80 74 65 65 53 54 49 44 39 41 28 27 26 28 20 23 26 17 17 8 11 10 11 4 7 8 2 7 10 4 3 1 
0 6 21 24 59 61 69 70 140 100 117 128 131 203 279 304 348 349 547 570 714 585 833 926 1123 1163 1429 1512 1675 1750 2106 1968 2088 2258 2542 2779 2849 2961 3277 3369 3487 3510 3596 3698 3678 3672 3736 3845 3744 3684 3687 3275 3338 3242 3117 2979 2794 2650 2427 2343 2253 2164 1965 1846 1781 1716 1520 1408 1345 1221 1127 1064 971 916 823 771 770 650 622 540 540 480 442 364 365 340 316 264 225 228 234 213 172 158 149 152 144 119 121 116 79 71 68 60 49 65 59 45 46 49 46 39 22 28 17 19 20 16 19 12 22 13 11 10 14 10 10 12 12 11 8 5 7 6 11 
0 3 17 23 84 98 37 58 133 124 232 207 155 277 309 285 323 405 640 836 743 756 1010 1175 1341 1284 1434 1612 1745 1860 2091 2199 2548 2721 2951 3058 3149 3307 3460 3518 3624 3701 3815 3772 3772 3701 3770 3689 3519 3504 3407 3215 3187 3110 2809 2900 2668 2533 2331 2284 2140 1914 1837 1677 1553 1523 1441 1290 1178 1083 1017 996 872 835 742 730 624 544 536 540 456 437 415 409 341 297 277 263 232 205 202 210 162 167 125 121 123 91 98 85 98 93 86 64 55 63 44 57 47 48 53 30 26 30 31 25 21 22 26 19 21 19 16 10 10 8 7 11 10 8 6 7 9 8 10 4 
0 2 12 37 45 40 121 66 81 117 159 177 206 239 337 306 305 389 508 574 562 637 825 961 1112 1211 1148 1391 1447 1702 1935 2049 2202 2358 2656 2774 2863 3125 3215 3358 3509 3399 3669 3760 3762 3540 3751 3720 3618 3666 3569 3487 3455 3277 3129 2933 2857 2758 2618 2428 2217 2206 2040 1835 1785 1677 1494 1433 1356 1267 1189 1020 905 963 812 807 759 622 635 576 557 472 478 387 393 334 335 320 272 277 217 215 183 183 126 156 166 158 121 103 91 102 81 83 67 66 66 53 51 43 49 51 38 29 35 23 22 22 22 17 19 19 9 12 9 11 8 6 5 7 5 2 10 4 6 
1 0 24 30 34 55 60 86 143 148 91 230 211 220 239 468 308 386 374 469 668 703 726 922 988 1169 1133 1356 1702 1684 1954 2016 2236 2301 2344 2674 2831 3039 3179 3386 3514 3450 3616 3690 3751 3785 3792 3618 3649 3552 3494 3441 3237 3204 3153 2891 2862 2718 2629 2444 2446 2267 2129 1995 1799 1692 1621 1559 1429 1297 1202 1127 1001 873 850 799 745 715 638 605 559 470 485 444 394 353 360 276 293 279 245 218 209 163 150 153 133 117 129 106 114 69 69 88 80 63 52 53 46 46 49 38 45 33 45 32 31 31 25 20 21 17 19 12 15 17 17 17 12 8 7 7 5 9 7 4 6 6 
0 3 10 35 43 64 67 140 74 113 122 164 213 260 262 367 344 428 499 543 527 772 777 943 1005 1039 1173 1414 1666 1672 1873 1979 2239 2493 2452 2644 2904 3044 3190 3434 3454 3527 3594 3708 3739 3851 3856 3537 3691 3694 3653 3363 3287 3169 3103 3038 2715 2647 2479 2367 2315 2224 1993 1884 1787 1608 1613 1505 1396 1261 1123 1028 989 961 842 765 680 602 650 590 504 479 470 405 344 353 324 300 260 240 228 202 204 174 163 136 123 138 110 107 126 87 66 85 71 66 58 57 43 39 44 32 27 25 37 29 36 27 19 17 18 22 18 9 9 18 12 4 5 5 10 5 9 6 3 
0 5 25 41 61 49 56 55 78 107 96 120 152 155 264 300 364 383 487 462 612 637 668 845 1019 1198 1056 1266 1444 1777 1896 2111 2183 2351 2506 2504 2855 3091 3333 3404 3481 3683 3561 3700 3766 3910 3895 3827 3737 3705 3626 3599 3349 3300 3302 2996 2997 2747 2694 2556 2442 2288 2079 2013 1769 1735 1563 1435 1342 1321 1154 1062 1009 910 851 765 738 697 607 572 551 494 429 388 373 386 346 293 271 216 233 219 181 174 152 131 146 129 114 106 103 73 78 68 63 48 55 49 41 40 36 31 25 28 37 16 12 11 10 14 17 13 11 3 5 7 7 6 7 2 1 4 6 
0 5 16 24 54 66 67 116 90 353 155 178 259 522 325 528 565 681 735 728 944 953 1079 1223 1261 1378 1562 1848 1898 2135 2213 2529 2717 2763 2973 3117 3213 3464 3643 3543 3773 3717 3738 3607 3715 3708 3565 3546 3455 3400 3317 3241 2984 2929 2824 2712 2478 2385 2266 2123 2001 1865 1755 1530 1540 1362 1358 1276 1073 1022 983 988 755 778 672 623 567 555 513 490 452 389 342 341 276 274 218 208 222 219 174 177 125 129 133 115 100 116 93 73 74 82 51 44 62 43 37 30 38 33 26 28 24 20 15 16 22 13 14 7 10 9 10 6 5 3 7 4 5 2 5 
0 8 16 35 347 40 71 193 141 189 271 355 359 361 539 532 522 738 823 978 1035 1140 1222 1333 1412 1560 1877 2022 2148 2463 2596 2862 2758 2859 3134 3342 3397 3575 3594 3713 3694 3803 3686 3803 3671 3510 3546 3613 3384 3211 3200 3027 2808 2708 2617 2457 2335 2224 2175 1867 1770 1728 1590 1477 1450 1253 1145 1086 1023 931 840 820 753 689 630 545 481 480 441 449 437 362 327 313 238 234 187 188 186 182 160 134 104 133 106 110 94 81 85 64 56 51 50 55 54 35 30 40 33 34 21 23 29 34 31 20 25 17 10 14 8 14 8 10 7 8 7 6 4 6 
0 8 16 25 58 63 76 68 80 82 77 118 169 130 157 224 386 274 393 452 513 603 699 730 947 853 1052 1337 1392 1530 1711 1668 1944 2148 2452 2372 2804 2914 3016 3343 3273 3575 3770 3690 3776 3822 3747 3764 3698 3773 3702 3501 3512 3380 3155 3066 3038 2771 2788 2562 2563 2372 2201 2090 1941 1885 1653 1626 1436 1483 1316 1158 1078 1039 890 935 820 732 695 588 548 492 452 491 442 384 324 330 297 264 212 225 221 204 184 184 140 121 124 107 99 93 92 77 65 69 64 69 53 48 44 38 40 46 37 29 34 29 25 23 28 20 14 12 21 11 21 13 11 15 13 6 9 7 7 10 4 2 4 
1 4 8 30 37 44 83 77 67 90 98 195 204 167 239 292 405 455 523 626 678 692 765 953 1023 1159 1320 1431 1638 1822 1909 2060 2280 2363 2611 2669 2763 3027 3254 3278 3409 3613 3685 3674 3731 3718 3691 3871 3782 3753 3596 3519 3344 3215 3173 2976 2855 2803 2562 2448 2366 2073 2035 1871 1740 1650 1514 1495 1297 1214 1107 1071 1027 903 826 796 729 649 636 557 497 502 415 431 406 313 305 304 267 236 225 211 175 177 141 135 148 121 85 85 77 63 82 69 67 41 46 39 39 42 41 32 24 31 29 25 16 16 21 14 7 16 7 8 12 14 7 7 9 7 7 6 
0 3 8 29 49 41 41 115 140 130 185 132 103 531 267 291 387 372 529 595 706 802 846 1073 1003 1127 1242 1370 1544 1746 1976 2102 2316 2453 2537 2718 2861 3108 3191 3402 3437 3573 3631 3784 3743 3777 3711 3724 3765 3455 3415 3414 3328 3195 2967 2866 2721 2793 2636 2385 2244 2175 1985 1916 1702 1603 1523 1330 1283 1237 1066 1090 959 885 864 778 638 636 620 534 501 465 426 385 346 300 327 294 260 225 201 166 147 171 185 140 115 101 83 100 110 82 73 44 65 46 49 46 42 45 40 25 23 20 26 20 18 9 16 13 17 10 12 8 13 10 10 8 2 6 4 6 11 
0 3 8 24 41 45 53 118 69 84 122 170 172 189 261 362 303 385 485 635 528 815 770 861 984 1048 1117 1337 1474 1651 1559 1754 2035 2188 2385 2625 2714 2937 3059 3240 3248 3435 3405 3641 3622 3609 3762 3811 3768 3666 3532 3431 3436 3196 3160 3124 3022 2847 2590 2584 2397 2222 2167 2012 1916 1758 1662 1503 1396 1276 1182 1154 1054 987 951 867 771 714 636 597 626 561 476 447 429 404 311 311 281 240 227 220 209 214 173 178 160 125 107 125 116 97 105 99 75 63 71 65 50 40 39 40 38 35 46 35 15 18 25 26 19 25 12 10 20 14 13 5 13 10 13 8 6 11 1 4 5 
0 6 15 18 41 33 53 81 79 79 89 124 198 161 177 318 421 353 427 405 492 618 654 739 931 935 1072 1199 1421 1505 1743 1762 1966 2102 2227 2601 2531 2759 2906 3221 3329 3339 3513 3520 3666 3663 3813 3815 3749 3667 3659 3587 3364 3414 3245 3098 2990 2836 2787 2627 2541 2317 2140 2056 1888 1791 1672 1655 1458 1361 1281 1108 1050 1044 956 884 820 698 727 617 586 548 445 442 430 379 351 301 292 252 217 228 207 192 173 158 159 148 122 113 100 94 78 81 88 84 65 71 53 58 41 46 41 32 28 30 28 27 29 32 30 15 17 15 13 14 14 8 8 13 13 8 8 10 13 7 4 5 
2 7 26 39 50 68 79 196 255 312 263 256 351 501 631 684 740 777 862 1215 1275 1258 1576 1669 2001 2029 2076 2427 2712 2903 3096 3251 3319 3339 3432 3695 3727 3860 3821 3778 4067 3770 3783 3752 3705 3509 3356 3432 3245 3082 2829 2698 2576 2510 2382 2140 2042 1876 1807 1734 1589 1452 1380 1281 1209 1096 979 892 820 729 688 691 587 562 495 505 411 400 413 339 326 296 285 249 217 208 195 166 157 140 158 144 117 88 77 94 98 59 75 61 47 50 41 43 36 28 37 31 17 33 38 29 17 25 16 20 16 12 6 11 6 6 10 8 14 11 8 4 4 6 5 8 3 
1 4 15 36 44 55 58 118 108 107 151 143 168 188 263 346 357 557 437 613 680 774 877 1107 1114 1160 1294 1410 1578 1807 1905 2312 2382 2514 2599 2889 3028 3296 3204 3372 3654 3707 3910 3720 3897 3878 3763 3763 3599 3644 3524 3272 3145 3156 2956 2897 2862 2604 2399 2353 2178 2022 1968 1741 1674 1539 1439 1290 1299 1165 1059 987 946 900 844 754 692 631 541 521 506 467 375 363 349 326 311 273 253 205 219 209 166 166 147 112 134 104 118 92 93 76 81 74 51 61 56 47 52 48 39 27 45 29 24 30 30 17 23 29 22 15 16 15 10 14 16 11 7 6 8 8 7 6 3 
1 10 25 44 38 49 106 100 95 135 173 118 196 231 285 376 565 390 432 618 707 851 918 1024 1137 1526 1375 1545 1691 2069 2231 2317 2490 2687 2803 2931 3195 3154 3414 3529 3628 3838 3811 3926 3853 3747 3784 3798 3648 3570 3559 3525 3368 3120 3025 2899 2683 2546 2501 2447 2210 1980 1941 1671 1609 1492 1417 1349 1239 1162 1033 1010 859 830 768 686 650 615 568 524 462 391 395 363 300 309 264 227 221 205 165 169 149 139 142 121 97 107 81 77 93 62 49 65 55 53 39 34 36 41 22 26 23 22 20 21 14 20 17 22 16 12 13 8 6 8 5 4 7 9 3 6 
0 7 15 30 30 44 82 84 84 100 119 123 229 167 264 274 338 473 598 467 626 662 824 949 1039 1030 1303 1406 1492 1700 2005 2195 2195 2410 2636 2752 2776 3031 3195 3274 3344 3588 3603 3749 3711 3616 3636 3705 3635 3558 3449 3458 3232 3168 3130 2981 2966 2641 2552 2436 2311 2145 1961 1887 1780 1708 1567 1420 1345 1315 1205 1089 992 937 949 763 745 695 598 557 504 481 454 431 377 307 334 304 291 266 249 195 165 168 187 152 149 121 108 116 90 102 90 84 85 57 55 52 55 54 48 36 24 34 23 28 26 17 29 11 22 12 10 11 12 8 10 9 8 8 1 1 4 10 3 2 
1 5 27 27 43 42 87 70 120 78 162 141 199 251 314 350 340 354 493 572 720 726 1009 1024 1074 1158 1392 1524 1622 1757 2035 2063 2299 2687 2659 2767 2899 3293 3204 3354 3577 3594 3659 3755 3703 3802 3661 3697 3667 3513 3482 3594 3202 3240 3054 2857 2771 2712 2428 2370 2167 2133 1909 1874 1684 1614 1530 1337 1268 1135 1110 1060 931 888 770 749 701 695 655 537 515 437 471 365 336 310 318 288 263 253 208 220 158 166 180 162 143 127 103 97 104 91 83 79 65 62 58 67 58 54 46 31 37 36 28 31 30 30 30 16 21 13 11 12 9 12 11 8 13 8 9 6 9 7 9 
1 4 20 44 54 50 47 40 136 129 114 190 357 216 299 352 396 476 628 635 742 885 886 1125 1230 1255 1524 1803 1867 1946 2243 2314 2514 2606 2885 3066 3178 3370 3460 3617 3927 3661 3774 3748 3780 3773 3883 3601 3734 3503 3416 3381 3211 3111 3041 2850 2574 2595 2391 2305 2137 1952 1841 1654 1655 1503 1367 1265 1219 1106 1030 908 903 762 682 674 606 568 548 494 416 407 373 294 287 277 280 249 218 187 191 172 133 146 146 123 119 114 100 93 91 85 75 69 47 38 42 52 45 35 23 31 30 24 21 27 13 11 15 10 21 14 12 7 8 8 5 9 4 8 2 4 5 
0 7 13 27 42 32 60 79 121 111 420 195 160 261 354 472 404 601 591 811 808 982 1116 1244 1207 1443 1436 1638 2049 2105 2365 2483 2591 2846 2880 3127 3388 3556 3498 3606 3731 3825 3687 3576 3868 3813 3707 3540 3679 3451 3338 3164 3049 2944 2838 2726 2478 2447 2201 2077 1967 1891 1822 1688 1502 1417 1307 1218 1123 1049 952 933 860 757 733 682 597 551 480 495 424 406 370 349 334 294 263 270 219 232 226 174 196 158 149 132 98 92 102 83 67 73 70 65 56 53 52 43 45 35 34 36 21 23 29 11 18 15 19 9 12 9 17 6 4 4 2 5 4 4 4 1 
0 7 24 35 35 36 31 47 80 201 132 97 268 174 202 302 294 337 510 511 555 599 700 931 839 902 1014 1231 1369 1517 1651 1843 1982 2203 2361 2625 2745 2877 3178 3302 3524 3441 3449 3641 3637 3918 3718 3684 3750 3758 3659 3620 3519 3444 3228 3073 3037 2788 2803 2564 2465 2292 2119 2024 1826 1765 1702 1563 1416 1308 1228 1113 1060 1024 874 826 759 796 631 616 577 577 460 464 400 361 392 323 327 285 247 273 208 200 163 152 152 124 115 115 112 106 95 78 66 78 79 53 57 59 56 49 32 41 34 31 34 21 26 16 21 11 10 24 12 15 13 14 10 11 8 6 11 1 3 4 10 1 0 
2 2 20 34 76 52 67 96 98 98 225 129 188 275 416 396 479 471 617 666 813 861 933 1199 1213 1378 1334 1512 1808 1941 1999 2181 2369 2642 2865 3012 3247 3328 3355 3404 3496 3654 3822 3735 3832 3880 3742 3758 3551 3458 3325 3268 3149 3095 2985 2754 2738 2506 2394 2259 1996 2011 1906 1792 1657 1404 1510 1323 1236 1120 1059 1019 908 807 744 738 668 557 529 514 490 454 401 333 350 324 305 257 271 209 200 203 167 148 165 119 117 93 84 111 94 71 69 76 53 58 42 51 25 46 34 33 26 21 25 19 15 13 14 15 16 10 14 11 10 8 2 2 5 8 4 3 2 6 4 
1 7 14 35 38 41 57 75 130 114 115 153 204 162 211 382 468 604 396 527 594 786 907 925 1134 1147 1417 1509 1676 1907 1946 2292 2339 2586 2688 2932 3030 3047 3273 3460 3548 3583 3652 3814 3753 3716 3722 3767 3722 3529 3534 3369 3302 3220 3081 2907 2819 2688 2488 2273 2242 2147 1958 1885 1811 1588 1511 1379 1243 1180 1131 1056 894 901 811 745 712 597 573 564 478 475 424 388 349 343 322 266 258 209 209 205 182 168 123 153 138 139 112 91 101 71 97 87 82 53 61 48 47 36 36 39 44 21 24 13 13 31 13 16 11 16 8 10 9 10 14 7 10 6 10 7 
1 8 14 24 41 50 40 199 74 71 104 262 293 250 608 350 349 452 725 759 783 829 921 1179 1209 1305 1452 1724 1842 1992 2276 2411 2603 2731 2818 2968 3207 3253 3376 3534 3577 3750 3820 3835 3677 3729 3699 3732 3584 3504 3420 3330 3212 2999 2895 2756 2559 2385 2333 2253 2078 1917 1801 1718 1646 1544 1406 1312 1174 1085 1089 947 864 830 712 651 627 617 582 487 493 480 430 368 331 323 277 263 217 244 213 163 163 139 153 130 113 114 98 85 76 60 76 67 59 58 52 47 38 46 39 35 33 26 27 26 17 21 14 13 11 17 12 17 11 5 10 3 14 3 8 1 7 
0 8 25 26 39 42 54 77 76 86 107 105 215 183 190 254 310 322 500 422 622 698 846 825 894 1015 1225 1330 1393 1463 1672 1724 1894 2153 2313 2479 2717 2971 2938 3181 3263 3453 3735 3590 3635 3666 3812 3783 3783 3716 3691 3618 3380 3443 3251 3054 3023 2992 2709 2597 2409 2303 2196 2080 1948 1849 1646 1567 1441 1389 1208 1168 1074 970 894 842 763 702 649 637 559 530 461 444 429 375 321 327 299 281 251 246 223 192 189 167 161 124 125 107 115 107 79 68 81 65 51 52 57 56 49 44 34 28 30 36 24 24 22 11 15 17 22 15 11 7 11 9 9 15 10 10 2 2 6 
0 6 13 31 38 49 61 55 87 105 106 189 210 494 202 325 350 439 521 671 739 965 856 1087 1172 1139 1250 1562 1622 1967 2019 2071 2295 2399 2544 2884 3066 3222 3360 3522 3601 3521 3671 3747 3777 3629 3753 3726 3657 3503 3458 3325 3389 3213 2970 2853 2799 2608 2498 2409 2293 2066 1998 1819 1721 1556 1459 1426 1296 1166 1105 946 974 983 813 743 675 630 592 508 495 451 418 372 354 320 264 251 237 216 214 197 164 169 147 127 115 135 120 94 81 68 78 56 58 55 50 43 41 43 28 31 25 29 25 29 22 17 24 15 14 11 9 14 7 16 11 7 5 6 7 9 4 3 
0 3 14 36 52 61 61 76 137 152 325 204 257 280 372 639 706 810 637 749 816 1037 1163 1358 1421 1503 1705 1884 2019 2141 2384 2698 2803 2911 3002 3157 3353 3427 3526 3551 3765 3721 3678 3774 3715 3732 3504 3590 3422 3396 3317 3110 3038 2975 2803 2529 2500 2287 2196 2022 1886 1755 1692 1607 1547 1396 1278 1178 1058 1006 928 838 806 723 665 618 547 498 457 438 407 360 318 290 298 268 228 235 219 196 184 165 132 120 137 129 89 87 98 79 62 60 60 62 47 41 51 35 22 24 32 20 38 30 22 23 19 15 12 13 15 10 7 8 16 11 7 9 4 9 12 7 
0 3 12 32 47 51 59 81 87 121 140 157 178 222 297 368 590 547 467 713 801 864 1124 1024 1253 1322 1384 1571 1801 1963 2106 2338 2442 2675 2649 2858 3132 3343 3433 3640 3767 3725 3726 3622 3611 3749 3719 3755 3666 3444 3429 3361 3369 3084 2858 2806 2697 2521 2331 2322 2157 2073 1931 1743 1563 1498 1391 1247 1209 1116 992 956 906 793 711 680 615 588 581 535 475 440 400 412 342 296 292 254 219 203 209 168 170 155 138 132 120 133 104 93 83 69 86 65 73 54 49 43 41 32 51 32 42 26 12 35 26 25 14 15 12 10 16 13 13 7 3 14 10 6 5 7 3 7 
0 4 50 60 81 30 66 195 90 155 114 206 204 302 354 395 533 445 528 568 646 767 864 1091 1210 1203 1375 1430 1553 1811 2039 2178 2468 2495 2505 2852 2966 3151 3270 3410 3476 3674 3754 3679 3782 3797 3685 3677 3549 3637 3532 3507 3268 3141 2992 2840 2718 2586 2432 2440 2319 2067 1993 1794 1679 1534 1464 1430 1285 1166 1042 1040 958 861 836 784 684 616 594 495 487 464 445 380 359 324 308 279 251 220 214 177 186 147 151 140 115 116 130 99 78 70 74 75 81 63 59 40 49 43 35 31 26 35 25 19 22 19 16 6 17 8 15 12 10 3 5 12 5 3 5 5 
0 6 15 30 36 47 56 82 83 82 125 176 457 195 276 329 320 431 700 561 594 809 920 1093 1164 1202 1312 1493 1884 1878 1993 2176 2438 2597 2753 2847 2997 3155 3301 3469 3526 3779 3699 3771 3699 3682 3745 3871 3708 3645 3558 3404 3362 3134 3097 2801 2663 2608 2502 2337 2321 2062 1854 1850 1633 1563 1541 1400 1259 1154 1060 1050 972 834 790 720 653 618 567 528 444 446 423 378 319 329 262 269 245 220 198 196 150 147 137 146 145 110 110 113 100 86 70 62 59 51 45 47 41 44 37 40 32 35 33 28 18 16 11 8 13 13 11 16 4 6 10 8 6 6 10 2 4 3 
0 1 10 26 28 34 38 68 187 84 194 128 184 179 393 257 257 396 638 659 645 794 803 1052 1159 1127 1286 1529 1677 1892 1982 2182 2281 2514 2680 2933 3019 3222 3147 3403 3512 3712 3826 3714 3834 3818 3749 3697 3536 3549 3524 3390 3294 3192 3116 2970 2850 2561 2462 2353 2243 2121 1927 1771 1666 1550 1506 1372 1283 1179 1102 975 986 874 783 690 668 627 582 568 475 460 427 384 368 306 296 283 242 228 208 190 178 143 140 152 127 131 109 75 85 68 85 58 66 58 49 48 45 48 47 28 46 36 30 27 17 12 16 29 19 16 19 12 13 6 10 10 6 9 11 14 9 6 8 4 3 3 
0 0 13 33 53 56 70 124 68 102 109 171 198 277 243 341 367 396 486 582 614 1016 800 786 960 1041 1250 1332 1438 1629 1741 1842 2129 2259 2533 2639 2809 2887 3101 3205 3465 3468 3589 3568 3708 3927 3776 3655 3700 3530 3498 3422 3250 3199 3269 3020 2858 2770 2666 2459 2357 2320 2015 1940 1940 1758 1613 1529 1419 1290 1241 1122 1062 922 836 840 787 729 618 555 540 516 479 425 412 382 342 284 250 251 223 221 179 174 179 156 147 133 109 106 91 70 77 76 61 56 57 48 43 38 37 40 23 30 24 30 19 21 16 13 18 14 8 9 15 6 15 7 5 6 4 8 4 5 2 
0 3 26 46 46 67 82 104 138 119 137 164 162 252 326 248 292 517 593 538 589 706 877 1039 1069 1187 1319 1517 1516 1641 1891 2125 2336 2437 2666 2777 2903 2915 3201 3357 3403 3433 3454 3494 3610 3746 3725 3646 3425 3556 3449 3390 3311 3229 2988 3008 2708 2632 2503 2411 2210 2165 2119 1900 1874 1643 1638 1363 1369 1237 1166 1072 967 923 814 839 718 667 673 603 517 462 455 406 359 356 357 302 273 248 230 203 201 182 175 149 132 153 114 113 90 103 85 69 71 67 67 49 48 43 43 32 37 36 27 34 28 27 20 14 28 15 17 11 10 6 9 16 8 7 3 5 7 3 0 
0 7 16 33 36 38 62 107 123 170 159 243 154 221 401 391 347 437 613 740 823 845 911 1031 1068 1298 1417 1669 1923 1909 2031 2220 2461 2637 2733 2943 3151 3417 3370 3542 3614 3619 3742 3702 3726 3695 3673 3581 3613 3452 3450 3325 3217 3088 3042 2946 2724 2578 2451 2252 2167 1996 1855 1758 1637 1473 1448 1310 1271 1162 1060 991 901 829 686 713 635 663 541 500 410 385 364 327 326 299 277 277 224 206 210 156 153 171 130 142 127 106 89 69 92 78 66 67 43 41 43 41 50 33 44 42 38 33 24 21 19 25 20 13 18 5 10 15 10 18 11 5 8 14 6 4 4 5 0 7 
0 8 7 30 43 54 66 84 103 102 93 134 150 212 307 401 514 392 417 689 580 750 879 962 978 1129 1217 1355 1470 1792 1929 2101 2240 2466 2497 2680 2992 3246 3227 3566 3566 3603 3685 3672 3714 3796 3764 3757 3657 3464 3440 3365 3316 3141 3132 2911 2804 2696 2565 2341 2273 2111 1971 1878 1710 1677 1444 1349 1364 1231 1099 1061 958 903 804 782 720 639 653 551 516 461 417 431 352 360 319 267 302 228 240 190 180 152 164 159 131 125 118 93 92 85 75 68 59 64 56 45 49 47 32 40 33 31 35 21 25 27 17 15 10 18 14 11 7 18 8 8 2 5 6 6 5 4 5 
0 3 16 26 39 80 71 62 75 126 187 147 200 299 367 352 404 441 481 667 686 1017 813 816 1083 1191 1262 1492 1591 1802 2008 2204 2438 2485 2628 2739 2959 2987 3306 3399 3534 3316 3518 3704 3662 3636 3735 3535 3561 3524 3513 3309 3249 3057 2900 2823 2697 2549 2374 2407 2219 2052 1939 1916 1737 1550 1510 1368 1338 1208 1128 1098 939 884 883 727 704 637 632 552 529 443 413 432 382 391 320 304 259 256 222 230 183 179 167 151 131 141 116 105 89 91 94 79 82 65 71 53 53 48 32 37 32 29 34 32 25 37 13 26 20 18 20 9 15 12 8 15 11 11 10 11 11 9 7 5 3 7 3 5 3 2 5 
0 6 24 41 43 48 68 79 146 94 127 201 303 337 429 325 480 551 650 764 892 941 983 1130 1293 1524 1678 1685 1952 2122 2296 2524 2780 2769 3032 3347 3371 3331 3512 3598 3684 3891 3750 3955 3778 3604 3745 3598 3545 3513 3335 3171 3161 2897 2804 2670 2475 2498 2203 2072 1998 1817 1775 1615 1456 1431 1308 1193 1017 1029 951 882 861 729 727 630 575 543 492 458 433 384 303 317 293 296 232 239 229 202 185 170 138 143 112 114 106 98 69 65 86 56 62 57 50 32 40 36 44 35 24 23 24 16 16 21 13 13 19 13 13 7 8 12 7 7 10 6 4 3 3 3 2 3 5 2 3 
1 5 21 21 55 85 60 78 164 232 329 149 225 303 375 416 459 442 656 713 773 894 982 997 1149 1374 1428 1671 1944 1911 2094 2277 2411 2666 2795 2879 3144 3378 3430 3370 3812 3714 3648 3700 3790 3706 3817 3738 3646 3493 3405 3438 3162 3158 3110 2774 2621 2514 2318 2247 2161 2003 1887 1729 1564 1500 1377 1296 1126 1062 1053 876 826 758 749 690 661 597 540 460 412 443 348 349 311 302 248 231 242 200 210 160 161 145 114 94 120 102 90 91 66 84 65 45 51 51 39 38 37 23 34 33 30 17 21 16 24 20 21 9 24 19 6 10 8 8 9 9 6 6 5 3 8 3 
0 5 11 25 41 50 48 64 251 138 247 411 203 303 371 443 655 535 746 703 874 1109 1164 1105 1201 1309 1571 1813 1937 2190 2342 2430 2674 2710 2921 3088 3184 3534 3648 3632 3705 3595 3739 3727 3777 3653 3644 3466 3365 3365 3316 3182 3122 2996 2812 2609 2420 2382 2303 2139 1941 1746 1648 1684 1500 1439 1277 1244 1191 1020 947 897 821 793 691 641 536 574 506 475 382 380 336 317 315 299 256 229 214 169 168 163 173 151 129 141 103 98 107 103 76 79 59 52 41 47 67 45 37 36 31 27 30 31 20 32 28 22 13 13 14 7 13 16 12 7 6 11 10 4 3 5 3 
0 1 18 31 49 52 68 66 90 143 150 189 327 215 277 423 456 743 498 668 752 837 1024 1163 1128 1294 1389 1705 1912 2004 2057 2142 2481 2514 2838 3017 3046 3349 3557 3554 3679 3715 3805 3772 3786 3740 3676 3580 3558 3415 3357 3300 3318 3165 2819 2688 2539 2498 2341 2236 2046 2000 1872 1637 1646 1486 1364 1308 1111 1130 1011 979 855 825 745 697 579 551 538 480 483 388 366 340 311 282 265 264 214 202 167 158 145 145 137 123 137 119 81 85 86 54 81 53 64 51 51 46 36 45 51 35 27 14 32 23 29 14 24 19 29 10 20 9 8 8 11 10 14 7 10 9 11 8 4 8 4 3 
0 4 17 37 45 55 52 100 170 119 101 324 170 228 333 338 381 512 505 790 655 869 881 999 1158 1341 1432 1602 1667 1803 2056 2194 2353 2668 2759 2915 2988 3054 3316 3378 3565 3622 3610 3740 3525 3688 3718 3729 3521 3603 3539 3340 3231 3152 2885 2737 2619 2639 2507 2250 2230 2001 1938 1755 1649 1630 1439 1319 1218 1120 1056 971 884 837 720 741 691 644 554 516 484 446 395 342 356 276 300 270 220 221 220 153 176 165 139 114 120 126 109 86 79 66 80 65 67 53 39 52 39 33 48 39 29 22 33 25 29 29 27 20 17 12 20 14 14 16 7 13 4 14 6 1 3 6 4 7 4 
0 3 20 33 45 51 50 64 85 194 76 128 189 234 329 367 408 469 577 583 561 647 797 851 1053 1126 1288 1374 1499 1614 1836 2138 2277 2416 2551 2702 2953 3078 3286 3375 3454 3504 3793 3741 3775 3713 3687 3809 3728 3736 3556 3390 3274 3203 3240 3042 2862 2839 2625 2431 2360 2188 2070 2036 1765 1636 1557 1513 1369 1266 1202 1109 914 976 830 795 693 673 607 598 503 461 430 390 327 327 316 307 256 222 205 192 179 143 153 167 117 100 115 92 80 86 71 61 72 58 49 45 50 43 34 34 34 42 31 34 15 19 16 12 15 15 16 14 13 12 13 17 14 3 4 8 4 4 7 0 
5 10 21 26 40 134 49 69 153 139 330 159 222 289 256 363 568 473 548 602 664 807 920 1033 1068 1309 1286 1398 1640 1734 2014 2148 2262 2403 2676 2875 3096 3183 3283 3331 3592 3509 3649 3757 3640 3806 3611 3672 3586 3499 3511 3376 3177 3196 3013 2859 2722 2648 2521 2411 2283 2042 1937 1870 1691 1622 1484 1361 1270 1218 1142 1018 956 909 790 722 676 636 606 554 458 455 386 411 365 331 297 262 253 223 209 194 172 153 149 156 116 117 104 110 100 83 67 67 84 61 56 49 58 37 37 37 39 38 26 23 23 25 17 16 16 11 13 8 12 13 8 8 9 4 10 3 5 5 4 
0 10 18 28 48 175 85 91 140 201 271 213 252 380 369 515 509 539 680 827 933 954 1039 1151 1374 1729 1897 1991 2027 2194 2332 2546 2836 3006 3180 3306 3381 3373 3545 3801 3778 3905 3951 3805 3710 3770 3595 3516 3485 3327 3272 3034 2897 2862 2643 2521 2431 2274 2214 2056 1921 1747 1667 1562 1417 1281 1172 1146 1076 963 870 840 750 672 611 624 576 517 488 449 419 368 329 294 272 259 210 227 209 193 162 140 140 128 106 98 105 94 88 84 87 61 57 48 40 46 47 24 23 40 29 32 19 19 16 17 12 20 13 10 10 9 5 5 10 5 4 7 3 
0 8 17 33 46 110 55 52 87 87 104 151 161 246 251 313 370 407 466 540 599 815 960 1241 1016 1065 1325 1699 1711 1953 2293 2536 2615 2795 2704 2797 3186 3371 3640 3647 3667 3604 3757 3861 3815 3839 3812 3743 3604 3583 3442 3361 3231 3057 2989 2876 2839 2614 2459 2342 2191 1990 1822 1760 1632 1497 1450 1320 1210 1142 990 995 941 867 751 685 664 633 537 552 442 390 397 342 294 346 313 262 252 209 182 194 158 167 146 144 118 127 94 88 81 68 95 55 54 63 48 39 37 42 32 31 27 27 26 28 7 21 18 17 14 14 10 14 11 19 9 5 8 4 7 3 
0 6 18 29 48 44 67 75 101 69 204 202 570 222 360 458 530 783 707 853 777 1075 1171 1318 1526 1583 1602 1898 2146 2244 2390 2509 2820 3037 3113 3395 3337 3549 3554 3690 3722 3776 3796 3870 3777 3760 3781 3623 3747 3539 3261 3113 2960 2910 2818 2555 2355 2263 2136 2061 1882 1642 1700 1509 1400 1378 1225 1200 1082 929 872 832 802 663 677 611 529 489 442 412 409 345 332 312 272 261 251 232 183 168 173 143 150 134 116 119 102 90 72 76 55 62 47 48 55 42 41 38 27 41 29 19 24 16 18 16 11 11 10 8 15 13 8 8 11 10 7 6 8 6 
0 1 14 26 59 51 51 50 63 84 101 145 208 321 183 237 313 390 496 575 562 780 847 856 1045 1050 1232 1499 1583 1779 1849 2151 2349 2481 2483 2722 2995 3148 3255 3394 3405 3619 3724 3825 3775 3983 3693 3801 3734 3623 3560 3538 3424 3232 3140 3109 2966 2645 2512 2485 2384 2190 2010 1880 1731 1707 1486 1438 1357 1209 1151 1043 1000 849 796 736 654 664 647 557 481 448 392 437 356 321 295 283 238 236 225 181 180 157 136 137 131 99 109 94 83 70 82 68 58 43 57 36 38 41 30 35 25 27 21 15 15 19 22 17 10 9 12 15 7 10 6 10 8 8 8 6 4 3 5 
0 3 15 27 40 50 52 84 112 155 209 220 194 319 293 400 508 581 618 698 836 904 960 1213 1170 1383 1454 1609 1815 1958 2048 2321 2596 2644 2949 3081 3324 3237 3358 3510 3623 3608 3682 3903 3784 3782 3730 3667 3612 3550 3391 3159 3099 3012 2853 2725 2545 2471 2365 2271 2063 2019 1907 1727 1617 1565 1402 1291 1248 1092 1061 923 858 838 755 704 670 625 542 498 422 419 406 346 328 300 281 263 234 203 183 202 172 160 144 141 108 97 116 65 83 67 73 68 60 62 51 39 49 39 45 34 29 23 34 12 18 21 12 10 15 10 12 8 10 8 10 10 7 8 1 5 
1 3 9 28 28 40 175 115 104 148 240 246 217 344 322 346 421 558 569 565 779 877 1044 1089 1400 1388 1580 1680 1927 2074 2077 2257 2586 2759 2983 3158 3129 3407 3490 3687 3738 3791 3686 3864 3747 3825 3760 3629 3517 3339 3278 3222 3175 3147 2857 2706 2542 2481 2383 2125 2075 1864 1705 1692 1565 1444 1354 1200 1204 1041 933 865 843 801 738 684 561 598 505 440 432 395 387 331 352 310 243 234 230 223 194 182 187 147 126 120 96 116 88 96 77 68 70 63 53 50 53 40 41 47 31 26 19 30 16 10 14 16 13 15 11 15 16 7 8 4 6 7 3 7 4 3 1 7 
0 2 12 24 37 51 49 65 67 97 280 126 208 219 239 472 326 436 465 504 628 778 922 1003 1118 1064 1310 1567 1722 1896 1961 2293 2531 2596 2910 2796 2985 3086 3273 3333 3541 3822 3813 3762 3751 3793 3842 3774 3668 3685 3633 3481 3411 3161 3103 2847 2707 2606 2613 2366 2114 1997 1956 1752 1795 1591 1426 1373 1269 1129 1122 955 886 857 821 700 707 606 600 515 461 441 398 351 329 299 301 263 230 203 233 190 179 131 136 122 122 113 81 98 93 75 83 70 68 51 44 55 48 47 44 28 28 36 34 32 20 23 23 15 18 20 12 10 11 10 10 9 9 1 6 5 9 
0 3 16 24 47 39 58 70 97 129 130 111 134 271 168 249 334 527 690 520 544 676 883 1053 1050 1165 1401 1465 1597 1798 2091 2148 2397 2592 2662 2964 3132 3345 3380 3341 3680 3672 3780 3793 3837 3784 3719 3747 3589 3877 3678 3495 3398 3283 3040 2989 2929 2676 2466 2389 2202 2052 1885 1899 1723 1611 1491 1401 1317 1247 1152 1012 916 845 772 780 684 657 618 552 474 443 428 396 346 313 283 272 271 238 224 179 175 162 168 156 125 99 111 107 93 75 84 59 66 51 48 38 46 47 41 27 31 22 28 21 21 21 21 11 13 12 14 15 5 6 4 6 9 7 5 2 
0 8 10 24 33 63 86 77 83 140 178 158 317 282 283 625 484 467 637 828 790 981 1100 1197 1279 1487 1565 1725 1920 1936 2266 2378 2656 2780 2858 3093 3226 3422 3479 3702 3704 3953 3703 3761 3788 3784 3709 3611 3540 3474 3383 3208 3001 2922 2869 2697 2525 2396 2288 2275 2019 1943 1791 1611 1538 1515 1321 1185 1157 1092 996 915 865 721 714 666 622 518 551 445 405 402 436 361 324 284 279 252 245 161 196 153 152 144 133 113 115 105 101 74 60 57 59 54 52 37 50 29 36 36 25 29 14 15 17 17 13 13 20 15 16 10 6 8 10 7 11 2 5 2 3 2 3 8 2 
1 7 29 35 57 50 64 52 89 86 95 86 123 234 235 262 358 322 394 381 547 643 685 733 860 935 1100 1236 1489 1609 1754 1790 1938 2121 2430 2641 2659 2973 3191 3130 3385 3495 3498 3633 3708 3605 3751 3696 3693 3613 3596 3598 3518 3299 3200 3143 3100 2805 2639 2504 2479 2341 2160 1967 2025 1791 1657 1644 1420 1271 1264 1207 1051 1034 899 818 770 715 662 607 572 570 474 448 375 400 349 312 286 292 253 240 228 185 171 187 160 153 132 114 94 94 80 87 72 66 81 62 48 49 47 46 46 46 20 33 24 22 19 22 19 14 23 19 16 16 14 12 16 9 11 3 6 13 5 5 7 
0 7 23 27 50 60 80 66 70 288 129 119 145 175 271 333 365 392 426 407 627 731 802 775 1001 1099 1241 1274 1385 1632 1868 1911 2151 2271 2635 2636 2776 2877 3089 3173 3322 3504 3591 3715 3656 3704 3779 3682 3770 3753 3651 3526 3291 3281 3103 3089 2927 2815 2623 2530 2303 2220 2132 1959 1841 1704 1655 1531 1359 1319 1211 1068 1024 1047 905 774 759 690 664 550 565 514 462 412 369 338 333 273 259 254 250 231 177 213 177 150 146 131 101 106 103 101 86 78 88 64 66 62 50 53 49 41 45 28 32 43 28 39 29 23 16 16 21 21 16 16 22 9 10 9 12 12 11 4 8 3 2 5 4 3 
1 3 18 30 32 68 78 72 143 110 127 173 218 406 312 385 421 666 602 694 794 887 980 1061 1178 1405 1591 1736 1829 1886 2125 2420 2557 2722 2755 3124 3256 3260 3570 3524 3598 3586 3745 3717 3747 3680 3823 3640 3558 3333 3346 3299 3194 2943 2998 2822 2611 2563 2304 2334 2089 1842 1788 1699 1586 1492 1413 1284 1085 1096 962 926 885 813 759 703 649 599 550 528 477 381 389 352 303 345 298 273 254 190 203 178 171 170 166 155 139 92 110 85 93 92 86 71 58 46 56 41 49 30 38 38 25 22 27 29 19 21 20 12 10 11 14 11 14 13 4 7 6 8 7 8 4 4 
0 3 29 32 52 85 80 98 95 137 299 122 153 199 253 254 320 459 664 549 630 654 817 920 1010 1140 1208 1586 1694 1652 1810 2167 2310 2501 2752 2916 3090 3160 3320 3465 3491 3626 3637 3804 3837 3757 3781 3737 3806 3726 3530 3362 3370 3218 3139 2922 2821 2699 2520 2353 2228 2029 2035 1820 1752 1603 1517 1415 1230 1167 1091 1031 941 856 788 768 688 642 585 518 519 429 431 412 339 327 297 272 252 236 246 167 183 173 170 130 122 146 99 110 97 71 75 72 47 68 44 50 54 52 46 28 28 31 38 27 30 30 22 17 19 15 7 7 9 7 8 7 13 7 7 3 4 
1 6 17 33 38 44 68 88 147 121 118 151 252 274 307 253 340 570 537 608 541 678 828 776 1069 1222 1301 1472 1538 1523 1827 2161 2208 2462 2591 2612 3049 3133 3298 3461 3489 3503 3630 3688 3869 3819 3621 3670 3703 3503 3525 3306 3291 3270 3096 2799 2815 2712 2581 2422 2317 2184 2012 1928 1664 1621 1520 1396 1304 1208 1140 1019 1018 940 896 767 708 621 629 587 551 485 450 442 399 357 361 278 271 237 233 220 204 161 148 159 128 130 110 110 105 92 77 69 60 56 60 43 55 39 46 37 35 23 30 31 19 19 26 17 14 14 7 18 12 8 9 7 4 4 6 8 6 4 2 1 
1 6 36 34 31 58 59 138 87 93 156 161 200 331 453 431 520 540 670 667 865 942 916 1037 1212 1367 1523 1644 1887 2132 2262 2270 2439 2570 2784 2985 3146 3302 3329 3554 3619 3689 3759 3728 3653 3711 3700 3637 3574 3571 3397 3209 3112 2931 2938 2793 2665 2499 2392 2179 2157 2009 1873 1712 1523 1570 1355 1243 1178 1097 998 905 897 813 726 669 618 561 603 486 462 388 375 346 347 258 246 264 245 232 200 161 141 148 153 132 122 80 84 90 92 77 72 69 50 47 47 48 54 38 31 42 32 24 22 24 27 19 21 13 19 14 17 10 14 13 13 11 7 8 11 6 3 6 5 7 5 5 
0 3 25 29 46 59 56 98 120 94 95 185 173 277 336 407 385 470 471 703 723 750 937 847 1073 1226 1437 1670 1674 1900 1991 2193 2285 2581 2746 3059 3047 3176 3315 3276 3467 3607 3704 3706 3696 3523 3624 3604 3623 3431 3387 3292 3205 3216 3047 2932 2874 2679 2457 2383 2210 2083 1895 1861 1738 1597 1467 1433 1257 1201 1053 1011 939 846 794 708 739 673 640 541 482 474 419 369 356 332 317 234 231 228 220 198 165 148 143 126 109 94 106 87 75 90 87 67 53 57 57 58 36 33 40 36 38 24 25 15 19 17 17 13 15 16 7 13 3 10 10 9 8 5 4 3 8 5 
0 2 12 41 41 53 92 74 127 279 119 179 226 261 320 367 773 538 511 582 693 874 1017 1077 1326 1339 1466 1576 1850 1887 2155 2253 2422 2717 2767 2930 3022 3270 3333 3366 3593 3751 3666 3707 3713 3581 3587 3481 3669 3493 3409 3348 3175 3043 2907 2816 2656 2448 2387 2126 2150 1967 1914 1674 1585 1511 1418 1269 1225 1112 1023 975 909 823 730 714 668 597 527 509 480 411 348 381 350 276 277 257 210 222 182 202 177 167 132 95 118 107 101 106 113 91 71 49 48 48 52 46 50 50 41 28 34 34 18 19 25 23 24 10 13 16 20 3 15 13 10 3 10 7 4 2 4 3 1 
0 2 25 47 43 48 65 126 88 103 172 130 140 194 281 305 332 502 536 602 732 854 939 1022 1045 1140 1453 1668 1796 1864 2109 2237 2442 2645 2913 3071 3172 3255 3307 3468 3558 3628 3622 3758 3772 3804 3818 3775 3601 3452 3413 3245 3198 2930 2984 2876 2685 2512 2524 2362 2064 2073 1916 1759 1608 1555 1454 1335 1183 1133 996 1005 901 806 768 728 688 624 539 477 457 427 418 390 352 303 318 245 256 216 187 181 175 152 154 119 116 112 94 107 89 75 72 69 61 51 60 45 50 40 35 36 24 17 25 19 19 19 16 15 7 9 11 13 10 12 19 13 5 4 2 8 3 
0 8 18 32 32 45 55 71 64 59 71 81 123 203 235 303 324 465 395 484 521 649 714 837 835 954 1109 1249 1325 1476 1738 1835 1976 2232 2192 2577 2523 2790 2960 3069 3233 3392 3590 3510 3659 3802 3781 3709 3794 3600 3542 3623 3553 3363 3318 3043 3084 2855 2749 2578 2423 2364 2158 2209 1995 1866 1707 1665 1495 1425 1274 1231 1118 1033 981 851 851 704 749 643 573 531 501 460 457 403 333 350 300 250 242 237 209 212 182 180 161 150 140 131 125 92 103 76 76 69 67 56 47 50 53 46 41 28 36 26 28 28 14 20 23 14 15 19 19 17 9 9 13 11 16 11 4 3 2 5 8 
0 8 19 23 42 63 63 71 75 128 138 134 198 270 252 308 330 436 430 490 728 604 787 941 988 1065 1200 1274 1531 1697 1960 2060 2203 2421 2576 2814 2838 3024 3149 3421 3427 3517 3741 3787 3875 3789 3819 3887 3772 3605 3464 3454 3320 3185 3141 2983 2856 2754 2603 2440 2282 2122 2117 1993 1831 1591 1562 1498 1358 1280 1145 1036 925 905 829 715 715 627 627 555 527 429 454 432 372 345 310 294 270 253 212 185 215 176 176 166 165 142 128 115 109 87 89 70 72 75 62 62 58 54 50 49 37 25 48 25 38 18 18 15 13 21 18 19 9 17 10 15 14 10 2 1 5 7 5 6 
0 5 15 35 58 49 59 50 149 233 130 215 276 287 246 358 585 498 601 555 622 764 1007 1066 1079 1267 1324 1518 1735 1876 2063 2299 2506 2532 2769 2763 3002 3222 3422 3559 3675 3698 3790 3716 3923 3756 3831 3797 3659 3535 3437 3305 3160 3094 2937 2843 2611 2565 2395 2213 2160 2059 1943 1754 1717 1541 1494 1316 1221 1176 1075 917 905 857 738 705 637 585 542 494 509 455 404 408 317 290 264 256 235 211 193 168 164 153 152 134 134 97 98 93 83 89 62 61 53 66 51 46 44 32 35 38 44 25 23 30 16 16 22 17 22 18 20 12 14 11 13 4 7 6 5 6 8 1 7 5 5 
0 4 14 24 36 64 57 66 78 117 123 224 334 170 228 352 378 378 544 568 705 726 836 1113 1033 1145 1241 1494 1730 1797 1946 2002 2332 2567 2596 2836 3018 3092 3270 3416 3586 3748 3752 3618 3523 3723 3759 3724 3615 3534 3471 3376 3492 3083 3110 2984 2763 2683 2405 2329 2296 2234 1922 1824 1707 1582 1479 1385 1290 1250 1133 1058 953 870 796 718 650 680 583 524 516 488 399 408 366 308 288 300 261 249 231 203 180 186 164 114 127 120 103 113 95 92 86 62 63 55 65 61 46 37 40 31 27 38 25 31 24 23 19 15 14 18 10 14 11 14 9 16 6 7 5 5 4 5 6 8 4 
0 6 15 39 28 74 63 59 47 104 116 163 176 303 294 492 521 398 630 723 662 814 1023 1066 1231 1286 1521 1662 1778 2109 2187 2250 2532 2741 2915 3045 3114 3354 3496 3707 3695 3757 3860 3730 3765 3841 3737 3555 3668 3623 3468 3375 3212 2965 2894 2738 2681 2474 2349 2216 2108 1904 1831 1721 1616 1481 1415 1215 1216 1054 1067 926 871 741 742 710 676 621 524 462 456 423 396 314 315 281 323 257 248 217 215 179 155 142 129 142 121 97 93 93 85 89 75 65 55 67 62 51 46 53 32 24 29 40 31 28 23 20 16 21 19 18 16 19 14 11 16 10 3 7 7 6 7 7 3 2 7 
0 3 11 24 48 60 44 55 120 81 96 110 285 315 269 273 384 479 486 577 631 629 808 896 1005 1185 1283 1395 1448 1553 1775 1933 2044 2213 2475 2710 2784 3159 3144 3249 3241 3470 3567 3726 3633 3727 3840 3611 3764 3749 3619 3415 3417 3374 3177 3079 2930 2924 2611 2541 2410 2256 1984 2011 1839 1786 1560 1487 1310 1281 1157 1148 1085 949 913 804 742 692 634 590 490 471 462 408 400 348 326 321 291 272 256 212 193 191 170 147 125 107 93 133 106 108 99 87 72 72 57 48 48 43 45 44 37 34 33 26 24 36 23 24 31 20 21 16 18 11 14 10 6 10 11 6 6 8 3 6 3 4 
0 3 17 27 53 49 50 58 98 136 118 159 270 262 253 294 309 409 544 584 659 669 944 898 1059 1160 1490 1582 1605 1680 1919 2260 2288 2518 2742 2792 3109 3167 3428 3393 3457 3484 3703 3824 3787 3685 3758 3665 3718 3549 3494 3457 3248 3057 3082 2905 2870 2633 2472 2462 2263 2123 2003 1880 1756 1649 1565 1415 1309 1244 1150 998 953 824 807 749 743 594 569 499 489 443 406 343 355 310 312 232 251 230 176 204 176 163 162 134 146 96 115 96 68 81 75 80 61 60 55 49 58 33 29 35 35 36 19 33 22 21 22 14 14 14 14 9 12 5 10 4 10 1 5 4 5 
0 7 19 23 49 43 58 58 65 263 69 100 178 206 176 284 348 356 479 442 564 715 650 829 993 943 1168 1217 1354 1492 1575 1832 1902 2264 2335 2673 2739 2839 3054 3293 3290 3477 3554 3674 3658 3706 3838 3697 3691 3549 3557 3557 3467 3252 3172 3164 3026 2796 2761 2590 2385 2245 2160 2047 1941 1746 1695 1581 1450 1322 1291 1137 1047 948 899 864 769 693 709 638 585 525 462 435 405 382 307 327 264 268 244 223 196 209 154 149 146 134 133 119 124 97 87 68 81 68 65 67 48 47 48 39 50 34 40 35 23 28 29 29 21 21 22 12 11 13 9 9 10 5 6 9 8 3 5 4 
0 4 11 24 39 54 49 53 54 82 97 89 126 144 154 204 279 407 374 352 619 636 622 661 890 1038 1160 1196 1424 1486 1669 1814 1894 1960 2322 2476 2677 2728 3120 3300 3380 3363 3444 3643 3759 3800 3757 3758 3766 3597 3653 3509 3561 3398 3254 3106 3039 2837 2682 2604 2417 2390 2142 2168 1996 1770 1683 1570 1491 1380 1242 1229 1095 1048 1004 859 719 713 691 646 580 557 518 457 427 380 366 293 290 264 235 242 241 194 142 141 138 148 133 119 106 118 105 76 62 64 84 48 53 63 56 40 55 40 38 36 33 32 14 24 21 19 25 17 17 11 21 4 12 11 10 9 6 4 7 6 4 7 6 
4 20 35 54 54 85 92 108 130 185 269 209 449 308 368 459 477 586 734 825 1041 969 1119 1218 1496 1697 1686 1814 2104 2346 2431 2659 3009 3078 3145 3377 3475 3669 3614 3773 3685 3875 3862 3883 3814 3629 3678 3569 3475 3331 3303 3104 2989 2835 2721 2585 2550 2301 2208 2061 1844 1762 1709 1524 1412 1345 1212 1102 1071 996 916 813 723 708 645 568 530 484 413 422 359 360 348 303 283 259 216 244 212 182 170 168 148 120 111 111 100 82 76 77 69 58 74 51 45 40 29 35 42 29 23 28 32 17 15 15 17 10 6 9 11 9 6 9 2 5 6 
0 1 10 34 58 71 38 45 155 131 107 220 277 247 286 259 691 387 610 574 777 946 966 1134 1288 1573 1630 1781 1749 1921 2215 2426 2563 2652 2968 2980 3139 3277 3466 3580 3708 3736 3642 3732 3602 3678 3696 3615 3550 3495 3305 3280 3217 3103 2964 2715 2592 2462 2293 2171 2026 1870 1771 1701 1552 1472 1420 1303 1242 1119 951 916 900 749 733 637 649 584 521 474 402 423 377 326 317 282 254 258 235 197 184 197 148 145 137 105 100 117 92 94 77 81 79 63 62 61 47 53 49 44 39 37 36 28 34 20 30 25 17 19 16 14 18 14 13 13 17 6 5 3 11 9 6 4 6 8 4 
0 8 23 42 52 97 72 100 99 123 160 126 161 290 258 327 454 478 858 652 870 881 1083 1067 1187 1440 1663 1797 1942 2030 2166 2380 2553 2700 2785 3031 3211 3396 3449 3677 3683 3839 3714 3938 3804 3649 3603 3687 3553 3362 3397 3251 3172 3025 2924 2828 2521 2533 2368 2145 2070 1923 1793 1673 1560 1531 1405 1253 1119 977 924 937 829 770 737 610 615 570 545 441 431 405 406 277 314 331 261 258 237 201 183 189 167 146 135 132 112 109 95 71 79 77 75 66 65 61 42 32 43 42 48 34 31 26 33 23 27 14 24 18 20 18 12 13 8 10 5 6 14 6 5 3 1 6 7 
0 8 17 23 42 51 60 58 63 93 140 180 185 140 234 267 245 355 436 418 522 638 780 728 987 991 1329 1166 1251 1402 1618 1886 2182 2319 2394 2456 2493 2698 2943 3215 3297 3485 3436 3502 3661 3557 3673 3752 3715 3578 3587 3605 3524 3352 3285 3246 3027 2877 2766 2597 2541 2338 2314 2041 1918 1837 1695 1666 1380 1357 1209 1135 1120 1026 929 886 773 717 681 660 553 515 532 468 467 384 362 308 300 237 233 219 188 202 177 171 148 132 136 132 93 100 88 73 70 68 51 43 44 44 40 31 38 30 22 32 24 18 16 11 22 18 16 16 11 14 7 3 7 3 8 7 16 8 6 4 5 
2 4 20 25 56 49 57 75 161 132 106 142 145 312 304 232 349 538 600 666 805 712 850 975 1261 1285 1623 1639 1756 1851 2019 2350 2427 2671 2901 2877 3139 3344 3296 3526 3589 3701 3686 3678 3811 3798 3728 3629 3656 3549 3382 3304 3220 3214 3094 2745 2728 2480 2437 2264 2161 1961 1895 1775 1647 1478 1445 1321 1200 1186 1108 957 905 812 697 733 628 581 555 532 483 407 406 362 297 272 281 248 229 207 217 170 167 172 150 122 111 113 118 98 84 86 71 63 59 59 41 53 36 30 30 41 17 16 20 21 17 15 16 11 9 7 17 8 7 8 12 8 5 8 
0 6 10 36 42 80 75 128 103 123 183 280 322 411 349 397 539 547 640 746 932 997 1192 1185 1449 1492 1591 1897 2018 2271 2323 2594 2719 2849 2930 3241 3421 3613 3793 3648 3611 3846 3768 3786 3652 3754 3641 3524 3559 3465 3286 3097 3050 2911 2852 2584 2468 2334 2157 2105 1951 1738 1731 1599 1468 1288 1295 1160 1067 1053 927 901 774 690 701 625 605 528 465 449 453 444 359 310 310 263 236 223 222 189 168 145 150 134 114 117 107 91 73 79 75 67 70 62 40 36 40 50 36 31 31 24 34 22 27 16 12 19 12 12 10 13 8 14 3 5 8 6 6 3 
0 2 14 32 43 46 63 47 77 100 95 85 131 204 161 200 224 247 335 417 415 412 501 651 748 889 896 1085 1112 1242 1583 1605 1736 1810 2017 2150 2381 2468 2613 2846 3007 3012 3191 3413 3546 3580 3542 3748 3634 3627 3677 3659 3623 3477 3407 3349 3326 3194 3042 2883 2799 2681 2434 2329 2106 1931 1867 1753 1596 1595 1413 1395 1322 1188 1141 1022 931 841 822 739 692 637 589 523 480 430 395 320 363 279 304 271 245 221 205 183 179 165 172 135 117 90 107 103 92 64 74 72 82 54 47 42 42 50 36 34 40 37 29 23 27 28 19 19 18 10 13 16 25 15 4 14 11 7 5 7 8 10 4 4 
0 6 26 31 42 92 51 62 107 129 151 191 174 232 281 267 346 383 418 659 527 893 879 788 928 1120 1202 1412 1589 1675 1872 2051 2249 2353 2470 2711 2852 3092 3169 3243 3414 3679 3794 3723 3819 3638 3823 3682 3663 3646 3725 3386 3365 3168 3074 2948 2770 2714 2570 2432 2270 2226 2096 1860 1769 1644 1586 1452 1334 1257 1104 1090 1001 910 858 839 764 688 596 585 502 471 434 419 351 360 336 299 285 241 207 204 189 177 208 185 129 112 122 110 113 83 80 70 84 68 58 56 49 37 49 48 44 41 33 26 29 21 36 12 31 17 27 15 9 13 8 11 11 9 16 14 9 4 8 6 3 8 
0 11 29 35 55 69 81 134 188 175 174 189 256 226 321 423 556 758 509 703 770 922 979 1097 1240 1393 1591 1811 1953 2070 2199 2265 2545 2736 2821 3167 3084 3315 3372 3601 3590 3639 3723 3848 3763 3854 3714 3581 3472 3487 3401 3295 3120 2997 2901 2717 2615 2503 2329 2185 2051 1961 1769 1621 1547 1417 1264 1226 1128 1062 974 882 821 783 691 662 601 563 497 460 485 405 333 329 339 289 251 230 219 193 196 141 137 145 124 125 114 103 81 81 77 71 56 49 63 48 47 51 40 30 27 28 40 30 23 18 16 10 19 14 13 13 9 11 9 8 9 6 5 3 8 4 6 4 
1 6 19 29 55 48 62 84 71 76 105 196 819 307 468 412 406 686 817 881 968 1240 1193 1295 1424 1648 1710 1997 2100 2380 2496 2628 2773 3152 3293 3373 3429 3522 3566 3581 3810 3808 3803 3767 3813 3713 3663 3520 3335 3233 3091 3004 2857 2787 2652 2476 2401 2241 2129 1957 1845 1717 1642 1517 1386 1290 1167 1034 1017 940 887 813 805 706 622 576 533 500 454 390 349 297 327 320 259 268 237 234 183 192 173 159 126 122 115 100 82 84 65 78 75 63 51 41 64 46 39 41 31 28 36 21 24 27 28 14 13 6 10 9 12 13 10 8 5 6 5 3 4 3 3 
0 3 14 26 40 39 52 70 87 116 114 162 274 198 226 333 347 381 401 630 651 731 744 853 1052 1188 1256 1331 1617 1785 1942 2231 2323 2522 2793 2908 3041 3182 3333 3495 3708 3610 3740 3877 3915 3759 3764 3787 3769 3723 3588 3542 3449 3163 3169 2992 2824 2656 2532 2445 2286 2109 1919 1865 1769 1576 1481 1376 1227 1174 1114 1022 938 861 784 696 661 581 588 536 447 429 421 357 357 285 251 248 259 204 199 169 176 169 142 130 93 113 76 113 94 79 69 59 38 46 38 35 43 30 37 28 23 22 16 13 13 13 20 10 10 8 10 6 6 5 7 1 8 
0 2 7 25 41 64 50 53 116 98 136 194 257 302 222 239 402 526 524 634 604 652 776 833 948 1134 1179 1316 1426 1777 1958 2099 2016 2431 2477 2571 2812 3128 3192 3392 3643 3575 3722 3800 3799 3686 3770 3783 3673 3559 3510 3458 3410 3218 3128 3057 2871 2607 2583 2401 2325 2127 2066 1915 1852 1633 1537 1516 1366 1299 1174 1103 1061 949 864 849 705 650 627 547 537 490 468 398 413 385 339 290 268 231 231 219 194 190 170 165 138 122 110 89 101 87 67 60 70 66 65 54 50 32 40 41 31 27 26 23 18 20 17 16 13 7 20 11 14 17 5 6 4 6 3 2 4 4 4 
0 8 16 15 33 38 47 57 72 66 102 83 107 113 128 174 178 163 229 314 576 436 444 481 794 681 841 869 1089 1284 1398 1422 1629 1749 2069 2205 2245 2438 2617 2817 2859 3075 3328 3382 3602 3530 3609 3713 3765 3943 3665 3592 3832 3615 3416 3406 3306 3213 3128 2858 2802 2580 2524 2414 2151 2082 2006 1843 1675 1578 1523 1376 1283 1151 1100 1046 950 889 835 739 711 676 593 559 484 478 407 411 379 354 311 237 268 246 207 181 191 132 167 153 135 122 111 86 88 75 77 72 62 72 53 53 27 44 40 32 23 29 28 25 13 24 21 16 5 11 12 9 8 5 4 8 11 7 0 7 1 
0 5 14 32 39 45 77 84 100 94 131 183 224 345 258 281 334 470 569 602 649 800 887 1007 1178 1262 1303 1554 1745 1854 1976 2122 2428 2606 2800 2831 2994 3208 3452 3388 3738 3675 3769 3818 3718 3713 3708 3731 3653 3605 3554 3348 3297 3171 3084 2962 2723 2558 2504 2379 2163 2071 1992 1895 1697 1556 1501 1331 1253 1144 1038 1063 924 913 808 731 672 588 559 554 490 403 410 366 334 287 294 274 257 210 230 193 187 145 154 141 120 135 99 91 85 79 58 78 43 54 56 43 36 46 37 34 35 32 38 23 25 11 17 20 15 23 16 13 8 11 8 10 4 12 4 8 11 3 1 3 
0 1 18 40 60 50 97 88 101 105 178 208 228 230 340 633 339 468 760 901 799 891 1031 1141 1422 1607 1640 1771 1904 2121 2210 2577 2643 2856 3122 3146 3266 3603 3593 3784 3795 3884 3798 3811 3661 3668 3651 3713 3616 3396 3265 3144 3046 2856 2804 2725 2497 2473 2173 2138 1991 1795 1752 1638 1551 1406 1266 1213 1153 1106 941 914 841 712 647 628 576 524 498 454 404 385 344 312 267 245 225 222 183 184 171 166 156 145 91 101 106 96 97 77 69 61 64 55 58 47 51 25 38 33 28 23 25 33 23 21 19 14 10 19 12 13 16 10 14 11 10 8 12 10 
0 5 19 36 47 51 46 86 85 123 195 225 270 354 227 331 421 512 513 494 591 924 1058 921 1042 1192 1324 1542 1739 1755 1922 2155 2381 2505 2755 2769 3012 3115 3349 3434 3511 3684 3767 3830 3853 3735 3727 3806 3782 3662 3394 3380 3237 3244 3079 2922 2759 2657 2475 2357 2124 2046 1916 1820 1693 1565 1433 1363 1260 1190 1100 964 966 863 824 725 632 592 578 530 458 414 441 349 326 327 313 257 267 230 228 205 203 174 174 136 122 123 142 111 92 101 86 71 58 65 44 58 57 36 36 44 38 43 32 28 26 33 21 23 18 19 11 15 11 13 11 6 13 11 7 3 7 5 6 
0 12 23 37 89 78 72 91 192 107 204 402 161 321 381 429 628 655 709 814 864 1016 1226 1399 1417 1532 1649 1968 2093 2206 2383 2657 2693 2907 3019 3220 3391 3502 3650 3771 3770 3873 3761 3669 3667 3744 3713 3636 3364 3272 3143 3071 3060 3056 2761 2578 2352 2256 2154 2051 1963 1696 1640 1520 1402 1372 1228 1164 1085 1009 927 865 766 726 670 652 567 531 466 425 406 374 355 308 282 254 266 237 229 193 186 144 156 140 119 124 106 99 93 76 74 60 68 53 57 49 44 42 34 33 29 19 26 25 31 27 24 11 15 18 13 14 6 14 11 8 5 6 10 5 8 5 
0 7 17 64 45 56 71 89 197 112 205 277 272 381 287 417 423 536 532 691 793 782 824 1205 1184 1227 1403 1644 1793 1920 1930 2199 2462 2615 2902 3026 3086 3291 3438 3510 3644 3795 3901 3808 3718 3656 3669 3652 3721 3575 3379 3384 3219 3158 2861 2932 2741 2573 2391 2293 2134 2027 1857 1710 1557 1478 1384 1315 1182 1117 1137 943 889 772 802 693 584 554 530 457 469 401 359 318 318 320 273 258 247 209 195 168 167 134 159 137 120 99 118 81 90 83 57 71 52 49 54 36 38 32 37 28 31 31 23 21 22 18 16 16 24 14 11 15 22 18 18 9 9 9 15 11 9 9 2 10 12 3 0 5 1 4 
0 3 15 68 27 44 76 78 86 143 198 246 203 289 292 391 398 529 538 589 862 990 1026 1157 1192 1382 1559 1583 1924 2038 2172 2172 2436 2731 2810 2977 3214 3408 3556 3650 3575 3714 3605 3723 3774 3774 3775 3601 3485 3595 3286 3418 2969 2945 2957 2766 2560 2424 2333 2216 2043 1939 1876 1705 1600 1460 1313 1278 1224 1095 987 926 812 758 754 685 599 579 505 464 461 421 377 348 304 292 273 264 216 197 181 161 166 150 146 143 102 110 84 82 93 74 70 63 54 56 38 36 37 35 48 33 24 21 17 19 16 19 19 12 17 11 8 9 16 6 5 6 7 7 2 9 4 
0 5 23 54 64 53 55 66 84 192 201 137 189 349 434 495 475 537 511 627 712 846 907 1094 1232 1338 1564 1676 1914 2065 2226 2360 2474 2657 2806 2929 3053 3253 3560 3498 3589 3695 3666 3760 3755 3670 3674 3622 3616 3647 3472 3359 3161 3117 3033 2878 2682 2576 2372 2239 2100 1962 1967 1816 1549 1486 1383 1308 1231 1060 1022 951 841 781 712 676 629 600 558 443 437 443 344 362 345 285 249 260 216 201 186 180 176 133 144 129 103 84 89 71 72 74 72 68 62 43 68 37 57 37 34 36 26 16 25 14 15 9 22 20 11 10 13 10 4 11 12 7 6 7 2 2 
0 3 15 23 42 51 68 94 119 110 130 189 235 315 296 369 367 497 572 851 754 874 966 1117 1224 1344 1584 1647 1774 2005 2194 2436 2631 2606 2859 3096 3234 3282 3463 3640 3637 3667 3866 3753 3731 3685 3560 3792 3627 3630 3353 3175 3040 2985 2957 2738 2638 2517 2376 2148 2095 1975 1825 1759 1578 1382 1397 1231 1188 1132 985 963 856 833 766 691 599 524 499 500 460 420 377 359 339 303 236 261 236 221 201 157 182 163 124 126 107 104 93 91 93 76 65 51 49 50 41 42 41 44 28 29 24 25 21 27 25 15 20 20 8 4 14 8 11 7 10 5 5 5 5 7 5 
2 8 16 35 44 61 104 110 99 194 129 212 211 294 409 400 518 572 555 652 784 955 1073 1046 1226 1351 1518 1721 1924 2133 2203 2398 2614 2927 2907 3011 3225 3345 3512 3594 3686 3908 3727 3771 3651 3791 3666 3791 3678 3461 3496 3320 3116 2950 2795 2714 2571 2460 2230 2180 2071 1823 1806 1655 1531 1463 1337 1237 1184 1060 964 958 861 806 717 664 636 546 546 501 453 415 373 315 329 280 262 231 209 213 198 174 169 130 129 126 101 113 84 62 76 66 57 41 53 47 54 52 29 28 22 28 25 25 30 23 18 17 18 17 19 11 13 7 8 5 6 6 2 5 5 5 
