0 9 14 19 64 73 63 92 111 226 405 494 415 598 658 742 866 1127 1397 1642 1921 2186 2106 2500 2895 3108 3363 3518 3666 4088 4261 4418 4683 4726 4796 4763 4941 4894 4896 4920 4649 4623 4375 4325 4056 3807 3646 3496 3275 3064 2787 2665 2473 2292 2072 1995 1801 1552 1558 1354 1244 1248 1100 927 914 861 744 698 628 570 494 469 
1 6 21 49 69 65 169 201 191 107 201 360 482 667 819 842 1142 1256 1475 1748 1927 2139 2313 2582 2894 3097 3455 3929 4135 4230 4330 4517 4704 4829 4855 4814 4958 4776 4736 4762 4644 4460 4391 4236 3877 3808 3503 3278 3195 3060 2739 2558 2461 2233 2024 1868 1750 1696 1547 1326 1171 1121 998 1017 880 811 707 654 610 536 524 421 
0 2 31 43 45 72 65 67 256 276 353 254 529 552 612 843 1001 1154 1357 1284 1541 1854 2191 2583 3042 3104 3415 3639 3720 4108 4180 4437 4535 4680 4644 4835 5008 4859 4919 4813 4696 4560 4539 4440 4208 3845 3743 3518 3243 3111 2909 2706 2546 2262 2214 1964 1783 1687 1539 1408 1307 1164 1088 1025 925 856 820 671 588 559 533 446 
0 11 17 41 57 53 58 83 121 175 221 195 219 290 443 533 813 827 856 978 1203 1377 1691 1961 2318 2642 2836 3135 3424 3410 3764 4153 4445 4495 4892 4836 4731 5080 4870 4947 4963 4978 4660 4747 4295 4356 4107 3958 3611 3355 3282 3007 2872 2675 2618 2312 2065 2036 1726 1641 1515 1430 1326 1151 1072 957 902 790 750 671 606 610 513 436 
1 4 17 31 52 59 68 83 121 181 411 557 620 511 681 688 865 1089 1213 1520 1915 2160 2365 2648 2723 2899 3427 3685 4051 4224 4233 4433 4766 4887 4830 4957 4933 4967 4976 4868 4731 4549 4429 4289 4022 3887 3641 3390 3234 2973 2896 2590 2499 2263 2065 1846 1781 1633 1527 1347 1269 1210 1057 996 874 807 767 656 617 554 524 469 
0 3 12 35 41 56 55 107 93 174 235 251 249 291 503 693 804 970 1094 1053 1411 1760 2055 2285 2448 2642 3066 3344 3589 3945 4029 4211 4507 4513 4560 4781 5099 4990 4862 4856 4711 4692 4744 4449 4158 4134 4006 3736 3604 3298 3184 2935 2674 2497 2378 2217 2026 1873 1701 1559 1400 1382 1200 1161 993 945 878 832 718 654 590 532 465 
0 2 13 47 58 43 48 72 79 93 116 139 215 225 297 295 435 497 679 645 827 965 1065 1282 1390 1719 2295 2736 2750 2850 3096 3480 3783 3747 4145 4237 4638 4701 4768 4841 4940 4856 4981 4881 4721 4489 4479 4371 4332 3952 3681 3501 3530 3223 3150 2783 2620 2376 2213 2057 1963 1814 1702 1553 1403 1262 1124 1057 992 932 770 728 686 648 556 551 451 
0 6 19 29 52 68 68 94 150 183 237 304 277 298 463 924 1055 1312 1389 1441 1729 1969 2234 2303 2659 3066 3397 3572 3814 3909 4303 4291 4700 4757 4779 4969 4897 5021 4763 4806 4635 4535 4305 4308 4077 3983 3742 3465 3287 3226 2921 2673 2615 2332 2218 2021 1852 1702 1566 1408 1267 1238 1151 940 935 947 741 716 605 578 483 482 
0 1 17 18 37 51 76 90 116 208 235 240 239 372 399 565 773 952 973 1230 1275 1395 1696 1848 2218 2446 2721 2887 3152 3657 3840 4037 4161 4275 4531 4729 4767 4822 4885 4961 4837 4596 4641 4575 4544 4323 4098 3870 3802 3460 3376 3247 2986 2658 2471 2367 2195 2045 1869 1752 1617 1449 1327 1201 1107 1033 993 802 752 735 657 563 489 507 
0 6 15 40 76 69 83 81 133 193 213 254 284 409 428 746 822 810 1087 1170 1385 1695 1929 2223 2333 2845 3243 3432 3518 3754 3989 4159 4382 4765 4864 5047 5100 4901 4950 4889 5018 4853 4519 4428 4405 4265 4061 3809 3594 3368 3089 2865 2794 2529 2262 2182 2007 1913 1676 1576 1433 1267 1110 1042 1024 897 840 738 681 655 528 538 432 
0 5 15 33 40 42 65 67 119 143 173 247 384 532 571 643 737 811 920 1341 1543 1643 2023 2133 2404 2611 3061 3339 3445 3650 3894 4359 4613 4694 4835 4941 4969 4929 4788 4856 5014 4717 4645 4431 4251 4033 3944 3677 3537 3342 3134 3069 2732 2508 2379 2067 2003 1871 1699 1595 1454 1359 1215 1148 1028 943 832 790 727 705 571 485 440 
0 8 21 40 37 67 59 84 91 126 144 187 342 400 514 485 701 794 759 1056 1154 1459 1782 2094 2493 2453 2470 2803 3311 3287 3826 4040 4270 4278 4494 4609 4844 4796 4956 5046 4913 4929 4857 4505 4452 4201 4052 3880 3693 3597 3343 3123 2915 2596 2578 2371 2280 1966 1901 1653 1662 1506 1402 1187 1139 1054 931 907 784 722 608 591 554 495 449 
1 5 12 45 43 59 67 79 124 135 197 260 358 437 396 507 643 867 1026 1291 1376 1471 1702 2145 2568 2662 2751 2994 3456 3628 3907 4271 4380 4616 4824 4984 4968 5055 4949 4886 4772 4631 4580 4576 4402 4154 3947 3670 3475 3373 3273 3142 2790 2568 2328 2287 2180 2016 1698 1566 1629 1394 1179 1137 1010 981 904 788 735 685 628 544 507 456 
0 4 20 38 43 56 45 55 66 121 219 236 257 297 376 442 466 741 878 1084 1315 1384 1457 1696 2025 2419 2789 3037 3199 3600 3710 3925 4089 4496 4616 4745 4859 4879 4931 4952 4854 4879 4671 4697 4461 4346 4122 4040 3729 3456 3343 3223 2882 2833 2536 2326 2216 2018 1941 1785 1587 1406 1291 1302 1122 1016 1020 899 837 722 671 610 565 501 452 
0 1 27 32 47 66 73 58 103 222 261 392 485 561 680 753 835 941 1222 1521 1616 1833 2210 2469 2629 2963 3128 3491 3823 4003 4333 4358 4542 4854 4937 5011 5073 5129 4796 4771 4751 4677 4559 4283 4112 4047 3802 3618 3448 3176 2874 2847 2673 2236 2175 2086 1883 1714 1633 1520 1327 1219 1106 1030 933 853 771 660 645 583 563 462 
2 12 22 29 49 61 130 148 157 165 145 283 384 457 558 643 916 1150 1273 1403 1451 1749 2274 2478 2750 2963 3206 3350 3638 3826 4156 4342 4379 4533 5010 5075 5074 4984 4886 4970 4914 4577 4598 4451 4232 3936 3764 3600 3424 3144 3017 2893 2622 2391 2201 2147 1848 1641 1585 1504 1367 1214 1142 1094 937 864 787 733 614 617 505 516 
1 5 26 53 88 60 99 264 317 291 357 510 566 695 796 1047 1252 1453 1675 1703 1906 2265 2573 3130 3134 3312 3576 3854 4115 4308 4543 4845 4907 4912 4812 4833 4792 4826 4828 4738 4801 4518 4189 4073 3851 3628 3400 3089 3065 2855 2626 2378 2175 2052 1969 1789 1587 1475 1427 1340 1124 1147 959 867 782 725 736 618 534 469 457 
0 6 12 30 43 65 72 82 94 107 160 204 305 401 493 518 641 729 1037 1219 1248 1401 1939 2016 2277 2599 2886 3281 3385 3667 3909 4017 4268 4547 4733 4950 5036 5043 4721 5028 4885 4728 4728 4593 4438 4319 4159 3862 3686 3504 3213 2997 2751 2586 2373 2324 2212 1953 1810 1686 1500 1394 1259 1173 1087 1002 897 819 746 697 626 567 498 453 
0 7 16 35 48 94 107 107 146 225 204 499 572 593 545 794 941 1197 1359 1572 1852 2010 2197 2536 2690 3029 3267 3528 3861 3961 4254 4309 4730 4716 4797 4924 4986 4839 4732 4697 4769 4582 4478 4378 4151 3798 3654 3407 3190 3109 2974 2685 2535 2432 2127 2012 1888 1688 1540 1408 1254 1196 1031 1020 868 824 734 702 643 530 555 489 
0 5 16 22 51 58 46 45 65 107 119 216 472 451 337 529 595 814 1059 1426 1435 1503 1758 2160 2447 2598 2826 3252 3485 3657 3872 4139 4345 4456 4763 4690 4842 4888 5039 4961 4914 4698 4605 4513 4496 4217 3837 3922 3704 3388 3344 3107 2833 2638 2430 2219 2157 1945 1767 1683 1528 1248 1237 1068 1099 922 896 781 748 612 587 535 487 454 
0 6 16 37 61 64 111 117 254 276 343 583 647 807 820 1004 1218 1500 1915 1932 2235 2378 2758 2845 3238 3405 3699 4178 4170 4620 4647 4756 4922 4838 4969 4823 4819 4962 4886 4808 4621 4356 4014 3968 3635 3515 3376 3049 2863 2748 2531 2375 2144 2083 1800 1706 1593 1414 1371 1212 1103 988 893 871 785 692 661 519 569 466 449 
2 4 17 45 54 53 59 59 85 144 189 223 428 431 369 494 605 761 934 1209 1408 1508 1705 1793 2014 2328 2830 2997 3264 3703 4167 4058 4174 4421 4806 4869 4999 5126 5041 5005 4910 4828 4861 4669 4439 4216 4083 3769 3661 3396 3227 3053 2969 2675 2474 2218 2075 2054 1858 1626 1520 1353 1218 1168 1081 969 934 838 745 702 613 605 510 492 
0 3 17 38 61 54 80 122 175 169 594 638 598 638 608 838 1390 1605 1488 1699 2101 2227 2504 2880 3039 3226 3558 4006 4192 4428 4612 4630 4706 4990 4985 4902 4938 4859 4806 4750 4502 4519 4458 4226 3940 3742 3415 3195 2984 2867 2710 2470 2240 2001 1951 1766 1641 1576 1379 1321 1170 1074 949 917 810 760 680 649 567 501 525 
0 7 10 23 46 62 74 51 92 123 227 310 325 399 436 515 612 658 927 990 1172 1412 1518 1914 2232 2398 2627 2834 3191 3585 3889 3798 4066 4282 4389 4717 4648 4799 4924 4941 4917 4832 4812 4724 4495 4239 4095 3994 3699 3637 3384 3250 2986 2808 2627 2462 2193 2064 1934 1752 1607 1487 1395 1281 1172 1041 920 866 794 754 698 585 565 501 430 
0 6 16 38 43 48 67 144 173 185 175 169 214 390 585 710 803 791 1031 1132 1381 1526 1679 1997 2200 2383 2565 2755 3006 3285 3787 4070 4115 4517 4609 4671 4660 4865 4836 4879 4819 4758 4553 4667 4383 4306 3995 3897 3674 3492 3290 3068 2884 2719 2520 2444 2197 2068 1874 1768 1574 1497 1395 1276 1137 1057 958 897 825 799 674 609 580 529 517 
0 24 19 41 41 59 78 88 135 162 155 328 390 453 489 518 639 834 1156 1434 1655 1710 1863 2214 2301 2653 2997 3276 3487 3594 4004 4241 4433 4510 4778 4868 4852 4827 5007 4958 4921 4759 4652 4407 4344 4225 3941 3796 3579 3275 3157 2902 2603 2550 2466 2238 2040 1813 1666 1613 1489 1269 1244 1067 1019 947 862 773 706 664 599 540 466 463 
1 2 23 32 40 59 72 69 93 144 243 311 324 405 706 805 846 1134 1291 1639 1778 2078 2200 2531 2780 3112 3143 3397 3903 4060 4360 4472 4623 4824 4875 4963 4858 5023 4967 4728 4827 4690 4541 4373 4170 3982 3807 3519 3203 3170 2914 2701 2514 2291 2262 2047 1840 1652 1527 1372 1322 1206 1014 959 878 810 722 676 605 555 523 454 
0 4 18 33 38 54 60 74 65 138 210 291 320 434 649 712 819 850 978 1383 1638 1873 1891 2252 2451 2567 2942 3199 3496 3818 4016 4219 4384 4711 4699 4892 4966 4875 4870 4954 5015 4843 4567 4535 4238 4079 3967 3806 3533 3358 3125 2833 2693 2508 2367 2110 1951 1804 1678 1579 1373 1229 1131 1090 1029 977 872 772 691 646 601 538 494 
0 2 13 34 48 48 110 116 105 110 180 247 285 601 578 498 635 736 1135 1254 1461 1745 1980 1986 2463 2667 2749 3074 3298 3560 3781 4079 4292 4450 4750 4901 4855 4906 4842 5092 5067 4991 4682 4515 4233 4071 4131 3878 3736 3442 3151 3043 2858 2540 2417 2233 2053 1875 1798 1746 1508 1420 1266 1113 1046 988 857 785 695 616 588 565 497 476 
0 4 16 44 46 64 93 107 126 178 200 253 350 435 530 592 710 823 930 980 1258 1512 1908 2081 2274 2572 3176 3271 3443 3753 3908 4409 4379 4617 4702 4784 4861 4803 4938 4792 4840 4745 4577 4501 4187 4221 3856 3917 3524 3303 3075 2990 2707 2526 2448 2273 2029 1867 1799 1651 1484 1461 1214 1152 1071 951 842 822 790 685 609 561 513 434 
1 3 25 35 51 57 87 102 129 319 278 338 341 461 694 961 1053 1095 1429 1458 1798 2052 2499 2656 2930 3036 3337 3729 4012 4061 4444 4481 4645 4751 4809 4996 5026 5001 4909 4813 4706 4565 4360 4180 4014 3804 3637 3440 3211 3073 2873 2636 2428 2244 2122 1910 1769 1594 1500 1439 1337 1159 1057 962 909 795 789 709 617 584 531 486 
0 4 15 35 49 54 67 59 79 89 99 111 126 350 432 536 577 728 757 866 1079 1425 1580 1794 1893 2260 2518 2527 2713 3015 3376 3592 3998 4285 4318 4504 4770 4773 4845 4749 5023 4898 4880 4729 4623 4424 4274 4234 3895 3775 3540 3455 3176 2959 2781 2541 2437 2346 2051 1863 1733 1574 1410 1356 1256 1183 1088 871 823 766 696 680 558 582 532 453 
0 6 12 33 51 65 77 91 130 148 250 285 382 519 523 509 868 927 1020 1261 1436 1896 2182 2014 2263 2716 2955 3235 3624 3710 3985 4383 4445 4584 4649 4715 4967 4985 5068 4827 4626 4767 4572 4466 4495 4133 3904 3636 3457 3289 3108 2975 2632 2492 2296 2159 1943 1889 1701 1579 1414 1336 1129 1148 1033 982 853 770 676 669 589 516 453 
0 9 14 20 46 72 71 233 272 263 266 388 473 597 822 939 1057 1221 1517 1754 1925 2250 2425 2517 3155 3342 3629 3793 4251 4293 4539 4757 4799 4989 4936 4922 4948 4879 4854 4762 4620 4361 4368 4124 3910 3898 3542 3398 3104 2883 2696 2554 2398 2184 2094 1814 1807 1543 1412 1345 1192 1080 991 871 836 736 694 627 595 534 485 
0 7 24 26 43 47 69 80 188 242 266 239 482 532 643 745 769 933 1270 1413 1733 1947 2226 2553 2623 2773 3116 3449 3730 4102 4128 4411 4414 4689 4857 4858 4896 4882 4813 4748 4871 4616 4376 4401 4184 4074 3826 3589 3345 3117 2989 2786 2664 2446 2324 2096 1919 1765 1573 1356 1423 1274 1169 1070 935 851 773 734 674 571 510 476 470 
1 6 17 30 61 47 81 97 130 186 222 316 416 489 807 900 755 957 1038 1318 1518 1703 2029 2224 2588 2971 3341 3603 3818 3798 4173 4391 4599 4866 4771 4968 4966 4940 5096 5005 4789 4603 4512 4184 4036 3909 3821 3670 3422 3172 3074 2779 2637 2444 2301 2028 1962 1793 1592 1466 1473 1262 1069 1082 982 856 803 694 647 588 532 519 461 
0 2 14 27 47 41 71 91 136 223 247 414 524 564 613 647 796 1094 1429 1521 1687 1963 2312 2385 2698 3129 3373 3623 3773 3996 4155 4486 4747 4917 4987 4877 4883 4963 4970 4875 4700 4521 4456 4239 4147 3971 3636 3457 3393 3005 2900 2651 2466 2408 2133 2064 1843 1735 1579 1396 1313 1161 1118 1003 904 835 768 674 632 557 486 477 
0 7 14 28 31 48 69 65 119 291 332 416 447 460 515 783 959 1192 1422 1569 1731 1913 2142 2592 2624 2917 3176 3553 3759 4150 4148 4481 4687 4824 4780 4818 5081 5016 4953 4942 4643 4622 4417 4333 4032 3987 3655 3439 3335 3076 2890 2693 2519 2421 2208 2005 1818 1653 1564 1485 1345 1160 1112 995 939 847 723 702 632 532 574 493 
1 11 23 23 38 136 131 117 114 174 175 382 518 574 613 564 800 1170 1354 1519 1723 1764 2111 2365 2442 2859 3161 3371 3833 4088 4253 4458 4538 4763 4763 4877 4955 4796 4943 4755 4850 4595 4461 4444 4183 4014 3709 3534 3372 3161 2995 2757 2603 2339 2288 2005 1926 1762 1585 1487 1381 1220 1139 1007 947 917 855 683 671 582 507 486 424 
1 7 23 34 55 58 81 155 211 230 281 322 516 606 721 769 1065 1254 1297 1522 1744 2217 2497 2765 3081 3046 3274 3608 3970 4233 4486 4620 4879 4781 5031 5047 4920 4924 4756 4785 4667 4424 4495 4192 3886 3749 3596 3441 3021 2904 2826 2623 2406 2231 2057 1834 1809 1587 1519 1383 1268 1179 1059 989 870 800 741 679 631 555 480 482 
0 4 23 29 53 49 106 105 131 173 242 261 275 391 572 693 889 971 1251 1478 1535 1698 2096 2419 2610 2867 3168 3527 3589 3854 4019 4313 4502 4870 4842 4958 5123 4982 5086 4909 4947 4695 4496 4584 4268 3975 3844 3693 3284 3172 2953 2837 2476 2351 2078 2032 1950 1790 1619 1438 1324 1282 1139 1088 955 894 794 715 671 596 542 504 454 
0 8 28 39 51 55 75 67 144 210 259 214 347 411 480 653 896 1006 1157 1393 1536 1706 1914 2098 2298 2725 3280 3379 3588 3914 4111 4582 4496 4543 5020 4977 4917 5101 4959 4895 4919 4858 4639 4471 4242 4151 3845 3685 3464 3347 3158 2813 2652 2411 2291 2060 1968 1818 1598 1616 1472 1235 1205 1048 1008 890 795 747 720 625 577 511 444 
0 5 8 34 48 37 61 78 79 117 154 224 254 345 473 533 803 964 1140 1285 1444 1488 1635 1903 2305 2407 2771 3276 3564 3665 3878 4077 4250 4645 4774 5037 4942 5051 5117 5037 4892 4854 4675 4477 4273 4233 4061 3740 3555 3542 3227 2928 2724 2603 2457 2215 2013 1943 1771 1624 1426 1321 1285 1151 1075 984 847 811 736 652 623 560 527 486 
0 2 27 54 47 57 56 57 56 118 156 255 276 401 676 682 722 695 983 1243 1489 1655 1819 2096 2388 2624 2811 3201 3414 3817 3965 4222 4437 4547 4551 4832 4895 5000 4880 4907 4884 4818 4751 4618 4336 4085 4072 3822 3649 3455 3230 3002 2835 2694 2502 2297 2085 1894 1808 1520 1434 1327 1252 1120 1024 965 867 799 690 645 594 521 497 446 
4 8 27 42 36 42 78 66 103 131 159 250 338 432 692 567 783 1039 1242 1483 1607 1698 1937 2355 2614 2865 3254 3309 3542 3735 4206 4275 4537 4765 4908 5044 4872 5097 4984 5022 4872 4733 4552 4359 4252 3995 3809 3547 3365 3289 3009 2878 2706 2440 2142 2001 1995 1812 1610 1456 1412 1237 1182 1081 960 826 851 721 686 624 548 490 443 
0 8 18 26 46 55 82 61 71 215 237 456 544 552 429 627 776 1020 1540 1721 1599 1687 1848 2284 2499 2972 3208 3390 3682 3760 4088 4377 4546 4818 4782 4799 4867 4925 4900 4925 4793 4762 4585 4448 4327 4108 3903 3663 3457 3221 3100 2826 2650 2438 2317 2134 1879 1758 1695 1503 1398 1279 1143 975 916 877 716 717 674 580 521 487 443 
0 14 23 33 46 51 65 82 111 123 150 159 301 449 457 470 584 691 1248 1526 1509 1761 1851 2132 2482 2658 2864 3348 3551 3755 4007 4246 4306 4616 4735 4849 4952 5059 4975 5013 4869 4720 4695 4483 4362 4132 3909 3639 3575 3445 3154 2929 2690 2628 2379 2140 1927 1866 1701 1567 1438 1357 1288 1106 1012 930 840 827 737 629 581 511 540 
0 1 16 52 67 52 50 77 103 108 149 191 226 246 487 454 410 588 874 1113 1174 1290 1488 1630 1918 2342 2735 2837 3169 3332 3860 4174 4371 4380 4412 4688 4899 5042 5281 5114 5072 4999 4844 4593 4661 4477 4258 4028 3772 3494 3533 3321 3039 2782 2468 2330 2140 2012 1927 1797 1646 1446 1331 1163 1139 1146 968 837 790 733 714 623 591 508 448 
0 7 21 40 43 83 92 78 107 127 147 184 315 372 513 519 589 668 813 908 989 1260 1523 1736 1976 2202 2445 2683 3005 3317 3511 3884 4069 4307 4336 4741 4826 4753 4960 4956 4973 4891 4811 4895 4711 4355 4261 3987 3806 3665 3365 3148 3118 2739 2675 2472 2295 2211 2009 1769 1764 1564 1357 1278 1178 1021 960 865 770 738 706 610 603 507 442 
0 8 30 41 46 50 80 94 281 330 263 336 453 661 786 1050 1085 1103 1368 1659 1869 2343 2543 2737 2997 3400 3528 3809 4019 4295 4337 4435 4804 4833 4883 4940 4914 4878 4679 4696 4555 4490 4362 4288 3907 3723 3592 3469 3028 2947 2734 2562 2329 2170 2055 1845 1703 1510 1495 1378 1170 1115 1044 948 865 788 767 655 595 545 494 472 
0 5 23 24 46 39 90 103 133 418 565 415 515 608 835 947 1220 1395 1591 1733 1883 2366 2605 2929 3122 3304 3451 3937 3965 4366 4377 4637 4774 4917 4949 4824 5047 4887 4784 4664 4522 4482 4256 4018 3891 3498 3438 3391 3103 2956 2582 2427 2164 2087 1918 1862 1585 1611 1418 1303 1238 1086 972 893 809 742 715 626 556 530 491 
0 5 22 40 35 60 68 104 99 401 424 382 369 597 862 1109 1307 1345 1577 1761 2027 2264 2458 2823 3098 3539 3836 4060 4124 4200 4373 4675 4724 4791 4884 4993 4831 4927 4803 4660 4620 4481 4458 4036 3945 3759 3397 3297 2922 2860 2553 2639 2256 2148 1919 1806 1772 1517 1383 1252 1158 1073 967 918 831 737 733 614 528 518 463 
0 1 20 27 43 47 43 155 145 157 143 197 238 465 473 357 405 558 755 921 1107 1315 1626 1750 1894 2147 2320 2725 2995 3302 3633 3844 4205 4419 4587 4559 4497 4767 4899 5024 4945 4941 4896 4707 4522 4528 4202 4197 3822 3760 3468 3332 3005 2925 2823 2567 2396 2202 2058 1861 1641 1561 1501 1301 1143 1132 1010 890 837 750 702 663 565 525 460 
0 2 17 38 57 60 99 98 105 148 259 383 400 482 572 686 888 971 1343 1523 1617 1772 2231 2314 2793 2946 3142 3251 3635 4003 4338 4444 4472 4693 4909 4757 4844 4964 4970 4905 4693 4649 4662 4347 4180 3836 3794 3686 3313 3309 3059 2788 2618 2366 2227 2051 1908 1812 1608 1506 1411 1276 1094 981 987 904 806 730 650 581 571 563 449 
0 6 13 27 43 48 61 81 172 201 207 197 241 389 650 827 911 1024 1133 1460 1776 1937 2104 2189 2548 2755 3165 3507 3747 4007 4120 4325 4280 4506 4862 4947 5078 4980 4853 4904 4876 4587 4400 4291 4330 4024 3882 3721 3436 3233 3038 2714 2642 2411 2227 2165 1908 1794 1680 1463 1346 1223 1140 1026 994 843 793 713 650 576 545 503 483 
0 4 17 33 42 108 141 122 195 301 270 389 457 709 1097 1006 1120 1220 1472 1586 1801 2163 2317 2647 2945 3335 3302 3750 4031 4256 4407 4497 4791 4753 4844 4994 4920 4990 4888 4716 4497 4527 4353 4130 3952 3731 3464 3391 3090 2865 2695 2560 2273 2240 1965 1952 1642 1602 1454 1409 1237 1110 1002 922 892 768 687 674 643 517 505 435 
0 2 11 28 42 52 49 92 79 115 187 225 238 376 447 462 495 751 928 1199 1338 1434 1721 1785 1996 2540 2825 3086 3213 3477 3731 4092 4205 4390 4566 4742 4691 4998 4985 4934 4877 4756 4798 4681 4633 4284 4189 4015 3678 3573 3356 3227 2985 2632 2461 2318 2132 2041 1901 1716 1544 1420 1270 1245 1069 957 921 824 763 727 608 527 486 466 
0 4 30 42 45 49 104 116 132 248 365 380 385 390 549 706 847 881 1061 1205 1617 1822 2051 2348 2348 2727 3130 3431 3551 3819 4190 4335 4564 4636 4716 4895 5008 5012 5061 4885 4804 4655 4608 4568 4262 4181 3935 3622 3419 3303 2982 2953 2784 2492 2298 2090 1969 1741 1668 1504 1288 1277 1134 1056 999 851 831 763 673 610 538 490 488 
0 7 16 35 42 45 49 60 88 324 353 329 214 340 588 718 763 809 1167 1350 1434 1746 1981 2227 2444 2599 3006 3331 3525 3657 4055 4340 4463 4559 4764 4905 5010 5019 4907 5002 4833 4776 4592 4363 4144 4118 3974 3784 3509 3233 3089 2955 2721 2568 2319 2082 1998 1791 1726 1604 1444 1257 1115 1157 1049 894 831 752 695 642 578 559 472 
0 3 18 29 50 88 110 107 147 189 323 276 340 370 500 600 793 1179 1348 1289 1558 1692 1977 2266 2389 2638 2971 3381 3622 3996 4129 4159 4519 4641 4581 4763 4973 4841 5052 4914 4811 4740 4533 4427 4271 4155 3877 3542 3462 3337 3070 2928 2720 2583 2327 2179 1975 1852 1750 1586 1440 1345 1153 1110 940 942 863 751 712 647 586 515 474 
0 3 16 35 41 54 67 83 100 145 180 211 301 345 415 513 668 737 946 1141 1327 1328 1627 1884 2232 2519 2832 2950 3203 3586 3827 3932 4321 4458 4466 4856 5006 4996 5045 4941 4789 4716 4885 4636 4523 4231 4117 3989 3889 3554 3322 3067 2977 2732 2496 2441 2171 2047 1798 1711 1534 1378 1352 1251 1115 1008 865 895 767 689 628 538 522 475 
0 11 27 40 59 79 76 106 131 172 341 352 390 548 580 554 682 954 1225 1355 1743 2158 2110 2194 2548 2635 2856 3284 3756 4033 4391 4589 4655 4739 4869 5027 5078 4934 5104 4983 4684 4696 4541 4427 4082 4009 3872 3599 3442 3159 3144 2760 2645 2371 2114 2047 1888 1725 1572 1438 1329 1258 1062 1022 899 891 744 699 659 634 532 484 444 
0 5 21 28 38 53 62 99 101 150 195 237 296 408 396 471 579 738 987 1655 1873 1638 1751 2228 2374 2556 2825 3192 3561 3825 3953 4244 4424 4627 4754 4729 4936 5035 4929 4907 4878 4847 4651 4473 4302 4201 3934 3686 3526 3306 3262 2952 2903 2602 2358 2252 2014 1908 1681 1652 1492 1348 1247 1183 997 970 874 792 728 667 566 539 496 461 
0 6 25 56 40 48 44 70 116 121 152 308 495 521 385 529 785 1070 1104 1220 1560 1657 1943 2217 2484 2833 2921 3258 3552 3843 4004 4245 4365 4470 4633 4861 4826 4933 4965 4920 4835 4766 4748 4436 4328 4117 4082 3671 3613 3374 3162 2881 2709 2539 2351 2180 1958 1961 1633 1546 1500 1366 1242 1148 1016 914 830 790 698 586 605 537 488 444 
0 10 24 42 59 47 56 63 59 75 152 263 417 471 645 647 644 761 1010 1157 1380 1658 1901 2154 2350 2787 3040 3175 3374 3779 4194 4287 4384 4588 4584 4800 4833 4946 4883 4956 4922 4580 4652 4515 4498 4077 3905 3808 3624 3409 3136 3063 2737 2652 2401 2299 2061 1913 1719 1593 1584 1431 1199 1144 1011 989 846 819 766 648 615 524 544 456 
0 3 20 33 67 56 76 59 88 103 116 180 288 449 415 626 690 831 993 1307 1659 1677 2034 2213 2341 2810 3054 3200 3556 3807 4018 4140 4544 4564 4781 4966 4958 4978 4999 4941 4968 4761 4670 4558 4374 4173 3987 3804 3495 3190 3103 2861 2760 2598 2358 2123 1965 1887 1727 1628 1453 1262 1168 1105 1035 926 842 773 657 648 588 520 467 
0 9 16 76 64 49 69 105 120 156 169 183 235 642 772 589 657 764 1191 1377 1681 1828 1892 2172 2328 2640 2961 3313 3576 3697 3879 4253 4526 4602 4638 4791 4860 4876 4870 4836 4760 4681 4502 4371 4491 4222 3860 3719 3567 3294 3094 2934 2740 2542 2349 2146 1979 1816 1743 1577 1482 1299 1201 1093 1023 974 909 808 716 635 615 508 508 459 
0 6 19 39 47 60 72 104 149 158 161 230 494 475 558 535 614 1123 1207 1646 1596 1625 2036 2388 2732 2748 3123 3328 3586 3855 4097 4306 4576 4599 4794 5099 4873 4741 4887 5100 4725 4704 4631 4345 4139 3862 3829 3683 3510 3196 3049 2840 2572 2343 2241 2114 1917 1786 1656 1598 1384 1237 1137 1101 931 864 780 740 696 659 592 537 449 
0 5 18 30 39 61 101 119 170 198 243 238 340 596 653 769 793 962 1089 1435 1597 1855 2088 2304 2533 2993 3408 3703 3706 3849 4200 4230 4584 4668 4844 4908 4945 4946 4889 4901 4821 4543 4533 4353 4192 4016 3787 3624 3452 3170 3031 2679 2564 2379 2245 2049 1885 1783 1660 1461 1368 1228 1207 1077 878 896 779 763 658 568 517 494 500 
0 3 15 39 43 50 80 162 217 262 325 439 633 735 870 944 1148 1285 1666 2041 2170 2372 2530 2780 3160 3437 3745 3848 4252 4502 4518 4771 4867 5037 4873 4947 4950 4742 4643 4501 4536 4519 4048 3959 3796 3522 3257 3105 2963 2873 2553 2361 2267 2127 1917 1781 1615 1486 1376 1241 1150 1014 1036 888 834 709 646 638 548 479 475 
0 9 16 19 50 69 63 70 122 210 223 290 317 389 490 798 1038 1178 1203 1308 1460 1710 2119 2340 2542 2855 3057 3281 3536 3789 4131 4489 4665 4762 4721 4743 4973 4856 4906 4826 4789 4855 4445 4424 4213 3978 3797 3669 3399 3208 3004 2847 2543 2510 2333 2131 1932 1849 1653 1481 1306 1277 1137 1010 965 890 776 703 665 563 558 499 420 
0 8 23 38 50 52 88 97 158 145 318 437 569 663 660 845 983 1246 1381 1581 1816 2018 2261 2462 2791 3184 3390 3528 3768 3930 4211 4560 4669 4878 4891 4948 4923 5135 4928 4704 4619 4472 4426 4151 4055 3885 3827 3529 3267 3035 2836 2625 2535 2317 2101 1885 1730 1661 1468 1376 1298 1246 1106 1009 835 793 752 743 596 550 500 461 
0 7 25 31 35 46 76 99 119 134 145 223 332 384 541 535 649 779 1115 1321 1444 1671 1743 2141 2497 2564 2781 3211 3495 3764 3951 4088 4395 4509 4622 4986 4922 4989 4960 4875 4958 4802 4585 4615 4457 4240 4090 3951 3640 3298 3106 2870 2642 2629 2395 2196 2060 1813 1718 1601 1485 1344 1219 1110 953 887 826 786 714 652 590 503 457 
0 6 13 40 48 76 69 65 75 109 189 209 335 459 580 555 719 772 901 1330 1480 1706 1778 2012 2231 2527 2768 3090 3519 3969 4096 4158 4317 4453 4587 4816 4875 5029 4992 4909 4756 4770 4766 4499 4500 4238 3932 3764 3634 3307 3088 2916 2803 2581 2450 2207 1978 1896 1710 1592 1531 1386 1280 1109 1028 869 857 742 732 675 632 580 500 495 
0 7 19 34 45 55 82 105 139 213 231 204 274 596 648 682 677 923 1183 1407 1652 1736 1748 2238 2703 3056 3257 3246 3499 3875 4145 4364 4644 4675 4818 4960 4982 5059 4880 4801 4749 4588 4488 4522 4218 4008 3853 3540 3336 3138 3034 2786 2614 2415 2243 2113 2024 1778 1633 1542 1390 1239 1131 1116 958 905 847 777 695 569 561 540 472 432 
0 11 19 24 40 46 69 98 123 148 146 193 220 253 312 643 841 667 698 985 1157 1529 1667 1969 2077 2252 2681 2854 3208 3512 3890 4141 4203 4221 4611 4728 5012 5060 5067 5124 4932 4761 4761 4725 4574 4518 4153 4003 3821 3523 3325 3108 3065 2729 2540 2387 2197 2024 1772 1639 1604 1470 1331 1225 1094 1053 971 813 768 681 667 604 535 536 469 
0 4 19 26 46 50 75 80 300 262 202 288 358 400 489 527 786 1139 1360 1358 1378 1768 1740 2156 2269 2762 2970 3155 3450 4061 4272 4317 4539 4593 4698 5078 4964 5258 5100 4863 4799 4738 4601 4422 4171 4038 3783 3735 3484 3260 3053 2844 2687 2577 2403 2173 2039 1786 1686 1545 1401 1324 1227 1130 989 907 805 757 683 612 631 537 471 453 
0 7 17 38 57 75 97 116 119 409 455 536 641 737 835 853 1146 1160 1456 1769 2048 2303 2436 2565 2881 3240 3432 3784 4034 4136 4271 4478 4629 4853 4851 4959 4992 5039 4901 4759 4805 4485 4417 4077 4023 3891 3614 3248 3068 2954 2846 2617 2343 2219 1955 1813 1710 1587 1442 1335 1150 1160 998 855 835 794 698 617 536 496 499 424 
0 6 18 52 50 72 71 88 196 213 231 319 354 465 527 583 771 949 1464 1580 1679 1881 1967 2235 2627 2959 3387 3549 3814 3932 4142 4326 4516 4783 4892 5168 5190 5039 4940 4763 4857 4721 4566 4373 4163 3963 3832 3656 3406 3131 3037 2748 2509 2351 2185 1978 1771 1748 1624 1473 1313 1263 1119 1031 909 861 777 715 628 616 545 524 440 
2 10 17 35 62 57 68 126 190 231 271 294 461 481 518 747 1028 1121 1307 1483 1570 1940 2505 2785 2891 2931 3240 3456 3856 4148 4087 4521 4616 4807 4837 4949 4805 5047 4943 4905 4660 4555 4445 4369 4152 3837 3846 3535 3340 3110 2892 2719 2579 2336 2188 2061 1913 1712 1535 1464 1323 1237 1050 996 929 837 726 667 589 546 482 485 441 
0 8 36 29 41 58 51 85 103 128 174 210 181 324 414 636 833 932 1141 1200 1421 1719 1830 2095 2193 2364 2787 2988 3354 3604 3793 4174 4332 4460 4581 4898 4858 4959 5006 4961 4870 4940 4706 4564 4441 4260 3931 3786 3586 3504 3243 3171 2715 2645 2612 2332 2113 1985 1811 1648 1502 1427 1256 1167 1063 958 914 819 785 686 676 543 539 459 
0 8 36 52 55 74 206 261 446 422 517 468 609 781 1033 1062 1331 1757 1614 2049 2238 2565 2884 2881 3087 3479 3778 4071 4039 4458 4567 4857 4931 5061 5028 4966 4711 4757 4717 4523 4553 4358 4119 3845 3756 3503 3254 3085 2947 2734 2415 2293 2276 1910 1794 1667 1530 1396 1340 1189 1206 1016 860 807 723 685 646 541 540 484 
0 10 20 46 46 56 125 167 396 386 192 300 395 554 660 864 1036 1229 1294 1631 1766 1972 2313 2735 2883 3010 3260 3677 3865 4109 4213 4334 4670 4649 4884 4920 4860 5036 4884 4801 4710 4561 4475 4138 4110 3704 3587 3435 3146 3080 2879 2661 2496 2310 2109 1931 1809 1703 1531 1467 1206 1206 1079 986 945 798 717 695 645 543 488 499 
1 4 21 43 54 44 68 109 140 146 188 468 464 411 499 673 978 988 1121 1552 1640 1966 2297 2607 2668 2903 3410 3601 3966 4277 4208 4306 4554 4767 5008 5044 4982 4992 5022 4997 4788 4656 4446 4292 4092 3860 3677 3597 3415 3131 2941 2771 2516 2276 2144 2000 1813 1772 1569 1453 1323 1217 1092 976 927 847 777 723 628 584 541 490 
0 8 13 34 27 63 49 67 85 99 161 202 485 439 799 657 572 934 1166 1201 1379 1582 1922 2202 2367 2858 3162 3529 3764 3906 4124 4217 4427 4706 4922 4811 5073 5050 4970 4980 4837 4819 4569 4406 4300 4113 4016 3811 3430 3328 3123 2934 2707 2561 2297 2151 2056 1876 1641 1527 1410 1305 1134 1088 1022 910 767 742 708 619 525 503 475 
0 5 14 34 35 44 57 75 77 95 96 139 201 242 271 296 423 531 621 854 1059 1526 1616 1540 1878 2077 2258 2623 3019 3024 3533 3662 3910 4127 4255 4352 4736 4823 4892 4874 4934 5097 5014 4678 4626 4466 4336 4229 3969 3766 3633 3434 3199 3061 2758 2657 2385 2213 2100 1877 1785 1591 1560 1369 1232 1140 1135 913 920 776 726 646 665 575 519 453 
1 3 16 30 58 70 86 114 142 129 221 270 311 528 660 782 910 1068 1166 1357 1663 2069 2263 2430 2570 2782 3232 3574 3885 4103 4248 4340 4597 4775 4630 4760 4914 5080 4962 4914 4703 4696 4529 4427 4243 4069 3688 3583 3371 3153 3012 2835 2658 2364 2191 2039 1862 1752 1605 1473 1316 1199 1116 1054 922 825 783 702 682 593 525 514 
0 7 10 36 35 48 42 68 85 105 136 215 447 504 601 562 777 830 944 1081 1335 1485 1777 2000 2076 2355 2709 3067 3360 3595 3871 4078 4086 4202 4398 4593 4668 4939 4938 4879 4951 5001 4757 4562 4385 4230 4138 3840 3668 3586 3451 3127 2944 2704 2572 2386 2187 2001 1848 1809 1506 1402 1384 1180 1070 1027 900 826 806 692 636 575 514 500 
0 1 11 22 41 43 53 66 128 141 165 205 290 353 453 441 539 803 988 1223 1321 1374 1570 1739 2270 2468 2739 2914 3301 3377 3573 3931 4067 4168 4509 4467 4786 5003 5000 5013 4973 4827 4748 4656 4662 4481 4295 3928 3740 3561 3341 3302 3003 2832 2545 2404 2189 2070 1911 1728 1598 1452 1278 1212 1093 981 932 871 814 706 594 599 564 486 434 
0 7 19 28 63 106 114 137 169 175 325 383 581 745 889 1029 1147 1411 1548 1764 2069 2183 2582 2854 3236 3383 3750 3990 4197 4237 4637 4700 4838 4933 5029 5011 5001 4949 4871 4774 4552 4359 4192 4023 3885 3545 3381 3081 3066 2793 2595 2405 2283 2076 1924 1713 1591 1513 1341 1277 1185 998 1015 876 780 758 692 573 544 484 456 
1 10 20 24 38 60 66 78 87 156 303 282 201 325 403 635 830 915 1302 1429 1466 1686 2053 2130 2423 2634 3091 3280 3575 3769 4024 4155 4458 4613 4805 4783 4956 4961 5015 5016 4798 4679 4669 4415 4260 4031 3918 3678 3370 3389 3143 3019 2700 2609 2332 2214 1971 1891 1693 1553 1441 1319 1216 1098 1042 888 859 788 683 623 567 496 491 441 
0 9 24 34 43 51 68 81 89 166 184 209 249 184 294 377 471 717 804 1021 1221 1287 1569 1939 2169 2182 2614 2947 3247 3511 3834 4054 4190 4325 4654 4729 4804 4812 4914 4906 4998 4807 4822 4681 4618 4341 4235 4022 3793 3590 3363 3158 2891 2802 2575 2339 2178 2074 1895 1730 1698 1445 1321 1245 1144 1055 926 914 792 738 681 567 555 477 
0 6 16 29 50 70 97 104 165 154 245 239 353 460 579 690 819 979 1327 1464 1578 1823 2319 2317 2673 2955 3292 3639 3725 3915 4314 4502 4599 4626 4742 4986 4998 5001 4768 4675 4772 4665 4650 4329 4201 3966 3783 3638 3358 3097 2941 2787 2627 2330 2194 2112 1955 1792 1620 1455 1379 1228 1149 1036 1011 867 770 733 643 589 556 501 428 
0 5 17 30 36 54 63 78 163 133 169 245 276 408 418 573 612 857 1093 1265 1376 1457 1782 2040 2251 2586 2728 3276 3439 3806 3864 4006 4190 4485 4697 5008 5016 4900 4984 4999 4975 4776 4756 4523 4421 4212 4074 3922 3586 3375 3325 3199 2864 2596 2420 2365 2141 2002 1849 1654 1510 1327 1263 1213 1084 973 849 779 738 643 604 559 510 458 
0 7 27 58 93 130 119 123 459 489 523 407 578 857 979 1191 1445 1564 1625 1828 2115 2431 2896 3110 3373 3632 3684 4073 4369 4501 4738 4716 4757 4959 4973 4916 4837 4881 4862 4548 4409 4246 4097 3959 3694 3644 3256 3123 2863 2661 2480 2293 2084 1957 1829 1673 1513 1370 1251 1261 1156 1033 915 809 735 707 666 602 609 484 
0 5 16 34 124 144 146 151 265 244 224 264 344 547 639 688 834 939 1209 1283 1328 1723 2168 2254 2551 2944 3176 3508 3688 3919 4065 4332 4703 4675 4702 4668 5071 4966 4990 4989 4775 4712 4528 4290 4314 4120 3878 3622 3453 3168 3030 2783 2656 2536 2234 2173 1951 1860 1505 1517 1342 1194 1107 1067 907 914 831 768 643 596 518 488 471 
0 3 13 32 46 51 95 81 100 106 139 253 321 360 357 591 681 775 919 1130 1736 1806 1883 2164 2244 2512 2949 3159 3378 3767 3913 4159 4105 4332 4530 4762 4923 5004 4918 4857 4835 4796 4679 4517 4390 4331 3968 3785 3687 3486 3225 2991 2881 2591 2395 2181 2076 1944 1767 1567 1499 1377 1274 1116 1032 952 917 752 748 635 605 551 507 462 
0 6 26 40 57 65 92 139 133 153 192 302 372 449 643 1034 1290 963 1242 1417 1683 1967 2233 2557 2875 2976 3329 3523 3922 4003 4345 4623 4777 4857 4902 5103 5022 5000 4892 4914 4798 4654 4470 4297 4143 3895 3770 3452 3246 3041 2866 2765 2426 2271 2064 2092 1916 1681 1503 1415 1275 1180 1025 921 886 800 797 667 632 558 520 491 
0 6 23 27 46 51 74 96 145 127 173 377 483 684 685 656 838 1141 1405 1608 1824 2139 2348 2534 2850 3107 3352 3647 3777 4177 4476 4575 4567 4730 4860 5017 4970 4975 4852 4726 4727 4507 4459 4293 4110 3940 3622 3470 3291 3066 2883 2621 2481 2432 2030 1970 1922 1695 1473 1393 1228 1167 1110 962 862 811 741 694 631 545 546 460 
0 19 39 48 53 90 76 120 194 196 205 212 317 541 683 833 907 1235 1378 1589 1722 1965 2201 2633 2834 2938 3348 3599 3750 4117 4343 4603 4672 4880 4838 4832 4878 4970 4783 4930 4742 4565 4421 4200 4018 3887 3672 3470 3361 3211 2953 2664 2491 2271 2166 2001 1842 1639 1511 1428 1293 1236 1099 1066 929 860 731 681 619 517 494 468 
