0 1 21 45 48 76 45 193 259 286 346 497 604 783 739 1100 1304 1498 1463 1661 2090 2377 2635 2811 3259 3510 3617 3840 3961 4347 4406 4665 4873 4767 4742 4857 4701 4709 4617 4553 4353 4273 4206 4026 3714 3525 3452 3154 3113 2877 2673 2294 2266 2101 1932 1731 1658 1524 1443 1265 1127 1081 1008 887 807 755 628 674 615 506 
0 3 22 27 87 84 96 152 147 202 272 327 352 458 541 692 979 1229 1298 1553 1495 1618 1896 2227 2697 2829 3372 3717 3740 3869 4279 4164 4617 4653 4660 4853 5067 5112 4748 4779 4600 4442 4437 4438 4159 3892 3622 3520 3245 3104 2883 2781 2629 2403 2209 1978 1788 1719 1568 1489 1336 1219 1124 944 902 847 774 697 625 585 494 456 
1 17 29 50 60 64 87 83 180 238 319 251 363 439 619 642 724 985 1102 1304 1641 1806 1829 2014 2444 2739 3107 3250 3443 3588 3805 4019 4238 4458 4581 4625 4684 4815 4835 4722 4678 4795 4682 4407 4124 4085 3718 3553 3359 3265 3056 2769 2756 2510 2269 2106 2072 1856 1740 1578 1448 1297 1256 1089 987 896 832 782 708 697 629 572 463 
0 4 14 48 69 90 86 83 189 279 393 469 563 642 784 883 832 1046 1424 1696 1938 2053 2130 2489 2859 3086 3207 3563 3839 4089 4398 4680 4613 4681 4719 4631 4794 4783 4826 4677 4497 4437 4331 4107 4035 3831 3656 3351 3255 2971 2778 2622 2460 2251 2094 1925 1884 1681 1481 1406 1315 1132 1100 1034 891 833 766 677 650 616 523 486 
2 14 15 21 29 52 46 78 100 141 188 219 283 329 348 430 541 621 699 850 987 1261 1450 1629 1657 1907 2196 2573 3019 3238 3438 3645 3993 4132 4238 4414 4633 4768 4785 4979 4906 4984 4801 4688 4551 4236 4249 4155 3832 3548 3536 3398 3115 2806 2673 2565 2358 2133 2022 1835 1746 1593 1439 1394 1194 1120 1025 944 894 789 709 672 601 555 492 
0 4 15 32 52 62 69 111 149 160 159 288 357 442 506 627 681 862 1293 1414 1774 1713 1889 2237 2567 2777 2869 3182 3537 3825 4047 4138 4479 4490 4731 4663 4848 4877 4748 4750 4736 4719 4489 4394 4159 3976 3769 3666 3440 3347 2974 2835 2644 2526 2264 2114 1984 1833 1666 1560 1496 1340 1236 1120 1043 895 834 746 694 663 548 522 468 
0 3 18 28 43 56 73 200 258 251 224 210 487 583 755 752 823 978 1323 1465 1742 1922 2148 2307 2619 3023 3099 3544 3837 4102 4152 4341 4434 4481 4778 4717 5021 4877 4911 4719 4721 4478 4242 4132 3979 3904 3678 3516 3201 3038 2835 2715 2489 2472 2170 1929 1806 1734 1537 1427 1328 1225 1086 988 976 870 747 700 612 614 553 484 
0 6 21 46 65 49 59 135 121 140 175 283 326 349 480 586 976 1059 1057 1214 1272 1599 1774 2144 2514 2734 2961 3251 3358 3523 3681 3990 4293 4448 4665 4594 4763 4820 4838 4865 4783 4499 4407 4553 4265 4121 3947 3732 3505 3428 3183 2899 2737 2600 2379 2163 2069 1905 1784 1620 1568 1398 1240 1111 1064 969 884 778 752 639 555 552 478 
0 7 10 34 60 40 48 79 117 149 141 174 213 276 406 558 621 639 868 1050 1173 1248 1655 1932 2009 2290 2469 2675 3047 3429 3299 3596 3955 4116 4429 4432 4574 4737 4784 4796 4698 4780 4564 4467 4363 4378 4308 3984 3745 3618 3306 3232 3028 2942 2728 2515 2315 2231 1909 1780 1673 1532 1472 1345 1139 1156 1038 881 848 790 725 632 602 529 498 
0 8 7 20 37 51 73 70 65 77 134 172 158 223 413 538 528 587 775 830 1071 1336 1510 1736 2025 2124 2366 2609 2887 3124 3364 3636 4001 4134 4179 4509 4503 4736 4827 4742 4756 4910 4732 4676 4499 4331 4101 4122 4034 3801 3490 3334 3117 3014 2728 2543 2363 2297 2081 1895 1706 1591 1501 1338 1210 1061 1038 986 821 829 639 655 627 524 497 
0 4 23 48 47 59 112 128 246 283 348 375 391 433 584 820 850 1041 1140 1297 1460 1750 1940 2241 2427 2631 3168 3226 3373 3594 3856 4073 4392 4473 4469 4548 4762 4819 4736 4704 4702 4579 4546 4418 4152 3928 3833 3610 3424 3329 2990 2780 2666 2391 2225 2167 1946 1814 1676 1544 1463 1225 1211 1066 991 915 858 773 671 635 607 530 501 
0 1 14 26 45 50 62 72 84 109 131 197 264 434 423 527 625 780 1064 1339 1466 1519 1837 2073 2352 2497 2810 3084 3376 3417 3873 3953 4242 4364 4562 4551 4940 4740 4907 4847 4697 4720 4563 4633 4442 4117 3901 3644 3641 3411 3281 3063 2802 2512 2487 2312 2109 2046 1777 1660 1485 1358 1293 1132 1007 985 884 836 776 660 582 555 548 496 
0 5 20 45 59 56 69 167 161 333 419 403 557 566 714 848 928 1132 1241 1498 1792 2200 2303 2488 2657 2906 3226 3653 3823 4125 4347 4320 4611 4781 4897 4898 4889 4757 4735 4616 4617 4530 4335 4267 3935 3778 3669 3585 3218 2947 2761 2585 2376 2248 2075 1948 1812 1597 1469 1358 1193 1161 1088 992 910 792 691 661 655 514 545 
0 5 14 25 43 51 74 89 78 98 187 308 371 404 451 519 703 729 858 993 1055 1342 1436 1651 1931 2209 2430 2739 3079 3434 3674 3765 3925 4165 4442 4632 4641 4683 4795 4832 4860 4687 4654 4619 4346 4222 4128 3921 3788 3567 3471 3258 2977 2703 2674 2462 2214 2057 1886 1792 1661 1487 1427 1257 1148 1122 1026 921 792 775 737 582 553 497 432 
0 2 20 34 48 57 53 70 223 221 191 466 593 854 781 876 1079 1115 1387 1579 1801 2079 2421 2763 2757 3179 3485 3748 3614 4100 4226 4412 4484 4755 4990 4747 4779 4702 4701 4646 4445 4369 4247 4149 3942 3810 3514 3433 3158 2919 2701 2537 2397 2212 2099 1884 1819 1643 1537 1385 1280 1121 1046 1034 818 801 747 695 605 545 550 
1 10 16 34 39 48 68 94 113 190 203 243 300 411 490 556 696 1078 1225 1290 1351 1610 1942 2132 2340 2404 3010 3108 3374 3622 3796 4074 4007 4337 4431 4615 4739 4851 4876 4790 4714 4629 4603 4359 4174 4063 3902 3609 3504 3470 3069 3000 2839 2643 2439 2239 2094 1841 1751 1664 1516 1373 1348 1245 1021 957 880 831 755 665 629 604 516 438 
0 2 18 29 56 56 83 81 87 156 222 334 355 401 452 468 621 650 766 1006 1336 1449 1738 2159 2527 2414 2635 2860 3131 3585 3936 4216 4167 4440 4548 4657 4884 5042 4959 4975 4701 4792 4678 4371 4322 4162 4008 3832 3767 3432 3247 3056 2860 2693 2495 2294 2116 1952 1861 1739 1519 1435 1267 1169 1013 967 860 865 748 696 637 548 492 503 
0 10 20 32 63 65 88 76 136 150 194 238 325 432 604 669 592 882 1169 1249 1472 1508 1767 2198 2357 2343 2647 2935 3270 3691 4027 4062 4099 4327 4442 4761 4668 4758 4777 4779 4723 4640 4550 4353 4305 4052 3874 3781 3505 3335 3202 2970 2703 2637 2507 2263 2098 1900 1714 1633 1444 1352 1299 1155 1095 1029 914 805 782 748 652 563 520 468 
0 12 26 26 153 153 281 273 250 412 422 573 648 792 882 1011 1398 1471 1749 2139 2290 2600 2708 2966 3200 3615 3921 4006 4220 4422 4407 4665 4657 4726 4788 4872 4681 4794 4725 4448 4265 4297 3943 3838 3720 3459 3324 3043 2799 2638 2484 2277 2178 1964 1846 1663 1564 1425 1299 1246 1089 1021 944 828 774 697 624 560 529 456 
1 5 7 28 50 46 44 45 116 286 496 450 426 542 610 806 977 1044 1233 1425 1695 2020 2176 2417 2711 2921 3045 3367 3584 3902 4056 4246 4555 4714 4673 4828 4830 5060 4891 4796 4763 4623 4313 4239 4045 3896 3596 3425 3237 3141 2924 2788 2566 2310 2171 2088 1944 1710 1527 1449 1346 1192 1121 1047 973 793 796 698 636 581 554 448 
0 4 18 56 46 86 94 106 192 211 249 408 465 581 632 716 870 992 1316 1499 1620 1961 2156 2326 2555 2742 3105 3296 3613 4254 4109 4256 4529 4676 4636 4727 4826 4924 4798 4715 4574 4577 4313 4343 4068 3806 3626 3529 3343 3150 2869 2768 2615 2258 2202 2107 1799 1703 1631 1520 1342 1240 1195 1057 1002 894 812 731 703 609 529 517 442 
0 10 37 38 46 44 65 76 104 185 232 284 298 496 787 991 1215 1291 1198 1399 1663 1888 2195 2460 2788 2782 3163 3558 3936 4079 4359 4364 4437 4724 4708 4970 5051 4744 4858 4697 4644 4507 4497 4209 4052 3856 3658 3531 3244 3006 2890 2708 2555 2272 2169 2018 1841 1774 1569 1391 1325 1189 1052 1024 868 871 786 719 648 549 536 488 
0 5 21 22 61 87 111 436 389 188 333 497 739 913 950 1123 1340 1617 1761 1925 2251 2457 2611 3011 3175 3705 3980 4006 4112 4253 4546 4598 4811 4852 4885 4796 4828 4716 4607 4508 4371 4236 3985 3855 3699 3520 3295 3109 2882 2679 2503 2247 2134 1997 1844 1715 1617 1438 1295 1195 1235 983 914 804 719 684 675 588 539 555 
0 3 14 22 45 62 69 66 76 96 102 134 159 280 336 303 360 540 716 793 893 1056 1167 1632 1898 2111 2155 2188 2697 2953 3183 3541 3674 3896 4124 4357 4602 4659 4660 4783 4765 4937 4667 4803 4650 4602 4433 4276 4003 3724 3559 3361 3207 3164 2943 2688 2485 2252 2229 2027 1844 1672 1506 1384 1348 1164 1089 1039 939 828 750 741 669 610 516 435 
0 3 17 28 46 54 92 99 111 145 252 664 619 670 706 780 914 1207 1521 1756 1885 2349 2655 2899 2930 3308 3506 3711 4040 4256 4517 4678 4631 4895 5026 4942 4833 4820 4657 4458 4493 4426 4207 4080 3851 3759 3486 3226 3114 2916 2647 2533 2328 2179 2000 1887 1684 1592 1442 1343 1202 1093 953 908 878 714 684 646 572 504 481 
0 4 26 94 101 53 92 76 141 165 159 154 259 239 313 642 693 739 810 1005 1241 1249 1503 1799 1974 2402 2628 2810 3047 3294 3541 3791 3984 4287 4293 4531 4599 4953 4933 4891 4720 4933 4656 4539 4542 4364 4066 3841 3708 3603 3398 3240 2973 2792 2522 2392 2200 2013 1958 1764 1602 1596 1349 1335 1156 1087 992 913 777 700 651 589 554 466 416 
0 7 16 25 48 62 90 121 210 254 302 341 428 395 1148 601 823 1183 1425 1623 1744 2015 2105 2608 2805 3138 3306 3665 3772 3981 4243 4416 4598 4670 4762 4750 4816 4772 4927 4808 4367 4456 4378 4201 4020 4033 3685 3449 3335 3084 2951 2581 2398 2291 2099 1970 1842 1637 1510 1377 1257 1222 1045 929 917 795 725 645 611 597 526 432 
0 7 23 34 53 56 59 98 104 154 148 301 300 373 545 530 637 872 1099 1149 1371 1588 1807 2045 2269 2412 2596 3023 3286 3640 3881 4119 4201 4328 4470 4742 4724 4770 4620 4655 4608 4721 4481 4401 4424 4167 3883 3850 3667 3349 3237 2961 2796 2533 2417 2273 2128 1965 1783 1667 1575 1409 1361 1200 1086 943 908 818 760 655 623 595 532 520 
0 3 23 22 156 185 163 96 278 325 421 407 618 609 1136 1228 1064 1255 1622 1818 2059 2348 2531 2959 3137 3332 3581 3830 4087 4279 4432 4533 4665 4766 4872 4994 4970 4715 4802 4584 4357 4222 4083 3930 3740 3607 3332 3128 3086 2775 2508 2359 2247 2025 1933 1760 1598 1482 1405 1310 1159 1073 925 904 785 695 641 633 567 451 
0 3 25 47 54 64 81 82 95 106 109 164 234 307 306 471 680 734 843 953 1120 1460 1691 1801 1860 2138 2733 3085 2890 3275 3586 4011 4113 4172 4367 4519 4791 5003 5027 4967 4937 4824 4700 4418 4426 4195 4085 3918 3844 3418 3396 3125 3051 2785 2591 2340 2219 2045 1880 1743 1655 1543 1422 1240 1216 1081 986 896 810 726 645 631 552 526 455 
0 9 18 41 49 48 249 225 241 218 294 486 616 696 736 914 1065 1369 1539 1834 2120 2354 2728 2895 3115 3261 3783 4043 4331 4440 4611 4792 4661 4725 4813 4964 4841 4995 4705 4665 4496 4249 4091 4167 3867 3512 3264 3142 2968 2785 2514 2370 2226 2064 1932 1770 1633 1527 1392 1268 1147 1040 971 903 799 743 662 604 539 518 454 
0 5 11 27 43 64 96 202 212 211 282 414 413 653 859 1235 1301 1271 1578 1768 2166 2444 2662 2714 3077 3396 3737 3781 3896 4225 4349 4563 4828 4741 4919 4782 4831 4664 4726 4550 4487 4289 4189 4040 3907 3650 3288 3222 2977 2862 2590 2424 2260 2149 1938 1796 1681 1482 1397 1272 1083 1110 1019 893 856 802 694 673 589 541 445 
0 11 15 37 42 61 76 129 194 226 317 312 325 381 528 763 797 1072 1193 1240 1470 1661 2114 2443 2660 2836 3218 3381 3466 3794 3989 4159 4507 4474 4814 4723 4725 4886 4746 4681 4831 4699 4572 4314 4242 3850 3701 3503 3397 3297 3056 2811 2621 2524 2400 1988 1894 1801 1618 1504 1369 1253 1119 1128 949 830 769 747 655 638 513 496 
0 6 20 27 35 45 65 60 63 88 79 169 236 189 255 377 460 562 858 892 1045 1046 1255 1648 1938 2103 2280 2493 2983 3202 3308 3554 3665 3977 4214 4468 4703 4817 4680 4738 4638 4768 4643 4585 4635 4334 4212 4155 3948 3785 3506 3336 3269 3075 2813 2609 2335 2255 2115 1931 1810 1719 1521 1428 1305 1221 1072 980 944 864 727 676 633 538 504 450 
0 1 12 29 38 50 73 77 104 144 217 251 317 451 471 515 629 865 1015 954 1038 1313 1454 1718 2160 2389 2546 2871 2994 3171 3373 3679 3953 4186 4395 4446 4490 4744 4701 4861 4722 4795 4659 4635 4353 4411 4156 3879 3743 3399 3341 3147 2978 2765 2657 2392 2304 2045 1947 1814 1678 1487 1346 1271 1197 1095 999 945 839 751 673 679 617 549 483 
0 12 23 41 52 57 166 179 158 150 280 353 407 420 557 847 1043 1161 1228 1441 1620 1831 2268 2368 2668 2889 3136 3299 3620 3962 4075 4369 4444 4523 4716 4851 4817 4946 4941 4829 4509 4356 4432 4272 4055 3859 3711 3539 3257 3019 3027 2820 2529 2334 2235 2112 1854 1770 1632 1558 1333 1256 1083 1066 947 910 807 733 690 679 554 495 436 
0 6 14 40 52 52 46 103 128 163 185 221 284 334 512 910 661 1085 1223 1225 1440 1707 1937 2129 2131 2436 2749 3093 3184 3574 3703 3972 4315 4454 4552 4892 4828 4733 4660 4731 4591 4699 4409 4432 4359 4086 3948 3805 3651 3321 3169 2904 2646 2616 2459 2333 2091 1933 1711 1644 1511 1399 1216 1084 1057 1001 879 801 768 667 658 548 515 
3 10 15 49 40 58 69 112 116 149 197 295 337 470 531 548 646 854 1262 1521 1776 2060 1893 2031 2293 2612 2795 3159 3708 3754 3974 4180 4235 4690 4750 4837 4875 4888 4774 4600 4558 4477 4479 4369 4299 4009 3881 3658 3534 3339 3100 2849 2684 2520 2307 2144 2018 1838 1672 1532 1412 1338 1225 1075 1009 927 849 713 691 668 571 504 491 
0 3 8 33 52 65 44 85 99 123 197 217 353 492 595 710 721 790 830 1198 1655 1776 1794 2053 2427 2531 3017 3214 3442 3509 3760 3960 4267 4467 4732 4757 4691 4695 4898 4838 4588 4667 4480 4334 4283 4199 3943 3649 3559 3288 3196 3050 2772 2475 2287 2198 1936 1887 1795 1534 1398 1330 1207 1138 1097 990 856 807 714 679 634 552 535 
0 7 20 35 33 68 76 122 181 257 255 294 414 488 533 732 859 909 1219 1564 1597 1758 2197 2499 2581 2736 3050 3275 3694 3876 4110 4273 4542 4827 4780 4861 4770 4781 4979 4803 4599 4489 4501 4306 4067 3995 3670 3568 3451 3187 2942 2703 2594 2365 2314 2001 1942 1737 1623 1522 1327 1239 1190 1062 975 955 820 710 628 559 511 485 452 
0 10 20 38 40 57 85 116 210 259 310 314 322 406 498 518 597 982 1300 1366 1337 1570 1875 2103 2309 2603 2920 3307 3425 3617 3824 4078 4046 4264 4452 4628 4650 4776 4910 4738 4608 4526 4442 4318 4175 4033 3935 3765 3461 3357 3148 2932 2766 2610 2487 2216 2055 1843 1768 1629 1489 1413 1348 1178 1069 1032 847 808 740 676 631 520 569 462 
0 7 22 32 55 67 61 68 80 96 137 202 225 301 388 471 609 1273 924 1267 1525 1522 1729 1848 2217 2598 2883 3103 3335 3514 3717 3890 4223 4367 4547 4744 4783 4710 4875 4760 4829 4866 4514 4457 4290 4120 3937 3903 3666 3391 3266 3124 2821 2651 2471 2238 2152 2008 1828 1636 1518 1471 1413 1196 1079 954 911 837 749 707 577 587 549 479 
0 5 18 30 37 67 63 97 106 219 192 233 274 374 495 564 672 796 1008 1251 1469 1590 1792 1978 2246 2497 2869 2954 3171 3551 3898 4208 4444 4431 4549 4583 4781 4822 4762 4825 4739 4520 4504 4428 4224 4042 3909 3695 3560 3377 3278 2975 2845 2699 2441 2333 2147 1946 1830 1638 1462 1427 1278 1206 1135 905 917 816 716 639 623 534 469 495 
0 10 30 39 47 62 58 121 130 131 178 219 374 313 426 452 644 892 1035 1117 1393 1544 1840 2145 2249 2421 2707 2983 3248 3580 3883 4024 4276 4471 4797 4751 4790 4761 4850 4787 4795 4624 4666 4534 4385 4145 4045 3833 3689 3420 3064 2950 2852 2661 2400 2248 2116 1912 1782 1653 1494 1444 1250 1145 1025 1009 866 801 721 708 649 543 525 465 
0 3 12 38 53 87 68 74 124 178 189 199 261 337 307 336 452 549 717 846 856 1195 1452 1643 1830 1952 2274 2603 2854 3065 3467 3657 3848 3884 4054 4197 4384 4572 4752 4641 4787 4633 4622 4492 4413 4355 4196 4130 3834 3702 3544 3337 3114 3013 2824 2639 2329 2252 2029 1933 1792 1637 1467 1355 1297 1200 1109 959 859 796 766 686 629 602 542 492 
0 7 23 31 78 90 100 109 136 205 278 387 360 661 767 794 886 1082 1313 1396 1616 1920 2111 2403 2638 2999 3110 3405 3738 3860 4102 4225 4545 4500 4662 4844 4905 4842 4816 4704 4617 4542 4478 4172 4041 3779 3689 3490 3290 3090 2953 2681 2607 2328 2200 2088 1908 1761 1613 1469 1362 1224 1164 1057 951 842 825 759 659 590 525 492 
0 5 12 28 52 63 86 99 257 187 239 382 391 413 631 859 996 1273 1456 1599 1826 1950 2192 2395 2650 3123 3428 3683 3696 3925 4125 4439 4585 4708 4819 4802 4794 4733 4715 4816 4662 4677 4387 4162 4027 3814 3428 3366 3152 3004 2794 2773 2370 2300 2138 1944 1966 1715 1480 1407 1363 1190 1106 1055 954 859 757 695 611 621 572 494 
1 16 40 39 41 65 77 100 105 185 254 293 328 312 407 459 724 972 1111 1269 1457 1474 1661 1986 2270 2398 2724 3014 3419 3477 3691 4037 4364 4368 4515 4606 4667 4624 4835 4948 4694 4705 4678 4425 4288 4041 3972 3925 3567 3376 3217 2973 2857 2483 2439 2360 2108 1978 1833 1560 1472 1365 1262 1142 1118 935 947 784 754 690 600 540 569 484 
0 9 23 43 60 68 95 168 224 263 273 410 389 613 628 850 1012 1318 1545 1871 1954 1946 2251 2456 2923 3156 3441 3625 3977 4304 4568 4637 4356 4457 4805 4820 4908 4763 4850 4642 4558 4267 4213 4176 3992 3756 3467 3274 3128 3067 2745 2663 2334 2238 2038 1878 1717 1581 1471 1330 1264 1194 1038 990 842 790 749 658 624 581 478 
0 5 13 33 53 63 57 56 57 101 77 213 404 437 341 434 649 832 878 1086 1328 1478 1570 1923 2119 2356 2748 2851 3054 3317 3625 3803 4062 4316 4367 4526 4648 4632 4685 4735 4737 4756 4560 4628 4451 4327 4050 3798 3628 3570 3343 3184 2967 2874 2544 2426 2147 2098 1947 1859 1587 1478 1299 1305 1136 1108 988 912 798 794 688 645 547 540 
1 3 14 28 56 58 70 68 109 135 170 226 302 377 391 598 630 1112 933 982 1288 1668 1844 2000 2139 2436 2696 2921 2969 3442 3745 3763 3966 4399 4502 4612 4601 4707 4617 4608 4678 4749 4590 4479 4326 4338 4138 3846 3571 3343 3172 3060 2794 2730 2512 2384 2114 2004 1745 1723 1551 1463 1312 1228 1155 1040 936 879 722 729 673 605 592 500 
1 6 23 38 44 48 61 65 80 84 131 221 282 353 440 520 779 810 1009 1201 1203 1392 1593 1874 2077 2533 2709 2813 3027 3422 3492 3932 4057 4346 4671 4645 4708 4687 4666 4860 4880 4741 4623 4492 4380 4297 4190 3971 3779 3344 3263 3131 2991 2687 2544 2329 2173 1919 1842 1769 1632 1511 1414 1267 1207 1074 914 830 767 767 631 567 551 474 
0 3 15 29 48 56 77 50 60 71 84 140 246 404 413 433 486 520 716 816 1127 1392 1599 1835 2066 2365 2413 2860 2970 3060 3572 3766 4032 4213 4486 4492 4745 4856 4794 4692 4809 4779 4730 4695 4462 4366 4259 3945 3927 3599 3479 3328 3087 2917 2646 2508 2250 2122 1916 1793 1690 1553 1465 1243 1116 1102 1007 923 831 764 661 585 585 528 507 
0 12 13 33 49 85 95 80 204 247 319 396 382 544 678 750 871 1017 1242 1344 1473 1744 2126 2221 2563 2781 3136 3400 3599 3686 3921 4247 4270 4429 4610 4650 4842 4656 4858 4732 4691 4495 4290 4225 4189 3922 3759 3509 3391 3155 2926 2782 2628 2367 2192 1993 1853 1795 1676 1576 1383 1265 1137 1136 989 845 841 746 673 653 567 525 477 
0 8 22 36 39 61 71 92 148 209 225 202 378 602 667 753 954 1057 989 1255 1481 1868 2110 2443 2570 2928 3113 3281 3643 3698 4049 4374 4543 4607 4741 4588 4799 4909 4869 4636 4685 4572 4400 4193 4103 3949 3696 3441 3547 3208 3056 2823 2623 2459 2216 2032 1882 1733 1697 1543 1376 1268 1191 1072 1008 908 813 820 676 582 588 523 454 
0 6 21 38 44 204 187 87 351 491 565 545 639 885 1034 1115 1334 1589 1834 1874 2299 2415 2823 3021 3223 3578 3846 4016 4151 4356 4525 4692 4769 4812 4666 4849 4734 4646 4557 4432 4369 4094 4098 3903 3614 3452 3209 3076 2835 2630 2489 2269 2055 2026 1831 1623 1526 1305 1295 1199 1091 968 937 764 789 709 641 562 496 460 
0 12 16 35 45 45 65 56 85 97 118 150 257 330 424 419 475 463 601 821 1132 1149 1251 1448 1673 1841 2197 2371 2746 2949 3350 3614 3815 4022 4267 4247 4639 4763 4776 4883 4833 5005 4782 4588 4407 4481 4242 4139 3918 3761 3617 3372 3226 3048 2769 2768 2431 2302 2074 1921 1821 1609 1548 1446 1288 1181 1056 953 919 835 736 711 595 573 524 491 
0 11 14 21 61 84 61 92 120 181 183 200 239 258 447 499 667 887 943 1042 1241 1471 1564 1714 1957 2150 2465 2917 3221 3384 3552 3777 4060 4201 4448 4600 4760 4829 4998 4752 4785 4757 4796 4550 4314 4165 4073 3974 3792 3618 3365 3118 3015 2844 2710 2368 2166 2003 1930 1807 1618 1587 1472 1290 1098 1039 934 871 842 715 708 566 551 471 425 
0 5 10 18 35 51 68 61 48 85 79 141 179 184 280 335 351 559 664 804 923 1098 1390 1636 1764 1852 2109 2486 2867 3005 3131 3531 3767 3934 4166 4485 4864 4759 4766 4861 4905 4844 4740 4519 4615 4414 4330 4240 4094 3813 3726 3420 3262 2975 2788 2690 2497 2274 2191 1939 1829 1684 1497 1434 1338 1197 1090 974 910 782 736 683 638 583 498 465 
0 3 13 29 52 74 88 163 258 328 376 399 383 446 606 692 963 1018 1310 1256 1511 1837 2241 2555 2666 3032 3341 3405 3850 4100 4252 4429 4523 4709 4859 4954 4749 4970 4824 4833 4667 4356 4379 4230 3983 3748 3573 3414 3274 2981 2931 2595 2432 2418 2098 1964 1836 1737 1566 1330 1303 1193 1060 1053 914 851 745 711 613 568 533 472 
0 11 24 34 41 55 68 61 60 91 175 190 235 321 511 553 728 900 853 1068 1162 1446 1701 1791 1985 2404 2732 2991 3097 3216 3699 3936 4121 4314 4397 4598 4813 4800 4983 4827 4686 4607 4535 4414 4416 4347 4082 3888 3791 3549 3434 3200 2879 2689 2577 2375 2121 2152 1810 1791 1571 1554 1326 1222 1166 1000 1000 861 795 746 651 593 547 517 
0 6 15 36 41 53 51 81 102 94 132 261 311 358 338 467 408 584 909 1089 1285 1557 1400 1582 1925 2089 2401 2656 2935 3304 3440 3751 4006 3906 4310 4358 4635 4845 4945 4943 4718 4610 4707 4682 4525 4480 4104 3923 3874 3623 3415 3327 3172 2916 2676 2503 2287 2133 2053 1821 1637 1485 1387 1285 1215 1067 957 904 810 706 713 657 571 564 502 
0 7 22 30 43 71 72 76 80 116 194 263 367 384 413 469 505 651 1065 1276 1529 1685 1775 2053 2258 2473 2749 2991 3291 3598 3756 4117 4226 4326 4516 4571 4608 4873 4806 4783 4866 4790 4600 4580 4224 4154 3986 3759 3622 3408 3168 2828 2897 2777 2597 2312 2223 2019 1764 1698 1583 1453 1226 1172 1112 1060 877 863 710 699 591 595 530 509 
0 2 20 23 35 45 50 122 128 80 93 436 490 451 505 672 790 936 879 1183 1320 1568 1811 2385 2563 2732 2865 3162 3431 3502 3784 3961 4432 4598 4652 4827 4955 4879 4927 4762 4738 4701 4546 4533 4169 4007 3904 3810 3588 3376 3052 2889 2648 2546 2422 2296 2047 1864 1724 1543 1457 1324 1253 1238 1075 934 866 783 729 658 600 572 529 465 
0 8 28 40 53 69 61 72 158 176 197 172 350 498 667 594 559 773 1100 1256 1132 1231 1457 1788 2111 2271 2537 2729 3041 3407 3681 3804 4072 4197 4369 4765 4960 4787 4616 4749 4720 4598 4600 4481 4431 4270 4176 3869 3744 3524 3330 2995 3046 2714 2523 2317 2114 1941 1956 1804 1691 1453 1279 1271 1212 1069 970 897 721 728 727 616 536 519 477 
0 2 17 40 61 63 72 75 132 130 141 193 272 266 327 464 541 634 796 1041 1165 1457 1586 1774 2236 2249 2406 2609 3054 3394 3422 3803 3948 4115 4341 4490 4754 4757 4824 4850 4800 4665 4818 4500 4547 4460 4118 3974 3824 3665 3342 3229 3064 2778 2573 2514 2297 2036 2046 1849 1652 1513 1386 1237 1220 1031 1031 934 798 737 664 602 624 533 
0 5 10 27 39 58 66 157 225 254 179 210 360 469 490 662 719 1186 1252 1358 1246 1520 1859 2301 2520 2619 3056 3419 3378 3613 3929 4272 4501 4622 4535 4777 4747 4901 4772 4793 4674 4640 4723 4344 4269 4119 3867 3671 3520 3373 3205 2919 2699 2493 2333 2132 1998 1781 1670 1549 1445 1274 1183 1056 1004 862 817 775 682 663 530 492 472 
0 10 14 40 53 52 89 93 118 169 192 262 297 282 333 675 764 837 907 995 1400 1730 2002 1970 2195 2525 2684 3000 3215 3596 3827 4075 4147 4190 4476 4668 4803 4610 4645 4676 4739 4704 4693 4490 4412 4110 3890 3724 3576 3452 3301 3078 2887 2565 2434 2264 2080 1995 1844 1703 1489 1386 1330 1212 1121 983 910 882 768 679 627 585 568 510 
1 4 20 33 35 44 83 73 94 100 249 237 208 280 356 538 699 884 1017 1077 1235 1426 1674 2085 2260 2593 2761 2921 3200 3553 3945 3973 4123 4251 4454 4631 4919 4935 4870 4614 4597 4583 4553 4509 4422 4210 3943 3888 3718 3464 3292 3134 2842 2603 2591 2315 2111 2013 1846 1653 1508 1454 1317 1217 1110 1011 927 849 768 710 643 574 544 465 
0 5 15 33 47 52 72 87 178 290 364 374 487 573 646 834 1056 1261 1539 1693 1952 2274 2499 2608 2855 3266 3494 3655 3845 3971 4246 4475 4525 4725 4923 4876 4839 4770 4730 4704 4466 4460 4225 3974 3933 3761 3546 3447 3201 2981 2831 2592 2438 2139 1989 1924 1772 1629 1564 1312 1297 1150 1030 947 812 787 727 678 557 562 519 
0 5 13 33 49 55 74 73 89 143 232 254 363 450 533 571 753 919 1087 1310 1343 1667 1756 2122 2427 2592 2780 3041 3121 3543 3882 4012 4135 4535 4571 4625 4741 4728 4761 4754 4666 4595 4384 4286 4301 3957 3941 3805 3525 3354 3232 2991 2779 2594 2399 2250 2046 1961 1802 1712 1465 1374 1327 1171 1081 982 897 798 742 717 620 583 552 512 
0 5 17 46 44 60 95 200 279 366 416 354 581 603 816 1028 932 1405 1529 1739 2018 2313 2512 2734 2997 3327 3479 3565 3818 4078 4287 4549 4522 4724 4709 4754 4739 4672 4758 4747 4420 4348 4072 3960 3866 3627 3438 3337 3190 2942 2685 2603 2405 2246 2088 1909 1778 1588 1474 1345 1242 1114 1060 920 908 820 730 634 629 527 498 
0 6 17 35 43 51 78 68 88 128 256 323 339 472 623 660 739 902 1104 1291 1531 1656 1856 2054 2445 2683 3020 3220 3442 3609 3875 4217 4338 4343 4450 4788 4900 4778 4865 4832 4551 4732 4547 4342 4270 4081 4012 3728 3570 3224 3082 2899 2624 2593 2400 2105 2009 1902 1786 1555 1456 1318 1261 1119 1009 954 896 776 707 615 616 523 513 
1 18 30 36 46 61 66 113 191 235 385 427 352 447 567 695 736 979 1262 1488 1480 1699 2080 2390 2460 2643 2896 3034 3384 3665 3846 4091 4131 4436 4619 4663 4716 4580 4701 4545 4656 4570 4484 4142 4012 3865 3742 3585 3406 3242 3011 2851 2663 2432 2261 2082 1959 1781 1657 1573 1445 1336 1242 1099 967 882 892 793 706 699 632 508 461 
0 6 18 39 46 106 103 109 108 163 175 237 277 308 430 535 611 806 855 1365 1466 1390 1671 1914 2089 2361 2598 2828 3047 3282 3561 3765 4206 4321 4454 4565 4636 4737 4896 4858 4835 4832 4623 4411 4367 4287 3975 3883 3738 3514 3382 3116 2857 2741 2464 2372 2269 1996 1900 1735 1595 1487 1347 1167 1110 1063 934 844 765 719 637 586 550 480 
0 6 21 40 35 47 65 91 165 192 241 275 341 469 556 651 807 1004 1133 1195 1593 1807 2043 2471 2472 2851 2919 3201 3661 3774 4121 4142 4283 4492 4540 4580 4788 4634 4830 4784 4633 4705 4494 4365 4298 3956 3768 3666 3416 3145 3021 2942 2671 2555 2229 2160 1968 1844 1705 1510 1429 1337 1239 1099 984 931 823 777 688 614 589 521 483 
0 7 16 22 40 66 66 78 87 125 161 183 180 308 364 436 459 744 688 864 913 1042 1312 1602 1719 2054 2089 2406 2768 3044 3339 3631 3998 4148 4478 4610 4617 4787 4825 4874 4848 4739 4663 4709 4645 4604 4304 4093 3926 3748 3555 3342 3116 2935 2757 2668 2346 2121 2061 1951 1742 1671 1499 1385 1244 1134 1069 994 890 814 759 656 619 537 486 453 
1 5 15 40 40 53 74 105 109 130 174 175 411 500 550 536 609 911 1011 1161 1497 1606 1917 2282 2528 2678 3147 3283 3572 3682 3966 4179 4455 4570 4692 4625 4739 4867 4995 4944 4691 4605 4565 4367 4184 4100 3953 3714 3572 3222 3074 2920 2813 2543 2288 2074 1978 1713 1681 1567 1444 1359 1217 1096 1022 880 864 743 706 641 576 540 502 
0 11 33 47 61 73 71 92 132 131 158 174 325 480 643 897 724 904 1135 1247 1496 1771 1933 2413 2748 2780 2956 3145 3484 3735 3972 4095 4502 4458 4752 4808 4660 4736 4886 4632 4513 4676 4431 4416 4226 4058 3987 3510 3350 3183 3035 2863 2764 2548 2385 2073 1986 1813 1713 1603 1465 1270 1203 1132 1077 901 872 737 706 669 619 502 536 
0 4 17 39 43 74 82 91 74 131 201 238 354 369 436 552 736 887 927 1239 1415 1507 1619 1906 2280 2393 2716 2972 3228 3477 3557 3952 4045 4267 4450 4512 4514 4883 4769 4855 4995 4852 4620 4634 4153 4017 3923 4017 3764 3480 3159 3083 2957 2683 2463 2367 2208 1980 1839 1660 1513 1424 1304 1184 1144 975 934 846 812 711 646 584 502 481 
0 11 15 27 30 33 80 79 113 104 110 142 179 228 326 355 527 763 869 1255 1116 1593 1539 1795 1990 2369 2699 2887 3077 3403 3513 3808 3858 4171 4462 4733 4606 4798 4779 4797 4864 4800 4604 4681 4323 4353 4317 3991 3885 3523 3352 3108 2986 2939 2527 2357 2227 2133 1984 1778 1639 1522 1399 1232 1160 1049 996 928 839 695 666 598 537 512 456 
0 2 15 29 58 58 55 97 137 167 236 248 305 373 535 629 789 1005 1229 1316 1453 1803 2137 2365 2647 2706 2968 3304 3543 3722 4085 4340 4479 4681 4626 4765 4830 4794 4874 4763 4696 4524 4374 4300 4285 4081 3725 3553 3439 3197 3017 2817 2639 2525 2281 2112 1902 1859 1711 1565 1424 1355 1218 1110 1043 912 891 726 675 665 589 555 524 
0 3 12 39 69 66 86 83 262 271 249 253 307 365 507 615 815 1388 1110 1382 1394 1703 2020 2417 2434 2809 3002 3237 3351 3707 3901 4277 4513 4553 4582 4697 4685 4979 4900 5017 4798 4650 4507 4465 4208 3894 3745 3426 3416 3274 2947 2786 2661 2570 2339 2097 1964 1812 1628 1511 1361 1267 1215 1058 996 933 822 748 689 597 592 541 458 
0 2 20 43 55 61 75 91 108 114 123 139 170 217 231 456 558 584 665 664 851 1071 1483 1684 1796 1951 2202 2591 2749 2869 3060 3366 3625 3978 4144 4448 4527 4506 4746 4857 4795 4673 4751 4688 4576 4454 4214 4089 3981 3909 3612 3450 3251 2992 2694 2666 2461 2248 2081 2002 1837 1663 1535 1460 1290 1222 1021 977 984 877 732 696 665 582 572 505 
0 8 8 37 36 31 59 51 63 127 193 571 559 323 467 588 857 1120 1164 1245 1335 1667 2014 2261 2453 2647 2871 3167 3490 3819 3828 4036 4136 4323 4425 4706 4757 4744 4744 4795 4683 4595 4467 4521 4178 3866 3715 3676 3489 3331 3274 2961 2686 2407 2259 2122 1974 1904 1693 1539 1468 1321 1255 1142 1064 890 872 804 729 676 592 548 517 
0 7 16 36 41 50 45 95 113 60 140 257 280 303 287 450 661 659 689 859 935 1263 1357 1668 1981 2273 2417 2380 2697 3040 3209 3669 3956 4041 4186 4402 4626 4650 4580 4747 4838 4787 4763 4672 4598 4459 4264 4056 4070 3634 3545 3325 3140 2922 2630 2584 2499 2319 1995 1801 1749 1618 1461 1329 1233 1142 1151 950 881 880 772 628 616 556 482 
0 9 18 50 73 63 67 123 223 240 289 494 552 711 989 1076 1202 1354 1589 1880 2111 2297 2516 2859 3173 3287 3512 3607 4094 4198 4488 4577 4638 4693 4887 4817 4857 4835 4700 4580 4455 4157 4218 3950 3924 3625 3378 3273 2994 2811 2740 2525 2335 2092 1893 1752 1705 1504 1433 1308 1216 1044 1045 888 757 727 685 663 581 510 
0 6 12 19 40 37 75 116 145 158 244 378 331 567 764 836 1009 1087 1261 1367 1631 2050 2173 2492 2712 2901 3109 3445 3715 3900 4335 4487 4653 4634 4762 4724 4962 4910 4663 4699 4523 4357 4365 4134 4181 3858 3692 3548 3339 3174 2873 2697 2501 2313 2207 2055 1849 1699 1559 1429 1358 1266 1184 1062 961 801 787 669 660 560 537 494 
0 3 22 30 28 39 62 73 91 99 125 121 247 583 592 513 666 795 1025 1328 1716 1759 1890 2049 2382 2578 2873 3100 3358 3657 3765 4175 4272 4299 4635 4697 4781 4731 4695 4570 4655 4583 4586 4325 4105 4044 3855 3780 3563 3366 3152 2977 2765 2685 2438 2277 2083 1950 1748 1695 1528 1397 1216 1110 1098 952 927 777 766 671 580 564 517 
0 1 6 26 40 40 61 101 110 154 277 270 394 427 461 711 899 1081 1141 1160 1360 1650 2075 2087 2276 2501 2817 3150 3380 3506 3946 4029 4136 4394 4604 4676 4792 4744 4741 4662 4603 4518 4440 4346 4265 4301 4063 3575 3579 3299 3220 3051 2810 2681 2333 2158 2047 1861 1792 1577 1490 1353 1268 1224 999 927 879 815 700 691 597 560 487 470 
0 6 20 30 46 58 52 53 81 118 134 134 164 286 348 430 545 565 693 950 1092 1291 1430 1864 2021 2225 2533 2570 2918 3163 3522 3937 4204 4151 4562 4479 4736 4761 4760 4898 4860 4801 4582 4596 4421 4383 4234 3974 3818 3655 3460 3153 3047 2834 2640 2465 2243 2186 1921 1777 1611 1528 1492 1260 1169 1081 1059 899 856 733 669 653 542 525 489 
2 10 22 38 51 76 56 76 106 128 176 415 640 586 651 787 921 1224 1466 1747 1926 2150 2148 2442 2796 2904 3271 3534 3715 3888 4223 4184 4472 4548 4624 4772 4730 4810 4813 4477 4498 4481 4444 4168 4000 3831 3598 3424 3340 3009 2829 2623 2476 2255 2165 1983 1907 1771 1568 1389 1276 1212 1154 1016 898 852 804 753 635 605 595 512 
1 8 29 44 52 59 70 90 129 212 185 274 328 639 674 486 597 835 1075 1326 1667 1891 2079 2375 2759 2766 3266 3327 3643 3739 4026 4304 4395 4475 4855 4847 4847 4942 4876 4739 4715 4605 4354 4367 4216 4091 3849 3762 3483 3264 3032 2782 2661 2457 2151 2162 2068 1772 1641 1483 1385 1319 1214 1076 982 870 860 742 646 627 543 525 465 
0 2 27 34 51 67 52 83 219 274 415 420 473 626 734 823 1169 1417 1501 1603 1832 2097 2301 2721 3044 3144 3337 3394 3741 4103 4297 4417 4487 4653 4693 4771 4677 4860 4634 4695 4547 4391 4152 4060 3874 3747 3431 3397 3237 2995 2877 2580 2403 2277 2105 1891 1790 1610 1530 1378 1353 1182 1060 1058 901 857 750 686 631 529 516 495 
0 3 18 31 56 120 87 67 441 483 283 390 611 685 795 905 1209 1415 1580 1747 1964 2275 2495 2744 3044 3296 3723 3903 4040 4460 4424 4604 4665 4795 4962 4825 4913 4848 4735 4650 4654 4353 4200 3929 3720 3672 3452 3195 2937 2748 2775 2510 2261 2112 1928 1792 1640 1457 1395 1273 1111 1132 1032 923 817 683 676 616 557 521 455 
0 7 15 38 26 48 56 89 110 133 192 302 335 594 703 513 570 816 976 1354 1433 1632 1950 1932 2160 2260 2601 3180 3537 3521 3778 3923 4247 4353 4542 4743 4619 4834 4731 4736 4609 4584 4499 4381 4247 4097 3878 3719 3518 3533 3304 3076 2926 2703 2543 2298 2082 1916 1797 1697 1594 1410 1287 1196 1113 986 899 873 757 682 610 610 565 511 
0 5 23 27 36 63 85 87 95 98 174 222 300 329 501 475 591 938 1209 1450 1392 1528 1861 2192 2335 2781 3074 3223 3488 3613 4000 4247 4173 4331 4667 4790 4769 4807 4917 4907 4737 4782 4554 4291 4194 4155 3892 3698 3507 3355 3164 2993 2689 2547 2344 2228 2035 1993 1734 1627 1408 1331 1199 1162 1055 929 841 769 704 617 612 526 532 
0 7 17 35 102 131 153 135 109 275 486 501 578 526 678 835 944 1183 1277 1522 1624 1936 2291 2782 2940 3238 3356 3760 3727 3964 4286 4430 4484 4564 4695 4743 4798 4818 4736 4646 4598 4506 4296 4146 3989 3764 3378 3245 3071 3110 2834 2713 2414 2252 2096 2035 1809 1630 1534 1375 1192 1232 1096 985 841 798 686 693 624 593 519 482 
0 3 14 32 42 51 71 74 58 63 154 169 218 208 346 469 635 721 867 957 1058 1327 1358 1764 1962 2196 2386 2740 2935 3193 3303 3441 4005 4052 4235 4508 4578 4611 4689 4758 4580 4768 4763 4628 4400 4299 4193 3891 3769 3640 3490 3329 3061 2810 2770 2484 2391 2167 2105 1850 1706 1590 1494 1330 1289 1160 1040 933 894 779 654 661 617 603 542 
0 14 44 43 99 96 97 133 164 264 268 313 460 527 746 814 1042 1428 1340 1573 1730 2048 2204 2457 2758 2999 3402 3632 3896 4025 4319 4327 4543 4741 4733 5059 4786 4834 4733 4761 4701 4482 4392 4139 4117 3764 3623 3467 3159 3088 2737 2515 2442 2257 2115 1929 1794 1709 1568 1347 1242 1159 1063 955 897 846 694 721 628 568 488 487 
