0 12 18 43 75 72 54 61 87 125 135 191 247 250 406 506 704 753 996 1073 1152 1455 1552 1861 2217 2314 2503 2735 3079 3103 3635 3597 3906 4106 4221 4324 4363 4422 4439 4282 4380 4262 4116 3978 3910 3829 3623 3513 3232 2927 3036 2732 2568 2426 2302 2106 1941 1793 1673 1587 1466 1289 1259 1094 1027 959 843 797 670 662 597 540 507 457 405 372 366 314 304 252 247 224 215 210 160 147 133 120 119 88 93 88 76 69 66 52 50 53 37 31 39 27 27 28 17 19 26 18 16 9 20 11 10 14 12 7 10 6 7 5 1 5 3 5 2 2 0 5 1 1 1 3 2 2 2 1 0 4 2 0 2 0 0 1 2 0 0 0 0 0 0 1 0 0 0 0 1 0 0 0 0 0 0 
1 60 74 83 168 214 230 325 300 378 570 757 831 777 1013 1162 1429 1602 1957 2208 2277 2551 2835 3007 3471 3699 3803 4034 4248 4260 4285 4331 4546 4544 4466 4331 4430 4343 4097 4177 3795 3705 3456 3236 3165 2912 2797 2591 2372 2164 2067 1906 1752 1682 1442 1395 1265 1227 1059 965 886 745 753 722 621 601 519 462 436 379 313 304 302 272 237 222 213 150 164 128 116 116 107 82 78 103 71 59 64 54 49 45 54 36 24 32 26 28 24 15 21 22 16 16 16 15 5 5 8 11 6 4 3 5 6 2 3 4 3 0 1 0 4 2 4 0 0 0 1 2 2 0 0 0 2 1 1 0 0 0 0 1 0 0 0 0 0 1 0 0 0 0 0 0 0 0 0 
0 1 25 46 36 59 76 121 121 117 106 141 211 291 280 397 521 648 649 868 972 1471 1685 1834 2124 2276 2526 2588 3012 3036 3289 3712 3957 4167 4258 4474 4550 4406 4376 4510 4496 4408 4301 4229 4057 3879 3556 3569 3470 3190 2981 2810 2600 2522 2276 2149 1977 1803 1666 1565 1426 1354 1227 1130 1015 936 831 773 689 625 619 573 487 464 434 362 349 296 272 271 236 213 214 201 153 143 162 114 116 92 86 78 82 81 62 43 38 40 36 39 36 31 21 25 15 26 18 11 18 13 8 12 11 12 9 2 6 4 4 7 5 5 5 4 3 2 1 0 1 2 1 3 0 0 0 0 0 2 0 0 1 1 0 0 0 0 0 0 0 1 0 0 0 0 0 0 0 
0 14 15 35 54 73 80 89 133 156 265 272 279 343 328 415 598 719 873 919 1091 1302 1544 1832 2369 2302 2403 2522 2832 3219 3429 3534 3898 3953 3991 4135 4363 4356 4328 4414 4407 4185 4302 4111 3860 3856 3620 3571 3333 3198 2918 2811 2583 2647 2316 2201 2006 1884 1732 1525 1562 1364 1189 1061 1033 1019 936 830 751 689 592 559 516 499 475 443 336 350 304 248 238 207 211 194 161 163 158 133 104 103 71 88 86 73 66 62 59 48 32 46 24 35 31 34 18 16 20 18 13 16 16 14 10 13 11 7 6 5 4 6 15 5 6 1 3 3 0 5 2 2 4 1 0 4 1 2 2 1 1 3 0 2 1 1 1 0 0 1 0 0 0 0 0 0 0 0 0 0 0 0 1 0 0 0 0 0 0 0 0 0 0 
0 8 27 38 80 122 128 90 114 167 243 338 376 506 658 796 1224 1166 1219 1344 1770 2137 2219 2424 2563 2879 2968 3190 3520 3858 3964 4317 4310 4469 4413 4525 4565 4385 4325 4300 4262 4134 3911 3608 3713 3407 3189 3010 2945 2657 2517 2352 2180 2140 1951 1854 1598 1488 1366 1272 1172 1098 1018 915 814 744 687 601 571 511 497 439 378 328 325 288 268 268 225 208 196 179 157 145 151 126 98 81 92 86 68 57 63 51 54 46 40 32 34 42 32 32 25 17 19 21 22 28 15 11 16 12 9 8 12 14 7 11 6 3 5 5 4 3 4 1 2 1 2 1 1 0 2 0 0 0 0 0 1 0 0 0 0 0 0 0 0 1 0 0 0 0 
1 7 19 42 40 70 65 90 86 152 176 240 275 298 382 410 467 600 909 1106 1090 1330 1548 1727 2201 2365 2483 2625 2846 3258 3502 3844 3869 4066 4188 4169 4445 4434 4538 4396 4377 4371 4245 4171 3874 3783 3730 3482 3294 3180 3051 2861 2609 2481 2358 2101 2014 1794 1660 1593 1440 1361 1239 1074 1047 1018 892 782 696 649 641 568 511 457 411 370 345 317 285 268 244 276 170 169 151 151 160 139 111 103 83 87 68 61 72 65 62 46 44 46 44 33 53 29 19 21 23 19 27 21 15 15 15 11 7 14 12 9 12 9 5 8 6 2 9 8 6 2 3 2 1 1 2 3 5 1 4 0 3 2 3 2 1 1 3 1 0 0 1 2 1 0 0 0 0 1 1 1 1 0 0 0 0 2 0 0 0 1 0 2 0 0 0 
0 6 19 37 50 43 289 254 273 196 304 530 623 703 843 900 1096 1320 1487 1878 1874 2111 2356 2604 2893 3230 3554 3580 3820 4074 4176 4288 4491 4520 4391 4537 4372 4496 4230 4291 4106 3897 3672 3573 3380 3135 3022 2736 2649 2535 2275 2145 2040 1858 1667 1631 1540 1319 1214 1138 968 986 879 768 719 682 682 591 547 459 433 362 392 332 284 296 244 223 193 157 174 159 159 116 106 110 107 88 89 73 76 71 71 55 40 50 38 33 39 34 26 26 23 21 25 27 18 17 18 15 10 20 11 11 5 2 11 5 7 2 3 4 5 3 2 1 1 1 2 0 2 3 2 4 1 0 3 1 4 4 0 0 1 0 1 0 0 1 0 0 0 1 0 1 0 0 0 0 0 0 0 0 0 1 0 0 0 
0 6 13 49 56 66 71 71 223 198 239 299 431 828 703 893 988 1044 1368 1519 1724 2126 2286 2421 2748 3033 3199 3265 3515 3823 4203 4458 4289 4399 4315 4345 4516 4400 4503 4391 4280 4064 3909 3838 3510 3401 3307 3085 2886 2679 2456 2307 2119 1907 1840 1675 1552 1405 1301 1160 1051 1060 889 854 808 718 600 594 530 472 421 395 378 340 295 271 288 258 230 170 157 162 140 119 113 104 84 98 70 72 79 67 50 49 44 40 38 25 30 25 23 27 20 21 20 24 14 14 18 9 11 12 10 7 12 6 5 3 5 4 4 11 3 1 4 3 0 3 2 4 0 0 6 2 1 1 2 2 0 3 1 1 0 1 0 0 0 1 0 1 0 1 1 2 0 1 1 0 1 0 0 0 0 0 1 1 0 1 0 0 0 0 0 0 0 0 0 0 1 0 0 
1 6 15 31 52 46 72 69 113 125 159 242 247 326 494 595 695 840 983 1320 1335 1561 1676 1955 2017 2242 2573 2810 3174 3241 3357 3634 3982 4271 4222 4303 4326 4281 4566 4320 4266 4233 4186 3996 3800 3733 3532 3462 3246 3070 2879 2792 2490 2320 2159 2098 1976 1790 1579 1544 1343 1327 1188 1050 985 901 877 797 690 651 578 510 477 448 399 347 330 318 281 236 225 210 195 178 156 132 119 140 118 95 72 97 66 66 58 46 62 39 38 49 36 26 30 27 14 14 9 24 26 16 9 11 7 9 11 4 5 10 8 1 5 4 2 7 8 1 2 4 4 2 0 2 2 1 1 0 2 0 0 1 2 2 0 2 1 1 0 0 1 0 0 0 0 0 0 0 0 0 0 1 0 0 0 0 0 
1 5 14 33 118 97 55 78 134 160 242 298 480 684 573 677 838 1092 1269 1398 1685 1933 2034 2249 2590 3079 3121 3276 3607 3969 3923 4120 4343 4427 4454 4555 4484 4351 4345 4288 4293 4249 3979 3847 3713 3578 3290 3060 2890 2733 2540 2476 2230 2017 1918 1742 1619 1541 1362 1226 1194 1015 1023 909 787 761 721 638 573 473 460 424 403 370 301 302 267 241 218 212 191 208 143 144 113 105 98 109 103 85 61 70 60 43 45 41 32 33 39 29 33 35 26 21 15 17 19 16 17 9 14 9 12 8 10 9 4 4 7 3 7 3 4 2 3 3 4 1 5 0 4 3 1 3 3 1 1 0 2 1 2 0 0 0 1 2 0 0 1 0 0 1 0 0 0 0 0 1 0 0 0 0 0 0 0 0 0 
0 3 16 48 53 58 99 99 108 135 295 302 356 457 811 840 831 1054 1268 1598 1746 1931 2014 2525 2683 2863 3302 3433 3656 3920 4234 4259 4375 4508 4523 4512 4534 4493 4440 4375 4290 4041 3986 3753 3660 3454 3264 3045 2865 2734 2522 2347 2162 1959 1866 1655 1546 1381 1302 1218 1118 1002 887 790 787 716 618 608 561 486 414 417 415 327 333 297 266 235 245 209 194 162 145 128 147 133 116 92 86 86 82 78 67 54 55 41 33 52 33 35 23 30 19 27 16 17 18 18 12 16 20 14 6 8 3 9 8 3 3 5 3 0 3 5 3 3 2 3 1 0 1 3 0 3 1 2 1 0 2 1 2 1 0 1 0 1 0 2 1 0 1 0 0 0 0 0 2 0 0 0 0 0 0 0 0 0 0 0 0 0 0 0 0 0 0 0 0 0 
0 7 22 40 57 60 72 100 86 124 153 209 271 447 421 415 626 682 783 1138 1476 1610 1824 2030 2262 2473 2646 2941 3159 3585 3721 3954 4039 4297 4420 4503 4570 4523 4614 4369 4494 4353 4163 4044 3719 3804 3625 3280 3188 3107 2800 2624 2477 2425 2177 1933 1847 1674 1674 1379 1398 1192 1119 993 985 839 798 731 666 630 552 498 484 406 367 360 290 269 244 261 184 221 167 160 123 95 117 119 80 92 81 62 83 51 52 50 46 48 38 43 32 22 30 26 29 16 24 23 18 11 11 10 14 8 6 7 5 4 4 7 7 3 1 1 0 3 1 2 1 1 0 0 2 0 0 1 1 0 0 0 0 0 0 0 0 0 0 0 0 0 0 0 
0 12 24 32 81 73 50 70 100 169 252 276 381 467 383 727 862 977 1212 1419 1587 1840 2030 2306 2571 2775 3069 3358 3575 3753 3767 4014 4044 4412 4437 4465 4552 4416 4508 4399 4264 4123 3942 4040 3704 3524 3400 3172 3058 2981 2735 2542 2390 2070 1964 1862 1768 1525 1501 1374 1259 1064 1064 939 848 788 729 712 607 597 473 461 451 403 355 313 289 251 254 218 232 181 155 156 159 107 106 101 107 89 78 88 69 57 47 41 42 38 24 28 24 27 31 15 19 19 7 9 8 7 15 15 8 11 7 10 2 4 5 2 2 2 2 6 2 3 2 1 2 2 0 2 1 0 0 2 0 4 0 1 0 2 2 2 1 0 1 0 1 0 1 1 1 0 0 
0 8 22 27 42 44 62 98 95 119 246 322 367 443 481 600 1033 1173 1408 1417 1625 1714 2063 2378 2562 2779 3095 3313 3590 3752 4005 4137 4188 4449 4468 4723 4475 4446 4489 4411 4286 4255 4082 3855 3685 3464 3395 3217 3064 2700 2528 2425 2321 2023 1926 1851 1611 1518 1385 1294 1180 1081 979 827 839 800 686 605 576 522 460 377 389 365 346 286 280 262 196 199 173 148 158 140 118 115 113 87 82 90 80 81 58 52 48 45 25 34 28 33 32 24 25 24 20 16 15 13 10 15 12 9 9 10 7 3 4 5 4 4 6 2 2 0 4 6 3 2 4 1 4 0 2 0 2 1 1 1 0 2 1 0 0 0 2 0 0 0 0 1 0 0 0 0 1 0 0 
0 3 23 31 34 40 71 130 123 400 369 364 537 568 710 785 939 998 1461 1652 1954 2032 2208 2546 2839 3009 3165 3413 3606 3829 4084 4250 4294 4396 4470 4543 4517 4663 4315 4173 4094 4011 3913 3764 3558 3326 3117 2982 2788 2595 2511 2347 2072 1918 1820 1750 1570 1392 1304 1165 1091 937 967 810 824 704 654 574 555 505 463 428 376 329 301 296 252 266 207 201 180 169 139 124 125 103 88 93 82 75 61 53 66 53 40 37 36 46 32 35 28 23 20 25 22 15 14 12 5 9 6 7 13 14 5 2 3 4 5 3 2 2 4 3 0 5 3 2 2 2 2 0 3 3 0 0 1 0 1 1 1 0 1 1 0 0 1 1 1 0 0 0 0 2 0 0 0 1 0 0 0 1 0 2 1 2 2 0 0 0 0 1 1 0 1 0 0 0 0 0 0 0 0 0 0 0 
0 3 21 48 42 67 87 98 158 138 448 509 474 517 670 888 1024 1338 1468 1596 1667 1994 2076 2496 2809 3021 3274 3567 3839 3901 4125 4294 4382 4456 4640 4560 4606 4581 4428 4151 4147 3966 3908 3574 3407 3184 3154 3062 2894 2677 2449 2240 2085 1919 1770 1634 1497 1503 1272 1209 1112 1067 959 887 783 690 578 584 491 487 438 380 355 348 294 269 247 236 202 193 138 163 130 124 122 105 94 94 82 73 54 52 61 56 57 43 35 42 35 18 24 29 25 20 23 17 19 8 9 17 11 10 10 5 8 5 5 4 3 5 4 4 1 1 1 1 4 4 0 2 1 1 2 0 4 1 0 2 1 2 0 0 0 0 2 0 1 1 0 0 0 0 0 0 0 0 1 1 0 0 0 0 0 0 1 0 0 1 0 0 0 0 1 0 0 0 0 0 0 0 0 0 0 
0 7 25 40 48 62 104 116 230 218 174 386 341 441 558 551 647 886 1038 1268 1665 1710 2055 2108 2373 2627 3062 3347 3464 3596 3773 3961 4168 4278 4373 4414 4471 4501 4318 4385 4436 4240 4062 3934 3753 3585 3356 3337 3093 2849 2688 2446 2378 2197 2030 1904 1623 1641 1468 1339 1247 1145 1046 916 852 766 749 708 596 549 520 432 462 351 366 315 297 301 251 246 193 180 170 138 155 110 107 109 92 77 93 72 61 52 32 42 39 39 50 28 29 26 23 31 17 27 15 12 10 11 9 9 10 8 8 11 9 7 2 3 2 5 3 2 0 2 1 0 1 1 1 3 0 0 0 0 1 1 0 0 1 0 0 0 1 0 0 0 0 0 
5 17 16 54 59 63 57 70 137 187 184 229 277 370 492 686 696 949 1063 1197 1439 1553 1820 2118 2575 2617 2856 3014 3459 3580 3754 3961 4122 4210 4316 4420 4498 4579 4412 4491 4215 4241 4137 3946 3912 3651 3533 3174 3223 2925 2744 2465 2337 2117 2061 1929 1743 1600 1476 1367 1301 1204 1096 1017 842 783 735 656 662 589 544 477 457 407 359 301 295 278 258 257 197 191 154 149 129 131 121 123 95 82 83 78 59 60 53 44 55 48 36 36 21 30 23 31 16 22 24 19 13 10 10 10 10 18 14 11 8 9 5 4 4 5 3 6 2 4 2 0 3 4 2 3 1 2 0 2 2 1 2 0 0 1 0 0 0 0 0 0 0 0 0 0 0 0 
0 5 13 33 76 81 108 105 94 148 163 244 228 293 692 879 802 1051 1205 1389 1575 1731 1952 2387 2755 2833 2882 3178 3150 3582 3635 3895 4170 4159 4234 4455 4590 4638 4300 4319 4198 4136 4155 3863 3607 3557 3436 3304 3032 2855 2661 2451 2437 2079 1999 1837 1680 1563 1453 1323 1218 1156 1052 989 862 789 738 656 627 577 474 486 446 387 357 346 300 280 259 239 217 202 168 198 152 115 110 106 100 86 84 80 65 70 51 56 49 25 37 35 33 37 30 21 10 17 22 14 16 10 13 11 10 15 11 6 5 8 3 10 2 3 8 2 6 6 4 6 4 0 1 2 1 2 1 0 0 1 1 1 1 1 2 0 1 1 0 1 0 0 0 0 0 0 1 0 0 0 0 0 0 0 0 0 0 0 
2 8 24 34 52 53 108 74 89 112 231 316 509 562 690 601 859 895 951 1461 1773 1933 1753 2246 2364 2807 3025 3357 3523 3613 3942 4149 4106 4323 4645 4522 4328 4436 4466 4546 4417 4281 4079 3844 3693 3613 3456 3412 3118 2855 2639 2441 2262 2072 1970 1825 1688 1568 1499 1340 1196 1093 1033 917 823 801 700 662 574 530 499 455 391 339 340 312 267 272 222 232 188 174 141 127 139 127 121 97 68 89 81 71 61 59 62 49 35 31 35 36 24 26 29 24 21 15 17 14 14 16 12 7 11 3 7 2 5 6 5 3 3 7 4 4 5 3 4 4 2 3 2 1 2 0 4 2 2 1 0 1 1 1 1 1 1 1 2 0 0 2 0 0 0 
0 10 26 57 39 60 60 66 78 113 313 284 423 555 707 854 1062 1260 1319 1463 1647 1901 2334 2477 2629 2824 3061 3451 3976 3770 4010 4126 4324 4253 4413 4508 4438 4518 4287 4281 4207 4015 3868 3764 3695 3404 3293 3151 2824 2653 2546 2322 2223 2032 1835 1650 1566 1485 1360 1252 1160 1068 973 861 827 717 638 645 496 568 470 432 401 347 317 284 252 246 201 206 195 167 164 134 152 129 110 115 93 72 70 59 67 50 60 38 31 44 31 32 23 27 20 12 20 13 18 16 7 11 7 6 7 7 11 8 6 5 3 1 3 5 2 1 0 3 4 1 3 1 2 0 0 0 0 0 0 0 1 0 0 0 0 0 0 0 0 1 1 1 0 0 
0 18 27 41 60 56 48 106 220 259 239 229 415 461 615 891 853 994 1120 1392 1564 1770 2225 2334 2678 2759 3047 3176 3536 3530 3792 3966 4256 4355 4375 4424 4422 4472 4379 4223 4161 4113 3958 3795 3784 3573 3349 3160 2926 2872 2693 2565 2268 2139 1945 1804 1645 1530 1448 1322 1212 1195 1048 942 856 763 733 664 623 539 532 444 381 393 318 291 286 253 225 219 181 171 150 161 138 122 100 86 87 88 82 60 55 58 60 45 36 29 37 23 25 24 24 21 21 16 10 4 10 10 18 7 6 4 7 8 9 5 3 4 2 4 3 3 3 1 1 4 3 1 1 0 0 0 0 0 0 0 0 0 0 0 0 0 0 0 0 0 0 0 0 0 0 0 0 0 0 0 0 0 0 0 0 0 0 0 0 
0 3 30 48 60 77 78 97 102 280 295 271 450 527 666 792 1036 1168 1441 1669 1919 2056 2256 2504 2715 2983 3324 3488 3659 3734 3954 4094 4415 4640 4426 4328 4539 4478 4480 4393 4233 4021 3828 3721 3552 3437 3183 2962 2787 2593 2420 2296 2137 1995 1822 1737 1568 1505 1318 1165 1088 1031 937 851 862 693 647 596 570 486 466 408 389 387 317 321 296 224 193 186 180 158 152 110 123 114 101 71 97 83 62 54 65 42 45 37 47 35 38 23 22 19 22 14 22 20 17 13 17 13 12 8 7 11 14 5 7 5 9 5 2 4 2 2 2 1 4 3 1 2 1 1 2 1 1 0 0 0 1 0 0 1 0 0 0 0 0 0 0 0 1 0 0 0 
0 11 24 28 37 50 106 105 210 229 299 375 313 727 911 1030 891 1156 1176 1644 1973 2140 2237 2520 2892 3212 3254 3544 3606 4040 4318 4368 4494 4497 4497 4353 4444 4462 4370 4164 4169 3890 3757 3681 3445 3260 3133 2935 2721 2612 2464 2228 2102 1867 1767 1624 1493 1356 1274 1203 1068 996 884 841 784 694 615 571 492 501 431 366 310 342 303 272 238 236 215 179 161 138 143 124 116 112 92 82 82 71 56 58 52 52 55 38 40 35 27 27 24 22 20 21 15 13 14 11 12 10 10 9 8 4 3 7 2 2 4 6 3 4 1 3 2 0 1 3 2 0 2 2 1 0 2 3 1 1 1 0 0 0 1 0 0 0 0 0 0 0 0 0 0 0 0 0 0 0 0 0 0 0 0 
0 2 27 20 56 52 55 142 114 136 138 206 325 379 404 441 577 964 1201 1153 1210 1577 1837 2074 2206 2343 2765 2943 3142 3501 3652 3991 4132 4175 4262 4493 4586 4625 4658 4388 4525 4371 4179 4071 3987 3692 3610 3364 3203 3036 2875 2609 2426 2177 2099 1957 1773 1667 1485 1394 1270 1206 1146 993 914 866 775 655 650 623 521 494 455 390 384 335 309 286 254 241 215 202 181 162 158 127 133 108 103 105 109 85 67 55 58 56 47 47 42 38 36 34 26 25 26 21 29 19 13 11 16 14 13 8 15 11 10 10 12 4 11 4 5 7 6 8 3 7 2 1 5 0 3 1 1 1 3 2 3 0 0 0 0 1 1 2 0 2 1 0 1 1 1 0 1 1 2 1 0 0 0 0 0 0 0 0 1 0 1 0 0 0 0 0 0 0 0 0 0 0 0 0 0 0 0 0 
1 9 25 37 63 55 63 76 125 235 323 418 465 363 514 658 764 960 1021 1453 1599 1828 1950 2206 2317 2569 2762 3256 3295 3626 3762 3759 4110 4226 4362 4335 4403 4367 4352 4280 4243 4174 4006 3841 3767 3524 3296 3213 3067 2948 2736 2468 2299 2193 2010 1894 1682 1642 1537 1398 1242 1148 1090 932 885 790 732 740 653 634 528 472 418 410 333 330 300 295 225 217 207 200 183 163 134 129 109 93 87 95 83 103 77 53 67 46 39 48 61 32 35 18 33 24 18 15 17 16 21 8 10 12 11 5 11 8 8 4 6 6 4 4 4 2 1 5 0 1 1 2 3 0 3 5 2 1 0 0 2 2 0 0 1 3 1 1 0 1 2 0 1 0 2 0 0 1 0 0 0 0 0 0 0 0 0 0 0 0 0 0 0 0 
0 11 21 30 73 61 80 99 226 234 504 649 579 763 776 1026 1278 1419 1514 1915 2026 2186 2530 2922 3007 3235 3601 3631 3866 4081 4359 4379 4451 4556 4563 4431 4419 4328 4321 4183 3957 3836 3683 3515 3401 3147 2889 2777 2637 2391 2380 2183 1964 1865 1571 1555 1442 1307 1186 1147 972 898 776 774 703 647 593 554 463 414 414 422 340 345 292 238 228 206 223 190 176 152 135 112 124 116 78 89 73 77 67 71 55 43 39 46 40 43 32 25 28 18 26 20 19 20 15 13 14 11 8 14 10 9 6 8 3 4 3 6 5 0 2 4 6 2 2 1 0 3 1 1 1 1 0 0 0 0 0 0 2 1 0 0 0 0 0 1 0 0 0 0 0 0 0 0 0 0 0 
0 7 31 38 57 65 78 70 226 410 498 493 541 595 787 897 1153 1488 1442 1686 1800 2134 2373 2669 2806 3206 3391 3592 3750 3964 4224 4385 4419 4382 4461 4524 4628 4408 4393 4184 4093 3829 3844 3508 3381 3268 3168 2902 2736 2479 2335 2191 2073 1825 1689 1598 1473 1396 1226 1149 1042 970 843 810 748 674 602 572 496 487 434 393 370 354 283 246 243 212 190 195 178 159 146 137 102 108 109 90 77 70 71 61 61 52 69 50 34 23 46 29 23 23 13 19 19 12 14 27 12 13 12 4 3 6 9 5 5 6 2 3 2 4 2 0 2 1 2 2 0 2 1 1 0 1 1 0 1 1 0 1 1 0 0 0 0 1 1 1 0 0 1 0 0 0 0 0 0 0 0 0 0 
0 4 22 34 39 52 51 61 158 158 248 357 260 619 592 733 785 1027 1216 1383 1778 1940 2053 2428 2609 2795 2998 3271 3556 3793 3946 4153 4294 4175 4227 4341 4447 4521 4431 4375 4282 4036 3977 3746 3634 3370 3368 3166 2882 2691 2482 2322 2305 2134 1963 1679 1724 1498 1346 1280 1155 1051 1006 927 839 760 723 666 594 523 505 438 410 372 362 310 283 244 243 233 185 191 160 123 127 131 125 91 107 70 67 60 64 70 54 56 54 37 42 38 27 29 22 18 14 11 12 15 16 17 14 12 8 15 4 7 7 5 8 6 1 6 4 1 2 5 4 1 1 3 1 0 2 2 1 2 0 1 1 1 2 2 0 0 0 2 0 0 0 0 0 0 0 0 1 0 1 0 0 2 0 0 
0 7 24 31 39 55 57 65 101 138 272 269 234 330 470 644 676 840 1111 1157 1471 1709 1890 2234 2272 2658 2829 3275 3499 3664 3862 4109 4211 4222 4359 4445 4443 4486 4551 4424 4276 4376 4122 3952 3873 3707 3476 3221 3021 2877 2673 2499 2307 2221 1984 1817 1806 1615 1445 1331 1287 1164 1057 991 895 800 719 707 659 539 485 458 421 412 355 325 289 289 259 206 217 169 161 170 136 128 111 89 89 80 73 68 70 49 55 56 43 41 33 27 29 21 33 29 26 18 26 23 13 14 10 6 9 9 8 12 6 8 6 7 2 4 8 4 3 3 4 0 1 4 1 0 1 1 0 0 1 1 3 0 2 0 0 1 1 0 0 0 0 3 0 0 0 0 1 1 0 1 0 0 0 0 1 0 0 0 0 0 1 0 0 0 
1 11 13 40 67 49 62 66 207 280 555 654 466 678 726 1057 1293 1425 1674 1802 2112 2243 2524 2936 3127 3321 3483 3703 3847 4019 4146 4467 4607 4479 4507 4466 4515 4284 4363 4025 4094 3893 3645 3603 3341 3130 2970 2746 2536 2338 2306 2115 1928 1798 1572 1519 1389 1338 1165 1046 1000 895 802 744 688 613 598 554 471 455 389 331 318 322 281 227 224 205 214 162 150 122 137 126 114 89 98 89 77 81 62 56 59 48 35 40 38 26 30 29 29 24 17 22 9 17 19 17 9 13 11 5 5 8 8 1 8 5 8 4 2 5 3 1 0 2 1 3 1 0 3 1 1 1 0 1 0 0 0 0 0 1 0 0 1 0 0 0 0 0 1 0 0 0 0 0 0 0 0 
0 2 18 37 46 57 82 241 225 324 340 365 357 602 644 744 901 1147 1380 1824 1869 1892 2168 2380 2627 2928 3217 3239 3660 3810 4025 4146 4368 4576 4506 4478 4407 4368 4441 4265 4122 4056 3953 3940 3605 3352 3165 2950 2859 2692 2525 2353 2100 2032 1922 1722 1498 1456 1274 1236 1159 984 918 903 789 685 638 583 553 517 433 408 365 333 348 289 284 243 231 229 160 170 155 131 123 112 98 87 95 85 76 71 56 56 40 40 37 30 40 36 21 27 22 16 24 20 14 13 11 10 9 14 11 8 9 8 5 4 6 4 6 4 4 4 3 2 7 0 0 1 3 1 0 0 5 2 3 1 0 1 3 0 0 0 0 0 0 2 0 3 2 2 0 0 0 1 1 0 0 0 0 0 1 1 1 1 0 0 2 0 0 0 1 0 0 0 0 0 0 
0 7 27 35 33 89 92 106 108 164 132 333 356 374 530 675 823 987 1103 1402 1671 1853 2020 2270 2501 2700 3098 3216 3249 3511 3756 3940 4189 4387 4497 4454 4322 4335 4351 4464 4335 4239 4099 3913 3694 3617 3332 3131 3015 2980 2667 2475 2216 2184 1911 1754 1733 1487 1456 1298 1237 1144 1050 906 881 806 710 603 610 531 523 474 392 369 328 301 263 267 206 243 212 181 158 152 138 110 111 107 90 85 72 86 57 56 40 43 35 37 32 27 27 33 19 20 21 17 14 12 12 6 16 10 9 6 10 5 2 3 3 2 4 3 6 1 3 5 3 2 1 3 2 2 0 0 0 1 2 1 0 1 0 0 3 1 1 0 0 0 0 0 0 0 1 0 0 0 0 0 1 0 0 0 
0 4 14 29 36 62 53 36 95 163 190 249 345 444 437 473 524 763 916 993 1237 1381 1517 1644 1950 2226 2485 2962 3057 3171 3408 3423 3647 4097 4335 4462 4454 4423 4345 4318 4435 4391 4142 4137 3952 3745 3569 3578 3337 3131 3003 2720 2658 2490 2185 2106 2038 1850 1798 1591 1389 1264 1235 1157 962 941 861 749 714 674 595 552 481 469 430 366 302 357 297 244 225 244 231 190 155 155 145 114 126 111 80 72 81 73 67 51 52 34 46 31 29 27 24 33 17 17 12 16 13 14 11 6 14 13 7 7 7 2 4 3 4 2 3 1 1 3 1 0 2 0 0 3 0 1 0 1 0 0 1 0 0 0 0 0 0 0 0 0 0 0 0 0 0 
0 12 29 45 57 50 127 122 275 298 352 446 402 522 730 938 1680 1241 1524 1781 2005 2174 2511 2530 2920 3058 3535 3687 3930 4157 4198 4536 4419 4438 4375 4369 4516 4344 4256 4209 4140 3963 3845 3603 3330 3211 3087 2865 2705 2417 2425 2214 1942 1871 1714 1596 1477 1404 1194 1135 1041 962 881 724 722 717 591 578 503 467 375 383 362 314 269 251 227 210 194 163 174 143 127 131 120 109 92 89 70 68 59 59 51 52 53 43 29 34 25 20 22 14 18 21 20 12 11 9 11 12 11 3 4 2 5 6 11 6 4 8 6 4 5 1 1 0 1 2 2 3 2 1 0 1 0 2 0 2 0 1 0 0 0 1 1 2 0 0 0 0 0 0 0 0 0 0 0 
0 16 35 52 53 108 146 231 296 185 343 355 570 878 919 906 1363 1335 1413 1657 2121 2270 2416 2757 3032 3365 3555 3531 3723 4024 4070 4318 4360 4492 4516 4548 4497 4320 4198 4148 4082 3815 3717 3558 3406 3257 2956 2845 2732 2467 2245 2146 2048 1800 1753 1539 1444 1262 1269 1143 1004 934 852 806 691 642 589 564 489 478 424 396 347 309 289 284 236 243 215 163 176 161 154 119 118 106 92 99 91 85 74 66 64 59 42 44 41 35 45 31 19 32 28 23 14 15 22 24 20 15 21 9 14 8 11 11 7 6 11 2 3 2 7 7 2 3 3 2 3 2 1 0 2 0 0 0 0 0 3 0 2 0 0 0 0 2 0 0 0 0 1 1 0 0 0 
0 7 18 55 56 74 65 51 131 163 243 216 339 534 589 647 722 826 1006 1323 1537 1751 2090 2197 2383 2807 2922 3192 3497 3522 3732 3940 4188 4332 4389 4296 4356 4413 4433 4333 4244 4084 4080 3877 3735 3625 3425 3272 3075 2761 2712 2561 2400 2132 1982 1915 1798 1620 1466 1338 1246 1118 1041 1076 908 840 742 692 627 553 528 471 406 389 337 355 317 260 259 194 193 171 181 163 122 126 114 113 98 92 66 59 60 67 53 46 37 36 34 37 34 29 26 27 20 17 20 12 16 13 14 12 4 9 8 7 9 5 7 4 2 5 4 1 3 3 1 3 3 3 2 2 0 6 3 2 0 0 0 0 0 0 0 0 1 0 0 0 0 0 0 0 0 0 1 0 1 1 0 
0 8 20 46 61 61 131 203 223 290 401 695 785 766 793 1067 1108 1612 1754 1945 2019 2211 2681 2723 2905 3196 3507 3702 3954 4222 4281 4334 4373 4403 4527 4424 4456 4494 4379 4187 3943 3859 3785 3435 3406 3101 2957 2875 2568 2502 2294 2109 1945 1875 1650 1542 1414 1266 1137 1061 953 910 836 771 734 565 619 471 495 458 370 371 327 292 288 265 229 233 198 158 149 160 137 126 117 102 95 76 85 56 54 54 58 37 40 44 39 32 33 26 27 20 20 17 22 12 15 16 7 6 8 16 6 4 8 5 4 2 3 3 1 3 3 3 0 2 3 3 1 0 0 0 0 2 0 0 1 0 0 0 2 0 0 0 1 1 1 0 0 0 0 0 0 0 0 0 0 0 0 0 
1 13 23 43 54 60 60 125 124 204 551 486 375 458 662 1066 1134 1273 1415 1639 1802 1944 2092 2566 3157 3426 3366 3496 3812 4027 4264 4311 4451 4380 4452 4671 4470 4422 4316 4392 4150 3953 3830 3695 3424 3269 3047 3006 2804 2606 2329 2244 2079 1930 1865 1635 1519 1438 1257 1207 1114 1046 858 793 745 748 621 574 503 498 440 447 382 314 272 276 257 251 200 217 186 171 147 136 115 112 94 95 79 63 61 56 66 66 56 29 50 39 28 29 31 38 17 15 22 10 12 8 17 9 10 12 17 5 9 5 4 3 5 2 7 1 1 1 0 2 2 0 1 0 1 3 1 0 0 3 0 2 2 0 0 1 0 0 0 0 0 1 0 0 2 0 1 0 0 0 0 0 0 0 0 0 0 0 
1 9 26 41 49 62 84 97 111 155 155 235 314 387 498 502 757 746 850 1155 1735 1633 1573 1881 2151 2448 2580 2787 3180 3391 3605 3715 3975 4185 4231 4512 4357 4325 4346 4488 4463 4317 4160 4043 3741 3836 3565 3355 3253 3126 2936 2801 2622 2420 2228 1940 1892 1788 1521 1489 1317 1236 1138 1025 979 856 796 742 636 587 570 474 515 368 373 339 328 286 275 240 244 191 172 177 148 139 127 120 110 89 89 79 81 62 71 59 55 52 32 35 34 24 28 23 28 20 24 14 9 13 13 22 14 10 9 11 8 4 6 6 4 6 5 6 1 5 2 2 4 0 6 4 3 1 1 1 0 1 0 0 0 1 1 2 0 0 1 0 0 0 0 1 0 0 0 0 0 0 0 
0 5 26 44 81 81 94 205 251 303 349 456 578 470 654 801 1168 1406 1449 1683 1880 2057 2323 2552 2936 3237 3341 3622 3793 3942 4093 4233 4352 4535 4361 4544 4458 4508 4350 4195 4146 4102 3795 3636 3506 3402 3078 2929 2720 2597 2262 2205 1993 1869 1731 1620 1540 1380 1286 1128 1074 980 900 756 663 673 570 544 526 497 351 389 368 338 306 269 246 245 221 202 173 160 141 136 131 106 91 91 88 56 57 61 55 36 45 37 38 32 22 21 27 19 25 16 17 13 9 12 13 12 12 9 6 7 7 6 12 12 6 6 2 3 3 2 1 5 0 10 4 2 1 3 3 2 0 0 1 2 0 3 0 0 0 0 0 0 1 0 0 0 0 0 0 0 0 0 0 0 0 0 
0 7 19 37 46 44 63 49 69 114 141 181 311 530 552 486 612 799 1072 1361 1641 1633 1695 1947 2237 2466 2831 3202 3312 3427 3489 3701 4075 4168 4391 4465 4459 4541 4465 4436 4288 4240 4114 4049 3833 3739 3555 3234 3095 2894 2723 2649 2499 2361 2040 1919 1789 1653 1551 1350 1369 1189 1125 995 996 854 831 682 629 594 537 448 438 401 390 312 328 292 303 249 243 176 193 166 142 149 133 105 118 105 87 83 74 70 77 63 53 58 46 36 31 38 34 23 28 19 12 17 14 16 14 12 13 10 9 12 5 8 9 8 6 7 5 6 7 7 7 4 2 6 2 3 2 3 1 4 2 1 2 0 1 3 0 0 0 0 0 1 0 0 1 0 0 1 0 0 0 0 0 
0 3 24 45 54 73 78 86 85 146 170 199 178 361 519 512 932 990 1052 1260 1333 1503 1821 2201 2438 2496 3012 3191 3358 3599 3767 4089 4367 4319 4268 4606 4466 4533 4393 4470 4288 4478 4194 3997 3786 3643 3440 3282 3097 3049 2683 2592 2356 2209 2040 1893 1740 1624 1492 1361 1289 1139 1027 993 824 765 754 660 594 566 475 448 435 348 319 333 307 269 250 230 220 184 176 164 150 151 121 102 114 88 100 69 71 67 55 49 51 45 52 36 26 23 23 27 23 15 13 16 11 11 11 10 10 4 13 9 7 11 3 8 3 4 4 4 1 4 4 3 3 3 2 3 5 3 0 1 0 2 2 1 0 0 2 0 2 1 1 0 0 1 1 0 1 2 1 0 0 0 0 0 0 0 0 0 0 1 0 0 0 0 0 0 0 
0 2 19 40 55 56 41 57 151 158 201 195 219 491 486 682 730 874 950 1012 1235 1510 1749 1916 2255 2387 2913 2998 3397 3325 3695 3923 3964 4240 4249 4362 4456 4465 4486 4453 4300 4209 4232 4131 3927 3679 3641 3362 3230 2981 2801 2586 2460 2280 2224 1919 1863 1728 1542 1484 1294 1168 1055 1110 959 818 795 762 682 611 519 484 461 407 347 351 312 244 226 216 221 188 185 179 159 123 113 99 92 97 86 74 61 57 57 52 52 42 36 37 23 37 16 21 26 20 19 10 13 11 8 16 15 11 13 10 9 9 9 5 8 11 4 2 7 4 9 3 3 3 1 4 0 2 0 0 1 3 1 2 0 1 0 1 0 1 0 2 0 1 0 0 0 0 1 0 0 0 0 1 0 0 0 0 0 0 0 
1 8 26 41 50 69 91 114 211 230 245 403 479 829 1105 998 1070 1395 1608 1789 2007 2265 2444 2791 2999 3281 3436 3523 4035 3972 4278 4290 4342 4312 4561 4522 4513 4453 4333 4334 4032 3931 3755 3598 3364 3203 3155 2939 2730 2647 2388 2095 1998 1865 1724 1623 1481 1358 1184 1146 1069 977 841 782 737 654 586 566 466 477 443 393 349 300 301 258 219 174 187 176 177 137 114 110 118 97 84 94 70 69 52 57 45 53 39 27 32 35 24 24 26 19 20 14 9 12 11 10 13 5 11 7 4 1 10 9 3 2 8 3 2 3 4 2 3 4 1 2 2 0 0 2 3 2 2 1 0 0 1 0 1 1 0 0 0 0 1 1 0 0 0 0 0 
2 9 21 36 29 55 68 196 218 254 289 391 517 601 605 735 944 1173 1241 1606 1685 2021 2349 2751 2725 2919 3153 3465 3648 3875 4290 4176 4420 4470 4504 4547 4578 4459 4464 4281 4343 4147 4021 3857 3605 3354 3177 2940 2810 2703 2456 2291 2219 1924 1778 1761 1492 1411 1276 1185 1060 1031 912 859 824 682 639 569 545 461 427 401 328 323 276 275 249 225 205 187 173 170 159 131 103 114 104 84 93 64 57 65 49 43 50 32 40 28 35 18 25 21 22 24 22 18 13 12 19 14 14 6 6 3 8 8 5 8 8 6 3 2 2 7 2 5 1 3 4 3 4 3 1 2 0 2 0 0 0 0 0 1 0 1 0 0 0 1 0 1 0 1 0 0 0 0 0 
1 8 16 33 50 46 57 97 102 147 142 282 292 324 440 532 786 746 986 1241 1476 1750 2039 1975 2161 2679 2835 3050 3342 3541 3935 4051 4149 4130 4262 4468 4544 4451 4627 4485 4459 4339 4085 3997 3724 3642 3663 3235 3192 3017 2836 2669 2440 2344 2113 1905 1777 1602 1520 1376 1323 1184 1054 977 878 778 722 672 622 566 489 467 409 395 382 307 256 278 233 200 210 174 197 159 131 104 118 104 96 78 86 72 84 64 58 53 42 37 53 34 25 25 34 25 26 23 18 16 17 14 12 14 7 3 11 4 7 7 10 9 3 0 1 1 2 2 4 4 2 0 1 1 3 0 1 1 0 0 0 0 1 0 0 0 1 0 2 0 0 2 0 0 1 0 0 1 0 0 0 1 0 1 1 0 
0 4 22 36 52 69 88 83 97 115 136 260 326 511 524 512 661 716 1078 1092 1277 1563 1886 2138 2116 2231 2566 3117 3375 3435 3664 3885 4130 4147 4435 4338 4341 4256 4430 4162 4306 4285 4113 3852 3882 3717 3553 3380 3043 3073 2813 2674 2393 2272 2094 1990 1826 1752 1531 1447 1384 1281 1080 1027 942 966 832 722 709 606 595 555 503 419 418 381 330 281 265 250 225 198 212 187 176 143 142 100 83 81 105 81 69 81 58 64 49 46 41 44 27 37 24 24 25 23 34 13 18 16 12 10 12 14 10 4 4 12 5 9 6 4 7 3 5 3 2 1 2 2 6 4 3 2 0 0 2 0 1 2 1 1 0 2 0 0 1 0 0 0 0 0 0 0 0 0 0 0 0 0 0 0 0 0 0 
0 5 19 43 40 50 65 88 118 141 399 463 436 485 644 812 928 1088 1199 1395 1505 1871 2074 2295 2674 2808 3058 3247 3338 3685 3882 4069 4182 4286 4427 4512 4531 4468 4405 4390 4050 4027 4110 3861 3569 3408 3387 3154 2964 2785 2622 2483 2235 2064 1892 1760 1676 1549 1423 1262 1155 1104 969 920 856 773 690 637 612 539 438 429 381 356 322 325 316 218 213 218 183 162 179 147 154 123 106 106 85 81 77 69 62 54 54 48 30 40 46 29 38 17 22 24 13 22 14 13 13 10 9 9 7 9 12 7 5 3 7 5 2 7 2 4 4 8 1 0 3 2 4 3 0 3 2 2 0 1 1 0 3 1 0 0 0 0 0 1 0 0 0 0 0 0 0 
0 9 22 33 40 44 58 74 181 294 272 269 320 519 541 566 1075 1189 1183 1365 1719 1845 2113 2222 2433 2904 3033 3142 3384 3695 3956 4187 4158 4328 4446 4366 4373 4428 4350 4365 4227 4207 4022 3931 3645 3499 3280 3199 2904 2748 2699 2440 2248 2112 1879 1848 1701 1574 1411 1331 1220 1097 1023 893 879 774 736 656 602 535 523 484 431 385 332 304 278 254 229 236 202 166 159 147 137 121 98 100 94 72 68 69 70 59 61 40 41 37 29 28 32 30 26 21 23 19 17 18 20 14 14 18 7 10 3 6 9 8 4 3 8 5 6 3 6 7 8 6 1 0 1 5 2 5 1 4 2 0 1 0 2 1 2 1 0 0 0 0 0 0 1 0 1 0 2 1 0 0 0 0 0 0 1 0 0 0 
0 13 41 39 60 88 98 180 205 213 458 495 514 716 812 1183 1089 1128 1363 1690 1951 2102 2525 2845 3101 3124 3663 3651 3856 4043 4170 4250 4402 4264 4552 4531 4291 4358 4310 4285 4112 3901 3751 3478 3386 3225 3149 2829 2662 2381 2349 2313 2014 1867 1769 1558 1376 1350 1298 1150 1045 928 858 788 707 647 640 513 491 420 440 446 346 328 309 265 237 224 215 209 157 162 139 117 98 112 97 92 81 69 65 69 50 41 44 43 31 31 32 17 19 24 23 12 18 13 9 13 15 5 8 7 5 3 6 3 3 3 2 3 5 5 1 1 6 2 0 1 1 0 3 0 1 0 0 1 0 0 0 0 0 2 0 0 0 0 1 0 0 0 0 
0 4 14 39 61 38 48 62 133 201 202 272 288 301 398 537 791 936 946 1139 1476 1605 1916 2185 2354 2550 2891 3108 3119 3448 3747 4179 4241 4260 4386 4466 4418 4561 4561 4571 4449 4331 4097 3847 3801 3595 3571 3322 3067 2820 2771 2600 2386 2184 2176 1920 1709 1670 1490 1401 1304 1097 1077 948 865 837 793 655 625 575 534 473 457 369 365 326 321 288 231 262 189 179 185 155 147 140 105 99 80 72 80 83 69 56 50 52 48 43 38 38 27 22 32 27 23 20 17 20 12 11 13 14 12 8 12 5 13 4 5 4 3 7 3 4 5 7 4 3 2 5 3 1 3 1 2 1 2 1 0 0 0 0 2 0 0 1 1 0 0 0 0 0 0 0 1 0 2 1 0 0 0 0 0 0 0 
2 8 16 23 39 40 50 85 86 175 163 455 647 541 660 635 877 1126 1177 1413 1596 2007 2187 2359 2659 2883 3064 3411 3504 3765 3836 4218 4134 4504 4481 4603 4368 4481 4472 4288 4275 4212 4005 3738 3586 3379 3237 3043 2996 2819 2581 2463 2231 2068 1867 1722 1575 1468 1407 1265 1112 1094 922 876 772 775 664 601 559 545 450 427 364 360 348 317 261 256 218 214 179 170 145 126 127 131 111 100 96 70 70 62 60 54 42 42 43 48 31 33 30 29 19 19 21 14 19 19 11 12 18 11 11 13 9 4 6 7 9 7 6 4 6 7 4 0 5 2 4 2 2 2 0 2 1 1 0 0 1 1 0 0 3 1 2 1 2 1 0 0 1 0 1 0 1 1 0 0 0 0 0 0 0 1 0 
0 2 23 32 118 96 76 130 185 854 241 353 613 1042 1160 1234 1257 1365 1772 1937 2070 2604 2830 3039 3119 3377 3679 3861 4058 4320 4185 4348 4578 4685 4475 4468 4490 4363 4230 4091 3876 3690 3601 3315 3250 2962 2851 2609 2551 2272 2159 2002 1870 1691 1590 1434 1370 1206 1153 1065 942 904 795 736 662 639 547 479 464 390 413 326 330 282 287 265 207 204 183 178 141 148 110 110 123 112 84 85 73 56 60 61 49 39 41 33 36 32 26 20 25 20 14 13 12 9 21 11 11 5 9 13 4 9 4 4 6 8 5 6 5 2 1 1 2 0 1 0 3 1 0 0 1 2 0 0 0 1 0 0 0 1 0 1 1 0 0 0 1 0 0 0 0 1 0 0 
0 12 21 41 53 65 54 45 89 150 304 259 327 489 488 444 655 764 917 1047 1125 1538 1705 1838 2021 2455 2637 2997 3240 3463 3510 3784 3995 4034 4280 4448 4384 4548 4514 4296 4316 4356 4164 4089 3896 3721 3526 3446 3248 3125 2956 2781 2555 2361 2212 2109 1925 1754 1560 1404 1373 1267 1168 1098 959 935 828 695 689 607 563 547 438 442 397 357 322 291 263 258 229 196 174 163 174 136 129 110 112 81 92 84 76 56 45 56 40 48 40 33 23 34 23 21 24 18 18 15 7 14 12 15 14 10 7 10 5 3 6 5 3 4 4 2 6 5 4 3 4 4 3 3 2 1 2 4 1 1 6 3 2 0 1 1 2 2 2 1 0 0 2 2 0 0 1 0 0 0 0 1 1 0 0 0 0 0 0 0 0 0 0 0 0 0 0 
1 1 24 40 46 70 134 143 258 240 179 415 570 680 872 907 1030 1216 1463 1668 1910 2217 2465 2713 3049 3294 3404 3627 3847 4054 4136 4264 4349 4331 4426 4768 4547 4555 4369 4223 4019 4106 3747 3579 3414 3294 2977 2927 2672 2506 2329 2145 1893 1859 1726 1637 1398 1341 1232 1130 1066 984 933 823 732 670 614 517 525 475 428 418 341 346 305 255 244 238 189 185 148 151 134 140 110 105 87 89 76 62 65 54 52 43 42 36 28 34 23 23 25 21 17 24 23 16 9 10 16 10 10 9 7 5 12 8 7 4 2 3 4 2 3 3 5 2 1 2 1 2 0 0 0 0 1 1 0 0 0 0 1 0 0 0 0 0 0 0 0 0 0 0 0 0 0 
4 17 27 27 31 61 72 74 114 113 171 251 326 327 550 529 628 824 868 961 1231 1480 1714 1884 1917 2154 2424 2727 3158 3434 3484 3716 4032 4184 4148 4242 4352 4503 4474 4450 4294 4209 4159 4094 3876 3859 3727 3502 3223 3096 2927 2743 2615 2410 2242 2058 1976 1760 1658 1527 1368 1307 1149 1085 1066 926 826 727 686 649 562 508 490 437 425 332 342 271 304 255 246 201 174 156 142 136 115 134 89 99 102 88 69 67 64 60 57 42 52 41 39 28 29 24 36 30 23 16 12 15 13 18 4 9 8 10 8 9 11 7 11 7 6 7 8 6 1 1 1 4 0 2 5 2 0 3 0 2 0 0 2 1 0 0 1 1 1 1 0 0 0 1 0 0 0 0 0 0 0 0 0 0 0 0 0 0 0 0 0 
6 10 32 41 57 49 81 81 112 241 235 228 369 529 558 557 803 864 1138 1331 1532 1620 1818 2200 2649 2800 2978 3169 3438 3629 3822 4022 4262 4220 4510 4593 4572 4549 4554 4374 4397 4190 4066 3869 3774 3576 3378 3329 3106 2981 2694 2487 2297 2078 1999 1897 1724 1499 1446 1401 1235 1123 1023 897 833 758 710 677 594 562 500 458 397 363 357 305 274 249 204 186 196 174 154 130 112 111 108 93 83 69 67 78 66 52 47 59 49 43 36 28 29 24 21 29 24 26 14 19 12 9 13 13 10 8 6 9 4 7 8 2 1 4 2 1 0 2 3 3 1 1 3 1 1 0 2 1 1 1 0 1 0 0 1 0 1 0 0 0 0 1 1 0 0 0 0 2 0 0 0 0 0 0 0 0 0 0 0 
0 7 16 40 35 53 48 70 81 67 104 310 387 415 489 526 652 754 850 1012 1281 1376 1745 2097 2388 2386 2654 2963 3124 3404 3585 3771 4075 4025 4349 4324 4433 4303 4485 4469 4286 4131 4095 4007 3768 3695 3717 3467 3238 3055 2970 2687 2488 2295 2233 2013 1935 1771 1678 1534 1403 1281 1151 1083 1045 882 857 754 688 673 597 510 478 469 395 385 358 297 291 262 254 231 210 192 172 143 127 107 119 89 101 67 81 88 59 66 52 50 41 35 41 30 27 34 35 27 13 14 16 17 15 15 11 12 15 6 6 5 11 6 6 5 7 3 5 6 7 3 3 4 0 3 4 2 4 3 3 3 2 1 1 2 1 0 1 0 4 0 1 1 0 0 1 0 0 0 0 0 0 0 0 1 0 0 0 0 0 0 0 0 0 
0 11 19 36 109 95 103 121 167 248 245 255 329 571 613 789 1067 1120 1368 1447 1589 1904 2077 2386 2671 2883 3166 3234 3617 3693 3946 3984 4203 4508 4259 4436 4482 4433 4351 4257 4206 3992 4023 3775 3557 3388 3213 3102 2839 2675 2423 2379 2157 2063 1842 1702 1571 1463 1366 1267 1216 1005 957 897 832 671 696 646 569 529 447 422 400 365 316 288 281 230 222 225 193 195 136 125 127 129 74 107 82 56 76 59 58 52 46 51 46 24 34 25 26 22 17 24 26 11 19 13 22 11 14 11 8 7 12 12 9 6 6 6 8 5 2 1 3 3 1 3 4 1 1 1 0 2 2 3 0 0 2 1 0 0 0 0 0 1 0 0 0 0 0 0 0 0 0 0 0 0 0 0 1 0 0 0 
0 2 16 37 71 117 111 111 148 278 328 369 351 491 736 867 929 1203 1401 1500 1877 1980 2218 2423 2784 2969 3134 3345 3548 3748 3953 4069 4220 4340 4549 4456 4337 4454 4331 4261 4136 4097 3920 3707 3503 3427 3190 3003 2853 2552 2476 2249 2255 2044 1876 1644 1663 1527 1363 1261 1146 1074 981 894 832 782 633 649 593 526 450 463 408 354 326 289 258 270 243 204 188 164 157 132 129 125 100 105 109 82 82 70 82 69 51 48 34 44 22 26 33 19 27 17 19 11 15 18 13 5 11 14 14 4 9 12 4 4 6 5 7 3 2 5 7 2 8 2 0 5 2 3 0 4 3 1 1 4 0 1 1 0 0 1 0 0 0 1 0 0 0 0 0 0 0 0 0 0 0 0 0 
1 4 23 29 51 62 64 79 114 255 240 251 289 369 568 555 823 902 1085 1192 1376 1786 1880 2094 2392 2475 2775 3208 3269 3504 3785 4018 4134 4159 4335 4604 4510 4458 4422 4406 4413 4323 4183 3957 3734 3790 3568 3344 3088 2939 2719 2532 2376 2219 2047 1962 1662 1633 1386 1394 1243 1205 1100 994 947 809 758 661 643 516 504 483 429 379 361 309 289 285 221 219 228 179 178 138 150 128 127 110 106 90 92 81 55 63 60 53 55 34 38 33 24 29 23 21 24 13 25 16 20 11 10 13 9 11 4 5 9 8 5 5 5 2 4 2 5 2 2 5 1 4 2 0 1 0 3 1 1 0 0 0 1 1 1 1 0 1 1 3 0 0 0 1 1 1 0 1 1 0 1 0 1 0 0 1 0 0 0 0 0 0 0 0 0 0 0 0 0 0 
1 5 23 35 45 45 67 73 50 103 125 228 234 314 381 450 681 804 907 1018 1366 1441 1643 1892 2054 2325 2762 2976 3115 3367 3587 3893 3961 4287 4275 4361 4535 4464 4606 4489 4474 4367 4360 4091 4021 3787 3777 3585 3297 3096 3013 2731 2535 2407 2105 2011 1922 1772 1566 1559 1378 1249 1196 1086 1000 880 773 772 618 582 540 488 477 429 417 396 297 294 241 253 222 208 173 190 150 124 127 127 88 103 71 83 76 64 69 56 43 37 49 51 28 31 45 21 18 15 26 32 8 15 11 14 14 12 13 13 3 12 4 11 7 2 7 5 3 4 5 2 4 3 2 2 2 2 4 2 1 1 1 0 2 1 0 1 1 0 0 0 0 0 0 0 0 0 0 0 0 0 0 0 0 0 0 0 0 0 0 0 0 
0 7 15 30 50 88 80 136 177 440 444 369 451 619 891 1007 1080 1408 1572 1676 1762 2260 2313 2461 2719 3019 3477 3725 3799 3971 4113 4296 4188 4451 4197 4346 4286 4508 4234 4169 4044 4045 3744 3535 3358 3153 2980 2955 2747 2569 2356 2228 2038 1913 1845 1636 1498 1395 1291 1186 1085 1010 902 845 747 722 655 566 524 515 419 423 394 377 319 320 241 213 193 181 136 157 152 129 119 109 101 99 85 74 77 58 60 60 60 46 43 35 37 42 29 27 26 23 13 19 21 17 9 12 8 8 9 3 7 4 6 4 2 3 5 5 8 2 1 2 3 1 0 2 0 3 1 0 1 0 0 0 0 0 0 1 0 0 0 0 0 0 0 0 0 0 0 0 0 0 
1 9 19 30 45 55 66 65 120 122 124 220 221 302 335 416 496 750 704 810 1150 1249 1612 1690 1909 2213 2447 2726 3016 3034 3326 3515 3661 3869 4066 4265 4510 4379 4370 4412 4420 4355 4107 4202 4155 4080 3889 3614 3503 3269 3009 2905 2748 2578 2389 2221 2031 1906 1765 1606 1505 1402 1284 1125 1022 949 924 835 765 667 615 541 525 473 438 432 337 330 271 239 235 238 209 176 191 157 163 128 102 106 89 95 81 65 66 80 51 51 49 30 34 29 28 32 36 40 18 29 11 20 21 12 15 13 11 11 8 3 8 7 14 6 5 1 3 7 6 1 5 2 3 2 0 2 2 4 1 4 0 2 4 1 2 0 2 2 1 1 1 0 2 0 0 1 0 0 1 0 0 0 1 1 0 0 1 0 0 0 0 1 0 1 0 0 0 0 0 0 0 0 0 0 
0 12 39 37 107 86 97 113 154 173 419 520 518 571 664 726 1032 1275 1324 1615 1967 2331 2411 2636 2985 3252 3506 3689 3776 3960 4081 4178 4371 4565 4466 4445 4348 4471 4318 4279 4101 3874 3739 3651 3376 3356 3049 2879 2623 2580 2334 2213 2091 1860 1712 1690 1463 1389 1302 1147 1096 979 945 815 764 666 636 558 567 465 419 388 344 325 321 277 246 262 216 168 173 169 143 138 139 120 120 90 100 74 73 76 61 48 42 39 42 38 36 32 26 26 17 15 18 18 11 18 11 16 14 17 6 9 6 5 8 4 6 8 1 5 3 4 5 5 4 2 4 1 2 4 2 0 0 1 1 2 0 0 0 0 0 0 0 0 1 0 0 0 0 0 0 0 0 0 0 0 
0 7 19 37 43 45 65 145 192 288 340 349 341 535 514 676 973 995 1164 1424 1765 2065 2361 2573 2668 2927 3218 3514 3521 3780 4110 4201 4086 4321 4470 4614 4627 4576 4312 4181 4229 4007 4025 3633 3624 3512 3232 3009 2806 2670 2581 2334 2114 2005 1917 1667 1529 1377 1313 1239 1103 1004 971 824 770 701 642 602 497 451 452 409 386 344 305 261 259 241 217 200 174 161 126 131 113 120 96 90 81 68 75 59 48 51 56 35 30 39 35 28 28 18 15 20 16 17 18 19 16 8 13 11 7 7 9 4 7 4 7 7 3 1 0 2 1 1 4 3 2 4 1 4 0 0 1 1 0 1 0 1 0 0 2 1 1 0 0 0 0 0 0 0 0 1 1 1 0 0 0 0 0 0 0 0 0 0 0 0 0 
0 6 23 33 57 66 78 75 77 115 158 270 321 552 526 657 656 834 1141 1340 1432 1691 1958 2225 2411 2527 3060 3168 3345 3521 3784 3728 4030 4231 4304 4440 4348 4444 4442 4402 4382 4090 4044 3784 3869 3605 3506 3164 3071 2976 2752 2503 2308 2213 2071 1878 1739 1627 1449 1410 1277 1125 1095 1008 884 816 756 711 626 536 501 500 456 393 356 331 330 249 249 219 192 183 164 132 158 108 126 106 114 90 60 68 75 55 56 40 40 39 36 38 29 26 30 18 27 23 18 26 8 9 11 14 12 15 7 12 8 6 5 5 10 10 2 6 4 1 2 2 3 4 3 3 5 3 5 1 0 2 2 1 2 1 3 2 2 0 1 0 1 1 0 1 0 1 1 0 1 0 2 1 0 0 0 0 0 0 0 0 0 0 0 0 0 0 0 
0 5 19 50 56 53 74 96 132 169 204 255 316 309 546 677 1045 1054 1500 1394 1906 1881 2103 2230 2630 2872 3141 3447 3537 3757 3989 4214 4120 4343 4550 4551 4406 4638 4485 4472 4315 4007 3937 3807 3658 3503 3271 3140 2911 2628 2460 2360 2226 2088 1919 1813 1587 1520 1289 1211 1209 1004 993 880 840 732 653 610 570 554 462 432 408 381 312 305 242 245 255 206 179 175 136 140 106 103 94 83 83 77 79 61 64 48 38 43 49 28 30 35 33 22 27 33 21 10 18 15 9 10 13 11 12 10 3 8 10 7 3 5 6 2 8 10 3 2 1 3 5 4 1 2 1 1 1 1 0 1 1 0 0 0 1 0 0 0 0 0 0 0 0 0 0 0 0 0 0 0 0 0 0 0 
1 8 23 39 48 51 61 88 83 100 204 245 266 303 575 556 629 810 872 1063 1252 1295 1488 1659 2091 2252 2572 2798 2920 3417 3491 3700 3899 4112 4118 4277 4291 4521 4492 4521 4344 4221 4115 4165 3968 3768 3659 3494 3343 3037 2888 2607 2569 2371 2216 2095 1903 1702 1605 1441 1417 1265 1191 1139 993 886 831 760 705 631 589 572 514 426 442 364 335 274 328 283 236 212 187 190 154 153 138 117 116 128 93 73 76 76 69 56 52 53 46 43 44 28 33 28 25 29 22 23 17 13 19 14 7 8 8 9 7 5 4 3 2 5 2 3 2 2 2 1 2 3 1 2 2 0 0 4 0 0 0 1 0 0 0 1 0 0 1 1 1 0 1 0 1 0 0 0 0 0 0 1 0 0 
0 8 26 33 53 51 74 92 122 155 202 235 338 377 397 515 1021 998 1139 1319 1611 1704 2126 2435 2409 2695 2976 3353 3563 3630 3917 4124 4363 4490 4408 4306 4359 4364 4470 4440 4359 4111 3988 3811 3630 3428 3329 3183 3042 2829 2556 2433 2287 2108 1969 1942 1640 1500 1364 1317 1211 1112 1021 897 889 798 705 698 609 531 476 430 391 355 333 329 282 262 254 210 195 174 152 139 145 125 102 103 91 100 69 68 62 69 56 51 58 44 36 41 37 21 25 16 20 19 14 22 12 14 7 17 8 4 8 11 10 2 7 7 2 8 1 3 4 0 6 0 3 1 4 2 1 1 0 3 2 3 0 2 0 2 0 1 0 0 0 0 1 0 2 0 0 0 0 2 3 0 
0 4 18 19 32 66 73 74 102 141 236 383 432 546 561 664 782 966 1169 1433 1544 1685 1859 2173 2325 2530 2773 3033 3340 3524 3953 4079 4089 4259 4484 4464 4582 4690 4627 4359 4329 4109 4144 4023 3767 3592 3394 3205 2930 2862 2712 2598 2337 2108 1950 1839 1725 1564 1485 1291 1259 1154 1021 968 890 768 707 650 618 550 540 426 370 354 371 338 271 271 240 206 201 149 141 129 148 109 118 112 87 89 90 69 67 42 52 45 49 40 33 23 22 32 28 20 19 12 16 12 5 11 13 12 12 1 1 7 9 5 8 5 3 6 5 4 1 3 2 4 2 2 1 2 3 1 2 0 1 1 3 2 0 1 0 0 0 1 2 1 0 0 0 0 0 1 0 0 1 0 1 0 0 0 0 0 0 0 0 0 0 
0 4 15 32 43 56 64 99 99 104 112 166 312 323 396 572 737 875 814 1042 1055 1264 1531 2058 2395 2439 2588 2838 3016 3601 3676 4035 4046 4200 4242 4470 4394 4501 4419 4546 4549 4267 4351 4133 3985 3812 3597 3564 3329 3152 2953 2797 2560 2363 2161 2065 1841 1699 1536 1471 1407 1281 1125 1043 969 873 778 690 658 574 561 515 453 393 372 335 311 296 257 248 197 197 166 172 150 116 95 118 97 71 75 68 57 60 58 63 38 31 47 34 38 35 28 20 20 16 11 20 13 15 6 14 5 10 7 9 5 4 2 4 6 4 4 3 0 2 1 1 1 2 1 3 1 0 0 1 0 1 1 0 0 1 2 2 0 0 1 0 1 0 0 0 0 0 0 0 0 0 0 0 0 0 
0 4 27 35 44 81 89 132 198 260 240 262 316 406 444 547 764 1037 1191 1232 1374 1738 1868 2086 2662 2937 2952 3074 3362 3559 3698 3927 4258 4379 4448 4268 4350 4499 4518 4461 4324 4274 4077 3983 3784 3557 3428 3299 3082 2852 2623 2582 2414 2174 2065 1899 1711 1607 1446 1359 1192 1114 1016 940 879 738 700 628 616 550 503 467 429 365 373 295 287 246 241 209 206 163 164 153 139 118 124 107 93 79 82 68 68 68 64 43 45 52 32 31 34 22 19 34 14 23 14 17 14 11 5 6 6 6 11 7 3 9 5 3 7 4 3 2 2 2 1 0 2 1 4 5 0 4 1 1 0 0 0 1 0 1 0 1 0 0 0 0 1 0 0 0 0 0 0 0 0 0 0 0 0 0 
2 10 15 33 48 64 89 142 147 207 254 337 519 607 632 881 910 1063 1369 1525 1794 1773 1859 2240 2492 2829 3067 3359 3603 3733 3755 3870 4206 4314 4473 4429 4521 4401 4224 4326 4219 4196 3935 3866 3628 3549 3307 3206 2917 2759 2645 2402 2237 2053 1930 1791 1647 1462 1463 1237 1150 1092 965 923 853 752 731 658 611 562 467 458 399 422 344 326 301 267 228 255 194 212 175 147 135 130 115 115 90 109 75 75 57 59 52 43 54 43 44 24 20 22 24 27 32 21 20 19 15 19 11 9 17 7 14 12 10 9 8 5 9 7 4 4 3 5 4 5 4 2 3 0 1 2 4 1 0 2 1 2 0 3 0 0 0 1 2 0 0 1 1 1 3 0 0 0 0 0 0 0 0 0 1 0 0 0 
1 8 18 36 43 65 59 98 345 342 439 500 609 786 767 910 1004 1101 1450 1923 2048 1974 2264 2878 2896 3027 3250 3463 3828 4085 4148 4264 4404 4713 4555 4469 4504 4497 4255 4302 4167 3924 3715 3555 3533 3218 3012 2872 2719 2545 2301 2207 2059 1835 1753 1636 1409 1297 1253 1113 1089 923 861 807 736 671 650 609 529 464 425 372 358 364 301 262 265 230 228 184 173 139 133 149 124 104 89 76 68 86 67 51 50 53 51 38 26 27 23 30 24 14 21 12 11 18 19 10 9 9 12 9 6 11 7 5 6 0 4 3 2 6 3 3 4 1 1 2 0 1 3 3 0 0 2 1 1 0 0 1 1 0 0 0 1 1 0 0 0 0 0 0 0 0 0 0 0 0 0 
0 6 20 28 45 45 53 86 61 198 294 275 365 368 565 611 748 1067 1325 1280 1414 1915 2033 2234 2471 2663 2985 3316 3697 3597 3971 4079 4138 4211 4394 4489 4457 4574 4534 4311 4332 4123 4014 3805 3677 3492 3386 3160 3061 2859 2755 2496 2348 2176 1950 1867 1726 1635 1449 1373 1214 1158 1106 1009 886 791 748 636 577 610 493 470 398 362 347 318 300 281 265 226 173 170 152 132 107 113 95 116 84 73 83 67 63 56 43 45 49 41 34 24 28 25 21 22 19 22 18 10 15 9 8 9 13 11 7 7 10 6 3 2 3 7 3 8 4 5 4 3 3 1 2 0 2 2 4 2 1 4 1 2 1 0 0 0 1 0 0 1 1 2 0 0 1 0 1 0 0 0 0 0 1 0 0 0 0 0 0 0 0 0 
1 10 28 43 52 59 54 80 159 151 192 272 340 521 499 535 757 924 1006 1131 1381 1446 1756 1890 2237 2482 2733 2986 3130 3661 3861 3954 4076 4243 4237 4405 4433 4734 4717 4507 4337 4252 4164 4075 3879 3685 3498 3272 3266 3027 2768 2679 2515 2300 2099 1940 1775 1662 1563 1354 1324 1185 1072 952 940 832 747 658 662 573 523 461 434 379 359 325 301 262 251 222 184 174 146 149 145 141 102 124 73 67 87 81 68 58 42 67 56 31 36 32 33 27 28 22 17 14 13 21 19 10 9 15 13 16 6 13 9 8 9 8 3 5 5 6 7 3 2 3 1 1 1 1 1 0 1 2 0 1 0 0 0 0 0 1 2 1 0 0 0 1 0 0 0 0 0 0 0 0 0 
0 7 22 38 60 66 85 97 110 158 154 203 238 252 367 466 643 689 930 1237 1458 1410 1508 1923 2152 2338 2586 2800 3026 3165 3520 3797 3901 4176 4201 4404 4627 4520 4477 4391 4466 4385 4337 4082 4026 3828 3668 3449 3409 3203 2818 2700 2579 2411 2166 2001 1880 1777 1673 1490 1355 1223 1156 1051 932 886 796 726 677 560 564 492 425 390 407 294 306 282 232 261 227 195 181 158 137 138 128 131 102 84 99 75 70 64 51 59 55 41 32 42 42 45 32 25 22 20 21 21 13 20 21 16 12 6 8 5 7 7 6 5 6 2 4 11 2 3 1 1 2 0 1 0 1 0 1 1 1 1 2 0 0 0 0 2 0 0 0 0 0 0 0 0 0 0 0 0 0 0 0 0 
0 3 18 33 52 54 187 208 237 284 351 444 610 701 796 925 1213 1261 1645 1857 2016 2223 2359 2544 2883 3205 3465 3664 3848 4009 4135 4229 4424 4374 4661 4512 4498 4506 4434 4278 4144 3946 3753 3563 3309 3059 3125 2766 2652 2569 2291 2095 2005 1785 1561 1614 1458 1413 1269 1109 1058 971 925 775 704 706 606 561 526 448 435 364 343 350 284 285 260 216 185 168 179 145 134 109 101 101 85 94 82 63 58 60 43 43 43 43 30 25 21 24 19 12 16 9 13 9 12 7 10 5 3 14 10 7 4 3 7 6 2 3 2 3 3 6 2 2 2 0 1 0 1 1 0 1 1 0 1 0 0 1 0 0 0 0 0 0 0 1 0 0 0 0 0 0 
0 11 18 46 51 53 63 75 73 129 198 221 270 488 613 779 938 924 1186 1383 1499 1732 2082 2343 2420 2701 3012 3492 3613 3572 3823 4019 4196 4101 4095 4377 4495 4486 4486 4290 4187 4183 4026 3781 3731 3562 3383 3227 3046 2877 2648 2547 2356 2157 2007 1930 1742 1634 1482 1370 1164 1098 1044 942 894 830 747 685 625 562 512 426 410 400 368 303 274 256 242 204 186 176 180 159 137 120 100 103 79 82 88 82 67 56 58 47 41 47 37 25 40 26 21 26 17 16 23 11 15 6 9 10 6 12 10 11 5 6 4 2 4 5 2 0 3 2 4 2 5 1 0 2 0 1 0 0 1 0 0 0 0 0 0 1 1 0 0 0 0 0 0 0 0 0 
0 3 16 64 73 73 74 94 107 180 195 187 258 450 478 468 617 812 887 1136 1289 1476 1671 1919 2226 2253 2819 2981 3200 3470 3484 3952 4035 4264 4305 4557 4548 4627 4405 4353 4331 4166 4124 4082 3957 3673 3653 3435 3178 3035 2927 2735 2536 2339 2306 2018 1910 1716 1667 1494 1365 1229 1115 1097 993 928 824 716 654 543 525 513 477 430 394 339 286 266 288 228 190 206 184 149 170 144 119 122 97 96 85 85 59 70 61 66 54 48 34 32 35 28 32 32 17 22 18 8 14 15 15 11 8 8 13 6 10 4 2 3 4 2 4 4 2 1 1 1 1 0 3 1 0 0 0 0 0 0 1 2 1 0 0 0 0 0 0 0 0 0 0 0 0 0 0 0 0 0 
0 12 23 42 47 59 76 99 115 201 248 244 487 516 617 696 814 920 1165 1333 1615 1717 1996 2186 2530 2615 2993 3287 3573 3813 3731 3896 4070 4270 4344 4450 4434 4376 4345 4272 4222 4087 4030 3931 3838 3520 3376 3188 3026 2870 2615 2489 2386 2184 1997 1835 1691 1549 1457 1342 1257 1116 1067 913 887 833 724 661 623 551 501 446 442 397 341 316 270 253 241 214 209 166 193 164 121 139 119 129 105 85 74 68 64 67 58 50 66 50 43 44 42 35 28 22 31 18 21 21 24 22 17 15 19 11 13 8 6 8 7 4 11 1 8 3 5 8 8 2 2 3 2 2 2 1 4 1 4 2 1 1 1 0 0 1 0 0 0 0 0 0 0 1 0 0 0 
0 1 27 32 56 59 71 69 82 133 295 341 361 380 387 490 743 845 1138 1157 1369 1551 1704 1950 2207 2515 2683 3010 2962 3433 3605 3786 3891 4004 4347 4347 4435 4368 4405 4543 4295 4323 3985 4072 3841 3766 3584 3390 3155 2973 2880 2665 2473 2254 2201 2021 1874 1679 1598 1451 1383 1201 1145 1035 981 911 812 687 673 606 542 496 420 427 391 334 308 282 251 211 204 197 171 158 157 128 122 115 91 96 83 72 67 63 70 51 38 54 43 29 34 30 29 24 35 20 10 29 19 14 13 8 6 7 9 7 8 7 8 7 6 3 1 3 2 2 2 4 0 0 1 0 3 1 1 3 2 0 1 2 1 0 1 1 0 0 0 0 0 0 0 0 0 0 
0 8 16 25 36 43 53 97 106 124 126 129 282 327 444 834 976 751 874 1175 1375 1705 1945 2174 2294 2527 2836 3051 3395 3578 3684 3983 4135 4222 4259 4528 4401 4605 4486 4428 4351 4240 4157 4098 3821 3583 3564 3319 3191 2891 2780 2629 2350 2240 2072 1941 1800 1694 1537 1347 1256 1163 1089 1010 923 804 770 647 682 587 499 485 409 400 362 320 303 240 261 211 214 185 164 137 110 124 124 91 101 86 69 70 56 68 57 33 49 51 30 35 30 23 20 27 13 23 20 10 13 8 12 12 10 8 8 5 7 4 7 1 4 2 0 3 2 2 1 3 1 2 3 1 3 2 3 3 2 0 1 0 0 1 1 0 0 1 0 0 1 0 1 0 0 0 0 0 0 0 0 1 1 2 0 0 0 0 0 0 1 0 0 1 0 0 0 0 0 0 0 0 0 0 0 
1 9 22 48 46 56 65 70 104 128 217 284 312 226 407 606 1000 1114 942 1067 1281 1399 1894 2081 2259 2417 2776 3011 3270 3607 3686 3777 4045 4192 4163 4285 4372 4585 4314 4420 4289 4159 4007 4014 3873 3753 3547 3486 3275 3104 2730 2658 2518 2313 2130 1975 1893 1672 1567 1474 1346 1243 1115 1032 957 898 791 706 701 618 563 512 459 368 377 378 358 269 255 263 205 231 196 175 154 151 109 117 110 91 82 76 81 83 56 54 49 54 33 28 33 28 26 20 19 16 16 13 14 12 4 14 8 4 3 9 8 7 7 4 4 4 2 4 2 7 2 5 3 2 2 0 2 4 1 4 0 2 1 1 1 2 0 0 1 1 2 0 0 5 0 0 0 0 0 0 0 0 1 0 0 0 0 0 0 
0 3 23 39 67 46 108 147 151 188 264 292 315 465 668 751 890 1045 1426 1456 1699 1970 2280 2321 2711 3090 3323 3547 3656 3681 3919 4174 4384 4337 4422 4530 4482 4501 4505 4264 4268 4109 3845 3755 3575 3456 3250 3133 2829 2661 2579 2466 2202 2022 1803 1746 1605 1485 1364 1250 1152 1044 962 878 828 753 627 616 533 504 469 402 404 376 320 283 265 221 201 197 196 153 135 149 129 107 110 89 96 81 71 54 60 67 47 38 42 31 43 40 31 28 20 16 30 17 14 22 16 9 3 7 9 7 14 5 6 2 5 3 5 3 6 3 2 7 4 0 3 2 0 2 4 0 0 1 0 2 1 1 3 1 2 0 0 2 0 0 0 1 0 0 0 0 0 0 0 0 0 1 1 1 0 1 0 
0 9 19 30 53 54 59 72 96 135 164 317 291 355 560 585 638 774 1076 1200 1475 1641 1664 1811 2155 2383 2772 3063 3124 3619 3644 3722 3810 3981 4072 4226 4433 4345 4375 4340 4289 4296 4237 4041 3989 3710 3618 3338 3184 3143 2957 2626 2631 2301 2194 2109 1965 1739 1601 1481 1441 1285 1122 1106 1034 897 790 737 738 654 603 515 449 437 372 337 352 292 278 277 222 200 198 166 155 137 129 112 89 86 82 67 56 63 58 49 41 38 38 22 29 22 18 32 13 18 16 15 14 13 6 6 8 5 6 4 2 4 7 3 3 4 1 1 2 0 1 2 1 3 3 3 1 1 0 1 0 0 2 2 0 0 0 1 1 0 0 0 0 1 0 0 1 0 0 0 0 0 0 0 0 0 0 0 0 0 
0 12 31 36 39 51 123 182 185 281 207 292 665 860 741 769 1066 1243 1448 1459 1705 1884 2297 2618 2961 3040 3273 3368 3681 3972 4230 4140 4256 4229 4300 4299 4411 4491 4555 4272 4130 4097 3881 3576 3459 3253 3168 3064 2850 2632 2525 2226 2122 2028 1870 1666 1618 1459 1344 1237 1141 1029 926 907 784 690 677 596 561 518 491 403 397 346 347 309 258 247 217 213 206 190 170 155 142 112 82 85 95 91 65 81 62 61 57 45 40 39 32 35 31 22 28 19 23 24 18 17 14 14 7 8 9 9 12 4 11 2 6 9 4 2 2 1 3 4 0 2 0 2 0 1 0 0 1 1 0 0 0 2 0 0 1 0 0 0 0 1 0 1 0 1 0 0 
2 6 21 28 49 43 77 74 157 219 152 309 346 462 587 684 883 887 1057 1205 1594 1848 1989 2267 2363 2478 2880 3296 3463 3564 3778 3981 4038 4266 4502 4431 4511 4511 4531 4322 4406 4200 4008 3937 3628 3651 3494 3182 3081 2768 2832 2506 2321 2236 2012 1951 1769 1669 1457 1383 1295 1119 1093 997 895 778 777 678 655 563 507 476 452 386 399 328 320 287 281 231 202 174 166 159 137 147 127 113 96 80 85 69 69 60 50 53 43 39 37 29 30 30 18 24 16 8 17 15 13 10 14 10 8 7 4 7 3 6 6 7 2 3 1 4 0 1 3 0 1 3 2 1 1 3 1 0 1 0 2 2 0 2 0 2 0 1 1 1 0 1 0 0 1 1 0 0 0 0 0 0 0 0 0 0 0 0 1 0 
0 7 20 47 48 60 94 152 311 259 441 423 661 577 741 844 973 1286 1518 1850 1922 2122 2437 2648 3028 3118 3243 3463 3756 4072 4258 4281 4452 4530 4593 4566 4434 4270 4392 4380 4154 3889 3763 3535 3357 3266 2957 2859 2700 2497 2429 2218 2097 1866 1719 1688 1449 1350 1210 1176 1070 929 894 840 682 657 661 566 526 472 415 390 369 302 317 255 241 229 196 189 146 151 139 131 143 96 94 77 88 88 60 60 52 60 38 40 24 34 29 29 28 22 30 17 18 15 21 17 15 9 14 21 11 4 4 8 12 5 7 4 8 2 1 7 3 0 2 0 1 3 2 0 1 0 0 0 0 1 0 0 0 1 1 0 0 0 0 0 0 0 0 0 0 0 0 0 0 0 0 0 0 0 0 0 0 0 0 
0 7 28 54 49 52 92 68 72 100 169 183 189 417 434 587 611 789 890 1096 1234 1515 1777 2024 2482 2660 2492 2865 3228 3363 3602 3769 3905 4048 4291 4331 4564 4705 4409 4361 4300 4296 4248 4095 3996 3776 3635 3454 3207 3045 2920 2738 2544 2380 2186 2083 1864 1676 1629 1506 1358 1201 1158 1076 987 902 834 723 671 615 545 493 447 403 392 356 322 311 304 240 267 172 175 140 140 142 126 124 114 93 84 75 62 61 55 47 57 47 28 40 42 33 31 24 20 10 22 9 21 19 10 14 17 10 6 7 2 10 4 4 2 7 3 0 0 0 1 0 1 3 1 2 4 3 4 0 1 0 1 2 0 2 1 0 1 0 0 0 1 0 0 1 0 0 0 0 0 
0 4 16 35 44 59 66 84 89 127 142 173 226 319 376 437 522 602 802 959 1070 1307 1346 1600 1860 2108 2262 2410 2826 3108 3251 3436 3742 3928 4207 4154 4372 4496 4601 4515 4491 4369 4425 4318 4212 3931 3804 3636 3464 3329 3087 2931 2780 2523 2368 2160 2090 2001 1834 1601 1494 1392 1296 1236 1101 948 927 817 712 639 643 592 526 447 405 457 353 308 304 249 256 257 201 188 168 155 132 155 94 118 116 94 75 68 65 49 44 56 56 32 27 27 33 40 22 26 16 18 10 10 19 11 7 10 10 16 7 5 4 7 5 10 6 4 5 5 5 0 3 3 0 0 0 2 0 0 2 2 0 1 1 1 0 0 0 2 1 0 0 0 1 0 0 0 0 0 0 0 0 0 0 0 0 0 0 0 0 0 0 0 
0 6 18 27 42 55 92 111 298 381 430 447 528 637 859 887 1028 1300 1521 1604 1752 2042 2353 2678 2939 3245 3190 3506 3573 3743 4081 4206 4192 4389 4248 4328 4263 4385 4448 4283 4066 3857 3763 3613 3395 3350 3118 2766 2734 2512 2296 2186 2108 1883 1741 1684 1487 1451 1234 1222 1086 961 915 848 792 694 614 580 529 514 469 381 343 359 299 251 232 219 223 185 179 166 145 122 114 106 105 109 85 65 83 75 68 53 50 47 61 38 44 37 20 25 21 28 19 20 13 24 20 12 15 14 16 10 16 5 10 5 7 7 8 4 6 5 7 2 1 2 7 2 1 1 3 3 2 1 0 4 3 1 1 1 0 1 0 2 0 1 0 0 0 1 0 0 0 0 0 0 0 0 0 0 0 1 0 
0 4 12 35 97 102 118 103 269 270 303 371 427 527 748 837 1021 1061 1356 1427 1708 1934 2137 2365 2676 2900 3205 3488 3706 3843 3905 4238 4226 4373 4530 4538 4460 4371 4409 4221 4181 4036 3917 3846 3639 3371 3207 3163 2767 2614 2575 2427 2220 2028 1904 1700 1548 1458 1307 1158 1108 1030 942 882 744 723 644 598 535 513 455 389 400 323 322 288 265 230 223 201 202 156 181 131 119 126 101 89 79 75 70 70 58 62 41 44 34 40 24 23 31 21 31 12 25 26 18 14 11 10 10 10 5 10 5 5 5 7 5 3 4 5 2 3 1 2 1 1 2 2 3 1 1 2 2 0 1 2 1 0 1 0 0 0 0 0 0 0 0 0 0 0 0 0 0 0 0 0 
0 8 20 24 44 50 54 82 106 149 250 214 271 288 489 535 682 811 1023 1156 1363 1570 1725 1998 2135 2517 2697 2924 3202 3296 3625 3878 4117 4042 4131 4235 4424 4378 4407 4335 4286 4359 4126 3986 3832 3743 3575 3389 3162 3092 2875 2676 2529 2293 2168 2082 1824 1700 1614 1463 1379 1235 1107 1060 976 858 810 763 658 670 598 567 490 452 411 363 344 283 284 259 220 224 210 178 171 154 132 130 105 84 98 84 67 66 49 51 62 44 38 43 38 23 25 26 20 25 21 13 13 17 12 12 14 11 7 5 8 9 9 8 2 4 7 3 2 3 2 4 5 2 3 1 2 7 3 3 0 0 0 0 0 0 2 0 1 2 0 0 1 1 0 0 1 0 1 0 0 1 0 0 0 0 0 0 0 1 0 0 
5 39 48 52 46 65 92 145 199 182 158 297 444 555 724 757 871 1063 1363 1532 1807 2108 2078 2312 2590 2699 3140 3378 3592 3795 4254 4029 4391 4310 4577 4541 4551 4234 4412 4294 4067 4210 3877 3736 3655 3347 3267 3071 2901 2765 2503 2383 2251 2000 1899 1780 1603 1472 1377 1264 1182 1026 1011 927 796 792 715 641 534 539 474 428 418 375 324 265 276 245 214 194 167 164 164 143 118 115 94 79 84 74 59 72 55 44 46 47 43 49 36 25 27 26 25 27 29 22 19 15 10 8 11 8 7 8 10 7 4 13 2 6 2 1 1 7 0 2 2 3 2 1 0 1 0 0 0 0 1 1 0 4 1 1 0 0 0 1 0 0 0 1 0 0 0 0 0 1 0 0 1 0 0 0 0 0 1 0 0 
0 4 23 30 48 59 48 61 332 252 387 372 404 568 765 1004 1146 1430 1589 1706 1962 2132 2524 2715 3076 3213 3329 3739 3905 4178 4345 4402 4399 4538 4534 4668 4592 4409 4340 4233 4251 3972 3824 3480 3388 3305 3189 2865 2699 2523 2250 2058 1974 1803 1780 1623 1461 1377 1181 1096 1039 849 852 755 716 659 536 574 512 471 421 353 352 312 282 224 203 177 174 178 152 125 127 108 92 101 82 69 53 68 60 53 38 32 41 33 25 29 24 19 12 17 13 22 16 7 10 14 6 9 9 8 2 7 2 8 6 0 4 4 1 4 3 4 2 1 3 2 3 0 2 0 1 0 1 0 0 0 0 0 0 1 0 1 0 0 0 0 0 
2 6 27 45 43 52 133 146 163 252 345 411 461 917 991 923 952 1129 1474 1826 1979 2157 2273 2507 2931 3089 3311 3622 3816 3910 4177 4297 4308 4428 4524 4548 4478 4481 4319 4275 3936 3858 3749 3655 3558 3340 3191 2993 2781 2550 2333 2149 2074 1927 1737 1574 1502 1414 1344 1136 1052 905 893 864 738 661 593 558 482 482 444 403 369 324 306 248 237 233 220 178 153 150 136 111 92 92 95 81 67 71 65 65 42 50 44 42 41 35 38 31 26 28 16 19 25 12 12 20 12 13 15 15 10 7 6 3 8 5 5 4 5 5 1 3 3 3 2 1 0 3 3 1 0 2 0 1 0 0 2 0 1 0 0 0 0 0 0 0 0 0 0 0 0 0 0 0 
0 4 20 39 60 84 97 143 196 180 247 334 393 432 552 936 1032 1161 1232 1473 1505 1830 2107 2364 2629 2793 3138 3367 3527 3617 3962 4072 4396 4267 4400 4539 4481 4450 4356 4292 4226 4116 4061 3878 3695 3532 3407 3093 2991 2755 2654 2421 2358 2088 1895 1744 1634 1480 1367 1314 1181 1068 987 896 824 742 685 632 571 501 482 451 423 340 325 280 282 233 213 214 165 164 146 146 131 127 100 93 95 96 70 79 74 66 59 51 44 41 40 32 29 30 28 21 15 21 13 14 16 10 8 7 6 9 4 7 1 7 6 6 3 3 7 4 0 2 2 2 2 1 2 3 2 0 3 0 0 0 0 0 4 1 0 0 1 1 0 0 1 0 0 0 0 0 0 0 0 0 0 
