0 0 47 50 43 74 100 80 131 250 122 240 475 448 534 723 852 943 1338 1568 1691 2054 2399 2724 2995 3405 3676 4017 4222 4599 4871 4788 5007 5081 5161 5046 4873 4685 4530 4341 4101 3777 3571 3208 3038 2797 2458 2237 2035 1753 1498 1423 1232 1123 978 823 702 627 516 482 415 336 302 262 183 193 145 122 118 80 73 59 64 38 38 30 26 22 12 16 11 7 6 8 7 7 6 0 3 2 3 2 1 5 1 0 0 0 0 0 1 0 0 0 0 0 0 0 0 0 0 0 
0 0 107 99 87 176 202 240 321 498 449 571 773 973 1314 1557 1788 2187 2547 2725 3112 3569 3937 4272 4509 4855 5033 5096 5253 5379 5310 5278 5072 4890 4710 4448 4059 3937 3666 3297 2947 2769 2551 2228 1964 1697 1577 1292 1143 1056 885 760 631 566 499 435 367 303 271 222 193 160 125 108 104 96 78 60 55 38 37 36 15 19 19 10 11 5 5 10 2 5 5 2 1 2 0 2 1 0 2 2 0 0 0 1 1 0 1 1 2 0 1 0 0 0 1 0 0 1 0 0 0 0 0 0 0 0 0 0 0 
0 0 57 65 51 137 159 176 236 316 316 528 722 783 963 1255 1337 1676 1841 2088 2629 3145 3319 3582 4028 4185 4378 4740 5084 5068 5384 5313 5070 5085 5086 4752 4465 4313 3937 3766 3516 3151 2896 2620 2429 2156 1957 1673 1439 1327 1097 1055 829 753 654 548 509 390 366 315 255 237 182 142 138 111 105 76 65 56 39 41 28 26 19 16 14 14 13 9 4 9 5 4 3 1 3 2 1 0 2 0 0 0 0 0 1 0 0 0 0 0 0 0 0 0 0 0 
0 0 72 72 54 98 198 216 280 395 446 592 815 1022 1213 1467 1729 2067 2477 2825 3243 3611 3874 4240 4631 4889 5154 5286 5412 5498 5351 5238 5218 5001 4805 4565 4354 4052 3638 3365 3078 2644 2469 2240 2021 1706 1468 1280 1201 966 896 785 664 569 516 407 352 277 243 206 198 140 129 112 89 82 65 51 47 38 27 20 22 22 9 9 9 8 7 7 7 3 2 1 2 2 3 1 0 2 0 0 0 0 0 0 1 0 0 0 0 0 0 0 0 0 0 0 
0 0 56 60 53 182 247 261 340 427 476 618 826 980 1309 1534 1913 2183 2588 2944 3302 3708 4187 4309 4720 5101 5241 5180 5428 5496 5366 5381 5266 4880 4831 4533 4082 3959 3505 3237 2961 2693 2336 2154 1897 1747 1402 1300 1099 954 831 724 651 565 446 388 357 316 248 227 160 153 122 127 84 75 79 62 46 41 33 26 24 16 15 15 6 11 6 6 2 5 5 2 2 0 0 2 1 0 1 0 0 0 0 0 1 2 0 0 1 2 1 1 0 0 2 0 0 0 0 0 0 0 0 0 0 0 
0 0 50 58 49 78 179 245 242 314 316 524 720 711 1022 1245 1361 1650 1967 2229 2506 2939 3298 3511 3924 4195 4374 4628 4868 5123 5001 4957 5032 4970 4847 4777 4444 4180 4061 3663 3472 3198 2826 2626 2354 1960 1990 1685 1510 1268 1153 1013 859 777 668 574 505 432 388 306 260 233 200 171 144 143 108 113 58 65 66 43 28 31 25 21 18 15 21 11 8 10 6 7 3 5 3 1 2 2 5 0 1 0 0 1 0 0 0 0 0 0 0 0 0 0 0 
0 0 62 42 54 98 149 161 217 261 335 482 591 751 945 1191 1375 1699 2032 2460 2698 3074 3546 3848 4222 4588 4674 5010 5365 5432 5501 5382 5288 5283 5046 4852 4519 4259 4110 3579 3420 3003 2787 2545 2150 2010 1794 1512 1339 1147 1030 892 745 638 566 445 427 348 307 276 230 181 159 109 110 95 85 71 59 63 52 43 30 28 15 18 14 12 9 7 4 5 3 4 2 4 2 1 0 4 1 1 0 0 0 0 0 0 0 0 0 0 0 
0 0 57 63 60 80 136 169 230 379 410 477 650 810 1037 1332 1533 1762 2126 2361 2792 3059 3564 3750 4094 4549 4516 4889 5224 5107 5165 5265 5163 5009 4865 4642 4242 4292 3892 3587 3270 3045 2666 2429 2190 1976 1770 1551 1361 1209 1071 950 806 663 593 517 468 397 296 256 212 198 180 111 131 105 65 74 73 49 45 33 22 15 26 14 14 13 4 4 7 6 5 3 5 5 2 3 0 1 2 0 0 1 2 0 0 0 0 0 0 0 0 0 0 0 
0 0 52 61 47 129 156 206 238 317 395 490 603 851 1041 1121 1486 1791 2003 2400 2790 3129 3455 3765 3971 4513 4648 5026 5074 5132 5331 5223 5168 4990 4857 4806 4465 4214 3943 3647 3398 3113 2740 2449 2306 2047 1814 1528 1399 1199 1033 886 830 738 586 483 485 368 343 296 226 194 187 142 140 101 87 60 58 53 47 40 36 24 18 13 16 15 12 17 3 5 7 4 4 2 9 3 2 1 3 2 0 2 0 4 2 0 0 2 0 0 0 1 0 2 0 0 1 0 1 0 0 0 0 0 0 0 0 0 0 0 
0 0 68 82 59 87 143 144 213 324 249 411 611 667 875 1060 1308 1427 1749 2074 2314 2727 3117 3341 3467 3948 4144 4516 4840 4922 5069 5092 5073 4935 5051 4810 4603 4474 4204 3969 3632 3412 3019 2754 2533 2335 2006 1860 1621 1451 1249 1081 908 822 765 604 541 483 366 383 317 249 223 167 144 123 112 97 72 68 63 42 31 29 29 31 20 15 14 10 5 9 9 6 8 8 5 5 1 3 1 4 0 3 3 0 0 1 1 2 0 0 1 1 0 0 0 0 0 0 0 0 0 0 0 
0 0 63 65 49 93 214 245 297 402 360 500 682 916 1065 1358 1598 1935 2167 2617 2903 3256 3622 3962 4244 4621 4687 5101 5022 5181 5264 5224 5173 4950 4800 4537 4249 4066 3769 3623 3100 2979 2739 2342 2198 1888 1675 1480 1337 1146 964 885 763 637 563 506 434 374 290 260 225 207 164 136 119 107 91 72 61 61 47 34 22 37 15 27 11 13 14 10 3 8 6 6 2 1 4 1 3 1 1 2 0 0 0 0 1 0 0 0 1 0 0 0 0 0 0 0 0 0 0 0 
0 0 59 43 46 99 152 193 282 329 276 425 636 757 959 1116 1301 1606 1796 2206 2578 2981 3281 3613 4073 4284 4487 4814 5121 5078 5463 5359 5272 5079 4956 4951 4515 4285 4041 3767 3522 3221 2893 2649 2405 2167 1908 1613 1536 1291 1168 968 865 752 642 559 495 377 331 301 268 205 171 142 125 118 91 77 76 71 48 28 41 25 27 21 11 15 14 13 9 4 9 6 6 4 1 2 3 3 0 0 1 0 0 0 0 0 1 0 0 0 0 0 0 0 0 0 0 0 
0 0 56 55 67 120 133 200 362 541 492 665 896 1050 1276 1576 1788 2218 2617 2968 3217 3514 3966 4300 4667 4867 5178 5360 5368 5546 5379 5318 5092 5047 4705 4295 4303 3881 3543 3264 2949 2725 2384 2109 1917 1688 1510 1293 1160 1006 879 727 626 578 487 426 344 286 243 217 186 150 131 134 100 80 62 70 40 48 39 18 18 29 14 14 11 6 9 6 7 6 1 2 2 1 2 1 3 2 0 1 1 0 1 1 0 0 1 0 0 0 0 0 0 1 0 0 0 0 0 0 0 0 0 0 0 
0 0 52 48 46 89 91 125 275 449 292 491 583 753 922 1138 1374 1588 1985 2271 2491 2959 3336 3527 3935 4363 4638 4818 5106 5121 5184 5172 5276 5059 4809 4868 4739 4191 4043 3728 3569 3154 2840 2560 2299 2126 1818 1741 1510 1296 1149 972 897 680 682 559 452 406 343 275 267 242 192 172 141 99 83 76 78 53 65 38 35 24 17 21 14 18 15 13 13 19 4 5 3 6 0 0 1 2 3 1 1 0 0 0 0 0 1 2 0 0 0 0 0 0 0 0 0 0 0 
0 0 70 55 55 76 189 217 294 398 373 613 804 825 1143 1420 1755 2048 2339 2752 3108 3425 3854 4125 4483 4647 4885 5166 5202 5311 5296 5291 4965 5070 4726 4427 4371 4029 3711 3419 3072 2747 2657 2170 2048 1853 1642 1396 1172 1043 918 783 712 554 501 472 393 316 299 258 203 179 119 121 112 82 77 69 56 47 45 30 27 28 19 16 13 17 6 8 3 4 5 2 4 1 1 1 0 0 0 1 0 0 0 0 0 1 0 0 1 1 0 0 1 0 0 0 0 0 0 0 0 0 0 0 
0 0 52 55 55 87 184 203 233 343 346 481 687 852 1018 1275 1419 1868 2096 2399 2875 3285 3672 3898 4266 4628 4796 5148 5112 5360 5332 5276 5269 5051 4848 4671 4366 4118 3767 3518 3314 2852 2642 2417 2195 1878 1716 1526 1291 1146 987 916 738 683 555 463 441 386 314 246 202 198 166 110 114 77 85 56 49 46 36 30 24 28 14 13 18 13 4 4 7 5 3 8 1 2 0 4 0 0 4 1 1 3 0 1 2 2 0 1 0 1 1 0 0 2 2 0 1 0 0 1 0 0 0 1 0 0 1 0 0 0 0 0 0 0 0 0 0 0 
0 0 73 68 54 124 161 200 248 476 348 456 688 823 918 1321 1396 1659 2132 2404 2587 3000 3471 3708 4113 4346 4527 4774 4895 5084 5152 5214 5091 5123 4863 4786 4407 4198 3849 3580 3440 3100 2893 2558 2314 2064 1819 1693 1418 1256 1088 1011 874 745 569 572 449 402 360 298 238 193 179 125 154 95 88 77 62 45 48 41 32 31 22 21 9 10 12 7 2 6 3 8 0 1 1 1 0 0 0 1 1 0 0 0 0 0 0 0 0 0 0 0 
0 0 54 46 55 127 170 193 260 334 300 483 737 815 1036 1313 1720 1929 2177 2624 2952 3294 3641 3941 4342 4631 4846 5038 5135 5298 5343 5282 5209 5166 4890 4659 4297 4068 3815 3631 3218 3053 2725 2331 2219 1912 1671 1519 1319 1116 996 906 760 650 542 477 461 339 307 260 224 193 162 123 120 103 92 81 66 54 37 29 30 34 29 14 7 14 12 6 4 11 3 7 5 2 4 2 3 5 5 1 1 1 1 0 1 1 0 1 0 0 0 1 0 0 0 1 0 0 0 0 0 0 0 0 0 0 0 
0 0 63 58 55 90 117 109 158 234 201 282 399 520 617 862 1150 1294 1492 1728 2131 2400 2766 2958 3442 3689 3973 4303 4580 4791 4831 5033 5222 5075 5219 4920 4822 4509 4385 4161 3911 3527 3180 3056 2755 2420 2204 2057 1817 1524 1398 1261 1033 950 809 707 632 489 478 392 354 306 218 187 187 154 129 114 89 68 61 41 46 40 33 35 24 15 16 13 8 9 11 8 6 6 3 3 1 4 5 0 0 1 0 0 0 0 1 1 0 0 0 0 0 0 0 0 1 1 0 
0 0 59 44 42 85 104 162 173 365 274 445 605 752 964 1176 1473 1741 2039 2290 2693 3087 3599 3772 4136 4549 4907 5008 5123 5331 5365 5525 5360 5146 5066 4947 4466 4243 4093 3642 3390 3072 2759 2530 2222 2063 1759 1518 1374 1179 1038 919 782 670 643 500 387 382 307 283 224 180 167 128 112 90 70 62 58 38 48 35 21 28 10 10 11 5 13 12 5 1 3 5 0 3 0 1 0 0 3 0 0 0 0 0 0 0 0 0 0 0 
0 0 62 64 64 95 131 145 227 328 429 543 612 786 966 1162 1441 1770 2076 2460 2818 3086 3583 3920 4190 4683 4889 5027 5279 5284 5238 5415 5390 5128 4986 4734 4572 4228 3926 3633 3283 2984 2794 2433 2197 1922 1707 1514 1380 1169 972 890 780 673 583 473 433 350 314 274 206 220 174 133 122 117 97 68 48 50 31 50 22 21 27 22 20 11 17 13 8 5 11 6 9 4 1 1 4 2 1 2 3 1 2 0 1 1 3 2 2 0 1 1 0 2 0 0 0 0 0 1 0 0 0 0 0 0 0 0 0 0 0 
0 0 54 50 62 87 114 158 188 295 226 343 548 566 738 880 1130 1338 1653 1941 2176 2661 2872 3142 3595 3947 4193 4514 4626 4974 5121 5329 5212 5256 5210 4814 4700 4565 4385 4098 3756 3566 3215 2856 2661 2350 2112 1895 1673 1503 1336 1107 955 878 708 632 593 495 431 355 295 266 228 194 149 140 136 89 76 74 57 63 49 33 27 29 23 23 13 11 13 11 5 6 6 4 3 4 1 1 1 0 0 1 0 0 0 0 0 0 0 0 0 0 0 
0 0 57 68 67 147 295 307 459 626 628 789 1176 1374 1604 1924 2286 2657 2937 3332 3662 3991 4333 4569 4722 4972 5176 5207 5169 5261 5118 4979 4735 4511 4182 3985 3766 3519 3161 2951 2595 2390 1995 1842 1606 1539 1293 1143 1012 854 760 664 588 488 411 349 304 278 206 198 184 129 122 87 98 70 59 49 38 32 31 28 26 14 16 18 8 9 8 8 8 2 3 5 5 1 0 1 0 3 1 0 1 1 0 1 0 0 0 1 0 0 0 0 0 0 0 0 0 0 0 
0 0 58 62 47 114 144 151 309 324 291 665 722 845 1003 1245 1602 1810 2193 2595 2957 3434 3689 4011 4483 4793 4981 5142 5279 5389 5494 5273 5208 5273 4948 4671 4469 4151 3769 3546 3203 2959 2610 2359 2172 1904 1741 1476 1296 1144 999 851 721 624 514 463 422 346 292 264 260 168 160 123 123 84 81 76 59 48 40 32 39 19 16 17 17 9 10 7 11 3 1 5 4 2 1 1 0 1 1 2 0 2 1 0 2 2 1 1 0 2 0 1 0 0 0 0 0 1 0 0 0 0 0 0 0 0 0 0 0 
0 0 52 59 43 117 139 162 392 500 381 549 851 957 1190 1506 1733 2098 2461 2724 3085 3471 3932 4208 4517 4858 5030 5135 5424 5266 5392 5277 5129 4947 4692 4647 4381 3864 3753 3421 3061 2754 2502 2271 1932 1768 1584 1407 1191 1051 943 861 645 564 465 437 366 333 253 235 166 172 154 120 103 88 71 68 59 33 34 31 27 10 27 21 3 7 8 9 2 7 3 2 7 1 1 1 1 2 0 0 0 0 0 0 1 0 0 0 0 0 0 0 0 0 0 0 
0 0 58 58 55 123 170 186 281 318 319 520 663 744 922 1315 1488 1711 2081 2447 2741 3118 3475 3816 4138 4618 4728 4943 5189 5289 5276 5305 5367 5157 4988 4679 4463 4309 3889 3609 3301 2954 2773 2407 2232 1837 1704 1542 1384 1136 981 884 790 681 598 481 459 378 357 287 226 208 174 135 111 126 97 76 63 43 41 36 32 38 28 17 26 16 13 13 7 6 9 4 2 1 2 1 3 5 2 0 0 0 0 1 0 0 0 0 0 0 1 0 0 0 0 0 0 0 0 0 1 0 
0 0 62 40 44 109 111 150 244 296 296 442 601 787 946 1118 1388 1628 1955 2088 2624 2912 3281 3593 3993 4317 4499 4616 4989 5122 5297 5161 5315 5191 4980 4930 4634 4359 4100 3899 3549 3184 2887 2666 2424 2111 1904 1652 1405 1344 1193 987 879 714 611 570 471 380 337 289 220 205 194 143 130 104 77 64 68 52 36 29 35 27 22 13 19 18 7 10 5 7 5 3 3 1 3 2 1 0 2 0 0 1 1 0 3 1 1 0 0 1 0 0 0 1 0 0 0 0 0 0 0 0 0 0 0 
0 0 55 52 49 162 179 205 312 528 475 577 914 952 1249 1511 1685 2143 2378 2791 3024 3518 3886 4145 4509 4794 4835 5103 5350 5267 5302 5298 5165 4928 4706 4555 4206 3877 3698 3291 3001 2779 2434 2193 1948 1696 1548 1373 1135 1028 831 830 634 572 511 392 368 295 284 245 193 175 121 104 95 91 70 55 58 47 37 33 24 25 18 12 11 10 13 12 8 3 6 1 2 5 2 2 2 1 1 0 0 0 1 1 0 0 0 0 0 0 0 0 0 0 0 
0 0 50 49 49 93 133 167 310 345 287 424 733 846 980 1279 1575 1816 2209 2490 2762 3048 3546 3982 4203 4416 4877 5041 5290 5381 5360 5606 5152 5182 4903 4717 4417 4222 3886 3583 3217 2861 2756 2334 2144 1967 1774 1480 1325 1171 1002 845 793 629 587 512 370 357 274 272 206 182 180 125 101 92 74 81 61 42 43 45 30 22 17 25 16 14 13 8 10 5 5 8 3 1 2 3 4 0 4 1 0 1 2 0 1 0 0 0 0 0 0 1 0 0 1 0 0 0 0 0 0 0 0 0 0 0 
0 0 65 56 54 156 193 214 293 389 371 575 671 866 1060 1341 1495 1785 2127 2490 2723 3181 3555 3855 4094 4416 4562 4808 5010 4977 5072 5037 4992 4945 4851 4510 4266 4020 3831 3549 3243 2941 2680 2488 2101 1872 1710 1537 1305 1199 1017 871 757 695 601 499 471 376 328 291 269 210 185 149 109 116 93 83 67 62 48 45 31 18 27 20 16 13 10 11 7 11 6 6 4 2 2 0 4 1 0 1 2 1 1 3 0 2 0 3 0 1 0 1 0 0 0 1 1 0 0 0 0 0 0 0 0 0 0 0 
0 0 54 51 48 80 126 174 222 317 396 585 665 793 1096 1332 1616 1800 2197 2545 2913 3432 3626 4088 4382 4664 4822 5126 5469 5300 5311 5249 5320 5130 4892 4700 4459 4115 3831 3592 3184 3140 2695 2475 2160 1859 1720 1497 1386 1169 1040 954 767 671 560 512 432 386 319 275 227 182 159 147 124 108 72 77 72 50 50 32 38 32 16 18 17 23 9 12 5 7 8 5 3 4 3 6 2 2 2 2 2 2 1 0 0 3 2 1 1 0 0 1 0 0 0 0 0 1 1 0 0 1 0 0 0 0 0 0 0 0 0 0 0 
0 0 58 60 45 97 139 178 264 371 383 517 648 795 1046 1243 1552 1790 2013 2380 2754 3010 3310 3683 4293 4343 4642 4899 5039 5103 5077 5075 5056 5063 4760 4578 4374 4163 3742 3598 3249 3025 2787 2481 2200 1948 1775 1525 1352 1224 1018 859 796 701 600 533 469 397 346 292 218 218 190 144 128 116 107 77 82 50 56 46 40 33 30 29 19 26 16 21 13 9 13 9 3 5 6 6 5 4 0 3 2 0 1 0 0 1 0 0 1 0 0 0 0 0 0 0 0 0 0 0 
0 0 59 59 55 80 123 240 277 275 350 560 669 783 962 1204 1555 1768 2026 2443 2729 3134 3508 3963 4171 4475 4808 4968 5233 5223 5259 5346 5092 5099 4966 4710 4495 4198 3875 3750 3316 2974 2735 2505 2259 1926 1822 1434 1317 1292 972 851 760 677 599 448 461 334 311 303 249 181 177 138 107 93 86 76 64 32 53 33 22 22 24 19 14 11 7 12 8 4 6 5 6 2 1 2 3 2 1 0 0 3 0 1 1 0 0 0 0 0 0 0 0 0 0 0 
0 0 47 47 37 132 193 208 298 499 350 509 801 900 1052 1287 1551 1840 2150 2506 2755 3150 3655 3860 4159 4478 4800 4789 5149 5233 5213 5282 5133 5035 4744 4646 4495 4132 3815 3484 3150 3030 2764 2344 2126 1914 1668 1441 1344 1109 1034 879 788 666 565 486 442 383 328 288 227 209 201 147 113 114 76 70 68 51 45 60 29 26 26 20 11 15 9 11 10 5 3 4 2 4 4 1 4 3 0 1 2 2 1 2 0 1 2 0 1 0 0 0 0 0 0 0 0 0 0 0 
0 0 45 55 58 117 229 271 321 322 381 680 808 950 1100 1515 1661 1946 2256 2616 2910 3365 3658 3888 4264 4685 4832 4960 4981 5396 5310 5105 5034 5001 4739 4664 4364 3824 3689 3482 3124 2872 2558 2296 2095 1817 1614 1431 1186 1101 938 803 710 651 559 439 391 333 248 255 227 143 148 119 108 100 82 49 48 59 29 32 27 27 18 14 9 15 5 9 6 3 8 2 2 5 2 2 1 2 1 1 1 0 1 2 1 0 1 0 1 0 0 0 0 0 0 0 0 0 1 0 
0 0 71 65 53 126 123 180 221 321 221 335 632 694 769 1010 1220 1368 1672 2019 2288 2765 3134 3351 3699 4035 4200 4578 4738 5059 5024 5279 5197 5050 4875 4727 4624 4411 4098 3814 3607 3322 2891 2759 2513 2131 2000 1775 1545 1417 1265 1080 907 789 748 664 550 417 386 324 291 258 267 180 151 115 117 98 85 63 54 50 45 30 21 20 14 8 10 7 10 5 1 6 2 3 1 2 0 2 0 0 1 3 0 0 1 0 0 0 0 0 1 0 0 0 0 0 0 0 0 0 0 0 
0 0 49 52 44 159 270 338 342 554 594 729 905 1173 1350 1625 1964 2091 2471 2829 3197 3503 3826 4361 4513 4750 4839 5016 5023 5154 5155 5097 4962 4828 4583 4316 4029 3821 3550 3213 2938 2696 2436 2116 1895 1656 1509 1339 1141 935 907 767 623 591 498 444 330 301 280 250 203 166 148 134 110 83 80 84 51 50 45 36 35 22 16 24 12 13 12 15 7 8 5 3 1 6 4 1 2 2 1 2 1 1 0 1 1 1 1 1 0 0 0 0 0 0 0 0 0 0 0 
0 0 39 57 55 89 140 295 300 422 359 599 911 956 1158 1472 1780 1959 2180 2610 2962 3256 3773 3921 4286 4553 4779 5013 5059 5275 5147 5045 5178 4801 4599 4439 4129 4013 3766 3442 3102 2892 2538 2343 2080 1939 1695 1420 1270 1102 887 792 746 619 534 477 408 336 276 226 199 165 170 124 100 114 94 61 68 40 43 40 28 25 18 17 11 14 15 12 6 6 7 4 3 3 4 0 4 2 2 0 0 1 1 0 0 0 0 0 0 0 0 0 0 0 
0 0 45 42 39 90 137 208 296 376 263 427 565 669 811 1072 1285 1442 1834 2000 2249 2668 2955 3303 3714 4137 4291 4620 4973 4859 5045 5122 5050 5072 4906 4802 4549 4337 4238 3810 3572 3290 2920 2656 2499 2155 1944 1782 1563 1418 1193 1057 939 837 700 606 567 484 383 331 264 251 227 197 149 155 106 98 79 77 59 50 49 43 30 29 19 16 22 10 14 6 9 11 1 7 5 2 1 2 0 1 1 1 0 0 0 0 0 0 0 0 0 0 0 
0 0 66 58 59 105 177 205 263 606 368 495 803 844 1027 1291 1526 1765 2112 2337 2612 3017 3374 3708 4043 4293 4438 4661 4840 5095 4964 4967 4985 4848 4658 4553 4204 4012 3809 3581 3226 2950 2733 2426 2213 1920 1782 1518 1471 1181 1112 1007 826 680 585 537 473 397 366 321 261 216 210 162 119 122 109 85 77 47 52 48 28 38 24 26 18 15 11 9 5 10 7 6 7 0 3 2 4 3 1 1 2 2 3 0 0 1 0 0 0 1 0 0 0 0 0 0 0 0 0 1 0 
0 0 83 71 64 188 292 421 430 569 598 881 1111 1130 1472 1768 2093 2337 2628 3059 3279 3677 4049 4246 4512 4647 4952 5082 5152 5075 5154 4983 4871 4695 4262 4141 3978 3702 3390 3073 2802 2557 2229 2020 1775 1603 1459 1252 1131 981 802 711 662 556 447 390 347 299 281 213 170 144 133 116 79 83 70 46 45 49 33 23 21 23 10 10 10 7 11 8 1 4 1 2 1 1 0 0 0 0 0 0 0 0 0 0 0 
0 0 46 47 58 71 105 125 250 374 225 469 673 787 991 1224 1516 1788 2101 2373 2663 3245 3387 3737 4147 4466 4568 5019 5027 5034 5185 5343 5208 5075 4904 4723 4496 4154 3874 3522 3362 3043 2728 2401 2193 1957 1695 1539 1350 1264 983 965 799 648 579 496 462 359 364 273 252 216 193 142 127 114 114 69 68 43 46 41 33 32 18 21 16 15 15 14 5 6 8 7 2 1 2 4 2 4 3 2 1 2 1 1 2 1 0 0 0 0 0 0 0 0 0 0 0 
0 0 68 65 44 159 157 192 268 373 319 438 588 803 880 1054 1317 1599 1873 2146 2477 2743 2990 3363 3757 4076 4289 4536 4836 4923 5091 5005 5057 5056 4962 4716 4538 4373 4036 3765 3595 3218 3002 2699 2349 2220 1997 1771 1524 1248 1197 978 875 780 653 614 524 428 367 280 275 218 208 172 141 115 112 96 65 59 62 42 42 40 32 38 17 15 18 11 12 12 5 5 7 1 3 2 3 3 1 2 1 0 0 0 0 0 0 0 0 0 0 0 
0 0 57 57 42 116 146 151 197 245 308 471 496 662 808 1023 1162 1505 1735 1999 2415 2673 3003 3421 3687 3988 4422 4610 4889 5118 5108 5155 5190 5171 5003 4866 4559 4422 4282 3862 3593 3429 3086 2730 2498 2338 2011 1835 1588 1374 1230 1125 945 814 725 595 492 468 397 351 288 266 229 177 145 130 111 105 81 63 56 49 39 43 28 23 27 26 9 13 13 13 12 9 8 9 6 4 2 3 1 1 1 1 1 0 0 0 0 0 1 0 0 1 0 0 0 0 0 0 0 0 0 0 0 
0 0 62 50 57 64 94 166 164 233 267 314 472 567 724 893 1138 1293 1636 1803 2127 2395 2789 3106 3542 3920 4142 4571 4646 4932 5037 5089 5160 5283 5081 5059 4669 4604 4286 4008 3726 3520 3218 2973 2739 2452 2132 1869 1703 1458 1399 1193 994 886 818 670 537 501 440 350 302 300 239 195 170 137 123 93 84 92 57 48 46 31 21 26 22 13 16 15 12 8 7 9 4 7 9 6 1 1 3 3 3 2 1 1 0 0 1 0 3 0 1 1 0 1 1 1 1 0 1 1 0 0 1 1 1 1 0 0 3 0 0 0 0 0 0 0 0 0 0 0 
0 0 52 50 47 74 135 162 229 355 247 338 460 562 720 889 1091 1289 1608 1816 1961 2427 2743 3148 3345 3754 3918 4267 4536 4693 4855 5095 5006 5149 4921 4771 4663 4578 4291 4082 3721 3429 3246 2934 2819 2431 2162 1908 1759 1520 1412 1218 1085 964 781 721 615 524 442 412 317 298 269 208 176 149 119 117 97 94 66 69 56 44 34 27 29 19 15 11 12 20 11 8 4 2 3 8 5 4 3 1 0 3 0 0 1 0 0 0 1 0 0 0 0 0 0 0 0 1 0 0 
0 0 57 63 52 96 134 207 355 420 385 624 818 879 1099 1355 1549 1969 2260 2582 2901 3327 3560 3963 4230 4693 4703 5090 5166 5179 5368 5285 5194 4953 4804 4711 4190 4031 3839 3426 3131 2959 2636 2388 2104 1892 1636 1488 1292 1141 976 869 772 649 549 463 378 386 311 235 255 196 152 146 107 100 76 62 56 50 44 27 32 30 28 16 13 11 10 5 6 5 5 5 6 3 4 0 1 1 1 0 0 0 0 0 0 0 0 0 0 0 
0 0 72 58 62 107 251 360 411 460 473 724 958 1105 1183 1598 1841 2112 2463 2793 3099 3454 3693 4102 4455 4688 4747 5070 5049 5225 5081 4876 5034 4843 4494 4441 4026 3785 3646 3118 2864 2778 2397 2201 2021 1753 1551 1403 1239 1083 918 794 708 596 515 446 388 311 289 213 194 156 122 119 86 83 61 76 49 40 28 32 17 17 12 21 16 12 8 5 6 4 4 7 8 3 3 4 2 2 3 3 1 2 1 2 0 1 1 0 0 0 1 0 0 0 0 0 0 0 0 0 0 0 
0 0 58 56 52 82 139 152 179 287 210 409 524 556 739 1045 1201 1375 1753 2060 2241 2606 2985 3388 3726 4024 4324 4517 4838 4983 5092 5075 5117 5124 5104 4886 4723 4461 4275 3838 3724 3379 3052 2899 2518 2248 2064 1811 1620 1486 1214 1115 953 786 724 637 560 439 401 333 279 252 200 167 163 112 108 101 57 64 58 47 47 38 30 30 24 19 15 10 12 7 11 8 5 8 5 2 5 0 2 3 4 1 1 2 0 1 1 2 1 0 0 3 4 3 2 3 0 0 0 1 0 1 0 0 1 0 0 0 0 0 0 0 0 0 1 0 
0 0 55 47 43 63 91 123 199 244 184 449 611 615 777 990 1221 1338 1613 1988 2241 2613 2890 3255 3606 3754 4040 4405 4563 4588 4929 5030 5015 4919 4808 4781 4334 4395 4084 3807 3663 3371 3060 2763 2540 2209 2134 1853 1565 1501 1344 1165 1001 883 778 685 575 515 405 417 343 297 266 199 148 158 138 120 99 81 79 48 44 35 37 34 22 13 15 12 16 10 6 4 9 1 2 1 2 1 3 1 0 0 0 0 0 0 0 0 0 0 0 
0 0 61 47 51 104 130 158 185 284 307 542 676 764 980 1177 1539 1800 2049 2439 2631 3110 3301 3744 4078 4144 4604 4774 4878 5125 5279 5184 5129 5231 4868 4695 4372 4280 3912 3701 3456 3096 2760 2547 2288 1995 1839 1589 1394 1235 1082 977 781 715 630 517 439 363 337 304 261 217 169 167 159 95 81 85 73 52 61 36 41 28 30 14 21 17 15 10 13 17 10 7 3 2 6 3 4 2 5 0 0 1 0 1 0 1 0 0 1 0 0 0 0 0 0 0 0 0 0 0 
0 0 46 56 48 86 240 266 260 416 457 692 838 978 1252 1557 1807 2067 2592 2858 3113 3572 3963 4236 4491 4822 5028 5151 5392 5320 5290 5378 5011 5037 4736 4426 4238 3932 3629 3313 3077 2766 2375 2160 1953 1764 1437 1299 1166 990 868 773 616 560 476 396 330 304 252 232 185 160 127 101 96 73 60 59 35 49 29 27 21 13 18 12 13 7 9 9 3 5 5 2 0 5 3 1 1 0 2 2 1 0 1 0 0 0 1 0 0 0 2 0 2 0 0 1 0 0 0 0 1 0 0 0 0 0 0 0 0 0 0 0 
0 0 45 52 46 79 84 160 204 283 206 413 567 668 821 1024 1209 1529 1801 1992 2358 2656 3131 3458 3774 4180 4383 4602 4839 4942 5106 5071 5217 5158 5022 4791 4592 4498 4168 3930 3627 3285 3005 2704 2462 2229 2070 1800 1600 1424 1295 1063 925 866 754 666 572 463 416 350 298 241 230 216 163 134 128 113 94 69 59 49 61 38 30 28 28 13 15 17 12 14 5 4 4 1 4 3 3 3 3 0 1 1 2 2 1 1 0 2 0 0 0 0 1 0 0 0 0 0 0 0 0 0 0 0 
0 0 55 68 50 126 316 384 460 626 648 735 1058 1261 1568 1927 2098 2516 2906 3317 3506 3847 4368 4559 4771 4946 5280 5309 5436 5244 5200 5056 4867 4778 4262 4143 3825 3623 3157 3032 2732 2457 2076 2014 1663 1584 1350 1196 1089 874 789 716 583 476 430 391 335 251 211 212 156 124 121 108 81 65 51 49 48 30 36 23 22 19 14 11 8 6 8 4 4 6 3 3 2 3 2 1 3 2 0 1 0 0 0 0 0 0 0 0 0 0 0 
0 0 40 51 49 74 179 202 227 422 347 469 664 876 1014 1274 1460 1875 2100 2491 2775 3076 3520 3949 4209 4457 4859 4983 4989 5139 5276 5200 5160 5029 4806 4751 4284 4214 3792 3547 3274 2970 2558 2446 2147 1912 1680 1479 1355 1199 972 867 745 667 610 546 456 381 343 253 250 223 157 140 126 103 88 73 59 47 44 31 51 29 25 16 20 8 18 15 9 8 6 4 4 3 1 0 1 1 1 1 0 1 0 0 0 0 0 0 0 0 0 0 0 
0 0 61 57 53 87 182 337 425 488 482 809 1025 1077 1401 1682 2037 2274 2699 2992 3326 3822 4126 4498 4641 5025 5146 5181 5468 5567 5451 5066 5159 4805 4602 4332 4072 3587 3410 3134 2896 2568 2329 2089 1870 1737 1453 1264 1115 950 789 743 636 539 462 380 308 254 231 177 194 154 110 87 87 83 59 55 47 47 24 23 26 25 16 19 10 9 7 8 4 5 3 3 3 3 3 2 1 1 0 0 0 0 0 0 0 1 0 0 0 0 0 0 0 0 0 0 0 
0 0 52 57 53 94 143 181 308 393 355 446 669 906 913 1322 1595 1775 2093 2479 2725 3102 3461 3750 3909 4338 4683 4805 4881 5162 5094 5105 5038 5165 4833 4517 4503 4173 3923 3594 3330 3121 2816 2434 2257 1980 1836 1614 1417 1199 1072 950 857 690 577 576 468 406 323 254 263 213 184 163 124 98 99 72 80 45 62 40 24 33 25 24 24 19 17 8 13 5 5 10 3 6 3 8 2 4 2 0 2 2 2 1 0 0 0 0 0 0 1 0 0 0 0 0 0 0 0 0 0 0 
0 0 56 56 42 120 147 169 249 335 300 460 611 679 890 1225 1412 1647 1980 2189 2612 3039 3254 3529 3935 4170 4444 4745 4979 5082 5249 5224 5058 5037 4903 4737 4532 4290 4031 3676 3521 3194 2938 2575 2371 2117 1886 1679 1465 1282 1192 961 878 776 623 561 473 417 343 303 256 200 174 146 141 129 95 97 59 63 58 44 31 42 23 38 21 16 18 21 13 12 11 8 9 10 5 6 5 3 2 2 1 1 4 1 1 2 0 0 0 0 0 0 0 0 1 0 0 
0 0 46 43 44 59 90 106 170 240 179 240 433 550 624 810 1051 1324 1503 1808 2152 2464 2928 3176 3612 4100 4402 4544 4921 5151 5233 5350 5409 5348 5287 5265 4928 4685 4451 4237 3816 3559 3246 2939 2806 2363 2056 1842 1635 1432 1259 1092 965 761 693 617 534 461 417 304 254 262 212 186 154 122 89 89 72 61 61 40 33 34 19 27 13 8 14 8 6 2 3 1 1 0 1 2 0 2 0 1 0 0 0 0 1 0 0 1 0 0 0 0 0 0 0 0 0 0 0 
0 0 61 75 48 93 127 153 261 286 244 381 604 664 748 971 1180 1486 1771 2006 2307 2655 3083 3241 3720 3967 4283 4567 4769 4830 5059 5053 5061 5182 5002 4754 4434 4421 4138 3795 3540 3242 2970 2813 2466 2217 1995 1737 1558 1376 1179 1103 908 810 663 645 546 489 387 348 284 247 192 181 154 138 126 85 70 69 53 54 34 37 29 31 17 16 20 8 9 6 6 4 5 5 3 1 0 2 1 1 3 3 2 1 1 0 0 0 0 0 0 0 0 0 0 0 
0 0 68 68 43 134 198 216 298 432 300 542 751 824 1016 1362 1511 1810 2139 2437 2826 3180 3374 3760 4103 4528 4806 4926 5152 5245 5197 5183 5118 4955 4855 4726 4461 4210 3891 3634 3430 2919 2739 2543 2209 1918 1742 1513 1366 1203 1043 893 798 692 604 477 400 382 312 279 210 189 157 149 104 94 88 86 63 46 42 30 31 28 20 14 15 10 12 7 3 6 4 3 4 1 1 1 0 0 1 0 0 0 1 0 1 0 0 0 0 1 0 0 1 0 1 0 0 1 0 0 0 0 0 0 0 0 0 0 0 
0 0 61 63 50 153 181 194 316 479 425 549 819 987 1199 1507 1721 1977 2320 2876 3070 3441 3906 4182 4554 4867 5048 5315 5528 5360 5412 5437 5175 5056 4859 4500 4320 4057 3799 3408 3088 2822 2621 2332 1985 1830 1552 1363 1276 1045 894 832 675 569 513 449 388 319 274 230 203 163 127 128 105 79 84 66 63 40 29 28 32 23 18 10 11 6 10 6 3 4 4 5 4 2 3 1 0 1 1 1 0 2 1 0 0 0 0 0 0 0 1 0 0 0 0 0 0 0 0 0 0 0 
0 0 52 37 46 86 77 105 239 307 182 355 628 591 712 1059 1209 1495 1857 2108 2321 2742 3171 3480 3715 4114 4357 4694 4990 4924 5125 5176 5155 5024 5023 4719 4547 4398 4165 3972 3514 3206 2967 2725 2593 2198 1988 1783 1598 1404 1215 1017 988 731 656 621 515 491 351 326 315 252 211 183 143 134 126 98 98 59 45 54 47 34 46 39 26 18 19 13 12 15 11 10 10 4 8 9 3 6 4 2 1 1 6 4 1 2 2 0 1 0 0 0 0 1 0 0 0 0 1 0 1 0 0 0 0 0 0 0 0 0 0 0 
0 0 38 53 45 62 91 96 215 280 154 281 455 617 654 877 1047 1163 1519 1683 2047 2384 2765 3017 3312 3686 4045 4261 4600 4904 4928 5254 5222 4973 5078 5050 4873 4670 4466 4067 3873 3635 3355 3113 2787 2486 2238 2000 1855 1633 1388 1226 1040 974 814 707 576 501 473 391 316 276 228 185 162 118 116 97 98 78 55 44 36 30 29 25 21 13 15 8 7 7 8 10 4 7 6 3 5 4 2 0 2 0 2 0 0 0 0 1 0 0 0 0 0 0 0 0 0 0 0 
0 0 69 53 54 109 219 237 337 499 529 663 887 967 1284 1629 1783 2141 2491 2801 3178 3445 3776 3986 4387 4487 4677 4942 4987 5108 5112 4987 4873 4782 4533 4441 4117 3752 3498 3344 2945 2679 2448 2329 1913 1778 1656 1331 1197 1074 909 838 644 623 506 454 413 317 285 268 204 166 178 139 103 92 78 58 59 58 41 36 31 30 19 17 18 16 11 9 6 4 9 4 2 6 1 3 3 3 0 2 0 0 1 0 0 0 0 0 0 0 0 0 0 0 
0 0 64 65 58 107 135 162 239 351 333 561 637 826 1060 1244 1479 1758 2164 2487 2701 3195 3576 3771 4395 4525 4807 5050 5134 5377 5309 5333 5172 5269 5052 4587 4516 4180 3863 3583 3337 3024 2758 2541 2177 1969 1763 1492 1364 1134 999 854 754 694 574 483 437 333 319 252 222 204 181 144 117 97 74 76 73 55 46 37 31 19 25 13 18 15 8 12 6 7 6 6 4 3 2 2 3 1 1 1 0 0 0 0 0 0 0 0 1 0 0 
0 0 69 62 63 150 282 343 458 501 593 764 1041 1219 1424 1677 2054 2472 2759 3039 3495 3870 4283 4419 4630 4982 5142 5300 5419 5413 5350 5151 5122 4872 4503 4271 3938 3631 3447 3181 2823 2531 2249 1975 1685 1548 1371 1187 1045 913 828 648 549 518 413 341 305 286 207 190 166 103 110 91 92 80 55 61 43 35 27 23 16 19 15 15 13 5 5 11 8 4 2 5 0 2 0 0 0 2 0 1 1 0 0 0 0 0 0 1 0 0 0 0 0 0 0 0 0 0 0 
0 0 55 56 48 92 105 145 168 284 301 419 499 609 709 1026 1338 1406 1685 1923 2275 2588 2906 3397 3648 4015 4409 4380 4860 5026 5114 5351 5144 5079 5125 5065 4639 4460 4417 4024 3680 3320 3129 2832 2618 2222 2063 1850 1565 1435 1207 1106 983 861 716 641 537 465 438 336 291 282 225 203 155 148 135 92 93 84 88 53 54 47 37 30 30 31 20 21 16 13 7 7 10 6 7 5 5 4 1 1 2 2 3 3 3 1 1 1 0 0 0 1 0 0 0 0 0 0 0 0 0 0 0 
0 0 45 50 46 111 170 172 208 300 259 361 598 664 805 1123 1243 1570 1872 2124 2488 2839 3274 3491 4023 4275 4436 4741 4871 5018 5199 5180 5245 5199 5025 4796 4652 4406 4169 3758 3534 3376 2981 2688 2406 2296 1922 1666 1492 1346 1245 1050 917 821 633 591 548 407 383 316 277 234 182 173 138 118 126 99 78 64 67 51 38 23 26 22 15 12 13 8 8 13 13 5 2 9 2 1 3 3 3 1 2 1 3 2 0 2 0 1 0 0 0 1 0 0 0 0 0 0 0 0 0 0 0 
0 0 47 38 43 110 177 203 294 516 315 511 696 761 1009 1261 1431 1637 2117 2271 2498 2971 3219 3511 3952 4277 4543 4649 4619 4889 5032 5015 5144 4802 4731 4646 4362 4147 3891 3706 3310 2961 2803 2547 2227 2084 1868 1657 1433 1266 1083 924 834 770 596 525 455 389 343 302 251 218 186 155 129 118 95 88 80 52 50 45 29 33 28 21 12 16 13 11 8 7 3 6 5 3 3 6 1 1 5 3 0 1 5 0 3 2 0 1 0 0 1 0 0 0 2 0 0 0 1 0 0 0 0 0 0 0 0 0 0 0 
0 0 61 83 45 156 161 200 245 348 381 574 876 916 1160 1467 1737 2088 2475 2755 3339 3552 3983 4255 4629 4959 4961 5269 5494 5400 5494 5462 5274 4960 4769 4495 4282 3955 3702 3395 3129 2711 2507 2226 1992 1731 1488 1362 1177 1030 911 784 640 624 460 428 404 324 246 211 174 185 143 101 80 81 60 60 52 48 36 36 19 14 31 16 14 9 10 7 1 3 2 1 5 2 4 2 2 0 1 1 0 0 0 0 0 0 0 0 0 0 0 
0 0 62 72 57 111 155 152 235 366 419 672 891 1022 1229 1534 1948 2046 2486 2973 3227 3712 4060 4377 4569 4987 5161 5293 5553 5536 5410 5394 5210 5038 4647 4604 4320 3977 3640 3322 2906 2814 2464 2231 1870 1698 1459 1289 1100 957 882 753 653 531 463 376 332 289 250 192 202 162 120 107 111 82 79 49 56 46 25 34 36 21 18 15 22 9 7 17 8 9 5 10 7 4 8 1 3 4 2 2 5 3 1 2 1 2 2 2 0 0 0 1 2 1 1 0 0 0 0 0 0 0 0 0 0 0 
0 0 67 59 50 155 171 151 346 437 409 548 759 940 1030 1356 1749 2004 2213 2592 2948 3272 3599 4001 4221 4634 4915 4995 5320 5302 5186 5280 5186 5072 4824 4702 4349 4101 3829 3465 3159 2991 2693 2386 2076 1938 1639 1445 1239 1119 990 875 698 667 522 523 396 373 325 277 218 228 157 143 106 110 94 67 63 53 48 33 32 17 33 18 14 9 9 10 12 5 4 6 4 2 4 1 0 1 1 0 0 0 0 0 1 0 0 0 0 0 0 0 0 0 0 0 
0 0 48 58 48 124 156 204 273 380 427 621 737 904 1175 1346 1703 2051 2378 2737 2986 3537 3937 4251 4492 4813 5195 5391 5149 5376 5531 5367 5069 5048 4766 4619 4501 4021 3600 3578 3008 2741 2598 2297 2057 1796 1597 1387 1209 1015 956 771 726 624 519 415 350 357 278 226 221 191 162 128 112 89 74 63 56 49 38 30 23 20 17 15 7 10 9 7 7 9 2 1 4 4 0 0 0 1 0 0 0 0 0 0 0 0 0 0 0 
0 0 55 65 48 121 164 166 239 335 247 406 507 720 890 1041 1141 1495 1680 2026 2279 2665 3011 3441 3782 3965 4368 4612 4772 4834 5142 5283 5218 5027 5030 4859 4687 4458 4189 3920 3595 3374 3061 2704 2540 2314 2013 1763 1631 1422 1253 1049 896 849 677 619 553 450 381 327 269 226 209 159 161 109 133 76 72 72 58 48 35 54 37 13 27 13 12 16 8 17 13 6 2 1 3 2 4 2 3 3 1 0 1 0 0 0 0 0 0 1 0 0 1 0 0 0 0 0 0 0 0 0 0 0 
0 0 53 54 48 64 102 132 199 248 315 471 563 641 845 988 1319 1474 1821 2090 2476 2837 3117 3451 3857 4183 4475 4761 5165 5282 5239 5489 5321 5153 5100 4935 4750 4507 4272 3957 3652 3397 3067 2727 2497 2268 1938 1652 1569 1440 1178 1026 948 853 697 597 506 450 392 320 266 265 181 201 129 142 105 94 69 60 62 54 39 34 31 21 18 17 12 9 9 8 3 6 5 2 6 1 2 1 0 1 4 0 0 3 0 0 0 0 1 1 0 0 0 1 0 0 0 0 0 0 0 0 0 0 0 
0 0 41 42 46 70 120 180 269 328 221 509 613 776 981 1109 1207 1507 1928 2118 2324 2734 3119 3512 3669 4073 4253 4518 4687 4922 5098 5021 5089 4954 4920 4648 4577 4337 4123 3690 3546 3274 3020 2668 2486 2246 1978 1833 1545 1399 1229 1033 990 781 722 643 522 456 422 340 265 245 218 183 175 139 95 94 77 72 57 60 35 31 23 23 11 17 11 13 9 12 3 7 1 5 4 4 3 3 0 0 0 1 0 0 1 0 1 0 0 0 0 0 0 0 0 1 0 0 
0 0 67 57 59 87 201 258 368 447 455 673 829 1020 1193 1467 1742 2215 2417 2687 3063 3604 3877 4177 4567 4860 5043 5222 5265 5324 5373 5165 5196 4925 4777 4687 4236 4055 3704 3387 2976 2794 2637 2309 2027 1713 1532 1368 1154 1048 883 804 675 601 480 451 382 344 247 216 205 153 114 128 90 84 79 62 56 42 28 29 33 18 12 11 16 6 9 3 5 1 6 2 7 3 4 0 1 3 1 0 2 1 1 0 0 0 0 0 0 0 1 0 0 0 0 0 0 0 0 0 0 0 
0 0 73 63 64 92 141 160 225 264 343 513 733 852 1068 1296 1575 1835 2041 2375 2879 3297 3592 3847 4275 4757 4771 4973 5186 5239 5443 5380 5074 5044 4911 4672 4477 4215 3952 3570 3327 2999 2723 2409 2224 1917 1722 1543 1366 1166 1071 841 811 678 618 461 400 386 304 295 231 204 172 158 133 103 87 91 66 67 42 45 39 34 29 23 28 19 7 12 12 11 12 8 8 5 3 5 2 3 4 3 1 2 2 3 3 0 0 2 1 2 1 4 0 0 0 1 0 0 0 0 0 0 0 0 0 0 0 
0 0 47 62 68 118 168 199 280 346 301 648 844 807 1158 1389 1583 1894 2289 2561 2836 3298 3601 3837 4320 4458 4886 4882 5177 5062 5149 5242 5033 4899 4767 4487 4325 3962 3802 3356 3170 2882 2545 2341 2138 1894 1580 1510 1364 1081 1035 898 772 643 591 515 464 395 354 299 242 229 183 152 122 113 93 68 90 73 68 42 54 33 28 25 22 17 16 17 12 13 10 10 4 6 7 1 2 2 1 1 0 1 0 0 0 0 0 1 0 0 0 0 0 0 0 0 0 0 0 
0 0 50 56 49 83 142 149 258 379 281 478 689 715 855 1096 1229 1444 1817 2030 2371 2741 2993 3292 3584 3800 4218 4424 4767 4876 4933 4851 4987 4813 4749 4838 4394 4331 4138 3880 3560 3307 3057 2784 2571 2314 2111 1804 1603 1484 1289 1131 974 829 756 647 528 488 433 357 318 270 253 197 158 157 126 99 90 80 84 63 48 39 43 30 28 25 20 18 12 9 9 7 5 3 4 3 2 1 4 1 1 1 1 1 3 0 0 1 0 0 0 0 0 0 0 0 0 0 0 
0 0 55 70 74 96 131 149 195 273 372 425 598 780 993 1204 1382 1652 1940 2269 2617 3049 3303 3789 4101 4382 4640 4949 5137 5352 5539 5336 5384 5243 5110 4800 4570 4265 4111 3869 3351 3099 2908 2578 2327 2013 1757 1588 1464 1277 1048 955 775 744 609 509 469 395 326 279 233 178 160 165 121 111 97 82 55 51 44 27 23 29 19 20 12 16 5 13 10 5 3 2 0 2 2 1 0 1 1 1 0 0 0 0 0 0 0 0 0 0 0 
0 0 55 62 53 180 176 216 325 451 439 585 912 1085 1212 1461 1749 2112 2335 2638 3048 3568 3878 4175 4458 4686 5051 5005 5264 5333 5258 5117 5175 4888 4750 4501 4181 3922 3616 3349 3106 2760 2507 2170 1961 1752 1545 1381 1192 1086 913 733 690 606 542 443 354 325 278 232 208 165 161 119 91 84 76 57 46 57 46 26 30 19 27 25 14 16 10 11 6 9 6 4 2 6 7 1 3 1 1 1 0 0 3 2 0 2 0 0 0 0 0 0 0 1 0 0 1 0 0 1 0 0 0 0 0 0 0 0 0 0 0 
0 0 48 55 60 68 105 152 165 285 205 366 537 546 684 982 1174 1280 1510 1799 1910 2301 2555 2766 3192 3499 3856 4154 4138 4482 4544 4764 4848 4900 4808 4688 4673 4365 4226 3999 3803 3587 3235 3088 2727 2545 2305 1998 1852 1635 1454 1297 1162 971 863 740 683 564 498 419 352 311 281 244 196 187 164 138 94 106 84 54 44 50 25 41 25 20 20 16 15 12 10 9 3 3 3 6 2 3 3 0 4 1 0 0 1 0 1 0 0 0 2 0 0 0 0 0 1 0 0 0 0 0 0 0 0 0 0 0 
0 0 53 51 45 94 107 153 298 336 260 499 597 678 901 1167 1326 1508 1964 2202 2515 2810 3236 3574 3810 4168 4454 4857 4808 4943 5277 5187 5044 4936 4913 4854 4417 4273 4046 3843 3431 3173 2883 2614 2460 2129 1859 1660 1543 1380 1137 992 852 742 691 583 492 435 387 322 280 239 201 199 146 120 134 96 87 76 74 63 45 35 40 33 24 21 14 11 10 14 7 7 9 5 4 2 5 3 3 4 2 0 0 3 1 2 0 1 1 0 1 0 0 0 1 0 0 0 0 0 1 0 0 0 0 0 0 0 0 0 0 0 
0 0 67 65 49 87 110 227 276 407 370 544 805 938 1197 1440 1784 2005 2461 2798 3159 3431 3915 4288 4559 4721 5053 5419 5434 5487 5482 5527 5231 5026 4884 4638 4346 4043 3721 3476 3163 2776 2506 2155 2044 1808 1571 1399 1215 1061 913 789 726 588 528 459 380 344 289 262 203 155 150 126 86 84 74 57 52 40 49 26 25 23 15 17 13 13 9 8 6 7 2 3 8 4 0 2 0 2 2 0 1 0 1 0 0 0 0 0 1 0 1 0 1 0 0 0 0 0 1 0 0 0 0 0 0 0 0 0 0 0 
0 0 71 74 60 125 158 178 310 417 360 564 764 891 990 1387 1623 1857 2126 2442 2847 3133 3545 3690 4133 4512 4667 4823 5057 5163 5162 5295 5006 4880 4817 4551 4308 4072 3706 3470 3180 2929 2719 2306 2112 1895 1674 1538 1271 1122 995 852 745 651 585 534 382 375 309 254 227 217 170 159 88 107 111 83 66 56 49 38 27 30 28 22 15 7 7 11 7 10 5 3 3 2 2 3 2 1 1 3 1 0 0 1 0 0 0 2 1 0 1 0 0 0 0 0 0 0 0 0 0 0 
0 0 39 49 43 173 163 195 334 362 347 591 815 816 1119 1450 1694 1839 2201 2703 2952 3317 3716 4082 4400 4702 4830 5067 5427 5339 5303 5265 5284 4900 4809 4654 4251 4093 3819 3409 3187 2983 2563 2345 2055 1817 1635 1506 1264 1202 942 848 734 606 572 499 412 334 298 262 214 186 144 149 103 81 73 67 52 57 22 33 25 29 20 12 14 13 9 13 9 5 12 10 6 3 3 2 2 3 3 2 2 2 1 0 2 1 0 1 2 0 1 0 1 0 1 1 0 1 1 1 0 0 1 0 0 0 1 0 0 0 0 0 0 0 0 0 0 0 
0 0 47 51 37 92 177 173 259 402 327 540 670 761 935 1161 1464 1739 1988 2199 2563 2891 3311 3513 3912 4322 4574 4769 4809 4995 5201 5302 5044 4982 5079 4750 4516 4331 3924 3712 3578 3183 2810 2578 2394 2050 1948 1625 1433 1340 1166 1029 868 766 623 558 483 368 357 323 257 236 159 156 134 114 84 84 76 55 42 39 40 26 23 22 10 16 12 11 6 2 9 4 1 4 6 2 4 0 2 2 2 1 1 0 1 1 0 0 0 0 0 1 0 0 0 0 0 0 0 0 0 0 0 
0 0 43 56 51 126 166 183 319 576 399 520 792 933 1120 1414 1619 1945 2380 2597 2927 3332 3651 4035 4160 4584 4754 4968 5235 5128 5117 5126 5081 4894 4696 4389 4252 4015 3697 3382 3135 2865 2607 2319 2066 1839 1676 1462 1312 1125 1015 866 727 642 532 493 438 350 267 287 241 190 139 124 117 121 93 70 48 59 47 30 39 27 21 24 19 17 16 16 7 6 12 10 6 3 1 2 8 1 2 4 1 1 0 2 0 0 0 0 2 0 0 0 1 0 0 0 0 0 0 0 0 0 0 0 
0 0 67 59 58 128 166 221 349 416 397 616 808 1013 1219 1458 1775 2009 2314 2682 3047 3376 3775 4136 4360 4741 4999 5162 5155 5150 5293 5234 5045 4858 4631 4542 4137 4024 3694 3334 3026 2758 2538 2301 2020 1797 1619 1430 1242 1097 945 821 745 667 505 495 406 335 273 280 214 186 138 143 116 100 83 67 53 48 47 38 29 26 24 18 17 17 9 8 8 12 3 2 5 9 8 2 1 1 5 1 1 2 2 3 0 0 1 0 1 1 0 1 0 0 0 0 0 0 0 0 0 0 0 
0 0 72 70 38 83 198 166 216 454 412 543 846 947 1070 1364 1687 2125 2322 2703 3057 3442 3849 4209 4499 4713 5084 5154 5235 5248 5506 5306 5279 4947 4893 4607 4361 4041 3755 3370 3225 2952 2536 2305 2054 1813 1622 1375 1257 1065 944 774 646 599 547 451 384 320 276 224 192 168 142 114 111 75 66 52 52 42 35 38 26 28 20 14 11 13 6 6 2 4 5 3 1 2 2 1 2 4 0 1 2 1 1 0 0 0 1 1 1 0 0 0 0 0 0 0 0 0 0 0 
0 0 55 62 59 91 117 199 245 339 343 385 544 795 879 1048 1277 1516 1730 2009 2381 2638 2968 3316 3581 3868 4233 4609 4504 4711 5012 5037 4978 4864 4993 4818 4661 4300 4143 3950 3515 3299 2896 2817 2576 2318 2003 1822 1524 1444 1312 1119 956 859 738 665 542 422 398 358 328 270 240 172 171 179 113 108 91 65 76 62 57 48 35 37 34 28 17 15 12 17 12 8 9 2 4 5 1 3 4 1 1 0 0 0 1 1 0 0 0 0 0 1 0 0 0 0 0 0 0 0 0 0 0 
0 0 48 49 48 86 117 145 166 263 258 388 602 692 870 1130 1308 1621 1859 2157 2556 2925 3293 3742 4098 4416 4669 4977 5173 5306 5516 5492 5418 5200 5187 4960 4844 4556 4113 3890 3586 3245 2956 2640 2344 2126 1802 1699 1457 1259 1085 978 851 743 615 575 470 387 363 284 275 199 180 162 134 107 87 84 66 57 53 35 30 32 28 21 16 14 13 13 10 7 4 2 5 3 1 3 4 0 0 0 0 0 0 0 0 0 0 0 
0 0 73 67 85 125 155 319 402 399 390 569 813 1024 1162 1346 1618 1936 2208 2482 2929 3252 3635 3914 4407 4490 4659 5003 5074 5245 5356 5173 5065 4909 4751 4560 4357 4084 3668 3498 3215 2738 2582 2347 2138 1909 1747 1494 1297 1142 998 860 753 621 522 494 422 353 294 245 213 171 151 128 115 84 78 58 56 48 38 29 21 22 21 11 10 9 11 5 5 5 4 3 0 5 1 3 0 1 4 0 2 0 0 1 0 1 0 0 0 0 1 0 0 1 0 0 0 0 0 0 0 0 0 0 0 
0 0 53 60 48 82 134 158 167 231 283 395 610 567 796 1116 1300 1436 1750 2053 2293 2767 3231 3403 3737 4098 4400 4665 4864 4970 5102 5225 5215 5042 4969 4772 4561 4419 4116 3902 3595 3318 2982 2750 2494 2191 1984 1751 1480 1356 1228 1070 928 774 701 592 502 409 363 337 273 265 209 192 160 129 93 94 70 74 61 58 38 34 31 22 27 16 14 12 14 10 5 5 4 5 6 3 2 1 1 2 0 3 4 0 0 0 0 1 0 1 0 0 0 0 0 0 0 0 0 0 0 
0 0 62 46 55 111 130 146 334 434 386 603 801 922 1210 1470 1798 1955 2400 2717 3131 3472 3756 4228 4576 4709 5165 5292 5250 5380 5348 5368 5263 5063 4698 4544 4194 3913 3753 3457 3126 2814 2508 2265 1999 1728 1530 1362 1159 1041 923 773 674 555 520 433 378 299 279 256 203 192 163 129 108 93 79 71 62 55 44 30 33 19 24 18 20 18 13 11 3 3 6 3 5 3 1 2 2 2 1 1 0 1 1 1 0 0 0 1 0 0 0 0 0 0 0 0 0 0 0 
0 0 53 57 64 92 170 198 222 337 353 473 687 856 1076 1417 1691 1831 2115 2636 2815 3200 3682 3982 4357 4588 4784 5090 5151 5248 5275 5268 5129 5011 4834 4601 4451 4060 3839 3496 3231 2905 2732 2369 2067 1914 1668 1587 1339 1153 1001 881 734 639 622 493 409 369 277 289 229 168 168 133 100 69 89 72 45 49 33 36 27 40 18 25 23 14 12 9 12 4 3 6 1 2 1 1 2 2 2 1 1 1 0 1 1 0 0 0 0 0 0 1 0 0 0 0 0 0 0 0 0 0 0 
0 0 52 53 37 152 227 272 285 361 485 646 731 1018 1238 1339 1667 2015 2363 2698 3147 3539 3851 4202 4437 4796 5018 5098 5139 5324 5497 5157 5330 4938 4760 4484 4295 4028 3691 3324 3047 2883 2560 2271 2004 1771 1603 1459 1206 1079 934 786 697 594 489 467 397 304 251 225 190 184 141 115 107 103 59 47 50 43 34 29 30 29 15 14 7 15 8 9 7 10 3 4 3 1 3 3 1 2 0 0 1 0 0 3 0 0 1 1 1 0 0 0 0 0 0 0 0 0 0 0 
0 0 73 68 59 131 250 280 303 482 429 654 880 1013 1321 1509 1836 2204 2552 2863 3251 3733 3999 4229 4585 4887 5106 5187 5287 5220 5260 5085 5072 4856 4608 4445 4081 3903 3562 3134 2915 2677 2465 2152 1917 1678 1570 1340 1139 1001 891 801 672 589 541 398 359 302 262 219 206 161 128 121 99 83 82 59 60 40 42 28 17 21 14 20 16 5 14 6 5 2 5 4 4 1 1 1 1 0 1 0 2 0 2 0 0 0 0 0 0 0 0 0 0 0 
