0 0 67 61 51 112 113 179 267 274 267 274 409 439 587 693 759 901 925 1114 1275 1293 1426 1676 1800 1888 1918 2053 2283 2376 2417 2489 2627 2632 2717 2718 2671 2696 2768 2598 2573 2468 2416 2353 2277 2196 2011 1955 1931 1684 1618 1523 1312 1299 1140 1096 1055 957 861 777 660 640 525 520 515 435 380 351 296 300 261 218 215 216 182 143 114 133 123 93 89 75 84 61 60 59 48 48 29 24 34 33 29 25 25 21 17 18 17 7 13 20 12 10 13 7 9 3 5 5 5 4 9 6 3 3 3 3 3 3 0 2 2 1 1 0 1 1 2 1 2 0 1 1 1 1 1 0 0 0 1 3 
0 0 102 95 46 146 151 207 284 435 242 318 489 501 570 669 736 903 1021 1085 1180 1445 1516 1583 1838 1891 2044 2297 2284 2442 2501 2587 2642 2795 2715 2606 2769 2739 2709 2627 2576 2554 2466 2391 2241 2049 2115 1850 1876 1668 1559 1476 1334 1230 1093 1023 920 869 833 712 681 601 549 477 488 439 368 364 305 275 251 230 188 194 164 159 136 107 99 91 81 80 74 47 46 59 35 38 23 32 24 26 22 15 15 19 12 7 12 16 6 13 8 10 9 13 7 2 7 5 9 5 6 3 5 4 1 4 4 1 0 3 1 2 0 1 0 0 2 2 0 2 1 0 1 2 0 1 1 0 1 1 
0 0 62 61 53 96 146 191 222 258 220 437 443 475 546 747 806 927 1038 1126 1266 1447 1514 1678 1815 2053 2124 2158 2437 2468 2696 2657 2710 2765 2848 2881 2716 2700 2698 2604 2745 2486 2411 2408 2116 2072 1979 1818 1784 1639 1459 1456 1257 1144 1085 1020 928 865 775 703 674 570 501 472 388 360 330 334 285 240 213 212 185 176 130 129 97 104 96 81 87 70 48 46 36 49 44 34 28 27 23 19 27 21 19 16 15 18 15 8 14 7 6 6 9 7 5 10 6 9 2 5 3 5 6 2 6 5 1 6 2 4 1 2 3 5 2 1 2 3 2 1 0 0 0 0 1 0 1 2 0 0 
0 0 69 60 61 195 293 180 322 340 303 479 627 740 796 928 1040 1059 1315 1446 1509 1599 1778 1962 2071 2176 2293 2438 2543 2642 2697 2716 2816 2718 2787 2720 2885 2642 2668 2542 2465 2315 2245 2185 1965 1832 1736 1623 1579 1459 1326 1204 1114 1010 946 853 790 727 657 568 540 494 448 404 357 307 312 244 218 208 194 163 160 124 109 110 82 88 83 58 58 46 50 45 26 29 30 17 23 21 9 19 8 8 12 6 4 6 5 5 4 8 7 5 3 2 4 3 3 1 2 0 2 1 2 1 2 2 2 0 2 0 3 0 2 0 1 0 1 0 1 2 0 0 2 1 0 0 1 1 0 0 
0 0 60 50 42 125 177 114 295 423 310 384 587 594 771 893 924 994 1152 1258 1493 1721 1780 1938 2053 2168 2350 2476 2530 2666 2811 2903 2920 2905 2825 2932 2889 2819 2805 2624 2594 2449 2348 2277 2198 1990 1927 1855 1698 1566 1400 1369 1278 1169 1049 999 845 789 713 656 589 540 484 424 379 337 300 300 238 224 214 180 160 143 112 89 80 84 70 74 77 56 32 28 33 24 27 29 12 16 11 12 11 8 7 10 8 7 5 5 4 5 2 3 0 0 2 2 4 0 1 3 3 0 0 2 0 0 1 0 0 0 0 0 0 0 0 0 0 0 
0 0 62 62 34 76 89 111 188 205 165 351 428 386 510 609 676 716 926 1045 1181 1340 1458 1585 1825 1820 2045 2169 2240 2432 2582 2521 2713 2749 2957 2896 2924 2892 2880 2854 2739 2641 2547 2535 2425 2427 2181 2080 2008 1825 1675 1632 1419 1381 1248 1154 1084 961 844 735 690 700 578 507 468 405 373 342 323 301 279 210 181 173 166 148 143 119 88 90 88 79 81 59 55 42 49 34 30 36 28 33 22 12 18 23 14 13 13 13 20 10 9 11 8 3 3 7 2 6 3 1 3 2 2 2 1 1 1 0 2 0 0 0 0 0 0 0 0 0 0 0 
0 0 52 44 58 88 91 120 228 299 153 337 484 433 503 657 707 809 964 1157 1148 1349 1553 1572 1782 1934 1998 2213 2345 2423 2528 2622 2666 2808 2815 2877 2947 2827 2790 2789 2671 2595 2557 2432 2325 2210 2091 2001 1868 1692 1618 1514 1398 1307 1186 1025 988 851 822 791 605 609 562 491 442 395 337 341 296 250 238 192 182 155 139 132 105 104 91 73 74 60 58 51 50 44 24 22 22 21 23 12 18 17 10 20 3 8 4 8 8 5 3 6 9 2 1 4 4 2 2 0 1 2 3 1 2 0 0 0 0 0 0 1 0 0 0 0 0 0 0 0 0 0 0 
0 0 54 53 51 95 147 111 161 198 185 321 322 375 414 476 612 671 848 775 950 1125 1272 1362 1454 1595 1813 1962 2054 2092 2330 2359 2396 2535 2601 2617 2518 2719 2748 2609 2647 2561 2523 2494 2355 2330 2201 2207 2062 1880 1730 1715 1601 1481 1370 1220 1199 1125 961 885 809 740 677 604 583 515 501 414 376 385 304 258 259 240 198 172 175 168 150 128 109 87 99 72 63 70 52 44 59 39 27 31 16 22 22 16 11 9 24 9 8 6 8 7 2 4 6 6 5 4 2 3 0 2 1 1 2 2 1 0 0 1 0 0 0 0 1 0 0 0 0 1 0 0 1 0 0 0 0 0 0 1 
0 0 59 38 52 112 107 136 289 194 170 313 314 354 410 509 643 699 801 871 978 1139 1152 1255 1477 1517 1654 1739 1972 2063 2117 2154 2257 2505 2409 2517 2623 2607 2594 2586 2596 2568 2525 2516 2382 2328 2161 2068 2022 1913 1847 1712 1576 1514 1342 1289 1230 1111 1043 975 899 787 790 703 593 558 540 446 395 382 330 284 280 214 217 179 160 155 129 117 76 77 77 78 58 50 50 38 42 28 21 28 18 15 19 16 7 10 15 12 4 8 5 7 5 4 9 4 6 2 2 2 3 4 0 0 1 2 0 1 0 0 1 0 0 0 0 0 0 0 0 1 0 0 
0 0 78 72 56 125 219 213 233 360 317 369 418 581 680 728 834 929 1084 1172 1347 1426 1562 1698 1889 1984 2190 2311 2520 2691 2606 2711 2826 2812 2730 2802 2857 2852 2602 2634 2566 2502 2335 2285 2148 2025 2005 1746 1686 1608 1453 1274 1292 1175 1035 953 857 779 757 648 630 557 512 404 405 364 341 306 256 228 225 188 170 145 153 124 117 112 81 84 79 55 72 53 52 52 39 43 34 32 29 25 28 19 19 16 20 15 4 11 10 9 7 7 6 11 13 5 3 8 5 4 1 5 4 2 2 7 1 3 1 4 2 2 1 1 1 1 1 2 0 0 0 1 0 1 0 0 0 0 1 0 
0 0 71 65 50 101 157 161 206 335 265 313 405 429 530 628 712 763 875 1035 1097 1263 1315 1436 1606 1765 1923 1989 2130 2213 2395 2470 2495 2560 2698 2674 2649 2794 2683 2545 2679 2555 2445 2349 2316 2105 2078 1904 1867 1786 1684 1520 1474 1414 1241 1109 1042 935 842 781 713 634 560 548 463 424 423 340 317 297 271 231 207 201 150 128 150 110 116 94 75 72 66 58 51 48 47 40 36 19 30 34 21 26 16 13 15 11 19 8 14 7 1 4 6 9 8 5 2 5 2 0 3 3 2 2 3 2 1 1 2 2 0 1 0 2 0 1 3 1 0 1 0 0 0 0 0 0 1 0 0 0 
0 0 59 56 47 92 90 173 246 259 210 287 395 441 450 561 696 781 881 987 1082 1239 1307 1423 1710 1768 1801 1917 2038 2249 2227 2447 2513 2594 2581 2653 2726 2666 2663 2540 2650 2590 2446 2360 2333 2199 2067 1964 1838 1829 1660 1572 1347 1393 1287 1153 1065 984 901 872 735 682 582 543 483 451 414 403 331 314 259 276 216 202 185 155 163 131 121 114 93 80 72 62 57 58 51 43 36 39 24 27 23 23 29 16 26 20 9 17 2 14 16 11 4 4 9 7 4 11 6 5 3 0 3 2 6 1 3 2 2 3 0 2 1 1 2 0 0 0 0 0 0 0 1 0 0 0 0 0 0 0 
0 0 67 52 44 168 96 142 181 248 210 310 385 460 570 647 780 860 1029 1178 1153 1314 1445 1661 1811 1943 2198 2302 2417 2494 2700 2652 2679 2867 2886 2885 2915 2853 2820 2852 2673 2667 2516 2460 2414 2294 2058 1918 1816 1746 1675 1474 1369 1302 1188 1007 878 918 793 701 652 550 504 442 440 378 310 298 291 248 221 203 159 156 156 143 112 119 86 75 67 73 52 46 49 48 34 31 33 15 32 22 14 15 16 15 7 5 14 6 6 3 4 4 2 3 2 3 4 2 2 4 3 2 3 1 2 2 1 0 0 0 0 0 0 0 0 0 0 0 
0 0 51 54 46 65 174 140 156 274 193 275 342 380 440 529 624 658 772 826 875 1075 1174 1277 1404 1519 1679 1785 1930 1962 2113 2204 2384 2492 2390 2541 2646 2628 2632 2702 2524 2565 2505 2424 2372 2350 2224 2137 2111 1916 1805 1774 1656 1462 1426 1287 1199 1116 1006 998 875 790 657 666 638 542 522 471 380 364 333 268 245 248 227 198 173 136 134 125 104 84 95 95 58 58 46 49 33 50 33 27 25 32 23 20 16 22 13 22 10 15 18 11 9 11 8 7 4 14 4 1 5 6 3 5 3 3 1 2 1 0 1 2 0 2 3 0 0 1 1 1 1 3 0 2 0 0 1 0 0 0 
0 0 74 53 62 95 149 158 213 223 183 296 375 439 457 577 625 729 825 871 1008 1096 1267 1472 1564 1657 1773 1961 2017 2126 2324 2372 2550 2563 2671 2747 2776 2796 2708 2734 2639 2540 2511 2508 2466 2347 2216 2098 1941 1876 1719 1643 1564 1379 1307 1204 1134 1019 960 835 819 706 646 591 557 506 430 412 360 358 332 292 238 191 203 146 157 139 146 97 90 101 69 57 64 51 45 47 33 36 27 26 27 9 26 24 11 17 9 15 6 9 8 6 12 8 6 1 5 5 5 1 2 1 9 2 3 1 2 0 3 0 2 2 2 0 3 1 1 3 1 1 2 1 0 0 2 0 1 1 0 0 
0 0 58 52 49 266 240 217 289 365 370 442 498 697 834 928 1004 1138 1408 1429 1664 1721 2008 2125 2222 2352 2532 2643 2733 2805 2938 3020 2964 3018 2947 2914 2824 2801 2739 2625 2512 2358 2245 2263 2037 1846 1834 1642 1510 1389 1249 1124 1103 977 835 753 704 663 590 495 455 441 356 299 273 282 227 200 176 170 142 114 139 116 107 85 85 68 61 62 54 45 34 41 34 30 33 16 28 5 23 13 16 15 10 7 13 5 4 4 12 6 6 4 5 4 2 2 0 3 0 2 1 0 2 0 1 0 0 0 0 0 0 0 0 0 0 0 
0 0 55 63 55 67 126 187 152 191 317 316 287 421 400 524 630 668 757 913 1099 1142 1244 1442 1537 1701 1828 2012 2271 2339 2387 2557 2656 2698 2872 2786 2849 2867 2793 2933 2666 2719 2562 2586 2389 2314 2167 2029 1979 1745 1701 1591 1500 1239 1272 1199 1048 1046 926 835 726 715 595 590 523 482 401 382 386 300 277 243 230 184 177 190 138 122 131 85 90 77 77 79 44 52 51 39 40 36 20 32 18 23 19 14 19 11 20 12 8 2 3 13 7 3 4 7 2 3 4 2 2 0 1 2 1 2 1 1 0 1 0 0 0 0 0 0 0 0 0 0 0 
0 0 56 56 44 109 107 116 159 344 255 254 439 498 500 608 740 826 884 1050 1083 1239 1399 1541 1594 1752 1737 1924 2128 2287 2354 2361 2557 2572 2604 2541 2749 2762 2712 2701 2646 2619 2463 2400 2254 2169 2138 1966 1870 1803 1764 1580 1437 1354 1305 1145 1099 982 961 856 795 743 664 570 557 520 439 399 334 353 320 286 257 218 205 182 137 162 136 104 120 93 84 59 75 61 45 45 45 32 35 29 26 24 24 13 19 10 7 10 11 7 7 7 4 3 6 2 2 2 2 1 0 0 0 0 1 1 1 0 0 0 0 1 0 0 0 0 0 0 0 0 0 0 0 
0 0 67 61 55 153 116 144 210 277 169 332 427 394 566 623 584 759 941 1034 1232 1232 1411 1564 1689 1798 1937 2155 2266 2388 2452 2541 2607 2685 2652 2730 2704 2761 2744 2597 2627 2593 2538 2386 2361 2203 2197 1987 1915 1826 1667 1612 1502 1359 1242 1196 1095 958 871 869 778 671 638 550 487 428 410 346 312 280 280 216 209 166 148 128 143 101 111 98 81 79 81 62 49 57 43 41 34 27 25 22 31 20 17 24 15 11 8 8 10 8 8 4 5 7 5 4 2 4 2 4 0 1 3 3 2 1 5 2 1 2 0 2 0 0 0 2 0 0 0 1 0 0 0 0 0 0 0 0 0 0 
0 0 54 46 54 271 140 177 258 331 319 416 576 642 790 852 926 1022 1127 1362 1380 1605 1875 1893 2007 2102 2301 2425 2481 2613 2742 2809 2822 2865 2896 2847 2923 2848 2585 2565 2641 2510 2392 2167 2219 2104 1895 1684 1647 1471 1467 1338 1195 1070 978 923 747 703 689 640 528 522 431 379 358 326 253 244 230 196 183 154 132 135 117 113 74 82 86 72 59 62 53 48 38 33 30 37 24 21 25 16 13 12 12 11 12 9 5 3 6 8 4 3 3 5 1 1 6 0 3 4 3 0 0 5 0 2 1 1 4 0 2 0 4 0 1 1 0 2 1 0 1 0 0 0 0 0 1 0 0 1 
0 0 62 76 55 76 131 257 266 267 340 380 471 467 656 696 799 905 1009 1107 1277 1384 1474 1657 1800 1910 2102 2128 2303 2304 2461 2570 2637 2783 2694 2665 2773 2745 2593 2535 2633 2392 2426 2230 2226 2123 2026 1882 1746 1635 1493 1362 1250 1156 1130 1022 967 853 777 727 636 581 521 468 446 358 337 301 278 260 230 185 182 154 152 125 111 109 87 78 66 62 52 50 36 26 27 30 27 21 20 24 23 19 15 13 17 16 16 15 7 8 4 5 7 9 4 4 3 4 2 3 4 1 1 2 1 1 2 1 1 1 2 0 1 1 0 1 0 1 0 0 0 1 1 2 0 0 0 2 0 0 
0 0 56 63 56 111 133 243 217 339 326 378 572 577 618 787 916 969 1131 1296 1411 1581 1769 1957 2069 2246 2354 2379 2542 2774 2712 2727 2817 2780 2861 2946 2769 2850 2813 2655 2551 2451 2411 2304 2121 2031 1959 1740 1722 1538 1375 1306 1249 1088 1016 940 817 753 711 596 545 527 452 396 370 301 288 257 233 208 179 172 132 139 108 98 93 78 93 78 52 52 36 48 43 28 32 35 28 18 20 17 9 15 14 13 8 11 7 9 5 10 8 4 4 6 6 2 3 6 2 4 2 6 0 1 3 1 3 0 2 1 0 2 0 0 1 0 0 0 0 0 0 0 0 0 0 0 
0 0 61 61 55 157 138 195 282 301 245 444 488 540 583 659 763 822 944 1125 1313 1392 1513 1735 1775 2047 2104 2259 2463 2646 2568 2683 2724 2737 2820 2836 2869 2743 2744 2642 2509 2507 2418 2349 2148 2079 1965 1800 1746 1601 1491 1430 1254 1228 1084 1067 926 908 828 661 673 603 485 508 416 398 327 345 300 284 265 206 186 191 152 126 133 99 118 102 60 49 73 63 47 37 42 36 31 25 20 18 20 12 16 9 13 6 10 8 10 9 7 5 6 6 3 5 5 6 3 3 5 0 1 6 3 1 2 3 1 1 2 1 3 0 0 0 1 0 0 0 0 1 0 0 1 0 0 0 0 0 
0 0 49 59 33 61 102 192 139 199 154 202 331 288 316 446 526 586 610 678 826 935 1069 1139 1214 1445 1500 1624 1893 1909 2058 2154 2315 2323 2313 2601 2568 2557 2611 2596 2587 2549 2604 2570 2339 2327 2246 2242 2095 2039 1866 1761 1740 1633 1467 1358 1350 1233 1136 1068 952 831 781 706 667 610 568 514 455 410 369 328 330 269 225 221 212 184 164 165 127 109 99 105 78 77 98 66 56 42 45 32 37 29 34 15 22 16 15 13 13 13 14 14 13 9 9 8 8 12 4 15 10 9 4 2 4 6 4 6 3 5 3 1 0 1 1 2 0 0 0 0 1 0 0 0 0 0 0 0 0 0 
0 0 46 57 50 92 139 142 153 223 229 207 288 473 447 489 661 651 811 982 1010 1111 1293 1441 1474 1744 1875 2003 2110 2283 2465 2368 2593 2748 2801 2875 2955 2853 2941 2849 2872 2774 2736 2542 2525 2399 2192 2235 2006 1907 1816 1682 1563 1428 1245 1225 1134 1031 969 854 780 732 596 556 494 445 405 359 340 261 256 216 194 165 172 129 128 129 110 76 93 74 70 64 49 41 48 49 30 28 31 26 16 14 19 11 15 4 19 7 8 8 3 5 10 2 1 1 4 2 2 2 2 2 2 2 2 1 3 2 3 2 1 2 1 1 2 2 0 0 2 0 0 2 1 0 1 0 1 0 0 1 
0 0 68 46 45 175 122 123 238 295 257 341 461 521 616 811 818 925 1081 1122 1291 1347 1525 1759 1783 2029 1998 2080 2423 2308 2387 2582 2547 2658 2665 2689 2663 2628 2631 2614 2490 2419 2367 2291 2221 2077 1947 1868 1755 1606 1505 1375 1278 1237 1074 1024 877 840 779 727 653 617 491 511 445 368 342 330 280 275 234 208 181 194 149 122 115 102 103 89 79 65 63 63 47 36 43 34 32 21 22 19 15 18 15 10 7 10 3 7 3 6 3 3 4 4 2 3 3 3 3 1 3 0 0 1 0 2 1 1 0 0 1 0 1 0 0 0 0 0 0 0 0 0 0 0 
0 0 56 47 50 154 89 184 190 206 162 237 370 416 432 511 554 651 802 916 831 1131 1262 1311 1435 1586 1692 1917 1943 2116 2232 2352 2435 2490 2659 2682 2688 2788 2741 2758 2759 2748 2590 2507 2343 2422 2242 2165 1970 1904 1876 1685 1653 1431 1345 1272 1168 1068 1071 924 844 731 704 651 574 508 443 404 430 375 335 300 286 245 204 223 182 166 156 152 117 124 107 78 78 82 59 53 38 48 42 29 37 28 22 32 22 12 11 12 18 6 10 11 6 8 7 8 4 1 9 2 2 3 3 1 0 2 1 0 0 2 0 1 2 1 1 1 1 1 1 0 0 1 1 1 0 1 1 3 2 0 
0 0 52 37 47 66 113 142 141 161 188 232 315 272 347 562 475 586 708 837 1024 1063 1168 1230 1456 1699 1757 1987 2035 2173 2323 2512 2632 2658 2716 2788 2884 2754 2937 2915 2772 2786 2742 2671 2521 2464 2297 2257 2116 1916 1928 1789 1568 1518 1320 1244 1160 1064 978 917 806 812 644 591 531 545 449 432 410 306 317 269 239 222 193 176 163 144 129 120 99 72 77 61 70 49 40 32 39 42 27 20 22 19 12 19 19 11 18 12 8 9 9 12 3 7 2 1 4 1 3 2 3 2 3 2 1 0 0 3 2 2 0 0 1 0 2 1 2 1 0 0 0 0 1 0 2 1 0 0 0 0 
0 0 48 49 36 77 103 132 139 233 239 176 280 365 402 490 527 645 687 817 947 1005 1057 1253 1395 1463 1622 1781 1885 2071 2194 2250 2357 2454 2547 2546 2605 2658 2582 2676 2561 2620 2549 2562 2411 2269 2148 2106 1929 1941 1757 1602 1615 1466 1369 1241 1227 1083 1007 909 769 744 764 638 549 537 494 416 379 363 323 298 253 252 201 174 142 131 116 115 123 88 88 79 60 76 39 38 51 46 26 23 30 21 16 22 20 20 17 11 7 5 11 9 6 4 6 4 1 4 3 3 1 7 1 1 1 1 0 2 0 1 2 1 0 0 1 0 0 0 0 0 0 0 0 0 0 0 
0 0 41 65 68 61 124 200 256 321 198 343 419 411 618 693 758 855 1021 1057 1218 1419 1522 1565 1843 1952 2065 2228 2231 2398 2550 2625 2795 2725 2789 2793 2895 2796 2725 2797 2640 2684 2473 2412 2238 2161 2046 1873 1838 1691 1610 1517 1293 1248 1139 1047 890 850 785 736 664 650 520 513 470 374 342 329 342 269 245 265 193 179 142 152 150 120 118 73 85 77 47 56 52 54 43 34 50 35 25 25 25 14 14 21 16 17 16 19 9 14 11 3 5 7 2 9 4 1 4 2 2 5 3 3 0 2 2 1 3 1 0 1 0 1 1 0 0 0 0 0 0 0 0 0 0 0 
0 0 61 49 55 164 241 182 211 360 260 443 532 561 726 857 882 948 1038 1344 1450 1554 1771 1963 2004 2281 2373 2495 2695 2816 2818 2877 3057 3059 3064 3131 3072 3002 3017 2864 2789 2695 2484 2509 2365 2163 1963 1845 1747 1602 1597 1421 1220 1177 1113 979 884 789 686 637 581 539 504 422 379 318 321 273 258 223 182 180 162 134 140 122 91 97 89 80 60 57 61 48 42 46 26 31 26 20 23 26 26 15 13 12 7 8 11 5 10 8 3 6 4 3 3 2 4 2 0 0 2 0 0 0 0 0 0 0 0 0 0 0 
0 0 55 50 38 105 253 157 173 256 220 315 424 464 588 680 742 800 979 1109 1143 1327 1470 1667 1815 1999 2126 2227 2377 2429 2573 2661 2708 2891 2838 2846 2870 2818 2799 2749 2714 2567 2522 2393 2305 2207 2137 1959 1814 1775 1551 1495 1356 1334 1170 1061 991 915 839 725 669 582 515 450 451 390 359 273 249 253 194 211 156 182 132 133 106 97 82 79 80 66 41 56 54 42 31 37 25 24 28 14 13 12 11 7 10 10 6 4 6 3 5 5 6 2 2 3 3 2 5 3 4 2 0 0 0 2 1 2 0 0 0 0 1 0 0 1 0 0 0 0 0 0 0 0 0 0 0 
0 0 49 49 50 90 98 149 215 203 159 286 352 336 447 530 674 721 734 873 1005 1110 1166 1413 1579 1686 1815 2023 2159 2272 2366 2446 2611 2594 2750 2752 2777 2735 2795 2735 2717 2632 2586 2472 2358 2324 2104 2123 2021 1902 1769 1705 1489 1417 1286 1200 1124 1049 950 836 765 702 655 558 527 468 422 384 367 307 282 275 222 191 191 155 154 149 111 113 89 73 70 71 72 46 58 51 48 29 36 26 26 32 20 19 23 14 20 18 9 12 12 4 11 10 7 6 7 9 3 8 6 4 4 2 2 6 0 0 1 3 0 1 0 0 2 4 0 1 3 2 0 0 1 0 2 2 0 0 0 0 
0 0 53 48 45 142 95 138 341 254 214 348 431 578 590 666 811 938 1113 1101 1260 1439 1577 1735 1795 2006 2189 2246 2437 2466 2587 2736 2864 2870 2981 2945 3029 2869 2836 2763 2761 2729 2533 2368 2320 2188 2057 1820 1857 1722 1526 1494 1305 1164 1132 1081 978 827 748 694 606 608 512 462 418 379 328 328 254 231 244 183 183 163 123 107 97 85 85 63 66 62 49 38 34 26 27 26 20 24 18 22 13 15 12 11 11 7 6 10 9 6 2 10 5 5 4 7 4 1 5 4 5 7 4 1 1 1 3 1 2 2 1 1 1 1 0 1 0 1 0 0 0 0 0 0 1 0 0 0 0 0 
0 0 70 46 42 107 102 137 166 218 144 260 324 268 349 439 498 591 577 698 800 923 1009 1208 1216 1445 1540 1717 1903 1944 2147 2216 2296 2521 2633 2683 2736 2713 2825 2811 2658 2832 2704 2681 2538 2465 2351 2301 2207 1933 2036 1840 1684 1554 1511 1355 1285 1158 1066 967 892 814 736 670 622 580 494 452 415 358 308 287 291 249 223 196 196 162 153 135 116 108 85 73 81 82 59 53 37 38 36 30 29 21 23 20 19 12 9 19 8 11 11 6 6 12 3 14 6 4 6 5 3 6 2 0 2 3 0 1 3 1 0 0 3 0 1 2 0 0 2 0 1 0 0 0 0 0 0 0 0 0 
0 0 66 64 50 97 155 157 215 331 318 257 374 506 496 620 773 1036 1040 1070 1259 1415 1527 1768 1896 2044 2292 2356 2341 2582 2620 2697 2748 2865 2822 2945 2920 2790 2797 2657 2682 2525 2464 2372 2184 2176 1951 1847 1732 1604 1493 1444 1262 1199 1113 1015 892 831 765 679 626 618 541 446 448 399 338 299 286 260 246 201 170 156 125 138 104 110 95 95 64 60 71 61 50 53 41 35 33 25 28 16 20 20 17 19 12 12 15 11 6 9 4 8 3 4 2 0 4 4 1 1 1 1 0 1 0 0 0 1 0 0 0 0 0 0 0 0 0 0 0 
0 0 40 64 45 60 220 134 161 252 218 401 449 425 548 677 741 780 902 1115 1093 1293 1493 1672 1753 1889 2039 2121 2182 2314 2511 2679 2762 2702 2769 2706 2664 2781 2664 2623 2603 2471 2453 2363 2258 2184 2060 1968 1785 1796 1628 1517 1383 1308 1210 1082 1026 987 864 786 684 638 591 533 428 422 395 347 313 267 238 218 181 169 165 147 127 104 91 112 77 65 62 60 42 41 44 29 33 40 14 25 32 22 14 14 10 14 7 11 9 12 5 5 5 2 2 4 2 5 3 2 3 3 1 2 0 2 0 0 1 0 0 0 0 0 1 1 0 0 0 0 0 0 0 0 0 0 0 
0 0 54 60 57 138 235 296 219 297 427 353 453 633 702 736 885 945 1041 1191 1368 1420 1656 1795 2026 2027 2261 2312 2367 2549 2557 2706 2842 2733 2801 2784 2792 2705 2678 2629 2572 2415 2339 2213 2069 2058 2000 1798 1700 1522 1482 1366 1204 1159 1094 958 824 775 784 703 616 540 474 433 377 385 347 281 293 242 188 181 182 141 138 143 113 108 77 80 69 71 57 47 44 30 33 32 26 26 36 25 15 12 13 14 15 9 6 12 5 9 5 2 7 5 3 2 6 1 4 2 5 2 3 2 1 2 1 1 2 1 1 0 0 1 0 1 1 0 2 0 1 0 0 0 0 0 0 0 0 0 
0 0 42 34 51 67 100 148 268 268 248 329 390 440 537 652 684 732 883 1035 1120 1221 1415 1556 1651 1721 1940 2032 2201 2363 2454 2440 2498 2557 2701 2771 2654 2817 2721 2688 2686 2631 2495 2422 2290 2224 2086 1994 1888 1834 1680 1568 1376 1337 1283 1119 1037 982 911 817 742 623 587 545 555 475 409 388 352 322 299 241 256 184 194 153 148 141 130 105 89 88 88 68 60 55 60 46 37 34 29 31 31 28 26 21 12 21 10 18 16 7 7 6 6 8 1 4 6 2 2 2 1 1 0 1 0 1 0 0 0 2 0 0 0 1 0 0 0 0 1 0 0 0 0 0 0 0 0 0 0 0 
0 0 54 57 56 134 135 234 213 287 285 326 431 465 545 591 683 814 919 1009 1210 1328 1471 1652 1752 1921 2059 2173 2310 2354 2641 2610 2512 2691 2781 2800 2733 2836 2784 2666 2606 2527 2482 2415 2238 2208 2086 1988 1828 1708 1583 1504 1383 1275 1212 1096 966 948 811 783 716 644 532 481 469 426 380 347 283 255 244 190 205 186 155 152 121 116 99 79 101 69 63 48 53 65 48 34 35 19 32 24 19 23 21 15 18 16 7 13 11 7 9 6 11 5 6 5 7 5 3 3 6 3 2 4 3 2 2 1 0 1 1 0 1 0 0 0 1 0 1 0 0 0 0 0 0 0 0 0 0 0 
0 0 72 63 67 98 154 221 230 279 235 499 575 462 626 893 851 970 1171 1291 1456 1612 1670 1800 2023 2180 2275 2409 2501 2704 2696 2684 2853 2891 2817 2948 2782 2745 2808 2704 2606 2560 2360 2234 2130 2031 1934 1847 1709 1553 1467 1347 1236 1100 1074 962 877 775 756 643 573 496 495 452 388 368 298 284 271 214 215 181 187 160 123 116 113 84 78 62 59 70 61 64 42 36 30 40 25 26 19 21 18 17 14 7 7 10 10 8 5 10 5 7 4 6 7 3 5 3 5 4 4 1 2 2 3 2 1 2 2 2 0 2 0 2 0 2 1 0 0 1 1 0 0 0 0 1 0 0 0 0 
0 0 64 55 44 83 129 212 185 217 218 331 439 441 527 773 776 852 1168 1048 1312 1462 1615 1696 1928 2027 2137 2317 2545 2536 2738 2818 2880 2876 2930 2897 2947 2994 2825 2860 2798 2656 2554 2527 2376 2200 2141 1976 1814 1724 1569 1396 1332 1193 1147 1050 954 890 800 684 643 560 487 445 435 370 341 317 284 214 194 214 172 147 126 102 104 81 73 81 68 46 58 54 43 39 31 30 22 23 17 16 20 13 19 12 10 11 10 8 4 8 4 6 3 2 4 1 4 2 1 2 1 0 0 0 2 0 3 1 1 1 1 0 0 0 1 0 1 0 0 0 0 0 0 0 0 0 
0 0 53 62 44 96 164 160 186 224 219 247 377 453 548 598 736 744 842 943 1063 1201 1385 1522 1721 1833 1815 2050 2189 2272 2336 2491 2605 2672 2742 2728 2696 2694 2701 2708 2674 2553 2512 2383 2275 2107 2155 2000 1862 1839 1730 1482 1344 1332 1242 1170 1077 935 903 825 751 629 602 566 512 433 425 331 328 324 284 236 205 203 183 138 134 120 108 110 80 78 75 69 59 51 43 21 33 32 28 25 21 17 16 17 14 8 16 6 12 7 7 3 4 5 4 3 3 5 0 3 1 1 1 3 1 0 2 0 0 1 0 1 2 0 0 0 0 0 0 0 0 0 0 0 
0 0 59 37 51 79 100 80 132 145 160 182 303 288 358 433 473 516 653 724 798 1009 1028 1251 1246 1375 1549 1712 1792 2001 2118 2394 2462 2341 2544 2645 2720 2736 2629 2789 2753 2723 2674 2623 2622 2414 2338 2330 2116 2018 1907 1838 1665 1583 1415 1326 1273 1227 1063 984 881 827 737 644 650 557 459 474 462 385 315 295 253 275 206 192 190 166 117 135 121 99 77 97 69 57 54 50 40 28 51 35 24 22 22 23 25 18 9 10 13 10 9 13 9 2 5 2 2 4 2 1 2 0 1 1 2 0 1 5 1 1 1 0 1 0 0 0 0 0 0 0 0 0 0 0 
0 0 71 58 66 123 175 149 179 236 209 395 465 423 543 713 793 812 964 1075 1228 1258 1502 1462 1749 1892 1948 2122 2310 2336 2528 2491 2609 2688 2733 2743 2767 2825 2722 2734 2618 2431 2410 2443 2315 2160 2048 1911 1833 1707 1655 1498 1377 1330 1220 1086 1056 898 879 787 716 642 574 537 488 413 393 357 303 292 274 232 213 197 165 133 118 113 97 93 74 75 61 46 44 41 45 42 34 26 24 20 11 20 18 19 12 14 10 8 4 11 9 3 7 7 6 6 2 4 1 1 0 4 1 0 1 1 0 1 1 0 0 0 0 0 0 0 0 0 0 0 
0 0 58 56 46 90 156 157 163 219 235 262 417 478 530 607 670 773 923 1069 1039 1397 1494 1622 1636 1904 2015 2084 2264 2303 2392 2628 2557 2672 2782 2792 2722 2741 2719 2666 2545 2622 2478 2296 2309 2216 2088 1952 1830 1761 1594 1533 1401 1389 1280 1123 981 892 859 813 695 662 609 583 473 425 395 385 355 253 248 248 204 193 151 149 138 113 120 85 88 73 65 59 48 46 62 42 19 25 28 27 27 27 16 16 17 19 14 12 14 8 10 8 12 14 9 6 4 4 3 12 4 5 5 5 0 4 5 1 1 1 5 1 2 2 0 0 0 1 1 0 0 1 0 0 0 0 0 0 0 0 
0 0 52 59 52 110 191 189 193 261 356 379 435 537 771 785 807 1022 1100 1288 1453 1562 1696 1785 1996 2238 2344 2358 2457 2702 2838 2860 2877 3002 3027 2909 2833 2896 2769 2811 2700 2451 2425 2372 2210 2024 1937 1892 1743 1600 1504 1351 1265 1151 1105 992 848 807 735 590 585 526 478 438 365 327 310 270 233 207 181 158 156 134 117 111 86 61 68 64 66 50 43 43 33 23 27 25 19 15 13 10 8 10 5 6 6 2 0 3 3 1 2 1 1 0 2 2 0 1 1 0 0 0 0 0 1 0 0 0 0 0 0 0 0 0 0 0 
0 0 69 64 55 183 137 145 257 259 193 358 358 373 485 623 666 714 928 1005 1082 1143 1286 1497 1524 1737 1827 1982 2085 2117 2341 2360 2430 2642 2526 2604 2669 2735 2662 2647 2564 2563 2542 2439 2377 2272 2115 1989 1920 1860 1746 1611 1525 1403 1276 1125 1106 1041 887 794 749 751 578 564 542 471 415 397 330 296 263 262 197 217 193 156 151 122 139 107 95 95 58 60 59 48 45 40 32 37 27 32 24 15 27 18 11 11 11 12 8 9 7 7 7 4 4 9 4 4 7 4 4 5 3 5 0 2 3 2 1 2 1 0 1 0 2 0 1 1 0 0 0 1 0 0 0 0 0 0 0 0 
0 0 64 58 57 78 118 229 126 178 184 198 410 313 339 456 471 590 705 825 953 1015 1184 1257 1319 1486 1683 1815 1923 2124 2135 2356 2407 2432 2620 2670 2783 2654 2811 2825 2731 2682 2638 2614 2471 2344 2276 2156 2134 1938 1882 1812 1641 1552 1353 1262 1172 1145 990 968 853 726 755 642 573 535 489 424 354 328 320 272 270 231 194 199 148 126 144 118 112 94 89 69 61 67 46 44 46 40 24 42 25 24 19 14 16 16 18 12 16 9 12 11 5 9 11 6 3 2 0 2 3 4 1 1 2 0 0 1 0 1 0 0 0 0 0 0 0 0 0 0 0 
0 0 66 48 51 110 147 255 259 288 230 368 400 495 593 687 755 870 987 1129 1177 1313 1522 1670 1807 1826 2066 2243 2324 2402 2544 2540 2703 2773 2776 2799 2770 2741 2772 2668 2612 2548 2520 2395 2252 2182 2055 1957 1816 1800 1572 1473 1405 1241 1143 1076 1007 885 824 737 677 661 605 481 431 419 361 362 303 283 223 223 195 173 149 130 133 107 109 84 65 72 65 65 38 44 48 37 40 26 25 28 19 18 19 13 12 7 7 12 2 10 4 5 2 3 2 2 1 1 2 1 2 2 0 1 0 1 1 0 1 0 0 0 0 0 0 0 0 0 0 0 
0 0 51 50 61 104 99 141 266 219 167 430 498 427 656 695 690 792 933 1034 1127 1298 1459 1578 1821 1928 2086 2153 2365 2413 2510 2608 2694 2669 2818 2716 2859 2742 2692 2759 2686 2475 2412 2388 2277 2075 2137 1882 1812 1742 1567 1469 1395 1302 1209 1067 970 853 827 795 662 602 593 528 446 377 371 336 305 262 253 225 176 171 153 146 111 91 95 83 63 56 70 53 50 36 32 32 30 20 22 19 18 11 10 12 13 6 9 6 7 9 3 6 3 1 2 3 5 3 1 1 1 0 0 1 0 2 0 0 1 0 0 0 0 0 0 0 0 0 0 0 
0 0 59 59 56 91 189 170 231 354 258 295 469 509 478 667 837 826 960 1087 1265 1327 1472 1556 1721 1927 2031 2083 2299 2358 2463 2549 2543 2665 2681 2702 2649 2667 2727 2623 2515 2455 2366 2326 2135 2013 1973 1847 1641 1673 1473 1406 1368 1255 1060 1025 974 911 796 702 623 613 538 500 455 380 356 327 305 287 248 192 213 171 156 140 152 127 112 91 100 83 68 71 63 48 54 54 39 48 26 25 30 23 18 25 16 17 19 19 10 4 9 10 9 7 3 5 3 1 6 0 3 2 2 2 1 0 1 1 1 1 1 1 0 0 0 1 0 0 1 0 1 0 0 0 0 2 0 0 0 0 
0 0 53 56 46 67 141 165 284 267 325 302 427 605 556 621 761 906 1021 1153 1346 1398 1525 1762 1846 1907 2130 2352 2373 2531 2589 2659 2769 2797 2811 2827 2891 2793 2702 2787 2560 2582 2428 2345 2320 2196 1983 1787 1840 1671 1499 1476 1304 1213 1091 1099 902 842 763 711 623 566 529 463 396 391 330 311 242 239 250 181 182 151 153 123 104 113 74 84 71 62 60 47 57 32 47 32 29 27 16 24 17 13 10 13 13 4 9 12 8 2 4 9 2 3 5 2 5 2 6 1 1 4 3 6 1 1 0 1 0 3 0 0 1 0 0 0 1 0 0 0 0 0 0 0 0 0 0 0 
0 0 54 62 59 119 191 234 239 341 296 365 570 529 630 880 874 879 1162 1252 1496 1546 1616 1769 1975 2045 2139 2256 2529 2536 2611 2676 2732 2766 2707 2835 2688 2747 2594 2522 2541 2477 2337 2217 2148 2062 1936 1868 1703 1632 1525 1378 1308 1168 1022 920 870 797 732 673 614 563 519 451 389 374 331 295 266 251 210 164 170 150 121 113 127 95 79 85 59 47 56 48 40 59 33 17 35 35 23 15 22 13 14 11 8 8 9 7 9 4 9 4 8 4 1 4 4 0 4 1 1 0 2 0 0 0 0 0 0 0 0 0 0 0 
0 0 56 56 46 137 116 112 273 243 166 271 458 385 398 574 681 733 814 959 987 1230 1319 1365 1571 1674 1826 1992 2067 2251 2311 2504 2549 2568 2616 2801 2684 2678 2745 2682 2710 2617 2548 2324 2408 2270 2158 1907 1963 1882 1689 1527 1489 1379 1281 1163 1069 996 897 830 740 718 679 555 562 436 437 390 357 328 293 250 241 193 159 179 165 136 131 127 94 77 100 71 61 74 41 44 35 37 25 22 26 25 20 14 19 8 12 9 7 5 4 7 4 3 4 4 0 3 3 1 2 2 0 3 1 0 2 0 1 1 0 0 0 0 0 0 0 0 0 0 0 
0 0 45 71 48 127 156 109 249 342 206 284 407 455 472 549 734 799 830 927 1111 1222 1425 1591 1718 1911 1890 2098 2268 2325 2505 2606 2666 2799 2851 2861 2846 2859 2780 2746 2721 2639 2701 2556 2428 2264 2138 2058 1860 1829 1671 1579 1460 1369 1238 1123 1055 959 827 761 708 617 567 548 496 424 363 356 294 284 197 221 204 166 134 142 106 103 93 102 71 50 56 45 33 46 35 34 27 28 20 19 15 11 12 12 14 6 9 5 8 7 2 7 7 5 1 4 4 2 2 0 1 1 1 0 0 1 1 0 1 1 0 0 0 0 1 0 0 1 0 0 0 1 0 0 0 0 0 0 0 0 
0 0 49 52 53 65 110 174 180 254 234 400 427 386 615 685 788 929 1051 1193 1220 1494 1633 1719 2001 2066 2148 2371 2557 2491 2631 2771 2801 2940 2907 2797 2886 2917 2746 2734 2653 2498 2541 2343 2201 2188 1934 1915 1778 1542 1474 1469 1305 1201 1118 1040 941 855 791 732 618 539 564 460 408 337 333 300 303 240 222 217 171 147 142 128 118 95 114 73 60 62 54 46 50 47 31 33 28 19 30 27 26 15 17 12 13 16 9 12 2 11 4 5 4 4 2 3 2 2 0 3 1 1 0 3 1 1 2 1 1 1 0 1 0 0 2 0 0 2 0 0 0 0 0 0 0 0 0 0 0 
0 0 56 62 61 113 124 127 196 383 183 193 416 481 420 620 717 793 1021 1075 1064 1335 1651 1676 1889 1983 2076 2254 2529 2587 2691 2825 2787 2891 3022 2906 2960 3030 2875 2844 2798 2676 2553 2521 2398 2168 2146 1989 1874 1672 1673 1544 1404 1230 1144 1062 1001 800 819 741 620 595 573 513 403 359 356 314 279 261 229 203 175 155 137 107 123 105 94 68 66 70 66 50 46 35 38 27 31 19 20 24 18 12 18 12 8 9 6 12 5 5 7 7 8 3 2 4 2 3 1 1 1 3 5 0 1 1 0 0 1 2 0 0 0 0 0 0 0 0 0 0 0 
0 0 53 49 48 73 79 108 159 236 104 218 358 306 422 573 551 663 812 884 909 1089 1274 1372 1431 1695 1908 1926 1999 2352 2349 2481 2607 2561 2789 2838 2798 2802 2830 2810 2797 2735 2682 2657 2437 2374 2244 2165 2011 1944 1828 1718 1585 1445 1400 1244 1124 1066 953 933 779 751 694 596 550 499 471 415 360 337 284 279 254 220 190 172 158 132 136 118 114 85 79 60 52 45 39 33 37 18 20 22 13 11 15 7 9 10 8 7 2 4 8 5 7 2 1 2 1 4 2 0 3 1 0 0 1 0 2 3 0 1 1 0 1 0 0 0 1 1 0 0 0 0 0 0 0 0 0 0 0 
0 0 74 62 43 152 157 212 262 313 263 436 563 565 640 872 948 999 1217 1323 1284 1642 1875 1823 2087 2217 2335 2488 2637 2573 2730 2888 2889 2807 2824 2832 2790 2872 2736 2636 2561 2489 2364 2276 2073 1961 1925 1687 1606 1535 1406 1297 1124 1064 967 909 831 756 650 624 546 508 423 353 392 339 326 255 225 220 179 157 143 125 131 112 102 75 91 71 70 63 51 44 42 42 32 31 33 28 13 25 22 13 14 13 14 20 6 9 6 8 6 10 5 2 5 4 8 1 2 3 2 2 2 0 5 1 1 0 2 1 0 2 0 0 0 1 0 0 0 0 0 0 0 0 0 0 0 
0 0 62 62 54 68 216 206 208 250 330 338 385 535 570 744 924 913 1029 1247 1404 1410 1589 1849 1950 2175 2276 2403 2444 2635 2622 2651 2778 2740 2879 2937 2783 2767 2749 2669 2694 2412 2396 2297 2200 2067 1958 1787 1765 1576 1520 1437 1278 1177 1092 931 896 769 727 668 593 547 488 463 400 383 300 278 248 233 194 190 170 160 98 97 110 86 61 59 63 56 39 39 36 36 19 14 20 14 16 9 11 10 8 16 5 7 5 3 10 4 4 4 2 4 2 6 3 3 1 1 0 0 0 0 0 1 1 0 0 1 0 0 0 0 1 0 1 0 0 0 0 0 0 0 0 0 0 0 
0 0 53 49 65 92 134 130 157 215 207 337 344 363 529 511 557 740 846 948 1018 1147 1308 1489 1595 1874 1920 2024 2231 2404 2441 2547 2677 2720 2853 2915 2850 2922 2905 2930 2876 2744 2647 2565 2407 2317 2319 2118 2004 1864 1793 1690 1442 1389 1329 1168 1140 1003 878 891 709 691 605 521 490 426 400 353 313 292 247 239 204 202 162 134 110 122 114 98 97 70 66 65 39 41 46 40 29 26 31 28 14 22 26 11 6 11 6 8 13 8 6 5 5 4 5 2 3 1 2 3 0 2 3 0 0 4 0 0 0 1 0 0 0 0 0 1 0 0 1 0 0 0 0 0 1 0 0 0 0 0 
0 0 59 29 39 57 102 166 237 199 156 253 327 354 430 492 635 721 786 852 989 1151 1315 1386 1469 1688 1776 1889 2035 2225 2325 2483 2553 2532 2600 2817 2761 2734 2767 2823 2726 2766 2729 2539 2439 2375 2330 2269 2091 1998 1832 1719 1607 1504 1344 1268 1239 1073 1037 941 846 780 717 626 571 522 432 457 374 325 316 264 265 229 219 162 145 124 126 124 115 96 90 72 66 65 41 41 41 40 26 19 35 19 20 20 9 10 6 8 8 5 7 6 2 6 3 1 1 3 3 2 0 4 0 1 1 1 0 0 1 2 0 0 1 0 0 0 0 0 0 0 0 0 0 0 
0 0 44 59 55 73 101 187 212 270 195 265 348 396 451 565 626 632 771 856 957 1207 1313 1371 1607 1740 1716 1909 2103 2142 2292 2445 2532 2583 2589 2619 2751 2707 2633 2653 2623 2549 2546 2469 2334 2165 2138 2042 1979 1829 1761 1538 1546 1393 1308 1244 1085 1081 994 883 843 734 685 638 563 533 531 418 372 317 337 249 249 224 228 170 169 148 140 138 97 91 106 70 51 58 58 53 45 38 32 29 23 25 17 15 19 10 10 11 12 12 6 5 9 1 4 2 3 4 3 2 0 0 3 0 0 0 1 1 0 0 0 0 0 0 0 0 0 0 0 
0 0 69 51 58 137 112 171 179 223 191 264 356 380 368 622 628 630 814 890 949 1064 1215 1378 1501 1638 1681 1811 2030 2121 2209 2435 2523 2562 2649 2605 2685 2814 2737 2768 2744 2628 2694 2548 2430 2389 2302 2171 2134 1948 1842 1747 1695 1537 1401 1322 1277 1163 1001 958 877 729 697 675 567 532 477 384 360 340 317 279 218 237 222 196 152 131 124 123 91 103 87 56 47 47 53 34 43 39 16 26 26 18 23 10 14 7 6 6 11 11 5 5 2 4 4 4 2 3 3 6 5 3 3 3 1 0 0 2 1 4 1 0 0 1 0 0 1 0 1 1 0 1 0 0 0 0 0 0 0 0 
0 0 74 81 50 142 117 155 284 283 225 367 369 411 518 701 675 843 955 1043 1203 1318 1503 1637 1794 1877 2095 2252 2375 2449 2513 2631 2710 2707 2788 2816 2898 2866 2819 2762 2718 2707 2604 2453 2351 2331 2163 1907 1869 1757 1701 1569 1456 1306 1214 1128 1027 910 867 830 695 673 544 522 484 441 376 314 293 275 224 203 194 190 159 128 135 110 106 97 89 76 68 62 61 54 52 28 33 23 31 19 24 21 20 10 14 7 6 14 11 9 4 8 6 7 4 4 8 3 2 6 3 2 4 6 0 2 1 2 1 3 2 0 0 3 0 2 1 0 1 0 2 3 1 0 0 2 0 0 1 1 
0 0 67 65 44 138 173 143 290 270 262 351 439 449 693 715 824 959 1094 1109 1265 1400 1618 1882 2075 2048 2175 2413 2636 2653 2724 2797 2978 2874 2966 2922 2948 2927 2857 2684 2600 2562 2449 2307 2227 2169 2040 1770 1724 1613 1409 1314 1253 1082 1039 968 929 768 717 656 575 524 503 422 418 347 327 304 278 208 208 195 166 156 147 106 105 99 78 84 60 52 51 50 46 35 30 31 26 25 12 20 18 13 7 13 13 3 10 10 6 1 4 4 7 5 3 3 0 1 3 2 1 0 0 0 1 1 2 1 0 0 0 0 0 0 0 1 0 0 0 0 0 0 0 0 0 0 0 
0 0 62 54 60 179 138 182 235 350 263 351 418 525 563 735 769 870 984 1124 1233 1417 1501 1692 1855 2043 1990 2286 2330 2428 2526 2765 2645 2759 2720 2741 2746 2719 2682 2573 2537 2439 2391 2243 2159 1979 2016 1847 1726 1587 1491 1433 1224 1226 1082 975 992 847 764 773 685 636 495 471 439 382 345 303 260 260 205 183 182 173 140 125 118 112 89 91 78 87 75 49 51 55 40 29 36 26 34 33 15 8 12 24 14 14 12 7 7 4 6 4 6 4 3 4 1 0 1 1 0 1 1 0 0 0 1 0 0 0 0 0 0 0 0 0 0 0 
0 0 59 50 49 108 114 147 178 374 178 236 531 534 513 593 847 937 873 1176 1237 1411 1631 1635 1729 1962 2080 2170 2346 2408 2515 2597 2649 2796 2770 2744 2780 2774 2773 2681 2641 2615 2539 2326 2232 2122 2185 1995 1793 1792 1614 1515 1397 1289 1173 1074 978 926 835 732 711 602 516 522 467 388 371 361 302 267 253 211 190 159 160 153 131 120 108 98 85 82 58 65 69 37 46 30 32 27 24 20 24 17 13 12 14 7 12 6 8 9 3 1 3 2 4 2 3 2 4 1 1 2 1 0 0 0 1 1 2 0 0 0 0 0 1 0 0 0 0 0 0 0 0 0 0 0 
0 0 70 49 43 117 152 161 205 191 228 283 372 521 471 611 685 892 856 1021 1246 1359 1363 1583 1759 1913 2034 2199 2257 2448 2616 2584 2646 2928 2821 2914 2934 2970 2788 2827 2803 2741 2676 2588 2411 2352 2247 2049 1945 1781 1647 1524 1445 1395 1163 1119 1039 939 844 787 740 635 543 519 440 417 376 327 282 288 237 217 200 172 156 154 126 108 104 99 63 71 64 49 49 56 44 34 25 27 32 26 10 23 16 10 8 10 13 10 10 11 5 6 6 4 4 7 4 4 2 0 2 1 1 1 1 1 2 0 0 0 0 0 0 0 0 0 0 0 
0 0 65 63 54 86 120 147 204 282 252 265 334 440 481 580 697 766 849 991 1127 1220 1318 1510 1678 1742 2069 2104 2222 2351 2329 2464 2665 2727 2733 2857 2827 2706 2726 2766 2754 2614 2532 2439 2408 2324 2100 2036 1929 1852 1680 1531 1467 1318 1249 1198 1021 950 909 831 699 726 666 556 496 482 427 376 347 265 252 254 217 162 159 149 137 114 107 96 69 80 83 65 51 61 38 37 35 36 21 28 23 23 26 11 15 18 13 12 13 13 9 9 9 4 3 3 3 3 1 2 0 1 6 1 0 4 1 0 0 2 0 1 0 1 0 2 0 0 0 0 0 1 0 0 1 0 0 1 0 0 
0 0 68 63 59 183 186 197 292 338 265 382 494 530 627 746 785 932 1127 1160 1350 1410 1598 1724 1911 2142 2209 2327 2407 2635 2719 2644 2938 2891 2938 2984 2905 2824 2859 2743 2740 2614 2364 2333 2153 2067 1969 1815 1716 1541 1499 1301 1255 1187 1057 969 901 794 794 692 583 542 458 476 409 358 332 298 265 196 206 201 167 170 135 108 102 86 62 74 51 48 47 36 35 35 29 28 24 22 12 16 13 10 12 8 5 13 5 6 6 2 3 3 6 3 4 1 1 0 1 2 0 0 1 0 0 0 0 0 1 0 0 1 1 0 0 0 0 0 2 0 0 0 0 0 0 1 0 0 0 0 
0 0 61 43 49 84 139 146 142 209 192 218 408 406 444 576 626 635 775 927 969 1132 1362 1325 1507 1671 1864 1959 2057 2215 2443 2540 2628 2681 2726 2705 2914 2800 2942 2794 2692 2714 2627 2572 2508 2360 2320 2186 1973 1909 1760 1635 1576 1419 1321 1237 1154 1024 901 827 804 700 630 578 518 464 422 383 320 301 267 267 244 207 163 165 158 128 124 102 90 90 81 68 59 53 48 47 41 32 30 33 25 13 16 21 11 9 12 8 7 4 5 1 4 1 3 2 4 2 1 0 0 1 3 1 2 0 1 1 1 1 0 1 0 0 0 0 0 0 0 0 0 0 0 
0 0 67 62 49 93 149 162 198 316 229 284 398 428 491 615 687 709 893 1022 1106 1260 1357 1465 1664 1792 1939 2078 2193 2226 2392 2501 2586 2620 2669 2722 2760 2636 2722 2675 2610 2600 2447 2330 2225 2122 1987 1968 1876 1736 1620 1473 1420 1227 1164 1109 1002 928 935 737 676 611 617 508 447 430 408 361 335 301 283 220 231 192 165 157 131 159 103 77 88 86 66 67 57 58 57 45 33 27 44 32 31 26 20 19 15 5 21 13 16 9 6 6 5 0 7 3 2 5 2 2 3 1 2 1 1 0 0 0 1 0 0 0 0 0 0 0 0 0 0 0 
0 0 68 59 56 69 107 124 198 201 186 235 362 363 380 465 558 609 672 934 960 1015 1235 1250 1397 1583 1743 1853 2003 2071 2296 2379 2521 2521 2579 2641 2611 2765 2759 2689 2711 2668 2629 2567 2486 2374 2303 2222 2136 1940 1849 1727 1696 1529 1388 1299 1204 1084 1023 951 789 765 709 623 617 508 464 438 364 330 293 278 243 193 196 183 156 162 118 134 85 80 98 69 78 59 49 46 37 33 28 33 21 18 14 20 19 11 9 15 9 11 10 5 12 11 10 4 4 5 8 6 3 2 9 6 2 3 5 6 3 2 2 0 4 2 1 1 2 1 1 1 1 2 0 2 0 0 0 0 2 0 
0 0 59 62 41 76 169 112 181 198 181 266 359 474 496 628 723 795 965 1067 1186 1332 1549 1567 1767 1897 1994 2165 2337 2377 2552 2663 2634 2659 2777 2933 2851 2857 2770 2838 2595 2605 2565 2458 2361 2209 2106 2010 1917 1763 1588 1524 1434 1319 1166 1097 968 955 871 750 692 656 484 480 456 397 378 357 303 262 236 231 173 170 155 147 131 116 90 97 86 80 62 55 51 46 44 36 32 24 26 22 14 25 16 17 12 17 15 11 6 5 6 9 5 4 2 2 1 1 3 1 0 0 1 0 0 0 0 0 0 0 0 0 0 0 
0 0 50 59 34 90 103 100 170 203 168 284 393 394 459 679 709 722 894 1007 1190 1271 1447 1600 1787 1854 1961 2218 2276 2326 2546 2632 2746 2756 2789 2856 2842 2813 2736 2718 2674 2588 2569 2385 2277 2277 2107 1965 1806 1738 1636 1451 1389 1245 1194 1065 1010 904 844 749 711 590 574 534 473 424 398 356 324 291 256 223 205 185 167 142 139 121 89 86 70 80 60 57 47 42 41 39 27 30 17 18 23 18 9 9 11 9 21 6 5 3 9 6 4 5 4 2 2 0 2 4 2 1 2 1 4 0 0 0 2 0 0 0 2 1 2 0 0 1 0 0 0 1 0 0 0 0 0 0 0 0 
0 0 65 51 38 170 107 111 195 275 173 286 513 411 447 603 601 701 798 815 1040 1152 1244 1393 1474 1707 1720 1871 1996 2184 2347 2360 2436 2568 2571 2689 2695 2727 2683 2647 2604 2643 2542 2494 2476 2323 2240 2043 2029 1872 1728 1676 1580 1446 1329 1216 1082 1045 950 853 810 746 663 607 579 476 433 400 326 348 324 245 237 193 212 201 146 141 123 106 99 94 102 73 59 67 63 37 37 35 30 39 27 27 14 15 14 19 11 11 10 7 13 4 2 8 4 5 3 3 2 4 4 2 2 1 2 2 3 0 2 1 3 1 2 1 2 1 0 2 1 2 1 1 0 1 0 0 0 0 0 0 
0 0 65 49 53 200 136 122 177 299 203 311 418 414 491 657 649 748 884 917 942 1228 1366 1431 1480 1730 1855 2013 2063 2187 2313 2445 2508 2428 2511 2607 2637 2619 2556 2663 2529 2543 2500 2345 2322 2090 2050 2015 1919 1810 1643 1574 1484 1418 1269 1160 1144 1047 906 880 764 727 690 640 508 530 459 422 346 371 280 263 239 226 219 201 159 151 134 123 120 105 102 91 64 67 62 45 36 34 37 36 18 26 15 21 16 12 16 8 9 10 6 5 6 8 6 1 4 3 4 4 4 1 7 0 1 2 0 3 2 1 1 1 2 1 0 0 0 0 0 0 0 0 0 0 0 
0 0 47 58 48 87 101 196 312 310 221 270 435 382 586 725 680 835 985 1019 1191 1352 1489 1560 1715 1863 1890 2212 2353 2356 2520 2636 2703 2834 2781 2799 2725 2884 2770 2717 2664 2586 2545 2369 2328 2215 2183 2016 1892 1776 1702 1595 1404 1329 1216 1138 1095 982 851 805 724 633 604 554 468 458 372 375 304 295 239 233 200 188 142 155 137 108 102 90 75 62 62 67 45 48 47 45 23 30 32 23 28 19 18 25 13 11 10 10 9 8 10 8 6 6 6 7 5 2 3 0 5 1 2 0 1 0 1 1 1 1 0 0 0 0 0 0 1 0 0 0 0 0 0 0 0 0 0 0 
0 0 48 57 47 66 114 133 169 238 199 260 355 380 521 602 731 875 814 1014 1259 1312 1419 1533 1727 1741 2020 2125 2368 2390 2442 2612 2637 2796 2905 2756 2915 2941 2788 2736 2821 2741 2541 2459 2289 2275 2160 1995 1898 1844 1625 1545 1492 1310 1235 1098 1057 1022 932 750 691 633 619 512 467 399 410 362 297 276 241 204 174 189 171 141 143 126 102 99 75 75 70 56 54 41 37 29 34 37 26 19 14 19 14 14 21 5 17 14 2 10 2 9 6 3 3 6 4 3 2 1 5 1 1 0 2 0 0 1 1 1 0 1 1 0 0 0 0 0 1 0 0 1 0 0 2 1 0 2 2 1 
0 0 68 48 48 89 132 166 211 261 194 287 435 378 548 645 686 815 980 990 1161 1292 1423 1491 1668 1924 2052 2082 2286 2346 2431 2530 2655 2722 2743 2766 2800 2640 2727 2661 2643 2626 2494 2448 2244 2166 2113 1946 1924 1739 1623 1487 1434 1306 1198 1092 1038 934 882 775 701 600 600 530 466 416 395 350 317 259 249 255 206 190 155 153 135 126 116 116 87 67 76 73 45 56 57 43 33 32 48 24 19 26 14 20 21 9 12 14 11 7 11 5 4 3 5 2 1 2 1 3 1 1 0 1 0 1 0 1 0 0 0 0 0 0 0 0 0 0 0 
0 0 45 46 55 79 114 178 194 220 202 282 431 360 502 586 617 832 840 889 1058 1257 1293 1411 1539 1688 1778 1975 2040 2181 2291 2416 2419 2493 2488 2612 2668 2630 2561 2526 2591 2507 2458 2303 2338 2208 2118 2010 1911 1792 1720 1634 1581 1354 1312 1186 1097 988 921 866 731 748 652 568 569 477 398 407 386 358 285 275 254 226 196 190 156 143 134 112 108 95 88 73 83 65 67 47 47 48 43 38 39 30 20 22 29 16 12 12 19 18 8 9 5 9 7 4 1 5 10 5 1 3 4 3 1 1 5 4 2 3 2 4 1 0 0 3 2 1 1 3 1 1 2 2 1 0 0 2 1 0 
0 0 58 48 49 85 102 143 246 167 153 222 350 330 405 492 568 667 830 814 967 1206 1273 1358 1526 1673 1794 1934 1995 2138 2284 2459 2433 2476 2612 2597 2698 2705 2750 2684 2725 2616 2503 2381 2421 2308 2237 2113 2077 1861 1784 1719 1470 1482 1422 1267 1205 1031 987 942 809 799 683 609 608 535 459 426 396 320 296 275 278 222 188 205 162 145 115 118 99 94 100 69 65 55 50 37 31 37 24 22 24 19 17 7 11 9 11 9 6 10 7 7 8 4 2 5 1 2 3 3 1 2 0 1 3 0 2 0 1 0 0 1 0 0 0 0 0 1 0 0 0 0 0 0 0 0 0 0 0 
0 0 52 50 35 116 169 172 175 250 244 284 410 398 454 646 642 667 881 938 1136 1277 1239 1403 1723 1692 1902 2080 2214 2140 2414 2516 2422 2615 2620 2777 2746 2755 2804 2783 2662 2682 2423 2486 2415 2294 2152 1983 1955 1945 1689 1526 1436 1387 1301 1183 1126 929 947 883 736 703 641 562 491 450 441 353 370 253 270 273 229 182 175 157 142 113 124 123 95 81 70 54 45 49 48 35 28 22 22 20 16 23 13 13 14 8 8 5 10 5 7 5 7 6 4 4 6 4 2 5 2 2 2 3 2 2 1 2 1 1 2 1 3 1 3 1 1 0 1 0 0 0 0 0 0 0 0 0 0 0 
0 0 57 54 52 108 115 154 214 303 262 368 579 433 539 829 821 905 1067 1151 1229 1425 1609 1595 1867 1967 2051 2251 2382 2417 2477 2612 2637 2784 2838 2779 2796 2787 2786 2566 2550 2602 2401 2399 2304 2128 1905 1936 1689 1617 1538 1473 1284 1264 1096 1023 955 848 749 695 651 573 555 482 437 386 323 316 278 263 222 210 164 161 136 137 126 99 82 67 69 88 63 60 49 33 36 33 22 28 27 32 23 18 16 6 14 15 8 10 12 3 5 2 5 7 4 3 7 2 0 2 0 1 4 1 2 1 0 0 1 0 1 0 0 0 0 1 0 0 0 0 0 0 0 0 1 0 0 
0 0 61 58 65 86 111 186 215 275 295 299 448 442 541 677 679 805 941 951 1053 1241 1384 1523 1687 1794 1947 2077 2160 2185 2330 2417 2531 2575 2736 2741 2663 2735 2776 2700 2633 2597 2451 2442 2406 2184 2116 2013 1919 1844 1621 1639 1567 1326 1202 1154 1032 957 958 864 752 719 617 549 498 457 402 387 350 302 258 251 198 177 172 132 140 120 116 96 91 67 75 63 58 57 37 40 41 22 33 33 19 17 13 15 13 12 14 10 9 4 9 3 4 8 7 2 4 3 9 2 1 4 1 2 5 3 2 0 2 0 4 1 0 2 1 0 1 0 2 0 0 2 0 1 0 2 0 0 3 0 
0 0 56 47 41 89 158 204 155 180 290 363 381 541 591 611 714 827 914 1001 1225 1340 1472 1639 1713 1903 2083 2177 2392 2541 2633 2835 2797 2808 2927 2969 2997 2913 2884 2941 2836 2589 2628 2511 2384 2313 2088 1940 1957 1703 1671 1477 1401 1297 1222 1140 989 906 821 705 672 595 499 491 436 364 353 312 263 265 208 216 159 150 148 127 113 99 79 86 72 58 67 60 58 47 44 49 40 20 32 27 22 18 16 11 11 9 10 5 10 5 5 5 2 6 3 3 3 4 3 1 1 3 4 3 6 2 4 1 2 4 1 4 2 2 4 0 3 1 3 1 2 1 3 0 0 1 3 0 0 1 
0 0 55 50 50 116 138 136 316 356 299 360 592 567 602 808 1062 1068 1189 1306 1516 1578 1733 1878 2047 2205 2328 2486 2510 2688 2771 2836 2851 2808 2860 2926 2850 2592 2740 2638 2610 2404 2406 2235 2143 1930 1831 1774 1609 1503 1359 1285 1096 1078 930 882 791 769 663 590 558 495 444 389 405 323 284 253 228 204 200 146 147 120 120 88 82 83 75 55 61 51 54 37 31 31 31 32 19 20 17 16 19 9 6 10 10 3 4 8 3 2 3 3 2 5 2 0 2 2 0 0 3 2 1 2 0 2 0 0 3 2 0 0 1 0 0 1 1 0 0 0 0 0 0 0 0 0 0 0 
0 0 50 48 45 150 130 237 193 287 296 333 506 534 568 812 721 940 1064 1201 1292 1449 1709 1733 1880 2076 2033 2396 2388 2536 2607 2689 2843 2876 2808 2745 2819 2860 2761 2698 2669 2443 2331 2373 2200 2078 2068 1901 1727 1643 1536 1437 1303 1265 1187 1013 949 793 756 733 679 575 503 447 456 389 343 318 227 253 208 195 158 145 135 112 101 72 69 65 64 44 52 41 35 27 24 22 20 28 22 14 10 14 11 15 14 13 8 11 9 5 5 5 6 3 4 4 2 2 2 2 2 2 2 1 2 2 0 2 1 1 0 0 1 0 0 0 0 0 0 0 0 0 0 0 
0 0 41 49 46 145 182 184 230 232 210 334 432 457 520 656 862 758 916 1004 1159 1341 1483 1496 1689 1838 1956 2151 2088 2266 2393 2360 2520 2640 2705 2663 2741 2680 2627 2586 2538 2541 2479 2368 2287 2100 2077 1958 1855 1679 1630 1567 1319 1243 1259 1128 1034 914 860 779 690 661 592 593 525 441 446 390 336 318 251 238 250 220 190 157 162 145 134 114 117 83 79 63 56 50 53 41 40 34 32 21 20 11 23 19 20 13 15 7 12 6 5 4 8 4 2 4 2 3 3 4 2 2 1 1 3 1 3 2 1 0 1 1 0 0 1 1 0 1 0 0 1 0 0 0 0 0 0 0 0 0 
0 0 71 62 40 75 119 129 158 224 196 269 372 416 579 549 609 784 856 973 1043 1098 1268 1363 1581 1661 1780 2007 2049 2256 2259 2424 2533 2576 2572 2615 2757 2692 2728 2671 2625 2631 2630 2422 2358 2277 2186 2126 1995 1801 1779 1644 1571 1365 1336 1240 1150 995 950 851 785 660 624 551 506 470 399 380 328 285 262 233 220 177 179 140 135 122 123 97 92 68 84 64 50 52 48 50 41 36 35 26 28 27 24 16 19 10 12 9 19 12 9 6 9 2 5 4 3 4 3 1 0 2 1 2 3 3 1 0 2 1 0 0 1 2 2 1 0 0 1 0 0 1 0 0 0 0 0 0 0 0 
0 0 60 61 54 106 145 176 287 191 161 389 453 421 491 641 700 844 917 1080 1176 1379 1515 1597 1755 1831 2039 2229 2331 2502 2644 2759 2725 2786 2812 2831 2834 2829 2872 2741 2697 2565 2522 2331 2266 2210 2067 1937 1828 1780 1669 1463 1394 1314 1144 1071 996 847 865 773 692 596 586 535 473 429 409 389 290 272 238 202 207 185 149 156 123 129 102 92 94 87 58 56 45 44 44 45 24 26 38 27 16 13 15 9 12 10 6 13 9 3 15 7 4 8 4 3 4 5 5 2 2 2 2 2 3 0 1 2 4 2 2 1 1 1 3 1 2 0 1 1 1 1 2 0 0 1 0 1 0 0 
0 0 54 44 49 78 77 140 240 197 153 305 387 398 492 533 652 743 793 873 1099 1161 1311 1509 1604 1644 1787 1934 2187 2258 2323 2392 2547 2653 2673 2676 2811 2814 2878 2760 2601 2570 2642 2483 2530 2264 2163 2113 2042 1882 1734 1540 1591 1463 1304 1212 1088 1009 891 894 737 747 647 586 533 452 455 381 344 320 272 301 245 233 181 147 177 138 115 115 108 109 96 74 66 48 52 38 48 34 24 43 18 17 11 12 8 9 10 9 6 10 3 4 3 1 1 4 4 2 0 2 1 3 0 1 0 1 0 0 0 0 0 0 0 0 0 0 0 
0 0 69 78 53 147 193 183 210 321 257 340 491 484 616 731 736 948 980 1063 1295 1397 1497 1525 1752 1998 1987 2239 2310 2456 2471 2673 2693 2702 2834 2860 2793 2714 2633 2675 2687 2516 2541 2376 2273 2169 2055 1906 1828 1750 1593 1472 1381 1249 1190 1043 968 848 760 730 654 598 569 459 464 403 327 309 274 290 250 198 192 174 149 129 118 99 87 84 68 63 60 53 45 37 42 37 27 22 23 19 19 19 14 11 6 10 2 8 8 6 6 3 2 3 2 2 2 3 1 1 0 1 0 1 0 0 0 0 0 0 0 0 0 0 0 
0 0 52 48 39 97 101 174 142 268 142 259 366 336 499 527 612 738 819 913 1039 1216 1290 1421 1608 1744 1889 1900 2054 2294 2287 2488 2613 2659 2748 2856 2854 2836 2857 2857 2824 2630 2646 2628 2457 2334 2245 2169 2022 1895 1773 1641 1483 1397 1322 1198 1094 1051 943 847 735 715 661 601 543 477 478 364 353 311 284 257 238 204 200 162 150 148 123 107 84 80 70 56 71 51 49 42 34 40 38 24 23 31 22 19 20 13 11 9 10 13 5 6 8 2 7 7 4 4 3 2 1 4 3 1 2 3 0 0 0 0 0 1 2 0 0 0 0 0 0 0 0 0 0 0 
0 0 57 68 47 96 138 156 216 276 158 261 498 422 450 731 795 864 1127 1167 1235 1425 1570 1656 1918 2056 2118 2338 2461 2601 2620 2717 2765 2730 2867 2865 2957 2837 2744 2658 2672 2555 2511 2438 2302 2128 2148 1969 1826 1651 1637 1455 1353 1283 1142 1074 989 912 788 761 669 640 602 515 496 406 368 326 290 264 260 216 198 163 151 144 120 114 84 75 99 69 58 55 55 56 50 29 28 33 31 20 18 20 23 10 19 11 10 18 4 9 11 6 10 7 6 1 5 7 2 2 3 0 0 4 2 1 0 1 0 2 0 0 0 0 0 0 0 0 0 0 0 
0 0 61 69 39 99 126 126 202 226 265 286 398 461 616 546 679 810 934 937 1079 1172 1440 1478 1664 1733 1945 2086 2149 2397 2449 2534 2707 2681 2783 2776 2870 2800 2766 2724 2639 2605 2615 2528 2404 2215 2146 2089 1869 1792 1607 1459 1393 1344 1257 1157 1015 925 812 732 735 678 603 553 473 420 354 320 319 288 282 239 210 202 152 147 131 112 102 98 82 75 62 65 57 42 36 45 40 36 24 21 27 19 19 18 14 18 5 6 7 6 4 3 6 4 3 2 0 3 0 1 0 1 0 1 0 0 1 0 0 1 1 1 0 1 0 0 1 0 1 0 0 1 1 0 0 1 0 0 0 0 
0 0 55 66 38 73 133 149 173 219 169 252 389 350 385 561 584 658 788 892 984 1110 1284 1355 1485 1672 1785 2075 2100 2137 2235 2379 2475 2548 2630 2631 2779 2659 2784 2726 2696 2636 2591 2479 2422 2327 2282 2061 2008 1932 1871 1691 1556 1436 1394 1260 1114 1085 981 842 848 744 698 591 602 466 413 390 346 295 281 270 220 210 189 158 153 126 106 115 84 62 75 71 58 39 30 42 39 29 27 27 19 23 16 9 12 8 5 9 1 2 7 1 2 6 4 2 5 9 6 5 2 8 2 1 7 4 6 4 4 0 5 4 3 2 3 3 2 0 1 1 0 0 0 0 0 1 0 0 1 0 
0 0 69 65 54 94 123 153 184 257 192 225 391 422 452 561 708 664 873 1005 1027 1209 1334 1445 1558 1718 1896 2032 2098 2224 2342 2421 2596 2668 2708 2772 2715 2716 2859 2753 2646 2633 2540 2498 2392 2221 2223 2001 1888 1863 1714 1575 1430 1357 1214 1177 1078 968 858 829 730 631 592 578 440 441 417 370 296 264 263 223 212 192 136 156 118 126 109 107 77 70 78 57 60 45 40 31 39 30 18 25 23 19 16 18 8 8 8 7 10 14 10 4 6 7 4 7 3 2 11 3 4 3 5 11 4 11 8 10 11 2 4 6 3 7 6 7 3 2 3 2 6 2 5 1 4 3 0 0 1 3 
