0 0 0 248 248 248 312 350 408 496 660 620 835 1262 1644 2147 2859 3755 4791 6034 7574 9276 11182 13484 15939 18638 21741 24936 28054 31319 34659 37788 40682 43152 45046 46578 47820 48242 48184 47673 46488 44916 43066 40905 38350 35879 33261 30361 27705 25173 22567 20030 17856 15693 13763 12097 10548 9134 7949 6952 5981 5143 4334 3676 3173 2702 2311 1958 1641 1377 1183 1006 842 724 607 510 435 374 316 275 225 192 152 126 108 93 70 59 51 39 33 27 24 21 21 15 12 13 12 11 9 9 8 6 6 4 3 3 3 3 2 3 3 4 4 5 5 4 4 4 3 2 2 1 1 1 1 
0 0 0 250 250 250 366 478 565 812 1205 1473 2135 2911 3619 4594 5837 7215 8765 10631 12697 15182 18032 20925 24032 27360 30524 33918 37098 39864 42340 44646 46369 47371 48208 48060 47644 46885 45438 43422 41221 38910 36214 33631 30725 27807 25193 22739 20377 18073 16012 14034 12370 10816 9386 8115 6953 6060 5222 4436 3768 3177 2686 2299 1987 1637 1368 1160 963 817 694 569 479 403 333 284 235 184 152 126 98 84 79 57 52 45 33 28 28 23 18 14 13 12 12 11 6 5 5 5 3 3 2 1 1 
0 0 0 250 250 250 315 381 440 526 681 652 924 1313 1621 2102 2748 3544 4521 5586 6954 8434 10454 12629 15098 17833 20753 23921 27168 30538 33782 36931 39746 42291 44435 46137 47258 47864 47838 47282 46347 45051 43269 41056 38869 36368 33851 31222 28573 25854 23320 21003 18555 16446 14452 12660 11080 9593 8266 7092 6150 5269 4466 3805 3185 2687 2268 1942 1596 1328 1102 938 793 668 565 462 405 335 277 221 172 145 125 109 90 77 67 57 49 41 34 31 24 21 18 15 12 11 8 4 2 3 3 3 3 3 2 3 3 2 2 3 3 2 2 1 1 1 1 
0 0 0 249 249 249 335 399 455 675 928 915 1393 2072 2575 3373 4508 5607 6952 8599 10581 12633 15209 17971 20885 23970 27231 30633 33705 36786 39803 42270 44342 46169 47153 47614 47671 47247 45982 44682 42865 40585 38217 35687 33040 30294 27729 24961 22359 19952 17810 15735 13830 12084 10525 9179 7946 6879 5978 5177 4470 3845 3259 2763 2418 2080 1771 1516 1264 1066 913 785 639 534 438 381 322 263 216 171 148 124 104 79 66 53 50 45 35 25 20 22 18 18 14 12 11 11 9 6 4 3 3 2 2 2 3 1 1 1 1 1 1 1 
0 0 0 249 249 249 303 370 420 531 687 647 891 1262 1604 2088 2738 3541 4549 5834 7315 9023 11125 13374 16003 18877 21724 24770 28072 31288 34292 37251 39994 42236 44402 46067 47117 47569 47727 47296 46385 45027 43068 40804 38349 35822 33044 30216 27427 24839 22427 20057 17748 15689 13840 12199 10550 9097 7875 6784 5871 5050 4276 3682 3154 2692 2253 1899 1596 1353 1169 967 838 715 618 520 457 382 324 280 229 198 159 139 112 92 78 63 52 37 30 23 18 16 14 10 7 7 5 4 2 2 3 3 3 3 4 4 4 4 3 3 2 2 1 1 1 1 
0 0 0 250 250 250 305 363 412 550 845 928 1281 1829 2315 2977 3999 5111 6191 7658 9575 11598 13961 16693 19491 22445 25737 28877 32073 35182 38291 40912 43313 45369 47001 48136 48506 48359 47685 46655 44861 42816 40467 37924 35294 32629 29969 27220 24805 22433 19928 17695 15628 13703 11894 10316 8837 7557 6570 5665 4826 4173 3529 3000 2587 2148 1803 1500 1274 1047 878 745 623 527 439 368 319 272 227 186 150 125 113 103 81 67 58 45 35 32 21 13 14 12 9 11 10 11 10 9 6 6 8 6 9 10 9 10 9 10 9 10 7 5 6 4 4 3 2 1 1 1 
0 0 0 250 250 250 300 347 394 483 682 638 909 1321 1588 2072 2771 3536 4412 5558 6978 8559 10520 12752 15116 17778 20775 23709 26863 30162 33369 36352 39211 41863 43869 45758 46994 47753 47982 47682 46899 45623 44078 41951 39595 36925 34182 31378 28506 25769 23200 20800 18506 16297 14434 12711 11134 9638 8255 7041 6038 5232 4428 3753 3200 2725 2274 1955 1632 1349 1109 922 790 648 550 467 392 328 280 235 193 164 140 114 87 72 62 53 43 31 24 18 15 13 8 5 5 5 4 4 4 2 1 1 1 
0 0 0 250 250 250 316 366 414 549 746 721 1048 1423 1764 2432 3297 4150 5243 6660 8224 10167 12488 14882 17547 20746 24034 27362 30929 34212 37465 40460 43141 45405 47128 48363 48890 49085 48669 47706 46136 44124 41845 39255 36692 33931 31115 28318 25673 23022 20572 18411 16180 14141 12274 10653 9299 8084 6994 5973 5121 4434 3786 3267 2762 2342 1971 1645 1389 1163 990 831 693 570 485 392 336 266 216 180 139 118 97 90 71 58 51 40 36 30 26 20 14 16 13 12 11 9 10 9 8 6 5 5 5 4 3 3 2 2 2 2 2 2 1 2 3 3 4 4 3 3 3 3 2 2 1 1 1 1 1 
0 0 0 249 249 249 303 362 411 497 610 495 714 1114 1416 1882 2552 3357 4404 5691 7209 8846 10899 13152 15616 18436 21346 24386 27724 31028 34177 37177 40039 42498 44673 46353 47130 47696 47684 47210 46320 44732 42741 40583 38400 35733 33089 30384 27655 25221 22802 20367 18123 16131 14261 12560 10930 9434 8133 7060 6027 5132 4407 3764 3203 2725 2338 1983 1697 1428 1216 1019 840 724 624 532 448 385 303 261 223 175 132 113 96 82 71 60 44 35 33 25 24 18 17 13 11 10 8 8 4 3 2 1 1 1 1 
0 0 0 250 250 250 334 403 481 578 720 841 1255 1781 2271 2920 3783 4917 6323 7745 9577 11728 14204 17077 20033 23146 26343 29735 32876 36067 39027 41696 44105 45901 47334 48106 48384 48120 47405 45993 44194 42279 39933 37416 35005 32278 29490 26844 24217 21665 19369 17210 15050 13090 11379 9850 8562 7391 6313 5375 4585 3936 3393 2891 2441 2082 1725 1474 1245 1042 837 712 612 494 425 355 306 255 218 182 149 128 102 84 61 49 40 32 24 23 17 13 11 9 9 7 7 5 5 5 4 4 2 2 1 
0 0 0 250 250 250 301 375 432 515 631 649 992 1383 1775 2359 3137 4106 5191 6382 7789 9512 11533 13643 16195 18883 21790 24800 27877 31091 34148 37137 39563 41750 43653 45180 46330 46840 46738 46251 45453 44049 42208 40180 37812 35208 32781 30178 27430 24967 22583 20130 17910 15841 13836 12154 10711 9282 8045 7023 6057 5263 4559 3825 3238 2783 2381 2010 1695 1423 1204 1012 829 699 594 505 427 355 307 266 224 198 164 138 117 99 89 75 64 48 41 35 28 19 13 10 10 6 5 5 3 4 6 5 5 5 5 4 5 4 2 3 2 2 2 3 2 2 2 1 1 1 1 
0 0 0 250 250 250 304 346 398 523 700 732 1081 1514 1967 2651 3571 4561 5715 7051 8773 10669 12902 15266 17805 20510 23562 26698 29851 32864 35832 38679 41141 43250 44816 46100 46654 46898 46455 45482 44332 42811 40846 38428 35926 33375 30800 28268 25570 23013 20747 18606 16561 14655 12895 11337 9917 8670 7492 6432 5582 4800 4175 3535 3027 2581 2216 1907 1621 1365 1130 962 818 699 565 485 409 331 277 231 188 159 125 102 90 82 69 53 45 37 33 26 19 15 13 9 7 5 2 2 2 1 
0 0 0 249 249 249 327 379 440 562 731 678 949 1365 1576 2006 2613 3226 4062 5260 6503 7846 9826 11793 13932 16507 19196 21924 24853 27980 31016 33960 36976 39614 42025 43976 45613 46526 46917 46924 46132 45106 43530 41690 39355 37104 34590 32079 29647 26911 24438 22008 19826 17581 15621 13768 12045 10602 9226 7959 6872 6013 5111 4349 3710 3177 2664 2291 1932 1569 1347 1147 971 814 688 567 484 422 347 290 247 208 179 141 119 108 92 80 63 54 44 40 30 23 17 13 13 8 6 6 5 4 3 2 2 2 2 2 1 1 1 1 
0 0 0 250 250 250 309 367 411 477 616 531 689 1002 1295 1731 2316 3044 3838 4911 6267 7965 9782 11967 14227 16856 19722 22734 25792 28726 31883 35019 37968 40618 42818 44739 46087 47081 47612 47342 46750 45664 44178 42226 40168 37810 35136 32394 29706 27022 24407 21950 19647 17367 15324 13514 11829 10265 8955 7731 6614 5707 4909 4192 3545 3027 2615 2213 1897 1589 1341 1147 992 816 693 598 496 439 365 298 241 212 168 138 120 97 84 71 61 48 42 35 29 24 21 19 15 12 9 6 7 6 2 2 2 2 2 1 
0 0 0 250 250 250 320 376 431 623 860 846 1255 1767 2138 2823 3866 4857 6109 7796 9672 11673 14258 16999 19797 22944 26296 29563 32833 36228 39233 41988 44259 46197 47583 48540 48842 48407 47583 46263 44718 42651 40198 37593 34982 32203 29437 26703 24075 21563 19285 17047 14907 13156 11504 10044 8635 7501 6465 5543 4752 4099 3550 3003 2601 2175 1821 1540 1314 1102 914 778 635 534 454 376 301 240 199 171 139 118 96 80 71 59 51 42 35 31 27 20 16 13 10 7 6 4 5 5 4 3 3 3 4 3 3 4 5 4 4 5 4 4 3 2 1 1 1 
0 0 0 250 250 250 302 346 400 558 818 847 1206 1863 2390 3094 4141 5344 6643 8188 10107 12114 14519 17321 20112 23128 26351 29708 33048 36069 39180 41779 44169 45994 47293 48073 48208 47874 46956 45689 43894 41816 39488 36925 34190 31520 28875 26132 23580 21131 18899 16703 14776 13081 11325 9879 8555 7395 6341 5492 4734 3986 3421 2924 2470 2085 1751 1500 1239 1064 917 771 657 567 460 376 328 284 240 199 167 132 107 99 77 61 46 38 29 25 25 15 15 13 9 8 7 6 5 5 3 2 1 1 
0 0 0 250 250 250 318 406 468 588 757 702 1000 1457 1869 2358 3108 4146 5366 6818 8515 10478 12807 15424 18318 21294 24486 27891 31235 34637 37846 40777 43450 45714 47520 48449 49188 49133 48527 47468 45973 43987 41628 39298 36619 33802 31006 28294 25572 22962 20506 18233 16066 14098 12455 10882 9388 8143 7044 6079 5185 4490 3757 3187 2696 2282 1925 1620 1368 1154 951 793 655 534 445 368 301 237 212 166 140 128 107 77 65 64 55 50 37 27 21 22 15 8 5 3 3 3 3 1 1 
0 0 0 250 250 250 315 379 432 519 662 568 768 1095 1393 1744 2333 3120 3970 5186 6650 8331 10291 12525 15017 17809 20868 24042 27299 30583 33903 37276 40211 42866 45227 46899 48179 48890 49135 48600 47714 46165 44253 42103 39694 37119 34191 31405 28584 25965 23276 20805 18399 16213 14314 12503 10919 9409 8181 7072 6081 5184 4441 3817 3234 2759 2328 1958 1676 1429 1168 964 807 682 562 469 388 319 276 227 202 174 147 131 103 84 75 64 54 41 36 29 27 18 14 13 10 8 7 5 3 2 1 
0 0 0 250 250 250 305 370 423 609 832 842 1226 1719 2197 2841 3682 4684 5962 7318 9016 10987 13173 15642 18295 20964 23860 27093 30080 32979 35920 38683 41041 43156 44867 45893 46712 46955 46611 45720 44517 42855 40820 38593 36046 33425 30864 28260 25660 23190 20746 18492 16408 14492 12683 11011 9555 8304 7144 6204 5317 4543 3843 3292 2836 2408 2073 1735 1460 1232 1048 878 742 616 513 428 359 310 260 223 177 147 120 99 82 69 63 47 39 34 33 24 16 12 6 6 6 6 3 2 1 
0 0 0 250 250 250 291 356 410 502 692 644 895 1320 1660 2201 2944 3826 4836 6106 7563 9223 11298 13678 16176 18772 21772 24651 27837 31108 34193 37015 39564 42025 43794 45332 46269 46658 46687 46082 45129 43727 41943 39910 37691 35225 32563 29949 27392 24773 22355 20120 17923 15787 13892 12232 10664 9336 8144 7023 6013 5205 4494 3797 3254 2753 2348 1978 1698 1442 1208 1058 900 753 623 532 436 374 326 255 198 174 141 110 88 72 55 46 39 30 25 17 11 10 7 5 4 3 1 1 
0 0 0 250 250 250 330 388 456 616 811 804 1124 1627 1994 2591 3473 4515 5769 7246 9111 11133 13551 16096 18906 22047 25368 28763 32023 35264 38546 41646 44071 45944 47516 48607 49109 48974 48107 46911 45486 43501 41067 38408 35702 33036 30321 27476 24739 22294 19910 17672 15541 13544 11850 10328 8931 7685 6581 5697 4899 4190 3550 2998 2519 2117 1821 1490 1261 1074 889 752 643 539 450 375 303 239 210 175 144 118 86 68 60 54 41 30 26 18 17 17 14 12 9 8 5 7 6 5 5 6 6 5 5 3 2 2 2 1 1 1 1 1 1 1 1 1 
0 0 0 249 249 249 306 364 427 547 709 702 1003 1446 1838 2416 3327 4359 5596 7042 8871 10877 13242 15842 18349 21363 24568 27659 30807 33995 37068 39835 42479 44505 46008 47374 48046 48233 47728 46682 45326 43535 41408 38917 36342 33512 30863 28212 25508 22935 20518 18244 16136 14149 12244 10686 9251 7983 6900 5930 5002 4272 3680 3138 2693 2254 1895 1598 1350 1146 978 827 688 601 516 423 356 295 236 195 160 132 100 82 63 59 56 44 35 33 29 30 26 20 15 14 12 8 8 6 5 3 2 1 1 1 1 
0 0 0 249 249 249 313 365 432 622 904 1000 1460 2020 2505 3274 4289 5420 6741 8301 10116 12236 14691 17387 20272 23180 26386 29498 32740 35699 38561 40945 43178 45015 46212 47024 46959 46794 45906 44786 43073 41112 38838 36390 34035 31319 28752 26151 23569 21117 18859 16801 14783 12951 11333 9901 8591 7467 6442 5478 4722 4083 3520 2933 2504 2106 1772 1506 1265 1048 874 760 626 531 434 368 303 251 203 166 142 114 99 76 61 44 37 29 23 17 15 13 11 10 11 9 7 5 5 4 4 4 3 3 3 3 3 2 2 2 1 1 1 1 
0 0 0 250 250 250 308 365 420 488 629 528 684 1030 1361 1746 2402 3200 4087 5190 6625 8069 9908 11973 14137 16626 19382 22319 25368 28358 31472 34428 37390 40078 42317 44337 45712 46691 47085 46976 46290 45180 43648 41688 39483 37200 34648 31991 29407 26763 24253 21725 19412 17223 15196 13528 11803 10270 8902 7715 6691 5791 4963 4217 3604 3066 2631 2233 1876 1606 1371 1153 987 820 682 590 497 408 334 285 241 204 177 143 131 110 94 83 73 64 54 49 42 37 34 30 21 16 13 8 4 2 1 
0 0 0 249 249 249 306 350 406 534 664 577 925 1340 1556 2069 2727 3450 4424 5565 6848 8450 10608 12792 15163 17959 21022 24098 27272 30460 33500 36440 39388 41946 43950 45711 46876 47532 47696 47198 46322 44970 43183 41109 38807 36256 33600 31071 28256 25541 23009 20507 18255 16132 14217 12493 10931 9453 8165 7113 6156 5305 4576 3897 3357 2867 2452 2066 1735 1490 1240 1056 872 749 651 554 456 391 315 262 219 185 144 120 94 75 70 58 48 40 34 29 29 26 23 22 19 17 15 15 12 8 8 7 7 4 3 3 2 3 2 3 3 3 3 4 4 3 3 2 2 2 1 
0 0 0 250 250 250 299 352 415 554 722 660 903 1316 1687 2180 2986 3830 4891 6249 7869 9570 11721 14187 16668 19352 22276 25304 28508 31894 34929 37753 40512 42906 44910 46413 47312 47619 47619 47085 45940 44398 42519 40444 38011 35428 32685 29883 27220 24706 22189 19726 17513 15403 13544 11881 10294 8890 7676 6576 5661 4878 4169 3567 3054 2621 2222 1905 1594 1339 1118 940 784 651 537 438 361 308 247 199 167 143 120 105 89 72 64 56 45 34 27 20 19 14 13 15 13 15 12 13 13 12 9 7 8 8 7 6 7 7 7 8 7 6 6 5 5 7 6 4 5 4 4 4 3 1 1 1 1 1 1 1 1 1 1 1 
0 0 0 250 250 250 319 373 425 521 645 555 742 1112 1382 1748 2259 2906 3765 4793 6015 7316 9103 11056 13072 15463 18071 20926 23941 27031 30077 33028 35979 38705 40900 42975 44635 45628 46294 46464 46214 45283 44051 42443 40370 38307 35854 33411 30835 28231 25730 23121 20691 18448 16343 14377 12601 11080 9667 8359 7309 6283 5344 4558 3910 3342 2875 2429 2018 1709 1458 1239 1019 835 726 623 535 444 383 325 280 241 196 162 137 122 96 81 69 61 45 39 34 30 29 24 22 18 15 12 11 8 6 4 4 3 4 3 2 3 3 3 2 2 1 1 1 
0 0 0 250 250 250 312 374 435 600 808 806 1118 1538 2005 2618 3529 4538 5813 7285 9026 10985 13312 15833 18424 21382 24375 27536 30744 33976 36870 39687 42219 44251 45914 47022 47629 47757 47290 46395 44957 43213 41141 38803 36162 33437 30719 27967 25345 22709 20279 18064 16053 14099 12446 10874 9533 8353 7205 6180 5302 4516 3876 3319 2831 2373 2016 1724 1484 1287 1084 905 747 658 563 465 391 339 289 247 210 169 142 126 110 88 76 66 57 43 36 33 30 30 27 22 22 22 20 21 16 14 10 11 11 9 8 7 7 7 7 6 4 4 4 2 3 2 2 1 2 3 3 3 2 2 2 2 1 
0 0 0 250 250 250 310 367 409 468 569 437 618 878 1036 1294 1755 2337 3075 3897 5020 6275 7939 9814 11836 14197 16770 19637 22508 25653 28852 32050 35162 38113 40881 43152 45151 46615 47662 48206 48008 47267 46050 44567 42599 40274 37694 34947 32491 29758 27045 24424 21900 19577 17329 15251 13242 11638 10129 8788 7652 6602 5682 4907 4244 3589 3067 2599 2202 1909 1614 1379 1144 975 811 683 571 463 393 310 249 206 162 131 98 76 62 50 35 28 17 12 10 7 6 4 4 3 3 2 
0 0 0 249 249 249 322 399 456 562 732 698 941 1293 1545 1947 2516 3235 4045 5013 6299 7901 9833 11922 14273 16902 19838 22978 26177 29302 32610 35886 38981 41735 44026 45865 47226 48226 48471 48068 47308 46203 44638 42652 40352 37748 35068 32498 29804 26927 24305 21851 19542 17399 15410 13488 11741 10293 8885 7665 6642 5684 4847 4192 3543 2950 2522 2157 1813 1547 1329 1090 933 792 657 556 465 377 317 273 219 186 142 113 99 83 61 53 43 33 30 26 20 16 14 12 11 10 9 8 6 6 4 3 4 4 3 1 1 1 1 1 
0 0 0 250 250 250 298 356 400 535 786 821 1234 1974 2519 3192 4203 5426 6778 8473 10455 12561 15031 17873 20863 24021 27429 30802 34082 37153 40337 43163 45558 47421 48665 49297 49449 49140 48019 46273 44348 42064 39547 36867 34065 31199 28347 25792 23078 20557 18166 16066 14115 12246 10727 9255 8030 6831 5859 4979 4198 3555 2985 2501 2063 1789 1513 1263 1045 860 725 625 526 452 385 328 273 241 203 168 134 115 89 74 58 49 39 36 35 28 22 21 19 15 13 9 6 5 5 3 2 2 2 2 1 1 1 1 
0 0 0 250 250 250 304 377 438 521 639 549 780 1166 1483 1970 2649 3463 4431 5705 7152 8800 10743 13042 15445 18158 21128 24107 27380 30558 33803 36832 39829 42313 44472 46394 47462 48236 48407 48010 47141 45743 43941 41636 39381 36759 34018 31191 28342 25669 23111 20618 18283 16156 14232 12466 10833 9442 8157 7078 6050 5169 4420 3769 3185 2723 2292 1950 1672 1408 1159 977 821 689 585 497 396 321 273 223 186 162 137 120 105 94 77 64 56 44 36 26 21 16 14 12 8 8 7 6 4 3 3 3 3 1 
0 0 0 250 250 250 331 388 433 530 712 679 965 1409 1803 2456 3344 4296 5383 6848 8559 10541 12844 15289 18128 21058 24247 27465 30708 33777 36867 39809 42230 44557 46229 47551 48372 48532 48034 47033 45558 43622 41622 39126 36347 33668 31039 28338 25729 23139 20653 18322 16261 14417 12605 10916 9525 8314 7174 6181 5283 4421 3736 3258 2721 2316 1919 1628 1408 1207 1021 850 722 595 522 433 352 304 269 221 181 156 134 119 104 88 69 61 50 38 29 25 20 15 12 11 9 10 7 7 5 6 5 5 5 4 4 2 2 1 1 1 1 2 3 2 2 3 3 3 3 2 1 1 2 1 1 1 1 1 1 1 
0 0 0 249 249 249 299 351 406 548 697 677 967 1524 1970 2546 3402 4436 5694 7146 8905 10860 13372 15982 18767 21786 25170 28589 31907 35084 38141 40926 43515 45503 46885 47901 48511 48420 47845 46733 45120 43136 40948 38371 35546 32805 29859 27187 24546 22092 19567 17361 15379 13516 11808 10255 8828 7654 6696 5745 4903 4208 3640 3149 2717 2290 1914 1632 1383 1141 919 774 632 522 424 344 285 244 214 183 158 134 113 99 87 75 61 49 49 41 36 31 23 23 22 17 12 11 10 9 11 7 6 4 4 4 3 3 2 2 3 3 3 3 3 3 2 2 2 2 2 2 3 3 3 3 2 4 4 3 2 2 2 2 2 
0 0 0 250 250 250 322 383 448 562 812 801 1099 1539 1888 2532 3417 4439 5542 7075 8915 10776 13191 15859 18687 21819 24929 28065 31311 34658 37774 40453 42940 45068 46806 48015 48400 48483 48027 47130 45607 43556 41362 38917 36432 33686 30894 28190 25558 23082 20654 18344 16261 14310 12505 10837 9352 8074 6995 6007 5120 4349 3679 3097 2626 2193 1824 1534 1289 1080 903 759 659 531 429 369 315 279 241 193 145 123 100 79 68 54 41 34 29 22 17 15 11 7 6 4 3 2 1 
0 0 0 250 250 250 317 387 453 561 755 740 1053 1459 1777 2372 3210 4087 5131 6480 8017 9853 12070 14366 17012 19919 23083 26284 29426 32646 35913 38714 41437 43578 45386 46682 47594 47931 47428 46624 45281 43681 41489 39215 36675 33881 31248 28758 26006 23385 21047 18698 16535 14616 12794 11149 9648 8405 7284 6260 5474 4696 4039 3454 3005 2592 2149 1846 1536 1310 1132 944 765 645 560 450 364 297 239 202 157 125 108 90 74 61 49 37 38 39 25 25 22 20 15 17 12 8 9 7 9 9 10 7 7 7 6 5 3 3 1 1 1 
0 0 0 250 250 250 315 362 406 518 668 718 1042 1411 1780 2276 3083 3958 4944 6101 7460 9215 11249 13491 15971 18710 21613 24699 27933 31070 34232 37318 39979 42385 44575 46215 47271 47786 47841 47339 46454 45085 43208 40968 38576 36044 33356 30573 27828 25158 22647 20319 18024 15990 14028 12343 10787 9345 8064 6918 6038 5191 4450 3775 3183 2710 2284 1942 1639 1355 1135 972 805 675 573 468 388 330 270 219 188 149 124 107 90 72 64 55 44 38 31 27 21 19 14 12 7 4 4 4 4 3 2 1 1 1 1 
0 0 0 250 250 250 306 365 414 562 839 870 1353 2020 2506 3247 4330 5533 6870 8645 10552 12535 15058 17885 20780 23899 27216 30398 33511 36688 39691 42366 44593 46372 47623 48322 48640 48320 47456 45924 44246 42152 39718 37124 34478 31734 29018 26297 23580 21083 18776 16695 14619 12816 11152 9773 8453 7319 6318 5434 4617 3912 3301 2815 2430 2036 1707 1422 1220 1032 867 724 603 497 409 329 268 212 171 135 107 87 69 59 44 36 32 28 23 19 16 13 10 7 4 3 3 3 1 1 
0 0 0 250 250 250 309 362 415 537 721 704 1047 1508 1973 2629 3506 4473 5736 7172 8874 10758 12967 15401 17993 21053 24153 27285 30403 33513 36513 39393 41960 43915 45379 46667 47257 47403 47057 46088 44780 43149 41121 38723 36300 33795 31123 28506 25894 23366 20973 18815 16726 14685 12904 11296 9816 8484 7451 6319 5425 4704 4041 3436 2944 2489 2055 1762 1501 1248 1036 869 717 606 524 443 386 321 276 234 201 166 132 114 89 74 64 52 44 34 28 21 18 17 14 11 7 6 5 3 2 3 3 3 3 2 2 2 2 1 
0 0 0 250 250 250 330 398 464 536 713 681 933 1343 1671 2271 3056 3994 5021 6363 8153 10020 12286 14661 17223 20189 23403 26612 29583 32851 35932 38862 41667 43848 45724 47205 48227 48269 48141 47267 45923 44343 42165 39741 37220 34715 31811 29040 26380 23726 21305 18931 16626 14632 12812 11264 9755 8390 7165 6124 5266 4499 3859 3298 2774 2353 1999 1715 1467 1230 1035 867 727 624 540 436 346 281 227 189 161 136 107 86 79 62 52 39 28 19 17 15 11 10 6 6 4 5 4 5 3 2 2 2 2 1 1 
0 0 0 250 250 250 329 393 473 671 966 1082 1537 2179 2698 3461 4500 5713 7018 8747 10623 12727 15443 18236 21196 24264 27519 30658 33815 36906 39536 42008 44078 45780 46957 47472 47769 47227 46407 45097 43299 41177 38859 36386 33558 30939 28202 25496 22969 20548 18246 16238 14338 12597 11016 9615 8399 7266 6263 5346 4603 3914 3339 2821 2377 1999 1715 1442 1207 1031 858 760 626 536 430 373 317 261 212 167 149 118 106 88 67 61 57 45 38 33 29 26 25 17 12 10 6 6 3 3 3 3 3 3 2 2 2 2 1 1 4 4 4 3 3 3 3 4 2 2 3 3 3 3 3 2 1 1 
0 0 0 250 250 250 315 360 396 495 668 597 918 1360 1728 2387 3168 4038 5190 6585 8236 10059 12241 14548 17244 20168 23091 26203 29433 32590 35786 38782 41397 43603 45419 46784 47402 47768 47529 46730 45489 43865 42013 39772 37414 34837 31998 29323 26637 24148 21637 19405 17148 15119 13338 11640 10161 8786 7615 6454 5623 4723 4025 3427 2904 2471 2061 1773 1510 1317 1123 947 795 657 579 483 399 327 284 233 196 169 139 111 92 78 68 60 52 41 35 33 27 26 19 17 15 14 11 8 7 5 6 6 6 5 2 2 1 1 
0 0 0 250 250 250 325 388 445 529 644 540 743 1024 1184 1593 2208 2798 3643 4817 6030 7489 9435 11361 13523 16074 18846 21766 24909 28079 31162 34268 37293 40110 42420 44299 45928 46942 47408 47342 46760 45619 44105 42167 39903 37501 34994 32404 29655 27042 24486 22046 19705 17476 15412 13550 11917 10324 8981 7785 6698 5792 4984 4277 3604 3098 2638 2213 1848 1558 1291 1079 914 768 637 551 447 376 303 252 212 178 145 122 102 85 85 72 59 54 55 46 40 34 24 22 18 14 9 7 7 4 4 3 3 3 2 2 1 1 
0 0 0 249 249 249 302 362 421 560 751 713 1011 1490 1858 2328 3119 3933 4906 6247 7868 9552 11693 14047 16607 19431 22452 25494 28481 31735 34711 37654 40253 42428 44220 45779 46713 47017 47019 46472 45357 43914 42205 39918 37630 35201 32547 29965 27397 24866 22331 19956 17751 15649 13831 11987 10411 9055 7899 6868 5904 5013 4271 3699 3149 2700 2275 1925 1652 1446 1189 982 846 712 591 507 422 353 305 243 192 163 136 120 100 81 64 53 44 36 33 23 19 16 12 10 6 4 3 4 3 1 1 1 1 1 1 
0 0 0 250 250 250 319 376 435 563 795 782 1226 1736 2223 2947 3909 5043 6354 7971 9821 11996 14528 17350 20286 23468 26964 30248 33598 36792 39689 42285 44622 46418 47633 48619 48670 48310 47577 46311 44561 42499 40001 37296 34671 31942 29186 26448 23846 21333 18987 16767 14796 12905 11192 9610 8244 7073 6043 5177 4369 3750 3184 2729 2307 1946 1666 1424 1203 997 833 718 595 503 422 344 294 231 187 149 126 92 75 64 49 43 37 33 26 19 18 16 11 7 6 5 4 4 3 3 3 2 
0 0 0 250 250 250 304 362 416 531 655 592 911 1238 1445 1870 2392 3018 3842 4798 5838 7176 9032 10857 12967 15478 18362 21245 24287 27473 30544 33667 36808 39380 41634 43826 45480 46647 47298 47422 46801 46041 44686 42731 40665 38318 35754 33103 30484 27827 25163 22717 20339 18052 16067 14195 12486 10847 9475 8215 7088 6115 5153 4448 3816 3274 2763 2371 2009 1720 1487 1228 1040 889 745 612 531 434 367 321 274 217 186 167 135 117 93 77 72 57 49 38 30 23 20 15 9 6 5 4 3 3 2 1 1 1 1 
0 0 0 250 250 250 297 355 401 497 670 639 896 1369 1749 2259 2997 3823 4867 6137 7653 9279 11227 13593 16107 18900 21928 25047 28289 31507 34796 37770 40516 42956 44970 46592 47414 47927 47803 47153 46054 44630 42564 40280 38071 35428 32695 30056 27347 24636 22292 19986 17686 15713 13945 12148 10643 9277 7998 6794 5851 4993 4255 3678 3146 2680 2251 1926 1642 1388 1154 975 840 694 591 508 429 346 295 241 185 153 125 102 87 71 55 47 41 37 28 25 21 18 20 17 15 9 10 8 5 6 4 3 4 4 2 3 3 2 2 2 1 1 1 
0 0 0 249 249 249 318 378 439 537 726 698 978 1445 2003 2578 3421 4437 5647 7255 9167 11095 13329 16065 18909 22014 25234 28427 31687 35025 38273 41227 43878 45921 47556 48643 49134 49121 48311 47048 45322 43402 41054 38413 35686 32872 30127 27292 24669 22099 19702 17558 15487 13556 11837 10332 8880 7623 6559 5612 4760 4036 3442 2933 2485 2116 1801 1512 1308 1127 933 762 656 552 450 383 316 262 234 198 162 125 103 88 72 57 41 36 32 27 22 17 12 13 10 10 6 6 5 4 3 1 1 
0 0 0 250 250 250 318 389 444 564 674 554 811 1087 1370 1897 2504 3114 4039 5257 6513 8289 10369 12532 15062 17984 21006 24284 27774 31138 34475 37732 40826 43621 45999 47725 48875 49554 49694 49091 48048 46537 44568 42286 39789 36926 33989 31241 28287 25420 22791 20310 18001 15930 13978 12180 10599 9173 7873 6730 5754 4930 4197 3511 2989 2508 2094 1763 1504 1254 1027 894 760 640 544 456 375 310 267 230 192 156 139 118 93 74 60 50 38 32 22 16 10 7 5 2 
0 0 0 250 250 250 316 380 422 497 694 643 918 1398 1778 2303 3151 4125 5232 6709 8382 10234 12569 15182 17941 21098 24264 27554 31135 34525 37759 40736 43496 45742 47510 48607 49153 49370 48935 47863 46347 44185 42074 39785 36988 33980 31120 28407 25653 23241 20691 18329 16266 14384 12491 10833 9369 8044 6935 5930 5072 4319 3721 3164 2656 2255 1902 1598 1325 1100 928 801 691 574 488 409 345 304 258 221 173 145 120 100 84 58 53 40 33 27 25 21 17 13 9 7 6 5 4 4 4 4 2 2 1 1 
0 0 0 250 250 250 327 378 451 544 793 795 1123 1625 2135 2818 3757 4892 6002 7434 9182 10974 13181 15786 18378 21174 24158 27401 30504 33732 36703 39403 41776 43863 45578 46662 47291 47283 46954 45940 44647 42891 40766 38431 35944 33486 30754 28013 25347 22904 20599 18356 16272 14275 12539 11042 9685 8335 7194 6244 5348 4581 3886 3291 2808 2384 2013 1637 1401 1173 948 803 664 555 466 386 301 249 217 181 149 126 107 84 70 62 46 37 31 27 19 15 9 6 8 6 5 4 4 4 4 3 1 1 1 
0 0 0 249 249 249 301 352 411 502 716 706 1027 1502 1929 2549 3307 4219 5284 6667 8211 10086 12400 14880 17546 20571 23644 26768 30147 33371 36441 39287 41997 44220 45929 47324 48020 48136 47709 46874 45449 43665 41637 39172 36646 34069 31313 28573 25879 23314 20878 18624 16453 14362 12590 10978 9563 8237 7097 6086 5209 4490 3824 3214 2749 2317 1982 1657 1375 1138 967 809 648 543 454 390 316 271 212 183 155 124 95 77 68 50 45 35 34 28 26 25 25 22 16 13 11 11 9 6 5 6 5 7 5 3 3 3 3 2 2 
0 0 0 250 250 250 311 358 395 484 595 473 636 845 981 1273 1770 2326 2929 3741 4818 6072 7641 9363 11404 13656 16197 19011 21981 25074 28190 31610 34762 37701 40450 42812 44683 46287 47311 47624 47318 46827 45659 44142 42302 40052 37647 34966 32437 29683 27016 24440 21975 19583 17501 15549 13700 11984 10576 9231 8041 7039 6073 5296 4591 3944 3398 2918 2473 2100 1759 1475 1218 1069 898 762 660 552 474 402 355 290 260 211 188 162 136 116 90 86 76 64 50 44 38 32 26 16 12 11 9 7 6 4 4 4 4 4 4 3 2 2 
0 0 0 250 250 250 320 385 450 598 781 805 1135 1584 1941 2486 3291 4092 5094 6375 7822 9465 11562 13779 15988 18612 21498 24174 27192 30142 33023 35629 38278 40495 42145 43685 44724 45255 45274 45168 44189 42932 41418 39529 37307 35008 32621 29990 27616 25147 22765 20474 18291 16260 14379 12600 11021 9606 8383 7269 6299 5413 4569 3917 3338 2872 2410 2082 1720 1450 1217 1001 828 685 580 471 400 330 271 244 213 182 151 120 98 89 75 55 44 38 36 27 26 20 14 12 11 9 7 8 5 3 3 3 2 1 1 
0 0 0 250 250 250 304 354 398 472 545 424 569 810 955 1177 1594 2123 2820 3601 4809 6112 7731 9614 11769 14205 16963 20075 23183 26431 29850 33141 36293 39450 42241 44486 46404 47871 48805 49182 49033 48240 46869 45164 43021 40630 37958 35290 32461 29476 26746 24096 21528 19075 16772 14661 12804 11189 9660 8322 7164 6119 5266 4504 3792 3170 2643 2229 1837 1561 1288 1070 916 785 660 538 447 373 320 276 225 186 165 130 111 99 89 73 62 55 41 40 35 27 20 16 15 11 9 8 5 5 5 5 1 1 1 
0 0 0 250 250 250 309 372 420 594 756 738 1062 1461 1876 2604 3467 4464 5726 7236 8981 11189 13468 16126 18984 22018 25248 28585 31844 35200 38418 41144 43659 45686 47295 48322 49003 48679 48084 47055 45506 43604 41350 38790 36024 33358 30559 27681 24986 22492 20004 17763 15706 13740 12025 10507 9115 7815 6732 5822 4958 4251 3628 3082 2587 2188 1888 1603 1374 1152 963 809 695 596 485 399 332 271 228 189 158 128 105 88 66 52 46 35 30 22 18 11 7 6 5 5 3 3 3 3 4 2 2 2 1 1 1 1 
0 0 0 250 250 250 298 343 392 465 569 478 658 929 1120 1445 2089 2763 3560 4545 5894 7399 9336 11607 13814 16330 19414 22582 25693 28911 32128 35257 38297 41156 43469 45350 46995 48119 48605 48496 47879 46634 44950 43068 40691 38077 35441 32628 29806 27197 24497 21916 19604 17394 15279 13378 11802 10233 8916 7730 6542 5633 4830 4136 3428 2910 2500 2081 1795 1530 1267 1073 920 781 628 535 440 345 295 245 193 161 133 107 82 60 52 43 34 26 21 15 15 13 9 10 7 5 5 5 3 2 2 1 1 1 
0 0 0 250 250 250 316 376 439 601 822 809 1140 1614 1968 2576 3477 4413 5470 6941 8620 10573 12884 15346 17949 20888 23960 27044 30173 33196 36042 38859 41326 43399 45077 46247 47013 47072 46995 46086 44813 43150 41268 38998 36352 33900 31219 28582 25987 23454 20981 18791 16791 14855 13011 11445 9981 8672 7525 6480 5583 4756 4043 3450 2948 2503 2111 1778 1508 1315 1118 946 791 669 575 477 401 316 273 217 181 153 125 100 93 80 64 54 48 40 29 29 20 18 13 11 8 6 5 4 5 5 4 2 2 2 2 2 1 
0 0 0 250 250 250 306 357 400 488 602 532 789 1070 1248 1686 2226 2805 3505 4343 5386 6765 8363 9984 11971 14161 16736 19603 22445 25451 28568 31797 34708 37841 40293 42435 44288 45607 46568 46843 46842 45922 44800 43277 41414 39233 36724 34218 31538 28953 26343 23795 21348 19062 17018 15014 13234 11562 10226 8948 7822 6785 5831 5067 4343 3755 3203 2704 2280 1910 1634 1376 1150 996 833 699 607 530 423 356 305 249 205 167 134 105 90 77 59 46 36 30 20 16 12 10 9 7 3 2 2 1 
0 0 0 250 250 250 317 390 450 551 713 626 840 1116 1312 1725 2355 3075 3965 5223 6767 8387 10551 12835 15287 18192 21302 24426 27765 31229 34506 37711 40715 43221 45321 47111 48128 48742 48879 48314 47323 45838 44004 41740 39371 36724 33950 31221 28557 25847 23205 20734 18422 16280 14240 12439 10706 9323 8130 7003 5959 5104 4365 3739 3184 2700 2266 1915 1627 1372 1154 954 802 665 537 442 367 305 248 206 162 136 112 93 69 56 45 37 32 25 21 13 13 14 13 10 8 8 5 5 3 2 1 
0 0 0 250 250 250 319 375 428 559 707 701 996 1406 1780 2343 3123 3997 5137 6431 8044 9889 12031 14528 17201 20309 23557 26870 30130 33489 36719 39584 42349 44658 46506 47745 48616 48824 48686 47926 46559 44630 42564 40316 37647 34920 32035 29207 26492 23844 21190 18826 16687 14700 12856 11280 9771 8506 7304 6290 5395 4578 3899 3301 2794 2398 2069 1707 1465 1262 1052 890 756 612 507 433 355 287 245 195 171 140 117 99 89 73 59 53 44 36 31 22 17 15 12 11 5 4 4 3 2 
0 0 0 250 250 250 309 377 434 522 669 570 796 1135 1390 1724 2317 3021 3716 4616 5862 7224 9036 11082 13279 15596 18501 21435 24465 27789 30921 33995 37109 39973 42351 44558 46143 47246 47830 47972 47363 46357 44936 43038 40831 38277 35605 32920 30189 27584 24860 22362 20093 17903 15900 13919 12172 10553 9224 7995 6892 5905 5098 4378 3731 3195 2715 2304 1913 1606 1337 1128 954 795 657 530 433 360 284 227 193 154 133 110 93 79 65 56 40 33 22 17 15 12 11 9 6 4 3 3 2 3 4 3 3 4 4 5 5 4 3 3 3 2 2 
0 0 0 250 250 250 299 349 389 498 629 562 879 1302 1691 2204 3079 4011 5071 6562 8203 10072 12264 14788 17277 20144 23419 26543 29725 33093 36263 39339 42251 44633 46371 47845 48747 48882 48647 47648 46150 44354 42361 39869 37314 34667 31856 29084 26385 23873 21386 19042 16810 14686 12919 11344 9898 8495 7231 6220 5304 4573 3844 3242 2737 2305 1985 1685 1432 1201 1003 829 707 594 484 384 321 276 230 197 159 135 114 93 73 57 45 39 34 25 17 16 15 16 15 13 10 10 9 6 5 3 3 3 3 2 2 2 1 1 
0 0 0 250 250 250 310 360 415 509 690 675 978 1422 1789 2426 3349 4336 5518 6996 8784 10791 13115 15599 18243 21391 24587 27809 31097 34401 37691 40575 43232 45316 47007 48103 48643 48523 47933 47112 45558 43672 41522 39114 36594 33983 31229 28249 25683 23133 20737 18600 16463 14502 12692 11238 9758 8421 7208 6143 5212 4456 3816 3230 2732 2360 1976 1668 1419 1189 1027 865 726 595 514 428 362 303 229 183 149 120 99 80 68 52 42 36 29 21 17 10 6 5 4 4 3 3 2 1 1 
0 0 0 250 250 250 315 380 439 541 741 750 1053 1412 1631 2096 2772 3517 4388 5544 6818 8372 10401 12496 14696 17359 20161 22964 26099 29217 32172 35148 38014 40405 42615 44429 45666 46510 46821 46754 46059 44973 43377 41488 39284 36794 34334 31600 29012 26370 23794 21340 19067 16974 14910 13109 11453 10016 8653 7450 6422 5509 4779 4061 3431 2879 2497 2132 1796 1520 1280 1072 897 756 627 541 466 384 319 261 215 185 157 127 101 85 67 55 48 36 28 28 21 17 20 18 16 15 16 12 14 14 10 9 7 7 5 5 4 3 2 2 2 2 2 1 
0 0 0 250 250 250 325 404 467 610 792 807 1210 1686 2123 2760 3623 4551 5852 7422 9051 11070 13427 15952 18657 21744 24775 27880 31166 34234 37379 40293 42875 44908 46553 47765 48279 48308 47705 46553 45013 43175 41064 38470 35872 33143 30357 27614 24982 22434 19961 17802 15724 13864 12135 10615 9253 7998 6908 5932 5113 4410 3745 3224 2708 2294 1956 1645 1389 1142 972 806 688 591 469 389 336 302 252 208 172 140 120 94 73 58 49 42 38 31 27 23 17 13 12 12 8 8 8 6 6 8 7 5 6 6 5 5 4 2 2 2 
0 0 0 248 248 248 321 403 459 567 849 877 1220 1716 2236 2928 3925 5130 6300 7803 9747 11818 14291 16969 19889 22941 26247 29596 32760 35895 38839 41464 43747 45529 46838 47600 47848 47632 46891 45639 43753 41905 39699 37234 34665 31960 29239 26743 24298 21612 19225 17128 15181 13332 11648 9995 8728 7647 6592 5612 4776 4127 3500 3034 2515 2103 1797 1539 1272 1057 894 725 617 533 444 377 324 270 212 184 165 140 127 112 89 79 69 61 52 44 36 29 26 25 20 16 15 13 10 9 8 7 7 7 6 5 5 5 5 3 2 1 1 1 1 1 1 1 1 1 
0 0 0 250 250 250 309 371 439 538 694 682 1014 1431 1695 2299 3076 3956 5010 6374 7996 9793 12040 14419 17154 20011 23097 26217 29473 32702 35996 38985 41659 44025 46020 47425 48351 48796 48568 47596 46242 44621 42551 40201 37503 34808 32032 29423 26743 24092 21599 19397 17239 15119 13209 11619 10115 8831 7591 6433 5522 4749 4037 3391 2850 2355 1998 1695 1401 1187 1024 850 713 605 511 422 360 292 231 204 176 143 113 92 85 70 57 46 36 28 22 19 14 11 10 5 5 3 2 1 
0 0 0 250 250 250 307 356 418 530 652 611 906 1314 1658 2185 2878 3649 4774 6072 7633 9357 11488 13904 16448 19343 22358 25525 28755 32078 35190 38201 41042 43596 45511 47163 48305 48854 48951 48416 47318 45752 43994 41600 39005 36286 33500 30591 27854 25053 22412 20007 17708 15523 13565 11898 10316 8913 7658 6569 5597 4826 4117 3438 2894 2490 2094 1753 1483 1237 1022 860 723 602 502 434 364 303 250 208 171 144 121 98 80 66 47 40 39 30 28 24 21 14 13 13 9 8 7 5 4 4 4 2 2 2 1 2 2 1 1 1 1 2 2 1 1 1 1 1 1 
0 0 0 250 250 250 296 344 386 558 794 764 1107 1637 2129 2823 3838 4965 6222 7891 9859 11955 14468 17325 20343 23495 26694 30170 33359 36554 39645 42160 44481 46130 47713 48378 48614 48220 47229 45925 43962 41930 39476 36780 34136 31367 28772 26152 23616 21234 18908 16774 14814 13040 11305 9796 8521 7324 6247 5390 4572 3954 3340 2837 2355 1984 1699 1434 1181 981 819 677 580 488 380 323 277 229 194 167 132 117 97 77 63 50 41 33 29 21 16 15 16 12 12 11 7 5 5 5 3 3 2 2 2 1 1 1 1 
0 0 0 250 250 250 317 377 425 568 751 690 1002 1535 1958 2494 3539 4456 5560 7073 8734 10533 12773 15264 17696 20588 23838 26981 30101 33315 36231 39020 41591 43745 45252 46450 47123 47165 47022 46223 44736 43109 41224 38766 36360 33783 31073 28412 25892 23272 20753 18624 16568 14594 12734 11154 9744 8464 7353 6338 5427 4712 4037 3408 2922 2499 2089 1761 1480 1233 1035 876 736 624 551 456 370 312 269 233 188 150 111 99 76 62 52 40 39 38 32 28 25 24 19 21 16 11 11 10 12 10 9 7 5 5 5 4 2 2 2 2 2 2 1 1 1 1 
0 0 0 250 250 250 330 399 455 564 749 740 1027 1564 2023 2721 3618 4709 6065 7586 9480 11587 14089 16874 19856 23023 26382 29753 33127 36369 39513 42185 44547 46518 47902 48920 49247 49006 48179 46924 45295 43165 40727 38123 35423 32624 29774 27060 24386 21834 19445 17269 15201 13333 11664 10164 8793 7644 6590 5582 4758 4054 3447 2881 2396 2015 1721 1445 1227 1018 835 684 581 485 402 328 272 217 184 155 128 104 82 77 67 61 48 43 39 35 31 26 21 17 16 13 9 7 7 4 4 4 2 1 1 2 2 2 1 1 1 1 2 2 2 2 2 2 2 2 1 
0 0 0 250 250 250 312 372 426 534 752 768 1080 1501 1884 2531 3348 4329 5571 7061 8834 11026 13461 16065 19068 22267 25427 28621 32158 35279 38446 41499 44003 46148 47977 49099 49325 49288 48717 47478 45781 43641 41048 38554 35997 33154 30221 27276 24587 22005 19675 17376 15198 13297 11592 10090 8708 7446 6346 5435 4626 3902 3288 2796 2334 2009 1681 1406 1179 1005 832 679 562 461 382 311 248 199 158 140 111 92 75 57 45 41 34 21 20 17 15 12 11 9 6 4 3 3 3 2 1 1 1 1 1 
0 0 0 250 250 250 308 366 424 569 723 682 1125 1615 2044 2679 3541 4512 5667 7136 8798 10618 12984 15525 18168 20980 24112 27188 30267 33465 36477 39195 41610 43890 45644 46950 47734 47845 47332 46424 45319 43524 41430 39215 36547 33866 31220 28566 25824 23332 20904 18447 16385 14548 12799 11223 9744 8350 7175 6176 5286 4508 3854 3225 2731 2366 1989 1692 1422 1172 928 806 698 563 477 415 359 297 253 198 160 142 110 87 67 58 46 39 29 20 19 12 10 8 5 4 3 3 1 1 1 2 2 2 1 1 1 1 1 
0 0 0 250 250 250 310 371 427 511 644 544 902 1248 1522 2114 2881 3634 4621 6014 7231 8847 10984 13199 15649 18584 21618 24524 28084 31510 34732 37686 40577 42900 45040 46854 47799 48203 48207 47645 46553 45223 43333 40979 38457 35985 33240 30541 27822 25195 22599 20278 18075 15916 13966 12257 10702 9185 7895 6807 5861 5049 4312 3702 3108 2671 2308 1950 1638 1373 1187 1000 835 699 579 466 384 324 261 220 187 149 124 106 93 72 61 52 48 41 31 21 19 18 15 11 9 7 7 6 6 4 2 1 1 
0 0 0 250 250 250 322 374 416 513 651 562 728 1031 1313 1719 2334 3109 4004 5066 6420 7977 9814 12003 14364 16939 19838 22962 26219 29311 32498 35719 38613 41318 43540 45304 46621 47606 47897 47510 46891 45623 44014 42134 39783 37373 34757 32117 29340 26678 23997 21478 19211 17035 15048 13179 11504 10014 8772 7598 6546 5581 4842 4185 3573 3037 2588 2201 1894 1600 1352 1104 944 799 664 542 451 383 315 260 209 163 134 114 95 74 68 61 45 45 38 30 24 22 20 16 15 10 11 10 10 11 8 8 8 9 6 7 7 5 7 7 7 6 6 5 6 6 4 3 2 2 2 2 
0 0 0 250 250 250 300 370 417 475 626 556 841 1221 1533 1990 2785 3625 4677 6035 7654 9373 11630 14038 16587 19668 22856 26151 29519 32985 36287 39445 42318 44670 46687 48193 49111 49685 49339 48607 47447 45738 43546 41125 38488 35474 32718 29882 27065 24430 21914 19478 17197 15163 13336 11599 10007 8591 7410 6367 5441 4646 3916 3336 2825 2405 2017 1684 1411 1187 985 827 688 569 467 384 330 274 226 182 147 122 101 82 71 57 46 40 32 27 19 16 8 6 7 7 5 3 3 2 2 2 
0 0 0 250 250 250 322 380 426 512 732 706 992 1395 1678 2240 3092 3958 5000 6387 7959 9645 11856 14251 16830 19719 22837 26101 29403 32832 36082 39083 41933 44328 46265 47529 48492 48795 48610 47828 46505 44837 42645 40319 37672 34988 32103 29411 26626 23917 21471 19209 16985 14937 13121 11385 9862 8617 7453 6325 5439 4628 3954 3378 2879 2388 2000 1705 1431 1231 1043 884 733 658 561 466 398 343 286 232 200 164 139 111 93 77 75 60 48 41 38 34 28 23 14 12 10 6 4 3 3 1 1 2 2 1 1 1 1 1 1 
0 0 0 250 250 250 329 381 439 530 719 676 931 1388 1704 2191 3056 3924 4861 6229 7827 9486 11683 14138 16576 19568 22812 25838 28982 32282 35458 38456 41220 43468 45062 46541 47657 47887 47640 46897 45625 43950 42209 39941 37359 34904 32205 29538 26871 24327 21803 19450 17219 15150 13317 11561 10132 8761 7590 6591 5712 4914 4202 3623 3054 2597 2221 1896 1570 1328 1132 940 804 693 585 488 415 353 293 253 211 175 139 108 94 76 59 46 38 37 29 23 16 16 12 10 8 5 5 5 4 2 2 2 2 1 1 
0 0 0 250 250 250 316 379 438 538 678 604 866 1166 1412 1800 2519 3354 4299 5586 7121 8781 10924 13306 15761 18505 21553 24594 27907 31250 34492 37679 40516 43097 45265 46978 47848 48437 48436 47747 46794 45304 43270 40982 38772 36122 33270 30499 27669 25012 22476 20121 17725 15602 13798 12154 10617 9153 7959 6872 5891 5092 4350 3659 3121 2645 2243 1884 1597 1343 1114 932 758 626 520 421 339 291 232 198 169 131 108 81 61 47 40 32 24 23 17 15 11 7 5 4 3 2 2 2 2 2 1 1 1 
0 0 0 250 250 250 298 347 393 487 635 529 758 1112 1415 1875 2515 3207 4167 5417 6905 8541 10517 12731 15306 18249 21288 24520 27859 31221 34627 37983 40931 43578 45865 47644 48715 49410 49528 49100 48107 46556 44561 42264 39711 37019 34162 31144 28233 25416 22725 20198 17935 15728 13723 11945 10364 8982 7761 6614 5705 4871 4146 3536 3020 2580 2187 1859 1543 1306 1103 914 753 604 505 428 359 299 256 205 170 144 113 89 77 61 44 41 31 20 16 13 9 8 7 5 3 3 3 1 
0 0 0 250 250 250 333 395 453 630 829 837 1231 1698 2101 2783 3720 4538 5751 7256 8784 10664 12944 15294 17979 21006 24174 27236 30629 33877 36805 39780 42092 44282 45900 47021 47490 47500 47172 46071 44751 42898 40791 38617 36172 33616 30944 28271 25683 23190 20734 18327 16274 14276 12495 10949 9546 8274 7172 6232 5314 4597 3952 3411 2910 2475 2074 1743 1482 1236 1030 872 729 609 502 430 346 275 228 187 158 126 108 89 70 58 52 45 40 35 30 29 26 23 14 12 9 7 5 3 2 
0 0 0 250 250 250 303 358 425 513 730 733 1026 1367 1695 2203 2938 3875 5026 6303 7897 9806 12031 14468 17065 19974 22889 26184 29356 32763 35974 39020 41913 44210 46073 47414 48390 48482 48267 47294 45897 44290 42343 39963 37450 34797 32005 29440 26840 24188 21719 19407 17139 15163 13323 11689 10096 8766 7532 6482 5602 4779 4107 3461 2934 2434 2073 1770 1493 1275 1044 856 737 643 536 443 378 324 275 254 212 176 154 136 111 91 75 59 51 42 40 31 25 22 21 20 14 13 9 8 7 5 5 3 3 1 1 1 1 1 
0 0 0 249 249 249 303 359 421 562 787 851 1235 1651 2103 2845 3737 4788 5997 7441 9286 11320 13704 16313 19138 22197 25474 28918 32153 35523 38791 41637 44089 46094 47606 48375 48861 48626 47752 46486 44905 42915 40615 38200 35314 32604 29853 27031 24397 21824 19407 17188 15217 13245 11530 10103 8669 7539 6482 5520 4747 4107 3532 2978 2572 2122 1779 1509 1255 1062 885 745 610 536 460 382 343 291 238 203 169 137 113 94 68 53 42 36 31 28 23 16 17 14 12 10 8 4 3 3 1 1 1 1 1 1 1 1 1 1 1 
0 0 0 249 249 249 297 342 383 535 713 735 1081 1585 2040 2596 3416 4443 5599 7023 8636 10395 12782 15322 17925 20676 23834 26920 30202 33460 36319 39096 41740 43951 45344 46521 46975 47024 46631 45656 44325 42515 40744 38439 36099 33452 30764 28197 25563 23096 20619 18380 16249 14436 12687 11110 9621 8348 7198 6166 5321 4512 3832 3229 2758 2338 1954 1690 1394 1177 995 862 732 601 532 444 389 320 285 239 203 180 157 135 114 103 84 68 54 41 33 25 20 17 14 15 12 10 9 9 7 6 6 4 4 2 
0 0 0 250 250 250 292 357 420 518 653 585 901 1271 1657 2255 2956 3823 4893 6246 7654 9328 11387 13478 15967 18599 21416 24250 27272 30448 33488 36374 39007 41163 43016 44637 45808 46094 45951 45585 44538 43427 41762 39602 37375 35104 32564 29896 27284 24804 22442 20233 17895 15874 14107 12370 10930 9473 8206 7128 6173 5309 4531 3922 3354 2831 2416 2014 1713 1455 1243 1073 919 769 642 533 463 388 324 254 208 191 162 134 114 105 87 72 60 49 42 39 36 31 26 22 16 12 9 8 5 2 2 1 
0 0 0 250 250 250 324 377 428 550 708 655 901 1255 1505 1951 2645 3544 4557 5781 7464 9210 11358 13974 16700 19667 22942 26398 29623 33111 36565 39534 42359 44568 46511 47791 48607 48974 48556 47739 46406 44807 42552 40241 37667 34807 32054 29232 26483 23759 21334 18978 16878 14891 13109 11513 10006 8728 7519 6485 5539 4759 4063 3462 2947 2521 2145 1808 1555 1307 1087 907 761 633 541 443 368 304 259 202 160 129 105 88 72 58 47 38 37 26 19 17 15 14 13 12 9 11 11 9 6 7 8 9 9 7 7 9 8 6 5 3 4 4 3 1 1 1 1 1 
0 0 0 250 250 250 304 359 411 540 670 586 846 1132 1434 1958 2636 3488 4534 5803 7338 9147 11201 13546 16159 19005 21970 25233 28529 32004 35178 38190 41150 43758 45882 47495 48605 48951 49084 48457 47295 45579 43637 41333 38713 36023 33168 30491 27658 24901 22316 19836 17581 15437 13520 11800 10194 8839 7657 6563 5592 4834 4135 3441 2930 2483 2071 1746 1478 1237 1052 891 746 622 510 418 351 283 232 183 143 114 86 77 62 51 44 42 36 30 28 22 18 14 13 8 8 7 5 4 3 4 2 1 1 1 1 2 2 1 1 1 1 1 1 
0 0 0 249 249 249 298 344 395 481 609 512 723 1062 1333 1743 2344 2990 3714 4698 5954 7317 8962 10952 12978 15360 17916 20814 23855 27005 30131 33271 36213 38994 41670 43621 45032 46259 47089 47029 46703 45873 44431 42846 40946 38606 35872 33411 30867 28183 25637 23047 20634 18280 16288 14266 12435 10821 9401 8142 6979 5967 5138 4401 3753 3186 2662 2253 1940 1690 1403 1173 964 817 719 615 511 411 356 299 246 205 162 135 115 100 80 64 60 51 43 35 30 22 20 18 14 11 9 7 6 6 4 5 4 4 3 2 3 3 3 1 1 1 1 1 
0 0 0 250 250 250 318 384 428 679 921 917 1395 1994 2579 3468 4690 5919 7458 9422 11515 13775 16602 19532 22531 25850 29286 32670 36013 39134 41998 44470 46571 48172 48943 49154 48986 48240 46906 45063 43089 40632 38117 35551 32682 30035 27132 24592 21872 19442 17282 15118 13167 11419 10042 8651 7483 6374 5426 4640 3985 3376 2815 2411 2053 1747 1472 1283 1082 905 784 643 528 463 393 319 265 226 190 163 141 111 101 76 65 56 44 35 29 26 16 16 15 10 11 10 7 8 8 8 4 4 4 3 3 3 3 2 2 2 2 2 2 1 1 1 1 1 
0 0 0 250 250 250 316 373 422 572 775 704 1086 1518 1901 2548 3383 4287 5346 6771 8245 10127 12308 14583 17119 19858 22860 26069 29356 32530 35687 38713 41490 43969 45820 47249 48141 48571 48241 47520 46304 44622 42835 40405 37822 35092 32430 29570 26796 24242 21746 19414 17272 15228 13413 11810 10276 8854 7531 6466 5548 4704 3993 3405 2914 2460 2110 1803 1509 1288 1074 891 755 626 490 408 335 275 234 198 162 137 121 101 80 67 56 43 34 28 23 17 14 8 7 6 6 6 4 4 3 3 1 1 
0 0 0 250 250 250 303 363 416 518 642 572 785 1088 1284 1585 2097 2612 3275 3969 5034 6122 7600 9295 10996 13158 15695 18312 21110 24154 27246 30379 33451 36345 38841 41237 43223 44801 45830 46274 46344 45922 44997 43682 41828 39645 37427 34988 32502 29891 27199 24788 22434 20175 17899 15892 13974 12199 10714 9216 7880 6768 5778 4922 4213 3598 3091 2590 2229 1882 1617 1401 1172 998 837 718 589 499 424 335 283 215 176 144 118 101 86 66 55 50 41 32 35 31 22 16 14 11 9 7 2 1 1 1 
0 0 0 250 250 250 330 390 461 562 715 634 911 1287 1576 2028 2701 3392 4192 5368 6790 8381 10383 12560 14858 17691 20621 23578 26554 29700 32713 35596 38276 40560 42717 44405 45572 46289 46545 46307 45543 44461 42824 40946 38732 36329 33721 31069 28506 25835 23303 20814 18671 16473 14498 12770 11212 9756 8462 7416 6387 5510 4781 4105 3487 3001 2590 2158 1804 1542 1297 1082 922 763 641 533 459 401 335 294 255 213 178 149 133 102 90 72 56 44 37 31 20 21 17 14 10 9 7 5 4 2 2 1 1 1 1 1 1 1 
0 0 0 250 250 250 305 356 405 555 724 736 1059 1485 1800 2382 3127 4034 5168 6479 8130 10040 12421 14767 17505 20470 23457 26634 29718 32749 35801 38682 41224 43293 45056 46338 47172 47557 47233 46461 45224 43616 41688 39530 37090 34346 31637 29033 26333 23802 21378 18956 16787 14953 13143 11508 10089 8758 7579 6578 5661 4847 4167 3561 3052 2625 2226 1893 1660 1384 1188 1009 850 712 625 540 435 375 312 269 230 193 167 141 120 108 94 77 68 49 43 37 31 20 14 11 10 10 7 6 6 5 4 4 3 3 2 2 1 1 1 
0 0 0 250 250 250 335 410 469 584 892 980 1360 1931 2421 3044 4059 5292 6442 7926 9855 11977 14485 17203 20001 23172 26386 29599 32925 36048 38883 41619 43885 45553 46899 47730 47860 47385 46605 45342 43731 41694 39516 37191 34510 31908 29280 26545 24041 21626 19261 17007 15128 13402 11665 10258 8883 7717 6692 5803 4921 4204 3661 3134 2631 2194 1862 1559 1325 1096 919 745 637 536 439 370 301 248 206 168 141 116 99 83 71 58 51 45 37 31 29 20 12 13 11 10 8 8 6 6 6 4 2 1 1 1 1 
0 0 0 250 250 250 322 379 438 564 700 668 969 1383 1815 2411 3164 4092 5285 6637 8221 9989 11985 14320 16957 19811 22768 26040 29270 32518 35733 38607 41278 43605 45416 46624 47488 47635 47455 46814 45375 43624 41729 39430 36889 34435 31807 29125 26632 24014 21525 19245 17083 15082 13202 11465 10005 8793 7588 6545 5640 4866 4093 3544 3013 2529 2149 1840 1568 1302 1130 945 784 655 565 478 406 345 278 222 196 161 129 102 79 64 50 43 33 28 25 23 20 16 16 13 13 13 11 8 9 7 6 5 5 4 3 3 1 1 1 
0 0 0 250 250 250 318 371 415 602 775 826 1213 1797 2304 2996 4012 5023 6296 7935 9786 11859 14393 17131 19995 23197 26609 29940 33214 36476 39471 42194 44502 46453 47888 48731 49088 48782 47850 46628 44987 42850 40403 37759 34996 32179 29442 26654 24000 21422 19065 16902 14865 13024 11418 9909 8552 7457 6354 5391 4635 3933 3302 2788 2352 1937 1641 1387 1141 946 792 657 539 440 375 297 248 194 164 136 114 89 71 65 51 48 37 29 26 24 17 12 8 7 6 5 4 4 4 3 4 4 2 1 1 1 1 1 
0 0 0 250 250 250 298 359 407 466 610 558 774 1062 1398 1815 2519 3350 4284 5508 6943 8656 10656 12948 15372 18118 21162 24055 27335 30533 33556 36541 39267 41704 43704 45582 46657 47424 47748 47304 46576 45422 43712 41555 39374 36824 34192 31626 28895 26166 23706 21346 18925 16770 14759 12957 11324 9821 8498 7367 6425 5552 4768 4088 3513 3039 2575 2174 1815 1519 1300 1113 938 776 662 549 472 398 330 267 219 176 133 111 88 75 62 52 40 32 25 16 14 9 5 3 3 3 2 2 1 1 1 
0 0 0 249 249 249 310 361 407 515 693 746 1063 1494 1855 2408 3232 4121 5149 6400 7955 9645 11691 13936 16282 19007 21911 24732 27614 30566 33592 36451 38994 41293 43117 44811 45841 46445 46355 45826 45050 43620 41788 39626 37356 34862 32395 29804 27163 24625 22295 19944 17848 15880 13990 12288 10744 9343 8110 7022 5995 5110 4362 3731 3155 2691 2315 1962 1661 1426 1183 1006 841 696 569 482 417 345 304 241 195 163 136 117 96 80 71 62 51 43 36 31 29 23 17 14 16 13 11 8 7 6 6 3 1 1 1 1 1 1 1 1 2 3 4 4 4 4 4 4 4 3 2 2 1 1 1 1 
0 0 0 250 250 250 303 369 428 569 747 776 1227 1734 2198 2859 3746 4707 5845 7253 8862 10726 13106 15809 18428 21384 24617 27727 30804 33994 36938 39469 41971 43800 45398 46502 47026 47043 46611 45559 44076 42432 40200 37876 35503 32898 30123 27558 25085 22645 20344 18130 16038 14101 12372 10831 9383 8177 7095 6114 5260 4521 3878 3298 2816 2367 1959 1661 1411 1171 986 808 666 558 469 401 327 292 230 197 171 140 112 99 84 66 56 47 37 28 21 19 17 13 8 5 2 2 2 1 
