0 0 0 248 248 248 295 345 388 462 562 394 525 775 850 1040 1472 1846 2280 2923 3644 4337 5553 6881 8097 9703 11568 13569 15712 18174 20512 22961 25492 28037 30509 32573 34585 36261 37746 38775 39426 39512 39171 38724 37818 36514 34924 33086 31251 29363 27291 25187 23121 21097 19024 17239 15433 13759 12279 10865 9532 8406 7424 6483 5666 4879 4203 3642 3123 2689 2318 1958 1661 1405 1176 973 854 699 592 500 408 350 289 246 193 162 130 108 89 74 68 52 44 39 36 30 24 22 17 17 14 12 9 7 7 2 1 1 1 1 1 1 
0 0 0 250 250 250 357 456 543 719 921 911 1232 1730 2072 2544 3230 4027 5139 6456 7923 9612 11710 13864 16203 18799 21422 24137 26858 29526 32012 34383 36524 38334 39707 40713 41276 41311 40988 40340 39146 37704 36060 34079 31954 29833 27674 25454 23359 21119 19030 17025 15221 13508 11842 10374 9041 7910 6832 5975 5199 4446 3832 3294 2856 2450 2076 1749 1486 1279 1086 924 786 664 576 504 415 338 279 229 185 152 120 94 81 67 53 45 35 32 27 19 18 13 10 10 9 7 7 6 6 6 5 4 6 6 7 6 5 5 5 4 2 3 2 2 2 2 1 1 1 
0 0 0 250 250 250 307 372 423 560 719 645 881 1197 1456 1919 2590 3236 4040 5119 6220 7580 9105 10665 12572 14934 17290 19617 22308 24817 27354 30006 32461 34384 36449 38180 39222 40122 40830 40842 40223 39468 38021 36474 34920 32986 30796 28664 26628 24471 22491 20398 18321 16497 14698 13133 11533 10130 8827 7702 6772 5835 5104 4364 3790 3274 2802 2396 2025 1746 1485 1246 1056 875 732 631 521 436 350 290 239 197 171 139 115 98 84 72 61 48 38 31 28 19 16 12 9 8 5 3 3 3 1 1 1 1 1 1 
0 0 0 249 249 249 321 393 447 545 743 710 990 1385 1759 2279 3040 3964 4979 6230 7679 9351 11382 13615 16043 18632 21293 24066 26968 29790 32467 34928 37097 38984 40461 41459 42046 42158 41809 41088 40030 38584 36871 34998 32858 30501 28165 25840 23507 21161 18991 16906 15029 13351 11778 10323 8966 7829 6877 6004 5155 4466 3813 3234 2768 2339 1952 1657 1394 1199 1021 866 715 613 511 419 352 292 236 194 156 126 106 93 78 59 52 44 37 31 27 21 14 13 11 10 8 6 3 2 3 1 1 1 1 1 1 1 
0 0 0 249 249 249 305 365 418 600 847 859 1199 1626 2046 2604 3377 4175 5237 6510 8083 9839 11951 14277 16753 19481 22359 25134 27941 30859 33512 35748 37874 39662 40841 41913 42459 42238 41828 41181 39835 38298 36437 34293 31988 29801 27306 24927 22742 20530 18427 16490 14628 12889 11384 9954 8708 7526 6570 5658 4916 4278 3695 3198 2707 2295 1971 1710 1437 1196 1027 862 748 636 547 446 386 327 263 216 176 146 119 99 77 66 56 43 39 28 22 18 17 12 8 6 4 4 4 2 2 4 3 3 4 6 7 8 7 5 7 7 6 4 3 2 2 2 
0 0 0 250 250 250 300 358 407 485 664 659 901 1215 1481 1947 2618 3251 4094 5094 6213 7549 9200 10905 12691 14919 17195 19461 22024 24569 26976 29375 31737 33921 35624 37070 38178 38953 39426 39575 39151 38208 37268 35974 34414 32642 30621 28470 26380 24160 22089 20111 18149 16219 14546 12933 11438 10255 8933 7822 6817 5981 5216 4509 3910 3366 2898 2495 2134 1845 1565 1372 1170 1002 868 740 624 512 429 337 297 247 202 170 150 129 110 96 81 71 53 43 37 29 28 21 19 14 11 11 9 7 2 2 1 1 1 
0 0 0 250 250 250 312 354 408 506 655 566 783 1044 1317 1757 2294 2947 3743 4773 5931 7369 9066 11044 13151 15474 18075 20732 23579 26468 29110 31660 34327 36685 38640 40174 41240 41935 42307 42149 41303 40130 38739 36936 35068 32788 30529 28222 25853 23604 21288 19221 17140 15284 13527 11874 10469 9097 7869 6802 5890 5091 4368 3752 3237 2780 2373 2037 1720 1467 1245 1040 869 751 644 578 498 431 361 308 263 212 169 133 107 84 72 58 46 38 31 25 21 20 18 15 13 9 7 6 6 2 1 
0 0 0 250 250 250 307 370 430 510 646 565 795 1174 1527 1941 2531 3261 4162 5325 6628 8011 9727 11611 13753 16002 18529 20947 23508 26295 28685 31213 33645 35693 37294 38809 39878 40338 40687 40440 39458 38643 37370 35692 33799 31835 29636 27423 25371 23055 20933 18897 16988 15152 13557 12078 10694 9381 8204 7170 6277 5465 4690 3996 3402 2937 2524 2118 1781 1489 1258 1076 937 788 653 575 466 376 337 277 218 182 141 112 97 88 67 56 47 39 37 36 29 24 21 18 13 9 9 6 6 5 3 3 3 2 
0 0 0 249 249 249 301 362 409 538 694 651 889 1206 1549 1978 2534 3256 4141 5056 6304 7778 9386 11296 13483 15761 18175 20819 23304 26026 28671 31297 33581 35584 37460 38918 40115 40592 40801 40581 39972 39054 37666 36090 34320 32443 30326 27969 25810 23643 21514 19395 17396 15482 13775 12212 10736 9427 8199 7154 6240 5409 4719 4129 3525 2981 2582 2241 1896 1629 1373 1137 969 828 688 586 482 405 336 289 247 209 174 151 118 99 88 79 67 54 51 37 36 32 28 26 22 22 13 14 14 13 10 10 10 8 8 5 3 5 5 3 4 4 5 4 4 2 2 2 1 1 
0 0 0 250 250 250 318 400 459 546 689 583 796 1120 1301 1630 2182 2762 3494 4410 5505 6608 8108 9771 11474 13534 15776 18057 20216 22737 25132 27574 30100 32295 34247 35998 37604 38591 39498 39792 39555 39107 38242 37119 35678 34155 32123 30067 27997 25858 23660 21551 19540 17579 15809 14136 12511 10998 9757 8501 7421 6453 5570 4872 4281 3708 3166 2729 2332 1972 1718 1432 1187 1006 846 721 608 514 431 365 313 260 211 179 153 133 113 88 76 69 60 55 51 45 37 35 27 22 20 15 14 12 12 10 10 7 5 6 6 5 4 2 2 2 1 
0 0 0 250 250 250 313 378 427 520 734 729 1026 1428 1725 2160 2793 3616 4467 5580 6881 8414 10221 12338 14559 16899 19456 22060 24706 27392 29912 32396 34515 36440 38082 39344 40273 40602 40715 40151 39378 38263 36768 35167 33094 31123 29062 26867 24816 22638 20544 18401 16638 14805 13030 11573 10138 8887 7775 6801 5898 5126 4452 3827 3289 2859 2460 2090 1775 1508 1309 1121 957 811 694 592 495 425 349 304 254 206 173 149 130 101 92 71 62 50 40 31 31 24 19 15 13 12 8 7 5 4 3 1 2 2 2 2 1 1 1 1 
0 0 0 250 250 250 309 352 398 497 649 592 874 1203 1420 1802 2392 3050 3857 4780 5799 7076 8596 10377 12319 14543 16865 19362 22134 24812 27503 30111 32654 34751 36933 38679 39878 40673 41142 41279 40673 39880 38458 36866 35116 33258 31195 28893 26783 24665 22532 20378 18392 16462 14737 13056 11516 10101 8835 7781 6740 5826 4989 4322 3725 3178 2707 2290 1920 1661 1421 1197 1005 871 748 634 550 457 393 337 272 216 182 167 135 114 96 81 76 65 52 41 35 34 25 19 14 10 9 7 4 1 2 2 1 1 1 1 1 1 
0 0 0 249 249 249 305 360 427 547 680 631 993 1534 1970 2580 3409 4339 5482 6858 8284 9961 12086 14389 16710 19174 21864 24588 27467 30116 32677 35069 37220 39252 40665 41683 42108 42288 41815 40750 39685 38020 36184 34130 31987 29665 27344 25158 22772 20579 18546 16575 14786 13067 11562 10180 8889 7779 6756 5889 5073 4353 3717 3207 2767 2339 1983 1691 1447 1241 1060 913 767 665 573 457 375 324 276 220 191 149 119 107 96 73 60 48 39 34 27 22 18 14 13 12 11 10 9 9 6 4 5 4 3 3 2 1 1 2 1 1 1 1 1 1 1 
0 0 0 250 250 250 302 350 396 485 576 451 726 1175 1415 1858 2395 3059 3890 4903 6002 7141 8834 10614 12522 14728 17142 19531 22092 24867 27520 30067 32682 34844 36692 38337 39678 40374 40545 40595 40228 39298 38157 36713 35006 33101 31132 28824 26384 24319 22094 20107 18048 16190 14499 12911 11509 10063 8927 7745 6687 5797 4991 4294 3664 3226 2736 2349 2038 1731 1471 1272 1083 894 767 633 527 452 386 331 267 232 182 157 135 130 117 101 90 78 63 50 38 21 20 16 14 8 8 8 7 5 3 4 3 3 3 3 3 3 2 
0 0 0 250 250 250 320 375 430 506 695 662 956 1354 1657 2215 2964 3713 4667 5870 7331 8981 10947 13086 15390 17990 20701 23406 26134 28733 31279 33693 35787 37673 39115 40281 40763 41186 41027 40288 39457 38175 36590 34718 32825 30502 28433 26176 23853 21677 19608 17585 15685 13981 12242 10855 9519 8220 7079 6155 5376 4649 4030 3505 2996 2621 2239 1888 1607 1373 1151 962 815 683 609 518 433 379 321 268 225 195 156 134 110 86 72 58 49 33 28 21 18 14 9 8 4 3 2 1 1 2 2 1 2 3 3 3 4 3 3 3 2 1 1 1 
0 0 0 250 250 250 302 357 412 499 683 636 869 1212 1506 1932 2564 3329 4163 5235 6421 7946 9696 11614 13802 16235 18889 21512 24359 27119 29819 32568 34805 36880 38540 39918 40921 41344 41396 40919 40173 38931 37366 35608 33653 31454 29248 26994 24823 22583 20532 18540 16517 14811 13156 11655 10198 9003 7842 6779 5929 5169 4496 3826 3290 2805 2416 2063 1736 1427 1198 1008 855 703 573 493 403 354 283 240 209 176 144 118 101 78 67 62 45 34 30 30 23 18 19 12 12 13 13 10 12 14 10 10 9 7 8 7 5 5 7 6 7 6 5 6 6 4 2 3 2 2 3 2 2 2 2 1 1 1 
0 0 0 250 250 250 323 391 445 569 730 680 928 1404 1679 2067 2701 3400 4157 5278 6426 7609 9393 11341 13240 15417 17970 20357 23074 25761 28156 30526 32834 34918 36599 38105 39083 39860 40196 40208 39720 38834 37531 35897 34246 32223 30253 28025 25932 23798 21768 19881 17859 16015 14210 12663 11223 9904 8654 7533 6564 5710 4982 4269 3633 3081 2691 2244 1949 1642 1370 1149 973 825 694 610 488 424 358 302 249 214 178 144 114 89 70 57 48 39 28 22 20 14 11 4 5 4 3 2 2 2 2 1 
0 0 0 250 250 250 304 350 405 532 702 645 905 1239 1485 1922 2604 3292 4158 5278 6738 8333 10210 12351 14566 17045 19650 22278 24900 27602 30271 32685 34868 36872 38574 39915 40782 41317 41361 40982 40144 38914 37386 35735 33744 31631 29466 27138 25060 22904 20760 18648 16749 14812 13083 11658 10199 8937 7808 6766 5908 5131 4442 3796 3260 2803 2423 2069 1728 1492 1277 1098 940 801 676 582 492 423 360 293 234 194 169 146 120 97 71 64 62 50 42 38 37 31 33 27 23 22 19 17 15 11 6 6 5 4 3 4 3 2 2 2 2 2 2 1 1 1 1 
0 0 0 250 250 250 313 371 426 516 633 492 650 884 1022 1246 1590 2020 2520 3273 4265 5325 6616 8062 9794 11674 13823 15919 18211 20606 23087 25662 28111 30502 32567 34642 36422 37808 39054 39671 39913 39631 39185 38313 37002 35454 33415 31551 29484 27395 25214 23110 21016 19013 17231 15436 13714 12244 10849 9499 8314 7279 6359 5490 4811 4167 3576 3056 2611 2276 1927 1649 1384 1146 989 843 702 588 492 413 348 295 250 222 184 153 131 104 86 77 64 54 47 42 36 28 22 17 14 11 10 6 2 3 3 2 2 2 2 2 1 
0 0 0 250 250 250 309 353 395 480 584 496 669 1034 1249 1650 2213 2880 3740 4754 6054 7430 9195 11040 13128 15463 18098 20694 23357 26165 29033 31751 34181 36425 38191 39944 41168 41765 41924 41863 41206 40118 38846 36963 34993 32919 30612 28195 25951 23771 21437 19313 17297 15404 13683 12072 10632 9239 8123 7105 6118 5321 4590 3954 3396 2906 2430 2058 1783 1491 1254 1033 867 725 606 513 422 360 300 248 201 168 133 110 94 67 60 55 44 42 29 18 13 12 12 7 7 4 4 3 3 3 
0 0 0 250 250 250 312 376 440 535 666 561 788 1116 1483 1962 2510 3201 4036 5053 6267 7709 9356 11273 13479 15779 18396 21154 23903 26816 29629 32196 34657 36855 38510 40005 41205 41650 41747 41454 40747 39691 38379 36597 34490 32346 30154 27853 25478 23172 20953 18834 16931 15116 13294 11751 10334 9085 7961 6920 5973 5154 4496 3880 3306 2853 2444 2104 1793 1560 1343 1137 979 809 666 583 483 387 317 271 243 204 190 153 139 123 107 91 80 73 57 45 41 38 28 24 18 15 16 15 12 11 13 13 12 11 10 11 10 11 8 6 4 4 3 3 3 1 1 1 1 1 1 
0 0 0 249 249 249 303 353 415 502 616 525 713 1008 1180 1473 1959 2438 3062 3784 4726 5769 7196 8794 10422 12517 14651 16913 19378 21987 24527 27100 29550 31863 34112 36299 37916 39225 40242 40542 40616 40207 39471 38240 36784 35094 33099 31141 29102 26887 24614 22411 20328 18265 16386 14637 12931 11459 10055 8792 7712 6704 5799 5047 4387 3775 3295 2857 2413 2058 1763 1497 1278 1086 915 784 684 577 468 408 355 304 260 208 172 150 128 105 88 69 59 52 40 30 26 20 14 11 8 4 3 2 1 1 1 
0 0 0 249 249 249 306 374 441 588 883 941 1400 2026 2597 3318 4427 5654 6963 8580 10407 12438 14747 17290 19776 22393 25122 27767 30203 32518 34757 36632 38139 39409 40194 40604 40617 40156 39162 37940 36537 34795 32838 30810 28670 26549 24362 22219 20059 18079 16211 14403 12820 11284 10049 8871 7853 6802 5920 5126 4418 3842 3288 2822 2418 2059 1770 1508 1302 1094 947 798 652 555 464 405 333 277 234 203 173 150 127 107 89 77 64 51 48 40 32 25 17 18 16 11 7 7 7 7 7 4 3 4 3 2 2 1 1 1 1 
0 0 0 250 250 250 308 370 417 531 675 576 885 1209 1442 2045 2720 3451 4310 5404 6697 8183 10085 12015 14250 16839 19525 22291 25172 28155 30943 33490 35812 37767 39572 40834 41559 42039 42006 41535 40725 39487 37762 36035 34030 31716 29378 27066 24769 22522 20494 18424 16517 14702 13091 11583 10132 8852 7625 6612 5738 4940 4233 3646 3185 2729 2375 2035 1736 1474 1263 1075 874 754 634 543 459 394 329 270 228 189 159 134 106 90 75 63 50 43 34 28 17 15 15 12 8 8 8 7 9 10 10 9 9 9 8 9 7 5 4 3 3 2 2 1 1 1 1 1 1 
0 0 0 249 249 249 301 360 403 520 659 572 964 1464 1793 2283 3091 3931 4982 6326 7667 9265 11345 13520 15754 18268 21010 23712 26496 29256 31825 34236 36575 38370 39830 40899 41511 41600 41262 40774 39731 38329 36690 34834 32766 30573 28383 26007 23558 21462 19293 17279 15409 13706 12147 10737 9450 8246 7127 6157 5332 4614 3924 3298 2819 2427 2116 1799 1536 1291 1109 942 835 696 576 487 411 333 289 242 186 160 134 112 87 84 60 41 45 39 32 24 23 18 15 13 6 5 4 3 3 1 1 1 1 1 1 1 
0 0 0 250 250 250 308 366 421 544 714 650 931 1249 1510 1972 2580 3201 3953 5082 6289 7682 9444 11371 13449 15823 18376 20877 23527 26434 29081 31577 34025 36196 37997 39486 40715 41254 41514 41250 40524 39544 38157 36461 34395 32192 29977 27705 25474 23002 20817 18750 16833 15015 13223 11700 10258 9102 7996 6935 6010 5252 4628 4031 3467 2994 2570 2224 1876 1624 1364 1153 990 825 692 593 514 426 357 298 261 234 206 183 158 126 107 94 70 55 44 32 28 27 20 16 14 13 11 11 8 3 1 1 1 1 2 1 1 1 1 1 1 1 
0 0 0 250 250 250 312 352 396 505 616 516 760 1056 1290 1692 2249 2927 3762 4730 5874 7206 8865 10511 12534 14659 16994 19469 22074 24763 27307 29835 32200 34410 36426 37994 39316 40190 40671 40985 40630 39867 38670 37408 35642 33635 31542 29278 27068 24820 22624 20377 18233 16393 14699 13020 11475 10078 8785 7703 6769 5805 4949 4251 3592 3083 2666 2239 1898 1622 1362 1137 985 832 674 560 465 388 333 282 233 199 170 151 121 101 84 74 58 41 37 29 25 18 15 12 9 9 7 5 7 8 7 7 7 7 6 6 3 3 2 2 2 1 1 1 1 
0 0 0 250 250 250 305 357 406 568 747 702 1014 1542 1962 2487 3352 4142 5212 6518 7891 9506 11409 13623 15733 18299 20936 23570 26394 29045 31502 33814 36140 37889 39305 40458 41114 41248 41119 40571 39427 38037 36433 34426 32262 30113 27841 25479 23221 21040 18890 16972 15106 13355 11752 10389 9075 7951 6914 5933 5166 4433 3886 3301 2860 2463 2073 1785 1512 1308 1094 904 769 641 557 486 415 349 297 254 207 170 146 125 109 87 75 64 55 50 39 29 23 21 16 15 13 8 7 6 4 3 2 2 2 2 1 
0 0 0 250 250 250 300 349 398 491 624 541 851 1196 1433 1808 2492 3245 4092 5204 6469 7940 9862 11928 13957 16159 18725 21428 24056 26656 29324 31875 34403 36736 38550 40174 41123 41889 41915 41591 40718 39559 38085 36062 34127 31806 29659 27276 25003 22748 20636 18533 16641 14951 13197 11708 10357 9019 7832 6864 5909 5095 4367 3794 3207 2760 2353 1966 1697 1432 1232 1041 896 756 619 539 468 398 341 285 240 212 182 145 125 108 96 79 66 53 42 37 31 26 25 18 15 15 15 12 9 9 5 4 4 3 1 2 1 1 2 2 2 2 2 1 1 1 
0 0 0 249 249 249 314 370 424 580 773 738 1031 1420 1726 2245 2862 3572 4439 5566 6768 8164 9920 11835 13887 16202 18697 21211 23810 26441 28876 31194 33481 35277 36794 37976 38874 39403 39692 39394 38650 37693 36452 34964 33215 31211 29040 27018 24853 22705 20584 18572 16634 14892 13229 11612 10268 9091 7982 6944 6110 5287 4598 4018 3530 3045 2629 2279 1917 1657 1422 1214 1012 864 727 623 545 447 381 318 267 218 180 146 122 115 94 80 68 57 49 38 35 25 19 14 12 11 10 13 9 10 10 12 10 10 9 7 7 5 5 3 4 3 3 2 2 2 2 1 
0 0 0 250 250 250 304 355 403 483 609 533 755 1072 1414 1948 2565 3278 4248 5406 6800 8283 10084 12044 14292 16931 19461 22217 24983 27847 30472 33053 35609 37477 39162 40323 41261 41727 41797 41371 40361 39176 37696 36039 33903 31913 29716 27491 25192 22936 20825 18730 16932 14961 13306 11785 10392 9204 8044 7059 6105 5322 4601 3922 3382 2893 2492 2127 1819 1541 1294 1096 941 809 700 585 499 423 367 308 253 226 185 165 132 107 99 86 72 53 47 41 38 33 27 24 23 21 19 13 11 12 12 11 10 8 7 8 8 5 3 2 1 2 3 2 2 3 3 3 3 2 1 1 1 
0 0 0 250 250 250 308 368 413 510 649 577 841 1212 1537 1994 2597 3295 4202 5267 6555 7974 9604 11467 13573 15788 18052 20492 23233 25786 28415 30934 33219 35312 37079 38471 39234 39954 40072 39751 39086 38146 36811 35334 33527 31489 29516 27419 25245 23030 21063 18990 17093 15292 13523 11901 10497 9250 8075 7083 6200 5373 4701 4134 3556 3073 2663 2274 1933 1652 1413 1198 1062 894 760 662 574 491 414 366 303 279 239 214 187 163 146 126 110 89 79 64 56 51 38 32 31 26 21 15 10 7 7 4 3 3 2 2 2 1 1 1 
0 0 0 250 250 250 309 368 423 503 626 616 893 1168 1459 1960 2574 3277 4116 5080 6358 7851 9527 11410 13470 15821 18367 21126 23742 26449 29231 31756 34260 36349 38100 39483 40404 41028 41186 40928 40190 39165 37781 36185 34409 32284 30053 27848 25612 23340 21287 18971 16972 15290 13527 11873 10374 9125 7902 6916 6060 5102 4441 3893 3382 2886 2464 2154 1800 1559 1334 1107 922 773 649 544 459 388 326 269 219 198 152 131 117 99 81 67 59 50 44 34 29 27 22 17 11 12 11 10 8 6 5 5 5 2 2 1 
0 0 0 249 249 249 296 343 380 512 705 664 962 1461 1764 2226 2990 3758 4617 5696 6949 8290 10090 12087 14041 16291 18894 21467 24075 26713 29363 31646 34040 36123 37681 39103 40077 40634 40578 40435 39781 38680 37282 35484 33501 31496 29516 27214 24845 22627 20480 18437 16631 14710 12980 11515 10177 8929 7826 6871 5969 5243 4537 3946 3385 2928 2564 2225 1896 1627 1375 1157 998 840 684 597 513 425 375 325 268 232 196 147 128 107 84 68 59 48 43 33 27 25 22 19 19 17 14 15 11 9 11 10 9 7 6 4 4 3 1 1 
0 0 0 250 250 250 295 350 408 525 754 775 1096 1418 1754 2379 3129 3962 4833 6077 7417 9041 10916 12852 14954 17369 19927 22300 24903 27642 30218 32562 34633 36664 38316 39533 40303 40619 40526 40230 39613 38041 36420 34797 32887 30758 28577 26209 23940 21933 19858 17807 15869 14098 12478 10985 9600 8434 7379 6387 5592 4824 4134 3586 3103 2595 2184 1864 1581 1348 1182 976 797 713 594 507 426 353 289 254 215 171 147 124 103 79 69 57 50 40 37 30 25 24 17 16 15 10 9 9 9 7 7 6 6 6 5 3 2 2 1 1 
0 0 0 250 250 250 321 386 439 565 688 618 839 1160 1310 1580 2159 2727 3373 4203 5202 6249 7700 9384 11040 13111 15476 17817 20296 22963 25491 28050 30500 32794 34684 36612 38110 39125 39800 39949 39835 39187 38261 36796 35206 33478 31494 29526 27415 25135 23037 20998 18936 17031 15405 13726 12120 10778 9526 8415 7420 6420 5541 4785 4169 3638 3157 2673 2274 1972 1703 1477 1271 1076 863 733 627 542 446 368 297 242 198 155 120 95 75 61 49 44 35 30 20 17 16 10 9 9 8 6 7 5 5 5 4 1 2 2 1 1 1 1 1 1 
0 0 0 250 250 250 299 351 395 554 824 912 1254 1808 2353 3030 3891 4905 5985 7272 8894 10431 12308 14408 16700 19030 21506 24242 26791 29450 31818 34005 35831 37482 38811 39547 39996 40074 39818 39118 38124 36791 35186 33302 31278 29146 26999 24799 22665 20500 18459 16585 14788 13027 11498 10149 8877 7812 6801 5906 5095 4461 3834 3317 2897 2472 2122 1812 1592 1374 1174 1008 856 740 637 539 464 403 339 279 240 203 170 149 121 107 96 75 64 57 49 35 30 24 20 19 19 14 10 10 9 8 8 7 6 5 5 4 3 2 1 
0 0 0 250 250 250 289 346 401 490 630 675 975 1397 1717 2259 3115 3982 5000 6177 7657 9194 11015 13026 15077 17377 19992 22441 24947 27541 30140 32543 34640 36659 38033 39157 40049 40297 40117 39543 38613 37351 35970 34367 32291 30382 28321 26225 24176 22102 20031 18009 16177 14387 12736 11185 9851 8531 7370 6427 5565 4799 4188 3622 3075 2621 2257 1904 1596 1374 1192 1027 896 771 644 560 488 399 323 279 222 196 168 140 118 99 88 75 67 56 45 33 31 27 22 18 15 13 10 10 6 4 2 2 2 1 
0 0 0 250 250 250 295 337 376 466 603 561 857 1233 1451 1836 2362 2941 3615 4479 5468 6534 8105 9678 11362 13361 15505 17736 20165 22860 25317 27937 30661 32852 34942 36761 38097 39032 39647 39829 39405 38883 38076 36764 35286 33504 31518 29372 27322 25140 22846 20818 18809 16937 15210 13611 12051 10733 9489 8313 7317 6383 5573 4847 4172 3586 3113 2704 2286 1957 1680 1447 1262 1088 920 773 673 561 485 416 356 295 258 218 183 146 125 107 89 80 63 55 42 38 29 19 19 13 8 6 5 3 3 2 1 
0 0 0 250 250 250 316 374 433 538 715 670 933 1539 1841 2278 3022 3761 4611 5697 6960 8119 9863 11705 13514 15687 18034 20451 22968 25496 27822 30146 32374 34452 36042 37301 38243 38798 39018 38910 38274 37191 36036 34650 32891 30993 29068 26941 24950 22858 20831 18768 17013 15244 13623 12204 10817 9577 8380 7399 6401 5617 4871 4185 3620 3156 2781 2406 2052 1777 1520 1284 1100 931 773 659 568 484 399 340 281 249 208 169 146 118 101 81 70 55 47 40 39 32 26 21 16 18 18 16 12 10 9 8 6 5 2 2 2 1 1 1 1 
0 0 0 250 250 250 333 404 468 656 948 1119 1549 2118 2633 3443 4490 5432 6612 7959 9622 11390 13420 15598 17766 20313 22890 25368 27787 30097 32421 34444 36317 37715 38820 39557 39916 39964 39274 38333 37159 35786 34022 32112 30043 27905 25872 23751 21548 19449 17518 15697 14026 12450 11023 9714 8601 7554 6542 5680 4896 4214 3693 3195 2703 2291 1977 1703 1435 1219 1008 841 716 621 521 428 370 310 250 214 179 137 115 100 80 61 52 44 35 29 18 10 9 5 4 2 1 
0 0 0 250 250 250 296 343 401 472 577 452 702 1076 1255 1677 2292 3008 3894 4993 6259 7673 9549 11453 13443 15901 18297 20810 23441 26119 28586 31232 33596 35385 37183 38789 39850 40459 40795 40499 39968 39088 37777 35956 34110 32078 29902 27580 25277 23080 20901 18918 16906 15127 13382 11946 10552 9243 8127 7084 6196 5291 4672 3980 3433 3001 2615 2261 1926 1681 1431 1227 1043 870 723 622 528 446 350 302 250 222 191 164 136 110 100 86 72 58 45 35 32 30 25 20 19 20 19 16 16 13 10 8 7 5 4 3 1 
0 0 0 250 250 250 318 383 427 586 743 685 953 1326 1577 1950 2494 3138 3861 4723 5772 6998 8552 10260 12149 14089 16199 18508 20948 23425 25841 28231 30590 32770 34871 36513 37813 38793 39466 39646 39348 38798 37743 36503 35041 33203 31243 29226 27037 24884 22845 20851 18780 16810 15005 13284 11810 10370 9026 7869 6869 6049 5219 4521 3921 3359 2914 2472 2089 1776 1521 1337 1127 968 822 692 593 518 438 380 332 288 244 213 183 155 128 95 85 71 56 47 38 29 25 22 16 15 12 10 7 4 3 1 
0 0 0 249 249 249 306 363 405 521 667 569 766 1011 1262 1676 2130 2676 3338 4210 5175 6435 7862 9390 11309 13320 15515 17913 20438 22921 25608 28219 30693 33138 35243 36977 38480 39663 40244 40500 40170 39474 38648 37355 35758 34016 32099 29963 27902 25818 23547 21520 19515 17460 15604 13999 12446 10922 9636 8396 7300 6394 5561 4787 4130 3582 3086 2668 2321 1983 1697 1451 1244 1041 868 740 634 547 464 382 328 291 244 208 182 152 136 122 103 86 83 74 63 53 42 34 27 19 14 10 8 5 4 3 3 2 1 2 2 2 2 2 1 1 1 
0 0 0 250 250 250 312 362 419 483 577 493 657 890 1095 1359 1774 2277 2907 3634 4608 5668 7037 8526 10181 12009 14074 16287 18691 21318 23824 26592 29111 31648 33896 35879 37497 38860 39799 40287 40310 39982 39231 38150 36716 34953 33090 31004 29074 26922 24768 22629 20606 18544 16725 14945 13200 11634 10320 9121 7955 6998 6039 5196 4504 3918 3339 2864 2497 2133 1816 1559 1341 1133 951 804 680 574 472 405 343 264 223 190 156 133 119 102 84 78 71 62 51 44 40 34 33 28 20 15 14 13 11 8 8 6 6 6 6 7 7 8 6 6 6 6 6 5 5 5 5 6 5 4 7 7 6 5 4 3 3 3 
0 0 0 250 250 250 302 352 399 473 608 520 749 1104 1299 1587 2000 2488 3073 3800 4662 5596 6957 8435 9936 11801 13824 16083 18337 20802 23112 25563 28138 30404 32516 34463 36124 37519 38522 39026 39153 39038 38474 37461 36176 34456 32781 30944 29100 26953 24824 22650 20688 18779 16945 15229 13495 12028 10647 9460 8316 7320 6350 5544 4776 4110 3598 3085 2646 2271 1948 1653 1433 1229 1026 887 767 662 577 487 419 344 293 235 191 167 144 125 100 83 71 68 61 45 37 30 26 27 24 16 12 8 5 4 5 2 2 2 1 1 1 1 
0 0 0 250 250 250 307 370 422 518 652 609 964 1384 1712 2273 3039 3822 4787 5935 7129 8678 10553 12511 14594 17042 19503 22111 24792 27516 29959 32467 34732 36584 38392 39714 40678 40938 41039 40660 39684 38536 37007 35148 33085 31091 28923 26600 24514 22375 20172 18234 16395 14577 12917 11398 10066 8823 7736 6711 5797 5042 4377 3743 3226 2773 2376 2059 1788 1502 1267 1094 895 749 641 522 447 377 329 283 240 201 167 145 119 94 71 60 53 45 39 34 29 25 21 16 10 7 3 3 2 1 
0 0 0 249 249 249 321 379 441 548 799 910 1321 1781 2182 2848 3744 4742 5674 6912 8342 9994 11984 14053 16194 18543 21053 23557 26171 28747 31031 33308 35258 37029 38417 39191 39770 39925 39672 39043 38020 36580 35145 33387 31217 29152 27055 24815 22810 20778 18683 16968 15343 13648 12169 10762 9449 8292 7256 6299 5448 4676 4047 3466 2952 2512 2119 1792 1490 1262 1034 897 752 636 542 455 386 320 271 216 183 155 135 108 97 84 76 62 54 45 40 39 35 33 32 28 21 20 18 16 14 13 11 8 7 5 5 3 3 2 1 1 1 1 
0 0 0 250 250 250 308 364 416 498 637 539 718 1005 1157 1510 1982 2456 3056 3949 4971 6059 7602 9253 10970 13020 15266 17609 20134 22783 25354 27811 30408 32785 34892 36579 37970 39070 39850 40219 40104 39582 38765 37528 36135 34390 32338 30351 28146 25933 23722 21695 19591 17698 15860 14076 12511 11049 9709 8535 7475 6428 5615 4833 4159 3625 3101 2631 2234 1907 1614 1382 1160 972 830 710 594 520 442 371 338 293 250 213 178 147 128 106 87 76 66 58 51 44 35 30 29 22 18 18 13 14 13 12 9 8 7 8 12 14 15 16 15 15 15 13 9 7 5 2 3 3 3 2 2 1 1 1 
0 0 0 250 250 250 305 352 395 458 549 422 621 865 994 1396 1964 2516 3202 4069 5091 6185 7614 9153 10783 12781 14894 17159 19544 21960 24387 26804 29126 31101 33140 34915 36324 37489 38257 38633 38404 38211 37366 36143 34791 33243 31495 29477 27683 25497 23547 21593 19495 17625 15909 14311 12772 11446 10090 8922 7932 6946 6007 5259 4601 4015 3503 3017 2590 2233 1966 1669 1425 1209 1022 871 767 644 543 457 380 312 248 212 184 159 128 98 85 73 60 49 35 26 23 20 11 10 8 7 5 4 1 
0 0 0 250 250 250 311 358 409 513 643 551 736 1020 1266 1761 2386 3046 3896 4915 6269 7785 9527 11424 13379 15725 18046 20613 23152 25496 28051 30386 32633 34648 36626 38066 39117 40204 40468 40389 39883 39038 37671 36188 34515 32380 30272 28124 26040 23755 21682 19570 17508 15647 13969 12399 10892 9612 8403 7331 6376 5504 4759 4086 3566 3068 2607 2257 1977 1709 1453 1234 1046 881 773 642 524 457 406 335 283 248 202 176 148 137 117 110 92 77 68 61 52 37 32 25 22 21 15 13 9 8 3 3 4 3 3 2 2 1 1 1 
0 0 0 249 249 249 295 351 399 485 725 742 1002 1418 1829 2465 3255 4147 5159 6450 7997 9648 11783 13949 16224 18818 21529 24208 26892 29647 32083 34376 36655 38403 39730 40872 41392 41607 41315 40590 39436 38048 36387 34322 32388 30117 27756 25490 23205 21037 18845 16831 14920 13144 11637 10250 8913 7709 6748 5845 5009 4323 3707 3166 2735 2335 1986 1691 1457 1226 1034 861 711 600 502 428 353 293 251 204 182 140 120 102 84 76 63 53 40 38 32 24 22 17 14 14 15 10 8 7 6 6 5 3 2 2 3 3 5 5 4 5 5 5 3 3 2 2 2 1 1 1 1 1 
0 0 0 250 250 250 295 347 393 472 556 466 670 953 1114 1475 1996 2585 3322 4186 5191 6437 8032 9611 11402 13390 15700 18134 20699 23350 25932 28542 31023 33309 35284 36897 38340 39318 39957 40146 39899 39455 38517 37376 35786 33913 31896 29809 27679 25410 23312 21182 19155 17294 15584 13943 12406 11043 9727 8593 7565 6604 5725 5012 4385 3760 3236 2786 2377 2048 1760 1523 1319 1147 976 809 707 611 513 428 362 306 262 230 181 157 132 108 84 72 61 47 38 27 25 21 18 18 16 15 13 11 8 10 9 8 6 4 4 3 3 1 1 1 1 1 
0 0 0 250 250 250 305 373 423 549 865 999 1459 2085 2678 3345 4353 5488 6740 8283 9921 11811 14069 16651 19099 21685 24485 27117 29790 32220 34594 36586 38516 39913 40745 41242 41338 41170 40152 38986 37375 35754 33711 31687 29552 27231 25045 22916 20754 18715 16908 15072 13429 11846 10559 9261 8181 7073 6153 5348 4594 3971 3393 2889 2462 2110 1801 1518 1264 1078 918 755 647 553 468 383 324 278 241 203 163 139 111 92 74 61 50 42 36 33 27 24 23 19 16 14 12 9 7 6 3 1 1 
0 0 0 250 250 250 290 341 390 464 643 595 822 1244 1551 1969 2584 3386 4221 5293 6526 7979 9732 11754 13865 16065 18571 21246 23995 26577 29336 31828 34042 36105 37861 39112 40063 40635 40582 40350 39645 38720 37236 35583 33697 31638 29390 27085 24948 22646 20534 18466 16547 14776 13190 11611 10209 8964 7894 6961 6062 5244 4615 4001 3506 3062 2609 2203 1873 1595 1340 1160 969 793 680 571 496 422 359 302 263 224 198 182 140 119 100 88 72 67 50 35 27 20 15 12 8 6 5 5 4 3 2 1 1 
0 0 0 250 250 250 311 368 421 508 690 777 1202 1690 2111 2863 3835 4825 6044 7389 9001 10787 13004 15187 17488 20233 22958 25774 28378 31129 33576 35765 37907 39652 40977 41545 42063 41843 41299 40450 39054 37074 35033 33101 30838 28601 26328 24085 21883 20033 18076 16206 14425 12807 11267 9921 8687 7489 6498 5614 4807 4111 3553 2987 2545 2160 1808 1515 1294 1123 951 829 682 575 489 425 364 306 263 227 190 152 135 120 98 78 65 49 42 36 32 26 23 19 16 13 10 7 4 2 1 1 1 1 1 1 1 1 1 
0 0 0 250 250 250 302 359 412 506 649 580 888 1281 1584 1973 2589 3401 4171 5312 6599 7981 9719 11752 13808 16004 18552 20980 23294 25857 28447 30773 32929 34989 36622 37977 39106 39933 40083 39795 39417 38428 37257 35746 34038 31994 29977 27894 25648 23455 21368 19388 17475 15553 13809 12325 10925 9635 8376 7338 6389 5596 4847 4151 3557 3080 2687 2274 1930 1622 1398 1216 1033 865 743 620 520 455 381 333 277 251 206 174 163 135 115 101 80 67 53 53 42 41 38 28 27 23 22 15 13 9 7 7 5 3 2 1 1 1 1 1 1 1 
0 0 0 250 250 250 306 362 404 524 671 590 839 1174 1418 1822 2391 2950 3693 4749 5912 7224 8904 10633 12634 14994 17358 19662 22185 24708 27172 29728 32095 34138 36133 37828 38951 39818 40277 40269 39822 39030 37812 36264 34727 32884 30919 28757 26596 24423 22278 20281 18225 16313 14567 12953 11460 10119 8856 7738 6746 5881 5032 4374 3752 3176 2727 2312 1980 1692 1444 1238 1041 904 788 686 576 489 417 358 320 273 233 210 192 162 150 120 108 102 89 74 66 57 48 42 34 25 24 19 15 14 12 10 9 8 4 3 2 
0 0 0 250 250 250 296 339 383 442 532 388 558 798 931 1128 1517 2008 2542 3246 4127 5211 6535 8103 9822 11736 14040 16406 18967 21743 24642 27378 30147 32834 35139 37313 39110 40358 41243 41964 41971 41505 40723 39610 38017 36228 34187 31861 29739 27417 25022 22627 20446 18319 16332 14485 12644 11042 9679 8454 7353 6382 5540 4752 4041 3542 3061 2630 2250 1911 1583 1368 1186 985 834 688 567 479 409 347 288 235 188 156 129 97 81 55 43 35 22 16 10 10 7 7 6 6 5 3 4 2 2 2 2 2 2 2 1 1 1 
0 0 0 250 250 250 311 386 434 527 654 557 818 1104 1287 1593 2149 2720 3341 4159 5078 6278 7805 9430 11133 13124 15459 17729 20269 22750 25262 27823 30285 32460 34436 36248 37589 38804 39523 39710 39375 38966 38045 36787 35266 33326 31294 29353 27385 25181 23038 20980 18998 17132 15341 13631 12073 10666 9334 8242 7230 6343 5551 4796 4172 3609 3138 2674 2282 1931 1670 1407 1193 1015 876 749 629 528 431 377 324 271 238 192 167 136 113 86 74 63 46 39 30 26 21 18 16 14 13 13 14 12 11 10 7 4 2 1 
0 0 0 250 250 250 318 386 429 563 761 727 1025 1457 1689 2163 2871 3561 4379 5525 6738 8116 9955 11850 13925 16281 18639 21037 23629 26347 29014 31503 33829 35894 37717 39140 40155 40582 40631 40431 39740 38705 37399 35850 34162 32126 30010 27827 25575 23283 21134 19013 16949 15233 13537 11887 10476 9250 8112 7076 6110 5289 4558 3944 3356 2853 2406 2078 1782 1494 1270 1077 930 787 672 553 480 414 346 274 226 190 160 137 109 87 71 60 49 40 29 23 20 14 11 8 4 3 3 2 3 3 2 2 2 3 2 2 2 2 3 3 3 3 3 3 2 2 1 1 1 
0 0 0 250 250 250 311 374 424 577 758 702 1018 1497 1861 2347 3116 3950 4968 6281 7686 9184 11079 13406 15657 18111 20818 23493 26326 29216 31944 34383 36841 38760 40266 41521 42142 42331 42142 41327 40119 38816 37203 35174 33087 30853 28615 26447 24112 21885 19638 17593 15781 14004 12277 10777 9467 8206 7167 6253 5365 4639 4019 3417 2945 2539 2153 1832 1549 1309 1119 955 815 692 594 494 421 365 299 243 191 157 138 116 87 68 54 49 42 38 31 26 23 20 17 13 9 9 7 6 6 5 4 3 3 1 1 1 1 1 1 1 1 1 
0 0 0 250 250 250 302 339 385 471 548 403 642 949 1079 1397 1979 2484 3119 4073 5043 6231 7906 9659 11352 13503 15962 18383 20889 23508 26008 28594 31263 33445 35399 37095 38535 39445 40111 40136 39693 39167 38207 37003 35362 33544 31488 29494 27540 25340 23163 20974 19058 17256 15504 13796 12191 10724 9392 8230 7147 6234 5370 4679 4006 3527 3082 2644 2272 1915 1690 1462 1245 1052 886 757 661 561 481 422 350 309 283 242 207 188 153 124 108 94 83 79 70 61 54 46 37 34 32 27 25 21 19 17 17 16 10 6 5 4 2 2 1 1 2 2 3 2 2 2 2 2 1 1 
0 0 0 250 250 250 288 341 386 448 539 385 600 880 996 1224 1634 2189 2752 3533 4365 5248 6613 8015 9607 11374 13485 15625 17890 20413 22939 25517 28070 30590 32753 34990 36900 38187 39220 40009 40282 40048 39586 38399 37050 35712 33989 32052 29966 27782 25554 23487 21469 19467 17500 15613 13866 12354 10930 9637 8358 7226 6311 5476 4752 4054 3468 2946 2532 2149 1792 1498 1280 1082 909 768 642 554 467 395 318 253 213 177 148 125 104 89 72 66 57 52 50 47 41 31 29 22 18 15 10 6 4 5 3 3 1 1 1 1 1 
0 0 0 250 250 250 319 372 426 535 754 741 1078 1577 2037 2647 3480 4338 5403 6795 8241 9883 11845 13983 16274 18752 21244 23601 26205 28551 30737 32878 34687 36350 37686 38687 39173 39468 39324 38823 37953 36597 34983 33340 31412 29309 27224 25112 22908 20934 19092 17079 15331 13726 12187 10696 9427 8272 7122 6245 5461 4704 4080 3510 3070 2613 2285 1970 1660 1435 1228 1018 873 765 628 525 453 391 332 291 250 208 178 151 126 100 90 77 61 51 41 35 32 31 22 20 18 12 12 9 6 3 3 1 1 1 
0 0 0 250 250 250 314 379 437 544 679 591 830 1181 1450 1946 2525 3244 4169 5251 6491 7898 9729 11655 13719 16088 18604 21131 24047 26814 29457 32020 34453 36635 38368 39930 40707 41451 41696 41233 40615 39418 37972 36222 34387 32142 29848 27802 25463 23252 21152 19061 17088 15198 13439 11752 10329 9054 7865 6856 5929 5128 4448 3846 3314 2824 2431 2092 1772 1536 1291 1115 966 817 682 575 489 411 362 299 244 204 166 141 116 104 85 78 64 52 46 36 33 27 22 17 13 10 8 6 3 2 1 
0 0 0 248 248 248 317 379 442 592 874 969 1427 1928 2452 3154 4132 5201 6343 7677 9273 11244 13410 15685 18139 20790 23649 26391 28967 31477 33860 36121 38045 39588 40655 41387 41879 41769 41130 40101 38620 36838 34935 32965 30666 28325 26071 23775 21522 19439 17363 15369 13591 11973 10552 9225 8089 7059 6101 5255 4515 3888 3267 2809 2426 2011 1708 1458 1245 1039 887 758 635 567 484 416 340 279 239 193 163 133 111 99 91 76 63 53 40 37 32 21 13 11 9 5 6 4 4 4 4 2 2 2 1 1 1 1 1 1 1 
0 0 0 250 250 250 305 361 409 501 606 501 669 953 1199 1562 2013 2530 3134 4015 5185 6307 7691 9195 10971 12950 15147 17518 19828 22437 25161 27618 30203 32641 34849 36803 38299 39363 40079 40764 40543 39977 39280 37953 36489 34730 32734 30501 28480 26242 23888 21714 19599 17714 15792 14066 12431 11070 9723 8514 7486 6516 5747 4977 4285 3706 3215 2777 2395 2078 1775 1531 1333 1135 998 848 747 646 548 486 423 370 302 270 232 198 168 145 125 100 87 71 60 51 45 39 31 27 23 21 19 16 16 16 14 12 9 7 4 3 2 1 1 1 1 
0 0 0 250 250 250 295 345 391 502 672 594 802 1102 1316 1627 2179 2732 3367 4318 5353 6623 8236 9999 11889 14064 16533 18901 21681 24386 26950 29567 31950 34129 36054 37743 38965 39889 40478 40533 40314 39702 38672 37250 35539 33716 31672 29564 27318 25208 22961 20869 18827 16797 15061 13423 11934 10459 9170 8095 7151 6212 5350 4616 3976 3389 2938 2520 2110 1821 1564 1347 1148 978 863 741 641 546 446 369 306 254 200 157 127 117 104 87 74 71 60 53 48 38 28 24 24 16 17 18 15 14 11 11 9 8 5 4 4 2 2 1 1 1 1 
0 0 0 250 250 250 297 335 378 488 665 618 912 1428 1696 2169 2822 3473 4305 5363 6500 7621 9423 11183 12985 15195 17405 19655 22176 24816 27242 29620 31741 33659 35472 36976 38168 38693 38881 38878 38621 37879 36738 35429 33595 31754 29826 27727 25592 23529 21506 19457 17580 15885 14165 12542 11149 9835 8563 7431 6453 5576 4836 4214 3631 3079 2669 2299 1973 1702 1454 1240 1069 903 767 657 557 472 405 338 270 234 197 163 142 116 91 76 69 56 46 41 34 28 30 27 22 20 22 16 18 19 14 12 12 11 7 7 4 2 4 3 3 3 3 3 3 3 1 1 1 1 
0 0 0 250 250 250 311 394 439 595 756 706 951 1299 1619 2110 2941 3701 4700 5967 7459 9199 11293 13474 15937 18573 21396 24184 27076 29947 32433 34947 37102 38950 40461 41668 42313 42314 42122 41348 40136 38691 36899 34832 32687 30438 28176 25907 23617 21393 19179 17146 15194 13513 11917 10475 9123 8016 6988 6054 5281 4575 3910 3337 2871 2432 2115 1788 1464 1221 1035 884 762 625 518 453 392 325 296 252 214 175 149 120 102 91 62 47 38 31 25 20 21 18 17 17 12 10 6 4 2 2 1 
0 0 0 250 250 250 312 384 441 552 707 609 844 1210 1567 2167 3001 3912 4986 6368 8081 9761 11828 14129 16465 19155 21986 24829 27450 30391 33066 35386 37712 39536 40886 41903 42544 42595 42081 41392 40159 38600 36830 34758 32454 30230 28047 25674 23224 20945 18764 16731 14925 13068 11486 10008 8791 7624 6628 5715 4947 4279 3647 3086 2635 2266 1923 1654 1433 1226 1055 912 766 650 555 482 407 346 285 251 217 180 162 145 117 105 92 87 72 67 68 52 47 42 39 31 29 28 21 22 20 18 18 18 13 10 9 8 9 8 7 5 5 5 5 4 2 1 
0 0 0 250 250 250 317 376 426 581 752 653 999 1436 1778 2267 2976 3761 4620 5825 7228 8795 10599 12643 14832 17164 19733 22378 24850 27480 30182 32585 34957 36987 38574 39853 40818 41256 41165 40872 39901 38700 37343 35528 33501 31420 29289 26973 24700 22537 20347 18327 16407 14535 12832 11321 9943 8672 7555 6633 5790 5044 4379 3781 3301 2862 2497 2117 1827 1564 1333 1123 968 793 684 574 500 407 346 297 248 204 165 142 122 110 81 69 59 52 47 38 26 22 19 13 9 7 3 2 3 2 1 1 1 1 1 1 
0 0 0 250 250 250 298 356 404 528 684 638 911 1291 1670 2233 2922 3702 4721 5863 7293 8964 10915 13031 15280 17913 20675 23580 26369 29131 31948 34602 36765 38604 40198 41314 41891 42126 41697 40925 40277 38922 36991 35202 33141 30834 28666 26344 23900 21675 19672 17481 15682 13956 12314 10788 9457 8285 7207 6235 5376 4718 4040 3495 2990 2557 2200 1913 1675 1407 1203 1040 875 733 609 511 422 353 296 248 199 160 131 108 92 81 66 52 49 43 34 27 20 12 10 9 5 1 1 1 1 
0 0 0 250 250 250 305 370 418 539 703 619 858 1193 1385 1726 2185 2784 3510 4385 5287 6447 7880 9500 11272 13217 15338 17738 20379 22849 25537 28123 30616 32785 34916 36758 38194 39256 39918 40165 40080 39704 38751 37388 35765 34112 32143 29988 27841 25697 23521 21364 19400 17448 15640 13985 12341 10876 9540 8396 7318 6346 5474 4752 4125 3502 3034 2574 2182 1841 1593 1342 1145 991 840 729 603 548 452 389 344 285 239 207 180 143 119 112 87 75 66 52 48 33 23 20 19 18 16 14 10 8 5 2 1 2 1 1 2 2 2 2 2 1 1 1 
0 0 0 250 250 250 303 357 405 469 571 453 652 900 1162 1579 2094 2671 3414 4270 5390 6616 8122 9741 11654 13850 16122 18585 21123 23832 26486 29157 31846 34291 36413 38451 39915 40885 41510 41684 41269 40494 39527 37995 36326 34570 32537 30329 28076 25837 23503 21198 19115 17158 15269 13568 12019 10604 9363 8308 7245 6255 5469 4763 4081 3493 2977 2581 2204 1896 1609 1383 1186 981 862 715 625 517 443 370 319 276 226 181 151 125 97 82 69 54 48 40 33 26 23 18 17 15 9 11 9 8 8 7 4 5 5 2 2 3 3 3 2 1 1 1 1 
0 0 0 250 250 250 291 333 379 449 569 499 768 1096 1276 1743 2310 3016 3877 4806 5744 6923 8630 10239 11950 13908 16046 18449 20911 23477 25802 28202 30565 32753 34732 36241 37661 38542 39209 39339 39229 38644 37669 36338 34795 33115 31215 29235 27144 25053 22908 21051 19050 17175 15384 13749 12253 10788 9532 8342 7319 6376 5569 4876 4151 3615 3111 2651 2304 1987 1660 1414 1226 1053 892 769 629 521 449 378 312 257 211 164 138 119 99 83 73 61 54 45 39 30 27 20 19 15 11 7 5 2 3 3 3 2 2 2 1 1 
0 0 0 250 250 250 317 374 433 520 721 729 1097 1544 1932 2548 3318 4251 5243 6452 7826 9594 11556 13570 15804 18388 21072 23782 26607 29252 31878 34413 36615 38335 39831 40819 41448 41513 41247 40712 39683 38414 36745 34967 32747 30616 28476 26098 23889 21547 19375 17356 15534 13788 12034 10529 9177 8065 7013 6096 5324 4620 3984 3396 2926 2478 2112 1789 1497 1237 1069 915 766 655 569 470 413 347 280 229 189 153 134 108 80 63 57 48 39 36 31 28 24 26 21 19 14 12 9 9 8 5 4 4 2 1 1 1 1 1 1 1 1 1 
0 0 0 250 250 250 323 386 450 542 683 593 818 1082 1352 1802 2471 3231 4158 5294 6644 8215 9913 11775 13921 16366 18890 21441 24141 27063 29793 32391 34698 36640 38491 40024 40823 41110 41250 40949 40240 39216 37725 35915 34168 32123 29935 27672 25419 23121 20891 18864 16903 15070 13418 11850 10437 9198 8094 7012 6046 5266 4499 3953 3373 2899 2453 2150 1883 1600 1383 1179 1014 877 747 634 540 471 413 345 307 259 224 191 164 141 124 109 89 75 71 64 54 46 38 33 26 23 22 20 21 18 14 13 13 13 12 13 10 10 10 9 8 6 5 1 1 1 1 
0 0 0 250 250 250 297 359 427 545 713 662 942 1288 1542 2128 2904 3593 4583 5773 7076 8624 10612 12525 14517 17008 19451 21899 24636 27200 29797 32118 34459 36223 37771 39176 39889 40330 40211 39816 38964 37864 36517 34631 32768 30751 28529 26383 24196 22128 19906 18060 16254 14453 12943 11500 10134 8883 7894 6899 5999 5313 4632 4033 3503 3089 2681 2318 1976 1694 1433 1202 1050 894 779 669 601 521 456 413 345 289 237 212 170 150 132 117 99 88 79 63 53 42 33 24 20 15 8 7 5 3 2 2 2 1 1 1 1 1 1 
0 0 0 250 250 250 300 356 405 488 630 529 787 1166 1397 1819 2459 3091 3804 4751 5722 6787 8323 9875 11557 13583 15721 17917 20272 22628 25029 27423 29819 31954 33894 35453 36856 37869 38400 38814 38441 37896 37101 36130 34703 33197 31505 29451 27628 25611 23584 21508 19551 17728 15960 14307 12710 11225 9870 8713 7638 6642 5786 5012 4356 3797 3294 2844 2474 2143 1836 1578 1350 1160 991 857 747 629 546 477 415 360 296 251 215 185 151 128 105 83 67 52 42 34 29 23 19 17 14 12 13 12 8 8 7 6 5 4 1 1 1 
0 0 0 250 250 250 305 375 449 545 676 575 770 1043 1360 1715 2239 2923 3785 4840 6027 7406 8974 10818 12837 15106 17416 20001 22720 25450 28150 30830 33350 35653 37889 39436 40719 41580 42050 41901 41334 40247 38819 37352 35319 33175 30973 28751 26508 24256 21902 19621 17734 15912 14052 12429 10877 9608 8460 7381 6386 5504 4782 4106 3564 2998 2549 2205 1857 1573 1344 1147 969 842 726 588 490 408 330 268 225 190 151 137 124 100 84 66 54 40 37 25 15 11 9 8 8 6 4 3 3 2 1 
0 0 0 250 250 250 305 367 420 600 776 742 1067 1518 1902 2425 3284 4189 5225 6470 7894 9555 11451 13504 15640 18123 20789 23503 26212 28786 31502 33869 36085 37850 39230 40172 40889 41091 40790 40286 39203 37792 36150 34382 32313 30185 27942 25611 23391 21221 19150 17182 15268 13594 12000 10563 9292 8146 7143 6205 5367 4606 3971 3470 2988 2547 2166 1842 1579 1338 1136 961 799 691 576 483 422 357 308 276 244 203 167 152 128 118 97 76 64 54 51 41 38 30 25 22 20 14 10 11 8 9 8 7 7 7 4 2 2 1 1 1 2 2 2 3 3 2 2 2 1 1 1 
0 0 0 249 249 249 297 352 412 480 585 488 653 938 1095 1406 1883 2361 2940 3770 4779 5774 7079 8512 9885 11640 13511 15295 17313 19532 21878 24233 26461 28642 30631 32629 34285 35686 36638 37172 37707 37590 37272 36507 35462 34149 32576 30976 29030 27210 25289 23288 21337 19385 17604 15813 14248 12674 11232 9974 8805 7734 6778 5900 5090 4430 3848 3352 2865 2488 2154 1873 1615 1410 1213 1023 871 734 595 498 429 343 279 241 212 174 159 127 105 88 71 61 48 39 32 23 24 22 19 13 12 9 7 7 3 2 4 4 3 3 2 2 3 3 1 1 1 1 1 1 
0 0 0 249 249 249 302 353 398 492 599 503 801 1137 1344 1792 2344 2928 3722 4736 5764 6936 8640 10343 12261 14393 16728 19135 21619 24279 26769 29424 31717 33850 35891 37504 38738 39506 39965 39962 39571 38901 37670 36326 34713 32950 30920 28680 26723 24579 22392 20209 18321 16528 14782 13160 11552 10165 8997 7920 6869 5924 5174 4504 3932 3429 2939 2555 2209 1894 1641 1415 1222 1059 932 796 695 610 516 453 390 335 275 223 188 167 134 108 93 77 67 58 53 42 38 35 28 23 19 20 16 15 12 9 8 8 9 6 5 3 4 3 2 2 1 1 2 2 1 1 1 1 1 1 
0 0 0 250 250 250 317 382 431 518 628 605 881 1288 1591 2070 2826 3677 4764 5977 7485 9083 11174 13428 15782 18275 20993 23841 26616 29332 31924 34545 36820 38876 40443 41682 42354 42659 42490 41709 40621 39177 37416 35365 33297 31047 28669 26186 23884 21649 19499 17422 15474 13759 12166 10800 9482 8262 7219 6279 5444 4727 4103 3576 3053 2620 2242 1909 1615 1355 1140 935 784 669 568 468 407 346 287 247 208 181 141 123 104 88 75 61 56 47 38 32 26 21 21 18 11 7 8 6 6 4 2 2 2 2 2 2 3 3 3 3 2 2 2 2 1 1 1 1 1 1 
0 0 0 250 250 250 321 395 455 580 738 666 976 1393 1682 2172 2876 3642 4474 5683 6996 8436 10202 12080 14163 16405 18960 21263 23773 26428 28969 31350 33560 35590 37207 38812 39685 40053 40203 39931 39182 38091 36635 34810 32984 31033 28935 26690 24494 22317 20285 18353 16444 14637 12913 11459 10092 8848 7759 6755 5866 5119 4433 3835 3317 2883 2468 2093 1799 1531 1333 1162 1001 840 719 598 537 460 377 316 265 216 174 147 127 107 84 65 53 48 43 35 30 21 17 17 15 13 11 9 7 6 5 4 4 4 5 4 4 4 4 2 1 1 
0 0 0 250 250 250 289 338 381 554 717 662 996 1358 1666 2208 2980 3623 4579 5834 7194 8671 10525 12637 14774 17275 19872 22504 25210 28073 30702 33066 35541 37563 39150 40333 41217 41415 41394 40981 39805 38559 37075 35219 33122 31205 28959 26650 24454 22178 19994 18091 16168 14387 12766 11269 9948 8737 7674 6667 5815 4947 4303 3717 3197 2777 2349 1999 1690 1437 1212 1017 855 726 604 488 410 358 305 250 212 168 155 135 119 95 87 85 77 67 61 50 43 41 32 24 20 19 17 15 15 13 10 9 9 7 7 7 6 5 6 6 4 5 5 6 5 5 5 4 4 3 3 2 2 2 1 1 1 1 
0 0 0 249 249 249 296 347 384 476 653 577 836 1238 1518 2007 2640 3309 4067 5055 6260 7597 9258 10917 12810 14940 17316 19668 22116 24699 27285 29855 32101 34205 36095 37884 39016 39676 40181 40162 39869 39205 37928 36338 34872 33073 30804 28632 26510 24229 22253 20166 18021 16178 14534 12985 11459 10175 8850 7783 6833 5861 5052 4346 3735 3205 2741 2339 1990 1736 1463 1224 1043 862 745 628 534 446 385 323 257 218 188 160 126 102 88 70 61 49 43 34 32 30 23 21 22 19 14 12 9 10 8 6 4 3 2 3 2 1 1 1 1 1 1 
0 0 0 250 250 250 293 349 400 526 692 625 944 1520 1876 2340 3081 3888 4842 6073 7373 8742 10723 12800 14935 17334 19865 22486 25027 27666 30040 32411 34719 36515 37981 39072 39993 40303 40245 39666 38683 37570 36150 34406 32460 30431 28342 26272 24086 21910 19889 17969 16146 14406 12814 11361 10022 8825 7681 6712 5838 5063 4315 3736 3250 2798 2405 2036 1715 1486 1312 1095 902 771 679 585 507 413 341 295 266 224 193 179 147 126 117 103 90 76 61 47 48 43 33 27 22 20 19 19 11 10 8 4 5 4 4 2 3 3 3 3 1 1 1 1 
0 0 0 250 250 250 317 376 434 562 728 699 1048 1464 1794 2351 3101 3986 5039 6276 7702 9295 11212 13278 15517 17880 20436 23114 25699 28431 31116 33596 35704 37478 38996 40094 40779 40896 40528 39908 38890 37764 36165 34265 32246 30146 28053 25812 23695 21468 19393 17489 15705 14044 12451 10971 9696 8566 7452 6517 5681 4919 4247 3706 3175 2694 2327 1975 1685 1450 1260 1047 886 748 657 552 465 391 332 283 247 216 178 148 127 113 92 76 64 56 55 49 42 31 33 32 28 21 15 16 15 14 10 9 9 8 6 4 4 4 3 3 2 1 1 
0 0 0 250 250 250 322 392 430 513 711 627 843 1297 1637 2110 2918 3782 4654 5852 7323 8994 10904 13064 15275 17770 20549 23394 26206 28794 31556 34007 36185 37991 39648 40745 41525 41759 41568 41021 40147 38940 37189 35253 33199 31204 28847 26545 24238 22010 19877 17882 15914 14027 12435 10904 9496 8282 7207 6283 5410 4665 3997 3447 2993 2562 2157 1820 1547 1302 1092 920 780 654 547 471 386 339 293 255 214 185 156 124 100 76 61 50 40 29 25 20 20 20 15 13 14 13 12 11 9 5 6 6 5 4 3 3 3 3 2 1 
0 0 0 250 250 250 305 367 426 517 634 583 828 1167 1455 1778 2263 2967 3729 4578 5610 6787 8174 9798 11635 13478 15567 17835 20139 22491 24994 27594 29717 31790 33834 35555 36952 37948 38708 38917 39074 38663 37794 36707 35244 33679 31582 29581 27496 25514 23374 21246 19255 17400 15816 14118 12498 11039 9774 8617 7635 6613 5699 4938 4310 3721 3223 2730 2359 2116 1831 1581 1344 1139 975 865 751 620 542 471 414 377 318 271 226 195 172 143 118 92 79 69 58 44 36 29 21 19 15 10 10 8 4 3 2 2 2 3 2 1 1 1 1 1 1 
0 0 0 250 250 250 298 347 395 481 598 493 659 922 1132 1471 2025 2631 3384 4369 5511 6869 8470 10239 12193 14426 16849 19461 22251 25046 27856 30676 33293 35674 37897 39647 40967 41751 42269 42252 41923 41173 39770 38168 36336 34381 32150 29830 27330 24900 22589 20398 18269 16283 14412 12750 11257 9874 8687 7563 6576 5704 4982 4288 3712 3168 2733 2320 1984 1704 1428 1228 1019 877 750 623 519 444 385 322 272 229 189 167 147 122 98 79 68 57 45 35 29 22 18 16 11 8 7 4 
0 0 0 250 250 250 323 390 475 600 755 824 1226 1625 1942 2444 3172 4071 5078 6105 7321 8858 10676 12589 14705 16933 19406 21974 24763 27317 29768 32289 34434 36427 38148 39407 40065 40484 40576 40133 39416 38255 36567 34892 33042 30871 28702 26489 24270 22095 20174 18170 16252 14656 13072 11585 10200 8912 7687 6687 5812 5023 4319 3704 3164 2714 2343 1977 1670 1401 1185 998 841 718 605 506 412 350 293 246 200 161 134 110 94 77 60 52 42 38 28 26 21 17 17 14 16 11 10 8 8 8 4 4 2 2 3 2 2 2 2 2 2 2 1 1 1 
0 0 0 250 250 250 303 363 411 493 627 535 702 933 1163 1498 2060 2545 3207 4165 5298 6503 7970 9628 11311 13511 15946 18233 20670 23332 25982 28594 31165 33368 35239 37061 38539 39483 40052 40159 39856 39305 38319 36996 35376 33652 31665 29643 27576 25348 23216 21065 18950 16988 15234 13554 11988 10571 9288 8129 7151 6204 5339 4606 3951 3442 2950 2550 2208 1928 1658 1415 1212 1021 873 739 617 522 460 388 345 287 240 194 170 146 120 103 80 69 61 52 40 31 27 24 20 18 16 13 11 10 9 8 8 6 2 2 2 2 2 1 1 
0 0 0 250 250 250 312 358 413 524 654 550 884 1318 1642 2199 2945 3756 4836 6160 7624 9145 11159 13273 15603 18153 20699 23457 26235 28989 31754 34329 36448 38356 39948 41088 41775 42129 41662 40914 39858 38391 36796 34885 32748 30499 28309 26030 23835 21650 19427 17332 15365 13592 12007 10515 9190 8017 7007 6078 5297 4555 3911 3394 2923 2560 2203 1899 1629 1423 1223 1038 897 760 641 542 467 393 338 285 243 206 175 156 126 110 92 77 62 47 35 26 25 24 19 17 12 10 10 9 7 5 4 4 4 3 2 1 1 1 1 
0 0 0 250 250 250 303 360 424 516 686 634 856 1193 1493 1909 2532 3296 4202 5421 6890 8384 10146 12309 14437 16781 19387 21952 24618 27375 30044 32498 34834 36882 38475 39761 40533 40956 41006 40517 39817 38629 37193 35421 33523 31417 29315 27083 24699 22553 20382 18473 16581 14829 13098 11610 10277 9002 7956 6862 5932 5148 4424 3832 3327 2856 2402 2042 1733 1433 1245 1028 844 725 590 493 420 391 320 273 251 216 195 168 153 117 102 83 61 49 38 30 20 18 17 12 12 11 10 10 9 7 5 4 3 2 2 2 1 1 1 1 1 1 1 
0 0 0 249 249 249 301 354 391 543 770 793 1078 1439 1872 2465 3159 4025 5036 6103 7485 9139 11017 13069 15485 18006 20619 23482 26252 29033 31688 34088 36080 37865 39511 40466 41359 41501 41243 40629 39785 38489 36683 34850 32567 30512 28312 26099 23808 21551 19463 17598 15757 13953 12327 10842 9535 8358 7244 6252 5443 4668 3985 3424 2917 2507 2159 1807 1517 1316 1124 946 806 665 558 472 395 321 277 244 201 173 147 127 104 85 73 63 59 45 40 34 28 20 17 13 11 10 7 7 6 4 5 6 6 6 6 3 3 3 2 1 
0 0 0 250 250 250 323 391 450 581 831 861 1164 1646 2002 2588 3409 4291 5362 6591 8124 9846 11969 14178 16549 19269 21947 24667 27416 30099 32653 34977 37013 38500 39761 40617 41104 41073 40575 39833 38627 37310 35612 33661 31504 29325 27182 24889 22725 20500 18508 16714 14938 13262 11688 10337 9092 8003 6974 6032 5252 4553 3924 3342 2876 2448 2035 1758 1498 1279 1099 939 793 672 586 493 411 349 281 242 198 163 135 113 101 82 73 57 45 41 28 23 19 17 13 9 7 6 7 6 5 5 4 4 2 2 
