0 0 0 248 248 248 314 378 444 556 702 624 894 1336 1711 2374 3263 4273 5334 6846 8735 10649 13109 15655 18426 21421 24867 28103 31176 34487 37419 40110 42642 44702 46176 47238 47807 47829 47344 46562 45100 43420 41340 39075 36517 33914 31202 28435 25737 23123 20696 18341 16288 14185 12463 10821 9365 8031 6908 5927 5082 4377 3699 3153 2698 2282 1897 1620 1371 1173 1010 829 692 586 507 425 341 276 214 175 129 109 83 66 61 49 40 33 29 23 16 14 7 4 3 4 4 3 4 3 3 3 2 2 2 2 1 1 1 1 1 
0 0 0 250 250 250 355 446 556 742 975 1046 1460 2046 2626 3318 4348 5603 7131 8887 10774 12959 15622 18612 21577 24759 28048 31562 35123 38304 41096 43748 45936 47448 48549 48904 48766 48325 47180 45360 43364 41233 38677 36013 33179 30262 27546 25021 22498 19957 17709 15575 13672 11940 10365 8910 7703 6712 5760 4944 4229 3586 3098 2625 2197 1846 1582 1327 1132 967 794 681 575 476 370 314 257 213 179 156 127 108 92 75 58 50 43 27 25 22 14 10 8 6 4 4 3 3 2 2 1 1 1 1 
0 0 0 250 250 250 315 383 445 563 801 849 1191 1621 2019 2596 3406 4241 5236 6471 7892 9591 11583 13794 16210 19083 21968 25064 28227 31378 34499 37626 40372 42679 44715 46220 47156 47786 47901 47224 46228 44707 42924 40707 38500 35810 33047 30340 27656 25098 22548 20170 17932 15949 14063 12359 10797 9415 8175 7115 6114 5187 4415 3765 3164 2649 2206 1849 1533 1305 1094 902 761 657 547 447 366 305 262 219 182 140 120 101 83 74 64 57 51 44 41 38 38 26 22 20 15 11 6 6 6 6 4 3 1 1 1 1 
0 0 0 249 249 249 310 382 450 551 703 730 1068 1475 1913 2465 3144 4070 5209 6424 7974 9777 11750 14146 16929 19737 22612 25759 28910 32017 35178 38126 40722 42870 44689 46111 46992 47493 47361 46557 45312 43988 42182 40090 37692 35090 32477 29817 27234 24613 22237 19764 17640 15575 13666 12047 10509 9074 7802 6792 5794 5001 4321 3682 3157 2709 2314 1966 1654 1391 1166 971 786 672 568 454 391 316 270 240 205 173 150 134 116 102 76 57 46 41 35 29 23 18 17 16 12 9 7 6 6 5 4 3 4 3 2 2 1 1 1 1 
0 0 0 249 249 249 314 367 409 505 707 707 977 1463 1890 2470 3353 4362 5504 7047 9019 11037 13341 16159 19171 22383 25842 29129 32401 35987 39279 42027 44420 46498 48104 49006 49376 48937 48302 47156 45558 43516 40947 38522 35871 33039 30099 27281 24471 21750 19454 17208 15132 13226 11577 10078 8768 7681 6592 5657 4820 4170 3541 2997 2549 2149 1807 1527 1276 1069 887 741 610 500 414 339 279 237 194 159 134 102 79 62 57 47 38 28 21 18 14 12 8 4 5 4 3 3 3 3 3 3 1 1 1 1 1 
0 0 0 250 250 250 308 362 411 539 707 693 1194 1747 2177 2913 3943 5099 6455 8074 9872 12016 14623 17234 20000 23365 26687 30135 33502 36731 39746 42599 45023 46692 48112 48845 49097 48771 47834 46630 44891 42845 40353 37777 34954 32131 29457 26540 23954 21377 19073 16850 14863 13052 11344 9872 8475 7286 6236 5355 4542 3834 3252 2756 2344 1955 1651 1372 1159 969 815 694 593 510 418 364 300 253 204 169 141 119 101 85 75 61 58 57 56 45 44 40 33 28 26 19 14 15 10 7 8 7 6 5 6 4 4 4 2 1 1 1 
0 0 0 250 250 250 308 353 396 498 605 500 732 994 1198 1512 2020 2524 3216 4038 4890 6016 7632 9467 11296 13586 15985 18675 21790 24954 27856 30855 34153 36856 39577 42099 43849 45462 46735 47248 47054 46691 45770 44140 42523 40265 37714 35285 32713 30012 27259 24713 22189 19862 17701 15619 13678 12018 10496 9114 7847 6758 5782 4882 4211 3570 3047 2620 2227 1855 1602 1397 1156 986 838 692 593 528 440 382 343 301 267 231 191 147 129 102 89 73 56 50 46 37 33 29 24 18 18 13 10 9 8 7 6 7 6 5 4 4 3 3 2 1 1 1 
0 0 0 250 250 250 310 363 411 500 635 535 807 1271 1662 2171 2951 3807 4862 6353 7956 9725 11959 14474 17152 20189 23459 26646 30126 33415 36560 39574 42405 44855 46818 48258 48886 49012 48660 47960 46504 44528 42338 39992 37435 34830 32125 29207 26526 24025 21403 19014 16880 14921 13123 11483 9985 8594 7475 6340 5423 4603 3866 3239 2746 2333 1987 1699 1408 1212 1033 872 703 590 480 393 334 280 240 211 184 153 123 107 93 81 70 62 52 47 42 35 25 26 18 12 12 10 9 11 10 7 7 5 3 3 3 1 1 1 1 1 
0 0 0 249 249 249 306 355 407 521 703 740 1134 1559 2022 2714 3621 4654 5857 7313 8971 10946 13217 15774 18665 21646 24849 28177 31515 34726 37852 40831 43230 45483 47091 48187 48653 48720 48261 47134 45607 43727 41528 39029 36538 33798 31036 28174 25444 22725 20324 18053 15886 13972 12150 10624 9259 8042 6933 5968 5116 4385 3771 3221 2789 2372 2015 1695 1452 1229 1034 873 722 605 510 427 344 293 238 197 160 136 110 88 73 55 53 43 37 33 24 19 16 15 9 9 9 6 6 5 3 3 1 1 
0 0 0 250 250 250 339 408 467 582 717 654 952 1274 1619 2137 2774 3614 4672 5973 7430 9120 11202 13497 16031 18774 21712 24726 27826 31111 34229 37170 39975 42308 44346 45932 47009 47428 47299 46851 45808 44478 42601 40557 38227 35666 33122 30362 27739 25020 22660 20208 18017 16056 14125 12376 10856 9547 8159 7047 6046 5225 4519 3893 3238 2708 2334 1984 1671 1397 1155 971 826 731 599 490 409 328 264 225 180 145 112 101 89 73 58 44 42 31 26 18 14 12 10 7 5 3 3 1 1 1 
0 0 0 250 250 250 313 366 421 623 797 753 1081 1525 1819 2362 3068 3875 4934 6212 7406 8887 10933 13118 15439 17934 20707 23574 26676 29756 32775 35566 38202 40613 42626 44173 45451 46205 46364 45909 45146 43824 42122 40103 37937 35543 32987 30533 27892 25322 22874 20651 18418 16278 14306 12577 11026 9680 8412 7296 6256 5400 4705 4008 3471 3004 2573 2166 1828 1559 1278 1126 963 794 673 586 498 415 356 292 255 229 187 150 119 114 102 86 62 51 48 44 39 30 25 20 19 15 13 13 13 10 12 12 11 12 12 9 9 10 7 7 7 6 4 2 1 
0 0 0 250 250 250 304 349 408 486 594 532 783 1051 1325 1780 2266 2820 3657 4568 5630 6958 8596 10355 12510 15078 17706 20659 23853 27017 30307 33540 36580 39283 41856 43970 45564 46634 47148 47347 47025 46136 44764 42951 40997 38963 36515 33938 31195 28606 25988 23420 20950 18616 16544 14546 12775 11117 9605 8397 7163 6096 5218 4410 3765 3192 2728 2295 1972 1689 1400 1165 967 828 677 573 472 377 321 271 231 184 162 132 120 106 84 64 52 47 43 37 30 28 23 20 12 9 6 2 2 1 1 1 
0 0 0 249 249 249 325 391 443 619 871 902 1284 1848 2397 3107 4062 5134 6475 8081 9949 12015 14337 17009 19953 23099 26310 29560 32982 36079 39225 41823 44227 46258 47691 48515 48541 48225 47452 46294 44443 42195 39947 37366 34883 32244 29390 26612 24028 21557 18954 16822 14729 12884 11228 9811 8505 7276 6333 5438 4604 3958 3382 2865 2384 2038 1718 1460 1229 1011 832 694 598 494 394 325 282 230 187 158 129 106 89 70 58 50 39 30 24 21 15 9 7 5 4 4 2 1 1 1 1 
0 0 0 250 250 250 312 370 433 530 661 591 917 1270 1540 2123 2901 3763 4897 6189 7553 9345 11481 13772 16282 19134 22104 25204 28534 31762 34934 37972 40592 42874 44808 46342 47264 47615 47446 46688 45538 43954 41992 39712 37197 34658 32030 29359 26771 24279 21819 19512 17361 15366 13555 11881 10387 9036 7853 6794 5902 5021 4297 3668 3136 2647 2221 1892 1603 1393 1155 990 841 707 612 517 453 372 321 266 221 195 167 137 115 102 86 73 63 47 36 32 25 21 18 14 12 12 9 7 6 6 6 5 5 4 3 4 3 2 2 2 1 1 1 
0 0 0 250 250 250 314 371 433 515 637 603 816 1115 1435 1872 2390 3109 3970 4966 6327 7937 9735 11869 14195 16701 19510 22416 25365 28414 31464 34354 37214 39954 42202 43977 45380 46138 46384 46236 45605 44341 42810 41103 38949 36671 34274 31641 29069 26633 24113 21666 19476 17417 15495 13746 12084 10497 9162 7996 6916 5977 5146 4469 3823 3277 2803 2396 2024 1705 1469 1251 1060 929 811 687 595 510 445 375 326 258 210 184 158 130 109 90 78 70 60 44 34 29 25 21 18 13 11 11 10 8 7 7 8 6 4 4 3 2 1 1 
0 0 0 250 250 250 317 372 427 549 770 827 1192 1639 2063 2860 3824 4944 6194 7678 9467 11664 14282 16903 19811 23010 26481 29867 33366 36678 39817 42763 45255 47143 48508 49303 49729 49462 48582 47153 45377 43327 40829 38256 35226 32211 29370 26513 23787 21207 18754 16657 14696 12962 11216 9748 8451 7217 6270 5308 4517 3813 3255 2751 2270 1934 1631 1371 1147 969 785 665 565 462 376 313 253 207 179 149 117 95 81 65 56 47 37 27 22 19 14 16 14 11 11 10 8 7 7 6 4 4 3 3 3 4 3 1 1 1 1 1 1 
0 0 0 250 250 250 310 365 427 571 797 832 1219 1684 2257 3035 3977 5031 6481 8161 10054 12419 14927 17595 20511 23734 26992 30197 33556 36713 39613 42295 44634 46546 47795 48621 48644 48065 47281 45963 44230 41917 39514 36908 34366 31683 28781 25993 23330 20936 18625 16449 14392 12598 11062 9623 8301 7160 6116 5231 4462 3758 3134 2662 2269 1902 1559 1320 1107 941 786 656 537 442 386 313 249 208 172 150 129 114 95 83 69 53 54 46 41 35 29 24 24 21 16 10 8 6 5 6 3 2 2 2 1 1 1 
0 0 0 250 250 250 313 364 417 518 645 607 815 1112 1470 1931 2534 3246 4210 5317 6553 8205 9995 12034 14368 16924 19623 22316 25498 28446 31364 34410 37068 39471 41729 43602 44878 45719 46183 46050 45513 44488 42818 41125 38963 36606 34128 31474 28893 26424 24036 21598 19362 17305 15353 13513 11838 10290 8931 7714 6653 5699 4860 4165 3563 3006 2549 2154 1828 1573 1327 1136 975 847 715 614 535 450 393 334 255 227 199 168 136 114 95 71 58 41 29 21 18 12 10 9 10 10 8 6 3 1 1 1 
0 0 0 250 250 250 317 391 448 539 764 823 1204 1707 2101 2713 3570 4595 5778 7165 8805 10668 12883 15408 18068 20856 23859 27110 30347 33609 36795 39674 42301 44587 46316 47577 48319 48439 48076 47176 45797 44033 42019 39580 37018 34414 31679 28947 26252 23698 21191 18841 16671 14574 12743 11060 9599 8316 7189 6185 5281 4524 3825 3260 2788 2324 1970 1652 1376 1155 985 823 664 568 457 376 304 246 196 158 136 115 96 83 68 58 46 37 24 18 10 9 8 7 5 4 4 2 2 
0 0 0 250 250 250 319 361 403 595 856 923 1362 1934 2373 3114 4169 5199 6438 8010 9763 11756 14181 16700 19363 22286 25319 28395 31489 34541 37484 40072 42333 44259 45865 46818 47283 47131 46258 45306 43774 41937 39748 37285 34652 31991 29593 26866 24359 21869 19416 17343 15374 13578 11839 10390 9040 7803 6778 5789 4998 4279 3636 3057 2603 2226 1872 1579 1305 1088 940 804 669 569 479 406 337 275 213 175 141 114 92 72 59 54 44 36 27 26 21 14 13 8 5 4 4 2 1 1 
0 0 0 250 250 250 314 374 429 541 678 663 919 1342 1639 2040 2678 3523 4424 5459 6768 8403 10323 12533 15001 17580 20621 23725 26873 30050 33318 36426 39144 41720 43758 45615 46918 47563 47679 47143 46514 45318 43665 41466 39143 36647 33963 31406 28660 25822 23290 20855 18563 16430 14535 12824 11133 9761 8431 7335 6373 5507 4748 4028 3425 2906 2453 2074 1756 1487 1238 1052 905 772 670 585 488 396 347 301 255 219 186 158 142 127 103 84 71 55 45 38 31 22 19 17 13 11 10 8 8 8 6 5 5 5 2 2 2 2 2 1 1 1 1 1 
0 0 0 249 249 249 311 365 417 511 668 594 839 1269 1506 2000 2678 3377 4110 5275 6517 7853 9660 11644 13862 16373 19197 22032 25054 28268 31391 34512 37332 40121 42463 44355 45924 46948 47385 47343 46979 45794 44273 42304 40117 37795 35308 32488 29767 27082 24519 22193 19780 17462 15430 13693 11877 10407 9101 7897 6849 5880 5097 4347 3728 3188 2722 2290 1988 1699 1422 1191 998 837 683 580 477 393 320 263 223 177 138 108 86 68 60 47 37 32 29 27 25 22 17 14 11 10 8 7 6 5 5 5 3 4 2 2 2 2 1 1 1 
0 0 0 249 249 249 328 410 462 676 946 1013 1566 2252 2946 3904 5239 6527 8191 10136 12106 14381 16978 19703 22617 26033 29171 32324 35715 38768 41514 44074 46035 47273 48293 48807 48518 47829 46775 45167 43122 40879 38345 35685 32945 30297 27495 24739 22309 19889 17693 15589 13668 11807 10239 8874 7605 6523 5517 4645 3913 3309 2808 2368 1962 1657 1400 1172 1001 843 691 577 493 415 332 286 232 188 158 121 97 73 62 48 42 33 24 20 16 14 9 5 4 3 3 2 2 
0 0 0 250 250 250 326 381 430 537 785 801 1061 1480 1774 2226 2901 3850 4778 5824 7359 9063 11014 13384 15845 18450 21488 24820 27981 31241 34448 37469 40350 42797 44805 46259 47245 47743 47895 47291 46338 44918 43036 41015 38593 36030 33232 30525 27756 25096 22587 20065 17890 15781 14001 12314 10752 9376 8090 6980 6059 5179 4380 3691 3088 2632 2208 1860 1531 1277 1044 896 757 600 518 451 377 322 270 219 186 160 125 105 93 76 61 52 46 35 33 26 17 15 12 9 9 7 5 2 2 1 1 1 
0 0 0 249 249 249 302 346 373 518 642 552 772 1128 1424 1927 2721 3587 4645 5983 7557 9426 11523 13894 16435 19195 22221 25473 28650 31900 35182 38228 41184 43642 45766 47158 48302 48765 48726 48267 46889 45340 43258 41032 38526 35814 33129 30170 27571 25014 22556 20175 17995 15955 13937 12297 10646 9184 7949 6855 5841 4998 4300 3604 3120 2612 2195 1860 1556 1280 1061 913 749 645 533 449 362 316 263 209 176 141 120 103 83 66 57 50 44 32 29 26 23 20 16 16 13 12 9 8 10 9 6 5 6 5 4 4 1 1 1 1 
0 0 0 250 250 250 320 371 427 509 620 529 725 1061 1259 1621 2233 2810 3604 4691 6009 7449 9364 11586 13767 16494 19504 22512 25555 28756 32161 35264 38304 40982 43304 45121 46789 47748 47930 47730 47157 45988 44355 42403 40063 37643 35002 32285 29510 26894 24170 21709 19409 17167 15203 13402 11674 10159 8896 7767 6612 5711 4889 4155 3575 3001 2522 2156 1860 1585 1328 1114 951 795 699 567 463 394 332 278 225 208 190 165 141 119 99 83 73 59 39 34 29 23 19 19 14 13 10 9 9 8 8 6 4 2 1 1 
0 0 0 250 250 250 318 387 446 580 781 857 1275 1730 2355 3101 4044 5337 6805 8462 10436 12743 15256 17988 21086 24156 27468 30871 34130 37382 40341 43030 45067 46873 47987 48596 48718 48174 47251 45864 44197 42002 39638 37107 34358 31554 28735 26023 23409 20915 18651 16378 14408 12645 10977 9499 8171 7048 5984 5163 4393 3715 3151 2663 2289 1931 1631 1336 1114 950 807 687 562 456 383 323 269 220 183 141 120 99 73 62 56 44 35 31 23 19 16 12 11 11 10 5 7 5 4 5 4 4 3 3 1 1 2 1 1 2 4 4 4 4 3 3 3 2 1 2 2 2 2 2 2 2 1 
0 0 0 250 250 250 310 358 411 520 664 584 809 1209 1489 1903 2490 3187 4033 5139 6489 7947 9836 11955 14307 16908 19845 22881 25885 29033 32139 35242 38164 40762 42873 44732 46253 47130 47540 47360 46602 45384 43759 41756 39491 37078 34430 31738 29090 26547 24144 21637 19285 17061 15061 13293 11637 10096 8712 7603 6532 5667 4905 4138 3549 3033 2576 2165 1863 1585 1333 1133 930 787 657 547 462 379 319 259 213 179 145 118 99 88 71 56 43 36 31 28 22 13 7 5 4 2 2 1 1 1 2 2 2 1 1 1 1 2 2 2 2 2 2 2 2 1 
0 0 0 250 250 250 310 350 394 517 640 636 901 1272 1553 2020 2687 3391 4473 5593 6920 8545 10450 12590 14992 17585 20312 23329 26613 29794 32981 35975 38780 41390 43587 45397 46641 47460 47637 47461 46503 45185 43633 41518 39229 36619 33957 31165 28619 26104 23451 21048 18690 16607 14751 12978 11326 9829 8504 7370 6337 5427 4666 4029 3467 2958 2525 2118 1782 1478 1222 1022 884 739 611 504 421 360 296 251 201 169 142 122 110 87 82 65 54 40 31 28 21 17 11 10 10 11 9 6 4 3 4 4 3 2 3 2 2 2 1 1 2 2 1 1 1 1 1 1 
0 0 0 249 249 249 324 399 445 536 678 619 882 1277 1585 2045 2841 3714 4771 6151 7661 9265 11434 13855 16260 19080 22189 25365 28727 32154 35126 37914 40831 43205 45167 46539 47418 47651 47558 47219 45940 44304 42386 40183 37688 35280 32792 29953 27257 24694 22121 19719 17490 15387 13453 11746 10265 8891 7590 6516 5626 4776 4024 3363 2848 2437 2134 1812 1514 1293 1099 989 855 734 595 520 446 389 346 273 225 179 148 112 88 72 57 44 35 31 27 21 17 15 10 9 9 6 5 5 5 3 3 2 
0 0 0 250 250 250 315 362 429 539 661 675 1015 1446 1898 2691 3661 4790 6317 7978 9869 12023 14607 17312 20140 23336 26582 29758 33043 36294 39356 41854 44197 46085 47549 48534 48849 48650 47848 46727 45101 42902 40273 37562 34954 32063 29147 26426 23845 21374 19096 16936 14842 13084 11452 9955 8522 7369 6375 5531 4697 3978 3391 2838 2424 2083 1731 1449 1224 1026 866 755 649 518 435 373 323 263 211 187 149 127 116 98 81 75 66 57 47 42 32 24 21 19 14 8 9 8 6 7 7 4 4 3 2 2 2 
0 0 0 250 250 250 310 371 431 518 649 580 876 1248 1425 1796 2358 2996 3723 4708 5827 7038 8837 10832 12865 15183 17790 20709 23787 26999 30151 33197 36318 39225 41795 43838 45441 46642 47252 47354 46843 45786 44408 42748 40667 38291 35788 33200 30571 28044 25479 22806 20394 18192 16128 14144 12435 10883 9466 8215 7055 6044 5150 4426 3777 3169 2647 2262 1936 1612 1367 1167 957 804 701 587 504 454 387 332 281 239 200 167 142 114 93 72 57 51 40 28 19 16 15 12 10 5 6 7 8 6 3 3 4 4 5 4 4 4 4 4 3 3 1 2 1 1 1 1 1 1 1 
0 0 0 250 250 250 304 355 404 546 689 659 1003 1397 1763 2286 2953 3738 4731 5991 7421 9108 11274 13647 16296 19194 22260 25456 28919 32354 35481 38552 41309 43737 45756 47369 48314 48654 48576 47980 46813 45326 43272 40953 38335 35780 32973 30132 27460 24649 22182 19740 17499 15326 13482 11756 10175 8891 7727 6666 5713 4951 4225 3629 3131 2635 2233 1894 1618 1340 1139 932 768 638 536 432 364 294 249 204 179 142 118 98 74 60 51 46 31 25 18 14 12 8 5 3 3 1 
0 0 0 249 249 249 304 366 424 495 638 567 849 1166 1452 1925 2593 3335 4177 5283 6571 8110 9911 11938 14205 16739 19575 22481 25413 28572 31598 34671 37387 40026 42268 43948 45171 46010 46353 46101 45447 44294 42691 40884 38938 36533 34119 31608 29018 26433 23921 21689 19397 17229 15326 13488 11885 10374 9092 7834 6842 5945 5083 4347 3719 3202 2723 2317 1946 1673 1435 1209 1034 862 712 570 480 388 314 256 211 172 149 134 106 94 77 68 58 50 39 33 30 25 22 19 15 14 12 8 6 4 4 3 3 3 2 3 2 2 2 1 1 1 1 
0 0 0 250 250 250 306 379 442 580 821 819 1177 1764 2164 2730 3659 4625 5717 7186 8816 10552 12756 15244 17773 20677 23738 26838 29805 32957 35947 38746 41164 43344 44996 46071 46891 47003 46670 45766 44534 42744 40837 38631 36195 33603 31039 28401 25843 23283 20766 18441 16341 14470 12683 11071 9610 8309 7173 6241 5341 4500 3818 3264 2740 2334 1976 1657 1415 1213 988 826 701 610 524 449 373 308 268 219 193 166 131 101 87 73 59 60 51 38 32 29 23 23 18 11 8 8 9 9 8 6 6 5 5 6 4 2 2 2 2 2 1 
0 0 0 250 250 250 314 394 465 594 758 704 977 1380 1650 2150 2841 3541 4389 5570 7014 8604 10517 12637 15008 17721 20641 23544 26615 29756 32926 35952 38644 40951 42917 44721 45924 46585 46714 46368 45586 44462 43025 41025 38822 36459 33930 31360 28658 26110 23659 21286 18936 16749 14860 13011 11485 9993 8596 7429 6418 5557 4753 4035 3427 2931 2458 2045 1738 1435 1202 1009 850 713 609 510 411 349 277 246 212 172 145 119 103 89 77 58 49 39 31 27 28 24 18 19 14 12 12 10 4 3 2 1 1 1 
0 0 0 250 250 250 308 356 412 569 748 714 1066 1546 1941 2547 3302 4157 5226 6710 8346 10263 12664 15113 17764 20769 24015 27073 30459 33702 36799 39694 42477 44755 46599 47940 48558 48849 48471 47515 46191 44396 42089 39799 37183 34366 31592 28998 26261 23632 21310 18874 16761 14719 12825 11178 9662 8343 7136 6177 5234 4447 3785 3177 2672 2260 1871 1551 1313 1089 894 745 626 515 430 352 289 242 208 180 147 125 105 94 79 67 60 47 37 32 25 21 19 18 12 9 9 7 6 6 4 3 2 2 1 1 1 
0 0 0 250 250 250 321 388 436 648 855 831 1141 1748 2276 3057 4141 5211 6536 8385 10385 12557 15294 18127 21088 24521 28030 31359 34663 37851 40823 43482 45599 47264 48331 48945 49220 48790 47657 46241 44421 42130 39707 36951 34057 31242 28354 25497 22879 20376 18038 15915 13982 12115 10560 9103 7911 6777 5822 5029 4262 3632 3104 2673 2223 1909 1619 1363 1127 950 793 645 548 446 366 294 247 212 173 149 130 98 78 61 51 44 42 37 27 24 25 26 25 20 15 14 12 11 8 7 8 7 6 5 3 3 3 2 
0 0 0 250 250 250 294 346 398 466 595 487 653 932 1153 1523 2023 2531 3339 4387 5587 6950 8709 10671 12883 15576 18324 21171 24273 27347 30601 33912 36920 39792 42260 44420 46073 47487 48053 47916 47583 46476 45165 43375 41216 38755 36095 33512 30717 27973 25199 22660 20303 17948 15943 13994 12237 10717 9339 8069 6901 6004 5168 4413 3789 3216 2674 2219 1908 1582 1314 1122 908 769 664 558 458 388 338 281 250 208 175 147 126 111 91 75 59 45 40 31 28 24 19 14 13 11 6 6 4 2 2 1 
0 0 0 250 250 250 330 396 458 577 733 682 1056 1517 1840 2392 3205 4179 5375 6862 8502 10431 12796 15386 17917 20872 23873 27067 30451 33786 36880 39882 42696 44833 46616 47981 48606 48771 48466 47450 46104 44358 42482 40026 37336 34530 31724 28992 26233 23644 20975 18600 16457 14446 12582 10909 9475 8228 7156 6157 5329 4580 3934 3374 2902 2462 2081 1760 1506 1256 1081 906 740 618 512 454 360 303 251 211 179 149 120 87 78 66 54 43 35 25 23 22 17 14 13 11 8 7 6 4 5 3 2 1 1 1 1 1 
0 0 0 250 250 250 327 398 472 619 963 1076 1567 2295 2922 3839 4978 6336 7828 9638 11682 13815 16368 19184 22235 25427 28562 31835 35141 38078 40946 43503 45518 47003 48165 48564 48399 48025 46921 45250 43278 41082 38590 35983 33235 30470 27714 25082 22558 20143 17820 15758 13848 12018 10474 9036 7795 6720 5794 4930 4166 3561 3026 2593 2193 1808 1506 1272 1083 916 778 622 511 426 358 292 243 199 157 132 102 80 61 54 41 31 26 21 22 19 17 14 11 8 7 8 6 6 5 3 3 3 3 1 1 
0 0 0 250 250 250 298 361 412 503 608 530 758 1110 1343 1741 2398 3102 4028 5240 6707 8274 10339 12621 14994 17793 20820 23980 27200 30672 34048 37079 39990 42819 45082 46935 48258 48896 48990 48669 47853 46146 44309 41910 39359 36692 33869 31183 28341 25762 23069 20680 18448 16260 14357 12496 10959 9465 8203 7082 6021 5184 4387 3738 3144 2683 2288 1896 1584 1332 1099 887 745 599 492 418 359 285 247 214 164 136 116 99 84 80 63 52 43 41 38 36 29 23 19 19 18 12 8 6 5 4 3 2 1 1 1 
0 0 0 250 250 250 304 368 431 564 691 669 900 1300 1728 2214 2880 3690 4774 5992 7386 9015 11003 13220 15535 18243 20961 23995 27211 30379 33539 36587 39647 42288 44449 46116 47209 47952 48202 47832 46978 45490 43772 41714 39612 36992 34112 31318 28489 25878 23328 20835 18369 16291 14314 12560 10967 9399 8139 7016 6030 5141 4388 3725 3088 2650 2229 1873 1589 1323 1117 941 809 664 561 471 392 327 279 236 194 160 130 108 93 76 65 51 37 32 24 20 20 15 10 11 9 6 7 6 4 4 6 4 3 3 2 2 2 2 
0 0 0 249 249 249 311 361 418 522 704 665 912 1274 1559 2039 2784 3532 4329 5505 6817 8283 10184 12348 14580 17144 19953 22801 25878 29074 32146 35145 37877 40450 42709 44575 45997 46719 46988 46681 46115 44830 43229 41238 38934 36542 34026 31369 28701 26124 23630 21261 18905 16798 14836 13074 11384 9984 8637 7427 6478 5634 4888 4197 3579 3056 2647 2265 1938 1644 1372 1179 1012 867 716 624 537 456 382 322 286 244 216 172 146 131 116 100 86 71 56 46 41 30 26 19 13 11 10 8 4 2 2 2 1 1 
0 0 0 250 250 250 323 387 444 559 727 771 1128 1567 1982 2609 3412 4364 5510 6932 8653 10484 12684 15213 17915 20826 24004 27177 30384 33573 36554 39287 41814 43992 45571 46796 47550 47738 47373 46495 45261 43477 41475 38973 36247 33647 31000 28317 25572 23063 20617 18475 16465 14466 12700 11091 9674 8379 7262 6214 5285 4554 3922 3364 2851 2448 2061 1740 1449 1219 1023 851 724 609 520 440 386 314 272 229 190 157 133 116 92 84 70 63 51 38 34 30 25 19 13 10 9 6 4 4 4 3 2 2 1 1 1 1 1 1 1 1 1 
0 0 0 250 250 250 304 353 394 487 658 634 929 1312 1634 2193 2927 3849 4856 6228 7842 9729 11950 14430 17253 20250 23628 26911 30251 33538 36839 39915 42495 44895 46490 47773 48684 48981 48682 47640 46268 44466 42525 40151 37321 34513 31680 28999 26241 23518 20952 18604 16537 14526 12685 11053 9654 8314 7116 6101 5191 4442 3751 3129 2645 2251 1945 1616 1345 1109 929 787 661 543 427 352 291 252 210 177 144 116 99 81 64 59 52 42 37 31 26 22 18 12 9 7 6 6 4 3 3 3 1 3 3 2 2 2 2 2 2 
0 0 0 250 250 250 314 367 422 604 811 788 1213 1826 2264 2877 3785 4731 5869 7403 9052 10935 13238 15699 18378 21516 24696 27749 30882 33908 36903 39656 42105 43811 45436 46694 47352 47432 46986 46170 44793 43276 41086 38594 36106 33523 30763 28092 25527 22877 20529 18331 16225 14270 12601 10969 9464 8214 7064 6088 5145 4401 3728 3205 2743 2339 2002 1689 1449 1198 1007 816 682 567 476 422 346 289 242 210 168 145 117 80 69 64 53 39 37 25 20 20 20 13 10 9 5 5 4 2 1 1 1 1 1 
0 0 0 249 249 249 323 397 455 547 678 645 931 1422 1778 2314 3184 4142 5331 6784 8447 10252 12460 14980 17606 20611 23668 26800 30045 33392 36515 39359 41902 44012 45759 46953 47706 47769 47508 46706 45258 43444 41331 39108 36498 33719 30937 28167 25648 23155 20727 18324 16323 14447 12658 11065 9577 8344 7257 6324 5337 4594 3916 3345 2901 2407 2041 1711 1456 1227 1049 864 722 625 527 458 384 326 269 236 196 172 149 119 107 94 83 66 53 50 42 35 30 23 19 17 15 11 12 12 10 9 8 7 6 3 1 2 1 1 1 1 1 2 2 1 1 1 1 1 1 
0 0 0 250 250 250 332 389 449 557 719 735 1027 1420 1753 2384 3137 4053 5185 6396 7911 9736 11778 14017 16605 19485 22537 25717 28988 32209 35464 38414 41088 43408 45348 46731 47588 48010 47783 47055 46059 44397 42219 40141 37704 35034 32281 29712 26930 24317 21929 19438 17247 15210 13439 11700 10060 8733 7539 6528 5596 4775 4098 3482 3023 2569 2197 1865 1580 1330 1122 964 816 689 572 474 410 348 292 237 200 167 138 112 90 74 59 52 43 36 29 30 26 21 17 13 10 9 8 3 3 3 2 1 
0 0 0 250 250 250 303 365 407 501 632 505 734 1034 1271 1625 2162 2884 3615 4652 5913 7395 9113 11190 13408 15848 18729 21647 24551 27765 31034 34186 37225 39963 42406 44325 45908 46872 47414 47451 46824 45783 44295 42748 40671 38378 35860 33176 30605 27963 25380 22775 20465 18174 16078 14154 12421 10880 9457 8229 7089 6125 5278 4513 3858 3293 2749 2265 1938 1641 1375 1145 963 805 697 601 517 430 365 304 253 220 186 156 126 108 86 72 59 49 44 42 34 27 25 22 18 14 13 9 8 6 3 2 2 2 2 1 1 1 1 1 1 1 1 1 1 
0 0 0 250 250 250 323 381 441 639 881 933 1376 2009 2660 3463 4652 5952 7494 9324 11488 13833 16457 19583 22597 25850 29294 32720 35892 39039 41934 44316 46333 47739 48597 48851 48735 47963 46675 44955 42838 40546 37966 35354 32591 29752 27094 24486 22075 19686 17443 15355 13453 11750 10172 8700 7467 6403 5527 4708 3970 3408 2873 2456 2068 1749 1460 1241 1039 844 696 584 479 417 342 280 236 192 163 132 116 93 74 69 57 53 49 41 31 26 22 17 18 14 12 12 12 10 11 10 7 5 4 4 4 3 3 2 3 3 4 4 4 4 3 3 2 2 2 1 1 1 1 1 1 1 
0 0 0 249 249 249 316 375 421 536 668 582 791 1130 1356 1791 2370 2977 3803 4901 6207 7723 9620 11776 14213 17026 19981 23346 26606 29987 33478 36744 39908 42654 45029 46703 48060 48854 49021 48649 47688 46249 44432 42254 39761 37217 34486 31679 28817 26012 23366 20855 18599 16322 14227 12414 10776 9419 8139 7028 6052 5192 4438 3773 3208 2708 2296 1897 1585 1320 1122 929 778 642 538 459 387 320 260 207 168 130 106 86 75 59 52 46 39 34 32 32 21 20 20 16 13 12 10 8 7 8 6 3 3 3 2 2 2 1 
0 0 0 250 250 250 299 346 388 470 560 481 713 1073 1232 1761 2490 3224 4171 5350 6836 8422 10599 12773 15115 17903 20889 24021 27128 30556 33956 37143 40128 42672 44955 46690 48049 48652 48683 48266 47422 46050 44103 41974 39418 36844 33983 31205 28423 25808 23311 20847 18632 16414 14503 12685 10941 9475 8171 7019 5994 5169 4395 3713 3175 2657 2236 1889 1594 1323 1113 933 788 647 544 451 377 311 262 209 173 149 122 93 78 61 56 48 39 28 23 20 16 10 6 5 5 4 3 3 4 4 2 2 2 2 1 1 1 1 1 1 1 1 1 1 
0 0 0 250 250 250 312 379 452 618 875 930 1424 2030 2576 3350 4508 5834 7359 9115 11177 13681 16461 19409 22407 25613 28884 32217 35571 38436 41159 43694 45648 47271 48315 48882 48630 48007 46837 45173 43389 41025 38584 35901 33145 30323 27713 25017 22389 20009 17663 15567 13666 11950 10368 9026 7813 6629 5697 4828 4089 3531 2987 2522 2091 1817 1524 1282 1079 877 705 583 485 399 333 276 235 194 172 146 120 93 79 68 54 45 40 34 31 26 21 20 17 14 11 8 10 9 9 7 6 5 2 2 
0 0 0 250 250 250 305 359 400 458 597 523 722 979 1153 1428 1811 2264 2801 3464 4292 5442 6806 8320 10089 12155 14492 17170 19982 22863 25983 29181 32394 35449 38304 40641 42908 44811 46130 46946 47184 46946 46208 45232 43516 41380 39113 36679 34231 31591 28940 26311 23902 21486 19167 17036 14959 13191 11517 9992 8639 7542 6544 5617 4819 4092 3501 2974 2468 2059 1723 1447 1207 1021 855 698 603 508 411 340 274 219 180 146 131 97 88 72 62 47 40 34 23 23 20 18 14 11 9 9 8 4 1 2 1 1 2 2 2 2 2 1 1 1 
0 0 0 250 250 250 304 369 423 517 704 705 1007 1424 1798 2339 3044 4053 5222 6490 8088 10085 12302 14758 17585 20442 23411 26687 30023 33178 36364 39318 41975 44293 46279 47668 48475 48850 48659 47945 46649 44985 42966 40570 37861 34991 32220 29427 26582 23874 21214 18924 16868 14852 12868 11150 9772 8407 7271 6178 5243 4479 3823 3246 2714 2340 1976 1678 1435 1209 1036 877 730 605 515 438 358 312 274 228 196 166 135 111 102 83 74 72 61 52 47 44 33 31 23 16 15 12 6 4 6 5 4 5 4 4 4 3 2 2 3 2 2 2 2 2 1 1 
0 0 0 250 250 250 300 340 383 458 556 436 633 913 1128 1446 1926 2513 3283 4146 5312 6645 8298 10237 12306 14722 17222 20219 23187 26393 29583 32846 36091 39015 41743 43990 45766 47056 47917 48089 47802 46988 45777 44069 42061 39668 37080 34412 31603 28884 26195 23559 21043 18773 16609 14638 12855 11198 9678 8397 7311 6278 5438 4677 3968 3373 2878 2429 2088 1796 1511 1240 1045 895 757 625 501 400 328 287 247 188 154 129 106 91 73 54 43 37 28 25 16 12 12 12 9 7 8 5 5 4 2 1 1 1 
0 0 0 250 250 250 305 374 411 514 622 479 665 939 1104 1477 2083 2661 3505 4566 5843 7233 9048 11133 13346 15883 18774 21718 24768 28070 31472 34614 37486 40176 42349 44421 46200 47282 47685 47653 47177 46171 44888 43055 40802 38402 35872 33153 30520 27985 25287 22698 20262 18029 15945 14029 12307 10665 9303 8091 6908 5906 5023 4303 3634 3097 2620 2216 1925 1630 1368 1160 990 840 688 569 469 371 311 252 208 182 141 121 101 83 67 55 42 31 32 25 17 16 11 8 9 8 4 6 5 4 6 6 4 4 4 2 3 3 1 1 1 1 1 1 
0 0 0 250 250 250 301 362 394 497 603 486 764 1078 1382 1819 2489 3256 4178 5243 6571 8144 10037 12276 14696 17303 20276 23463 26522 29751 33001 36210 39199 41826 43946 45823 47299 48107 48339 47946 47207 45962 44301 42197 39947 37434 34886 32103 29156 26511 24010 21637 19224 17137 15056 13190 11517 10037 8682 7409 6340 5387 4587 3933 3402 2865 2418 2036 1746 1477 1263 1095 911 764 664 569 477 397 329 264 233 195 147 118 97 81 63 50 48 36 29 26 23 17 18 15 12 12 10 7 5 5 3 2 1 1 2 2 1 1 1 1 1 1 
0 0 0 250 250 250 324 391 450 608 764 738 1028 1422 1930 2520 3295 4142 5242 6673 8257 10090 12168 14519 17180 19998 23189 26346 29582 32832 36098 39049 41546 43891 45620 46976 47907 48080 47620 46741 45478 43785 41673 39276 36669 34086 31482 28935 26367 23889 21507 19258 17158 15229 13358 11651 10259 8883 7738 6656 5752 4952 4224 3644 3084 2638 2240 1914 1581 1320 1131 945 786 649 545 453 381 320 259 210 170 143 115 100 78 63 52 43 34 24 19 15 13 14 12 10 10 10 9 6 5 4 4 4 3 2 1 1 1 
0 0 0 250 250 250 306 376 431 592 824 826 1195 1678 2202 2859 3776 4804 6064 7559 9341 11439 13804 16403 19189 22121 25223 28478 31604 34613 37579 40317 42766 44935 46405 47282 47802 47791 47143 45993 44497 42475 40239 38051 35562 32887 30316 27840 25163 22751 20526 18237 16107 14253 12468 10855 9496 8183 7036 6074 5247 4491 3847 3229 2758 2341 2010 1702 1440 1223 1016 862 700 608 516 403 325 265 222 182 152 128 102 88 81 67 56 44 33 23 17 14 11 8 7 6 5 5 4 2 1 1 
0 0 0 250 250 250 311 354 412 593 775 753 1058 1508 1872 2360 3131 3941 5047 6315 7785 9499 11571 14041 16546 19238 22152 25152 28293 31516 34733 37535 40342 42702 44628 46268 47280 47720 47446 46873 45674 44341 42387 40092 37675 35071 32502 29753 27071 24354 21890 19681 17554 15506 13616 11978 10500 9179 8022 6842 5866 5015 4281 3671 3095 2596 2170 1836 1538 1308 1143 958 786 668 576 489 393 310 248 219 197 146 121 98 90 87 68 49 38 39 30 24 18 10 9 10 10 5 4 2 2 2 2 1 
0 0 0 250 250 250 308 369 426 530 846 894 1257 1768 2247 2964 3905 4952 6137 7716 9548 11531 13848 16524 19302 22423 25668 28796 32040 35484 38585 41194 43819 45860 47371 48459 48805 48441 47577 46419 44442 42276 39893 37300 34742 31976 29435 26784 24301 21837 19473 17325 15283 13461 11769 10290 8952 7814 6782 5824 4942 4226 3594 3009 2565 2166 1812 1523 1314 1111 945 793 679 566 469 389 316 271 228 199 163 134 118 99 82 63 51 44 39 36 25 20 17 16 11 9 5 4 4 3 2 
0 0 0 250 250 250 314 366 407 532 660 638 962 1305 1527 2039 2752 3574 4548 5623 6847 8472 10465 12753 15058 17679 20548 23596 26722 29879 32990 35892 38772 41316 43316 45065 46424 47169 47525 47121 46252 44957 43430 41492 39258 36763 34065 31472 28845 26276 23721 21218 18911 16801 14844 13053 11436 9873 8620 7458 6408 5530 4779 4095 3530 3023 2550 2204 1879 1589 1337 1127 933 807 679 587 501 436 374 320 265 231 210 155 136 112 94 81 71 56 44 43 36 30 26 23 22 21 19 17 12 11 9 7 7 6 6 5 5 4 2 2 2 1 1 1 1 1 1 1 
0 0 0 250 250 250 323 383 432 563 773 747 1041 1523 1891 2527 3446 4333 5391 6795 8412 10064 12214 14468 16819 19755 22838 25771 28880 32146 35155 38060 40627 42662 44411 45860 46625 46857 46825 46000 45030 43560 41659 39394 37023 34516 31665 29145 26505 23984 21495 19243 17123 15105 13396 11798 10217 8840 7722 6727 5818 5030 4264 3601 3123 2675 2221 1853 1576 1347 1176 986 819 697 598 490 409 344 290 247 210 166 140 124 105 91 77 67 62 56 47 44 36 26 24 18 10 9 6 3 4 3 2 2 2 2 1 1 
0 0 0 250 250 250 314 380 431 549 698 620 890 1206 1559 2002 2716 3621 4753 6088 7619 9569 11771 14185 16759 19552 22542 25705 28997 32183 35109 38121 40963 43462 45255 46796 47635 47980 48061 47431 46253 44618 42771 40491 38145 35492 32605 29925 27280 24579 22130 19741 17496 15466 13694 11993 10323 9005 7794 6717 5766 4990 4289 3588 3101 2594 2167 1839 1552 1304 1109 937 778 671 569 456 384 312 255 222 191 153 131 109 86 69 57 42 34 26 22 25 17 17 18 17 14 16 14 9 10 9 6 4 5 3 3 3 2 2 2 2 2 1 1 1 1 1 1 1 
0 0 0 248 248 248 319 389 441 636 830 847 1240 1891 2386 3130 4325 5507 6890 8512 10387 12433 14874 17585 20407 23543 26793 30067 33295 36440 39371 42035 44199 45868 47181 47977 48145 47815 47141 45872 43963 41880 39438 36858 34309 31556 28758 25963 23618 21149 18974 16882 14836 13031 11359 9920 8561 7452 6343 5410 4654 3947 3345 2865 2420 2021 1713 1457 1227 1042 901 743 606 517 434 360 290 255 214 174 152 130 113 98 90 66 57 54 44 36 33 29 26 24 25 22 18 17 15 13 11 10 8 6 4 3 2 1 1 1 1 1 1 
0 0 0 250 250 250 322 387 452 587 795 835 1184 1678 2095 2788 3740 4622 5861 7422 9041 10947 13334 15769 18329 21379 24402 27471 30929 34012 36811 39631 42210 44228 45920 47094 47490 47506 47216 46240 44742 42946 40759 38335 35714 33213 30458 27904 25340 22927 20505 18247 16257 14347 12638 10922 9536 8229 7144 6118 5265 4493 3820 3271 2739 2319 1971 1692 1429 1192 1009 846 715 610 530 458 391 326 277 233 199 165 132 102 85 72 65 59 51 41 35 30 19 18 9 4 2 2 1 1 1 1 1 1 
0 0 0 250 250 250 317 375 428 525 673 606 831 1220 1533 2097 2849 3628 4511 5774 7438 9131 11194 13390 15811 18739 21860 25073 28248 31571 34731 37822 40840 43299 45349 46926 47937 48226 48330 47782 46341 44867 43019 40742 38305 35811 32931 30060 27520 24740 22033 19588 17355 15282 13465 11927 10388 8946 7850 6836 5819 5027 4306 3621 3131 2727 2343 1977 1684 1434 1209 1002 828 706 573 459 386 321 277 230 181 154 125 111 94 80 66 56 47 34 32 26 21 15 9 6 4 3 
0 0 0 250 250 250 312 362 412 520 740 802 1204 1733 2210 2864 3875 4976 6323 7906 9964 12273 14851 17768 20701 23988 27443 30875 34024 37087 40004 42686 44988 46895 47915 48495 48668 48227 47414 45904 44029 41590 39236 36757 33900 31064 28185 25552 22919 20614 18321 16028 14199 12499 10885 9422 8178 7028 6053 5286 4462 3783 3292 2767 2376 2023 1718 1442 1263 1085 885 764 656 534 459 383 323 276 250 221 189 164 133 124 100 85 75 56 44 38 33 28 19 15 14 13 14 12 8 7 7 6 6 4 2 1 1 1 1 1 2 2 2 2 2 1 1 1 
0 0 0 250 250 250 310 362 418 519 666 617 929 1294 1536 2027 2755 3621 4666 5942 7431 9260 11407 13742 16142 18913 21888 24933 28153 31187 34237 37216 39949 42193 44154 45709 46620 47146 47132 46630 45764 44449 42534 40416 38074 35521 32953 30260 27530 24912 22489 20188 17981 15991 14116 12339 10771 9431 8221 7082 6121 5238 4491 3868 3312 2775 2349 1958 1644 1408 1207 1006 861 729 614 519 431 364 291 237 201 169 138 117 103 86 66 63 48 42 40 28 23 19 19 17 16 15 9 9 8 5 4 2 2 1 1 1 1 
0 0 0 250 250 250 319 371 433 546 782 787 1281 1964 2566 3391 4564 5998 7456 9285 11308 13578 16291 19254 22198 25355 28728 32177 35364 38490 41222 43782 45657 47087 48000 48318 48129 47270 46142 44434 42701 40452 37969 35278 32697 30101 27355 24677 22134 19805 17622 15639 13653 11881 10371 8988 7754 6674 5764 4887 4235 3625 3103 2656 2255 1913 1603 1396 1180 991 826 680 561 464 392 318 266 227 192 159 138 108 91 75 49 41 34 31 29 24 23 21 20 16 13 12 11 9 6 5 5 4 5 4 4 5 4 4 3 2 1 1 1 
0 0 0 250 250 250 311 393 459 616 803 776 1083 1500 1886 2497 3313 4180 5328 6787 8432 10242 12526 14922 17668 20799 24003 27093 30480 33971 37119 40016 42639 44827 46437 47757 48374 48403 47970 47089 45702 43954 41981 39640 37062 34406 31757 29171 26435 23719 21197 18910 16765 14718 12837 11128 9720 8407 7239 6211 5308 4592 3910 3312 2769 2368 2013 1699 1449 1200 1026 860 709 585 491 393 329 270 224 189 169 136 105 88 79 61 47 38 36 30 24 18 11 9 9 7 3 1 1 
0 0 0 250 250 250 319 373 434 555 676 559 913 1329 1578 2163 2878 3602 4564 5786 7037 8669 10788 12867 15166 17990 21015 24133 27327 30482 33638 36760 39691 42216 44297 45978 47151 47713 47700 47266 46346 44902 43072 41001 38653 36185 33555 30865 28227 25559 23067 20659 18390 16321 14425 12610 10968 9553 8308 7127 6181 5334 4589 3946 3361 2907 2441 2099 1788 1493 1258 1073 909 741 628 507 430 364 312 263 219 185 154 132 113 94 77 58 47 37 31 25 24 25 22 17 17 18 13 10 10 8 6 7 5 3 2 2 1 1 1 
0 0 0 250 250 250 313 354 411 547 700 715 1071 1498 1808 2477 3307 4183 5291 6644 8286 10243 12632 15113 17711 20780 23953 27214 30497 33746 36829 39608 42339 44431 46088 47317 47926 48054 47570 46719 45224 43481 41571 39148 36663 33996 31321 28568 25988 23455 20857 18577 16427 14438 12721 11137 9630 8350 7280 6313 5402 4592 3872 3308 2865 2412 2032 1690 1435 1205 1017 856 706 569 469 399 327 275 230 183 150 133 106 88 76 65 51 44 41 32 27 21 17 16 15 14 10 10 11 10 9 8 7 6 5 4 2 2 2 2 2 1 2 2 2 1 1 2 2 2 2 2 3 3 3 2 2 2 2 2 1 1 1 1 1 1 
0 0 0 250 250 250 304 355 406 482 551 433 651 943 1043 1308 1717 2198 2823 3652 4625 5851 7408 9141 11022 13443 15973 18589 21494 24415 27556 30721 33831 36592 39306 41743 43695 45384 46443 47021 47155 46623 45694 44331 42580 40498 38264 35752 33046 30452 27705 25285 22881 20456 18199 16166 14324 12634 11149 9666 8384 7262 6243 5353 4634 3954 3394 2842 2410 2041 1724 1465 1223 1044 871 726 586 483 419 346 286 230 204 166 133 109 94 75 63 59 45 33 30 31 27 24 23 19 15 15 15 12 12 9 7 7 7 6 3 2 1 1 
0 0 0 250 250 250 301 355 413 539 652 589 809 1127 1352 1723 2268 2857 3619 4631 5901 7352 9183 11133 13399 16022 18888 21764 24846 28125 31259 34632 37835 40702 43207 45490 47227 48317 49015 48899 48238 47171 45550 43628 41331 38756 36053 33320 30426 27624 24994 22359 19922 17690 15597 13800 12173 10579 9217 7938 6863 5949 5115 4320 3655 3078 2604 2206 1817 1485 1247 995 826 714 582 484 400 339 285 244 194 152 134 113 92 71 55 42 37 27 20 15 11 8 7 6 6 5 4 4 2 3 3 3 2 2 1 1 1 
0 0 0 250 250 250 297 368 423 585 824 816 1227 1764 2216 2875 3871 4981 6211 7819 9658 11695 14251 16994 19729 22713 25982 29228 32598 35709 38552 41258 43419 45374 46731 47633 47767 47699 47009 45731 44418 42401 40197 37625 35069 32324 29686 26964 24303 21855 19481 17303 15222 13304 11527 10068 8711 7439 6351 5497 4703 4027 3439 2953 2476 2113 1795 1485 1242 1036 881 693 587 502 420 355 292 235 199 164 139 119 100 89 77 65 51 42 38 34 25 19 16 13 13 11 8 6 5 5 3 6 7 7 6 7 7 5 6 3 2 2 2 1 1 2 1 1 1 1 1 1 1 
0 0 0 250 250 250 319 372 437 581 718 640 957 1314 1623 2102 2764 3408 4318 5422 6673 8245 10090 12332 14759 17528 20585 23714 27004 30090 33483 36454 39357 41936 44131 45943 47195 48097 48227 47961 47130 45876 44020 42044 39802 37269 34488 31758 28966 26224 23599 21067 18621 16467 14618 12740 11098 9620 8402 7187 6192 5347 4568 3971 3421 2957 2505 2143 1822 1523 1268 1050 862 707 606 509 425 361 296 257 218 190 158 131 112 97 84 71 59 46 33 25 23 19 16 12 10 9 7 8 7 4 4 4 3 3 3 2 2 2 1 1 1 
0 0 0 250 250 250 321 384 443 521 639 523 770 1056 1203 1576 2075 2612 3344 4437 5642 7001 8791 10760 12875 15403 18225 21006 23838 27105 30432 33413 36373 39163 41576 43657 45372 46406 46957 47245 46913 46010 44604 42766 40802 38425 35888 33192 30495 27814 25178 22789 20399 18218 16120 14230 12540 11022 9669 8365 7225 6279 5407 4589 3938 3299 2798 2366 1977 1650 1359 1162 953 818 669 576 485 396 327 281 241 191 162 137 121 101 86 63 52 47 37 31 23 18 16 14 13 12 11 10 10 9 7 5 3 2 3 2 1 1 2 2 2 2 1 1 1 1 
0 0 0 250 250 250 307 363 412 568 760 820 1154 1663 2138 2759 3681 4610 5730 7060 8719 10515 12759 15460 18071 21052 24399 27556 30771 33997 36922 39593 42219 44326 45622 46758 47458 47514 47055 45815 44417 42544 40487 38236 35558 32974 30383 27855 25115 22694 20407 18115 16144 14266 12529 10983 9568 8289 7159 6187 5283 4441 3789 3270 2790 2325 1952 1630 1382 1180 989 823 687 592 508 434 351 283 230 191 160 126 106 87 67 59 43 33 26 20 16 14 12 8 6 5 4 4 4 3 1 
0 0 0 250 250 250 317 388 440 561 774 747 1043 1479 1795 2235 2890 3614 4476 5557 6927 8399 10165 12336 14576 17111 19891 22825 25897 29136 32466 35451 38322 41122 43286 45119 46377 47124 47320 47003 46213 44839 43306 41392 39194 36664 34006 31453 28893 26236 23612 21179 18838 16738 14833 13017 11403 9946 8683 7497 6454 5562 4773 4073 3459 2953 2517 2119 1829 1567 1314 1087 922 785 649 543 455 369 321 278 209 172 153 126 95 77 60 51 49 40 36 32 29 23 20 18 14 11 7 4 3 3 2 2 2 2 2 2 1 1 
0 0 0 250 250 250 328 373 431 706 933 920 1565 2310 2827 3657 4819 5998 7542 9420 11199 13284 15955 18707 21539 24655 27949 31130 34240 37146 39820 42324 44441 46092 46934 47454 47623 47307 46267 44829 43087 40955 38617 35930 33333 30593 28066 25403 22760 20294 18062 16146 14076 12295 10693 9308 8077 6946 5994 5133 4402 3762 3217 2715 2294 1929 1654 1417 1182 979 807 710 600 502 409 322 273 226 182 143 131 111 106 78 61 58 54 51 43 39 30 33 32 26 22 20 19 14 13 10 7 7 5 3 2 2 
0 0 0 249 249 249 299 368 425 684 913 927 1381 1870 2331 3006 3928 4839 6069 7631 9101 10941 13278 15803 18273 21058 23958 27039 30177 33349 36234 38894 41567 43763 45399 46420 47197 47271 46831 45921 44347 42405 40352 38092 35529 32876 30110 27524 24976 22658 20367 18104 16135 14293 12678 11033 9667 8369 7225 6245 5297 4530 3854 3274 2834 2398 2016 1697 1444 1195 1018 844 692 566 478 397 310 266 213 193 159 133 104 85 71 57 54 42 37 32 24 20 16 11 9 9 6 7 7 7 7 6 5 4 5 4 4 3 2 2 3 2 1 1 1 1 1 1 
0 0 0 249 249 249 315 361 410 489 592 482 647 932 1162 1446 1903 2495 3208 4142 5231 6590 8146 10116 12305 14862 17559 20371 23526 26749 30028 33249 36424 39168 41765 44261 46145 47511 48287 48563 48156 47279 45869 43960 41757 39275 36843 34007 31256 28674 26098 23475 21084 18766 16488 14607 12784 11044 9595 8328 7132 6084 5253 4495 3869 3302 2809 2370 1983 1701 1424 1179 963 796 644 531 438 351 281 219 182 150 131 112 95 87 71 58 56 51 44 35 29 21 18 17 11 11 7 5 6 7 7 6 4 2 2 2 1 
0 0 0 250 250 250 305 372 428 501 643 603 840 1142 1464 1872 2466 3131 4032 5003 6344 7828 9455 11442 13584 16111 18501 21427 24235 27298 30324 33260 36065 38823 41322 43139 44623 45674 46281 46146 45635 44549 43279 41638 39582 37224 34828 32454 30048 27468 24811 22439 20228 18111 16030 14227 12481 10929 9557 8257 7187 6202 5364 4584 3910 3337 2889 2440 2023 1704 1474 1243 1063 893 751 630 545 452 392 333 275 233 201 178 153 130 102 92 75 56 47 32 28 24 22 16 11 11 9 6 6 5 3 3 3 2 2 2 
0 0 0 250 250 250 314 368 430 567 764 743 972 1444 1765 2191 2889 3731 4712 5938 7465 9121 11149 13470 15911 18608 21509 24622 27663 30749 33776 36753 39444 41775 43819 45461 46609 47099 47230 46809 45875 44393 42694 40418 38132 35684 33132 30344 27729 25358 22729 20377 18129 16061 14090 12425 10863 9327 8115 7067 6019 5213 4457 3791 3228 2798 2374 1973 1709 1429 1219 1051 894 754 631 534 467 384 318 264 216 180 151 122 93 83 73 59 46 37 31 26 25 16 11 10 10 7 6 4 2 2 1 
0 0 0 250 250 250 296 349 393 469 639 533 762 1201 1522 1939 2738 3568 4495 5799 7415 9213 11330 13829 16385 19293 22408 25619 28914 32174 35501 38512 41176 43707 45635 47038 47918 48341 48144 47459 46399 44756 42884 40774 38403 35688 32948 30212 27494 24701 22217 19839 17510 15445 13626 11906 10336 9024 7766 6626 5662 4850 4033 3383 2839 2399 1975 1655 1390 1121 960 832 712 594 521 439 377 337 272 229 195 160 142 121 101 88 81 66 54 52 44 33 26 21 16 14 11 10 7 7 5 5 5 4 2 1 1 2 3 2 4 4 4 4 5 5 4 4 2 2 2 2 1 
0 0 0 249 249 249 304 357 410 500 619 534 814 1144 1290 1738 2282 2851 3628 4625 5796 7234 9150 11112 13266 15933 18846 21932 25048 28257 31431 34679 37817 40409 42870 45016 46629 47803 48467 48485 47935 47014 45356 43104 40964 38345 35551 32676 29956 27254 24675 22224 19697 17496 15476 13584 11850 10239 8866 7714 6642 5684 4848 4131 3474 2968 2450 2040 1711 1427 1191 1008 841 701 591 501 411 338 282 230 187 157 132 99 84 76 64 59 41 34 31 28 24 17 16 13 13 12 8 7 4 4 4 2 2 2 2 1 1 
0 0 0 250 250 250 305 358 413 500 778 852 1194 1712 2234 3020 4083 5388 6798 8438 10453 12735 15319 18103 20988 24017 27202 30439 33616 36544 39443 42052 44308 46038 47433 48127 48258 47930 47089 45641 43707 41637 39203 36588 33950 31252 28442 25739 23308 20870 18510 16491 14582 12840 11223 9839 8572 7447 6422 5547 4734 4065 3507 3011 2558 2173 1809 1508 1291 1073 900 754 615 517 461 412 336 277 232 187 162 131 105 70 61 49 36 26 17 16 14 15 12 10 7 7 7 4 3 1 3 3 3 3 2 2 2 2 
0 0 0 250 250 250 313 374 419 536 712 621 921 1284 1583 2082 2810 3519 4488 5735 7226 8942 11108 13376 15863 18908 21936 25130 28314 31609 34642 37483 40172 42394 44179 45511 46507 46839 46684 46194 45158 43656 41989 39944 37576 35136 32637 29944 27303 24733 22206 19896 17615 15551 13719 12094 10595 9259 8026 6922 6066 5217 4466 3887 3331 2818 2455 2106 1744 1489 1242 1018 857 728 585 497 418 336 281 244 199 167 156 123 104 95 80 61 52 45 34 31 26 20 13 11 9 5 3 3 2 1 1 1 1 1 
0 0 0 250 250 250 314 377 429 527 646 610 910 1261 1477 1891 2582 3403 4369 5533 7055 8911 11077 13539 16200 19149 22341 25685 28836 31967 35346 38341 41138 43579 45499 47142 48232 48762 48562 47941 46727 45042 43138 40680 38173 35606 32902 30052 27357 24684 22126 19748 17558 15429 13483 11845 10314 8998 7807 6720 5755 4901 4202 3612 3053 2591 2179 1851 1552 1314 1110 943 786 668 573 486 405 342 285 231 199 154 128 104 88 74 64 52 40 31 22 21 16 13 8 7 6 5 3 1 2 2 2 1 1 1 1 2 1 1 1 1 1 1 1 
0 0 0 250 250 250 321 385 453 539 708 660 926 1330 1645 2160 2920 3683 4639 5834 7260 8998 11104 13365 15826 18623 21626 24689 27985 31100 34290 37203 39972 42602 44548 46244 47295 47835 47642 47250 46299 44878 43147 41000 38584 36135 33637 30883 28120 25308 22811 20356 18127 15905 13909 12205 10639 9246 7996 6940 5944 5153 4451 3799 3221 2725 2273 1882 1578 1345 1125 924 770 655 534 451 386 308 246 211 171 142 125 108 81 59 51 39 34 25 19 12 10 8 7 4 3 2 2 2 2 2 
0 0 0 250 250 250 298 353 403 556 701 679 961 1344 1591 1987 2639 3320 4194 5130 6241 7692 9528 11539 13730 16191 18878 21856 24990 27934 31000 34027 36837 39444 41767 43659 45167 46123 46610 46634 46107 45155 43723 41888 39776 37634 35196 32457 29850 27206 24626 22172 19845 17635 15588 13855 12120 10580 9208 8001 6881 5887 5001 4240 3651 3086 2614 2217 1873 1589 1367 1141 953 795 660 558 453 371 302 267 221 186 159 124 103 87 69 55 49 41 33 31 27 23 21 17 13 13 10 8 6 4 3 2 1 1 1 1 1 1 
0 0 0 250 250 250 342 413 480 631 806 783 1064 1535 1780 2301 3153 3905 4810 5997 7588 9135 11125 13256 15459 18037 21087 23948 26696 29673 32684 35451 37875 40328 42055 43663 44761 45330 45463 45097 44427 43096 41476 39551 37467 35231 32840 30388 27885 25476 23103 20799 18606 16558 14564 12867 11347 9864 8663 7539 6595 5665 4966 4275 3682 3173 2712 2347 1982 1747 1453 1251 1071 916 762 638 538 455 383 327 260 227 197 165 142 119 103 81 71 59 47 39 30 22 18 14 13 11 5 4 4 3 2 2 
0 0 0 250 250 250 305 350 402 496 604 570 853 1238 1539 2049 2792 3640 4618 6057 7649 9384 11458 13853 16516 19420 22682 25648 28900 32371 35704 38750 41414 43781 45716 47206 48045 48244 48048 47406 46197 44435 42472 40300 37825 35176 32465 29689 27030 24514 21951 19513 17381 15406 13483 11746 10206 8889 7676 6656 5672 4823 4157 3553 3023 2572 2148 1783 1513 1279 1076 896 746 620 525 435 353 291 237 195 165 134 120 99 83 65 57 45 47 39 31 26 20 17 16 13 7 5 2 3 4 4 3 3 3 3 3 2 
0 0 0 250 250 250 314 376 437 554 756 719 983 1572 1955 2613 3555 4650 5877 7398 9248 11169 13620 16297 19088 22105 25427 28839 32350 35669 38848 41843 44331 46332 48124 49223 49667 49537 48871 47596 46025 44049 41376 38745 35944 33160 30355 27568 24835 22377 20096 17813 15785 13858 12113 10522 9160 7892 6751 5835 4921 4217 3624 3095 2621 2253 1940 1618 1374 1166 963 804 713 590 487 428 360 303 252 209 172 144 121 93 84 67 55 49 38 30 22 16 11 11 11 9 6 5 4 4 4 2 
0 0 0 250 250 250 310 375 419 547 761 754 1066 1532 1927 2384 3139 3996 4947 6300 7896 9602 11850 14443 17076 19998 23305 26543 29913 33259 36480 39480 42237 44641 46448 47696 48342 48856 48522 47608 46350 44612 42472 40190 37647 34802 32008 29296 26487 23813 21309 18952 16796 14730 12885 11201 9787 8438 7264 6258 5419 4591 3901 3311 2781 2391 2051 1725 1431 1220 1027 874 744 622 538 454 386 322 267 214 171 144 112 88 68 52 43 35 32 21 16 13 9 7 3 3 2 2 2 2 2 2 2 1 
0 0 0 249 249 249 307 371 412 498 639 573 808 1089 1375 1857 2534 3313 4306 5520 6877 8610 10671 12835 15313 18086 21023 24157 27419 30650 33740 36861 39773 42390 44461 46218 47479 48036 48211 47856 46960 45464 43791 41548 39187 36693 34068 31302 28490 25857 23208 20772 18425 16332 14400 12616 10984 9547 8314 7145 6166 5320 4518 3847 3299 2797 2347 2032 1728 1453 1213 1013 848 705 619 518 412 345 290 247 202 164 119 100 84 58 44 34 25 20 15 11 10 11 10 8 7 7 6 8 8 7 6 6 6 6 6 3 2 2 2 2 3 2 2 2 2 1 2 2 1 1 1 1 1 1 
0 0 0 250 250 250 338 392 459 665 1004 1071 1538 2191 2764 3601 4714 5991 7438 9296 11326 13512 16075 19052 22023 25143 28491 31775 35112 38119 41118 43504 45553 47068 47977 48354 48231 47656 46394 44799 42993 40735 38325 35639 32821 30209 27583 24940 22248 20016 17737 15661 13769 12003 10417 8999 7818 6671 5728 4967 4263 3600 3038 2598 2194 1842 1505 1280 1043 862 719 589 501 392 340 272 228 184 156 143 122 104 86 70 57 55 41 31 25 23 20 17 14 11 9 4 2 3 2 1 1 1 1 1 1 
