0 1 26 59 105 132 159 164 167 187 219 256 305 374 521 696 913 1199 1509 1872 2243 2682 3151 3748 4531 5384 6355 7350 8429 9596 10772 11848 13042 14299 15483 16660 17798 18972 20031 20996 21874 22538 22885 23411 23708 23864 23855 23688 23290 22552 21781 20952 19974 19008 17821 16558 15356 14221 13004 11838 10565 9404 8272 7167 6051 4967 4104 3205 2415 1702 975 376 -257 
0 1 13 47 93 124 151 169 197 219 271 348 421 483 585 720 877 1135 1418 1832 2314 2892 3545 4215 5047 5906 6837 7829 8916 9959 11103 12333 13682 14974 16273 17374 18488 19749 20664 21530 22386 22862 23367 23679 23752 23578 23429 22983 22544 21985 21381 20435 19468 18439 17242 16075 15012 13761 12627 11554 10398 9113 7929 6839 5805 4957 3994 3126 2297 1476 778 118 -537 
0 0 14 63 114 146 163 179 194 205 210 244 301 428 553 733 944 1177 1469 1760 2139 2623 3220 3793 4444 5163 6007 6908 7968 9076 10362 11569 12876 14107 15420 16682 17910 18894 19876 20736 21513 22319 22903 23306 23721 23785 23649 23445 23048 22438 21799 20980 19969 18990 17874 16638 15584 14431 13220 12018 10849 9719 8537 7522 6495 5429 4473 3611 2709 1959 1190 396 -232 
0 1 25 53 93 121 137 159 174 205 224 254 292 366 424 523 606 731 862 1110 1403 1764 2181 2584 3109 3624 4275 5073 5890 6939 8014 9154 10370 11583 12827 14163 15373 16792 18126 19349 20449 21323 22168 22754 23376 23908 24291 24270 24125 23768 23133 22621 21845 21018 19922 18957 17895 16665 15494 14328 13230 12043 10936 9899 8696 7554 6464 5567 4632 3680 2695 1868 1074 364 -360 
0 2 20 54 101 134 160 182 186 181 198 236 270 341 487 722 988 1270 1633 1935 2304 2701 3169 3752 4437 5200 6059 7149 8339 9527 10695 11860 13170 14501 15807 17159 18220 19345 20453 21503 22362 22902 23406 23788 23973 24082 23827 23698 23305 22694 21941 20993 19926 18865 17760 16506 15220 13974 12770 11655 10562 9374 8340 7277 6268 5276 4328 3475 2575 1815 1138 439 -170 
0 0 13 56 111 149 169 183 186 197 197 221 263 307 397 515 633 777 977 1222 1524 1987 2466 3000 3566 4246 5002 5891 6830 7896 9100 10219 11374 12678 13986 15386 16623 17816 18825 19780 20928 21916 22642 23126 23595 23862 23925 23839 23523 23003 22305 21760 20922 20076 19112 18142 17111 15871 14756 13510 12319 11173 10026 8854 7771 6659 5626 4597 3732 2879 2014 1330 565 -20 
0 1 14 51 98 122 148 154 164 171 185 183 201 252 294 356 437 537 628 797 940 1129 1398 1694 2035 2389 2836 3382 3939 4572 5333 6249 7325 8518 9694 11065 12247 13517 14759 15948 17105 18286 19317 20218 21244 21917 22625 23057 23329 23619 23656 23512 23265 22741 22189 21467 20595 19480 18367 17283 16078 15023 13964 12828 11633 10545 9346 8183 7144 6174 5275 4368 3554 2613 1790 1014 319 -372 
0 0 13 55 87 131 149 169 174 187 209 252 303 347 451 565 703 876 1063 1358 1831 2337 2970 3699 4405 5251 6145 7073 8066 9107 10279 11479 12737 14031 15337 16567 17727 18873 19842 20697 21741 22399 23026 23416 23747 23660 23614 23349 23009 22548 22097 21111 20254 19212 18142 17235 16089 14860 13558 12382 11083 9937 8802 7721 6570 5489 4638 3710 2813 2071 1309 641 -92 
0 0 11 60 105 141 162 174 179 183 189 222 249 305 427 528 632 777 939 1139 1439 1790 2273 2806 3400 4029 4666 5391 6134 6953 7895 8883 10034 11163 12492 13830 15219 16440 17651 18851 19832 20799 21525 22137 22620 23100 23422 23464 23393 23232 22904 22513 21927 20941 20001 19151 18113 17025 15815 14670 13460 12140 11007 9836 8743 7725 6729 5694 4722 3799 2932 2175 1416 709 -59 
0 2 20 62 107 139 163 175 177 209 236 258 310 343 423 541 668 819 1054 1330 1670 2021 2460 2978 3529 4204 5019 5875 6773 7848 8972 10132 11499 12823 14234 15414 16607 17818 19115 20322 21393 22293 22927 23313 23784 24090 24265 24269 23906 23578 22849 22225 21484 20358 19329 18139 17076 15874 14609 13530 12254 11060 9772 8604 7524 6494 5516 4453 3522 2724 1904 1103 370 -339 
0 1 13 55 100 142 162 186 204 215 215 226 247 317 380 491 635 821 1050 1297 1686 2054 2507 3042 3702 4336 5114 6030 6908 7931 8924 10025 11305 12549 13918 15091 16363 17574 18899 20073 21054 22139 22751 23340 23735 23971 24008 24031 23689 23268 22610 21769 20916 20039 19124 18047 16894 15731 14507 13352 12204 11091 10004 8867 7729 6623 5684 4828 3827 3027 2196 1361 615 -26 
0 0 17 50 101 141 152 165 185 193 206 230 262 312 375 440 543 691 917 1172 1481 1790 2183 2630 3164 3716 4363 5100 6047 7075 8079 9213 10228 11311 12403 13501 14789 16029 17301 18539 19673 20561 21390 22103 22680 23189 23532 23856 23747 23574 23261 22655 21826 21032 20106 19049 18063 16908 15576 14481 13346 12272 11136 9896 8832 7875 6840 5874 4938 4003 3157 2340 1545 838 170 -419 
0 1 10 48 96 122 144 165 180 193 220 243 269 325 405 526 650 842 1039 1253 1544 1856 2284 2777 3357 4047 4701 5529 6442 7464 8569 9730 10899 12117 13359 14548 15862 17194 18384 19616 20690 21627 22360 23093 23518 23640 23796 23707 23506 23145 22583 21949 21177 20290 19338 18344 17380 16227 15049 13845 12663 11557 10396 9226 8068 7103 6123 5193 4169 3319 2542 1852 1156 383 -252 
0 0 24 54 101 140 165 174 182 191 215 220 222 256 324 401 505 634 780 987 1226 1499 1849 2288 2845 3425 4090 4798 5634 6484 7503 8616 9786 10996 12245 13588 15029 16299 17568 18670 19831 20726 21616 22258 22837 23218 23597 23787 23756 23626 23307 22973 22216 21428 20643 19602 18445 17325 16129 14987 13768 12490 11255 10092 9039 8014 7016 6014 5078 4169 3278 2451 1690 980 266 -366 
0 1 16 59 97 136 163 176 178 192 201 225 264 353 428 566 789 1036 1349 1762 2154 2534 2987 3552 4184 4953 5762 6757 7868 8834 9944 11079 12336 13595 14957 16298 17554 18682 19906 20972 21901 22675 23359 23678 23812 23959 23915 23777 23453 22827 22118 21347 20585 19682 18512 17485 16307 15057 13785 12571 11364 10189 9108 7948 6870 5873 4933 3924 3015 2258 1362 658 -14 
0 2 18 57 100 140 178 188 203 201 226 266 346 415 476 588 730 917 1167 1475 1835 2288 2861 3487 4103 4822 5647 6492 7578 8655 9943 11142 12297 13464 14794 16040 17157 18155 19290 20209 21302 22128 22809 23410 23667 23807 23877 23698 23424 23087 22387 21462 20752 19784 18693 17583 16431 15165 13858 12664 11352 10074 8901 7767 6824 5739 4695 3734 2929 2187 1418 673 -41 
0 2 20 60 109 145 164 187 196 238 271 333 430 570 786 978 1243 1537 1910 2352 2881 3531 4186 4875 5683 6549 7492 8540 9665 10896 12073 13272 14546 15698 16814 17943 19104 20412 21412 22137 22899 23384 23814 23852 23827 23632 23329 22899 22280 21696 20745 19848 18752 17614 16567 15369 14055 12802 11586 10380 9329 8197 7113 6090 5090 4207 3399 2578 1793 1031 266 -330 
0 0 19 56 102 141 171 188 183 185 197 221 252 282 332 396 505 673 876 1070 1361 1723 2176 2674 3255 3863 4587 5391 6252 7226 8307 9491 10695 11988 13164 14476 15852 17030 18256 19467 20562 21614 22573 23275 23630 23872 23921 23806 23738 23445 22961 22396 21728 20918 19867 18828 17684 16483 15295 13935 12931 11723 10631 9529 8406 7267 6165 5293 4344 3455 2623 1795 1125 431 -71 
0 0 15 47 86 129 154 170 166 212 256 293 350 415 517 659 921 1159 1415 1793 2243 2696 3254 3883 4590 5414 6289 7200 8236 9297 10378 11536 12686 14057 15329 16421 17699 18905 19936 21034 21990 22740 23261 23622 23813 23736 23646 23290 23006 22491 21845 20915 19894 18700 17714 16594 15443 14402 13263 12172 11031 9922 8847 7660 6670 5696 4641 3676 2784 2071 1243 544 -109 
0 2 16 54 98 133 148 158 160 174 202 218 222 243 281 364 494 710 940 1185 1449 1795 2200 2692 3415 4103 4833 5705 6599 7547 8644 9738 11067 12304 13659 14942 16039 17278 18292 19429 20576 21374 22189 22749 23382 23707 23920 23814 23799 23501 22988 22222 21465 20606 19742 18729 17567 16575 15447 14162 12860 11587 10432 9273 8189 7266 6180 5249 4251 3348 2560 1769 1010 324 -343 
0 0 15 52 104 148 159 161 166 205 238 301 376 480 638 824 1132 1535 1947 2439 2933 3566 4228 5021 6015 7031 7996 9053 10231 11450 12691 13827 15087 16337 17588 18855 20027 20917 21862 22629 23185 23711 23989 24209 23963 23796 23442 22858 22051 21487 20421 19342 18152 16950 15936 14831 13725 12501 11192 9955 8892 7815 6668 5692 4721 3842 2899 2097 1387 644 3 -624 
0 3 20 54 111 153 172 179 178 197 210 221 256 300 370 458 626 791 1015 1235 1500 1799 2186 2627 3142 3781 4461 5215 6043 6869 7804 8860 10018 11428 12695 14063 15305 16680 17897 19156 20279 21190 22132 22894 23412 23852 24315 24360 24122 23811 23367 22596 21801 20949 20005 18912 17852 16728 15690 14404 13270 12109 10754 9655 8522 7523 6410 5461 4515 3624 2730 1847 1125 442 -171 
0 0 16 58 107 143 169 173 182 194 203 255 317 420 602 860 1151 1469 1814 2185 2685 3255 3993 4714 5543 6466 7328 8360 9424 10555 11748 12978 14191 15525 16835 18107 19191 20207 21196 22122 22854 23401 23910 24308 24392 24166 23730 23435 22649 22039 21233 20274 19162 17873 16586 15392 14042 12881 11654 10520 9384 8316 7342 6364 5401 4363 3414 2544 1805 974 336 -272 
0 2 19 50 82 134 169 174 180 186 212 238 271 311 357 446 630 806 1012 1207 1486 1742 2079 2460 2922 3496 4105 4881 5661 6554 7612 8652 9732 10986 12291 13544 14789 16075 17188 18275 19339 20396 21357 22258 22799 23207 23531 23719 23797 23466 23103 22527 21850 21184 20281 19342 18270 16916 15884 14838 13622 12456 11431 10327 9128 8069 6954 5933 5005 4082 3179 2351 1547 809 123 -514 
0 1 22 66 118 155 168 174 181 193 209 238 286 380 452 546 639 794 976 1274 1576 1958 2354 2839 3450 4073 4762 5384 6213 7018 7963 8944 10012 11155 12383 13574 14805 15996 17209 18377 19470 20395 21327 22016 22555 23010 23430 23351 23326 22966 22629 22050 21373 20531 19770 18735 17670 16534 15519 14363 13219 12233 11197 10091 8996 7877 6790 5816 4832 4048 3223 2415 1645 992 349 -266 
0 1 26 57 95 128 165 179 209 215 226 234 272 320 417 551 698 896 1124 1343 1593 1963 2379 2916 3612 4340 5142 5983 6963 7945 8910 10012 11258 12451 13735 15002 16267 17572 18564 19535 20649 21482 22262 22921 23537 23802 24032 24053 23732 23249 22781 21899 21057 20137 19246 18383 17321 16044 14773 13550 12307 11107 10005 8786 7690 6625 5608 4717 3851 3087 2238 1395 677 17 -502 
0 1 17 57 98 133 156 173 180 187 213 221 252 299 386 492 644 825 1115 1488 1889 2365 2960 3617 4338 5167 5995 7023 8093 9281 10430 11586 12868 14102 15410 16660 17748 19052 20211 21266 22051 22674 23223 23716 23979 24022 24026 23789 23266 22799 22165 21250 20339 19320 18350 17200 15917 14645 13395 12092 11009 9779 8592 7509 6461 5448 4439 3543 2663 1845 1106 380 -270 
0 0 20 66 104 133 148 162 183 186 198 221 253 277 353 462 620 792 1035 1335 1713 2130 2592 3184 3827 4459 5268 6099 7057 7998 9060 10176 11439 12646 13954 15179 16364 17541 18792 19948 20991 21967 22630 23176 23724 23982 23954 23814 23617 23304 22668 21936 21138 20297 19185 18149 16856 15741 14553 13394 12302 11077 9818 8706 7680 6645 5595 4514 3609 2726 1935 1315 678 0 
0 0 17 48 111 148 163 166 173 175 207 224 276 342 402 490 647 816 1051 1345 1627 1916 2365 2848 3397 4122 4963 5783 6688 7642 8728 9847 11002 12124 13354 14549 15841 16942 17969 19160 20318 21226 22014 22655 23224 23613 23833 23996 24013 23617 23033 22334 21456 20608 19644 18611 17576 16422 15246 14164 13120 11842 10573 9294 8290 7205 6229 5295 4262 3354 2543 1738 961 376 -298 
0 0 16 47 104 146 167 173 200 214 234 268 314 374 458 544 670 820 1035 1292 1607 1977 2444 2859 3294 3845 4521 5424 6254 7250 8377 9568 10790 12086 13514 14826 16264 17467 18709 19883 20816 21660 22384 22968 23290 23468 23701 23859 23634 23169 22593 21957 21232 20316 19232 18095 16968 15753 14693 13565 12408 11328 10061 8915 7851 6889 5997 5147 4163 3310 2559 1722 882 187 -453 
0 1 23 62 103 142 152 169 180 199 225 250 296 388 514 662 834 1049 1336 1734 2179 2631 3210 3793 4552 5410 6321 7366 8520 9714 10907 12185 13356 14792 16017 17141 18405 19604 20628 21505 22214 22953 23570 23849 24024 24137 23948 23702 23163 22290 21744 20971 19929 18936 17782 16684 15471 14220 13078 11783 10699 9496 8322 7249 6328 5328 4409 3462 2702 1939 1212 511 -223 
0 1 19 61 99 151 168 187 183 192 191 220 238 270 307 342 396 473 650 858 1143 1437 1818 2184 2659 3186 3870 4567 5284 6166 6985 8005 9027 10117 11071 12240 13444 14585 15944 17215 18250 19352 20388 21253 22123 22775 23203 23442 23547 23660 23429 23141 22633 22006 21196 20373 19337 18367 17342 16287 15153 14012 12719 11518 10223 9036 7915 6867 5774 4897 3979 3153 2308 1526 863 239 -442 
0 2 19 52 96 137 167 182 192 206 230 248 296 364 457 559 722 908 1108 1405 1739 2154 2553 3041 3691 4430 5190 6011 6906 7854 8920 10149 11277 12598 13869 15197 16480 17606 18669 19752 20653 21448 22333 23073 23441 23694 23846 23749 23540 23202 22662 22187 21347 20329 19291 18160 17013 15729 14388 13158 11933 10878 9748 8614 7514 6456 5395 4464 3545 2692 1951 1225 520 -162 
0 0 17 58 99 135 152 165 176 194 221 269 382 495 642 781 991 1304 1621 2031 2479 2912 3589 4328 5029 5947 6866 7844 8937 10232 11435 12722 14009 15260 16714 18100 19345 20364 21551 22184 23003 23517 23978 24121 23947 23822 23546 23183 22585 21843 20936 20238 19146 18072 16916 15782 14502 13293 12045 10928 9722 8646 7689 6610 5635 4636 3719 2829 2087 1333 642 -89 
0 3 17 48 93 130 151 177 187 184 196 221 286 369 473 610 787 1041 1300 1639 2045 2455 2910 3445 4095 4844 5684 6675 7749 8799 9921 11083 12260 13448 14743 15952 17318 18504 19534 20468 21466 22125 22623 23002 23426 23444 23445 23502 23211 22865 22149 21478 20650 19559 18480 17427 16135 14920 13761 12690 11627 10309 9097 8012 6954 5865 4915 4054 3201 2391 1540 757 129 -475 
0 2 20 47 92 131 153 177 192 219 234 262 283 332 415 528 721 968 1302 1632 2043 2451 2923 3543 4105 4759 5423 6307 7222 8230 9432 10725 12067 13433 14759 16190 17445 18713 19878 20892 21822 22508 23062 23420 23792 23953 23946 23813 23357 22850 22148 21330 20438 19528 18639 17562 16376 15216 13936 12775 11605 10451 9248 8128 7096 6053 5145 4217 3282 2376 1609 769 90 -588 
0 0 17 61 99 138 162 178 181 179 193 215 264 351 484 615 820 1060 1378 1676 2048 2508 3004 3620 4346 5198 6077 6995 8067 9188 10348 11594 12883 14155 15479 16700 17829 19039 20168 21171 22017 22565 22999 23525 23847 24019 23972 23666 23202 22688 21971 20987 20081 19041 18089 17005 15704 14518 13200 12079 10966 9768 8594 7719 6591 5627 4600 3752 2884 2036 1274 544 -89 
0 3 17 49 91 132 163 173 177 185 187 216 270 343 481 654 869 1096 1376 1688 2060 2573 3122 3860 4553 5304 6131 7073 8124 9198 10309 11392 12660 13890 15317 16534 17659 18894 19914 20847 21612 22311 23152 23671 23909 24081 23960 23589 23209 22616 21978 21011 20081 19146 18117 16972 15724 14530 13471 12280 11141 9875 8656 7470 6569 5577 4569 3724 2879 2025 1261 518 -125 
0 1 24 69 102 132 149 171 188 201 244 299 362 437 542 649 840 1049 1350 1663 2062 2491 2983 3539 4259 4947 5769 6706 7676 8725 9789 10918 12118 13508 14827 16102 17423 18618 19645 20546 21581 22328 22897 23305 23387 23598 23552 23296 22944 22538 21936 21356 20336 19240 18223 17109 16054 14652 13539 12386 11188 10101 8883 7864 6910 5763 4933 3884 2999 2069 1366 678 36 -497 
0 2 22 61 102 134 158 179 204 203 234 277 332 444 575 755 939 1202 1520 1876 2350 2874 3465 4011 4768 5558 6450 7487 8774 9829 11031 12241 13561 14810 16069 17400 18560 19652 20731 21796 22596 23117 23457 23844 23832 23767 23549 23231 22795 22226 21384 20434 19263 18336 17316 16070 14814 13514 12247 10953 9950 9033 8004 6926 5959 4958 4079 3128 2229 1491 865 165 -433 
0 1 11 49 99 133 153 164 178 188 219 255 297 359 451 571 681 864 1076 1351 1715 2120 2676 3315 3974 4681 5472 6341 7468 8545 9653 10858 12164 13398 14597 15837 16981 18210 19382 20481 21535 22411 22946 23383 23903 24221 24260 23984 23672 23084 22329 21537 20685 19853 18723 17628 16495 15320 13988 12741 11408 10224 9130 8066 7032 5972 4995 3983 3219 2357 1658 1047 441 -261 
0 1 25 68 106 137 157 183 181 197 223 252 276 344 423 528 665 850 1045 1327 1681 2107 2627 3170 3839 4566 5344 6173 6970 7969 9195 10363 11490 12746 14242 15605 17053 18295 19413 20418 21439 22367 22970 23572 23854 24077 24156 24043 23829 23602 22879 22004 21056 20064 18950 17906 16852 15584 14445 13233 11899 10722 9494 8235 7240 6266 5251 4377 3460 2629 1870 1138 374 -391 
0 1 19 51 97 124 160 174 177 186 195 208 239 283 329 420 511 651 829 1084 1382 1846 2308 2871 3452 4107 4809 5507 6382 7306 8263 9376 10590 11802 13315 14608 15892 17135 18279 19582 20654 21638 22482 23179 23697 23875 24207 24256 23963 23613 23167 22441 21602 20761 19796 18569 17469 16187 15005 13751 12636 11466 10362 9323 8155 7077 5912 4952 4039 3092 2388 1607 940 186 -316 
0 0 16 58 102 142 167 184 186 188 191 212 243 291 324 405 507 715 948 1253 1609 1943 2356 2831 3411 4161 4889 5634 6525 7578 8646 9766 10852 12053 13308 14640 15970 17222 18544 19722 20816 21730 22487 23032 23408 23710 23946 23962 23885 23448 22957 22339 21530 20753 19877 18748 17499 16403 15254 14014 12814 11648 10498 9313 8242 7082 6061 5033 4106 3157 2243 1452 835 58 -529 
0 1 21 58 93 124 158 177 191 216 228 239 257 302 376 426 555 770 1016 1307 1677 2104 2640 3250 3970 4661 5471 6352 7327 8374 9532 10661 12010 13241 14588 15966 17212 18335 19411 20408 21403 22232 22896 23208 23646 23956 23961 24029 23685 23206 22684 22013 21019 19993 18885 17701 16411 15232 14276 12925 11712 10493 9238 8181 7161 6088 5049 4125 3256 2433 1675 916 204 -478 
0 2 23 61 101 129 147 175 177 194 208 228 260 320 401 567 790 1055 1338 1635 1931 2336 2838 3487 4233 5052 5872 6782 7562 8530 9598 10833 12023 13321 14578 15855 16980 18150 19300 20473 21433 22294 22738 23281 23631 24047 23877 23716 23400 22991 22406 21653 20716 19748 18566 17484 16344 15127 13867 12754 11654 10643 9445 8301 7125 5975 4907 3994 3102 2269 1444 690 9 -619 
0 0 19 59 107 145 170 176 190 197 211 244 272 328 375 430 517 646 822 1061 1331 1721 2201 2848 3496 4240 5048 5975 6982 7975 8986 10112 11293 12603 13848 15147 16327 17682 18889 19990 20969 21917 22585 23282 23741 24035 23997 23907 23703 23285 22747 21952 21059 20207 19291 18397 17211 16101 14799 13677 12276 11050 9856 8860 7764 6722 5748 4646 3766 2922 2091 1255 518 -30 
0 0 12 46 84 129 164 171 187 213 226 243 282 327 370 415 491 595 751 949 1179 1428 1774 2157 2693 3248 3861 4521 5283 6135 7112 8204 9295 10555 11917 13388 14739 16049 17418 18705 19905 20805 21696 22551 23322 23997 24289 24432 24267 24066 23742 23236 22505 21607 20750 19764 18530 17450 16382 15035 13752 12434 11204 10114 8932 7831 6781 5777 4767 3850 3125 2291 1576 918 196 -447 
0 1 13 49 88 119 148 172 183 200 228 260 271 316 368 437 556 655 879 1114 1412 1697 2020 2404 2810 3323 3907 4540 5272 6103 7113 8107 9160 10188 11478 12689 14084 15324 16472 17629 18875 20020 20994 21684 22486 23165 23706 23968 24167 23963 23524 23044 22350 21625 20717 19825 18748 17671 16480 15449 14293 13080 11883 10620 9504 8315 7200 6115 5128 4242 3375 2524 1707 966 290 -404 
0 0 23 63 97 147 169 186 197 204 231 261 336 449 599 749 957 1226 1529 1962 2472 2959 3521 4215 4955 5828 6824 7880 8935 10081 11267 12652 13920 15307 16516 17734 18819 19971 20984 21824 22527 23146 23682 23864 23790 23533 23305 22918 22565 21842 21058 20313 19359 18408 17221 16012 14826 13658 12462 11256 10159 8975 7899 6797 5637 4490 3718 2844 2090 1349 697 7 -693 
0 0 21 53 96 134 169 184 191 206 228 272 338 472 638 871 1116 1415 1725 2163 2642 3272 3926 4705 5485 6365 7285 8332 9470 10611 11965 13185 14416 15603 16779 18096 19175 20189 21174 21960 22526 23248 23681 23831 23868 23638 23394 23124 22624 21777 20841 19878 18962 17759 16605 15384 14117 12901 11704 10564 9328 8254 7164 6257 5324 4430 3508 2565 1727 1002 338 -257 
0 0 14 57 95 132 161 172 180 177 199 224 287 387 547 739 940 1277 1610 2063 2630 3225 3877 4633 5415 6308 7276 8307 9482 10715 12015 13326 14662 15872 17102 18235 19279 20303 21272 22021 22558 23080 23421 23659 23696 23670 23392 22975 22345 21686 20752 19833 19019 17889 16676 15473 14290 13065 11841 10599 9374 8423 7269 6216 5219 4284 3448 2624 1860 1093 415 -244 
0 0 19 59 91 135 159 181 194 210 224 237 278 323 422 490 606 750 944 1113 1317 1573 1814 2171 2630 3134 3744 4388 5163 6043 6891 7885 8967 10122 11366 12620 13873 15221 16620 17813 19162 20142 20925 21775 22507 22947 23404 23624 23745 23927 23549 23098 22575 21753 20910 20057 19045 18019 16833 15728 14692 13468 12318 11242 10083 8934 7658 6472 5486 4609 3644 2916 2127 1294 469 -189 
0 0 18 59 100 141 155 164 188 206 235 264 320 368 449 577 734 944 1199 1552 1917 2333 2871 3500 4209 5022 5791 6665 7588 8692 9870 11066 12215 13399 14645 15942 17133 18393 19600 20780 21745 22399 22956 23297 23742 23910 23707 23654 23402 23053 22265 21533 20623 19530 18347 17314 16196 15107 13868 12643 11343 10303 9208 8056 6901 6054 5055 4088 3261 2512 1820 1094 480 -282 
0 1 14 50 95 132 156 162 178 174 184 207 253 319 398 493 613 804 1035 1390 1798 2288 2810 3358 4060 4871 5697 6607 7551 8538 9605 10736 12045 13309 14638 15935 17178 18351 19357 20379 21354 22148 22737 23358 23612 23879 24021 23819 23300 22807 22275 21459 20453 19565 18702 17683 16581 15324 14015 12785 11452 10324 9318 8114 7110 5966 5029 4098 3270 2352 1506 820 155 -460 
0 0 18 58 100 137 167 162 180 202 237 296 381 509 660 813 1024 1300 1678 2133 2683 3304 3953 4578 5318 6115 6930 7815 8856 9905 11055 12310 13600 14828 16220 17570 18659 19809 20785 21701 22291 22952 23406 23805 24072 24000 23618 23179 22518 21829 20966 19967 19029 17985 16942 15858 14735 13525 12496 11231 10027 8914 7745 6685 5708 4796 3927 3121 2365 1611 787 107 -485 
0 0 15 55 85 132 148 157 180 190 217 236 277 312 354 421 534 657 824 1063 1319 1610 1951 2410 2908 3599 4337 5072 5828 6676 7759 8920 10234 11497 12705 13836 15245 16483 17729 18727 19773 20723 21473 22186 22946 23423 23721 23985 24016 23782 23386 22881 22186 21307 20402 19329 18383 17220 16033 14849 13470 12262 11000 9932 8752 7649 6630 5625 4643 3728 2849 2020 1320 606 -45 
0 0 23 55 112 137 162 174 184 208 233 254 291 375 494 677 882 1100 1335 1595 1913 2310 2701 3157 3748 4391 5252 6189 7138 8241 9362 10544 11755 12982 14359 15566 16820 17994 19153 20277 21109 21964 22709 23342 23771 24084 24055 23885 23599 23151 22734 22139 21272 20211 19129 17894 16572 15448 14212 13018 11857 10649 9570 8628 7545 6412 5352 4413 3533 2679 1824 1105 463 -221 
0 0 17 57 96 128 153 161 175 176 183 194 242 312 444 604 755 927 1167 1465 1791 2116 2606 3130 3746 4412 5224 6139 7040 7862 8956 10123 11277 12462 13803 15151 16632 17814 19018 20169 21030 21965 22676 23210 23588 23751 23892 23676 23557 23101 22487 21847 21015 20111 19215 18078 16888 15707 14525 13369 12184 10915 9707 8676 7616 6444 5339 4203 3312 2519 1880 1104 474 -201 
0 1 21 53 89 128 156 177 203 216 246 285 332 404 547 663 772 939 1128 1379 1679 2138 2629 3247 3931 4713 5417 6286 7161 8172 9199 10316 11630 12822 14172 15455 16892 18069 19209 20148 20842 21529 22278 22860 23360 23556 23719 23590 23292 23008 22592 21853 20940 19890 18895 17852 16715 15665 14493 13195 12069 10954 9694 8644 7523 6500 5508 4643 3778 2931 2071 1328 545 -37 
0 0 11 56 95 128 148 160 179 189 205 231 264 319 387 481 585 728 877 1103 1357 1690 2048 2558 3119 3704 4363 5063 5870 6775 7890 8929 10228 11412 12681 13944 15248 16504 17647 18888 20019 21074 21880 22750 23315 23652 23586 23668 23756 23480 23060 22585 21918 21204 20317 19403 18270 17164 16007 14933 13706 12532 11244 10081 8924 7875 6757 5667 4717 3804 2863 2000 1245 537 -5 
0 1 16 60 121 154 178 185 195 214 230 252 307 405 513 658 804 1021 1273 1528 1798 2240 2714 3300 3944 4722 5581 6522 7497 8451 9543 10747 11912 13200 14463 15866 17307 18523 19669 20867 21900 22563 23283 23714 24138 24282 24299 24095 23786 23242 22526 21692 20761 19867 18719 17669 16516 15327 13968 12856 11605 10322 9167 8047 6974 6030 5026 3998 3100 2296 1555 801 173 -423 
0 1 16 57 99 132 168 182 196 200 208 234 256 295 389 486 619 759 966 1167 1425 1730 2182 2654 3413 4206 5048 5869 6829 7826 8901 10072 11302 12484 13803 15003 16294 17634 18661 19763 20817 21643 22489 23024 23579 23896 24082 24053 23872 23455 23047 22478 21732 20750 19836 18605 17395 16279 15055 13900 12784 11487 10219 9062 7964 6925 5846 4860 3966 3036 2300 1623 903 285 -317 
0 1 21 59 104 139 165 184 203 207 197 223 259 307 374 468 649 838 1097 1334 1682 2124 2608 3130 3739 4467 5275 6042 6935 7913 9058 10200 11448 12807 14001 15234 16454 17536 18704 19847 20843 21659 22396 22898 23424 23754 23856 23865 23491 23089 22489 21905 21046 20204 19315 18161 16994 15927 14715 13450 12246 11159 10104 8936 7777 6650 5572 4655 3755 2939 2244 1503 756 105 -570 
0 1 17 58 114 154 175 177 192 203 208 219 239 265 290 375 505 707 992 1324 1667 2054 2503 2902 3419 4095 4887 5708 6581 7563 8711 9898 11071 12373 13663 14966 16306 17458 18764 19827 20869 21744 22475 23134 23506 23833 23786 23570 23427 23163 22531 21724 20940 20159 19225 18286 17287 16118 14907 13697 12503 11313 10221 9000 7924 6858 5926 5069 4152 3351 2493 1717 911 206 -480 
0 0 9 54 99 145 169 171 171 182 200 225 246 299 373 433 551 668 861 1118 1429 1803 2260 2750 3453 4182 5038 5904 6907 7925 8989 10103 11316 12726 13843 15182 16382 17673 18930 20081 21060 22114 22983 23625 23982 24264 24308 24144 23857 23494 22967 22197 21315 20481 19391 18349 17224 15999 14752 13596 12344 10951 9729 8682 7543 6569 5545 4572 3633 2736 1969 1220 589 -48 
0 0 18 56 94 132 158 173 193 212 231 256 302 336 411 497 623 782 1035 1365 1781 2182 2649 3234 3851 4572 5381 6195 7182 8065 9147 10221 11329 12539 13784 14928 16095 17313 18495 19654 20706 21556 22262 22735 23078 23463 23630 23573 23197 23045 22368 21635 20979 20191 19203 18140 17013 15958 14799 13572 12375 11127 9869 8696 7703 6646 5700 4770 3888 2998 2157 1386 690 57 -561 
0 0 18 57 105 140 163 182 188 199 228 266 303 359 418 493 640 831 1133 1393 1727 2150 2592 3211 3939 4671 5567 6352 7351 8424 9529 10703 11906 13124 14392 15743 16963 18061 19200 20309 21336 22025 22844 23298 23644 23943 23953 23756 23508 22884 22060 21227 20409 19514 18521 17376 16055 14884 13705 12703 11652 10353 9216 8026 6900 5842 4826 3949 3152 2354 1589 815 117 -534 
0 2 18 62 106 144 162 177 186 190 207 235 275 370 459 629 794 995 1251 1552 1894 2263 2770 3363 4029 4809 5683 6531 7471 8564 9690 10946 12364 13753 15052 16189 17441 18721 19611 20750 21656 22397 22928 23389 23752 23896 23838 23625 23231 22756 22258 21505 20434 19556 18298 17186 16170 14972 13786 12654 11260 10110 8971 7916 6906 5854 4856 4025 3147 2320 1519 813 173 -444 
0 3 24 51 99 131 153 163 174 188 218 262 332 446 593 814 1060 1369 1755 2191 2730 3346 3992 4766 5628 6596 7583 8528 9746 10912 12043 13354 14735 16077 17310 18554 19550 20566 21565 22313 23025 23576 23733 23817 23720 23572 23248 22677 21999 21342 20369 19446 18305 17267 16158 15010 13876 12701 11560 10391 9240 8093 7092 6123 5252 4217 3341 2591 1825 1091 329 -294 
0 1 18 47 91 127 146 160 163 183 204 218 263 310 405 531 668 813 1045 1317 1739 2248 2828 3458 4052 4729 5571 6475 7387 8389 9423 10646 11708 12876 14255 15555 16874 18147 19281 20465 21325 22094 22721 23060 23484 23646 23615 23665 23301 22711 22067 21375 20572 19706 18558 17306 16030 14993 13898 12698 11380 10296 9247 8029 7055 6041 4901 3930 3056 2236 1517 748 39 -631 
0 0 21 63 95 140 156 186 201 213 231 257 299 367 478 672 893 1159 1509 1865 2316 2838 3416 4098 4796 5565 6486 7388 8306 9360 10466 11675 13011 14167 15380 16557 17826 19033 20257 21196 21925 22501 23169 23679 23998 24151 23930 23439 22961 22286 21487 20717 19754 18811 17782 16656 15425 14230 13225 12005 10758 9824 8625 7528 6428 5388 4433 3546 2704 1830 1070 433 -222 
0 0 23 57 98 141 160 170 172 176 185 214 248 307 390 480 577 738 929 1192 1501 1868 2327 2798 3423 4215 4880 5683 6670 7733 8771 9908 11133 12317 13554 14934 16169 17410 18597 19697 20806 21626 22417 23140 23610 24075 24200 24165 23880 23414 22992 22492 21710 20787 19792 18842 17585 16324 15004 13694 12539 11396 10282 9009 7974 6864 5693 4732 3729 2847 2028 1281 569 -177 
0 0 14 52 85 125 157 179 190 205 227 254 287 321 378 456 546 745 982 1268 1569 1919 2385 2879 3494 4140 4926 5675 6555 7551 8566 9568 10670 11937 13235 14542 15863 17188 18440 19508 20632 21479 22372 23011 23587 23841 23889 23872 23729 23477 22993 22297 21602 20719 19611 18553 17398 16178 14914 13644 12416 11214 9949 8883 7879 6929 5925 4961 3945 3113 2330 1566 797 75 -470 
0 1 23 58 99 140 171 189 200 212 249 270 295 372 468 576 729 901 1161 1424 1808 2178 2652 3173 3822 4583 5357 6171 7120 8188 9404 10652 11957 13173 14380 15569 16880 18194 19339 20367 21467 22294 22904 23373 23756 23797 23894 23750 23416 22878 22188 21417 20484 19435 18432 17560 16374 15289 13913 12669 11504 10513 9448 8338 7261 6348 5321 4448 3526 2773 1997 1252 617 55 -593 
0 0 23 55 101 134 149 170 190 200 211 214 253 301 380 453 517 621 762 981 1293 1632 1973 2335 2823 3375 4055 4872 5731 6682 7589 8629 9697 10962 12238 13624 15016 16273 17460 18694 19859 20919 21816 22771 23501 23953 24279 24369 24158 24096 23549 22963 22287 21791 20885 19891 18729 17475 16346 15144 13799 12638 11393 10179 8977 7922 6797 5692 4661 3786 2950 2144 1396 649 70 -578 
0 1 10 47 89 129 156 170 172 185 180 221 309 398 541 685 804 979 1204 1434 1787 2170 2689 3235 3851 4532 5271 6120 6939 7916 8910 10101 11276 12577 13748 15182 16588 17925 19108 20289 21216 22047 22758 23350 23760 24089 24086 24055 23944 23381 22618 21715 20902 20067 19041 17955 16955 15700 14435 13299 12086 10794 9824 8678 7655 6596 5652 4649 3672 2865 2058 1377 671 24 -547 
0 0 19 60 100 140 165 185 199 220 251 281 346 472 654 874 1159 1486 1858 2280 2765 3253 3840 4466 5258 6091 7033 8042 9074 10126 11323 12391 13781 15037 16208 17347 18542 19632 20560 21587 22513 23047 23554 23845 23818 23870 23818 23555 23030 22211 21660 20846 19659 18476 17214 16102 14880 13824 12694 11423 10234 8991 7947 6754 5781 4816 3881 2991 2169 1376 650 24 -581 
0 2 17 63 99 129 159 160 164 182 200 256 308 400 504 645 791 961 1168 1475 1763 2188 2686 3290 3998 4777 5711 6593 7517 8573 9692 10925 12338 13550 15069 16389 17407 18550 19655 20683 21735 22621 23255 23760 24073 24070 24034 23863 23540 23112 22340 21524 20472 19400 18378 17520 16305 15016 13680 12491 11328 10141 8942 7873 6791 5709 4749 3843 2901 2057 1344 677 11 -575 
0 2 26 61 93 135 156 172 187 202 241 275 322 400 500 655 843 1057 1294 1562 2019 2470 3026 3701 4293 5098 5971 7065 8150 9435 10607 11807 13058 14158 15309 16597 17833 18725 19905 20912 21981 22763 23433 23790 24090 24043 23936 23528 23244 22583 22019 21218 20409 19479 18245 17170 16072 14915 13737 12435 11213 9988 8820 7701 6567 5604 4728 3731 2964 2173 1415 679 23 -656 
0 1 18 58 103 140 166 179 193 201 220 247 268 303 368 418 533 672 862 1089 1394 1806 2279 2859 3521 4199 4908 5817 6638 7535 8479 9449 10570 11742 13051 14246 15419 16760 17924 19179 20135 21214 22004 22693 23215 23747 23974 23859 23535 23126 22795 22276 21634 20644 19867 18925 17836 16585 15459 14175 12929 11777 10577 9525 8398 7301 6255 5347 4350 3480 2699 1876 1160 436 -209 
0 1 24 61 106 143 179 201 213 233 285 386 511 728 969 1256 1496 1822 2238 2710 3283 3898 4601 5356 6167 7150 8216 9361 10490 11664 12748 13943 15241 16586 17777 18795 19902 20780 21668 22363 23015 23470 23763 23761 23611 23454 23138 22614 21787 21009 20199 19107 17972 16820 15690 14490 13275 12083 10909 9755 8518 7402 6330 5330 4395 3484 2734 2073 1286 568 -133 
0 1 23 63 102 135 159 173 189 204 239 302 434 558 720 901 1065 1271 1559 1875 2279 2737 3264 3920 4684 5473 6416 7446 8485 9612 10750 11971 13140 14518 15759 17107 18208 19050 20111 20982 21846 22521 22967 23405 23583 23641 23448 23168 22734 22225 21566 20731 19660 18586 17525 16351 15222 13962 12732 11448 10284 9273 8329 7287 6264 5392 4344 3527 2660 1877 1137 425 -161 
0 3 20 61 100 127 158 179 196 204 209 233 285 347 441 602 802 1001 1212 1524 1880 2300 2785 3325 4073 4850 5773 6862 8007 9093 10279 11612 12841 14258 15464 16880 18092 19103 20235 21058 21851 22628 23391 23831 24198 24111 24087 23787 23451 22685 21959 21019 20218 19132 18169 17126 16048 14726 13562 12459 11244 9962 8783 7736 6640 5645 4649 3741 2815 2041 1269 460 -179 
0 1 15 56 99 137 178 173 175 182 184 190 209 257 316 407 557 730 1050 1386 1726 2151 2575 3119 3654 4340 5078 5883 6903 7973 9030 10286 11643 12991 14470 15796 17049 18227 19349 20455 21324 22049 22789 23434 23839 24309 24465 24282 23839 23224 22691 21974 21137 20245 19239 18172 16980 15855 14636 13410 12124 10854 9716 8503 7450 6511 5619 4638 3669 2783 1862 1161 396 -282 
0 0 17 56 95 138 163 189 193 187 196 212 229 246 281 351 415 493 610 708 855 1060 1338 1696 2159 2733 3532 4305 5071 5868 6728 7756 8743 9900 10997 12153 13460 14790 16091 17256 18398 19375 20355 21106 21944 22689 23076 23538 23649 23822 23625 23319 22608 22074 21388 20499 19434 18374 17498 16337 15070 13916 12667 11355 10204 9150 8159 7161 6114 5109 4244 3376 2571 1814 983 267 -393 
0 1 20 50 109 149 166 178 178 193 201 252 309 362 427 549 682 861 1125 1483 1861 2364 2941 3527 4236 4963 5830 6860 7886 8950 10021 11199 12435 13767 15081 16294 17643 18761 19793 20733 21556 22370 23025 23448 23816 24025 23921 23668 23227 22699 22116 21291 20255 19419 18288 17219 16183 15217 13980 12825 11481 10286 9129 8083 6994 5975 4955 4011 3092 2262 1473 714 -7 
0 1 22 55 102 139 165 177 193 180 179 197 225 251 287 373 505 727 996 1295 1652 2008 2424 2926 3421 3979 4664 5379 6136 7128 8099 9199 10267 11511 12781 14097 15346 16509 17548 18594 19666 20623 21472 22108 22745 23198 23378 23674 23610 23400 23081 22496 21664 20877 20016 19180 18117 17024 15905 14667 13559 12337 11138 10013 8864 7784 6679 5597 4630 3743 2935 2071 1251 560 -48 
0 0 16 48 95 135 163 173 170 187 199 205 223 273 323 407 534 703 882 1120 1370 1645 2000 2397 2967 3594 4322 5006 5856 6749 7722 8845 10065 11277 12450 13661 14807 15956 17171 18251 19275 20317 21293 22024 22669 23231 23533 23581 23646 23652 23352 22948 22369 21572 20566 19567 18554 17413 16230 15062 13880 12648 11396 10247 9220 7996 6871 5861 4878 3895 3000 2166 1440 740 51 -525 
0 2 20 61 106 140 164 177 195 221 240 279 344 429 580 712 965 1265 1614 2049 2549 3130 3828 4557 5372 6340 7344 8334 9467 10757 11959 13300 14524 15806 17023 18310 19520 20616 21490 22415 23009 23503 23961 23942 23828 23729 23269 22737 22005 21421 20711 19717 18654 17462 16193 14968 13778 12440 11272 10109 9146 8026 6970 5891 4916 3920 2932 2138 1376 720 101 -500 
0 2 21 58 96 130 147 171 181 180 212 230 257 317 375 480 614 783 1003 1233 1516 1911 2417 2993 3657 4447 5245 6146 7129 8091 9131 10332 11545 12755 14062 15243 16545 17736 18813 19875 20848 21665 22540 23241 23731 24091 24207 24223 23832 23304 22746 22129 21311 20338 19219 18119 16975 15822 14644 13468 12334 11247 9954 8809 7747 6674 5610 4560 3648 2950 2155 1464 837 189 -511 
0 0 18 65 107 140 167 184 198 200 214 227 253 313 372 454 554 650 770 890 1060 1314 1660 2111 2594 3193 3813 4601 5454 6451 7389 8532 9719 11036 12368 13545 14930 16208 17457 18543 19808 20842 21586 22265 22883 23314 23578 23621 23691 23408 23234 22902 22267 21628 20591 19510 18450 17181 16055 14775 13588 12517 11126 9986 8919 7814 6803 5776 4796 3925 3029 2230 1479 715 -57 
0 2 19 58 101 133 158 170 183 197 206 245 290 379 471 576 681 867 1117 1391 1742 2202 2743 3380 4074 4865 5685 6733 7795 8841 9915 11196 12516 13844 15082 16277 17427 18590 19615 20646 21646 22554 23235 23798 23875 23953 23747 23551 23124 22739 22036 21283 20588 19661 18492 17493 16224 15020 13601 12565 11481 10281 9176 8205 7184 6179 5114 4093 3235 2380 1677 932 315 -363 
0 0 17 63 104 140 157 164 174 205 215 232 257 316 404 480 616 745 912 1166 1445 1788 2208 2751 3296 3945 4670 5486 6390 7405 8513 9608 10803 12057 13330 14545 15794 17109 18286 19357 20506 21384 22134 22818 23388 23778 23968 24232 24092 23816 23346 22873 22083 21158 20185 19104 18062 16755 15511 14340 13171 11869 10663 9632 8464 7389 6381 5398 4445 3498 2647 1861 1153 505 -187 
0 0 19 61 104 138 179 197 224 248 297 378 490 674 921 1166 1428 1778 2212 2614 3233 3881 4576 5296 6159 7059 8089 9199 10443 11604 12890 14302 15559 16753 17940 19151 20147 21164 22196 22889 23303 23587 23831 23885 23837 23682 23157 22542 21880 21019 20149 19136 18034 16931 15788 14597 13345 11958 10797 9779 8623 7417 6344 5336 4388 3525 2756 2048 1264 566 -149 
0 1 20 63 96 128 154 175 205 256 307 369 465 546 681 810 924 1092 1333 1625 1957 2326 2840 3377 3922 4584 5359 6280 7305 8314 9407 10669 11858 13161 14439 15806 17097 18236 19289 20355 21297 22052 22677 23154 23624 23863 23815 23661 23387 22799 22334 21627 20595 19564 18706 17596 16416 15150 13996 12916 11587 10246 8984 7870 6833 5828 4935 4064 3241 2361 1588 773 36 -610 
0 0 15 52 106 144 167 167 175 197 217 239 290 317 367 442 570 702 879 1109 1336 1726 2093 2580 3225 3920 4744 5652 6586 7661 8711 9893 11020 12170 13416 14641 15844 16997 18115 19145 20079 20994 21694 22216 22795 23249 23450 23499 23363 23225 22712 22218 21483 20669 19737 18705 17750 16674 15424 14285 13014 11723 10409 9311 8169 6998 5990 4939 3870 3064 2249 1572 888 212 -403 
0 2 16 58 107 151 177 187 184 197 229 268 310 373 448 547 707 928 1158 1582 2033 2603 3207 3883 4541 5321 6119 7088 8065 9234 10402 11667 12851 14207 15576 16839 18116 19209 20472 21397 22207 23010 23579 23905 24122 24138 23931 23680 23190 22595 22005 21097 20225 19219 18155 16989 15807 14517 13368 12082 10959 9773 8619 7456 6332 5323 4429 3465 2554 1797 983 259 -349 
0 1 24 64 105 130 159 172 182 212 222 234 269 335 421 539 712 991 1328 1709 2116 2577 3153 3790 4588 5365 6244 7305 8404 9551 10822 12036 13436 14547 15914 17197 18350 19408 20337 21247 22101 22815 23407 23627 23799 23921 23744 23426 22966 22382 21622 20785 19857 19010 18038 16808 15577 14352 13197 11949 10832 9626 8575 7488 6486 5382 4366 3392 2608 1826 1009 311 -359 
0 1 14 60 100 138 174 200 223 247 266 301 350 423 495 623 762 944 1223 1548 1987 2488 3121 3784 4569 5320 6117 7131 8187 9175 10427 11710 13036 14262 15529 16793 18007 19180 20151 21191 22022 22531 23106 23399 23594 23515 23396 22955 22662 22225 21577 20863 19889 18857 17738 16663 15531 14490 13052 11917 10811 9639 8535 7421 6465 5405 4418 3483 2580 1701 913 336 -326 
