0 0 0 248 248 248 306 358 420 555 731 673 1016 1417 1829 2371 3187 4131 5227 6537 8076 9909 12022 14356 16660 19079 21831 24733 27438 29867 32496 34848 37112 39049 40440 41440 42216 42707 42427 41938 40904 39745 38298 36548 34571 32498 30453 28238 26126 24018 21919 19991 18113 16415 14731 13238 11890 10570 9449 8437 7531 6679 5939 5289 4691 4156 3695 3234 2882 2548 2269 1992 1775 1575 1390 1247 1071 950 839 740 657 587 527 451 415 367 325 287 251 220 188 172 150 131 116 102 91 89 82 71 62 56 44 42 38 33 31 28 23 22 19 16 14 10 9 8 7 5 5 5 4 3 4 3 2 2 1 1 1 1 
0 0 0 250 250 250 374 468 553 827 1124 1272 1849 2676 3471 4515 5918 7322 9024 10979 13040 15288 17881 20430 23071 25916 28550 31192 33779 36147 38058 39811 41062 41833 42453 42516 42212 41508 40370 39047 37451 35644 33592 31507 29327 27020 24961 22812 20791 18857 17111 15371 13803 12373 11091 9926 8893 8026 7127 6421 5718 5098 4497 4003 3566 3127 2788 2465 2149 1906 1695 1498 1327 1158 1020 885 799 728 656 578 506 467 415 375 331 279 241 226 194 164 154 136 119 110 97 92 82 76 64 60 59 52 47 36 30 29 24 17 14 14 10 7 5 3 3 3 
0 0 0 250 250 250 332 384 435 531 650 539 739 975 1259 1595 2114 2784 3585 4626 5805 7231 8851 10814 12898 15140 17595 20071 22790 25555 28347 30918 33540 35859 38047 39822 41148 42033 42612 42851 42348 41624 40481 39056 37431 35585 33449 31126 29111 26991 24763 22725 20668 18797 17048 15462 13849 12364 11060 9963 8933 7955 7095 6379 5697 5083 4564 3999 3570 3192 2817 2487 2184 1959 1707 1521 1336 1189 1037 912 811 706 637 560 492 441 390 336 302 274 247 217 202 176 153 143 127 106 94 87 77 65 57 46 41 39 34 30 27 24 25 20 17 14 10 8 8 9 6 6 6 8 10 11 9 9 9 8 7 7 5 4 4 3 2 2 2 
0 0 0 249 249 249 310 380 435 529 750 768 1109 1534 2014 2663 3427 4352 5402 6805 8508 10231 12268 14489 16928 19575 22478 25153 27778 30677 33416 35893 38214 40162 41516 42586 43309 43399 43113 42330 41175 39587 37820 36003 33755 31629 29375 27221 25016 23050 21044 19110 17494 15748 14126 12710 11373 10122 9103 8096 7122 6371 5669 5013 4482 3938 3455 3056 2709 2392 2089 1815 1590 1430 1260 1094 965 837 729 649 574 515 476 422 363 321 301 265 227 200 166 137 127 105 88 75 64 50 42 36 29 26 21 17 16 13 12 9 9 7 7 6 6 4 5 6 4 5 5 5 4 4 2 1 1 
0 0 0 249 249 249 296 357 398 570 777 727 1000 1395 1932 2590 3404 4345 5557 7100 8718 10613 12705 14946 17509 20044 22670 25348 28306 31026 33430 35727 37741 39584 41084 41968 42193 42226 41892 41271 40258 38773 37041 35360 33531 31476 29421 27301 25145 23212 21339 19319 17603 15970 14426 12971 11662 10401 9183 8242 7306 6451 5771 5091 4502 4014 3557 3122 2754 2477 2163 1938 1681 1476 1339 1206 1052 899 788 676 614 547 456 393 358 319 303 281 246 214 196 171 143 124 111 96 92 73 56 53 48 39 28 22 19 19 18 15 12 9 9 8 4 3 3 3 4 4 2 2 2 2 1 1 
0 0 0 250 250 250 300 343 386 465 583 482 667 921 1264 1692 2305 3024 3766 4812 6107 7529 9240 11186 13274 15688 18493 21243 24014 26981 29771 32447 34854 37222 39051 40664 41938 42548 42942 42809 42354 41370 40168 38626 36769 34934 32811 30747 28641 26416 24292 22269 20298 18482 16665 14965 13481 12111 10837 9588 8608 7609 6812 6122 5418 4766 4194 3725 3254 2893 2543 2208 1962 1753 1549 1388 1217 1069 943 863 764 668 597 533 498 439 384 321 288 261 227 193 162 140 128 112 95 86 83 72 67 57 53 48 42 35 28 26 25 27 24 17 17 17 15 12 9 5 4 4 3 2 1 2 2 1 1 1 1 1 2 1 1 2 2 2 2 2 1 1 1 
0 0 0 250 250 250 308 344 397 476 762 826 1172 1645 2269 3032 3898 5084 6083 7529 9331 11172 13131 15396 18002 20610 23473 26032 28712 31474 34165 36348 38328 40052 41442 42488 42915 42805 42304 41646 40365 38754 36903 34995 32811 30790 28553 26317 24262 22224 20270 18411 16747 15105 13606 12286 11002 9867 8850 7908 7058 6290 5680 5025 4485 3977 3519 3113 2776 2444 2129 1894 1696 1491 1331 1184 1051 919 813 730 637 581 523 444 384 337 291 258 224 197 181 170 157 145 137 118 107 96 79 72 63 55 50 47 43 38 36 32 28 27 26 21 16 16 12 10 9 6 3 4 5 4 3 5 6 6 5 4 3 3 4 2 1 1 1 1 1 1 
0 0 0 250 250 250 307 361 414 534 670 640 940 1377 1851 2374 3273 4260 5343 6626 8201 10039 12046 14362 16696 19282 21987 24835 27639 30203 32832 35274 37325 39143 40791 41892 42489 42889 42698 42153 41355 40019 38337 36430 34534 32396 30140 27812 25531 23392 21342 19398 17517 15692 14171 12722 11359 10207 9104 8169 7276 6511 5792 5196 4646 4075 3613 3160 2781 2457 2143 1871 1647 1442 1279 1147 984 868 770 679 609 537 460 411 380 339 292 254 226 202 180 165 142 120 107 101 81 74 68 56 51 47 39 31 29 26 19 14 10 6 7 5 4 2 2 2 1 1 1 1 1 1 1 1 1 1 
0 0 0 249 249 249 295 337 389 463 657 646 882 1351 1876 2579 3434 4447 5486 6777 8436 9995 11843 13832 16040 18442 21056 23787 26453 29364 32044 34589 36953 38924 40618 41780 42578 42762 42717 42246 41327 40101 38498 36627 34694 32560 30316 28014 25833 23699 21528 19695 17785 16177 14543 13101 11693 10429 9398 8349 7438 6577 5883 5239 4648 4125 3667 3255 2855 2564 2278 2027 1790 1606 1440 1307 1183 1022 898 787 692 622 549 467 416 385 339 305 278 232 208 181 163 141 119 105 97 94 82 72 67 54 53 46 35 27 26 21 14 12 9 6 4 2 
0 0 0 250 250 250 323 379 442 574 738 698 969 1315 1624 2093 2748 3424 4336 5534 6801 8488 10429 12507 14830 17558 20211 22913 25893 28641 31271 34054 36389 38368 40081 41456 42272 42869 43096 42563 41760 40677 39397 37740 35784 33537 31352 29222 27045 24812 22603 20562 18790 17107 15380 13752 12403 11108 9979 8905 7926 7022 6251 5589 4952 4390 3853 3411 3033 2709 2410 2118 1851 1652 1483 1321 1152 1010 882 801 706 626 543 463 425 388 343 310 280 230 216 203 167 135 123 105 90 87 76 64 64 58 49 41 41 34 26 23 17 15 12 12 9 8 6 5 5 4 3 3 3 1 2 2 2 2 2 1 2 2 1 1 1 1 1 1 
0 0 0 250 250 250 304 372 431 632 910 953 1304 1869 2564 3424 4481 5491 6721 8218 10074 11961 14023 16325 18838 21666 24461 27216 29849 32460 34896 36999 38798 39989 41086 41729 42126 41865 41463 40579 39357 37924 36226 34362 32233 30236 27950 25791 23732 21821 19806 17976 16223 14535 13030 11684 10386 9208 8233 7354 6505 5884 5226 4658 4135 3700 3232 2854 2539 2220 1999 1756 1543 1379 1227 1074 964 851 726 647 581 504 442 386 329 291 258 219 195 178 159 141 123 106 97 87 70 59 54 44 40 35 28 25 20 17 12 13 11 7 7 5 5 4 3 2 2 2 1 1 1 1 1 1 1 1 1 1 
0 0 0 250 250 250 298 344 381 496 641 563 803 1120 1448 1888 2628 3331 4179 5315 6685 8270 10185 12387 14571 17269 20188 23015 25844 28700 31407 33925 36288 38306 39842 41017 41950 42381 42516 42213 41450 40169 38863 37452 35574 33671 31469 29386 27297 25319 23240 21188 19291 17466 15818 14106 12657 11294 10044 8917 7996 7121 6327 5724 5066 4507 4010 3552 3113 2764 2452 2115 1902 1691 1492 1338 1196 1037 926 827 734 643 562 495 439 385 345 298 253 219 197 170 141 130 112 98 91 77 64 56 48 37 33 26 21 19 19 16 15 13 11 13 12 12 11 10 9 10 8 7 6 6 7 5 5 4 4 2 4 3 2 2 2 2 3 3 1 1 1 1 2 2 
0 0 0 249 249 249 301 368 421 598 780 722 1053 1457 1879 2496 3355 4178 5310 6753 8338 10108 12312 14531 16958 19751 22547 25270 28004 30929 33467 35909 38099 39755 41113 42247 42918 42950 42724 42013 40775 39550 38033 36134 34144 32086 29850 27762 25809 23591 21438 19517 17672 15948 14330 12793 11391 10228 9164 8112 7234 6405 5704 5083 4537 4019 3569 3186 2801 2470 2222 1997 1738 1505 1340 1188 1045 916 786 675 594 548 465 408 357 325 284 249 217 187 162 145 122 104 93 81 68 56 51 45 41 35 30 26 26 22 17 14 14 11 13 13 9 9 8 9 8 8 6 5 4 4 4 2 1 
0 0 0 250 250 250 323 371 428 545 694 620 879 1169 1498 1965 2670 3414 4432 5774 7194 8892 10872 13092 15348 17873 20379 22886 25672 28459 31028 33336 35651 37568 39405 40887 41640 42073 42257 42048 41336 40291 38751 37107 35427 33465 31254 29096 26989 24899 22813 20768 18774 16945 15326 13736 12297 11088 10077 9000 8090 7237 6429 5789 5132 4558 3989 3525 3169 2798 2483 2227 1932 1680 1496 1334 1137 1023 908 770 704 622 541 466 412 364 326 304 270 234 205 182 173 156 136 117 97 89 85 72 61 48 47 43 44 41 37 37 33 32 25 19 17 14 12 9 6 6 5 4 2 1 2 1 1 1 1 1 1 1 
0 0 0 250 250 250 308 372 414 500 650 580 836 1321 1749 2359 3269 4257 5401 6826 8544 10203 12268 14557 16871 19441 22286 25065 27801 30469 33108 35567 37831 39706 41136 42165 42667 43065 42761 41990 40976 39509 37827 35983 34052 31880 29740 27607 25385 23414 21368 19436 17640 15898 14407 12943 11593 10314 9175 8199 7260 6477 5727 5042 4455 3971 3559 3129 2784 2453 2116 1892 1665 1460 1265 1121 999 888 781 698 610 544 490 431 384 345 305 259 235 200 168 148 134 113 96 85 75 71 68 68 59 53 52 51 47 41 36 32 24 20 18 14 12 11 11 7 8 7 6 7 6 5 4 5 3 4 5 4 4 4 5 4 4 4 3 3 2 3 2 2 2 1 
0 0 0 250 250 250 318 384 432 612 849 889 1296 1890 2481 3237 4229 5230 6433 7962 9640 11410 13515 15826 18398 21189 24021 26819 29519 32173 34741 37021 38876 40485 41785 42372 42664 42717 42254 41320 40119 38440 36579 34788 32819 30589 28289 26199 24040 22041 20120 18215 16560 14988 13554 12151 10945 9799 8712 7810 6958 6147 5423 4856 4261 3800 3365 3001 2619 2363 2109 1814 1629 1443 1290 1140 1014 890 800 741 667 601 533 474 399 351 301 257 234 202 168 149 145 120 108 92 71 63 57 49 38 37 32 28 27 25 20 14 13 10 10 13 12 11 10 10 8 7 8 4 3 2 1 1 1 1 
0 0 0 250 250 250 323 389 444 565 691 649 927 1301 1742 2327 3042 3834 5014 6347 7848 9597 11512 13750 16125 18809 21379 24056 26802 29462 32106 34456 36649 38481 39997 41236 41964 42375 42197 41690 40777 39471 38044 36350 34484 32375 30393 28229 26129 24230 22192 20141 18329 16590 14884 13443 12089 10746 9593 8533 7570 6782 6034 5339 4770 4241 3740 3323 2951 2570 2308 2027 1763 1522 1364 1230 1065 959 837 747 663 590 514 467 425 371 328 284 251 228 210 171 153 150 130 119 105 99 85 75 68 57 48 43 43 38 31 31 26 24 24 24 18 16 17 14 12 11 8 9 8 6 5 3 3 3 3 1 1 1 1 1 
0 0 0 250 250 250 304 350 406 459 556 462 650 873 1155 1623 2269 3013 3894 4963 6356 7960 9820 11707 13809 16135 18626 21252 23815 26469 29049 31767 34301 36489 38443 40042 41197 42018 42475 42492 41878 41193 39980 38562 36950 35022 32930 30609 28501 26195 24196 22077 20097 18366 16658 15037 13567 12245 10959 9836 8838 7820 6931 6231 5523 4911 4377 3873 3438 3045 2714 2395 2129 1881 1610 1424 1260 1112 964 866 739 649 581 527 449 397 355 297 279 252 213 185 169 149 134 116 99 81 72 59 48 42 35 35 28 25 24 19 16 10 9 8 5 5 3 4 2 3 3 3 4 4 3 2 2 1 1 1 
0 0 0 250 250 250 306 373 439 668 1009 1145 1638 2311 3021 3952 5136 6337 7715 9396 11402 13349 15682 18293 20931 23716 26522 29273 31873 34602 36917 38878 40470 41865 42872 43311 43430 42961 42119 40860 39458 37523 35474 33425 31074 28788 26584 24316 22108 20132 18195 16353 14674 13208 11807 10649 9534 8524 7561 6725 6024 5299 4692 4151 3704 3270 2919 2582 2259 2005 1779 1562 1356 1225 1080 958 862 776 698 624 561 474 425 383 335 302 276 238 211 189 157 138 128 105 88 83 76 65 64 58 50 45 37 32 30 28 23 20 19 18 14 9 6 5 5 4 3 2 1 1 1 
0 0 0 250 250 250 294 347 401 468 672 634 909 1325 1716 2229 3006 3859 4738 6003 7464 9077 11131 13364 15663 18359 21218 24035 26904 29677 32143 34572 36882 38683 40182 41303 42005 42269 42327 41970 41026 39822 38365 36631 34710 32844 30726 28424 26370 24284 22222 20282 18502 16668 15024 13609 12123 10833 9713 8682 7647 6835 6072 5344 4776 4283 3789 3336 3013 2690 2366 2116 1881 1657 1463 1313 1145 990 903 790 693 636 567 489 441 401 350 314 278 234 208 201 180 156 141 119 107 94 84 70 64 58 52 53 47 44 39 32 28 24 20 17 18 15 12 14 13 11 11 8 6 7 7 4 7 8 7 8 8 7 6 7 5 5 5 6 6 6 6 6 6 5 
0 0 0 250 250 250 309 369 408 499 637 590 828 1250 1780 2441 3252 4268 5579 7010 8814 10672 12736 14978 17541 20103 22709 25468 28142 30784 33321 35707 37798 39652 41025 41970 42529 42587 42194 41432 40293 38806 37193 35296 33197 31232 29093 26855 24722 22668 20631 18763 17045 15368 13826 12437 11123 9968 8916 8045 7159 6341 5683 5139 4566 4077 3629 3191 2841 2520 2235 1965 1779 1572 1412 1241 1091 967 864 791 692 597 521 475 438 396 348 304 270 248 224 182 163 145 136 116 102 93 81 80 70 58 50 45 36 34 28 26 22 20 15 14 13 11 14 14 13 14 16 13 12 13 11 9 10 9 7 7 6 4 3 3 1 1 1 1 1 1 1 1 1 
0 0 0 249 249 249 306 362 423 568 740 705 1009 1395 1801 2376 3109 3894 4961 6226 7715 9452 11448 13460 15734 18175 20761 23389 26142 28599 31011 33580 35925 37906 39528 40832 41593 42144 42194 41667 40801 39737 38263 36582 34729 32816 30810 28809 26527 24380 22373 20392 18530 16723 15050 13477 12225 11024 9801 8740 7773 6916 6164 5480 4845 4245 3798 3364 3022 2673 2387 2124 1919 1703 1521 1364 1173 1054 924 839 735 661 592 539 489 442 391 338 289 263 236 207 179 148 138 123 109 93 81 71 59 57 47 36 33 34 32 31 31 27 27 28 28 21 18 15 14 13 11 10 7 5 4 3 2 1 
0 0 0 249 249 249 325 401 455 641 913 921 1356 1956 2538 3401 4439 5526 6828 8532 10417 12363 14802 17212 19767 22562 25481 28269 31016 33650 35905 37987 39945 41406 42298 42985 43050 42840 42243 41130 39604 37812 36060 33883 31769 29665 27355 25251 23210 21320 19282 17506 15807 14103 12654 11348 10093 8948 7990 7029 6220 5491 4867 4317 3808 3393 2979 2645 2305 2051 1809 1568 1408 1210 1076 952 852 741 658 588 516 461 398 355 304 260 237 204 177 154 135 120 108 94 73 66 56 46 40 36 29 20 19 14 9 8 7 6 6 5 3 1 1 1 1 
0 0 0 250 250 250 323 371 422 523 649 532 695 1006 1227 1598 2234 2878 3651 4760 6044 7423 9239 11381 13498 15864 18625 21410 24377 27353 30122 32625 35157 37369 39241 40658 41665 42431 42820 42793 42283 41405 40107 38670 37103 35146 33015 30893 28613 26593 24467 22360 20219 18323 16590 14884 13423 11956 10716 9614 8601 7599 6765 6043 5397 4794 4291 3762 3345 3002 2615 2305 2012 1804 1553 1378 1191 1047 944 835 744 662 589 534 473 408 372 325 296 249 225 199 177 165 127 115 94 79 73 64 54 45 44 37 33 33 26 24 21 19 17 16 16 13 11 9 9 7 4 3 2 2 
0 0 0 249 249 249 299 352 405 503 640 549 755 1022 1443 1862 2431 3077 3898 4901 6095 7499 9007 10776 12850 15046 17349 19908 22652 25149 27842 30629 32962 35262 37308 38872 40178 41460 42179 42112 41971 41411 40385 39179 37390 35442 33244 31191 29057 26677 24552 22477 20596 18807 17115 15505 13904 12651 11362 10207 9190 8127 7264 6503 5755 5083 4559 4022 3545 3143 2729 2388 2183 1949 1738 1547 1361 1210 1066 941 807 730 639 572 509 454 412 369 331 280 261 216 195 165 138 118 100 97 84 78 65 62 53 49 45 38 30 30 30 22 22 22 17 15 15 14 12 11 9 5 4 4 3 2 1 1 1 2 2 1 1 1 1 1 1 
0 0 0 250 250 250 308 365 432 529 640 538 741 1121 1475 1932 2683 3552 4575 5843 7370 8947 10808 13058 15220 17630 20274 23101 25907 28723 31510 33910 36255 38244 39978 41038 41908 42430 42340 42030 41177 40193 38665 37005 35081 33043 31047 28749 26699 24546 22590 20721 18805 17003 15368 14013 12637 11309 10088 9036 8086 7236 6407 5691 5075 4513 4034 3584 3229 2846 2530 2238 1967 1775 1558 1399 1234 1095 973 833 725 637 572 486 433 387 338 309 283 244 219 202 168 141 125 109 90 81 65 59 53 46 40 37 34 30 28 26 25 23 22 19 16 11 8 8 6 6 7 5 5 4 4 2 3 2 1 1 1 1 1 1 
0 0 0 250 250 250 318 379 436 516 631 527 727 990 1231 1628 2247 2957 3879 5052 6357 7946 9832 11845 14004 16463 19046 21715 24470 27325 30095 32852 35273 37448 39430 41044 42073 42664 42878 42714 42141 41126 39671 37998 36318 34401 32229 29964 27825 25704 23641 21605 19665 17873 16194 14591 13160 11849 10609 9489 8489 7481 6696 5931 5230 4609 4091 3592 3180 2825 2461 2201 1946 1706 1492 1313 1144 995 904 780 666 599 519 461 401 342 278 252 216 182 159 131 111 102 82 70 72 62 58 56 52 46 47 42 36 34 33 28 25 25 21 18 15 12 8 8 7 4 4 4 5 5 5 3 3 3 2 1 
0 0 0 250 250 250 314 357 397 574 799 776 1115 1686 2262 2973 3899 4921 6164 7624 9265 11000 13039 15195 17501 19886 22283 24947 27690 30352 32831 35238 37437 39291 40896 41829 42288 42239 42057 41276 40046 38610 36962 35258 33302 31350 29078 27064 25079 23049 21040 19116 17351 15685 14231 12731 11394 10293 9221 8231 7320 6547 5746 5116 4560 4017 3546 3105 2753 2416 2148 1913 1673 1447 1278 1126 1012 893 767 675 598 538 469 437 367 322 291 253 227 194 179 146 144 133 118 98 87 88 78 75 67 53 46 40 33 25 20 16 13 11 10 9 7 6 4 3 4 4 4 4 4 3 5 6 4 6 6 7 7 8 6 5 6 4 3 2 2 1 1 1 
0 0 0 250 250 250 296 351 402 560 766 800 1158 1610 2108 2778 3733 4809 6029 7435 9221 11121 13266 15716 18065 20559 23475 26275 29022 31729 34269 36338 38401 40239 41352 42283 42669 42638 42309 41651 40594 38998 37367 35459 33401 31360 29138 26979 24912 22871 20817 18932 17071 15361 13821 12420 11032 9903 8896 7923 7116 6313 5625 4968 4402 3900 3401 2992 2650 2351 2080 1848 1632 1421 1261 1103 969 870 762 682 608 557 493 441 390 347 308 273 243 224 195 177 169 149 125 112 99 94 92 83 74 63 62 56 54 44 39 37 33 36 30 30 25 26 22 15 14 12 12 9 10 8 8 9 7 4 3 3 2 1 2 1 1 1 1 1 1 1 
0 0 0 249 249 249 310 365 427 531 711 672 997 1366 1692 2192 2916 3685 4548 5758 7113 8680 10635 12690 14978 17603 20462 23233 26158 29106 31888 34428 36900 38917 40657 41976 42746 43096 43028 42604 41736 40505 39001 37241 35344 33274 31101 28961 26679 24472 22242 20172 18216 16430 14851 13409 12001 10867 9749 8768 7890 7102 6287 5553 4968 4375 3876 3444 3023 2665 2359 2087 1827 1605 1410 1243 1098 966 867 797 704 613 564 503 460 390 332 287 257 237 201 175 151 132 114 101 91 79 74 62 55 49 42 32 22 20 17 20 16 12 12 13 14 11 11 11 12 11 11 11 12 12 9 6 6 6 5 4 2 3 3 2 1 1 1 1 1 
0 0 0 250 250 250 303 355 410 524 678 722 1088 1578 2186 2917 3967 5123 6536 8112 9831 11804 13832 16247 18661 21229 23956 26634 29313 31908 34490 36528 38442 40122 41183 41964 42328 42146 41490 40773 39567 37996 36265 34437 32496 30423 28377 26220 24139 22124 20223 18330 16668 15130 13698 12351 11113 9996 8993 8022 7073 6309 5580 4940 4380 3905 3425 3006 2657 2341 2094 1848 1634 1401 1253 1114 967 841 736 656 553 485 429 383 325 288 248 218 191 163 136 111 98 87 79 65 62 51 45 44 37 27 21 18 18 19 18 11 9 8 6 4 4 4 2 2 2 2 2 2 3 2 2 2 2 2 2 2 
0 0 0 250 250 250 312 369 413 525 692 627 835 1115 1420 1770 2320 2881 3443 4273 5358 6547 7967 9729 11586 13715 16094 18770 21306 24069 26918 29628 32320 34801 37228 38959 40768 41873 42584 42946 42832 42133 41012 39891 38215 36583 34562 32412 30173 28181 26068 23846 21865 19903 18086 16370 14769 13264 11871 10671 9416 8354 7422 6553 5803 5114 4579 4010 3533 3118 2765 2465 2195 1937 1712 1526 1370 1197 1047 911 800 701 607 523 472 413 367 318 280 258 219 190 157 136 125 116 103 92 83 78 72 64 55 48 44 37 33 27 29 24 17 13 11 10 10 10 5 5 5 4 4 4 2 2 2 2 1 1 
0 0 0 250 250 250 308 363 420 497 600 517 727 1005 1296 1728 2245 2853 3656 4637 5814 7239 8930 10766 12874 15325 17859 20415 23117 25851 28501 31094 33722 35827 37952 39768 41108 41947 42506 42591 42066 41351 40234 38695 37041 35230 33138 31002 28856 26825 24548 22497 20582 18766 17039 15426 13880 12341 11049 9922 8756 7762 6903 6106 5450 4867 4331 3811 3393 2969 2592 2330 2056 1838 1634 1486 1340 1197 1088 974 869 759 676 587 494 434 383 331 289 262 224 191 161 143 118 100 88 80 64 51 50 44 39 34 33 28 27 28 23 19 15 12 9 5 5 4 4 4 4 3 3 2 1 1 
0 0 0 249 249 249 303 341 382 459 555 443 629 858 1093 1487 1913 2517 3351 4301 5514 6885 8575 10445 12693 14984 17454 20110 22782 25537 28294 30949 33441 35893 37866 39542 40832 41917 42452 42612 42276 41516 40549 39122 37543 35603 33668 31504 29333 27145 24960 22919 21041 19121 17236 15536 14030 12569 11234 10077 8927 7958 7127 6395 5697 5081 4565 4097 3651 3297 2895 2573 2257 2020 1778 1568 1361 1181 1043 910 794 679 607 542 480 438 401 356 325 302 264 230 208 190 159 151 126 109 98 88 79 70 61 53 51 45 39 43 37 29 27 24 18 22 24 14 14 16 16 14 15 11 10 11 9 8 7 7 6 5 4 2 2 1 1 1 1 1 
0 0 0 250 250 250 310 361 413 531 686 597 895 1295 1674 2146 2800 3571 4552 5770 7006 8612 10447 12496 14747 17206 19937 22670 25588 28332 31142 33878 36160 38467 40034 41541 42307 42804 42907 42460 41835 40581 39216 37426 35743 33700 31434 29249 27027 24829 22756 20722 18792 16965 15287 13819 12456 11120 9938 8876 7963 7173 6451 5713 5099 4579 4094 3638 3188 2842 2492 2174 1902 1682 1469 1296 1136 967 862 763 683 610 536 479 434 389 348 329 287 245 219 186 161 147 127 103 88 88 82 74 66 57 53 45 43 33 24 20 18 14 13 12 8 6 5 3 1 2 2 1 1 1 1 1 1 
0 0 0 250 250 250 316 379 441 520 720 707 996 1340 1801 2303 2930 3846 4810 5850 7140 8667 10324 12313 14589 16846 19377 22285 25072 27973 30748 33337 35733 37989 39782 41054 42128 42703 42872 42566 41885 40736 39294 37740 35808 33714 31484 29323 27130 25024 22935 20839 18973 17183 15549 14038 12637 11312 10148 9027 8011 7114 6355 5660 4958 4387 3902 3481 3086 2755 2427 2132 1898 1674 1486 1327 1187 1036 934 823 740 667 596 529 470 411 376 337 294 245 217 193 169 153 125 108 90 84 70 58 55 48 39 31 27 23 17 17 14 14 12 13 13 14 13 11 9 9 9 8 6 5 6 6 7 5 4 5 5 4 3 2 2 2 2 2 2 2 2 2 1 1 
0 0 0 250 250 250 304 366 407 489 661 565 757 1118 1487 1922 2593 3376 4177 5244 6624 7983 9692 11710 13773 16108 18795 21528 24187 27240 30022 32592 35116 37311 39132 40611 41803 42205 42482 42521 41931 40964 39679 38221 36418 34542 32403 30066 27860 25620 23464 21243 19301 17464 15708 14099 12649 11429 10286 9232 8202 7285 6512 5788 5138 4508 3939 3505 3105 2782 2435 2157 1906 1708 1494 1318 1159 1018 899 775 672 584 504 461 397 342 307 274 250 212 199 165 149 132 119 114 98 92 76 66 60 55 48 36 30 25 21 19 20 16 16 14 11 11 11 10 6 6 4 4 4 1 
0 0 0 250 250 250 318 356 420 538 694 686 969 1461 1954 2733 3641 4626 5976 7440 9138 10943 13052 15176 17559 20159 22579 25216 27857 30567 33117 35382 37406 39171 40692 41636 42237 42324 42047 41529 40432 39085 37464 35724 33835 31755 29507 27262 25300 23178 21196 19235 17389 15748 14270 12878 11445 10282 9172 8271 7390 6549 5770 5137 4636 4125 3665 3216 2806 2459 2200 1960 1718 1524 1355 1210 1107 996 880 765 675 590 522 473 406 357 317 270 247 212 191 159 141 127 109 109 84 78 71 73 70 65 61 47 45 43 37 30 26 23 23 22 19 18 16 14 12 9 9 9 8 6 5 2 2 2 1 
0 0 0 250 250 250 295 337 390 464 580 453 610 869 1142 1515 1954 2612 3317 4254 5442 6710 8209 9958 12086 14223 16781 19274 21887 24656 27474 30172 32603 35102 37125 38993 40579 41615 42203 42426 42334 41691 40730 39406 37764 36072 34218 32132 30040 27838 25653 23652 21622 19639 17819 16157 14486 13052 11740 10544 9437 8495 7535 6676 5961 5292 4717 4135 3678 3222 2859 2589 2275 2026 1812 1622 1425 1257 1111 968 868 763 660 589 521 472 421 382 347 302 266 230 208 176 159 144 123 104 98 85 75 73 66 57 48 50 45 41 32 26 22 20 19 16 11 7 5 4 3 3 2 1 1 1 1 
0 0 0 250 250 250 318 390 446 568 801 799 1115 1604 2089 2862 3821 4882 6113 7630 9327 11170 13214 15350 17804 20362 23097 25724 28474 31306 33995 36328 38395 40179 41478 42620 43067 42914 42506 41699 40450 39103 37424 35351 33288 31133 28931 26843 24675 22460 20381 18575 16888 15297 13754 12323 11103 9960 8969 7922 7012 6265 5598 5029 4454 3941 3486 3111 2759 2454 2141 1870 1671 1476 1275 1129 1001 857 762 669 583 515 467 404 369 327 300 267 249 226 191 183 165 148 127 120 110 96 96 85 75 69 63 50 42 40 31 26 19 18 16 15 12 7 7 10 10 7 5 4 4 4 3 
0 0 0 250 250 250 309 385 445 571 877 931 1294 1868 2533 3334 4485 5812 7242 8930 10948 13016 15414 17956 20609 23280 25971 28850 31675 34290 36505 38624 40303 41712 42764 43141 43043 42657 41934 40821 39328 37517 35526 33537 31267 29037 26826 24522 22409 20367 18346 16484 14861 13330 11888 10652 9488 8467 7620 6787 6052 5400 4799 4255 3780 3415 3025 2665 2380 2083 1866 1635 1441 1251 1103 966 837 726 650 590 532 464 406 362 323 295 235 205 174 153 139 124 104 96 94 78 69 63 56 49 47 33 30 28 23 14 13 14 10 11 9 7 6 6 5 3 3 2 2 2 2 2 2 2 1 1 1 1 1 1 
0 0 0 250 250 250 304 357 401 458 556 413 672 946 1249 1626 2201 2937 3741 4789 5922 7313 8881 10827 12770 14907 17358 19845 22581 25281 27972 30459 32863 35183 37128 38913 39985 41050 41735 41818 41646 40999 40093 38728 37235 35407 33374 31398 29290 27237 25119 23106 21158 19205 17460 15870 14400 12924 11646 10461 9462 8503 7539 6702 5971 5338 4744 4199 3717 3281 2955 2607 2323 2045 1775 1579 1428 1296 1144 1033 911 799 724 628 540 463 419 361 311 279 243 237 222 194 170 157 138 125 113 99 82 73 65 55 55 53 47 41 38 30 27 25 15 12 10 10 7 7 6 5 5 4 3 2 1 1 
0 0 0 250 250 250 308 362 410 490 605 452 673 936 1156 1489 1983 2519 3210 4219 5285 6630 8341 10146 12198 14589 17096 19732 22530 25364 28038 31007 33513 35860 37904 39805 41142 42194 42847 42800 42710 42031 41044 39611 38023 36129 34299 32250 30007 27823 25681 23601 21593 19628 17621 15817 14185 12713 11356 9982 8861 7867 6947 6166 5483 4844 4309 3855 3406 3027 2692 2393 2102 1876 1668 1467 1318 1150 1015 911 820 738 656 600 520 457 391 342 306 248 213 185 174 157 146 128 103 98 92 82 70 59 49 40 38 30 28 24 20 19 18 22 15 16 16 14 15 14 14 11 12 10 7 7 6 5 4 2 1 1 1 
0 0 0 249 249 249 299 347 401 471 563 482 728 1010 1338 1749 2419 3320 4378 5524 6907 8668 10633 12844 15281 17699 20329 23274 26056 28832 31547 34191 36282 38329 40016 41365 42316 42705 42543 42210 41462 40335 38989 37027 35279 33351 31325 28987 26910 24765 22636 20843 18863 17054 15465 13968 12560 11331 10206 9080 8017 7050 6234 5521 4912 4318 3788 3345 2999 2700 2422 2148 1857 1654 1425 1244 1104 964 853 751 679 580 517 442 389 358 308 277 251 225 191 177 160 136 120 108 93 82 76 69 58 58 54 40 35 35 33 28 24 16 10 12 11 9 8 6 6 4 4 2 2 2 
0 0 0 250 250 250 295 350 401 513 664 654 910 1252 1710 2368 3217 4145 5288 6599 8278 10333 12469 14733 17178 19842 22655 25466 28278 30854 33385 35846 38016 39826 41208 42169 42789 42900 42578 41746 40642 39100 37513 35710 33619 31502 29285 27120 25001 23097 20971 19143 17331 15632 14215 12773 11448 10180 9117 8121 7217 6465 5703 5113 4508 4027 3569 3097 2760 2444 2154 1909 1664 1451 1295 1179 1030 911 803 694 617 556 480 404 369 319 290 252 229 207 198 174 149 131 112 103 93 79 71 68 56 52 51 46 46 41 37 36 35 27 25 25 18 16 15 11 11 11 8 5 7 5 4 5 4 3 3 3 1 1 1 
0 0 0 250 250 250 304 358 404 507 631 539 867 1245 1686 2347 3163 4056 5122 6516 7983 9682 11586 13623 15848 18481 21229 24039 26898 29638 32436 34914 37288 39124 40660 41840 42566 43168 42970 42607 41625 40308 38775 37004 34986 32690 30616 28378 26254 24222 22225 20144 18358 16668 14981 13482 12168 10930 9739 8759 7787 6859 6096 5354 4664 4132 3646 3173 2778 2471 2170 1928 1710 1467 1302 1155 1025 896 796 696 610 552 491 433 383 338 289 259 224 193 172 152 132 120 103 90 80 73 58 55 48 36 32 34 33 26 21 13 14 14 10 7 8 9 11 11 8 9 9 7 7 6 4 4 4 3 4 4 3 3 4 3 3 3 2 2 1 1 
0 0 0 250 250 250 302 359 408 474 665 628 904 1261 1679 2215 2919 3798 4828 6030 7395 9100 11009 13118 15522 18061 20802 23673 26510 29367 32229 34894 37224 39275 40988 42112 43082 43322 43206 42606 41643 40517 38773 37064 35077 33051 30756 28647 26584 24307 22333 20404 18490 16720 15138 13620 12175 10940 9768 8703 7776 6954 6182 5411 4799 4234 3752 3326 2957 2641 2349 2136 1876 1681 1505 1343 1187 1043 924 837 739 644 547 469 412 355 314 262 239 214 201 167 149 133 115 105 89 80 69 69 54 52 50 46 46 40 35 34 32 26 27 24 20 20 24 19 18 19 14 14 12 10 6 6 4 3 3 3 2 2 1 
0 0 0 249 249 249 323 382 437 574 751 691 996 1339 1671 2200 2988 3767 4666 5974 7303 8962 11044 13179 15359 17874 20684 23426 26242 29064 31542 34131 36521 38606 40153 41447 42359 42750 42885 42430 41655 40550 39218 37316 35322 33225 31052 28867 26745 24445 22241 20333 18540 16885 15207 13630 12123 10881 9776 8840 7896 6986 6233 5589 4967 4480 3996 3497 3100 2771 2500 2224 2002 1775 1582 1402 1278 1155 1019 911 803 710 642 575 494 430 370 326 293 247 221 202 197 175 156 142 130 122 110 95 74 67 62 55 48 43 36 29 27 21 18 17 12 9 9 10 11 11 8 10 10 11 10 9 7 6 6 3 3 2 2 2 2 1 1 1 1 1 
0 0 0 250 250 250 303 361 418 535 723 675 987 1453 1936 2535 3384 4413 5541 6974 8505 10209 12137 14368 16550 18854 21513 24207 26859 29419 32021 34427 36611 38608 40032 41172 42044 42445 42355 41885 41122 39961 38602 36849 34824 32870 30800 28582 26462 24335 22236 20207 18420 16604 14919 13427 11999 10673 9512 8492 7549 6716 5976 5279 4675 4143 3628 3212 2823 2467 2145 1878 1627 1442 1270 1120 978 862 765 674 613 546 481 424 387 354 314 277 254 222 204 178 143 131 115 96 76 62 56 45 38 31 26 24 24 22 19 13 11 7 7 7 5 4 3 3 4 4 3 2 2 2 2 1 
0 0 0 250 250 250 302 350 398 480 628 592 868 1329 1819 2411 3233 4161 5253 6593 8242 9911 11781 14006 16309 18967 21673 24414 27148 29911 32595 35220 37531 39499 41179 42437 43250 43572 43566 42873 41892 40506 38821 36859 34846 32706 30418 28156 25948 23714 21641 19754 17700 15966 14366 12903 11486 10301 9218 8203 7348 6540 5863 5211 4694 4173 3656 3222 2902 2549 2227 1971 1757 1558 1394 1231 1094 999 866 770 673 600 548 494 430 365 321 268 240 217 178 147 126 112 93 83 66 53 45 40 36 32 27 22 17 16 13 11 10 8 6 6 6 7 5 7 6 6 7 7 7 5 6 4 2 2 2 2 2 2 1 1 1 1 
0 0 0 250 250 250 311 373 423 518 641 676 1016 1476 2043 2656 3545 4649 5961 7389 9099 11022 13021 15435 17917 20396 23122 25861 28689 31380 34075 36527 38572 40478 41797 42610 43151 43134 42756 41905 40825 39337 37755 36074 33828 31806 29508 27240 25150 23033 20868 18906 17123 15394 13874 12433 11056 9886 8885 7882 7058 6274 5558 4954 4347 3809 3330 2979 2634 2284 2018 1785 1602 1436 1268 1090 951 847 758 681 606 541 497 442 388 344 313 271 236 205 178 152 131 118 105 89 74 72 63 59 57 48 37 31 28 22 18 13 8 8 10 7 6 6 5 6 7 5 3 4 4 3 3 2 1 1 1 
0 0 0 249 249 249 312 372 421 527 696 684 949 1417 1935 2515 3455 4541 5687 7139 8878 10671 12782 15238 17606 20161 23000 25769 28492 31389 34015 36324 38464 40179 41617 42570 43203 43062 42777 42103 41024 39631 37838 35969 33884 31718 29452 27205 24939 22773 20828 18976 17126 15627 13990 12512 11334 10239 9064 8025 7188 6355 5679 5086 4503 4018 3592 3210 2830 2490 2211 1955 1707 1496 1340 1151 1016 906 781 671 568 497 426 377 324 279 250 221 191 168 150 123 114 101 87 73 73 56 51 52 43 33 31 28 18 18 18 13 11 11 6 5 6 6 3 3 3 2 2 2 1 
0 0 0 250 250 250 296 341 384 469 558 415 573 761 938 1205 1576 2013 2664 3539 4442 5619 7013 8638 10494 12575 14830 17124 19662 22353 25087 27803 30488 33014 35221 37352 39184 40632 41659 42281 42355 42034 41527 40474 39191 37586 35779 33805 31883 29719 27477 25423 23349 21267 19351 17559 15739 14289 12915 11526 10317 9268 8275 7369 6629 5869 5192 4646 4112 3650 3268 2898 2559 2299 2067 1839 1647 1460 1263 1113 995 870 756 670 578 487 439 383 320 297 261 224 190 174 156 133 111 97 82 75 63 56 42 40 35 29 25 20 20 15 16 16 17 12 11 12 11 13 9 8 8 8 9 6 6 4 4 3 2 1 
0 0 0 250 250 250 316 384 453 532 730 788 1123 1636 2235 2978 3904 5101 6409 7957 9894 11919 14138 16712 19343 22083 25092 27942 30509 33166 35482 37647 39502 41137 42199 42946 43429 43300 42815 41790 40487 38724 36865 34683 32406 30135 27918 25686 23512 21433 19390 17633 15872 14222 12804 11438 10261 9118 8105 7182 6406 5728 5029 4441 3902 3519 3093 2715 2367 2046 1799 1582 1404 1213 1093 968 865 785 704 620 552 498 405 351 320 270 233 208 181 160 146 129 114 103 91 84 73 61 56 46 38 37 35 32 29 25 22 16 16 15 16 16 17 16 15 16 14 11 10 7 7 8 9 7 6 6 5 6 4 3 2 2 2 2 1 1 1 2 2 2 2 2 
0 0 0 250 250 250 306 357 394 453 645 605 843 1205 1568 2037 2663 3543 4411 5520 6868 8448 10270 12320 14552 16868 19495 22136 24925 27619 30352 33106 35576 37911 39716 41273 42164 42960 43110 42590 41983 40758 39331 37841 36100 33786 31726 29690 27407 25205 23241 21033 19100 17436 15669 14060 12675 11452 10128 9041 8096 7187 6371 5659 4984 4424 3952 3488 3080 2736 2426 2154 1899 1652 1489 1328 1162 1048 948 839 740 658 553 485 447 399 358 312 276 237 217 195 168 134 115 100 79 71 58 47 45 43 32 30 29 26 25 19 13 13 14 11 9 8 5 6 6 3 3 3 2 3 3 2 2 2 1 1 1 
0 0 0 250 250 250 310 368 431 515 638 641 950 1289 1742 2384 3122 4071 5240 6569 8193 10088 12229 14389 16949 19751 22454 25327 28231 31165 33784 36392 38621 40297 41776 42823 43339 43230 42841 41873 40785 39384 37835 35931 33742 31698 29537 27564 25376 23282 21186 19226 17513 15801 14231 12739 11396 10208 9159 8167 7297 6521 5818 5192 4554 4052 3543 3151 2805 2453 2184 1928 1715 1510 1358 1183 1034 937 813 741 668 588 506 468 409 354 323 262 225 205 179 146 130 117 95 83 82 65 58 54 46 39 36 32 25 27 24 21 20 20 22 19 17 13 12 13 11 8 7 6 6 4 4 2 2 2 1 1 1 1 1 1 1 1 
0 0 0 250 250 250 295 340 388 482 597 546 795 1103 1445 1996 2646 3384 4393 5466 6794 8453 10257 12206 14410 16894 19417 22293 25104 27867 30620 33292 35865 37972 39951 41340 42327 42886 43081 42768 41980 40968 39506 37745 35938 34020 31975 29790 27584 25469 23375 21400 19506 17616 15863 14295 12891 11561 10344 9318 8297 7423 6637 5934 5298 4713 4173 3707 3292 2917 2590 2302 2001 1758 1581 1390 1253 1113 962 866 773 686 605 523 460 410 364 329 302 273 231 209 183 155 136 118 108 92 85 76 67 56 48 39 34 32 27 23 22 19 16 17 12 8 8 7 5 6 6 3 4 6 5 6 8 8 9 9 9 8 8 8 7 7 5 5 4 3 3 3 2 1 
0 0 0 250 250 250 309 371 424 531 691 647 915 1238 1613 2223 3008 3797 4919 6338 7891 9639 11713 13865 16107 18857 21534 24027 26798 29611 32152 34624 36964 38808 40463 41772 42521 42915 42827 42344 41447 40324 38708 36923 35171 33131 30980 28800 26652 24492 22401 20543 18498 16666 15080 13549 12194 10849 9724 8661 7753 6898 6139 5455 4807 4328 3799 3340 2939 2584 2289 2015 1774 1517 1364 1195 1043 927 822 740 651 561 507 460 407 364 332 290 266 249 213 177 162 137 114 100 89 75 73 69 56 49 40 35 32 28 22 17 18 13 12 11 9 8 6 5 2 3 4 4 2 2 2 2 2 1 
0 0 0 250 250 250 302 357 411 470 606 524 743 1006 1316 1690 2193 2883 3651 4678 5812 7133 8747 10725 12736 15021 17482 20041 22932 25919 28670 31185 33738 36188 38200 39864 41087 41774 42320 42464 42074 41063 40050 38611 36995 35272 33206 31167 29062 26964 24823 22836 20831 18935 17171 15417 13918 12595 11300 10056 8956 7966 7121 6385 5709 5079 4509 4094 3649 3261 2889 2554 2276 2007 1817 1616 1425 1267 1120 996 895 802 688 599 540 483 430 392 352 315 282 253 219 184 172 144 124 111 95 92 79 75 65 57 50 42 39 35 33 27 27 23 22 21 21 14 14 15 11 12 9 8 9 11 10 8 9 9 10 10 7 5 4 4 3 2 
0 0 0 250 250 250 323 376 432 560 774 801 1162 1642 2179 2942 4033 5146 6453 8005 9915 12066 14360 16862 19368 22234 25148 27966 30703 33276 35834 37953 39867 41391 42450 43237 43323 43162 42512 41572 40151 38428 36641 34499 32478 30221 27992 25784 23672 21554 19528 17607 15751 14125 12630 11242 10074 8969 7901 7086 6395 5646 4981 4438 3865 3453 3079 2737 2417 2161 1892 1650 1469 1292 1135 980 846 764 657 596 523 459 404 366 305 251 224 192 158 136 126 114 106 91 79 61 62 55 42 34 36 34 28 23 20 19 16 16 13 11 9 9 7 5 5 4 2 3 3 3 2 3 2 2 2 1 1 1 1 
0 0 0 250 250 250 305 360 414 559 704 686 985 1369 1776 2354 3172 4004 5116 6415 7906 9662 11692 13941 16223 18785 21498 24316 27209 30006 32730 35189 37510 39586 41234 42378 43171 43618 43477 43016 42172 40813 39247 37420 35396 33116 30952 28639 26261 24126 21950 20052 18136 16385 14644 13137 11833 10578 9445 8355 7452 6620 5918 5258 4652 4100 3649 3209 2797 2477 2206 1955 1736 1540 1332 1184 1043 902 768 667 580 497 443 384 332 298 252 232 212 190 170 148 139 120 109 87 77 73 70 64 46 40 38 33 31 23 18 18 18 17 13 13 8 7 6 3 3 3 4 3 4 4 4 4 3 3 2 2 1 1 
0 0 0 250 250 250 310 365 419 552 822 871 1230 1757 2344 3141 4108 5227 6389 7917 9561 11400 13509 15730 18170 20757 23591 26200 28911 31655 34163 36536 38518 40289 41566 42427 42941 42810 42352 41424 40299 38639 36880 35064 32957 30789 28608 26479 24321 22403 20423 18514 16754 15208 13717 12364 11105 9867 8825 7888 7087 6297 5620 4953 4386 3918 3416 3057 2699 2405 2120 1888 1689 1486 1332 1143 1010 895 781 692 610 523 450 397 356 311 275 251 218 200 180 161 142 128 114 102 92 78 72 65 60 56 51 45 39 42 38 32 29 26 24 20 19 13 10 9 9 10 9 7 4 3 3 2 1 
0 0 0 250 250 250 303 341 391 535 701 703 993 1346 1768 2311 2967 3615 4574 5725 7000 8522 10326 12309 14555 17114 19825 22299 25185 28017 30601 33131 35440 37545 39282 40789 41716 42235 42371 42223 41627 40479 39006 37454 35583 33604 31740 29498 27333 25337 23312 21252 19475 17727 15947 14470 13089 11733 10540 9496 8425 7505 6663 5887 5180 4608 4039 3605 3218 2863 2568 2273 2027 1785 1598 1421 1265 1143 1019 945 841 750 664 601 526 467 415 360 312 287 264 222 193 166 131 116 111 89 78 72 64 53 48 38 32 31 26 21 17 14 16 16 13 13 12 11 11 10 7 5 6 3 4 5 5 4 4 5 4 4 3 3 4 4 3 2 2 2 2 1 
0 0 0 250 250 250 309 352 413 546 777 792 1147 1637 2203 2946 3898 4935 6165 7626 9234 11066 13127 15349 17741 20466 23154 25892 28737 31425 33973 36406 38515 39990 41401 42317 42741 42788 42572 41732 40574 39234 37568 35650 33635 31482 29139 26927 24772 22761 20661 18842 17044 15427 13957 12583 11265 10056 8976 7971 7132 6381 5597 4962 4423 3925 3469 3062 2679 2314 2058 1819 1597 1385 1244 1104 978 872 767 673 585 520 440 374 338 286 238 214 200 178 147 137 103 98 92 74 59 54 50 37 39 33 30 27 24 16 16 14 11 10 9 8 6 6 5 5 6 5 3 2 2 2 2 2 1 1 1 1 1 1 
0 0 0 250 250 250 312 366 427 526 648 605 908 1282 1727 2425 3242 4243 5447 6869 8473 10409 12456 14576 17018 19647 22453 25184 28051 30722 33445 35945 38195 39941 41196 42214 42830 43016 42642 41987 40769 39459 37911 36006 33885 31612 29392 27183 25093 22926 20931 19090 17381 15834 14353 12884 11539 10347 9307 8359 7434 6638 5898 5252 4722 4213 3694 3262 2857 2521 2216 1984 1721 1529 1350 1189 1039 899 821 714 633 581 513 458 401 354 300 264 237 199 173 149 138 120 104 94 84 74 65 57 52 48 44 39 36 32 30 32 27 21 19 17 15 15 14 9 10 11 9 8 9 8 9 9 6 6 5 6 5 6 5 4 5 4 4 3 3 2 2 2 1 1 
0 0 0 250 250 250 313 369 440 535 694 736 1078 1532 2103 2793 3701 4796 6014 7580 9179 10995 13106 15359 17704 20280 22953 25563 28468 31150 33581 35884 38044 39840 41347 42230 42701 42779 42358 41630 40409 38828 37001 35143 33047 31050 28913 26902 24880 22921 21010 19104 17413 15776 14325 12765 11451 10204 9095 8162 7199 6328 5625 5029 4445 3969 3537 3107 2763 2410 2110 1847 1667 1472 1291 1161 1027 935 843 762 649 590 545 483 420 368 316 271 241 209 169 142 127 111 94 80 66 58 52 48 39 34 36 35 32 28 26 26 24 17 14 11 10 10 7 7 7 7 5 6 5 5 5 6 7 7 8 7 6 5 4 2 1 1 
0 0 0 248 248 248 305 383 434 641 937 1010 1327 1886 2536 3228 4235 5325 6403 7813 9670 11468 13576 16080 18627 21163 24059 26915 29687 32455 34946 37032 38871 40511 41689 42483 42774 42631 42235 41404 40126 38538 36967 34962 32879 30761 28454 26309 24237 22186 19952 18124 16309 14676 13177 11796 10558 9454 8440 7487 6684 5914 5252 4653 4136 3670 3288 2901 2544 2270 1967 1718 1510 1346 1197 1085 981 862 777 671 589 545 475 408 367 320 281 262 227 187 177 160 132 121 114 88 80 70 56 47 45 36 30 28 25 19 19 17 14 14 12 11 8 9 5 4 5 5 5 4 4 3 3 3 1 
0 0 0 250 250 250 314 368 429 520 656 557 723 960 1196 1513 1926 2567 3304 4206 5325 6695 8307 10142 12238 14422 16775 19271 22067 24691 27393 30031 32641 35002 37212 39065 40496 41818 42453 42687 42401 41986 41067 39818 38360 36379 34409 32369 30209 27902 25653 23554 21362 19415 17583 15900 14361 12891 11560 10337 9252 8279 7422 6629 5871 5199 4612 4099 3587 3173 2763 2388 2108 1850 1609 1377 1191 1025 908 788 677 559 481 424 365 322 280 229 200 178 158 139 131 111 94 88 78 66 59 51 44 38 37 28 22 20 17 17 15 16 13 12 13 13 14 13 10 6 6 8 6 5 3 2 2 2 2 
0 0 0 250 250 250 324 371 418 536 738 681 959 1331 1686 2317 3208 4080 5155 6583 8164 9977 12047 14315 16688 19352 22050 24732 27450 29936 32484 34870 36861 38673 40188 41143 41762 42219 42209 41661 40874 39683 38160 36676 34867 32925 30669 28492 26321 24166 22085 20109 18334 16537 15025 13525 12202 10950 9834 8760 7777 6926 6173 5467 4848 4288 3824 3338 2930 2589 2258 2023 1763 1573 1399 1245 1104 999 873 767 667 591 493 437 383 320 296 261 241 218 195 185 173 155 130 111 94 79 72 64 52 44 36 33 34 33 31 25 23 22 22 22 16 15 14 10 10 10 9 6 7 5 4 5 6 4 3 3 2 2 2 1 
0 0 0 250 250 250 300 348 407 663 877 904 1382 2004 2657 3456 4508 5509 6869 8577 10258 12179 14540 16907 19501 22368 25179 27882 30769 33351 35694 37946 39655 41029 42185 42853 42864 42649 41751 40746 39452 37886 35899 33839 31722 29611 27716 25526 23435 21376 19390 17633 16030 14412 12848 11507 10291 9184 8245 7253 6468 5716 5094 4550 4061 3587 3232 2914 2540 2293 2036 1775 1596 1414 1258 1114 1017 907 791 732 640 564 479 422 367 323 297 257 218 204 182 165 151 137 116 96 86 70 61 52 41 32 24 18 16 12 12 11 10 5 5 8 6 7 6 6 6 7 7 4 4 3 2 2 2 1 1 1 1 1 1 
0 0 0 250 250 250 301 347 391 518 649 549 761 1126 1478 2018 2874 3817 4900 6347 7970 9668 11945 14290 16502 19004 21818 24497 27310 30186 32518 34947 37395 39407 41059 42297 43169 43491 43355 42760 41649 40349 38578 36741 34619 32359 30265 28134 25959 23759 21736 19739 17852 16141 14552 12983 11651 10389 9249 8226 7289 6486 5772 5093 4508 4004 3526 3125 2782 2467 2162 1934 1721 1520 1353 1187 1047 949 829 732 640 563 503 454 389 335 313 268 236 219 195 165 150 144 127 119 107 95 85 77 69 59 48 45 40 30 25 27 27 24 24 19 17 18 17 14 12 11 8 8 7 6 5 3 3 3 2 2 2 2 2 2 1 1 1 1 1 
0 0 0 250 250 250 320 393 446 637 891 924 1303 1864 2505 3250 4398 5601 6947 8661 10657 12687 14966 17467 20014 22758 25532 28334 31021 33650 36082 38399 40298 41631 42753 43386 43590 43414 42786 41472 40037 38616 36637 34411 32050 29729 27517 25393 23117 20880 18917 17205 15503 13975 12395 11038 9889 8795 7851 6919 6234 5427 4783 4288 3763 3316 2952 2592 2257 2017 1810 1579 1405 1215 1051 931 799 698 600 520 461 417 374 313 285 259 223 202 193 166 140 127 115 101 89 78 63 55 44 39 33 27 23 21 17 17 16 16 13 13 14 15 14 12 11 8 7 6 4 2 2 1 1 2 1 1 1 1 1 1 1 
0 0 0 250 250 250 318 388 452 536 674 605 810 1167 1492 1950 2645 3501 4479 5652 7204 8666 10384 12524 14735 17172 19747 22362 25011 27906 30821 33304 35814 37846 39803 41385 42368 42972 43203 43044 42301 41312 39793 38078 36395 34442 32167 30001 27787 25617 23433 21532 19446 17596 15930 14217 12704 11316 10192 8957 7996 7053 6199 5527 4915 4416 3886 3438 3001 2637 2334 2047 1778 1533 1353 1184 1049 933 838 753 671 606 550 507 464 395 347 303 278 239 201 175 142 125 118 99 83 73 57 46 38 34 26 22 17 14 15 12 13 13 13 11 11 11 10 11 10 9 9 9 9 8 7 6 3 2 1 1 
0 0 0 250 250 250 318 375 432 548 733 693 972 1378 1729 2231 2962 3844 4994 6332 7907 9672 11760 14171 16714 19297 21797 24616 27352 30113 32717 35000 37159 39100 40717 41643 42342 42571 42423 41826 40817 39462 37929 36381 34494 32274 30102 27979 25739 23649 21706 19610 17788 16222 14591 13154 11857 10640 9431 8439 7446 6576 5888 5213 4628 4090 3663 3273 2897 2583 2290 2036 1799 1620 1382 1211 1086 959 856 760 690 611 569 508 453 421 368 321 284 234 196 175 153 130 115 94 86 75 58 48 42 36 30 29 25 24 22 19 17 14 13 14 11 10 9 10 9 9 8 5 6 5 3 1 1 1 2 2 1 1 1 1 1 1 
0 0 0 250 250 250 317 385 430 509 670 579 795 1076 1291 1676 2213 2790 3561 4556 5743 7170 8819 10673 12808 15294 17770 20388 23206 25938 28727 31521 34072 36402 38430 40348 41648 42675 43223 43307 42969 42172 41207 39614 37953 35906 33788 31473 29342 27185 24882 22754 20689 18903 17130 15518 13907 12465 11215 10019 8976 7970 7165 6421 5700 5010 4423 3970 3473 3079 2720 2388 2084 1864 1657 1448 1278 1124 991 874 769 665 584 509 452 402 352 315 274 228 200 183 167 143 122 105 97 93 81 65 59 57 52 49 45 36 35 34 32 29 31 26 21 19 17 18 17 16 10 7 8 7 7 4 2 2 2 2 1 1 1 2 1 1 1 1 1 1 1 
0 0 0 250 250 250 311 368 425 532 646 513 829 1304 1727 2293 3117 4144 5370 6895 8532 10359 12439 14772 17203 19765 22423 25169 27779 30460 33052 35364 37479 39225 40750 41773 42303 42412 42139 41578 40444 39168 37465 35555 33775 31729 29616 27356 25321 23235 21281 19426 17578 15870 14292 12892 11572 10400 9314 8342 7552 6753 6017 5436 4901 4342 3859 3460 3012 2664 2381 2066 1798 1581 1416 1229 1093 942 829 740 653 567 476 435 381 372 325 281 253 217 193 158 138 117 116 105 95 92 81 73 67 69 66 63 55 49 49 49 42 31 26 26 25 27 23 20 19 19 15 12 11 8 7 6 3 2 2 1 1 1 
0 0 0 250 250 250 304 355 397 490 637 568 815 1128 1512 1987 2663 3437 4340 5561 6982 8602 10423 12454 14590 16983 19490 21970 24550 27384 29992 32590 35048 37092 39111 40799 42015 42651 42933 42779 42331 41464 40164 38594 36759 34733 32694 30440 28116 25980 23776 21586 19674 17792 16010 14399 12907 11548 10356 9285 8252 7329 6572 5851 5193 4585 4010 3548 3082 2738 2376 2140 1886 1676 1488 1302 1164 1014 874 761 674 594 519 476 420 367 326 279 250 225 193 163 155 141 123 115 108 96 95 86 76 71 65 57 47 44 36 29 26 21 18 17 14 10 11 9 9 8 7 5 5 5 3 3 
0 0 0 250 250 250 320 380 442 521 763 765 1130 1589 2086 2760 3696 4739 5855 7253 8890 10740 12807 15001 17381 20193 22956 25678 28412 31037 33505 35913 38016 39493 40847 41950 42435 42425 42229 41450 40392 39083 37493 35563 33548 31601 29429 27321 25152 23078 20979 19068 17308 15651 14104 12673 11352 10153 9059 8089 7211 6408 5676 5032 4438 3907 3467 3025 2662 2338 2057 1828 1615 1428 1268 1126 991 872 760 669 603 538 477 427 380 333 295 254 203 172 155 138 123 105 87 85 79 70 63 52 47 40 36 27 26 21 15 13 10 9 7 5 3 3 3 3 3 2 2 2 2 1 
0 0 0 250 250 250 328 393 452 582 752 705 974 1293 1631 2026 2704 3460 4428 5622 7140 8832 10715 12952 15247 17785 20479 23293 26031 28790 31469 33978 36389 38443 40088 41265 42097 42497 42487 42219 41424 40160 38746 37158 35390 33461 31398 29075 26870 24883 22818 20870 18836 17078 15380 13886 12484 11124 9905 8767 7828 6932 6241 5539 4895 4368 3915 3454 3059 2696 2387 2139 1901 1709 1481 1325 1199 1050 907 809 704 607 558 491 425 384 346 298 265 240 208 186 171 145 132 114 100 80 68 64 53 50 39 33 28 25 20 17 14 10 8 8 6 3 3 3 3 2 4 3 3 3 3 2 2 2 
0 0 0 250 250 250 306 376 415 518 645 545 813 1295 1723 2213 2994 3889 4938 6394 7854 9407 11255 13458 15659 18071 20809 23283 25966 28626 31390 33858 36203 38326 39825 41246 42228 42800 42761 42394 41701 40468 39145 37464 35497 33368 31301 29044 26750 24649 22521 20531 18660 16890 15184 13695 12355 11067 9844 8732 7746 6944 6137 5426 4752 4181 3733 3282 2952 2589 2283 2034 1820 1608 1424 1260 1122 1013 908 803 719 648 584 522 450 384 351 317 260 213 183 150 136 113 87 74 72 67 62 57 46 47 43 39 31 32 26 25 24 19 16 14 14 9 7 5 2 1 1 1 1 
0 0 0 250 250 250 307 375 421 511 694 658 891 1269 1683 2157 2942 3875 4830 6069 7661 9337 11164 13519 15770 18181 20919 23605 26346 29093 31908 34254 36594 38584 40146 41543 42348 42792 42758 42211 41381 40258 39007 37334 35407 33349 31283 29244 27025 24860 22672 20625 18786 17002 15165 13648 12300 11069 9836 8744 7781 6955 6276 5598 4956 4417 3966 3555 3187 2792 2490 2178 1954 1707 1518 1311 1125 1010 877 770 652 575 485 409 350 308 273 252 230 205 181 164 144 129 107 96 84 72 62 56 53 48 46 40 34 30 28 22 17 13 12 7 6 6 6 6 6 6 4 4 5 6 6 6 6 5 6 7 6 4 6 5 4 6 5 4 4 5 3 3 3 2 
0 0 0 250 250 250 332 399 455 569 799 799 1183 1671 2240 3045 4013 5019 6222 7840 9617 11556 13640 15889 18541 21328 24162 26873 29668 32235 34777 37207 39112 40659 41899 42586 42854 42952 42356 41330 40158 38679 36866 35008 32957 30755 28710 26578 24341 22229 20281 18466 16704 15061 13529 12150 10867 9765 8681 7703 6841 6101 5392 4755 4197 3738 3333 2949 2619 2309 2068 1848 1653 1461 1293 1144 1003 890 800 700 619 559 509 459 406 353 310 279 242 206 179 161 154 133 116 101 94 86 79 66 55 50 48 40 34 30 29 32 27 23 24 21 17 15 13 11 9 10 8 8 7 9 8 7 7 6 8 8 9 8 9 9 9 9 6 6 5 4 2 1 1 
0 0 0 250 250 250 319 380 414 603 816 816 1123 1521 2023 2691 3583 4508 5629 7048 8650 10618 12692 14941 17335 20002 22820 25512 28292 30912 33597 36076 38038 39838 41211 42232 42808 43145 42685 41888 41038 39606 37868 36012 34095 31858 29815 27677 25484 23365 21317 19402 17522 15749 14069 12569 11245 10012 8989 8053 7159 6380 5680 5019 4459 4016 3571 3149 2777 2441 2151 1924 1707 1458 1281 1118 994 864 767 683 573 513 453 389 327 288 243 204 190 154 135 119 107 84 80 75 69 63 55 48 49 43 33 29 25 23 17 14 9 12 11 11 7 7 7 7 8 6 6 5 5 4 3 3 2 1 1 1 1 1 1 1 1 1 1 
0 0 0 249 249 249 294 352 402 462 592 469 668 881 1122 1430 1864 2355 2867 3617 4563 5632 6900 8340 10059 12070 14341 16762 19281 22036 24816 27613 30476 33019 35403 37694 39493 40880 42006 42734 42669 42383 41730 40508 39121 37540 35676 33626 31523 29400 27251 25159 23125 21163 19278 17412 15832 14299 12837 11500 10284 9136 8080 7261 6487 5780 5138 4578 4099 3641 3211 2854 2504 2235 2004 1751 1526 1350 1213 1060 929 801 709 632 547 491 430 370 340 305 271 245 227 205 190 178 156 137 116 104 93 79 69 59 53 52 40 34 28 22 21 19 15 12 11 9 7 7 7 5 5 4 4 3 3 2 1 1 1 1 1 2 3 3 3 3 3 3 3 2 1 1 
0 0 0 249 249 249 301 344 388 470 599 491 652 913 1265 1721 2441 3258 4116 5293 6833 8562 10359 12550 14775 17320 20020 22830 25558 28321 31158 33589 35993 38000 39863 41324 42236 42862 42846 42606 41857 40813 39371 37567 35699 33569 31479 29268 27186 25027 22919 20974 19129 17318 15747 14260 12824 11530 10328 9228 8232 7370 6540 5789 5042 4429 3965 3508 3096 2710 2369 2112 1877 1637 1411 1243 1104 987 857 729 632 582 518 443 394 355 309 282 263 231 211 185 165 145 145 135 112 102 88 79 68 59 48 45 43 36 29 27 27 22 20 14 11 10 8 5 6 6 5 4 4 3 4 4 2 2 2 2 2 2 
0 0 0 250 250 250 319 386 443 533 702 677 927 1278 1674 2205 2918 3900 4828 6021 7524 9261 11183 13352 15690 18233 21120 23945 26789 29661 32499 35074 37543 39476 41034 42386 43204 43503 43137 42536 41572 40189 38568 36599 34620 32437 30436 28241 26042 23912 21897 20014 18119 16474 14852 13380 11979 10769 9662 8593 7703 6780 6004 5369 4775 4272 3770 3364 2949 2656 2388 2128 1860 1656 1464 1307 1177 1034 914 792 689 613 558 478 419 369 330 302 273 261 226 220 189 181 163 142 132 109 102 87 83 75 64 59 53 49 45 37 28 25 21 19 17 14 11 9 7 5 5 4 6 6 5 6 5 4 4 5 2 2 2 1 1 1 1 
0 0 0 250 250 250 314 368 424 575 776 741 1056 1490 1948 2486 3288 4122 5257 6636 8321 10185 12304 14763 17321 20179 22951 25740 28525 31251 33888 36176 38256 40078 41579 42482 43083 43200 42972 42215 41067 39607 37933 36286 34143 32080 29796 27834 25690 23560 21442 19519 17828 16065 14441 12807 11567 10367 9278 8188 7207 6393 5674 5084 4474 3889 3407 3020 2673 2363 2099 1870 1654 1473 1318 1165 1024 901 797 685 598 520 465 421 362 312 277 242 210 192 170 137 124 120 110 100 89 82 74 71 65 54 49 42 34 30 26 20 17 15 10 8 11 9 8 9 7 7 8 8 5 6 5 4 4 3 2 1 2 1 1 2 2 2 2 2 1 1 1 
0 0 0 250 250 250 303 355 407 493 624 512 666 965 1249 1678 2279 2915 3619 4700 6015 7355 9000 10817 12779 15098 17803 20380 22990 25769 28640 31401 33955 36327 38162 39864 41225 42099 42418 42459 42196 41384 40403 38896 37203 35344 33324 31123 28887 26684 24510 22478 20494 18572 16771 15136 13589 12190 10881 9684 8639 7741 6902 6126 5423 4768 4179 3717 3264 2862 2569 2248 1993 1779 1597 1378 1222 1086 947 836 733 658 563 511 442 392 341 307 272 230 201 188 157 143 125 112 90 82 79 69 63 59 56 52 49 44 34 32 32 28 23 20 19 22 20 16 16 15 14 14 13 11 11 13 10 8 6 4 5 4 3 1 1 1 1 1 
0 0 0 249 249 249 299 342 390 463 557 436 591 876 1170 1584 2199 3007 3906 4958 6425 7907 9568 11598 13700 15803 18322 20932 23386 26069 28850 31240 33539 35666 37549 39240 40661 41430 41883 41933 41670 41182 40063 38584 36800 34962 32848 30895 28727 26494 24438 22426 20436 18654 16924 15164 13718 12342 11022 9829 8768 7776 6968 6253 5463 4803 4222 3745 3327 2959 2567 2261 2005 1792 1589 1374 1214 1065 956 831 738 654 591 526 477 406 342 303 273 230 191 166 148 135 126 109 97 90 82 67 54 54 46 36 33 31 26 28 26 20 16 16 13 8 8 7 5 5 5 3 3 3 2 1 1 1 
0 0 0 250 250 250 308 366 430 515 636 538 845 1167 1472 1974 2602 3459 4466 5817 7194 8982 10930 13153 15679 18202 20919 23650 26545 29280 32113 34628 36814 38938 40616 41894 42785 43147 43143 42629 41834 40518 39038 37273 35320 33383 31221 29094 26943 24869 22762 20797 18846 16999 15275 13727 12211 10885 9721 8660 7692 6799 6031 5336 4817 4269 3807 3341 2958 2651 2338 2073 1799 1601 1409 1240 1108 962 855 784 688 598 531 483 432 383 345 290 261 243 205 179 156 135 113 96 78 64 55 48 40 38 33 33 27 25 21 21 22 18 17 12 13 11 11 6 5 4 4 3 2 1 1 1 
0 0 0 250 250 250 309 364 434 514 602 539 816 1098 1348 1791 2467 3202 4150 5182 6399 7917 9765 11665 13648 16009 18599 21212 24018 26867 29570 32413 34970 37399 39308 41069 42372 42990 43474 43290 42918 41888 40547 38911 37112 35204 32851 30565 28204 25901 23774 21691 19487 17642 15971 14355 12856 11509 10269 9094 8104 7187 6395 5667 5030 4473 3964 3549 3166 2803 2434 2190 1911 1659 1465 1285 1152 1000 914 793 707 629 557 496 441 392 348 318 280 258 224 198 172 147 127 102 101 95 78 64 54 48 44 39 28 22 23 21 19 18 15 13 11 7 5 5 4 3 1 1 1 1 1 
0 0 0 250 250 250 312 378 429 527 646 563 795 1110 1497 2000 2661 3468 4394 5547 6864 8465 10078 12039 14294 16640 19185 21959 24699 27547 30456 33207 35727 37994 39867 41237 42512 43030 43294 42978 42291 41297 40000 38433 36571 34686 32507 30252 27971 25739 23571 21520 19473 17527 15828 14274 12753 11432 10282 9172 8186 7318 6488 5806 5206 4553 4016 3557 3172 2805 2493 2178 1931 1748 1549 1356 1177 1044 905 809 708 615 540 488 408 347 291 245 213 183 157 136 123 105 93 80 66 54 48 39 29 31 25 21 18 18 14 15 15 9 10 11 10 10 9 7 5 5 2 2 2 2 2 1 1 3 4 3 3 3 3 3 3 1 
0 0 0 250 250 250 327 398 464 603 814 838 1178 1553 2051 2721 3549 4475 5483 6843 8508 10313 12317 14519 17125 19857 22734 25554 28360 31354 33931 36275 38212 39994 41370 42278 42764 42717 42376 41793 40781 39217 37578 35632 33544 31397 29266 26924 24694 22648 20653 18894 17117 15388 13840 12525 11262 10095 8982 7973 7135 6392 5740 5098 4546 4093 3662 3264 2901 2601 2300 2046 1823 1596 1414 1268 1137 1014 910 830 730 661 591 528 454 398 336 283 251 209 181 158 136 114 105 91 76 67 60 47 49 48 44 43 34 33 28 24 18 13 11 8 7 6 4 3 3 2 
0 0 0 250 250 250 299 353 406 568 813 846 1200 1686 2275 3125 4195 5308 6500 8097 10042 12082 14284 16696 19284 21950 24996 27998 30649 33361 36058 38287 40075 41779 42808 43255 43415 43263 42499 41386 40061 38230 36403 34411 32331 30058 27760 25647 23464 21492 19530 17688 16022 14405 13035 11719 10565 9405 8311 7402 6510 5801 5081 4409 3866 3448 3043 2650 2332 2022 1767 1583 1392 1223 1068 955 870 744 663 556 502 434 392 332 280 248 214 186 145 129 117 104 92 81 68 64 60 51 37 35 33 26 26 20 16 15 16 11 9 10 8 6 7 6 4 4 3 1 1 1 
0 0 0 250 250 250 337 405 475 573 727 731 1085 1457 1977 2674 3525 4580 5851 7211 8695 10643 12673 14864 17324 19847 22442 25266 28100 30736 33332 35664 37775 39656 41059 42146 42651 42788 42458 41904 40790 39320 37812 35917 34057 32007 29878 27618 25494 23480 21402 19462 17601 15868 14251 12800 11486 10250 9125 8031 7151 6345 5590 4961 4390 3889 3440 3065 2707 2403 2195 1960 1714 1494 1343 1236 1108 969 835 737 666 593 519 442 390 359 324 284 248 217 196 167 142 119 107 94 83 75 63 60 51 46 35 31 29 27 24 21 17 15 15 11 8 8 6 5 5 7 5 5 6 4 4 3 3 1 1 1 
0 0 0 250 250 250 311 371 420 555 728 678 1073 1477 2012 2818 3692 4756 6079 7748 9439 11554 13765 15872 18547 21300 23944 26693 29466 32036 34597 37000 38866 40472 41945 42769 43102 43189 42631 41850 40703 39007 36988 34967 32883 30441 28278 26048 23818 21839 19898 18044 16353 14823 13300 11826 10611 9505 8549 7604 6764 6011 5314 4793 4206 3710 3287 2902 2553 2274 1989 1753 1572 1401 1218 1069 921 815 737 647 575 498 430 367 314 267 210 187 173 151 136 120 105 91 87 74 63 55 52 48 37 36 35 27 22 23 19 15 16 14 12 16 14 10 10 9 7 5 5 1 2 2 1 2 3 3 3 3 3 3 3 3 2 2 2 2 1 2 2 1 1 1 
0 0 0 250 250 250 317 368 425 540 692 621 894 1198 1545 2044 2643 3506 4512 5656 7021 8690 10564 12694 15098 17424 19968 22858 25612 28352 31036 33538 35868 38004 39716 40990 42002 42586 42701 42367 41533 40487 39089 37472 35731 33684 31661 29506 27473 25334 23356 21346 19380 17575 15834 14294 12850 11484 10262 9145 8091 7200 6396 5695 4976 4447 3959 3487 3074 2767 2423 2139 1916 1688 1493 1323 1193 1008 898 777 685 593 502 443 375 342 304 274 245 213 188 156 133 114 95 83 76 71 58 51 45 38 34 30 21 22 20 18 16 14 12 11 11 7 6 5 4 3 1 1 1 1 
0 0 0 250 250 250 300 347 387 464 561 417 572 771 921 1241 1683 2180 2795 3578 4510 5785 7196 8708 10498 12438 14663 17065 19603 22182 24898 27592 30242 32889 35176 37323 39068 40556 41658 42303 42566 42277 41714 40772 39612 37937 36126 34348 32136 29980 27826 25596 23396 21378 19385 17447 15812 14259 12816 11499 10320 9227 8240 7304 6452 5738 5119 4554 4055 3542 3125 2791 2507 2254 1955 1703 1501 1352 1227 1060 930 795 709 612 533 465 412 381 337 302 263 248 217 208 179 154 132 112 96 85 70 59 47 39 37 33 30 23 22 19 18 17 16 14 14 12 8 7 6 6 3 3 1 1 2 1 1 1 1 1 2 2 1 1 1 1 1 1 
0 0 0 249 249 249 315 363 412 512 705 640 896 1247 1595 2073 2684 3359 4163 5189 6498 7981 9642 11468 13587 15899 18266 20954 23436 26028 28738 31445 33841 36044 38139 39571 40941 41815 42166 42083 41704 40983 39719 38471 36726 34907 33003 30848 28633 26468 24471 22398 20540 18612 16768 15172 13686 12269 10988 9794 8660 7756 6923 6179 5520 4939 4379 3851 3455 3064 2721 2442 2186 1926 1704 1538 1353 1207 1069 935 805 721 644 562 508 434 392 351 330 299 262 246 214 186 169 152 135 114 103 87 80 72 62 54 47 45 38 32 27 27 23 22 17 9 6 6 6 4 3 2 2 3 3 2 1 1 1 1 1 
0 0 0 250 250 250 311 371 419 524 634 636 969 1428 1941 2617 3545 4552 5846 7183 8826 10551 12578 14840 17325 19985 22706 25582 28441 31297 34062 36436 38404 40159 41598 42570 43070 43193 42663 41916 40898 39543 37893 35912 33830 31792 29613 27450 25290 23085 20919 19129 17356 15590 14073 12617 11236 10107 9071 8034 7103 6241 5521 4906 4395 3832 3403 3025 2655 2335 2090 1827 1577 1413 1217 1053 939 830 710 630 563 479 431 377 334 289 255 226 204 194 163 137 131 114 107 93 76 68 64 60 48 44 32 28 27 19 16 15 11 9 8 9 8 7 6 5 6 7 6 4 3 3 3 2 1 
