0 0 0 248 248 248 271 352 456 552 707 749 1203 1774 2220 2783 3644 4777 6111 7517 9162 11181 13709 16470 19203 22257 25441 29133 32815 36357 39608 42624 45614 48070 49836 50986 51332 51054 50259 49115 47215 44769 42239 39306 36421 33457 30545 27410 24549 21874 19423 17020 14863 12849 11057 9561 8193 7040 5960 5055 4256 3587 3021 2533 2104 1736 1435 1217 1002 846 701 574 465 398 337 270 216 180 154 130 118 95 80 69 55 42 32 28 19 12 13 14 12 10 8 5 6 6 4 2 1 1 2 2 1 1 2 2 2 2 1 1 1 1 
0 0 0 250 250 250 297 429 592 773 965 1002 1532 2204 2849 3677 4777 6129 7816 9818 12130 14902 18085 21439 24870 28685 32594 36442 40038 43362 46474 49254 51358 52614 53402 53619 53074 51704 49782 47321 44803 41914 38700 35297 31937 28766 25633 22734 19868 17376 15040 12970 11208 9584 8175 6860 5862 4965 4206 3526 2948 2492 2100 1777 1433 1178 984 835 685 570 463 386 340 287 227 184 148 121 106 89 66 48 36 30 24 19 11 9 6 7 6 3 2 2 1 1 1 
0 0 0 250 250 250 273 335 465 580 661 547 788 1243 1591 2006 2478 3343 4589 6007 7491 9217 11473 14106 17282 20475 23695 27148 31139 35219 39063 42584 45627 48263 50623 52510 53460 53526 53045 51925 50243 48112 45567 42570 39276 35897 32594 29347 26295 23318 20435 17810 15534 13533 11589 10000 8497 7239 6167 5208 4385 3646 3092 2582 2130 1790 1472 1228 1023 854 704 566 458 375 305 252 194 160 125 99 78 60 47 32 23 19 16 16 13 12 6 5 6 5 4 4 4 3 3 3 1 1 1 
0 0 0 249 249 249 278 353 464 540 676 640 986 1462 1907 2463 3254 4468 5896 7518 9254 11309 13991 17048 20403 23808 27621 31411 35473 39340 42842 46155 48995 51364 52831 53950 54189 53813 52732 50886 48647 45867 42869 39594 36219 32897 29597 26422 23276 20474 17954 15534 13455 11538 9978 8535 7314 6255 5287 4515 3845 3241 2681 2272 1902 1555 1284 1065 869 729 606 503 400 335 260 212 164 131 103 82 69 60 51 45 33 27 21 18 14 14 11 8 5 5 5 4 3 1 1 
0 0 0 249 249 249 273 358 446 545 677 717 1216 1826 2368 2935 3767 5033 6542 8317 10150 12240 14895 18133 21504 24898 28542 32113 35952 39685 43142 46063 48659 50576 51586 52216 52174 51613 50294 48493 45940 43304 40828 37903 34706 31336 28067 24991 22344 19829 17232 14953 12896 11133 9717 8322 7083 5918 5022 4242 3599 3054 2506 2117 1784 1512 1278 1050 878 723 652 523 432 371 295 256 208 182 141 129 110 89 79 67 56 46 33 27 23 18 12 12 11 9 8 5 4 3 3 1 1 
0 0 0 250 250 250 272 339 418 515 612 484 729 1084 1293 1543 1981 2682 3575 4538 5707 7148 9221 11623 14197 17074 20365 23940 27806 31590 35315 38913 42609 45752 48432 50711 52027 53010 53342 53043 51779 50003 47683 45079 42326 39124 35871 32486 29322 26321 23527 20635 18102 15850 13654 11805 10132 8690 7280 6270 5273 4425 3737 3132 2617 2158 1833 1493 1254 1060 878 736 598 489 395 324 258 209 171 139 116 86 71 51 44 28 27 25 15 17 15 15 15 14 11 8 9 6 5 3 2 1 1 1 
0 0 0 250 250 250 274 337 425 513 589 491 721 1092 1454 1800 2250 2980 4045 5319 6666 8238 10261 12739 15409 18309 21270 24707 28451 32210 35823 39152 42524 45533 48293 50244 51510 52291 52276 51887 50765 49056 46778 44086 41324 38184 35188 31964 28822 25795 22862 20137 17568 15272 13179 11345 9711 8252 7051 6049 5126 4344 3650 3069 2546 2151 1819 1511 1254 1059 891 736 610 498 404 335 276 217 178 152 129 110 92 80 67 60 46 43 34 31 25 19 17 13 10 6 5 2 2 2 
0 0 0 250 250 250 280 353 453 579 683 602 880 1361 1904 2631 3427 4516 6044 8054 10215 12665 15563 18729 22255 25965 29812 33694 37688 41476 44815 48006 50731 52922 54403 54803 54658 53859 52408 50184 47586 44733 41335 38164 34688 31220 28017 24934 22041 19097 16683 14369 12363 10580 9033 7633 6360 5434 4570 3837 3224 2719 2249 1915 1615 1299 1078 887 738 597 487 394 329 270 212 171 139 123 97 81 65 50 47 37 26 19 17 10 8 5 4 3 2 2 1 1 1 1 
0 0 0 249 249 249 274 348 438 519 635 641 1050 1553 1925 2371 3100 4226 5726 7233 8846 10794 13145 16026 19187 22447 25645 29083 32859 36629 40409 43738 46481 48878 50998 52441 52992 52719 51867 50444 48683 46160 43217 40202 36938 33783 30580 27424 24233 21493 18892 16381 14333 12389 10572 9010 7749 6575 5526 4688 3902 3260 2786 2343 1952 1612 1351 1137 946 785 640 516 428 362 298 245 193 154 123 108 84 68 54 46 40 37 33 27 20 16 14 10 10 6 4 3 4 3 3 3 1 1 1 1 
0 0 0 250 250 250 287 381 507 636 760 805 1264 1951 2606 3448 4500 5830 7470 9313 11499 14050 16928 20112 23728 27431 31310 35322 39132 42662 45946 48603 50657 52327 53200 53484 52959 51703 49984 47872 45256 42353 39099 35675 32343 29186 26018 23108 20365 17722 15566 13531 11753 10097 8659 7389 6277 5336 4533 3788 3175 2622 2231 1846 1569 1294 1053 863 697 585 474 388 311 250 205 173 136 106 81 68 49 44 27 19 16 13 11 10 7 3 3 3 2 1 1 1 
0 0 0 250 250 250 265 350 464 599 803 892 1288 1795 2441 3283 4467 5882 7655 9559 11797 14465 17636 21246 24785 28363 32131 35961 40003 43451 46562 48928 51023 52783 53450 53657 52781 51807 49791 47412 44652 41485 38343 35048 31877 28521 25507 22712 20012 17608 15364 13305 11460 9800 8429 7151 6067 5101 4330 3600 3002 2544 2135 1779 1489 1220 1019 871 727 593 487 412 338 268 224 191 155 121 100 85 67 58 50 37 35 30 27 22 16 13 11 9 5 3 
0 0 0 250 250 250 279 344 441 558 737 868 1418 2133 2780 3575 4713 6208 8000 10007 12068 14585 17449 20820 24326 27981 31459 35057 38725 42168 45419 47958 49998 51527 52495 52862 52503 51332 49561 47460 44862 41850 38809 35403 32120 29030 26068 23069 20387 17939 15704 13729 11876 10161 8646 7494 6390 5403 4554 3827 3274 2756 2333 1925 1617 1346 1117 919 739 591 508 415 342 283 237 199 156 129 98 85 75 59 43 37 31 27 21 17 12 9 9 6 4 3 4 4 3 3 2 2 3 2 1 1 1 1 1 1 
0 0 0 249 249 249 272 353 474 582 713 665 1028 1626 2174 2745 3479 4611 6079 7759 9673 11649 14230 17375 20823 24233 27833 31685 35576 39516 43139 46086 48577 50772 52380 53264 53282 52590 51536 49817 47704 45036 41939 38811 35603 32386 28972 26004 23020 20298 17856 15456 13422 11558 9899 8370 7159 6115 5217 4367 3663 3103 2603 2215 1853 1528 1224 1039 857 717 595 483 373 307 252 209 155 120 95 73 63 45 36 27 25 19 19 14 11 9 7 6 4 4 3 2 1 1 1 
0 0 0 250 250 250 269 365 469 578 685 586 860 1260 1673 2161 2892 3890 5071 6515 8253 10375 12899 15563 18528 21759 25419 29347 33131 36765 40356 43993 47095 49541 51476 52534 53234 53151 52473 51011 48952 46696 43901 40890 37674 34391 31022 27848 24913 22023 19334 17011 14766 12834 11068 9413 8026 6833 5789 4826 4035 3390 2819 2368 1957 1605 1336 1132 953 792 670 562 480 409 347 284 227 182 150 127 104 89 69 53 47 42 36 26 24 20 16 15 14 13 12 10 7 4 4 4 3 2 
0 0 0 250 250 250 275 333 428 529 645 592 957 1423 1938 2527 3434 4639 6077 7771 9743 12071 14879 18018 21120 24465 28187 32312 36291 39994 43527 46697 49696 52025 53587 54101 54072 53534 52206 50257 47839 45024 41901 38662 35310 31975 28706 25613 22586 19876 17371 15094 13059 11154 9487 8129 6910 5835 4944 4194 3541 3005 2519 2079 1730 1429 1173 958 744 601 498 415 342 275 223 184 157 123 103 76 61 50 41 36 33 27 19 13 12 12 10 5 3 3 3 3 2 1 1 1 
0 0 0 250 250 250 274 340 439 526 683 684 1063 1541 1900 2404 3122 4102 5259 6589 8219 10196 12674 15552 18675 21882 25597 29537 33483 37310 41005 44554 47637 50400 52321 53468 53972 53806 53131 51566 49521 47031 44094 41009 37764 34413 31086 27719 24546 21567 18888 16481 14279 12335 10448 8961 7695 6544 5570 4680 3908 3259 2752 2295 1871 1531 1231 1011 826 684 548 458 359 303 260 204 156 132 116 93 79 60 43 36 32 27 20 12 10 9 9 6 3 2 1 1 1 
0 0 0 250 250 250 276 358 467 578 671 578 826 1124 1335 1611 2056 2726 3686 4664 5801 7102 8937 11199 13780 16537 19419 22630 26263 30165 34240 38145 41414 44637 47519 50018 51852 52876 52970 52422 51638 50039 47940 45251 42295 39226 36026 32795 29500 26346 23411 20772 18139 15838 13789 11844 10240 8842 7589 6465 5540 4673 3920 3308 2735 2246 1844 1536 1265 1018 820 674 560 465 356 285 231 197 162 126 95 74 56 43 33 28 24 17 15 10 9 8 5 4 3 3 2 4 4 4 4 4 4 4 4 2 2 2 2 1 
0 0 0 250 250 250 269 329 449 532 622 531 774 1095 1376 1709 2180 2876 3780 4732 5891 7305 9307 11708 14181 16970 20023 23581 27344 31144 34817 38364 41882 44941 47832 49913 51409 52281 52419 51970 50872 49283 46990 44467 41617 38613 35465 32295 29136 26154 23221 20452 17964 15649 13720 11788 10163 8650 7429 6383 5399 4585 3787 3189 2629 2213 1832 1506 1241 1040 851 699 604 499 422 363 301 245 201 170 133 117 91 67 60 43 41 34 27 23 16 13 8 8 6 4 3 2 2 2 2 2 1 1 1 
0 0 0 250 250 250 275 356 482 583 755 859 1452 2226 2816 3526 4628 6114 7921 9776 11697 13855 16831 20166 23619 27024 30514 34285 38094 41887 45047 47810 50075 51722 52848 53248 52920 51850 50417 48149 45486 42790 39719 36389 33071 29738 26390 23568 20806 18195 15775 13639 11769 10084 8706 7372 6240 5209 4373 3690 3051 2550 2075 1710 1407 1168 954 768 633 527 436 358 289 241 202 167 147 124 105 85 74 63 53 44 33 27 20 18 13 11 6 5 3 2 2 3 2 1 1 1 1 1 1 
0 0 0 250 250 250 273 344 437 520 598 498 788 1189 1500 1822 2362 3252 4446 5879 7516 9258 11573 14344 17479 20852 24634 28375 32155 36182 40098 43824 47116 49672 51449 52796 53644 53782 53047 51847 49855 47551 44913 42030 38778 35421 32129 28732 25590 22704 19959 17356 15053 13021 11232 9534 8127 6860 5788 4914 4161 3457 2889 2434 2018 1659 1368 1136 935 762 620 511 436 371 299 236 199 169 138 114 88 69 59 46 37 28 20 13 13 12 9 6 6 3 4 4 2 1 1 1 1 1 
0 0 0 250 250 250 276 352 479 567 666 581 932 1487 1936 2474 3238 4353 5859 7589 9474 11630 14340 17376 20645 24005 27409 31319 35223 38967 42601 45675 48222 50520 52223 53106 53209 52663 51365 49717 47709 45154 42268 38988 35706 32484 29380 26382 23410 20679 18211 15941 13932 12035 10299 8881 7597 6410 5364 4485 3796 3217 2678 2140 1796 1494 1262 1056 844 678 561 468 393 327 265 224 181 141 121 97 76 58 41 30 23 19 14 9 7 5 5 4 4 3 3 3 2 2 1 1 
0 0 0 249 249 249 281 357 458 572 787 920 1482 2167 2723 3467 4573 6176 8073 10124 12249 14724 17883 21315 24819 28406 31932 35713 39477 42910 45928 48677 50830 52167 52945 52858 52198 51207 49531 46988 44211 41271 38135 34945 31679 28319 25210 22484 19860 17371 15162 13145 11403 9788 8349 7037 5940 5052 4221 3518 2926 2465 2058 1755 1476 1222 1033 870 728 595 484 384 315 260 219 177 140 116 95 81 66 55 48 40 32 23 21 18 15 11 8 4 
0 0 0 249 249 249 283 368 486 581 709 625 918 1243 1546 1954 2509 3309 4352 5487 6841 8683 10974 13291 15827 18892 22265 25633 29320 32769 36282 39807 43098 45909 48255 50427 51532 52125 51765 51046 49761 47803 45253 42254 39306 36169 33136 30086 27036 24060 21341 18884 16544 14504 12699 10882 9355 8033 6839 5821 5011 4258 3525 2952 2457 2068 1752 1467 1191 979 816 682 586 487 403 332 283 238 206 171 132 110 85 79 66 45 31 24 17 12 12 8 5 4 3 3 2 2 
0 0 0 250 250 250 275 347 437 550 658 567 834 1167 1515 1936 2511 3260 4287 5569 7080 9054 11512 14074 16981 20269 23994 27907 31861 35751 39428 43161 46576 49377 51549 53150 54076 54218 53653 52426 50773 48672 45920 42689 39410 36043 32772 29601 26240 23127 20341 17903 15585 13510 11572 9832 8412 7138 6013 5059 4255 3584 3024 2518 2108 1740 1446 1177 979 798 655 546 414 343 284 232 179 139 116 88 81 60 46 39 35 32 24 17 13 13 12 8 7 5 5 5 5 2 1 1 
0 0 0 249 249 249 274 344 440 541 723 785 1200 1717 2250 2985 3918 5195 6562 8274 10197 12376 15005 17909 21001 24372 28093 31652 35289 38921 42381 45477 48281 50276 51617 52425 52576 52068 50956 49145 46746 44082 41144 38087 34904 31689 28388 25431 22538 19978 17550 15305 13292 11493 9859 8354 7179 6052 5145 4320 3612 2980 2515 2111 1766 1472 1211 998 814 685 587 482 389 301 238 197 171 129 95 80 64 56 44 36 26 24 24 16 14 11 9 9 7 6 3 3 1 1 1 
0 0 0 250 250 250 276 353 458 547 664 607 887 1261 1607 2096 2797 3744 4894 6107 7661 9603 12122 14722 17618 20844 24323 28219 32143 35784 39252 42727 45792 48460 50381 51633 52300 52426 51780 50499 48834 46459 43890 41083 37980 34770 31693 28773 25627 22824 20137 17642 15457 13513 11684 9918 8537 7272 6274 5375 4529 3827 3224 2724 2287 1919 1619 1341 1112 937 783 644 540 453 352 296 255 214 175 150 125 95 91 79 59 49 39 29 22 20 14 8 8 8 8 10 9 9 7 7 7 6 5 3 4 4 4 3 2 2 2 2 1 1 1 1 1 1 1 2 1 1 1 1 1 1 1 
0 0 0 250 250 250 270 344 458 549 639 579 920 1297 1639 2081 2709 3650 4850 6167 7675 9689 12054 14649 17620 20899 24461 28180 32061 35770 39486 43134 46323 48998 51126 52647 53280 53363 52907 51772 49949 47677 44775 41822 38777 35582 32325 29015 25932 22952 20345 17860 15640 13595 11636 10010 8586 7315 6199 5204 4368 3637 3032 2504 2045 1689 1422 1188 974 807 677 556 465 374 306 238 200 163 136 105 86 72 55 47 38 32 26 19 18 16 14 11 13 11 8 9 7 7 6 5 2 2 2 
0 0 0 250 250 250 273 343 430 533 631 546 789 1205 1647 2170 2763 3598 4763 6267 7826 9691 11945 14612 17656 20994 24708 28400 32312 36165 40025 43712 47104 49777 51652 52955 53903 54054 53462 51944 49817 47523 44748 41766 38372 35017 31608 28394 25320 22344 19764 17319 15055 13027 11225 9609 8256 6991 5869 4953 4194 3532 2915 2459 2024 1702 1409 1149 967 768 653 545 445 375 310 263 212 182 146 116 91 72 60 51 40 30 23 19 17 16 12 7 6 5 5 4 4 2 1 1 1 1 
0 0 0 250 250 250 287 324 425 529 648 625 932 1325 1692 2242 2898 3801 5033 6483 8191 10184 12544 15436 18543 22074 25751 29464 33331 37164 41032 44474 47455 49814 51573 52941 53515 53434 52542 51034 49057 46631 43861 40795 37569 34342 31116 27905 24920 22068 19424 16971 14755 12675 10862 9231 7884 6687 5657 4712 3940 3303 2774 2350 1926 1601 1329 1102 931 772 630 521 436 367 310 257 199 174 156 121 97 75 70 59 49 39 28 25 22 17 9 6 3 3 2 2 2 1 
0 0 0 249 249 249 273 354 462 558 668 568 849 1194 1482 1817 2330 3179 4372 5606 6948 8734 10864 13466 16355 19642 22990 26748 30629 34523 38314 41949 45227 47961 50295 51845 52848 53087 52860 51887 50238 48005 45450 42615 39610 36433 33220 29851 26780 23858 20984 18512 16197 14075 12122 10541 9068 7718 6595 5551 4674 3926 3260 2709 2254 1905 1570 1304 1064 900 756 610 508 426 347 292 243 201 183 155 118 89 72 56 38 29 19 16 15 15 13 11 9 7 5 4 4 3 3 3 2 2 3 2 2 2 2 1 1 1 
0 0 0 250 250 250 269 323 421 514 592 448 645 999 1424 2008 2685 3582 4796 6373 8314 10621 13364 16265 19445 23066 27173 31268 35222 39018 42736 46235 49382 51856 53298 54402 55021 54761 53729 52081 50011 47410 44657 41345 37851 34456 30959 27628 24345 21449 18692 16253 14010 11977 10252 8699 7417 6218 5228 4365 3602 3018 2532 2139 1771 1468 1182 973 805 657 522 424 348 275 230 183 151 126 99 86 66 55 49 39 29 20 17 15 12 11 7 6 5 2 2 2 3 4 4 3 3 4 5 5 4 2 2 2 2 1 
0 0 0 250 250 250 269 356 457 558 672 582 847 1250 1643 2124 2795 3833 5038 6426 8008 9927 12352 15012 17936 20996 24380 28028 31958 35838 39496 42921 46031 48665 50933 52483 53291 53199 52624 51326 49542 47310 44482 41513 38304 35258 31903 28748 25638 22811 20184 17656 15289 13089 11316 9739 8357 7011 5872 4932 4189 3529 2905 2411 2003 1677 1363 1137 914 750 604 502 402 315 262 198 161 126 111 86 67 55 47 31 25 20 13 11 8 5 3 
0 0 0 250 250 250 275 355 456 543 634 540 855 1352 1886 2398 3121 4234 5607 7273 9156 11200 13882 17063 20488 24057 27793 31769 35789 39809 43489 46659 49434 51791 53469 54348 54487 53917 52483 50703 48384 45444 42304 39022 35720 32309 28990 25847 22880 20138 17668 15345 13181 11350 9799 8306 7019 5939 4990 4159 3484 2892 2431 2030 1676 1404 1153 966 798 683 555 457 384 310 254 212 177 144 121 96 79 67 62 50 37 30 27 25 18 12 5 5 5 3 1 
0 0 0 249 249 249 264 329 423 514 601 502 790 1252 1652 2036 2617 3551 4797 6149 7675 9450 11809 14626 17571 20657 23915 27788 31560 35331 39079 42461 45629 48517 50744 52039 52875 53105 52448 51290 49547 47185 44589 41787 38752 35567 32345 29146 26146 23248 20544 17964 15715 13636 11754 10117 8654 7370 6239 5276 4392 3652 3087 2584 2135 1799 1507 1254 1066 893 745 632 527 440 369 324 268 213 175 143 122 95 75 50 42 38 29 23 17 12 8 7 5 4 3 3 2 2 2 1 1 
0 0 0 250 250 250 268 340 453 552 646 534 799 1236 1701 2229 2930 4028 5521 7062 8780 10964 13566 16628 19885 23304 27032 31188 35277 39129 42772 46159 48939 51288 52842 53650 53953 53452 52318 50512 48453 45682 42560 39430 36124 32910 29687 26464 23409 20736 18292 15861 13708 11721 9968 8535 7296 6164 5162 4338 3650 3068 2613 2125 1742 1438 1209 1009 820 660 534 467 371 307 250 204 175 146 119 96 83 67 54 45 38 38 31 25 19 15 14 11 8 9 6 3 3 2 2 2 2 1 1 1 1 1 
0 0 0 250 250 250 274 355 479 578 682 607 941 1398 1851 2281 2953 3890 5020 6393 8008 9875 12162 14888 17787 21053 24638 28386 32072 35735 39403 42737 45980 48667 50693 52012 52860 52934 52284 51251 49320 46931 44276 41493 38334 35236 31948 28704 25702 22790 20096 17505 15293 13258 11527 9882 8416 7204 6123 5197 4361 3656 3092 2597 2202 1832 1526 1296 1091 928 779 648 533 453 362 292 229 178 137 121 97 79 63 51 45 39 31 26 22 15 13 11 9 7 6 5 4 3 3 2 2 1 1 
0 0 0 250 250 250 271 351 447 527 611 543 879 1387 1786 2202 2854 3833 5047 6454 7990 9809 12204 14894 17892 21247 24697 28248 32145 36115 39878 43556 46655 49107 51212 52841 53791 53745 53019 51560 49725 47408 44715 41810 38331 35004 31732 28614 25572 22686 19980 17302 15140 13088 11240 9560 8131 6908 5852 4967 4157 3522 2968 2520 2123 1783 1492 1274 1075 888 761 647 538 471 393 326 276 237 197 156 127 100 77 62 43 33 24 22 18 12 6 5 5 5 3 1 1 1 1 1 1 
0 0 0 250 250 250 281 352 458 557 697 742 1248 1777 2185 2801 3783 5144 6647 8354 10152 12389 15281 18486 21746 25046 28695 32315 36101 39802 43265 46110 48448 50418 51862 52599 52655 51925 50579 48729 46642 44046 40902 37839 34632 31390 28180 25234 22366 19721 17347 15082 13078 11325 9700 8280 6981 5899 4989 4210 3503 2954 2511 2131 1778 1463 1253 1066 888 740 607 495 447 366 288 233 197 158 125 103 77 68 49 42 31 27 23 16 13 11 11 8 5 3 3 4 2 2 1 1 1 1 1 
0 0 0 250 250 250 270 343 420 496 579 526 834 1150 1462 1897 2545 3410 4497 5682 7167 8994 11184 13766 16641 19871 23426 27353 31315 35373 39232 42994 46378 49403 51726 53246 54035 54165 53839 52609 50800 48354 45562 42601 39407 36159 32709 29471 26286 23261 20417 17769 15556 13411 11590 9874 8394 7092 6012 5077 4212 3488 2867 2341 1944 1625 1373 1140 915 761 633 523 432 343 272 237 199 147 119 92 73 62 56 44 40 34 30 26 23 20 18 14 11 9 6 5 6 5 5 4 2 2 2 3 2 2 1 1 1 1 1 1 1 1 1 1 1 1 1 
0 0 0 250 250 250 278 352 465 598 815 906 1363 2017 2685 3607 4706 6070 7665 9644 12000 14527 17572 20877 24269 27923 31823 35594 39261 42930 46200 48770 51004 52712 53694 53976 53287 52038 50078 47904 45358 42276 38947 35528 32295 29007 25983 22994 20187 17664 15328 13237 11488 9770 8319 7041 5941 4995 4224 3585 2954 2479 2023 1698 1394 1157 953 782 652 565 461 381 321 262 219 176 138 116 104 85 69 61 52 44 37 28 24 18 13 10 9 7 4 2 2 2 2 1 
0 0 0 250 250 250 279 377 498 623 791 896 1402 2036 2631 3345 4407 5902 7580 9362 11411 13817 16818 20297 23910 27334 31039 35241 39380 43218 46703 49370 51658 53642 54778 54876 54292 53034 51080 48952 46167 43036 39784 36380 32924 29587 26407 23256 20448 17864 15479 13299 11351 9731 8272 7079 5985 4979 4197 3571 3064 2560 2159 1773 1467 1218 1018 837 674 554 461 375 301 256 201 163 133 100 78 66 54 44 33 27 21 15 15 13 9 6 5 3 3 3 2 2 1 1 
0 0 0 250 250 250 273 337 446 540 654 615 902 1324 1695 2109 2759 3801 4926 6070 7511 9203 11433 14101 16846 19686 22879 26584 30238 33992 37529 40840 43908 46509 48954 50506 51642 51882 51502 50644 49072 47273 44677 41850 38820 35748 32583 29357 26443 23557 20811 18402 16059 14040 12286 10650 9181 7829 6703 5715 4896 4140 3529 2989 2527 2113 1814 1518 1272 1074 886 726 610 514 429 358 301 258 211 184 151 129 114 95 74 58 43 35 29 22 14 12 11 7 6 4 4 3 1 1 
0 0 0 250 250 250 270 330 448 540 626 522 788 1237 1684 2182 2762 3644 4854 6207 7947 9667 12017 14703 17737 20915 24386 28158 32040 35943 39723 43257 46485 49488 51608 53173 53855 54147 53421 52211 50496 48105 45474 42361 39183 35782 32660 29414 26135 23090 20306 17802 15453 13403 11393 9711 8317 7062 5948 5056 4296 3618 3043 2531 2082 1718 1441 1195 965 768 641 537 433 353 292 223 175 145 116 99 86 71 56 45 43 37 31 28 22 17 14 16 13 11 11 7 8 8 6 3 3 3 1 1 
0 0 0 249 249 249 273 345 450 552 777 962 1556 2131 2884 3877 5058 6650 8580 10598 13021 15771 19001 22408 25950 29966 33892 37929 41791 45374 48334 50951 53109 54264 54763 54504 53408 51875 49785 47218 44219 40896 37660 34249 30892 27664 24522 21592 18911 16475 14081 12099 10403 8823 7565 6377 5437 4610 3920 3280 2708 2289 1930 1621 1328 1110 907 758 634 517 422 346 290 236 189 152 124 99 85 70 55 50 40 30 26 21 12 8 6 6 7 6 4 3 3 3 3 1 
0 0 0 250 250 250 271 348 466 572 724 696 1075 1577 2157 2864 3786 5068 6642 8333 10392 12816 15693 18901 22216 25736 29432 33307 37085 40952 44228 47164 49640 51673 53026 53788 53686 52705 51326 49311 46879 43998 40788 37481 34084 30780 27560 24541 21804 19159 16791 14557 12691 10894 9336 7921 6681 5617 4726 3967 3317 2774 2320 1959 1621 1352 1104 918 754 618 513 420 349 278 228 179 152 125 92 71 64 57 52 40 30 25 23 20 14 13 10 7 8 8 6 5 5 2 2 2 1 1 
0 0 0 250 250 250 281 356 464 564 722 687 1006 1443 1863 2390 3079 4023 5188 6610 8243 10193 12370 14747 17490 20541 23769 27273 30784 34276 37979 41611 44717 47376 49367 50711 51705 51969 51505 50236 48497 46281 43855 41091 38018 34740 31518 28455 25530 22718 20158 17656 15331 13397 11522 9938 8490 7265 6102 5237 4467 3752 3192 2682 2288 1911 1596 1331 1117 948 769 612 499 403 350 281 223 182 158 134 115 92 69 51 35 36 29 27 20 16 14 13 13 6 7 5 4 3 3 2 1 1 
0 0 0 250 250 250 274 368 460 544 635 602 1045 1598 2116 2651 3420 4541 6041 7736 9586 11699 14422 17623 21032 24670 28131 31882 35714 39425 42926 46003 48711 50693 52406 53262 53426 52731 51427 49473 47099 44417 41364 38136 34787 31730 28598 25563 22608 19862 17366 15108 13074 11227 9493 8127 6911 5936 5047 4263 3569 2968 2517 2109 1773 1436 1168 988 831 695 583 460 388 320 278 221 176 142 114 96 76 62 48 36 29 22 17 17 12 11 8 8 5 5 6 3 3 1 1 1 1 1 
0 0 0 249 249 249 268 356 461 584 692 673 1049 1550 2004 2520 3215 4190 5591 7104 8744 10859 13463 16451 19800 23436 27072 31047 35078 38979 42639 46078 49050 51302 53139 54174 54476 53928 52767 50963 48677 45957 42891 39521 36285 32923 29774 26527 23426 20678 18029 15698 13573 11722 9964 8551 7283 6144 5165 4403 3644 3039 2528 2073 1717 1431 1215 981 801 681 556 471 381 302 246 200 161 137 109 84 67 57 43 34 26 20 16 16 13 10 11 10 8 7 6 4 4 3 
0 0 0 250 250 250 273 359 482 585 689 642 947 1333 1733 2227 2856 3765 5004 6370 8134 10190 12493 15212 18315 21753 25272 29137 32884 36921 40778 44414 47615 50059 52111 53433 54163 53888 53209 51830 49850 47480 44615 41460 38167 34810 31557 28199 24948 22002 19422 17114 14870 12846 10883 9305 8036 6889 5803 4814 4089 3509 2991 2515 2078 1752 1465 1219 996 798 669 555 449 361 283 236 187 148 114 91 81 70 54 45 34 29 25 20 18 14 12 10 9 8 5 3 2 
0 0 0 250 250 250 270 334 414 523 650 541 853 1439 2113 2745 3519 4501 5961 7759 9824 11785 13931 16782 19967 23769 27393 31073 34606 38257 42034 45451 48421 50385 51885 52852 53209 52981 51982 50203 47925 45264 42368 39231 35971 32712 29405 26275 23291 20666 18191 15909 13863 11916 10270 8739 7422 6251 5257 4349 3608 3030 2502 2095 1761 1444 1158 963 783 636 525 440 370 308 261 212 176 145 124 96 77 58 48 35 35 29 24 21 16 15 13 11 8 6 6 5 4 3 2 2 1 1 1 1 
0 0 0 250 250 250 278 361 454 580 734 789 1245 1811 2401 3101 4027 5336 6886 8728 10686 12940 15792 19023 22522 26136 29941 33864 37802 41586 45072 48296 50963 52826 54175 54595 54546 53854 52530 50195 47517 44635 41403 38182 34762 31248 27774 24682 21824 19138 16653 14356 12279 10576 8984 7646 6432 5395 4526 3816 3186 2661 2228 1883 1524 1289 1082 858 728 588 476 372 309 256 203 173 134 117 99 78 69 53 47 41 34 23 20 18 14 11 5 3 3 1 2 1 1 1 1 1 1 1 
0 0 0 249 249 249 275 338 446 516 612 546 878 1400 1791 2212 2681 3543 4779 6258 7778 9530 11770 14517 17701 21040 24301 27767 31498 35183 38980 42303 45339 47844 50032 51766 52577 52760 52226 51006 49314 47240 44675 41655 38671 35574 32405 29400 26334 23383 20664 18122 15819 13733 11773 10080 8623 7345 6255 5299 4472 3739 3148 2672 2230 1870 1561 1311 1098 939 790 659 546 460 388 313 264 214 170 149 127 111 90 75 59 46 42 36 32 23 18 14 12 9 8 7 6 4 4 4 4 3 1 
0 0 0 250 250 250 279 337 437 512 651 662 1063 1540 1988 2574 3535 4859 6366 7966 9719 11974 14692 17787 21192 24572 28167 32075 36102 39834 43447 46728 49367 51603 53199 53944 53863 53477 52226 50145 47827 44994 41904 38739 35620 32089 28877 25881 22805 20093 17650 15365 13285 11455 9768 8349 7061 5993 5011 4201 3515 2977 2492 2113 1807 1490 1233 1040 875 731 592 471 372 305 255 207 170 141 116 97 85 71 59 50 38 33 25 21 15 12 9 6 5 6 5 5 5 4 4 3 3 1 1 
0 0 0 250 250 250 288 358 455 570 709 671 1074 1635 2123 2710 3462 4592 5952 7618 9497 11676 14445 17665 21023 24545 28373 32361 36339 40105 43274 46390 49119 51132 52558 53257 53255 52586 51488 49652 47339 44593 41495 38298 34989 31714 28584 25425 22475 19877 17470 15206 13159 11400 9796 8321 7124 6074 5141 4348 3655 3052 2573 2181 1806 1497 1248 1005 843 688 556 455 383 324 279 225 191 155 142 121 93 80 63 50 39 31 24 16 15 12 8 7 5 4 3 2 2 
0 0 0 250 250 250 268 341 464 537 631 538 865 1382 1675 2048 2595 3454 4502 5596 6729 8069 10130 12636 15326 18139 21322 24805 28538 32120 35781 39223 42528 45358 47585 49346 50667 51497 51547 50867 49540 47836 45738 43167 40168 37074 33900 30734 27578 24600 21744 19256 16974 14844 12850 11059 9488 8165 7061 6021 5080 4271 3572 3003 2557 2130 1729 1444 1231 1059 888 735 589 470 404 310 246 189 154 131 119 104 79 64 51 46 41 30 25 18 18 17 16 14 9 11 10 9 7 8 7 7 8 6 5 4 6 6 7 7 6 5 6 7 5 3 2 2 2 2 1 
0 0 0 250 250 250 279 359 461 539 679 735 1168 1668 2122 2811 3790 5046 6599 8378 10463 12989 16084 19418 22895 26604 30452 34439 38403 42141 45633 48554 51038 52930 54093 54438 54076 53019 51325 49186 46574 43702 40530 37281 33927 30676 27407 24408 21514 18762 16350 14159 12205 10452 8915 7502 6351 5374 4567 3814 3177 2617 2179 1812 1515 1249 994 813 678 564 446 364 289 231 182 151 120 97 89 67 59 52 49 39 33 28 26 25 20 17 13 11 8 7 4 3 3 3 1 1 1 2 1 1 1 1 1 1 1 
0 0 0 250 250 250 272 338 432 521 615 581 935 1459 1902 2470 3317 4414 5782 7245 8977 10969 13637 16562 19608 23081 26823 30766 34743 38698 42359 45524 48507 50802 52420 53398 53718 53279 52035 50595 48491 45792 42875 39691 36468 33213 29911 26594 23482 20723 18066 15776 13574 11591 9994 8669 7393 6249 5352 4507 3789 3181 2687 2179 1815 1549 1271 1054 874 738 611 513 417 356 295 245 192 149 129 100 89 68 57 48 44 38 30 25 20 17 17 13 10 9 8 6 4 3 2 1 1 1 
0 0 0 250 250 250 266 342 458 544 669 645 1008 1436 1835 2413 3290 4497 5921 7647 9540 11790 14727 17828 21048 24397 28033 31819 35850 39919 43392 46470 49319 51531 53225 54120 54080 53276 51889 50280 47966 45474 42315 39070 35812 32463 29351 26040 23028 20137 17681 15380 13265 11397 9704 8325 7028 5940 4979 4115 3437 2890 2405 1990 1632 1326 1090 914 754 608 477 374 310 243 186 146 114 88 76 61 46 37 30 23 19 13 8 7 5 4 1 1 1 
0 0 0 250 250 250 277 343 429 553 740 750 1094 1501 1957 2483 3145 4067 5250 6850 8653 10642 13007 15767 19058 22646 26354 29693 33395 37344 41178 44502 47346 49536 51244 52599 53253 52945 51996 50701 48797 46334 43558 40593 37289 34041 30836 27569 24435 21710 19059 16598 14379 12441 10608 9107 7738 6530 5515 4692 3920 3261 2732 2283 1918 1577 1318 1087 931 782 651 517 431 373 307 248 206 170 138 115 94 70 51 37 28 21 19 13 9 4 4 3 2 2 1 
0 0 0 250 250 250 270 353 470 568 680 564 847 1252 1573 1886 2425 3165 4213 5526 6915 8468 10636 13167 15861 18762 21911 25342 28995 32629 36034 39341 42618 45717 48168 49969 51151 51752 51712 51063 49756 47676 45283 42726 39708 36605 33531 30471 27285 24394 21687 18973 16713 14656 12695 10958 9425 8052 6850 5833 4895 4102 3467 2870 2429 2070 1710 1404 1196 1003 839 687 567 465 392 330 266 232 201 181 150 127 105 87 73 64 56 39 30 23 20 16 12 8 7 6 6 3 3 2 1 1 1 
0 0 0 250 250 250 277 357 467 589 736 705 1063 1499 1953 2485 3222 4230 5536 7135 9059 11271 13738 16551 19692 23095 26923 30866 34814 38657 42468 45798 48831 51241 52934 53666 53931 53498 52252 50796 48581 46036 43097 40113 36631 33177 30017 26760 23685 20791 18018 15598 13525 11692 10011 8516 7207 6088 5187 4355 3664 3074 2551 2143 1832 1524 1243 1043 858 717 598 487 396 345 289 252 198 168 146 122 111 90 72 55 46 37 33 33 24 20 15 15 14 13 9 5 5 4 3 1 1 1 1 1 1 1 1 
0 0 0 250 250 250 270 338 448 528 631 529 777 1143 1512 2013 2571 3286 4413 5860 7349 9137 11162 13517 16221 19405 22685 26126 29834 33479 37219 40741 44097 46915 49247 50954 52211 52708 52492 51698 50215 48242 45807 43054 39921 36727 33563 30409 27355 24356 21526 18874 16470 14385 12501 10713 9161 7822 6661 5683 4793 4011 3333 2790 2275 1908 1584 1308 1080 903 723 592 503 409 334 270 235 187 169 140 111 90 75 60 52 44 34 28 24 23 21 17 13 12 9 8 7 4 4 3 3 2 1 1 
0 0 0 250 250 250 277 354 452 529 659 632 997 1463 1892 2383 3108 4327 5872 7440 9154 11253 13761 16737 20051 23575 26969 30900 35022 38982 42946 46432 49231 51367 53086 53992 54386 53984 52703 50844 48468 45810 42907 39707 36346 32857 29561 26428 23594 20800 18133 15829 13528 11679 9970 8504 7253 6161 5252 4401 3727 3137 2667 2226 1850 1522 1286 1074 862 724 591 488 415 350 289 242 204 155 128 101 77 63 53 40 34 31 19 19 18 15 15 14 12 7 8 7 6 4 2 3 2 3 2 2 2 2 2 1 1 
0 0 0 250 250 250 274 351 450 543 646 671 1044 1532 1922 2414 3063 4049 5334 6737 8370 10203 12794 15424 18442 21599 24938 28434 32063 35867 39242 42780 45969 48493 50515 51822 52569 52732 52191 50958 49106 46927 44213 41505 38354 35063 31737 28479 25312 22437 19891 17358 15200 13056 11256 9648 8252 6993 5852 4880 4079 3433 2873 2398 1991 1652 1403 1192 984 825 698 562 452 371 287 241 183 140 118 94 72 46 34 23 17 12 8 6 5 4 2 2 2 2 2 1 1 2 1 1 1 1 1 1 1 
0 0 0 250 250 250 285 355 449 563 673 572 872 1338 1781 2273 3009 4106 5568 7248 9075 11071 13473 16303 19478 22839 26378 30050 33825 37699 41374 44837 47800 50108 51667 52799 53251 53045 52105 50423 48231 45716 42962 39908 36679 33293 30138 27033 24073 21302 18710 16334 14228 12321 10539 9103 7799 6645 5658 4726 3969 3327 2814 2320 1917 1588 1327 1124 910 759 633 532 451 362 303 251 216 183 149 119 100 81 65 54 43 34 29 22 17 15 14 9 8 6 6 6 2 1 1 1 
0 0 0 250 250 250 282 354 473 583 685 599 911 1376 1839 2388 3212 4329 5770 7394 9295 11520 14310 17411 20594 24088 27888 31823 35868 39740 43083 46250 49139 51346 52832 53808 53938 53272 52264 50648 48291 45571 42528 39350 35914 32676 29305 25981 23051 20363 17865 15391 13350 11505 9876 8484 7215 6050 5098 4329 3624 2985 2513 2093 1733 1462 1199 961 805 678 559 448 367 296 233 203 161 117 95 72 57 50 40 32 28 26 19 16 14 9 9 7 4 3 3 3 3 2 2 2 1 1 1 1 
0 0 0 248 248 248 279 362 474 583 706 699 1165 1756 2167 2667 3574 4872 6401 8081 9845 11865 14506 17634 20804 24040 27543 31161 34915 38566 41879 44835 47407 49489 51137 52044 52202 51738 50888 49248 47171 44620 41612 38633 35570 32564 29360 26402 23498 20850 18307 16005 13899 11866 10157 8640 7331 6200 5280 4364 3637 3059 2576 2156 1782 1476 1223 1045 844 704 592 499 421 347 292 238 202 171 134 98 85 71 49 36 28 19 18 15 9 8 6 2 1 
0 0 0 250 250 250 280 362 459 550 692 749 1161 1693 2189 2834 3747 5052 6571 8195 10137 12506 15262 18348 21630 25032 28774 32639 36433 40064 43545 46461 49152 51022 52299 52846 52720 51716 50311 48457 45779 43220 40193 37125 33968 30992 27829 24808 22129 19459 17046 14814 12785 10988 9414 8128 6933 5877 4930 4127 3496 2901 2421 1979 1654 1360 1125 938 775 652 542 450 363 287 246 203 169 138 111 83 71 60 45 38 32 28 24 19 14 12 11 8 6 4 4 3 1 1 
0 0 0 250 250 250 268 353 433 519 619 538 790 1110 1332 1635 2187 3018 3997 5154 6452 8136 10256 12566 15103 18012 21176 24551 28202 31784 35471 39098 42522 45270 47835 50108 51455 52311 52336 51832 50703 49190 46898 43991 41181 38145 35068 31809 28579 25459 22604 19983 17454 15039 12937 11139 9527 8106 6865 5793 4887 4164 3480 2885 2410 2024 1711 1398 1157 946 787 653 546 442 350 309 263 213 173 152 123 99 86 69 56 51 46 33 23 19 17 14 11 9 4 3 2 
0 0 0 250 250 250 271 327 400 461 530 392 579 872 1108 1471 2066 2840 3724 4815 6144 7746 9744 12035 14523 17224 20593 24212 27980 31671 35395 39066 42645 46002 48446 50332 51763 52624 52938 52363 51078 49258 47065 44605 41653 38532 35145 32006 28895 25810 22961 20229 17731 15522 13570 11684 10023 8576 7308 6161 5221 4349 3614 3008 2482 2057 1704 1402 1149 960 797 666 546 450 371 320 262 215 168 134 107 93 73 60 48 41 33 25 21 15 11 9 7 6 5 3 2 3 3 2 2 1 1 1 1 
0 0 0 250 250 250 278 366 453 555 672 625 922 1389 1767 2324 3177 4400 5833 7554 9541 11820 14702 17833 21138 24685 28528 32555 36611 40409 44050 47334 50230 52272 53701 54407 54326 53840 52498 50593 48105 45375 42284 38897 35571 32112 28817 25617 22676 19871 17373 15182 13132 11283 9590 8151 6898 5870 4964 4133 3442 2839 2388 1984 1612 1342 1067 888 738 627 513 424 360 307 272 215 185 157 128 112 92 71 59 52 42 36 32 25 23 16 14 10 8 8 9 9 9 10 9 9 9 7 5 5 4 3 2 1 1 1 1 1 1 1 
0 0 0 250 250 250 278 356 465 564 657 550 841 1261 1787 2321 3019 3880 4966 6400 8018 9959 12129 14727 17769 21102 24765 28586 32515 36467 40259 43766 46913 49680 51745 53115 53698 53673 53028 51773 49868 47205 44389 41209 38033 34639 31210 27960 24702 21898 19219 16811 14570 12517 10849 9232 7869 6691 5653 4799 4020 3369 2777 2295 1937 1613 1335 1069 888 741 598 511 423 349 280 230 198 162 134 112 90 77 50 43 35 28 17 13 12 9 9 7 3 3 3 4 3 2 2 1 1 1 1 
0 0 0 250 250 250 284 370 476 579 711 622 873 1246 1613 2093 2928 4043 5302 6725 8395 10391 12962 15932 19135 22319 26080 30199 34384 38274 42050 45447 48418 50995 52598 53566 53939 53887 52835 51185 48968 46336 43672 40509 37206 33764 30428 27248 24165 21429 18692 16334 14123 12150 10473 8983 7669 6468 5457 4611 3880 3293 2778 2287 1907 1580 1327 1078 890 741 615 522 414 350 281 244 210 165 131 107 104 86 68 51 41 31 23 21 12 14 11 10 9 8 8 5 4 1 1 1 
0 0 0 250 250 250 274 354 465 550 656 570 821 1159 1498 1949 2639 3606 4823 6199 7695 9656 12167 15096 18251 21542 25056 28826 33105 37115 40699 44021 47198 49980 52136 53601 54132 54164 53714 52450 50359 47848 45096 42041 38765 35308 31839 28519 25383 22450 19592 17089 14827 12791 10933 9372 7939 6675 5641 4695 3881 3244 2739 2231 1885 1568 1283 1075 921 754 610 517 415 330 284 232 194 160 136 108 89 80 65 61 53 48 41 35 32 29 27 20 17 12 13 11 8 7 6 6 4 4 2 2 2 
0 0 0 250 250 250 277 359 469 568 666 608 929 1388 1699 2058 2618 3538 4556 5768 7029 8645 10909 13347 16077 18929 22097 25407 28994 32595 36100 39498 42632 45249 47749 49692 51197 51774 51583 50909 49571 47909 45605 42991 39891 36842 33695 30545 27484 24521 21768 19162 16818 14625 12702 10972 9485 8150 6864 5800 4880 4123 3504 2957 2475 2095 1754 1457 1214 1013 841 714 593 470 393 342 287 252 207 168 132 110 91 69 64 49 42 32 25 22 18 16 9 6 3 3 1 1 1 
0 0 0 250 250 250 282 345 437 535 623 524 752 1053 1375 1752 2246 2932 3852 4871 6048 7706 9684 11985 14716 17749 21108 24754 28666 32349 36121 39969 43616 46800 49595 51755 53105 53913 54260 53659 52137 50140 47691 44916 42000 38826 35270 31821 28622 25605 22497 19766 17298 15031 13043 11290 9690 8211 7034 5914 4971 4218 3545 2929 2402 2026 1692 1422 1144 939 740 609 515 401 324 259 204 161 137 106 89 74 59 48 41 40 31 25 22 20 20 17 18 11 10 8 6 5 4 3 2 2 1 1 1 1 
0 0 0 250 250 250 276 343 449 527 638 591 924 1435 1896 2465 3288 4429 5884 7600 9516 11674 14268 17177 20459 24147 27873 31624 35535 39403 43224 46605 49420 51504 53042 54013 54262 53620 52365 50587 48365 45602 42509 39388 35950 32662 29412 26238 23195 20457 18000 15567 13469 11657 9915 8497 7208 6089 5116 4291 3649 3029 2521 2086 1710 1427 1187 984 791 651 541 451 373 310 256 208 180 153 125 107 92 72 60 50 41 35 27 14 11 6 5 4 3 1 
0 0 0 250 250 250 286 350 457 585 807 856 1330 1932 2605 3527 4605 5997 7543 9395 11565 14171 17207 20534 24151 27845 31800 35997 39947 43525 46757 49549 51866 53452 54386 54327 53807 52592 50740 48379 45641 42609 39402 36101 32664 29450 26292 23273 20367 17864 15449 13400 11546 9806 8328 7038 5922 4992 4183 3471 2846 2368 1986 1648 1373 1085 908 719 585 474 392 315 241 211 169 140 120 97 75 58 49 33 27 18 14 9 7 5 5 4 4 5 7 7 6 5 6 8 7 6 4 5 5 5 4 3 4 4 4 3 3 3 2 1 
0 0 0 250 250 250 274 350 463 572 669 603 877 1248 1595 2069 2776 3740 5014 6343 7829 9662 12056 14700 17494 20720 24055 27722 31619 35441 39144 42649 45806 48247 50352 51786 52677 52768 52237 50928 49236 47138 44513 41756 38684 35530 32287 29218 26108 23213 20535 17960 15627 13563 11623 9976 8580 7267 6167 5224 4342 3675 3082 2567 2131 1814 1487 1224 1017 830 717 591 474 376 315 251 208 173 131 106 90 72 55 45 36 27 22 15 12 12 9 8 6 5 4 3 2 2 2 1 1 1 2 3 3 2 2 2 3 3 2 1 1 1 1 1 
0 0 0 250 250 250 270 356 475 587 702 666 1037 1583 2049 2574 3412 4557 6059 7658 9343 11304 13805 16798 19899 23095 26491 30166 34114 37970 41530 44560 47267 49547 51142 52076 52291 51900 50965 49460 47398 44897 42196 39335 36164 32954 29699 26656 23734 21037 18421 15994 13897 11984 10336 8771 7500 6381 5472 4641 3923 3300 2781 2435 2061 1748 1447 1207 1040 865 711 579 467 380 321 274 218 177 157 120 105 92 75 61 54 48 32 27 20 19 14 12 9 5 6 6 4 2 2 2 2 2 1 
0 0 0 250 250 250 277 342 430 523 623 538 769 1054 1355 1848 2483 3302 4275 5540 7141 8933 11187 13563 16174 19276 22676 26187 29871 33949 37548 41198 44716 47763 50246 52285 53427 53587 53593 52791 51390 49110 46530 43506 40424 37155 33839 30429 27058 24077 21225 18623 16151 14071 12060 10357 8867 7543 6434 5402 4598 3886 3228 2730 2294 1933 1611 1371 1129 922 756 616 487 405 328 259 211 175 151 127 105 81 66 56 48 41 30 23 20 11 10 8 6 2 1 1 2 2 2 1 1 1 1 1 
0 0 0 250 250 250 277 372 490 618 815 965 1569 2358 3010 3791 4828 6222 7994 10011 12209 14594 17660 21055 24585 28290 31958 35634 39269 42762 45885 48388 50618 52055 53012 53152 52511 51308 49505 47468 44793 41883 38669 35429 32240 29071 26007 23058 20255 17769 15474 13422 11611 9995 8564 7274 6208 5281 4491 3811 3222 2684 2253 1854 1582 1322 1083 871 705 600 485 403 325 260 219 178 148 117 105 95 76 65 56 51 40 35 25 19 17 12 6 3 3 4 2 2 2 2 2 3 3 2 2 1 3 3 3 2 2 2 2 2 
0 0 0 250 250 250 270 347 425 532 633 588 860 1322 1785 2330 3183 4285 5608 7201 9088 11375 14261 17554 20759 24172 27832 31793 35960 39779 43173 46045 48772 51190 53102 54149 54104 53505 52312 50775 48610 45817 42691 39435 36111 32746 29525 26292 23286 20522 17892 15365 13242 11369 9662 8169 6952 5825 4884 4097 3472 2914 2441 2015 1647 1372 1144 966 809 676 532 461 374 309 252 207 165 134 112 92 78 72 60 51 43 37 35 28 22 12 11 8 6 3 2 2 2 2 1 
0 0 0 249 249 249 272 328 428 543 693 647 985 1446 2039 2781 3653 4807 6265 8013 9987 12347 15017 17917 21240 24648 28246 31971 35938 39652 43076 46284 49032 51294 52905 53750 53556 52963 51672 49791 47469 44885 41931 38709 35542 32230 29068 26044 23068 20140 17540 15320 13296 11444 9837 8381 7109 6014 5059 4238 3534 2939 2426 1992 1612 1367 1115 906 761 610 509 412 336 267 224 183 146 125 90 80 65 51 41 35 30 20 19 15 13 10 7 6 4 3 3 3 3 2 2 1 
0 0 0 249 249 249 269 337 422 497 589 494 677 917 1145 1504 2105 2910 3785 4853 6215 8042 10189 12675 15332 18323 21789 25432 29127 32929 36792 40432 43844 46728 49364 51206 52690 53181 53160 52423 50908 49173 46776 43978 40906 37764 34359 31015 27904 24779 21784 19254 16799 14637 12667 10926 9373 8008 6747 5737 4879 4065 3423 2873 2460 2043 1739 1470 1210 1016 852 718 594 502 417 333 273 237 191 151 121 103 78 64 46 36 26 19 12 9 7 5 4 3 3 3 1 2 2 2 2 1 1 1 1 
0 0 0 250 250 250 271 333 431 527 630 545 817 1196 1580 2047 2686 3652 4798 6266 7937 9809 12109 14894 17957 21216 24838 28514 32306 36296 39978 43424 46574 49235 51358 52706 53429 53426 52830 51378 49423 46997 44135 41196 38009 34618 31404 28295 25143 22307 19598 17161 14881 12978 11135 9583 8251 6967 5916 4954 4243 3509 2960 2465 2091 1751 1459 1221 990 840 689 564 453 377 312 246 208 155 125 106 87 76 64 50 41 38 34 27 20 12 10 10 8 4 4 3 3 2 1 
0 0 0 250 250 250 266 345 448 555 659 551 781 1151 1526 1925 2541 3555 4936 6486 8111 10058 12436 15324 18664 22063 25564 29088 33012 37022 40907 44313 47065 49452 51368 52977 53694 53427 52537 51222 49453 47103 44282 41173 37919 34754 31428 28145 24941 22059 19404 16894 14678 12638 10923 9387 8066 6817 5778 4894 4105 3467 2920 2418 2015 1684 1390 1144 965 805 661 544 448 372 298 231 184 132 111 96 83 67 48 39 30 28 18 15 10 7 8 9 7 4 3 2 2 2 1 
0 0 0 250 250 250 270 346 444 538 640 575 827 1218 1510 1891 2489 3280 4354 5511 6825 8576 10786 13199 15809 18758 22053 25727 29497 33140 36612 40154 43430 46449 48830 50561 51806 52301 52180 51596 50399 48378 45957 43074 40020 36900 33855 30493 27127 24101 21245 18721 16393 14230 12214 10488 9035 7737 6607 5618 4691 3927 3325 2772 2352 1968 1620 1340 1135 963 793 641 529 428 345 284 231 186 154 126 95 81 70 63 52 37 36 30 29 20 17 17 15 14 7 6 4 4 4 1 
0 0 0 249 249 249 270 339 427 526 631 601 935 1373 1701 2147 2779 3671 4677 5838 7284 8920 10983 13351 16100 18929 22275 25902 29495 33179 36980 40631 43777 46703 49052 50850 51850 52387 52227 51181 49664 47706 45307 42334 39427 36228 32945 29876 26822 23862 21052 18534 16188 14086 12136 10463 9005 7683 6543 5571 4753 4003 3388 2830 2397 1996 1649 1393 1154 975 824 663 540 465 380 314 270 224 179 167 146 122 102 87 72 58 51 36 29 23 19 16 12 7 5 5 3 3 2 
0 0 0 250 250 250 265 329 447 557 734 762 1213 1837 2423 3091 4045 5417 6982 8906 10906 13143 15945 19218 22639 26079 29643 33480 37298 41050 44622 47478 50056 51974 53296 53622 53448 52600 50983 49000 46297 43232 40292 37060 33801 30448 27147 24062 21273 18815 16289 14126 12111 10418 8916 7561 6406 5440 4581 3848 3202 2654 2249 1914 1600 1318 1084 896 758 617 493 419 323 264 205 165 133 111 86 61 50 42 37 29 25 18 18 15 13 12 7 6 5 4 3 2 1 
0 0 0 250 250 250 274 341 440 537 627 518 848 1371 1980 2665 3422 4434 5831 7568 9644 11865 14332 17230 20664 24498 28237 31908 35650 39437 43281 46662 49271 51386 53030 54275 54373 53818 52497 50656 48422 45558 42562 39144 35838 32561 29195 26026 23047 20282 17672 15386 13351 11404 9833 8346 7100 6038 5105 4286 3608 3047 2501 2095 1754 1479 1235 1032 849 689 582 475 401 328 255 197 161 138 109 90 70 57 45 36 28 21 20 19 14 10 9 9 9 9 6 5 5 4 4 3 3 2 3 3 3 2 1 1 1 1 
0 0 0 250 250 250 265 339 454 541 645 605 990 1556 1963 2395 3097 4134 5389 6896 8554 10283 12722 15738 18918 22102 25641 29347 33145 36975 40700 43911 46754 49311 51142 52375 52964 52915 52039 50441 48572 46087 43326 40446 37204 33892 30635 27656 24539 21786 19147 16526 14365 12430 10684 9131 7802 6614 5678 4816 4024 3419 2887 2428 2030 1678 1364 1151 975 792 646 539 431 368 305 235 186 154 130 101 85 70 60 54 46 38 33 28 29 20 14 10 8 7 8 5 1 1 1 1 1 1 
0 0 0 250 250 250 281 362 481 591 711 668 1032 1536 2144 2816 3619 4702 6065 7709 9544 11853 14319 17237 20393 24033 27842 31690 35566 39110 42711 45871 48761 50840 52460 53405 53458 52951 51770 50063 47788 45169 42019 38778 35605 32434 29248 26023 23052 20285 17777 15432 13446 11532 9795 8419 7142 6020 5121 4301 3538 2974 2516 2118 1771 1451 1167 1004 841 685 578 481 410 345 288 227 194 159 128 105 79 66 54 40 33 24 18 14 14 8 7 8 5 4 5 4 3 3 2 3 3 3 2 2 4 5 5 3 3 3 4 5 3 2 2 2 2 2 1 
0 0 0 250 250 250 273 340 431 517 614 480 689 1121 1467 1858 2403 3330 4480 5823 7299 8961 11349 14086 17131 20207 23563 27093 31086 34970 38646 42284 45377 48088 50318 51915 52803 53144 52501 51189 49562 47362 44838 42086 38936 35644 32516 29333 26200 23329 20562 18043 15741 13674 11848 10208 8788 7527 6410 5452 4628 3887 3238 2713 2217 1858 1515 1251 1009 833 677 539 465 375 306 227 192 156 136 112 97 85 73 59 49 45 38 30 21 15 14 15 12 10 6 3 3 2 2 1 1 
0 0 0 250 250 250 284 397 530 634 767 713 1043 1465 1896 2441 3140 4095 5426 7011 8922 11182 13860 16827 20203 23889 27577 31705 35660 39392 43160 46533 49491 51705 53423 54211 54423 54165 52796 51030 48448 45876 42941 39726 36407 32913 29766 26532 23714 20851 18144 15740 13591 11702 9951 8513 7200 6068 5152 4341 3620 3038 2546 2115 1757 1461 1220 1006 829 663 548 439 362 285 223 180 140 126 92 79 65 50 44 35 36 28 25 19 15 11 8 7 4 1 1 
0 0 0 250 250 250 270 343 457 536 619 552 925 1456 1824 2250 2911 3974 5323 6642 8101 9895 12336 14955 17920 21020 24252 27902 31641 35220 38698 42127 44960 47392 49469 50832 51619 51835 51418 50265 48604 46507 43969 41302 38316 35195 31957 28821 25872 23044 20341 17699 15427 13318 11438 9872 8459 7165 6083 5190 4369 3705 3130 2623 2196 1843 1538 1307 1088 909 754 603 511 429 336 269 225 192 164 136 110 92 76 61 47 34 20 14 9 7 3 4 2 1 1 1 1 1 1 
0 0 0 250 250 250 277 341 437 548 642 533 823 1275 1695 2149 2763 3740 5106 6733 8563 10593 13175 16334 19710 23394 27071 30874 34875 39001 42879 46232 49150 51339 53143 54313 54782 54214 52994 51300 49235 46602 43672 40566 37115 33771 30460 27216 24085 21237 18567 16048 13840 11914 10207 8703 7355 6254 5245 4389 3692 3129 2617 2149 1779 1474 1217 1024 827 670 546 451 387 343 282 232 211 168 144 129 109 84 75 60 48 42 36 26 21 16 11 9 7 6 3 3 2 2 2 2 
0 0 0 250 250 250 282 352 449 559 748 801 1266 1916 2569 3369 4419 5776 7527 9325 11468 13779 16660 19838 23197 26770 30524 34554 38359 41785 45093 47969 50605 52467 53384 53624 53275 52453 50746 48590 45770 42770 39567 36274 32868 29576 26480 23485 20642 18036 15732 13597 11760 10141 8660 7357 6290 5359 4555 3814 3186 2715 2266 1907 1579 1283 1039 887 736 579 464 369 305 249 201 155 121 102 80 64 45 35 29 29 22 15 12 12 12 10 9 5 4 4 3 3 2 1 
0 0 0 249 249 249 272 326 414 499 614 507 793 1203 1651 2199 2999 3985 5212 6855 8667 10771 13262 15986 18986 22292 25984 29677 33461 37225 40772 44090 46945 49689 51584 52730 53261 53084 52265 51093 49143 46420 43473 40382 37088 33749 30493 27181 24203 21421 18769 16349 14199 12260 10514 8955 7640 6434 5425 4611 3858 3235 2727 2255 1864 1532 1290 1046 875 711 567 458 373 319 257 213 175 147 117 100 79 57 41 31 25 18 13 10 8 6 5 4 3 2 1 2 1 1 1 1 1 1 1 
0 0 0 250 250 250 279 366 479 590 729 735 1173 1761 2375 3066 4095 5417 7075 8897 11063 13417 16359 19716 23144 26826 30804 34735 38376 41999 45461 48425 50887 52549 53310 53693 53480 52587 50760 48420 45794 42953 39813 36461 33175 29844 26748 23806 20983 18385 16103 14029 12087 10416 8852 7535 6398 5406 4573 3843 3241 2738 2305 1891 1546 1287 1061 873 711 577 478 414 329 249 200 164 134 109 87 71 60 59 56 45 36 28 23 17 12 6 3 2 1 1 
