0 0 0 248 248 248 271 345 448 535 629 619 1049 1617 2156 2729 3544 4778 6474 8291 10276 12490 15261 18561 22189 25707 29333 33182 36947 40782 44299 47388 49941 52077 53524 54273 54554 53991 52659 50822 48477 45882 42912 39797 36392 33040 30037 27069 24225 21536 19047 16807 14870 13108 11438 9990 8706 7590 6706 5824 5027 4403 3812 3261 2843 2439 2057 1787 1582 1354 1181 1025 883 753 658 570 495 440 388 341 291 271 249 206 169 146 129 106 93 75 56 43 39 30 20 17 14 11 9 7 7 6 4 1 1 1 1 1 
0 0 0 250 250 250 297 418 601 795 1004 1053 1539 2138 2817 3606 4729 6257 8114 10221 12680 15637 19069 22730 26286 30069 34034 38095 41850 45186 47974 50491 52797 54071 54458 54237 53469 52225 50324 47850 44837 41812 38762 35614 32461 29210 26175 23480 20965 18580 16396 14321 12459 10876 9597 8290 7192 6313 5510 4831 4222 3684 3177 2772 2392 2045 1798 1548 1349 1163 1023 877 756 657 577 525 448 386 338 300 280 252 215 184 159 141 114 94 76 66 55 49 49 40 35 34 34 31 25 24 17 18 14 12 9 6 7 4 4 2 2 2 3 3 3 2 2 2 2 2 1 1 
0 0 0 250 250 250 270 358 494 584 680 570 866 1260 1760 2328 3189 4247 5511 7040 8942 11269 13957 16864 19849 23285 27067 31086 34862 38647 42194 45784 48835 51416 53351 54522 55104 54804 54069 52481 50346 47767 44770 41636 38573 35372 31897 28640 25749 22851 20293 17941 15670 13678 12009 10415 9054 7930 6900 5978 5106 4418 3812 3359 2918 2543 2193 1858 1605 1362 1196 1012 862 717 629 557 498 452 365 310 280 250 209 177 146 117 108 93 73 64 55 44 40 36 31 24 19 15 11 11 8 5 3 4 4 3 3 3 3 3 2 1 1 1 1 
0 0 0 249 249 249 281 377 479 590 716 658 1048 1572 2233 3045 4045 5315 6890 8915 11227 13757 16730 20059 23715 27611 31516 35527 39358 43188 46507 49405 51612 53311 54610 54869 54477 53451 51707 49494 47115 44162 40840 37628 34444 31119 28185 25232 22521 20050 17901 15854 13996 12365 10869 9603 8325 7293 6269 5437 4673 4084 3503 2994 2565 2201 1942 1672 1430 1211 1054 929 816 700 589 497 432 358 307 257 218 184 157 132 110 97 80 62 52 51 39 33 29 24 21 21 15 11 12 10 8 6 5 5 5 5 4 4 5 6 5 4 4 4 3 3 2 1 1 1 1 
0 0 0 249 249 249 273 331 426 524 641 627 1012 1624 2307 3115 4120 5498 7112 8994 11166 13702 16603 19733 23175 26912 30731 34524 38479 42161 45555 48701 51124 52956 54159 54839 54669 53635 52055 49896 47617 44646 41815 38545 35189 32089 29063 26156 23311 20820 18281 16113 14200 12395 10783 9380 8187 7094 6140 5383 4655 4035 3502 3039 2568 2249 1955 1667 1423 1243 1064 918 805 677 589 523 452 391 335 289 244 224 195 168 146 124 117 109 99 84 71 67 62 59 54 52 49 42 41 34 33 30 28 22 16 20 16 13 11 10 9 8 8 4 4 4 4 3 3 3 3 2 2 2 2 2 1 
0 0 0 250 250 250 277 330 438 524 644 569 838 1244 1720 2294 2910 3848 5124 6655 8369 10308 12856 15920 19242 22712 26382 30343 34525 38543 42225 45466 48471 51255 53283 54417 54805 54786 53958 52472 50588 47854 45110 42102 39009 35706 32535 29467 26326 23586 20894 18553 16285 14257 12489 10890 9547 8331 7180 6189 5372 4684 3979 3437 2982 2548 2180 1864 1628 1414 1256 1097 947 851 758 674 590 510 429 379 323 281 252 208 159 137 123 104 87 75 65 50 45 39 33 26 22 18 11 9 11 11 9 7 8 9 11 12 9 8 9 9 8 7 6 6 7 5 4 5 4 4 4 3 2 3 4 3 3 3 2 2 4 3 2 3 3 3 3 3 1 1 
0 0 0 250 250 250 278 338 416 492 567 460 719 1086 1493 1967 2682 3641 4894 6323 7868 9759 12142 14870 17889 21127 24544 28171 32038 35964 39639 43274 46571 49293 51564 53307 54253 54543 54150 53121 51265 49095 46556 43582 40738 37535 34216 30905 27924 25092 22356 19897 17429 15280 13537 11861 10342 8993 7816 6773 5882 5149 4418 3803 3263 2816 2416 2088 1800 1518 1308 1122 981 841 735 643 553 485 423 361 304 271 227 200 172 147 120 111 103 84 73 56 51 39 33 24 20 16 14 12 9 7 8 9 6 5 5 5 5 5 2 1 1 1 
0 0 0 250 250 250 278 360 463 597 804 922 1514 2148 2815 3667 4775 6249 8055 10098 12320 14976 18116 21516 25300 29191 33078 36846 40748 44358 47610 50486 52480 53813 54651 54701 54043 52895 51044 48564 45979 43065 39834 36793 33550 30279 27238 24421 21725 19227 16988 14930 13059 11420 9946 8633 7482 6525 5647 4876 4200 3611 3101 2700 2322 1994 1721 1465 1276 1116 971 843 730 650 579 507 464 406 359 300 255 215 181 163 137 111 98 90 77 66 60 53 46 40 36 33 25 23 19 13 11 9 8 7 7 6 5 5 4 3 2 2 2 1 
0 0 0 249 249 249 266 332 417 519 675 684 1065 1601 2260 3006 4077 5420 7096 9004 11124 13607 16338 19567 22901 26542 30290 34207 38072 41782 45346 48408 50955 52878 54107 54416 54311 53535 52136 50047 47638 44780 41789 38854 35607 32372 29167 26289 23427 20897 18483 16220 14297 12520 10931 9514 8322 7224 6260 5434 4677 4011 3466 2954 2577 2223 1921 1674 1464 1276 1111 967 843 725 627 532 443 391 348 299 242 199 169 154 134 102 87 76 65 60 53 46 34 33 24 24 20 18 16 13 10 8 8 5 5 4 3 2 2 3 2 2 1 1 1 1 1 
0 0 0 250 250 250 284 364 490 619 761 741 1102 1504 1947 2476 3216 4334 5816 7377 9193 11465 14242 17403 20653 24128 27689 31642 35698 39441 42944 46235 49051 51356 53100 54225 54584 54331 53189 51417 49339 46758 43993 40816 37460 34216 31199 28187 25342 22659 20081 17700 15675 13831 12080 10581 9242 8018 6948 6071 5205 4455 3861 3324 2867 2525 2179 1865 1635 1405 1241 1080 939 801 688 605 525 462 393 331 281 238 190 169 149 120 109 97 84 74 74 62 50 46 38 34 30 25 16 12 12 12 11 9 4 3 4 4 1 1 1 2 2 2 1 1 1 1 1 
0 0 0 250 250 250 273 355 465 575 680 625 998 1524 2074 2660 3394 4443 5891 7618 9506 11814 14627 17907 21454 25095 28854 32847 36700 40299 43551 46520 49093 51172 52771 53364 53619 53330 52339 50572 48406 45956 43005 40059 37022 33811 30663 27663 24864 22230 19818 17600 15428 13510 11915 10535 9221 7935 6857 5954 5175 4479 3815 3292 2825 2513 2191 1891 1636 1430 1290 1112 954 824 726 634 550 466 404 358 320 272 245 209 175 163 133 117 100 86 66 60 58 47 43 44 40 35 35 28 23 18 15 8 8 8 6 6 5 4 3 2 1 1 
0 0 0 250 250 250 279 350 463 545 657 619 1038 1575 2156 2839 3734 4955 6558 8352 10404 12656 15380 18573 22078 25637 29346 33220 37097 40988 44736 47723 50270 52568 54045 54871 54884 54071 52540 50658 48370 45512 42454 39355 36127 33011 29895 26994 24112 21421 19012 16705 14696 12875 11264 9829 8560 7495 6537 5621 4856 4203 3608 3133 2699 2337 2003 1749 1495 1298 1172 1013 895 761 657 562 490 427 345 285 229 194 164 137 114 105 86 68 61 47 42 36 29 21 22 21 16 16 14 12 9 9 6 3 2 1 
0 0 0 249 249 249 276 352 450 543 662 560 804 1145 1511 2060 2831 3805 4944 6332 8055 10104 12661 15433 18607 22122 25849 29795 33785 37767 41632 45260 48250 50587 52606 53959 54555 54484 53705 52095 50172 47962 45282 42419 39344 36133 32889 29916 26944 24080 21376 18869 16671 14688 12821 11165 9703 8479 7361 6326 5448 4672 4050 3511 3048 2616 2273 1977 1693 1459 1238 1049 911 768 655 562 480 410 351 318 267 242 220 197 175 154 142 126 110 93 76 65 56 57 49 41 35 33 26 21 18 13 10 9 8 6 6 5 3 2 2 2 1 1 1 1 1 
0 0 0 250 250 250 273 343 456 555 668 611 946 1409 1942 2589 3422 4569 5989 7702 9533 11792 14498 17396 20601 24108 27818 31628 35710 39635 43149 46612 49423 51853 53442 54445 54672 54086 52918 51161 49109 46362 43633 40579 37292 34073 31078 28064 25143 22440 19887 17522 15541 13767 12034 10499 9179 8046 7031 6156 5333 4551 3939 3414 2944 2538 2139 1853 1582 1387 1202 1029 899 753 660 553 473 413 363 315 269 242 214 201 182 156 133 111 94 80 69 53 42 41 31 27 21 16 12 9 6 3 3 5 6 4 4 4 4 3 3 1 
0 0 0 250 250 250 275 343 426 532 662 671 1040 1538 2086 2799 3736 4965 6532 8473 10679 13137 15871 18979 22337 25948 29768 33415 37108 40787 44330 47438 50210 52233 53469 54206 54264 53559 52195 50368 48001 45319 42424 39329 36090 32816 29713 26734 23842 21273 18838 16634 14694 13002 11475 10033 8771 7645 6708 5840 5073 4442 3868 3350 2933 2528 2188 1907 1635 1398 1187 1034 890 749 637 548 472 411 367 308 253 227 202 163 140 110 86 72 64 49 44 39 31 29 29 25 20 16 15 12 12 10 7 6 6 5 2 2 1 1 1 1 1 1 2 2 2 1 1 1 1 1 
0 0 0 250 250 250 271 352 474 545 684 744 1216 1721 2283 2939 3875 5220 6733 8461 10365 12716 15586 18789 22145 25682 29575 33584 37567 41307 44591 47532 50229 52409 53650 54286 54136 53426 52176 50426 48035 45212 42415 39311 36220 33034 30022 27000 24154 21469 18884 16551 14499 12718 11093 9643 8337 7204 6276 5396 4666 4046 3439 2994 2600 2285 1943 1693 1452 1242 1061 901 780 652 556 475 401 345 299 268 230 194 172 148 136 117 111 95 84 74 62 58 52 41 33 28 26 24 21 14 12 10 8 6 4 4 3 3 2 1 1 1 1 
0 0 0 250 250 250 271 351 462 562 666 558 783 1105 1477 1912 2529 3482 4730 6294 8112 10121 12516 15492 18710 22242 25817 29639 33561 37667 41498 45023 48036 50603 52718 53950 54723 54642 53936 52455 50608 48134 45489 42580 39308 35961 32779 29744 26775 23988 21258 18855 16648 14795 13010 11304 9888 8682 7564 6560 5701 4923 4308 3779 3269 2753 2386 2096 1838 1547 1307 1118 978 875 749 640 531 471 399 342 291 239 188 149 127 110 97 88 66 59 56 54 44 36 32 23 21 15 13 12 11 10 8 9 9 10 12 9 9 8 8 6 4 2 
0 0 0 250 250 250 271 336 435 544 687 646 960 1366 1905 2598 3401 4416 5713 7338 9420 11709 14446 17383 20818 24336 28229 32300 36212 40235 43777 47078 49866 52171 53775 54576 54804 54040 52848 51174 48937 46505 43516 40298 36930 33756 30654 27591 24653 21823 19425 17261 15295 13488 11808 10291 8973 7846 6778 5895 5052 4361 3759 3265 2820 2443 2132 1824 1562 1377 1185 1010 893 773 641 558 492 429 387 344 292 249 231 194 173 149 135 115 104 93 77 70 70 64 51 46 39 34 35 31 26 22 20 15 17 17 13 11 7 7 7 7 5 3 1 2 1 1 1 1 1 1 1 
0 0 0 250 250 250 278 364 466 579 691 621 1024 1642 2450 3233 4130 5447 7232 9334 11586 14110 16943 20215 23824 27693 31590 35634 39484 43123 46254 49200 51722 53276 54355 54577 54262 53219 51745 49583 47020 44253 41052 37803 34522 31308 28160 25254 22359 19714 17417 15325 13442 11785 10395 9043 7947 7032 6066 5278 4578 3958 3413 2941 2567 2199 1912 1601 1386 1229 1069 931 782 672 586 509 419 345 292 260 216 180 151 128 115 102 78 56 54 43 36 31 24 22 16 14 7 7 7 5 5 4 4 3 4 4 4 4 3 4 4 4 3 2 2 1 2 1 1 1 1 1 2 2 1 1 1 1 1 1 
0 0 0 250 250 250 271 344 437 518 597 505 774 1196 1727 2299 2944 3874 5113 6533 8192 10065 12432 14975 18115 21550 25184 29074 33033 36964 40630 44245 47362 49982 52073 53403 54172 54289 53806 52495 50683 48284 45538 42738 39619 36445 33151 30026 26961 24316 21735 19142 16905 14822 12984 11489 10110 8736 7538 6604 5706 5004 4361 3761 3245 2778 2450 2138 1859 1592 1379 1194 1047 934 784 666 596 513 431 367 310 261 238 210 165 135 117 106 93 77 66 57 53 51 41 35 33 31 25 23 21 19 16 11 8 7 7 5 5 5 5 4 3 3 3 3 1 1 
0 0 0 250 250 250 276 362 462 546 660 609 963 1381 1882 2529 3362 4569 6130 7847 9755 12035 14832 17887 21127 24693 28334 32141 36119 39841 43304 46526 49425 51619 53234 54337 54492 54176 53205 51467 49252 46653 43769 40573 37368 34180 30840 27809 24932 22204 19637 17281 15216 13341 11697 10205 8857 7712 6749 5866 5108 4368 3782 3270 2844 2454 2101 1821 1566 1363 1208 1034 891 756 624 559 478 403 333 297 253 218 198 163 142 132 123 99 86 72 65 61 56 47 39 40 35 33 30 28 24 22 18 16 17 14 14 9 8 7 7 7 5 5 3 3 3 2 2 
0 0 0 249 249 249 278 361 473 563 658 546 792 1121 1460 1928 2644 3690 5097 6687 8600 10717 13365 16313 19609 23160 26781 30677 34493 38420 42154 45737 48504 50928 52645 53953 54511 54348 53501 51879 50009 47533 44935 41888 38759 35568 32311 29163 26192 23369 20687 18134 15925 13995 12283 10808 9433 8229 7210 6340 5515 4723 4068 3509 3047 2626 2226 1902 1648 1458 1274 1075 920 782 688 602 530 451 383 321 283 252 216 180 148 128 110 98 87 70 62 49 38 32 24 22 13 13 11 10 9 7 6 3 3 2 1 
0 0 0 249 249 249 285 360 464 601 806 911 1365 2006 2643 3356 4329 5646 7343 9220 11327 13655 16321 19518 23016 26641 30196 33957 37690 41415 44921 47884 50341 52212 53487 54061 54188 53367 52028 50123 47672 44992 42122 38976 35564 32302 29195 26228 23490 20839 18329 16140 14257 12572 10915 9551 8296 7204 6295 5442 4713 4089 3632 3147 2719 2371 2069 1796 1515 1298 1108 948 840 723 618 554 473 423 356 306 270 217 196 163 140 114 92 77 71 70 58 53 46 41 36 35 30 24 21 18 14 10 10 9 4 2 2 2 1 1 
0 0 0 250 250 250 274 347 450 545 621 515 753 1134 1589 2018 2528 3287 4394 5794 7377 9304 11621 14441 17637 21013 24679 28453 32498 36462 40293 43678 46921 49774 51906 53639 54551 54594 54033 52906 51157 49003 46480 43338 40161 37106 33787 30783 27712 24695 21961 19553 17211 15081 13318 11627 10150 8910 7734 6765 5923 5170 4507 3890 3359 2924 2556 2186 1896 1657 1440 1270 1111 948 819 713 637 545 476 408 371 322 297 254 215 180 154 134 113 89 66 55 48 40 34 27 23 24 22 21 16 14 13 10 7 5 4 3 3 2 
0 0 0 249 249 249 277 346 437 532 637 569 924 1438 1954 2528 3399 4460 5939 7542 9486 11607 14301 17260 20380 23790 27408 31149 34894 38731 42549 45813 48689 51120 52893 54218 54723 54396 53206 51694 49743 47304 44430 41331 38012 34858 31550 28465 25400 22628 20070 17679 15579 13625 11925 10448 9161 7922 6891 5970 5177 4476 3890 3347 2931 2585 2237 1931 1696 1461 1290 1109 940 809 698 599 525 447 375 331 279 232 199 170 153 138 118 101 90 71 54 52 44 40 34 28 21 17 14 12 11 8 5 4 4 4 6 5 3 2 2 2 2 2 
0 0 0 250 250 250 280 357 448 556 657 568 822 1150 1515 1993 2730 3742 5061 6651 8515 10774 13422 16560 19773 23186 26833 30708 34634 38444 42189 45409 48343 50842 52673 53976 54502 54430 53526 52077 50149 47849 45247 42122 38871 35578 32469 29440 26438 23555 20861 18474 16427 14460 12620 11008 9635 8458 7388 6420 5526 4803 4161 3583 3138 2648 2284 1954 1712 1470 1268 1083 913 767 635 555 448 385 330 301 265 248 231 207 191 170 141 117 103 89 78 70 58 45 39 34 29 25 19 13 13 11 10 8 7 6 4 3 4 3 3 4 3 3 3 3 1 1 1 
0 0 0 250 250 250 273 334 447 551 630 594 900 1372 1857 2364 3009 3992 5342 6864 8665 10652 13090 16005 19199 22552 26096 29834 33747 37517 41148 44524 47644 50216 52175 53472 54024 53962 53438 52097 50166 47799 45099 42184 39045 35944 32638 29564 26584 23846 21324 18938 16800 14812 13043 11419 9984 8701 7544 6562 5692 4998 4339 3796 3311 2887 2520 2173 1880 1612 1383 1194 1030 891 762 670 578 490 427 367 314 273 231 192 160 140 121 97 79 61 46 38 31 25 18 15 9 7 8 6 5 4 3 2 2 2 1 1 1 
0 0 0 250 250 250 266 324 421 512 583 495 821 1417 1973 2527 3278 4496 6145 7951 9859 11878 14558 17769 21224 24606 27961 31684 35616 39515 43036 46056 48689 51021 52891 54034 54348 53937 52758 51203 49087 46526 43718 40613 37441 34185 31144 28096 25312 22611 20024 17698 15578 13763 12100 10643 9289 8054 6976 6044 5248 4534 3918 3378 2888 2540 2232 1909 1633 1407 1204 1049 915 807 686 574 489 427 388 320 282 222 184 154 140 115 89 72 52 48 44 39 23 19 14 11 11 5 5 4 3 2 1 1 1 1 1 1 1 1 1 1 2 2 1 1 1 2 3 4 3 3 3 3 3 3 2 1 1 1 1 1 1 
0 0 0 250 250 250 269 338 435 503 599 522 800 1105 1531 2056 2723 3650 4769 6061 7721 9973 12432 15166 18151 21370 25042 28922 32799 36538 40143 43498 46717 49668 51828 53475 54301 54360 53924 52935 51308 48977 46283 43254 40190 36995 33738 30523 27474 24629 21946 19484 17167 15165 13351 11716 10154 8801 7663 6630 5757 4947 4240 3658 3172 2746 2361 2034 1792 1540 1344 1158 973 832 735 642 538 482 413 365 332 279 247 213 189 157 138 118 98 84 72 59 44 39 28 21 16 14 9 9 7 4 5 4 3 3 2 2 2 2 1 1 1 2 3 2 2 3 3 4 4 3 2 3 3 2 2 2 3 3 4 3 4 4 4 3 2 2 1 1 
0 0 0 249 249 249 275 339 465 577 719 726 1160 1715 2287 2864 3750 4965 6477 8075 9824 11923 14414 17504 20906 24433 28160 32106 36115 39918 43864 47132 49610 51705 53230 54066 54263 53927 52548 50773 48771 46136 43238 40187 37022 33863 30720 27787 24881 22267 19839 17576 15484 13587 11928 10377 9054 7922 6818 5950 5160 4436 3857 3336 2865 2483 2169 1844 1626 1379 1189 1051 924 780 663 576 486 427 362 299 253 227 195 164 142 113 102 95 86 73 62 57 49 45 37 28 21 18 16 11 7 5 5 3 2 2 2 1 1 1 
0 0 0 250 250 250 272 349 450 524 643 630 1059 1625 2262 2997 4004 5471 7167 9005 11129 13762 16772 20093 23623 27135 31073 35101 39060 42612 45819 48854 51308 53221 54073 54270 53837 53004 51693 49471 46917 44022 41114 38135 34971 31696 28507 25547 22814 20334 17964 15761 13899 12169 10552 9276 8033 6936 6034 5327 4636 4043 3506 3015 2636 2301 2020 1717 1463 1239 1092 927 787 669 561 495 419 345 293 259 232 211 191 160 135 121 106 88 79 65 52 44 38 34 29 30 25 21 20 18 17 15 12 9 8 6 5 5 5 3 3 3 2 2 1 
0 0 0 250 250 250 282 345 453 544 664 595 873 1301 1785 2299 2919 3856 5119 6690 8478 10515 12962 16013 19295 22930 26644 30593 34577 38592 42272 45502 48541 51050 53017 53989 54624 54285 53535 52147 50107 47469 44577 41703 38436 35328 32014 28880 26001 23299 20689 18327 16101 14136 12472 10963 9482 8231 7162 6193 5392 4686 4072 3497 3061 2656 2362 2044 1774 1533 1342 1167 1026 915 776 676 593 507 427 378 328 283 237 199 175 146 127 103 91 74 67 60 51 47 42 41 33 34 29 26 21 21 16 13 12 8 6 4 4 4 3 3 2 2 2 2 2 
0 0 0 250 250 250 270 344 449 544 684 720 1154 1650 2234 3037 4156 5614 7258 9165 11280 13931 16859 20173 23808 27345 31256 35227 39084 42768 46157 48986 51163 53051 53896 54325 54140 53227 51684 49565 47023 44076 41219 37966 34834 31468 28503 25607 22900 20517 18222 16096 14097 12531 10930 9611 8424 7306 6376 5578 4844 4172 3617 3150 2730 2343 2022 1748 1510 1305 1117 978 860 784 706 614 524 438 392 327 289 229 178 143 124 107 90 81 69 64 64 50 44 38 34 31 25 28 21 20 18 21 20 18 12 7 6 6 5 2 1 
0 0 0 249 249 249 271 348 439 510 608 542 924 1382 1874 2382 3069 4175 5595 7273 9117 11231 13808 16983 20632 24472 28216 32117 36133 40254 43881 47168 49715 51937 53645 54511 54655 54031 53038 51307 49110 46189 43191 40174 36988 33783 30623 27503 24729 22181 19698 17412 15344 13491 11793 10379 9035 7806 6819 5942 5159 4465 3872 3350 2906 2549 2191 1897 1671 1469 1282 1084 939 822 733 626 544 460 400 364 317 277 238 203 174 154 132 111 93 73 60 49 37 31 28 24 19 12 9 9 9 4 2 1 1 1 1 
0 0 0 250 250 250 285 355 454 564 657 627 1003 1584 2224 3064 4029 5291 6908 8882 11135 13567 16388 19522 22929 26550 30501 34315 38023 41739 45130 48191 50775 52639 53719 54316 54251 53391 51969 49814 47512 44864 42039 38823 35489 32341 29308 26517 23620 20965 18402 16303 14401 12591 10947 9492 8280 7259 6340 5433 4759 4148 3607 3126 2684 2301 2003 1752 1484 1276 1119 963 835 726 634 539 481 412 354 306 242 228 196 165 142 127 101 91 84 62 56 56 46 40 38 33 31 28 23 18 16 15 11 8 7 6 5 4 3 2 2 1 1 
0 0 0 250 250 250 282 366 473 592 696 607 889 1238 1637 2087 2676 3457 4651 6121 7851 9888 12295 15062 18258 21815 25573 29272 33000 36889 40683 44292 47376 50008 51856 53538 54425 54481 53736 52326 50505 48346 45679 42441 39157 35966 32836 29792 26839 23755 21208 18899 16864 14823 13100 11527 10039 8802 7666 6733 5832 5095 4383 3771 3307 2910 2517 2113 1864 1624 1407 1225 1062 911 803 719 610 525 456 399 341 293 253 223 196 175 151 126 110 98 89 80 63 53 42 39 31 30 28 23 18 12 13 9 4 4 3 3 4 4 2 2 2 2 1 1 
0 0 0 250 250 250 275 342 437 528 652 712 1255 1875 2496 3193 4166 5578 7276 9149 11105 13419 16336 19727 23385 27030 30825 34677 38527 42255 45553 48408 50797 52575 53649 54100 53954 53228 51719 49795 47287 44548 41746 38554 35300 32028 28936 25997 23121 20475 17918 15843 13929 12168 10666 9200 8078 7042 6143 5295 4623 4016 3525 3062 2647 2296 2008 1766 1512 1309 1126 981 846 747 638 547 466 412 354 299 258 226 205 179 162 128 107 97 83 63 58 50 43 39 35 29 26 23 13 12 9 8 7 5 6 6 6 3 3 3 3 3 1 2 2 2 1 1 2 2 3 2 2 2 2 3 4 5 4 4 4 5 5 4 2 2 2 2 2 1 1 1 
0 0 0 250 250 250 283 344 444 546 688 649 1045 1601 2242 3068 4081 5386 6999 9009 11236 13694 16622 19901 23619 27336 31053 34880 38721 42460 45761 48669 50937 52713 54183 54633 54474 53572 52172 50243 47788 44972 41868 38722 35409 32204 29124 26024 23229 20673 18309 16197 14269 12549 10965 9615 8344 7349 6316 5462 4744 4128 3524 3018 2632 2242 1932 1678 1435 1212 1063 953 816 722 650 554 480 429 371 326 298 272 220 200 181 152 129 100 79 58 54 42 35 28 25 24 20 19 17 15 12 13 12 8 7 6 5 3 5 4 3 3 2 3 3 3 1 1 1 1 2 1 1 1 1 1 1 1 
0 0 0 250 250 250 275 333 440 529 600 450 702 1109 1569 2093 2826 3909 5320 6942 8806 11081 13788 16927 20313 23829 27474 31432 35380 39128 42862 46183 48894 51082 52869 54004 54465 54018 52802 51093 49223 46768 44002 40818 37668 34649 31573 28590 25573 22940 20367 18081 15899 14044 12291 10676 9327 8157 7083 6135 5323 4565 3965 3504 3018 2598 2282 2044 1794 1548 1361 1168 1014 878 739 624 533 460 397 340 306 264 235 207 186 162 133 115 93 79 67 57 41 37 37 32 31 26 21 16 14 10 9 8 4 3 3 2 1 1 
0 0 0 250 250 250 273 357 479 584 702 625 957 1464 2117 2875 3725 4972 6498 8475 10754 13266 16090 19161 22776 26542 30556 34504 38255 41955 45388 48430 50929 52724 53820 54228 54143 53238 51661 49780 47209 44530 41573 38402 35245 32114 29137 26236 23552 20992 18642 16535 14477 12741 11222 9788 8538 7383 6422 5586 4863 4208 3622 3114 2713 2358 2016 1777 1550 1382 1192 1032 917 810 714 608 533 445 395 340 286 242 211 175 149 120 96 93 91 80 63 58 54 51 41 33 29 27 29 23 17 15 15 11 7 8 7 7 6 4 4 3 2 1 
0 0 0 250 250 250 286 374 496 611 776 771 1238 1913 2640 3493 4518 5946 7687 9718 11898 14428 17248 20534 24165 27855 31835 35852 39878 43514 46898 49734 52256 54036 55006 55115 54574 53592 51901 49786 46978 43935 40722 37596 34356 30975 27909 24908 22195 19740 17428 15269 13361 11770 10283 8994 7799 6766 5863 5118 4486 3852 3381 2924 2520 2198 1903 1659 1406 1233 1065 925 804 693 603 508 439 380 319 282 236 200 167 140 121 104 88 69 62 55 48 50 40 40 33 32 27 22 19 12 11 8 8 4 3 2 3 2 2 1 1 1 1 1 
0 0 0 250 250 250 272 330 409 510 604 483 748 1118 1598 2106 2862 3823 5250 6940 8837 11002 13663 16767 20261 24070 27804 31738 35868 39842 43608 47124 50049 52238 53932 54842 55042 54777 53612 51726 49506 46906 44095 41160 37935 34584 31368 28309 25252 22538 19963 17480 15367 13472 11806 10318 9036 7862 6767 5974 5209 4535 3947 3433 2937 2538 2219 1901 1628 1397 1186 1019 885 765 654 558 479 416 354 302 257 221 201 184 168 143 130 121 109 99 85 71 54 51 45 35 31 24 21 14 11 10 8 8 5 5 4 5 4 3 3 3 2 2 2 1 1 1 1 
0 0 0 250 250 250 277 347 468 578 685 587 828 1208 1675 2350 3226 4358 5755 7463 9584 12130 14883 17966 21389 25106 28964 32992 37034 40641 44371 47590 50247 52367 54029 54784 54676 54171 52638 50769 48457 45793 42691 39629 36509 33295 30293 27253 24427 21725 19321 17058 15019 13230 11634 10246 8975 7838 6812 5974 5232 4523 3979 3479 3009 2618 2304 1959 1682 1454 1233 1056 918 782 656 555 480 428 378 320 277 249 218 193 160 132 115 111 100 81 64 61 54 48 39 33 27 26 22 18 18 16 11 6 6 5 7 5 2 2 2 3 3 3 1 1 1 1 1 
0 0 0 249 249 249 270 332 422 515 603 498 819 1332 1923 2459 3137 4157 5503 7099 8908 10846 13100 15965 19204 22659 26337 30052 33794 37578 41397 44756 47848 50213 52086 53338 53807 53869 53027 51587 49474 47267 44596 41521 38561 35372 32200 29332 26507 23669 21077 18896 16775 14721 13011 11350 9988 8810 7632 6635 5804 5158 4517 3898 3353 2866 2515 2207 1907 1619 1389 1239 1043 881 733 636 551 467 407 347 306 265 235 205 171 150 130 111 97 85 78 64 57 43 36 38 38 31 25 22 20 21 20 16 16 15 16 16 17 15 13 11 8 9 6 4 2 2 2 1 1 
0 0 0 250 250 250 275 343 443 528 637 646 1032 1521 2108 2912 3877 5143 6847 8796 11081 13641 16466 19626 23136 26990 30621 34486 38196 41805 45252 48244 50751 52469 54028 54326 54118 53279 51950 49990 47344 44583 41317 38410 35186 32026 28819 25852 23301 20748 18419 16237 14364 12632 11091 9656 8382 7293 6339 5464 4732 4110 3575 3157 2716 2359 2030 1769 1531 1332 1131 961 846 739 647 532 467 391 338 284 239 199 178 158 129 111 96 83 74 63 56 47 38 26 24 18 18 14 9 8 5 5 4 3 2 1 1 
0 0 0 250 250 250 290 360 474 590 735 752 1162 1723 2375 3188 4244 5605 7263 9273 11621 14238 17140 20478 24052 27872 31827 35539 39323 42937 46191 48992 51281 52802 53780 54212 53794 52834 51328 49223 46758 44067 40984 37918 34639 31368 28254 25383 22511 19947 17658 15459 13664 11925 10464 9117 8043 6943 6028 5241 4557 4021 3493 3001 2584 2282 1969 1728 1468 1248 1085 942 796 677 590 505 428 376 321 277 233 204 163 127 105 97 87 74 64 52 46 44 44 39 30 23 18 19 18 13 6 5 4 4 4 2 1 1 1 1 
0 0 0 250 250 250 266 328 431 539 653 672 1091 1634 2262 2960 3874 5207 6835 8573 10472 12929 15759 19025 22497 25929 29476 33302 37190 40910 44245 47202 49806 51841 53521 54262 54385 53643 52359 50607 48308 45683 42547 39474 36328 33107 29975 26880 24049 21356 19038 16855 14769 13001 11443 10006 8702 7661 6609 5657 4922 4247 3661 3200 2700 2300 1967 1744 1486 1279 1085 929 823 727 637 524 439 353 323 257 223 185 151 128 117 102 83 74 61 51 46 43 39 35 30 23 17 13 13 10 7 5 4 4 6 5 4 3 3 3 3 3 1 1 1 1 
0 0 0 249 249 249 283 375 484 598 742 666 940 1351 1852 2472 3214 4103 5302 6854 8741 10863 13200 15961 18984 22619 26421 30286 34156 37955 41859 45380 48408 50775 52629 53932 54424 54209 53350 52020 50063 47653 44910 41744 38578 35469 32165 28798 25885 23165 20526 18231 16063 14099 12450 10957 9618 8385 7312 6336 5533 4809 4144 3604 3134 2670 2315 2007 1722 1503 1298 1109 943 809 667 558 486 413 346 301 252 222 187 161 141 121 97 76 75 62 51 40 35 29 27 19 15 14 15 14 10 8 7 6 3 3 1 
0 0 0 250 250 250 272 354 461 565 676 566 780 1094 1457 1811 2341 3117 4101 5284 6828 8661 10982 13599 16481 19608 23080 26914 30754 34580 38298 42028 45484 48482 51061 52801 53939 54562 54524 53521 51905 49986 47370 44721 41656 38453 35078 31925 28906 25790 23080 20453 18160 15990 14088 12368 10825 9547 8319 7240 6330 5470 4724 4143 3615 3145 2758 2375 2073 1842 1592 1354 1170 1023 869 764 643 551 470 404 343 280 249 215 182 154 131 113 94 90 73 56 47 37 30 31 30 22 20 17 14 13 11 6 2 3 2 2 2 2 2 2 2 1 1 1 1 
0 0 0 250 250 250 273 337 436 535 672 695 1149 1656 2202 2895 3976 5479 7153 8951 11006 13433 16527 19832 23291 26895 30837 34790 38791 42720 46136 49052 51648 53536 54718 55036 54793 53707 52245 50175 47471 44492 41449 38560 35313 32155 28941 26046 23345 20822 18319 16106 14146 12411 10808 9470 8238 7188 6257 5406 4662 4080 3507 3031 2621 2230 1915 1643 1427 1219 1065 918 784 675 575 488 407 345 301 286 249 220 187 177 165 142 118 83 74 67 58 42 37 29 29 27 22 18 19 16 15 15 11 15 15 13 12 11 10 9 9 6 3 3 3 3 3 3 2 1 1 1 
0 0 0 250 250 250 275 353 455 554 715 754 1128 1646 2301 3186 4220 5594 7255 9208 11498 14075 16960 20065 23434 27020 30764 34653 38401 42002 45346 48365 50894 52805 53905 54315 53993 53136 51713 49515 47037 44218 41240 38039 34960 31730 28576 25719 23000 20454 18105 15940 13974 12270 10725 9374 8097 7000 6086 5339 4637 3989 3448 2974 2615 2272 1990 1685 1452 1273 1103 955 812 692 585 506 430 386 335 295 255 221 199 173 150 122 105 96 86 78 69 56 47 46 39 32 26 25 22 17 15 12 12 9 7 5 3 6 6 5 4 4 4 4 4 1 1 
0 0 0 249 249 249 276 356 451 566 751 849 1331 1867 2520 3304 4477 5913 7523 9358 11550 14141 17109 20392 23888 27639 31596 35513 39360 43055 46317 49263 51486 53143 54108 54422 54065 53155 51615 49363 46879 44009 41061 37843 34666 31413 28310 25523 22689 20100 17672 15664 13679 11900 10352 8998 7869 6875 5950 5164 4504 3907 3444 2987 2639 2296 2026 1734 1508 1317 1153 969 828 722 614 548 472 410 346 312 277 235 214 190 162 139 124 107 96 84 70 55 46 42 30 23 20 18 15 12 10 7 6 5 3 2 2 2 1 1 1 1 1 1 1 
0 0 0 250 250 250 269 329 419 498 578 434 646 938 1272 1729 2361 3200 4282 5591 7151 9006 11239 13815 16804 19987 23492 27141 30957 34911 38795 42409 45782 48715 51163 53101 54251 54588 54154 53259 51498 49435 46836 43875 40852 37653 34517 31356 28342 25440 22679 20174 17768 15718 13912 12180 10644 9239 8067 7057 6195 5379 4616 3989 3472 3006 2616 2254 1934 1672 1467 1248 1068 941 795 687 600 527 433 379 321 270 237 201 173 142 120 108 97 87 85 70 61 59 57 52 46 41 31 27 26 22 14 15 16 12 11 10 9 8 9 6 4 4 3 5 4 4 3 3 4 3 3 1 1 1 1 1 
0 0 0 250 250 250 287 365 489 585 714 629 903 1348 1921 2533 3284 4380 5792 7510 9471 11747 14406 17558 20926 24543 28342 32365 36352 40280 43741 46980 49689 51984 53408 54036 54234 53396 52347 50535 48417 45755 42891 40003 36787 33847 30774 27803 24956 22225 19828 17468 15407 13490 11764 10200 8861 7679 6664 5812 5036 4430 3832 3304 2878 2515 2195 1882 1613 1377 1161 1025 860 757 637 554 498 421 382 333 302 258 222 194 162 133 113 100 81 68 62 60 55 53 50 42 35 30 27 22 18 14 12 13 14 14 13 12 12 13 10 10 10 11 11 11 10 11 11 10 9 7 5 3 4 2 1 1 1 2 2 2 1 1 1 1 1 
0 0 0 250 250 250 277 345 434 506 620 582 900 1293 1653 2086 2748 3737 5014 6552 8229 10171 12712 15632 18866 22278 25886 29559 33504 37465 41196 44805 47896 50515 52543 53827 54541 54626 53878 52476 50541 48152 45339 42347 39186 35904 32665 29452 26457 23708 21188 18886 16630 14664 12982 11442 10041 8705 7545 6592 5778 4984 4284 3662 3147 2726 2340 2014 1732 1494 1291 1110 955 835 731 647 547 481 422 382 327 262 238 199 173 146 128 99 84 80 68 64 56 52 45 46 42 38 30 24 17 17 15 13 12 10 10 9 10 6 5 3 3 2 2 2 1 1 1 1 2 1 1 1 2 3 3 3 2 2 2 2 1 
0 0 0 250 250 250 286 366 466 569 750 829 1320 1927 2655 3470 4567 6046 7780 9745 11977 14570 17462 20845 24480 28129 32070 35925 39843 43511 46854 49626 51751 53457 54413 54755 54266 53150 51570 49459 46984 44130 40837 37541 34279 31073 27781 24798 21999 19374 17159 15085 13209 11551 10178 8875 7776 6847 6000 5235 4505 3891 3391 2962 2562 2204 1883 1635 1439 1242 1078 922 792 672 571 493 433 395 329 276 240 206 188 177 161 136 120 112 102 92 79 61 58 47 42 37 29 24 21 21 14 12 10 8 8 6 6 5 3 2 1 2 2 2 1 1 1 1 1 
0 0 0 250 250 250 264 317 416 521 609 524 766 1105 1440 1858 2420 3235 4346 5744 7368 9377 11727 14431 17559 20967 24656 28621 32627 36436 40398 44089 47389 50036 52168 53554 54453 54666 53949 52694 50751 48540 45905 43091 39878 36737 33625 30509 27668 24880 22221 19656 17431 15353 13550 11907 10386 9057 7867 6805 5893 5094 4394 3824 3254 2805 2451 2136 1840 1593 1371 1192 1040 903 794 691 613 556 468 407 373 328 287 250 213 177 165 133 119 109 80 68 65 56 52 43 32 27 24 20 13 10 7 7 5 4 4 2 3 3 3 2 2 2 2 2 1 1 2 2 1 1 1 1 1 1 
0 0 0 250 250 250 274 350 446 548 707 752 1209 1856 2583 3438 4573 6098 7904 9951 12242 14684 17648 21114 24841 28610 32597 36569 40279 44038 47281 49690 51700 53201 53880 53931 53495 52383 50606 48599 45962 42989 39807 36580 33402 30213 27108 24175 21532 19103 16948 14983 13155 11447 10141 8928 7781 6792 5936 5123 4429 3888 3385 2928 2561 2196 1882 1633 1412 1197 1008 882 767 672 581 506 434 387 334 282 242 211 193 169 153 134 116 104 94 83 73 65 59 43 36 30 24 27 23 22 15 14 15 19 18 11 12 9 10 10 10 6 6 6 4 4 3 3 2 2 
0 0 0 250 250 250 270 343 435 521 626 518 740 1057 1413 1844 2501 3487 4810 6397 8107 10033 12404 15170 18190 21414 24837 28450 32142 36123 39878 43400 46746 49339 51502 53031 54029 54298 53819 52558 50701 48663 46037 43206 40091 36863 33714 30700 27681 24844 22154 19516 17342 15178 13251 11597 10112 8745 7648 6713 5795 5063 4431 3842 3339 2900 2472 2151 1868 1619 1405 1227 1048 896 769 672 576 496 415 351 309 275 245 213 192 166 158 139 117 105 95 81 68 57 50 39 34 27 23 25 25 23 18 17 16 13 12 7 5 6 6 5 3 3 2 2 2 
0 0 0 250 250 250 278 375 495 610 814 899 1346 1933 2620 3440 4581 6012 7705 9726 12188 14934 18067 21259 24792 28558 32475 36238 39843 43437 46752 49750 52004 53504 54354 54699 54153 52797 50887 48599 45870 42921 39902 36619 33446 30389 27326 24474 21844 19548 17168 15124 13344 11647 10225 8920 7748 6661 5791 5011 4309 3765 3220 2765 2408 2059 1797 1559 1332 1113 957 807 686 593 491 399 340 303 255 213 188 169 151 136 116 108 95 90 81 66 56 47 43 35 33 27 25 21 19 17 14 13 10 6 3 3 2 2 2 2 1 1 1 1 1 
0 0 0 250 250 250 273 352 451 549 685 623 928 1302 1812 2417 3182 4202 5469 7103 9047 11262 13687 16585 19754 23228 27093 30829 34529 38428 42159 45515 48542 50959 52510 53681 54182 53953 53039 51397 49306 46861 44282 41216 38222 35036 31922 28946 26096 23312 20718 18452 16254 14242 12505 10989 9589 8404 7287 6341 5454 4732 4117 3571 3072 2675 2284 1974 1730 1491 1284 1096 955 803 710 611 523 447 376 323 265 234 202 170 141 126 101 89 72 66 55 49 48 42 38 36 35 29 28 28 22 20 19 16 14 11 11 7 4 3 2 2 1 1 
0 0 0 250 250 250 274 344 456 550 651 576 899 1354 1853 2460 3291 4462 5996 7829 9785 12106 14936 18192 21624 25322 29056 32843 36886 40750 44270 47364 50006 52102 53529 54502 54691 54036 52904 51061 48976 46363 43580 40283 36939 33760 30580 27601 24666 21918 19376 17150 15136 13345 11632 10139 8800 7666 6661 5828 5067 4354 3769 3278 2815 2431 2118 1816 1538 1319 1134 977 842 716 601 532 451 400 343 308 274 242 226 194 172 153 139 119 98 85 67 61 60 49 42 34 33 26 22 20 11 10 10 9 5 3 3 2 1 
0 0 0 250 250 250 267 335 431 524 669 723 1187 1760 2460 3270 4318 5659 7409 9297 11596 14120 17088 20633 24166 27888 31716 35684 39308 42949 46338 49019 51399 53121 54065 54487 54269 53369 51578 49412 46982 44194 41213 37902 34731 31609 28667 25817 23006 20521 18189 16116 14144 12344 10861 9447 8255 7139 6210 5431 4718 4098 3468 3003 2590 2274 1990 1711 1491 1290 1149 1005 861 743 641 541 485 422 354 307 262 225 200 173 146 126 114 99 81 67 62 50 43 31 27 27 24 22 14 13 11 12 9 7 6 4 3 3 2 1 1 
0 0 0 250 250 250 267 327 416 516 646 578 926 1453 2213 3114 4183 5538 7121 9172 11425 14051 16745 19648 22817 26310 30198 34035 37805 41235 44575 47782 50687 52735 53735 54231 54082 53359 52055 49971 47282 44525 41725 38520 35379 32056 28894 26052 23452 20761 18438 16316 14299 12757 11190 9793 8480 7440 6429 5586 4887 4207 3695 3173 2716 2356 2029 1744 1482 1264 1073 896 770 672 572 496 424 350 302 279 243 212 179 158 136 119 104 84 79 64 65 57 48 45 42 36 34 33 25 21 23 21 13 13 9 7 9 7 6 5 4 6 8 7 5 6 7 8 8 6 4 5 5 4 2 2 2 2 2 1 1 1 1 
0 0 0 250 250 250 275 347 447 585 779 847 1238 1822 2492 3285 4243 5543 7174 9094 11231 13638 16490 19737 23263 26950 30803 34513 38259 41912 45318 48189 50805 52635 53690 54166 53996 53190 51739 49639 47061 44397 41527 38408 35321 32154 29037 26309 23490 20852 18356 16277 14319 12613 10975 9490 8299 7154 6244 5373 4646 4004 3501 3041 2619 2268 1943 1693 1466 1221 1059 919 774 654 560 498 414 364 306 249 220 203 174 145 135 119 102 97 84 69 62 51 44 33 29 24 21 16 15 12 9 8 5 3 4 4 3 3 2 2 2 1 
0 0 0 250 250 250 282 363 464 582 733 724 1112 1702 2474 3232 4182 5512 7156 9046 11221 13694 16372 19648 23221 26861 30548 34365 38363 42079 45572 48182 50444 52237 53603 53953 53439 52582 51048 49379 47058 44442 41338 38432 35432 32155 29098 26130 23504 20855 18550 16398 14433 12778 11195 9810 8499 7430 6459 5635 4927 4225 3685 3194 2757 2369 2040 1735 1469 1269 1089 956 812 701 607 533 471 412 352 294 259 224 191 165 128 103 88 69 66 57 47 39 35 36 30 31 23 21 21 20 16 11 11 9 8 7 5 4 4 4 4 4 4 3 3 3 2 2 2 2 2 2 2 1 2 2 3 2 2 2 3 3 2 2 2 2 2 2 1 1 1 1 
0 0 0 248 248 248 276 361 463 550 692 707 1092 1558 2121 2725 3537 4649 6064 7729 9701 12114 14901 18111 21613 25493 29509 33522 37588 41450 45103 48275 50879 52833 54133 54638 54632 53829 52368 50415 48010 45294 42304 39415 36146 32963 29817 26816 24117 21508 19186 16903 14851 13137 11548 10235 8959 7771 6688 5812 5042 4289 3686 3110 2668 2310 1993 1715 1503 1318 1161 1009 859 746 634 557 481 405 350 296 264 232 198 161 137 115 104 87 76 61 52 50 44 45 39 36 31 30 27 24 17 12 10 8 10 9 7 6 5 4 6 6 5 5 5 5 6 7 4 4 3 4 4 4 3 2 2 2 2 1 
0 0 0 250 250 250 277 363 475 603 722 709 1171 1827 2613 3428 4378 5705 7475 9508 11825 14314 17053 20424 24100 27830 31646 35515 39248 42917 46378 49163 51453 53271 54238 54463 54007 52912 51289 49090 46549 43603 40493 37375 34198 30998 27866 24993 22251 19725 17527 15422 13552 11883 10371 9102 7945 6974 6055 5281 4616 4051 3537 3048 2645 2257 1948 1707 1461 1273 1131 987 858 737 643 556 482 419 358 287 249 213 188 161 150 126 106 101 89 81 68 61 50 43 38 34 30 26 22 17 16 13 9 6 4 1 1 1 
0 0 0 250 250 250 275 340 440 529 639 575 857 1239 1696 2257 3033 4134 5500 7069 8959 11204 13767 16681 20062 23450 27111 30945 34791 38636 42384 45608 48342 50764 52645 53864 54246 53912 52920 51448 49497 47082 44235 41191 38116 34885 31717 28785 25751 22970 20356 17972 15817 14041 12360 10769 9478 8311 7252 6304 5542 4748 4100 3577 3092 2645 2302 2014 1726 1507 1294 1120 976 853 756 653 571 486 422 376 316 260 217 184 157 133 115 97 74 67 56 50 39 30 21 14 11 7 3 1 1 1 1 
0 0 0 250 250 250 267 339 431 534 731 797 1243 1884 2656 3536 4597 6051 7872 9830 12140 14637 17572 20834 24352 27923 31532 35660 39439 43116 46301 49055 51460 53203 54390 54308 53907 52866 51247 49164 46640 43795 40593 37529 34376 31256 28314 25389 22612 20074 17877 15800 13835 12092 10498 9213 7986 7033 6039 5213 4536 3898 3372 2915 2543 2166 1866 1621 1392 1201 1038 867 745 630 550 474 387 321 275 249 212 183 152 130 120 115 99 86 77 68 61 57 45 37 35 29 25 20 17 11 11 9 8 7 3 3 3 3 2 2 2 1 1 1 1 1 1 
0 0 0 250 250 250 274 347 455 563 665 589 879 1314 1777 2235 2828 3729 5113 6778 8404 10265 12734 15854 19306 22776 26357 30126 34300 38562 42440 45705 48745 51428 53386 54749 55225 54868 53851 52586 50614 48062 45131 41839 38769 35603 32454 29264 26161 23356 20849 18557 16274 14288 12542 10866 9411 8192 7133 6165 5329 4623 4004 3473 3033 2639 2256 1982 1727 1487 1259 1075 911 764 675 563 461 392 344 300 262 229 187 166 148 124 103 87 73 67 57 48 47 41 39 30 24 18 15 12 12 8 4 3 3 4 3 4 3 4 4 5 5 4 4 3 3 2 2 1 
0 0 0 250 250 250 283 370 476 578 707 728 1097 1559 2079 2778 3718 4975 6589 8305 10372 12644 15481 18597 22048 25622 29428 33406 37279 41258 44536 47573 50095 52029 53373 54020 53955 53141 51991 50218 48143 45540 42616 39547 36426 33380 30358 27462 24479 21869 19404 17150 15126 13233 11622 10105 8774 7652 6641 5745 5042 4371 3775 3267 2837 2478 2121 1849 1561 1369 1156 975 819 689 606 522 457 393 347 305 281 253 212 187 150 136 114 95 81 69 62 56 51 35 30 30 25 24 19 14 15 12 10 7 6 4 4 3 1 1 
0 0 0 250 250 250 271 343 450 552 647 589 883 1277 1743 2353 3101 4188 5595 7251 9264 11572 14303 17401 20796 24426 28121 32187 36012 39954 43577 46890 49659 51771 53506 54162 54434 53891 52695 50871 48578 46053 43085 40093 36935 33731 30598 27632 24864 22155 19743 17408 15301 13397 11779 10237 8923 7777 6704 5901 5137 4452 3826 3366 2931 2537 2225 1905 1649 1447 1270 1043 898 783 653 578 500 430 368 313 283 262 233 203 175 155 133 122 95 84 83 73 63 51 52 45 40 37 36 33 33 29 24 24 22 16 11 10 9 9 7 6 7 7 7 8 6 6 5 5 5 5 4 2 3 3 3 3 2 1 1 1 
0 0 0 250 250 250 273 355 454 557 656 549 768 1106 1473 1921 2516 3320 4457 5929 7696 9699 11976 14628 17653 21111 24726 28316 32127 35861 39840 43547 46813 49338 51485 53108 53968 54417 53821 52642 50893 48965 46515 43818 40826 37510 34370 31281 28375 25471 22616 20056 17727 15650 13816 12123 10518 9167 8062 7013 6108 5334 4584 3930 3451 2950 2552 2187 1877 1646 1417 1217 1049 903 763 653 560 484 417 369 326 288 250 221 207 166 141 121 91 76 66 53 41 34 29 25 21 17 16 12 11 9 11 9 8 5 4 4 3 3 1 1 1 1 1 
0 0 0 250 250 250 271 350 451 557 652 540 793 1172 1618 2129 2840 3791 5094 6735 8493 10462 12775 15511 18556 21862 25485 29082 32749 36676 40418 43813 46918 49542 51414 52933 53812 53855 53297 52197 50480 48333 45874 42867 39894 36710 33630 30561 27491 24543 21804 19405 17135 15117 13255 11557 10107 8817 7649 6632 5792 5020 4289 3682 3183 2786 2437 2120 1777 1535 1332 1172 1022 870 740 638 555 486 425 359 307 263 238 195 160 141 123 113 95 92 73 67 55 44 39 30 25 20 18 17 17 15 11 9 10 9 10 7 6 5 5 5 5 5 2 2 2 2 2 2 
0 0 0 250 250 250 269 345 435 529 627 555 903 1484 2044 2548 3271 4351 5835 7608 9573 11687 14343 17572 21243 25026 28760 32493 36450 40208 43807 47038 49647 51602 53242 54235 54387 54145 52879 51166 48936 46525 43663 40573 37329 34021 31029 28003 25071 22242 19699 17461 15384 13500 11819 10263 9005 7922 6838 5947 5262 4574 3992 3497 3022 2632 2314 1990 1685 1459 1221 1047 931 782 688 600 528 456 413 358 305 274 234 198 169 143 122 110 82 66 55 49 43 37 28 20 20 19 15 12 10 10 8 7 7 5 6 5 3 2 2 2 1 1 
0 0 0 250 250 250 268 340 415 510 593 508 793 1224 1766 2334 3001 3909 5152 6783 8634 10645 13005 15814 18990 22666 26443 30296 34157 38021 41561 44950 48005 50340 52157 53292 53816 53734 53087 51757 49842 47370 44673 41859 38824 35743 32630 29613 26728 24076 21571 19051 16885 14838 13047 11399 9992 8732 7531 6558 5638 4883 4251 3671 3121 2655 2316 1973 1719 1471 1297 1122 978 875 757 665 548 488 414 347 298 257 211 178 160 134 113 103 83 66 58 53 44 41 35 26 24 23 18 19 18 14 12 11 13 12 11 6 6 7 8 8 5 5 5 5 4 4 3 2 2 1 1 1 2 1 1 1 1 1 3 5 4 4 4 4 4 4 2 
0 0 0 250 250 250 279 346 435 519 600 511 782 1153 1562 2012 2662 3576 4839 6488 8258 10240 12689 15661 18831 22353 25987 29638 33669 37689 41448 44907 48050 50641 52684 54155 54663 54611 53930 52479 50428 47946 45345 42330 39287 36103 32785 29670 26881 24173 21441 19000 16781 14726 13028 11484 10009 8767 7637 6654 5734 5009 4376 3820 3341 2840 2457 2128 1862 1615 1386 1182 1001 885 752 633 542 458 403 348 285 237 215 180 146 131 106 91 86 76 58 50 49 39 32 25 16 13 14 12 7 6 8 7 8 7 6 6 6 8 6 6 5 7 6 6 5 3 3 3 4 2 1 1 1 1 1 1 
0 0 0 250 250 250 269 356 466 549 672 624 910 1263 1673 2130 2734 3584 4664 6137 7936 9800 12006 14698 17808 21231 24931 28395 32108 35993 40048 43770 46976 49804 51985 53756 54624 54900 54420 53220 51501 49174 46491 43709 40600 37462 34042 30773 27639 24729 22014 19324 17036 14861 13019 11393 9934 8641 7496 6519 5662 4955 4303 3736 3215 2756 2389 2077 1781 1535 1327 1120 994 871 756 667 593 517 471 411 362 309 268 226 203 178 148 127 112 97 81 67 53 44 35 30 23 23 21 18 15 15 13 10 11 10 10 12 11 9 9 9 8 5 6 4 3 3 2 2 2 2 1 
0 0 0 250 250 250 287 370 481 593 727 660 1011 1551 2216 2894 3815 5038 6533 8406 10419 12803 15442 18625 21897 25491 29355 33222 37138 40740 44371 47224 49924 52036 53426 54191 54226 53629 52136 50518 48310 45687 42724 39471 36324 33130 30216 27196 24269 21480 19037 16810 14721 12946 11224 9797 8518 7417 6401 5607 4904 4240 3628 3116 2716 2356 2026 1750 1487 1277 1116 963 848 733 645 536 458 402 352 305 249 205 180 169 141 120 107 92 79 76 59 45 42 35 29 28 22 18 20 19 16 16 17 14 15 13 10 7 7 5 5 4 3 4 6 6 5 5 3 3 3 2 
0 0 0 250 250 250 278 336 431 537 673 691 1186 1841 2574 3405 4498 5846 7650 9601 11891 14472 17345 20525 23920 27668 31513 35619 39251 42859 46227 49205 51715 53566 54466 54465 54148 53132 51470 49315 46703 43729 40744 37776 34644 31452 28354 25577 22888 20383 18064 15874 13926 12157 10700 9270 8082 6996 6038 5240 4549 3991 3465 2978 2555 2210 1910 1640 1389 1177 981 845 716 613 522 454 409 330 282 241 204 174 152 128 103 93 83 67 54 51 46 40 35 31 27 25 24 19 15 16 14 10 9 7 6 4 3 2 1 1 2 1 1 1 1 2 2 2 1 1 1 1 1 
0 0 0 250 250 250 274 351 476 559 651 564 930 1450 1935 2623 3588 4901 6496 8261 10130 12274 15161 18451 21812 25325 29064 32978 37229 41274 44777 47793 50404 52518 53987 54817 54882 54159 52818 50958 48612 45934 43036 39759 36264 33121 30028 26930 24180 21468 18954 16821 14838 12938 11342 9920 8558 7452 6421 5529 4801 4149 3573 3119 2719 2336 2022 1769 1543 1347 1118 930 778 679 572 490 400 327 291 261 226 196 178 157 138 128 108 100 87 77 66 61 56 52 47 39 35 32 32 23 18 10 8 7 9 7 5 6 6 6 5 4 3 5 5 5 5 5 6 5 5 3 3 3 3 3 2 3 3 3 3 2 2 2 3 2 1 1 1 1 1 1 
0 0 0 250 250 250 281 361 470 587 770 810 1164 1649 2240 3027 4078 5384 6967 8807 11046 13680 16734 19983 23367 27203 31023 35055 39106 42856 46205 49293 51902 53670 54883 55370 54793 53644 51826 49487 46773 43878 40744 37262 33999 30924 27936 25082 22425 19931 17640 15646 13836 12140 10701 9396 8211 7052 6154 5397 4723 4045 3492 3025 2626 2313 1964 1658 1434 1246 1099 921 769 660 568 483 412 354 293 251 216 173 150 139 126 106 96 83 76 65 59 50 41 36 27 24 25 29 25 22 21 21 24 23 18 12 10 9 7 8 5 4 4 3 3 2 2 1 1 
0 0 0 249 249 249 276 349 446 554 708 724 1119 1689 2240 2945 3915 5173 6765 8482 10415 12662 15538 18611 21946 25528 28998 32826 36696 40439 43787 46894 49552 51622 53313 53994 54118 53590 52412 50571 48232 45550 42575 39693 36531 33247 30095 27161 24406 21770 19297 17004 15026 13196 11568 10125 8825 7668 6659 5787 4988 4384 3801 3273 2811 2424 2112 1809 1530 1306 1132 987 855 749 670 578 501 441 384 339 286 249 206 169 151 136 118 107 91 82 72 65 59 47 37 28 26 26 21 17 15 12 10 9 8 4 3 2 1 1 1 
0 0 0 249 249 249 270 330 410 497 629 631 1058 1524 2057 2735 3632 4752 6191 7782 9605 11867 14472 17550 21074 24757 28593 32716 36808 40710 44257 47449 50188 52409 53810 54659 54851 54275 53244 51498 49179 46428 43523 40331 36909 33682 30424 27371 24404 21701 19290 16980 14997 13150 11581 10094 8784 7662 6607 5695 4908 4198 3568 3059 2593 2195 1891 1597 1339 1142 994 838 704 611 512 429 378 329 279 238 203 175 149 131 102 84 69 58 51 36 31 27 24 20 19 15 13 14 12 11 10 8 4 3 3 1 
0 0 0 250 250 250 270 339 440 553 681 590 860 1240 1728 2295 2963 3868 5122 6684 8532 10558 12929 15759 18979 22430 26282 30086 33808 37539 41278 44764 47760 50180 51850 53012 53769 53975 53338 51827 49873 47676 45072 42165 38931 35776 32504 29438 26515 23750 21115 18820 16698 14603 12813 11182 9827 8518 7382 6303 5461 4691 4075 3554 3012 2559 2166 1897 1618 1408 1198 1047 904 800 700 600 520 437 367 317 275 232 223 208 177 157 143 127 115 106 84 68 64 57 52 49 38 32 27 23 18 16 13 10 8 5 5 3 4 3 3 3 2 2 2 3 2 2 2 2 2 2 2 1 1 1 
0 0 0 250 250 250 276 353 460 574 680 634 938 1387 1854 2322 3025 3956 5396 7129 9171 11275 13776 16870 20406 24322 28025 31649 35373 39365 43057 46434 49075 51172 52887 54185 54679 54231 53239 51463 49411 46844 43948 40768 37358 34172 31047 28030 25031 22291 19679 17323 15343 13400 11728 10238 8945 7815 6832 5909 5131 4531 3942 3475 3022 2599 2312 2053 1777 1498 1280 1115 1016 887 746 650 570 517 460 387 326 276 252 220 194 168 146 124 100 87 74 65 54 48 39 34 32 26 19 16 15 12 10 9 5 5 4 3 1 
0 0 0 250 250 250 268 329 421 515 600 567 1020 1545 2122 2788 3664 5001 6719 8672 10636 12943 15726 18878 22448 25949 29612 33432 37462 41151 44598 47870 50430 52690 54113 54643 54566 54060 52716 50648 48265 45341 42220 39160 35855 32666 29538 26600 23732 21079 18747 16522 14506 12609 11105 9666 8475 7393 6395 5574 4883 4272 3674 3202 2730 2365 2060 1754 1507 1268 1100 931 799 686 603 554 472 414 363 325 289 246 212 166 152 139 114 92 83 75 62 53 41 37 30 28 21 20 20 16 15 12 12 14 19 17 15 15 14 14 15 10 6 6 5 5 5 4 3 3 2 1 1 1 
0 0 0 249 249 249 276 338 423 510 611 533 799 1166 1605 2166 2867 3879 5136 6788 8667 10735 13084 15862 19258 22975 26817 30573 34267 38261 42346 46052 49017 51099 52883 54173 54944 54767 53691 52072 49929 47643 44841 41623 38390 35159 32074 28961 26023 23204 20630 18323 16171 14189 12358 10723 9390 8208 7140 6222 5405 4716 4114 3643 3131 2713 2340 2060 1774 1525 1320 1141 1007 878 764 668 603 542 494 434 362 316 283 253 209 178 135 115 110 104 89 78 67 61 52 44 35 25 20 11 9 7 7 6 5 3 3 3 3 2 1 
0 0 0 250 250 250 280 346 438 531 658 688 1063 1607 2287 3159 4190 5575 7214 8933 10894 13246 16064 19160 22472 25763 29386 33221 37387 41188 44614 47597 50361 52656 54101 54996 54729 53878 52437 50514 47920 44992 41872 38546 35377 32299 29098 26067 23294 20780 18544 16408 14419 12545 11030 9711 8471 7385 6401 5529 4793 4181 3649 3105 2702 2345 1990 1716 1464 1280 1116 985 853 725 638 549 489 416 348 297 257 217 180 164 146 130 102 93 83 76 65 52 44 40 36 32 28 25 23 24 22 18 18 15 13 12 12 8 10 10 11 9 8 9 7 7 4 3 1 1 1 
0 0 0 250 250 250 275 353 457 554 714 707 1084 1521 2060 2726 3654 5002 6563 8419 10642 13356 16525 19816 23423 27126 31166 35143 39038 42631 45867 48895 51327 53204 54232 54709 54249 53290 51654 49664 47168 44130 41036 37789 34607 31562 28554 25520 22826 20495 18241 16098 14347 12519 10980 9634 8371 7233 6209 5419 4647 4005 3465 2981 2523 2198 1917 1667 1431 1250 1080 921 826 671 577 495 435 368 314 281 234 210 177 144 116 105 89 75 59 50 47 39 37 34 29 26 25 22 16 17 14 7 7 7 6 4 5 4 3 2 1 1 1 1 
0 0 0 250 250 250 269 338 432 540 648 519 753 1134 1578 2032 2566 3396 4563 5985 7538 9502 11934 14861 18149 21700 25438 29442 33595 37583 41311 44838 48076 50611 52401 53646 54326 54326 53571 52142 50065 47838 45362 42506 39459 36210 33222 30190 27306 24450 21774 19283 16957 14986 13076 11423 9941 8613 7518 6552 5715 4915 4256 3650 3149 2735 2340 2018 1718 1505 1267 1079 949 803 685 563 476 401 354 310 247 213 180 153 144 129 108 88 75 60 52 47 35 28 26 22 18 15 16 14 13 10 9 9 11 11 9 8 7 7 5 4 2 1 
0 0 0 250 250 250 278 361 468 579 723 679 1031 1561 2205 2917 3777 4884 6416 8159 10331 12717 15403 18511 21900 25655 29354 33259 37109 40779 44399 47778 50423 52375 53859 54700 54706 54071 52671 50574 48248 45600 42527 39332 36052 32952 29768 26684 23819 21148 18804 16520 14482 12585 11015 9614 8399 7280 6329 5526 4780 4137 3559 3071 2684 2344 1991 1699 1489 1276 1097 958 801 701 601 519 441 372 320 273 235 203 183 151 133 111 106 89 79 69 56 55 47 44 35 28 25 24 19 13 12 8 8 6 7 4 4 4 3 3 2 2 1 
0 0 0 250 250 250 274 337 439 532 647 587 962 1461 2013 2621 3301 4299 5625 7265 9108 11281 13951 16907 20214 23764 27537 31391 35351 39132 42465 45658 48670 51077 52728 53713 53988 53705 52879 51366 49290 46788 44079 41143 38017 34867 31776 28786 25806 23127 20547 18161 16061 14096 12345 10847 9499 8245 7206 6313 5455 4772 4177 3595 3104 2674 2301 1998 1751 1492 1276 1102 964 837 747 646 560 477 407 365 317 281 222 179 151 131 109 93 76 59 49 43 37 28 24 19 16 13 10 11 9 9 5 5 5 6 4 2 2 1 1 1 2 1 1 1 3 3 3 3 3 3 3 3 1 1 1 1 
0 0 0 250 250 250 280 390 533 667 796 762 1095 1609 2310 2998 3816 4805 6337 8354 10705 13236 15992 19221 22888 27031 31022 34925 38657 42343 45913 48933 51373 53090 54218 54674 54530 53652 51988 49967 47700 44828 41850 38638 35422 32270 29313 26424 23395 20918 18512 16401 14431 12633 10983 9566 8413 7230 6281 5366 4613 3983 3435 2931 2504 2235 1934 1690 1468 1283 1133 1008 866 740 639 558 489 426 363 292 259 220 200 184 154 134 116 98 88 73 52 45 36 36 34 33 28 31 29 25 23 20 16 16 15 10 8 6 6 4 3 2 1 1 1 1 
0 0 0 250 250 250 273 355 460 556 640 560 827 1160 1529 1964 2575 3425 4598 5892 7436 9348 11728 14532 17585 20886 24409 28185 32253 36381 40224 43710 47019 49773 51840 53503 54270 54241 53677 52592 50832 48590 46065 43158 40147 37037 33941 30704 27613 24806 22317 19889 17544 15482 13561 11942 10430 9150 7899 6854 6018 5210 4500 3940 3447 3003 2597 2223 1911 1652 1432 1224 1089 923 797 696 612 531 450 386 327 279 245 210 165 153 143 117 95 88 82 74 63 56 45 39 36 31 21 17 16 12 11 10 7 5 5 4 3 2 2 1 1 1 1 1 1 1 
0 0 0 250 250 250 276 355 445 554 645 581 893 1318 1782 2304 3031 4074 5457 7032 8786 10865 13444 16470 19906 23467 27211 30931 34702 38760 42334 45719 48389 50642 52460 53716 54313 53821 52857 51312 49407 47026 44136 41139 38060 35055 32009 28903 25958 23231 20709 18353 16225 14270 12568 11006 9608 8381 7275 6340 5522 4764 4154 3622 3171 2732 2380 2080 1798 1574 1354 1185 1047 916 790 695 603 519 449 378 312 267 242 198 176 145 124 102 88 79 68 63 54 48 42 38 36 33 33 30 28 21 19 18 14 12 10 11 10 11 9 9 9 7 6 3 2 1 1 1 1 1 
0 0 0 250 250 250 271 331 426 529 604 544 968 1534 2211 3112 4143 5446 7258 9294 11491 13929 16713 19779 23173 26887 30543 34495 38218 41837 45051 47979 50459 52276 53506 53850 53610 52640 51355 49474 47076 44256 41194 38140 35016 32113 29037 26035 23248 20693 18416 16103 14211 12378 10903 9524 8334 7325 6344 5597 4863 4282 3712 3252 2811 2423 2132 1862 1625 1383 1174 1018 894 777 656 552 461 404 349 289 246 216 192 171 155 129 117 105 97 83 72 62 54 47 36 33 25 22 17 14 12 9 6 4 3 2 1 1 1 
0 0 0 249 249 249 269 332 444 529 637 654 1120 1785 2493 3299 4323 5763 7598 9669 11954 14414 17311 20776 24471 28179 32016 35946 39601 43451 46926 49451 51804 53608 54721 54930 54469 53167 51367 49308 46552 43607 40332 37098 34033 30903 27873 25033 22395 19782 17462 15362 13491 11839 10330 9017 7807 6823 5953 5180 4487 3870 3347 2916 2527 2200 1902 1635 1415 1231 1072 918 793 673 577 506 438 377 312 269 220 188 160 139 119 96 89 73 62 49 47 38 30 29 22 20 14 11 8 7 7 3 3 2 2 2 1 1 1 
0 0 0 250 250 250 285 375 497 605 748 748 1156 1673 2389 3208 4277 5625 7312 9331 11768 14494 17472 20875 24385 28105 31955 35896 39536 43234 46656 49452 51867 53506 54507 55000 54654 53492 51674 49466 46811 44035 40915 37562 34325 31043 27885 25033 22277 19767 17529 15342 13454 11810 10408 9024 7884 6834 5937 5133 4431 3822 3286 2843 2438 2113 1821 1571 1367 1210 1055 899 789 681 589 511 434 376 320 268 235 206 178 161 139 117 99 90 77 66 52 41 35 30 23 20 18 13 14 12 9 7 6 5 3 3 2 1 1 1 1 1 1 
