0 0 0 248 248 248 276 324 434 531 674 692 1083 1557 1969 2525 3296 4404 5834 7501 9220 11322 14019 17010 20325 23763 27359 30906 34674 38197 41630 44762 47328 49377 50743 51658 51785 51502 50269 48551 46497 44033 41305 38323 35297 32167 29341 26520 23810 21354 19098 17014 14937 13139 11449 10034 8846 7726 6708 5729 5012 4387 3846 3356 2912 2500 2138 1910 1691 1468 1275 1108 972 852 751 664 568 510 429 359 305 267 224 177 155 123 112 90 79 61 49 42 36 29 23 21 19 13 11 11 9 9 9 8 8 10 9 8 9 9 8 7 5 5 5 5 4 3 4 4 3 1 1 1 1 1 0 
0 0 0 250 250 250 288 415 595 765 938 989 1466 2138 2973 3795 4866 6260 7971 9975 12248 14757 17507 20640 24118 27662 31150 34722 38066 41512 44461 46881 48686 50031 51154 51426 51042 49723 48088 46086 43883 41284 38296 35204 32164 29339 26579 23979 21367 18958 16744 14873 13170 11599 10178 8810 7715 6711 5808 5068 4341 3733 3193 2797 2408 2094 1831 1605 1406 1240 1088 957 832 719 638 534 470 394 348 294 257 224 195 165 146 135 124 106 93 76 70 61 47 40 34 29 28 24 19 16 14 11 8 9 11 11 9 9 11 11 11 8 5 4 3 3 1 2 1 1 1 1 1 1 1 0 
0 0 0 250 250 250 277 349 474 596 734 774 1112 1556 2077 2692 3491 4436 5730 7259 9047 11189 13629 16511 19605 23156 26818 30444 34149 37750 41158 44257 46961 49055 50654 51540 51834 51412 50485 49041 46915 44520 41734 38882 35875 32864 29937 26960 24313 21723 19330 17170 15170 13404 11738 10267 8986 7896 6882 5995 5273 4532 3913 3409 2947 2539 2195 1874 1593 1386 1217 1046 896 776 653 548 482 422 366 307 263 231 209 185 154 134 117 109 103 90 75 72 60 52 46 41 34 29 28 27 25 20 18 14 14 11 13 11 9 6 5 6 5 5 2 1 1 1 1 0 
0 0 0 249 249 249 280 350 447 547 713 789 1214 1728 2343 3171 4254 5558 7198 8972 11100 13632 16411 19252 22403 25793 29451 33255 36945 40263 43400 46351 48674 50504 51555 51872 51615 50841 49457 47577 45224 42679 39785 36841 33818 30875 27938 25078 22499 19973 17798 15795 13830 12134 10622 9289 8117 7071 6155 5336 4693 4045 3532 3069 2676 2319 2008 1770 1551 1332 1116 959 818 718 607 486 424 373 332 290 254 220 198 189 163 140 128 115 105 97 82 68 68 60 52 47 36 31 28 26 24 22 19 16 16 15 14 12 8 8 7 5 5 5 5 6 5 4 3 3 3 2 1 0 
0 0 0 249 249 249 276 342 440 540 715 855 1521 2219 2968 3916 5192 6850 8731 10789 12920 15551 18439 21640 25150 28872 32457 36156 39748 42887 46022 48583 50297 51383 51886 51597 50793 49451 47380 45047 42596 39754 36754 33765 30737 27935 25322 22636 20124 17869 15919 14161 12505 10900 9500 8305 7288 6394 5564 4805 4125 3565 3101 2735 2364 2032 1770 1523 1306 1145 972 847 716 606 518 430 385 323 280 241 208 173 162 140 113 104 87 77 75 66 56 50 49 40 36 33 28 24 18 13 7 5 5 4 3 2 2 1 2 2 1 1 1 1 1 1 0 
0 0 0 250 250 250 272 336 439 505 613 580 874 1311 1910 2531 3325 4376 5661 7299 9267 11454 13955 16753 19850 23318 26975 30599 34235 37903 41303 44446 47284 49603 51222 52265 52493 52060 50908 49435 47303 44706 42068 39068 36065 32945 30050 27099 24469 21845 19342 17133 15031 13277 11641 10169 8763 7639 6615 5742 5013 4320 3702 3133 2711 2296 1973 1699 1455 1266 1078 944 803 695 596 524 448 393 348 292 260 220 188 153 140 114 92 79 64 58 52 45 35 25 24 21 19 18 11 8 8 8 6 3 2 1 1 0 
0 0 0 250 250 250 277 317 411 562 830 938 1391 1899 2674 3684 5010 6543 8195 10036 12182 14882 17666 20725 23917 27306 30994 34752 38419 41617 44626 47177 49190 50678 51282 51430 50885 49893 48266 46252 43825 41205 38503 35515 32648 29557 26731 23873 21287 18938 16790 14862 13036 11525 10032 8803 7686 6604 5750 4979 4257 3681 3208 2819 2462 2143 1831 1576 1378 1195 1020 856 743 633 544 479 426 369 324 276 252 218 190 166 138 120 106 92 78 68 58 50 46 36 32 26 20 16 11 9 7 7 7 5 4 3 2 3 2 2 1 2 2 2 2 1 2 2 2 1 1 1 1 1 0 
0 0 0 250 250 250 275 357 483 559 664 628 993 1497 2059 2702 3637 4984 6686 8491 10469 12721 15545 18790 22203 25500 28961 32545 36311 39968 43239 45948 48294 50116 51355 52019 51975 51246 49740 48003 45786 43339 40480 37416 34200 31195 28307 25517 22742 20206 18044 16015 14131 12363 10838 9416 8279 7258 6264 5428 4685 4043 3512 3001 2620 2252 1935 1673 1433 1239 1048 926 780 663 562 481 427 378 329 287 252 221 193 174 144 124 102 90 85 72 64 55 46 40 36 28 20 15 12 11 7 5 6 6 5 3 2 1 1 1 0 
0 0 0 249 249 249 277 331 434 515 587 473 678 1024 1440 1974 2697 3644 4725 6049 7715 9616 11822 14400 17174 20169 23592 27287 30930 34608 38185 41442 44576 47091 49159 50596 51259 51536 51111 50111 48521 46569 44247 41561 38857 35840 32759 29853 27026 24431 21866 19447 17222 15167 13467 11859 10400 9053 7872 6858 5936 5147 4498 3890 3346 2908 2472 2105 1821 1579 1331 1152 993 844 722 612 540 472 401 336 272 219 189 166 128 110 87 75 72 68 55 51 47 40 40 34 21 20 17 11 8 5 3 2 2 0 
0 0 0 250 250 250 284 342 473 599 735 676 999 1473 2064 2911 3934 5166 6587 8379 10559 13124 15859 18814 22012 25504 29353 33096 36601 40013 43222 46204 48565 50328 51515 52029 51957 51096 49612 47634 45291 42712 39884 36932 33792 30812 27951 25072 22611 20195 17863 15756 13917 12249 10762 9524 8263 7087 6191 5423 4705 4075 3517 2988 2639 2329 1995 1705 1465 1297 1123 979 834 693 616 525 462 404 344 304 257 230 207 179 163 142 127 109 103 92 75 68 59 49 43 41 40 38 32 27 20 20 19 16 13 10 9 8 8 6 5 6 7 7 6 5 6 6 6 4 3 2 2 2 0 
0 0 0 250 250 250 271 345 445 546 668 629 962 1472 2196 2972 3931 5194 6835 8831 11108 13544 16161 19221 22444 25940 29590 33210 36786 40392 43802 46699 49306 50989 51877 52368 52111 51161 49604 47551 45080 42576 39980 36863 33752 30637 27785 25040 22415 19885 17536 15481 13712 12140 10571 9203 8051 6971 6069 5290 4559 3955 3432 3006 2573 2286 1978 1737 1496 1297 1112 953 856 741 655 595 504 443 383 349 290 247 198 153 140 120 97 72 60 54 51 40 37 36 31 26 20 15 11 11 7 5 3 2 2 2 2 2 2 1 1 0 
0 0 0 250 250 250 269 323 413 518 621 545 877 1380 1940 2577 3318 4383 5783 7537 9437 11631 14123 17027 20307 23839 27578 31131 34667 38348 41774 44935 47477 49303 50659 51585 51944 51371 50229 48564 46578 44239 41426 38469 35370 32451 29566 26605 23907 21294 18927 16767 14944 13147 11594 10217 8857 7725 6768 5887 5114 4414 3800 3271 2813 2449 2143 1886 1603 1408 1200 1028 905 779 674 572 499 429 369 325 282 246 207 187 159 147 130 116 98 81 74 67 62 59 45 40 37 34 29 23 20 16 14 9 9 10 10 10 8 5 4 4 2 1 1 0 
0 0 0 249 249 249 279 344 442 552 673 595 814 1189 1724 2432 3326 4310 5520 6997 8943 11221 13662 16482 19481 22804 26416 30214 33849 37406 40829 43964 46789 48895 50672 51537 51702 51287 50338 48794 46775 44515 41798 39030 36080 33176 30155 27161 24368 21742 19385 17143 15223 13423 11789 10348 9079 7975 6903 6083 5304 4535 3908 3351 2870 2495 2181 1862 1607 1413 1250 1113 986 848 716 628 556 493 415 369 316 289 243 206 182 159 144 127 110 88 79 73 65 63 56 43 39 35 30 23 16 13 12 10 9 6 6 6 5 4 2 2 1 1 1 0 
0 0 0 250 250 250 279 337 433 541 634 537 775 1094 1418 1841 2419 3325 4532 5958 7475 9471 11700 14420 17345 20446 23801 27320 31225 34766 38272 41452 44368 47016 48914 50220 50880 51088 50706 49779 48240 46084 43680 41166 38215 35345 32425 29391 26552 23927 21490 19150 17107 15086 13351 11765 10324 8977 7833 6805 5951 5161 4469 3861 3353 2912 2485 2152 1860 1621 1393 1208 1039 874 772 679 602 521 437 377 326 290 241 200 168 138 121 109 97 84 73 69 51 47 42 30 23 18 17 12 10 7 8 6 7 7 6 6 7 7 5 5 4 3 2 2 1 1 1 0 
0 0 0 250 250 250 280 331 427 524 621 517 775 1209 1823 2415 3135 4278 5728 7486 9583 11751 14239 17069 20244 23503 27017 30790 34225 37893 41151 44214 46997 49089 50529 51156 51434 50908 49940 48391 46263 43819 41136 38396 35418 32443 29541 26688 24120 21706 19330 17086 15099 13326 11691 10353 8981 7865 6922 6032 5270 4579 4004 3448 3003 2604 2261 2012 1748 1537 1347 1160 1017 913 783 650 564 457 394 363 314 255 223 197 176 167 136 111 96 80 72 62 50 44 42 37 28 26 26 27 26 21 18 15 15 12 7 5 3 3 2 2 2 2 1 1 1 0 
0 0 0 250 250 250 269 319 423 516 627 599 881 1307 1798 2287 2965 3913 5170 6696 8372 10337 12647 15342 18386 21818 25438 29130 32828 36543 40011 43194 46221 48599 50444 51374 51801 51505 50786 49534 47589 45082 42290 39550 36773 33899 30895 28041 25115 22585 20249 18046 15886 14024 12277 10748 9489 8294 7176 6252 5507 4774 4181 3626 3135 2690 2383 2074 1775 1563 1342 1144 987 860 724 615 533 452 380 329 279 242 201 170 147 118 108 88 79 58 48 44 39 38 28 26 23 19 20 19 18 16 15 13 11 10 6 3 4 6 5 5 5 5 6 6 4 2 2 2 1 1 0 
0 0 0 250 250 250 275 342 459 564 681 616 924 1319 1752 2232 2861 3887 5193 6720 8393 10462 12975 15912 19021 22166 25505 29163 32968 36669 40103 43091 45954 48380 50276 51428 51870 51723 50997 49720 47815 45651 43070 40237 37246 34193 31058 28081 25310 22578 20066 17832 15772 13810 12213 10641 9307 8094 7043 6069 5273 4574 3952 3484 2996 2626 2272 2030 1792 1562 1364 1191 1035 908 769 679 580 500 429 351 299 257 230 188 162 139 116 105 96 81 68 57 48 44 37 31 24 24 18 17 14 13 12 10 9 6 6 4 3 2 2 2 2 1 1 1 2 2 3 2 3 4 5 6 5 5 5 5 4 3 2 1 1 1 0 
0 0 0 250 250 250 281 343 427 529 650 555 801 1166 1614 2261 3095 4336 5826 7582 9586 11802 14264 17213 20633 24091 27532 31170 34879 38547 42198 45191 47613 49559 51131 51921 52083 51742 50591 48993 46913 44431 41728 38836 35718 32411 29366 26463 23770 21182 18670 16473 14473 12798 11269 9852 8566 7424 6516 5707 5014 4354 3738 3260 2805 2479 2127 1815 1589 1382 1226 1046 898 782 676 583 499 456 390 334 303 255 224 197 169 136 125 118 94 84 70 63 59 53 45 38 34 26 23 25 23 24 20 15 14 14 14 11 9 6 6 6 6 6 6 5 4 3 3 3 2 1 0 
0 0 0 250 250 250 283 343 461 574 712 760 1251 1908 2580 3407 4511 6008 7798 9754 11916 14341 17244 20557 24112 27620 31073 34647 38207 41579 44700 47309 49209 50695 51675 51939 51355 50321 48608 46431 44108 41331 38486 35360 32360 29371 26536 23855 21244 18922 16694 14823 13085 11549 10165 8887 7786 6723 5829 5081 4455 3850 3301 2830 2414 2120 1849 1605 1375 1191 1037 912 785 667 578 509 454 393 331 298 269 233 206 178 158 143 129 95 87 83 64 53 38 28 25 23 19 12 11 8 8 5 6 6 3 6 5 6 6 6 6 6 7 4 3 2 4 4 3 3 1 1 1 1 0 
0 0 0 250 250 250 277 326 419 520 629 596 892 1295 1864 2589 3559 4776 6299 8032 10183 12705 15672 18930 22297 25770 29514 33460 36997 40486 43487 46133 48496 50386 51549 51935 51729 50868 49433 47796 45408 42669 39798 36680 33747 30815 28074 25205 22708 20353 18169 16171 14310 12586 10982 9555 8293 7254 6241 5457 4770 4151 3602 3118 2710 2336 2040 1753 1522 1328 1116 960 828 734 653 556 482 404 374 325 276 230 193 167 148 126 105 92 84 74 60 51 39 40 31 28 22 17 13 13 10 7 5 4 4 3 4 2 1 1 1 1 1 2 1 2 2 2 2 1 2 1 1 1 1 1 1 1 0 
0 0 0 250 250 250 283 356 457 554 675 698 1152 1788 2501 3281 4398 5775 7542 9474 11588 13926 16512 19834 23246 26814 30245 33734 37211 40584 43770 46310 48417 50091 51129 51604 51366 50523 49219 47265 44929 42144 39341 36462 33479 30421 27502 24614 21989 19533 17278 15189 13349 11796 10215 8919 7753 6775 5921 5138 4379 3769 3301 2871 2507 2138 1831 1603 1420 1254 1065 917 784 676 585 489 430 376 334 300 253 216 199 179 159 146 132 115 102 88 78 74 67 59 49 41 39 34 27 21 18 13 11 11 11 11 10 8 6 6 5 4 2 1 1 0 
0 0 0 249 249 249 277 333 427 526 624 529 756 1155 1631 2169 2885 3786 5129 6781 8652 10757 13083 15795 18912 22443 26038 29505 33112 36803 40522 43876 46587 48584 50168 51466 51982 51940 50876 49342 47476 45315 42735 39658 36711 33592 30564 27567 24793 22087 19762 17620 15567 13631 11995 10671 9327 8159 7038 6174 5333 4674 4029 3466 3035 2639 2298 1965 1675 1431 1260 1077 944 824 723 638 588 514 443 395 326 281 240 210 177 153 127 106 104 93 84 69 64 52 50 47 38 34 34 30 25 25 21 16 14 14 12 9 6 6 5 6 5 5 4 5 4 2 2 1 1 1 1 0 
0 0 0 249 249 249 276 336 462 598 827 984 1518 2142 2897 3817 5066 6585 8372 10410 12763 15493 18618 22178 25568 29058 32893 36553 40217 43448 46300 48340 50102 51556 52005 51851 50807 49399 47606 45370 42870 39803 36708 33722 30772 27977 25026 22377 20017 17747 15746 13972 12208 10714 9425 8230 7195 6321 5502 4774 4168 3626 3163 2755 2365 2031 1740 1487 1300 1106 938 806 711 625 539 462 392 342 289 253 215 177 156 134 115 101 99 78 67 61 47 37 35 26 16 15 12 13 13 13 10 10 10 9 8 5 4 4 4 3 1 1 1 1 3 2 2 2 2 2 2 2 1 1 1 1 1 2 2 2 1 1 1 1 1 0 
0 0 0 250 250 250 275 320 429 540 649 561 815 1204 1702 2256 2911 3773 4914 6287 7920 9862 12097 14592 17507 20769 24047 27634 31350 34997 38592 42061 44941 47359 49546 51068 51863 52095 51550 50293 48681 46709 44091 41225 38334 35309 32300 29347 26567 23799 21320 18990 16789 14719 12886 11322 9815 8503 7403 6454 5545 4818 4204 3640 3187 2734 2334 2013 1732 1500 1263 1066 915 774 656 570 506 415 361 300 241 213 189 159 127 109 90 74 69 59 49 46 44 40 39 36 31 26 24 22 18 16 16 16 15 12 9 7 7 6 4 2 2 1 1 0 
0 0 0 249 249 249 271 316 398 494 598 510 698 1057 1603 2240 2984 3974 5276 6865 8815 10938 13331 16087 19121 22571 26189 29842 33505 37091 40570 43900 46870 49111 50746 52010 52436 52205 51320 49572 47640 45277 42490 39432 36465 33525 30525 27692 24706 22027 19713 17460 15350 13499 11850 10363 9113 7967 6896 6064 5327 4587 3955 3436 2991 2597 2277 1942 1681 1480 1292 1135 969 856 741 665 599 527 463 391 338 290 262 235 189 163 141 123 105 86 74 69 59 43 36 31 28 24 21 14 11 10 8 7 4 3 3 2 1 1 1 0 
0 0 0 250 250 250 276 347 454 548 659 591 871 1319 1854 2500 3216 4244 5598 7259 9193 11328 13875 16476 19399 22749 26365 30038 33448 37005 40462 43674 46507 48749 50334 51204 51628 51353 50146 48794 47028 44603 41948 39073 36256 33205 30324 27280 24484 21898 19431 17320 15168 13404 11757 10338 9033 7896 6887 5963 5223 4520 3898 3408 2923 2558 2220 1903 1651 1388 1240 1050 924 798 682 592 506 460 407 371 319 278 246 214 198 153 122 102 96 87 79 73 63 58 56 53 45 40 36 32 26 24 17 17 13 9 5 5 7 6 6 4 4 5 5 4 2 2 3 3 3 1 1 1 1 1 0 
0 0 0 250 250 250 270 328 441 537 672 715 1190 1874 2559 3357 4391 5768 7563 9526 11713 14090 16945 20226 23739 27230 30778 34534 38188 41584 44794 47406 49482 51037 51928 51992 51511 50458 48828 46679 44154 41458 38501 35608 32622 29669 26661 23956 21503 19213 17073 15071 13184 11652 10320 9042 7914 6843 5974 5224 4548 3911 3392 2939 2554 2212 1927 1675 1451 1253 1081 926 770 698 599 521 457 388 333 281 244 215 180 150 132 128 105 96 82 72 67 59 49 35 34 33 31 32 28 25 24 26 22 20 16 10 9 8 7 4 4 1 1 1 1 0 
0 0 0 250 250 250 272 319 418 502 581 532 844 1191 1611 2108 2817 3821 5140 6566 8194 10188 12681 15474 18568 21820 25029 28793 32769 36598 40151 43474 46352 48848 50858 51991 52333 52182 51254 49910 47893 45500 42963 40043 36947 33930 30899 27919 25157 22495 19892 17683 15668 13783 12210 10646 9362 8122 7107 6158 5385 4651 4008 3480 3056 2659 2351 2057 1773 1528 1354 1189 985 863 721 620 534 479 407 349 307 264 231 200 183 153 132 114 108 92 90 81 72 68 61 56 46 40 33 30 27 22 20 16 17 16 11 9 6 6 4 5 1 1 1 1 1 1 1 0 
0 0 0 250 250 250 269 316 407 492 571 465 655 969 1354 1750 2322 3134 4366 5766 7277 9035 11233 13898 16782 20024 23329 26945 30943 34895 38661 42157 45174 47899 50061 51566 52176 52212 51720 50654 49106 46953 44403 41490 38681 35672 32560 29458 26493 23628 21000 18700 16519 14533 12720 11121 9747 8534 7465 6479 5642 4868 4245 3664 3146 2730 2357 2030 1746 1522 1286 1119 963 838 735 624 548 487 420 366 299 246 213 189 157 134 121 104 95 90 73 66 61 55 43 37 31 24 20 13 8 6 5 4 4 3 4 3 3 2 2 2 2 2 1 1 0 
0 0 0 249 249 249 277 357 490 577 662 609 932 1421 2002 2682 3672 4936 6515 8089 9930 12117 14737 17599 20552 23912 27491 31349 35264 38851 41985 44999 47638 49671 51112 51950 52034 51561 50679 48904 46768 44071 41258 38307 35308 32264 29082 26347 23540 21182 18839 16629 14626 12880 11323 9893 8669 7525 6497 5663 4920 4232 3691 3180 2749 2345 2043 1710 1467 1249 1080 935 813 731 623 553 483 413 358 312 264 229 201 174 157 144 120 111 103 92 89 78 63 51 49 46 40 34 29 29 30 26 23 12 9 8 8 7 4 4 5 6 6 6 5 5 5 4 3 2 1 1 0 
0 0 0 250 250 250 284 332 426 521 602 480 688 1022 1423 1953 2641 3554 4682 6076 7825 9879 12272 14814 17661 20553 24139 27893 31541 35184 38550 41731 44769 47618 49496 50804 51345 51467 50994 50023 48505 46326 43874 41101 38328 35276 32286 29337 26394 23678 21065 18744 16633 14705 12948 11310 9859 8610 7586 6666 5724 4973 4295 3732 3248 2806 2396 2070 1844 1578 1363 1184 1034 884 776 656 557 481 426 369 324 284 252 222 199 179 147 133 108 95 84 75 57 48 44 40 40 39 31 26 26 22 18 17 13 9 9 6 6 6 5 4 3 1 1 0 
0 0 0 250 250 250 272 329 409 527 636 571 816 1259 1876 2586 3472 4638 6052 7843 9965 12352 14960 17835 21070 24527 28224 31945 35618 39100 42306 45205 47820 49786 51139 51799 51702 50986 49899 48361 46160 43545 40592 37550 34676 31809 28841 25884 23084 20606 18399 16350 14355 12594 11023 9673 8481 7380 6468 5589 4856 4240 3659 3226 2802 2430 2051 1792 1564 1329 1173 982 830 721 629 528 444 384 340 295 267 221 197 180 156 135 109 101 95 84 68 56 48 41 37 27 20 18 14 9 6 5 3 3 4 3 3 2 2 2 2 1 0 
0 0 0 250 250 250 273 341 432 520 610 568 858 1302 1812 2385 3145 4136 5339 6812 8495 10411 12792 15419 18477 21798 25199 28870 32641 36542 40040 43140 45948 48287 50293 51394 51932 51535 50772 49677 47949 45689 42963 40151 37130 34265 31246 28261 25402 22687 20195 17979 15866 13903 12241 10699 9309 8148 7139 6166 5371 4665 4020 3490 2998 2607 2266 1984 1703 1447 1255 1082 949 811 695 586 503 451 396 366 320 275 234 204 187 163 138 124 110 102 103 93 88 78 68 56 53 52 46 45 33 30 26 24 19 15 10 7 6 5 3 2 1 1 1 0 
0 0 0 249 249 249 275 335 418 488 615 643 1047 1549 2105 2790 3844 5165 6712 8258 10145 12347 14847 17666 20606 23965 27514 31332 34775 38370 41616 44786 47489 49265 50550 51289 51628 51123 50065 48217 46200 43905 41236 38277 35160 32060 29116 26290 23478 20885 18494 16368 14429 12596 11078 9781 8497 7422 6461 5566 4880 4272 3706 3143 2698 2315 1989 1732 1441 1241 1063 910 790 686 571 483 436 382 327 280 225 187 162 133 113 94 77 65 59 54 47 42 32 27 23 17 14 9 9 9 8 5 4 5 5 6 5 2 2 3 3 2 2 1 2 3 3 2 2 2 2 2 1 0 
0 0 0 250 250 250 273 330 448 557 683 654 1006 1541 2121 2783 3653 4765 6266 7975 9904 11957 14447 17414 20553 23928 27276 30830 34526 38228 41571 44370 46864 48968 50476 51310 51476 51099 50042 48529 46635 44195 41711 38723 35727 32596 29672 26945 24199 21634 19198 17075 15005 13205 11593 10099 8792 7654 6580 5717 4957 4321 3688 3210 2762 2355 2078 1812 1584 1332 1141 989 858 752 637 554 480 412 367 320 261 235 210 173 144 129 121 112 108 90 74 70 69 67 52 41 33 29 28 24 19 15 12 13 12 12 10 7 6 6 6 4 2 1 0 
0 0 0 250 250 250 282 349 460 566 645 561 785 1114 1481 1850 2403 3198 4198 5494 7049 8970 11342 14037 16921 20073 23591 27267 31195 34909 38286 41503 44552 47168 49429 50881 51635 51863 51492 50581 49011 46986 44363 41636 38854 35784 32766 29847 27031 24370 21885 19511 17239 15244 13423 11789 10236 8898 7738 6718 5807 5058 4358 3740 3240 2804 2442 2117 1826 1544 1364 1189 1023 886 772 675 581 518 441 376 338 286 239 209 188 160 140 122 97 87 76 63 51 43 38 30 29 24 16 14 12 11 7 6 3 3 3 2 1 0 
0 0 0 250 250 250 270 324 422 512 602 548 868 1378 1995 2558 3172 4058 5407 7092 8914 10859 13070 15943 19259 22788 26425 30063 33614 37406 41018 44300 47098 49375 50985 52063 52523 52130 51255 49611 47420 45074 42461 39410 36425 33491 30402 27487 24835 22056 19516 17373 15320 13406 11743 10218 8917 7752 6699 5842 5120 4506 3945 3431 3018 2659 2338 1994 1697 1476 1300 1136 967 845 739 656 562 467 388 331 288 244 228 182 155 130 103 96 81 77 59 53 48 41 40 35 30 29 26 23 17 15 12 9 9 5 4 4 3 3 2 1 1 1 1 0 
0 0 0 250 250 250 272 330 438 560 698 712 1108 1654 2292 3118 4238 5671 7518 9422 11555 14071 17051 20222 23659 27010 30495 34128 37783 41251 44142 46712 48901 50700 51791 52197 51861 50892 49511 47585 45128 42271 39240 36292 33256 30292 27272 24355 21699 19289 17082 14989 13069 11388 9969 8704 7573 6570 5708 5026 4390 3772 3294 2874 2490 2151 1863 1603 1421 1255 1058 912 793 696 608 519 430 367 326 284 247 218 171 151 121 106 94 82 66 58 51 48 46 40 32 29 26 19 17 13 12 14 12 12 11 11 9 8 6 4 4 3 3 1 1 1 1 0 
0 0 0 250 250 250 271 327 418 507 639 622 997 1479 2134 2881 3796 4874 6364 8157 10078 12149 14542 17506 20771 24317 27809 31382 34981 38493 41901 44745 47244 49296 50746 51359 51621 51268 50005 48388 46241 43700 40956 38109 35032 31992 29118 26220 23409 20840 18520 16436 14483 12802 11250 9888 8625 7541 6584 5752 5063 4374 3784 3246 2805 2405 2058 1758 1494 1277 1115 941 800 692 579 503 434 359 291 249 230 202 177 154 126 107 100 85 74 59 50 38 34 30 25 25 22 18 19 18 16 17 15 14 11 10 8 8 6 3 2 1 1 1 0 
0 0 0 250 250 250 270 346 459 587 759 812 1277 1871 2551 3439 4584 6021 7799 9785 12021 14593 17591 20864 24343 27863 31397 34938 38547 41913 44929 47265 49184 50755 51587 51767 51209 50015 48044 45962 43481 40615 37711 34782 31788 28812 26176 23554 21090 18710 16569 14655 12882 11344 9953 8669 7548 6641 5867 5160 4501 3929 3429 2997 2615 2276 1995 1724 1497 1327 1133 988 854 770 662 577 494 426 372 313 268 222 178 154 143 117 101 88 72 61 59 52 38 33 25 19 16 13 8 5 4 2 2 2 2 1 0 
0 0 0 250 250 250 277 366 490 608 794 945 1538 2206 2938 3772 4949 6541 8377 10468 12605 15319 18457 21916 25538 29086 32760 36410 40114 43414 46038 48207 49959 51091 51544 51346 50469 49000 47309 45302 42683 39888 37035 34141 31227 28417 25751 23066 20600 18393 16256 14344 12660 11168 9772 8490 7452 6534 5731 4936 4271 3644 3162 2774 2366 1988 1687 1456 1268 1106 939 808 693 581 508 433 364 315 256 209 180 170 144 116 97 78 68 61 54 42 42 36 36 31 32 28 22 18 15 14 9 7 6 5 5 4 3 2 2 2 0 
0 0 0 250 250 250 279 342 434 515 609 500 678 1004 1436 2013 2719 3675 5068 6804 8764 10981 13514 16417 19751 23394 26855 30451 34288 38014 41483 44701 47277 49405 51108 51923 52224 51797 51034 49634 47606 45116 42332 39471 36426 33300 30116 27134 24296 21742 19324 17139 15110 13331 11707 10223 8993 7789 6758 5847 5079 4428 3831 3287 2829 2481 2184 1898 1639 1436 1271 1090 950 805 684 587 499 425 372 330 287 251 227 192 163 150 131 115 105 103 82 71 65 56 48 41 36 23 20 17 17 15 14 11 7 7 6 5 2 1 2 2 1 1 2 2 2 2 1 1 1 1 0 
0 0 0 250 250 250 275 329 448 542 620 539 777 1104 1498 1963 2524 3544 4853 6343 8119 10209 12569 15275 18344 21447 24769 28350 31936 35417 38960 42069 44800 47263 49328 50627 51268 51382 50688 49649 48216 46121 43593 40942 38153 35209 32195 29335 26321 23617 21056 18658 16557 14651 12932 11293 9974 8693 7608 6681 5807 5050 4431 3861 3299 2894 2515 2185 1905 1642 1446 1236 1096 934 810 691 594 510 420 363 318 280 238 200 170 153 132 112 96 82 74 67 62 46 41 36 28 25 16 15 8 10 8 7 6 3 4 4 4 2 2 2 3 3 3 2 2 2 2 2 1 1 1 1 1 1 1 1 1 1 0 
0 0 0 249 249 249 278 340 433 545 740 844 1366 1965 2590 3414 4532 6130 7904 9840 12024 14550 17605 20946 24478 27923 31387 34951 38560 41989 44915 47486 49365 50779 51770 51962 51310 50088 48433 46203 43836 40981 37869 35006 32090 29188 26396 23644 21061 18728 16636 14559 12796 11268 9833 8611 7499 6531 5680 5019 4306 3738 3231 2782 2393 2086 1837 1589 1405 1234 1066 940 849 724 647 534 470 405 363 312 264 230 192 177 152 128 102 84 68 61 57 50 43 37 38 34 29 23 20 15 18 18 10 9 9 8 10 9 4 4 5 5 5 5 2 2 3 2 1 1 1 1 1 1 0 
0 0 0 250 250 250 280 349 445 544 722 835 1326 1903 2510 3314 4520 6112 7909 9848 12114 14724 17821 21044 24451 27718 31274 35133 38639 42093 45089 47589 49598 51138 52031 52066 51440 50141 48269 46242 43769 41042 38123 35090 32142 29094 26354 23549 21145 18827 16625 14648 12879 11372 9958 8685 7485 6530 5669 4949 4242 3706 3149 2720 2365 2067 1803 1526 1299 1088 965 854 692 574 490 442 391 330 262 226 203 175 156 124 101 90 84 72 71 62 50 48 47 39 33 26 20 17 16 13 10 10 7 7 5 5 2 2 2 1 2 2 2 1 1 1 1 1 0 
0 0 0 250 250 250 274 344 441 520 630 633 1005 1455 1965 2634 3522 4644 5952 7353 8957 11123 13744 16605 19586 22747 26326 30223 34170 37868 41325 44466 47098 49460 51084 51997 52356 51907 50793 49294 47260 44663 41964 39102 35902 32782 29745 26707 23910 21383 18979 16644 14749 12975 11336 9873 8696 7620 6606 5713 4936 4278 3703 3163 2747 2387 2048 1805 1563 1348 1186 1045 889 793 694 600 510 437 367 316 271 225 188 171 149 126 103 91 77 69 66 57 52 45 39 35 30 24 18 14 11 9 6 6 4 5 2 4 5 4 4 4 4 3 3 1 0 
0 0 0 250 250 250 277 341 446 569 779 861 1239 1743 2291 3042 4005 5111 6511 8123 10127 12393 15064 18009 21230 24716 28384 32083 35861 39388 42510 45433 47803 49693 51149 51935 51664 51071 50130 48381 46271 43795 40837 37757 34923 31997 28876 25985 23175 20669 18290 16185 14199 12436 10983 9635 8468 7384 6440 5664 5005 4294 3704 3208 2816 2397 2098 1813 1557 1396 1210 1050 882 797 697 584 500 429 369 323 294 235 200 176 156 126 113 89 71 58 44 35 27 28 21 17 13 11 11 11 10 9 9 11 11 9 7 4 3 2 2 1 0 
0 0 0 249 249 249 271 344 454 560 665 683 1126 1770 2417 3083 4031 5356 7067 8799 10645 12832 15537 18725 22070 25351 28926 32856 36779 40588 43735 46490 48923 50967 52074 52491 52260 51271 49896 47941 45356 42536 39577 36543 33557 30624 27830 25017 22461 20000 17794 15677 13781 12077 10551 9265 8042 6993 6120 5333 4665 4030 3482 3016 2663 2294 1934 1693 1440 1261 1106 987 849 740 651 569 496 413 352 288 251 223 183 146 119 103 90 83 72 66 62 53 49 45 34 25 20 15 12 11 10 5 6 7 6 5 4 3 4 4 2 1 1 1 1 1 0 
0 0 0 250 250 250 271 344 465 563 670 627 980 1427 1930 2518 3269 4387 5773 7472 9129 11154 13597 16547 19847 23142 26652 30236 34151 37914 41537 44450 46802 48708 50259 51354 51549 51174 49887 48206 46350 44252 41654 38571 35582 32518 29676 26974 24264 21677 19251 17102 15082 13248 11617 10164 8870 7763 6732 5893 5137 4477 3900 3354 2939 2484 2165 1894 1625 1387 1194 1042 898 798 677 556 476 427 369 306 242 215 202 188 165 139 125 120 115 97 82 68 63 55 45 37 30 28 23 18 14 12 9 7 6 4 3 2 2 2 2 2 1 1 1 1 0 
0 0 0 250 250 250 280 341 427 582 868 1042 1601 2297 3181 4205 5546 7122 8940 10952 13310 16125 18965 21967 25312 28801 32394 36175 39716 42806 45747 48280 50076 51444 51922 51763 50870 49475 47638 45352 42762 39899 37001 33987 30957 28001 25159 22548 20081 17710 15763 13785 12212 10803 9364 8188 7155 6190 5370 4756 4155 3571 3097 2656 2308 2007 1703 1442 1207 1067 933 777 660 582 516 459 394 340 299 292 260 237 209 186 166 141 127 101 93 82 68 51 50 46 41 34 29 22 17 16 9 8 7 5 5 4 4 4 4 3 2 2 1 1 1 0 
0 0 0 250 250 250 279 344 454 555 670 607 849 1195 1612 2201 2998 4030 5384 6976 8825 10964 13494 16579 19843 23322 26948 30763 34517 38315 41825 44749 47285 49384 50688 51379 51617 50969 50043 48484 46312 43808 41185 38350 35304 32447 29487 26631 24147 21654 19333 17199 15300 13556 11928 10485 9159 8018 7068 6188 5407 4707 4049 3527 3097 2735 2352 2021 1769 1531 1354 1169 976 812 701 614 505 450 388 329 286 252 203 177 150 121 111 93 87 78 69 60 55 53 43 45 35 28 26 26 24 17 15 13 9 9 8 5 5 5 3 3 4 4 3 4 3 5 5 4 4 5 5 4 3 1 1 1 1 0 
0 0 0 249 249 249 277 334 436 532 593 478 716 1047 1430 1862 2338 2945 3906 5175 6595 8250 10232 12549 15298 18439 21859 25353 29165 33113 37097 40797 44188 47235 49442 51422 52416 52745 52251 51242 49536 47312 44940 42041 39058 35974 32963 29946 27164 24420 21827 19393 17295 15279 13462 11850 10371 9097 8017 7064 6132 5347 4640 4024 3530 3083 2649 2278 1959 1718 1492 1270 1104 977 856 752 655 540 457 391 334 287 238 199 168 159 145 131 115 102 96 88 81 69 58 47 44 36 32 27 19 16 13 10 8 3 2 2 1 1 1 1 0 
0 0 0 250 250 250 276 332 425 508 603 537 785 1203 1616 2073 2679 3553 4712 6193 7932 9732 11868 14446 17359 20610 23978 27517 31050 34642 38262 41353 44348 46799 48718 50018 50869 51267 51064 50237 48505 46356 44078 41509 38679 35542 32295 29346 26594 23873 21359 18989 16809 14901 13130 11530 10037 8896 7675 6616 5768 5018 4334 3768 3254 2749 2413 2076 1784 1512 1295 1116 991 870 750 648 563 515 458 401 346 291 253 229 199 169 152 128 105 97 82 71 57 49 40 37 38 29 24 21 22 20 22 19 16 15 17 14 13 11 5 6 4 4 2 2 1 1 1 0 
0 0 0 250 250 250 276 348 455 593 796 899 1351 1973 2798 3824 5059 6450 8087 9985 12425 15196 18141 21296 24841 28512 32384 36252 39689 43121 46033 48510 50224 51354 51893 51902 51284 49777 47961 45618 43072 40374 37444 34237 31255 28306 25416 22830 20252 17900 15834 13924 12205 10648 9292 8143 7132 6278 5469 4792 4103 3597 3131 2717 2392 2061 1792 1545 1352 1172 1014 866 728 626 548 458 401 357 304 262 228 199 158 134 113 88 73 63 51 36 32 27 24 20 15 9 8 7 6 6 3 3 3 3 3 2 0 
0 0 0 250 250 250 269 320 407 480 550 437 671 969 1368 1813 2449 3283 4281 5531 7058 8863 10917 13371 16060 19125 22675 26229 29870 33343 37034 40562 43772 46388 48547 50171 51126 51731 51534 50629 49206 47431 44958 42331 39508 36543 33503 30565 27637 24755 22143 19740 17513 15464 13561 11815 10316 9017 7846 6825 5961 5186 4483 3882 3335 2902 2558 2218 1917 1669 1456 1240 1091 938 819 696 602 510 433 381 322 278 228 193 167 142 124 109 85 74 69 64 56 49 46 38 35 30 22 15 15 13 10 11 10 6 6 7 8 10 9 7 9 9 9 8 5 3 5 5 2 2 2 2 2 2 0 
0 0 0 250 250 250 279 315 424 534 649 607 1012 1539 2102 2810 3731 5051 6697 8523 10469 12754 15548 18666 21974 25264 28794 32285 35996 39474 42704 45562 47918 49838 51215 52010 51864 51206 49782 47943 45708 43246 40306 37378 34369 31410 28549 25697 23111 20561 18238 16078 14207 12397 10823 9446 8149 7131 6182 5343 4632 4010 3482 3007 2634 2236 1922 1659 1435 1222 1074 935 801 694 605 544 466 402 335 290 241 219 188 155 134 115 98 87 82 67 56 53 44 39 37 34 29 27 23 15 15 12 12 9 7 4 5 4 3 4 2 4 7 7 6 6 6 5 5 3 0 
0 0 0 250 250 250 268 315 396 476 583 543 847 1271 1714 2236 3020 4240 5799 7393 9172 11274 13947 17019 20278 23489 26695 30286 34109 37720 41032 43980 46552 48672 50355 51299 51474 51227 50275 48692 46583 44380 41789 39017 36052 33048 30012 27220 24596 21859 19495 17229 15295 13461 11819 10354 9088 7979 6941 6079 5239 4507 3897 3373 2902 2475 2105 1823 1584 1396 1204 1036 892 759 681 582 487 413 360 316 276 240 208 170 155 133 108 95 79 72 67 63 60 51 50 45 38 37 31 27 18 18 16 12 13 9 6 4 5 6 5 5 3 3 4 3 3 1 1 2 2 2 1 1 1 1 1 0 
0 0 0 250 250 250 272 331 460 542 616 508 831 1254 1762 2292 2977 4058 5401 6954 8608 10603 12957 15698 18695 22008 25404 28972 32665 36480 39994 43156 46161 48419 50216 51422 51998 51574 50701 49350 47503 45276 42655 39812 36860 34003 31103 28316 25439 22836 20380 18096 15964 14026 12341 10866 9503 8310 7268 6332 5522 4744 4117 3533 3072 2661 2341 2042 1777 1534 1319 1151 1002 876 763 647 551 490 425 366 324 277 231 212 183 148 129 118 97 85 79 66 60 55 47 38 31 28 18 12 9 8 6 9 10 8 8 6 4 4 4 2 1 1 1 2 2 1 1 1 1 1 2 1 1 1 1 1 1 1 0 
0 0 0 250 250 250 275 320 409 512 619 579 938 1433 2030 2644 3490 4630 6088 7822 9786 12102 14803 17882 21156 24678 28388 32234 35960 39455 42833 45830 48209 49981 51427 51956 51926 51065 49565 47707 45475 43105 40036 37067 34026 31140 28429 25632 23142 20628 18406 16381 14498 12857 11185 9777 8538 7461 6491 5628 4895 4218 3679 3208 2784 2461 2120 1835 1598 1383 1193 1023 875 740 644 570 493 437 394 333 286 245 217 180 157 136 120 101 87 81 67 56 42 32 26 27 22 12 11 11 14 16 13 7 7 9 10 9 6 4 3 4 5 3 2 2 2 2 2 1 0 
0 0 0 250 250 250 280 340 468 574 690 626 942 1386 1807 2280 2941 4008 5352 6789 8383 10367 12984 16021 19112 22211 25689 29433 33364 37052 40470 43478 46119 48590 50280 51349 51741 51553 50620 49327 47684 45359 42829 40078 37169 34080 31119 28170 25384 22842 20313 18016 15881 14109 12416 10915 9555 8347 7317 6368 5561 4799 4190 3658 3181 2755 2381 2058 1785 1593 1387 1176 1021 864 758 685 584 493 434 371 319 274 242 203 176 149 125 113 103 87 71 63 53 47 42 34 29 21 18 16 14 13 11 9 7 6 8 8 8 5 3 3 3 3 1 0 
0 0 0 250 250 250 268 318 438 536 623 555 858 1318 1845 2446 3139 4208 5581 7176 8928 10869 13275 16037 19109 22399 25843 29328 33084 36889 40438 43670 46442 48583 50264 51407 51814 51660 50716 49371 47369 45164 42711 39947 36936 33780 30772 27793 25082 22426 19831 17516 15539 13687 11993 10475 9193 8042 7065 6138 5273 4589 3995 3537 3097 2661 2271 1953 1717 1500 1296 1065 903 776 676 588 506 429 379 357 316 287 253 220 194 175 155 128 113 91 88 76 57 48 38 29 28 23 16 12 12 9 8 8 5 3 2 2 1 1 2 2 1 1 1 1 1 1 0 
0 0 0 250 250 250 278 340 443 541 627 539 808 1261 1844 2556 3390 4565 6155 8170 10296 12632 15157 18025 21274 24562 28219 31709 35235 38802 42171 45289 47803 49963 51001 51686 51685 51109 49958 48195 46183 43614 41016 38058 35052 32065 29203 26338 23556 21015 18616 16560 14720 12877 11209 9838 8568 7477 6626 5657 4861 4214 3632 3127 2706 2325 1969 1716 1486 1310 1124 959 844 742 637 533 470 396 353 318 280 232 201 178 159 137 117 89 77 70 60 51 41 35 32 28 25 21 21 19 16 17 11 10 10 8 3 3 3 1 2 3 3 3 4 3 3 3 2 1 1 1 0 
0 0 0 250 250 250 273 313 389 483 604 609 1002 1548 2187 2896 3871 5109 6842 8738 10863 13209 15934 19166 22602 26215 29820 33523 37056 40688 43979 46790 49202 50983 52021 52380 52238 51307 49658 47752 45221 42601 39718 36666 33542 30450 27632 24709 22052 19541 17279 15257 13419 11733 10155 8809 7731 6740 5895 5130 4448 3818 3308 2915 2545 2181 1900 1662 1448 1247 1122 949 831 749 680 601 516 467 394 354 285 242 204 180 166 143 126 106 98 90 74 68 63 52 44 36 28 23 25 17 12 13 14 14 12 10 6 6 6 4 2 1 1 1 1 0 
0 0 0 250 250 250 268 321 411 501 600 585 913 1323 1688 2108 2726 3654 4856 6214 7746 9503 11908 14672 17803 21164 24574 28164 32018 35871 39649 42895 45581 47772 49564 50747 51295 51300 50439 49165 47585 45506 43072 40535 37640 34622 31550 28618 25817 23190 20704 18336 16260 14280 12630 11104 9652 8408 7328 6396 5542 4868 4173 3597 3173 2726 2388 2059 1737 1477 1288 1116 931 822 688 623 533 482 430 387 339 293 266 219 201 166 134 110 93 81 70 60 48 44 44 40 32 30 29 23 22 16 10 8 7 7 6 5 3 3 3 2 1 0 
0 0 0 250 250 250 276 357 454 548 664 621 957 1392 1874 2511 3452 4616 6039 7733 9651 11935 14685 17619 20620 24028 27496 31152 34812 38336 41525 44420 47093 49187 50706 51603 51761 51249 50185 48623 46568 44158 41390 38431 35475 32413 29553 26693 23956 21355 19001 16787 14772 13033 11441 10065 8814 7664 6671 5822 5105 4482 3878 3332 2880 2461 2151 1862 1590 1354 1173 1039 885 785 670 584 502 444 385 321 289 246 210 185 155 135 123 107 95 77 69 56 48 44 40 36 31 29 22 21 23 20 14 13 9 9 10 9 7 5 5 4 4 3 2 3 3 3 3 3 3 3 3 2 1 1 1 1 0 
0 0 0 250 250 250 274 336 464 579 694 615 838 1139 1488 1863 2507 3426 4634 6013 7553 9351 11620 14357 17258 20353 23551 27181 30881 34746 38289 41720 44729 47376 49466 50914 51925 51864 51501 50277 48570 46580 44148 41491 38420 35495 32521 29587 26662 23913 21392 18910 16893 14930 13042 11457 10080 8807 7707 6714 5827 5067 4433 3846 3343 2901 2495 2163 1845 1586 1355 1178 1019 863 749 614 528 449 401 321 266 225 186 168 137 117 87 76 63 56 49 41 40 29 23 21 18 15 14 9 9 11 11 9 8 8 8 8 7 5 4 4 3 2 1 0 
0 0 0 248 248 248 277 358 475 595 758 922 1607 2346 3112 4009 5163 6843 8944 10981 13127 15632 18598 22021 25547 29058 32332 36046 39592 42931 45866 48210 50039 51260 51926 51723 50934 49580 47729 45371 42742 39882 36974 33939 30997 27996 25293 22664 20249 17997 15918 14067 12374 10985 9556 8370 7294 6318 5455 4748 4115 3520 3048 2630 2292 1969 1699 1456 1258 1111 952 848 715 627 565 499 421 370 332 293 259 240 212 185 169 148 133 117 103 89 81 80 78 70 65 51 52 46 39 31 27 24 25 23 17 12 12 12 10 8 5 5 4 4 3 3 5 4 4 4 3 3 4 3 1 2 2 2 2 2 2 2 2 1 1 1 1 1 1 1 1 1 0 
0 0 0 250 250 250 279 352 479 576 659 595 938 1415 1915 2513 3345 4552 6169 7833 9684 11856 14568 17563 20772 24145 27541 31273 34986 38591 41798 44855 47570 49577 50847 51595 51690 51150 50099 48400 46093 43642 41086 38253 35244 32175 29196 26352 23635 21223 18922 16805 14908 13166 11548 10059 8948 7782 6811 5890 5131 4488 3903 3406 2900 2479 2166 1863 1589 1356 1178 1004 874 762 619 548 479 408 343 290 240 208 192 165 140 118 106 100 90 77 69 63 52 45 35 27 25 27 22 22 19 18 18 16 11 8 7 4 4 5 3 5 5 3 3 2 4 4 4 3 2 3 3 3 2 1 1 1 1 0 
0 0 0 250 250 250 282 342 450 544 673 687 1070 1536 2039 2672 3634 4921 6388 7909 9679 11870 14471 17493 20589 23900 27444 31239 34892 38586 42013 44891 47491 49452 50817 51713 51942 51322 50174 48552 46387 43853 41072 37992 34925 32025 29011 26030 23254 20725 18440 16300 14466 12682 11162 9888 8681 7585 6590 5815 5041 4357 3751 3230 2815 2447 2123 1806 1600 1406 1243 1090 929 799 690 596 505 423 365 320 274 227 207 174 154 136 118 105 93 87 70 68 54 47 44 40 33 29 29 23 19 19 16 12 11 10 7 3 4 4 3 2 1 1 1 1 0 
0 0 0 250 250 250 279 329 411 499 651 690 1070 1585 2240 3056 4110 5359 6789 8635 10787 13172 15828 18942 22295 25856 29554 33087 36510 40084 43346 46154 48536 50462 51609 52231 52145 51341 50001 48202 45825 42994 40100 37100 34011 30909 27895 24914 22258 19795 17534 15392 13553 11905 10476 9152 8025 6997 6101 5282 4553 3898 3367 2933 2464 2135 1851 1615 1447 1260 1084 952 838 733 652 546 456 396 346 288 251 215 185 159 137 123 106 95 85 62 47 46 43 32 30 26 24 26 22 20 15 16 15 15 14 11 9 7 6 4 3 4 3 3 3 2 2 2 1 0 
0 0 0 250 250 250 276 338 452 550 700 752 1141 1599 2240 3125 4232 5644 7271 9109 11391 13989 16893 19878 23011 26484 30275 34160 37873 41219 44267 47044 49394 51273 52357 52579 52167 51274 49877 47928 45470 42451 39343 36244 32973 30003 26993 24157 21609 19201 16898 14883 13136 11497 10070 8727 7617 6624 5753 4969 4316 3715 3198 2830 2432 2094 1846 1600 1384 1223 1059 912 792 684 561 506 446 372 320 274 234 202 184 144 117 107 94 77 62 58 50 41 33 25 19 22 18 13 9 10 10 9 9 4 5 6 5 4 3 3 2 2 1 0 
0 0 0 250 250 250 272 329 434 551 654 622 953 1449 2078 2679 3540 4715 6307 8013 9924 12070 14691 17984 21395 24799 28143 31910 35728 39579 42915 45794 48112 50041 51554 52060 51980 51092 49806 47889 45679 43190 40235 37343 34388 31471 28538 25688 23047 20539 18366 16257 14372 12618 11186 9836 8585 7492 6534 5731 5025 4404 3780 3282 2874 2494 2134 1890 1619 1413 1212 1055 902 785 681 594 508 433 374 322 268 251 203 171 141 122 108 89 74 56 48 39 33 21 21 17 16 12 9 7 6 7 6 5 3 3 3 2 2 1 0 
0 0 0 250 250 250 284 354 481 587 718 731 1147 1701 2438 3191 4214 5591 7252 9221 11315 13798 16543 19769 23261 26852 30534 34245 37869 41348 44675 47485 49610 51110 52032 52331 52058 50977 49335 47216 44853 42079 39172 36075 33045 30210 27222 24432 21645 19268 16984 15005 13167 11438 9991 8694 7642 6702 5870 5045 4403 3827 3338 2913 2545 2220 1956 1719 1478 1266 1096 966 818 709 607 504 421 371 311 268 234 195 169 146 127 109 103 82 70 60 51 49 49 42 34 28 26 22 21 20 14 12 11 12 11 9 9 8 7 7 7 4 4 7 6 6 5 5 4 5 5 2 1 1 2 2 2 1 1 1 1 1 0 
0 0 0 250 250 250 269 335 420 527 642 526 806 1151 1477 1891 2490 3362 4555 6033 7652 9650 11956 14630 17839 21216 24818 28501 32236 35982 39887 43496 46353 48767 50594 51865 52565 52579 51521 50087 48189 45826 43246 40390 37339 34294 31330 28394 25689 23024 20553 18209 16088 14134 12432 10865 9515 8348 7254 6297 5460 4755 4121 3567 3041 2592 2238 1951 1680 1420 1236 1052 921 816 718 606 529 459 388 346 295 251 206 184 156 140 116 106 86 73 65 48 38 25 22 18 11 9 9 10 9 9 8 6 7 6 4 5 6 7 8 7 6 5 5 3 2 1 0 
0 0 0 250 250 250 275 331 435 558 725 716 994 1344 1848 2519 3386 4431 5766 7456 9512 12063 14772 17665 20910 24501 28076 31711 35429 38836 42121 45089 47669 49667 51335 52086 52015 51550 50347 48793 46678 44039 41032 38097 35113 31966 29140 26187 23474 20879 18562 16546 14634 12982 11329 9909 8618 7627 6713 5835 5077 4352 3812 3279 2847 2455 2062 1788 1544 1337 1122 980 828 718 637 534 441 385 333 285 245 208 174 158 131 100 81 65 59 46 34 26 22 20 21 16 14 13 14 13 11 10 7 8 7 6 5 3 3 3 3 1 0 
0 0 0 250 250 250 271 333 433 522 592 493 760 1152 1636 2150 2689 3594 4891 6369 8035 9956 12168 14729 17748 20859 24213 27711 31115 34649 38121 41451 44626 47033 49080 50477 51524 51810 51355 50203 48357 46509 43903 41167 38090 34919 31841 28850 26052 23276 20716 18455 16347 14426 12696 11165 9727 8510 7525 6524 5717 4991 4378 3793 3290 2870 2432 2110 1829 1596 1387 1192 1049 890 774 680 594 528 443 401 349 308 277 242 215 177 163 146 120 117 99 87 73 68 63 57 52 40 38 34 29 23 15 11 10 9 5 3 3 2 2 2 2 1 1 0 
0 0 0 250 250 250 272 323 406 507 590 510 819 1182 1576 2011 2645 3555 4772 6238 7785 9727 12042 14842 17864 21044 24337 27933 31749 35611 39244 42445 45267 47885 49997 51259 51801 51734 50876 49776 48122 45797 43143 40347 37437 34278 31379 28316 25551 22852 20511 18323 16131 14296 12645 11161 9786 8612 7495 6507 5765 5033 4380 3802 3310 2873 2489 2149 1878 1649 1419 1216 1059 909 789 673 573 510 425 364 318 275 238 218 190 164 152 132 114 98 85 72 61 56 53 49 41 36 33 33 33 22 16 13 12 13 11 10 6 6 5 7 7 6 6 3 3 3 3 1 0 
0 0 0 250 250 250 281 338 439 538 613 528 805 1186 1642 2183 2898 3920 5278 6907 8555 10540 12952 15798 18775 22042 25422 28975 32712 36378 39885 43113 46041 48373 50076 51194 51771 51693 51047 49507 47679 45381 42892 40055 37000 34065 30965 28171 25354 22633 20120 17867 15940 14020 12301 10719 9344 8232 7210 6353 5466 4758 4160 3657 3163 2718 2321 1945 1727 1495 1288 1085 964 822 709 643 522 450 398 357 290 252 226 188 160 134 118 98 87 78 65 45 39 29 22 17 16 10 6 6 4 6 6 5 3 4 4 4 4 2 2 2 2 2 5 5 5 6 6 5 5 4 1 1 1 0 
0 0 0 250 250 250 264 331 441 542 678 685 1043 1564 2193 2894 3865 5289 6877 8753 10845 13150 16027 19446 22963 26419 30060 33736 37342 41028 44116 46649 48716 50282 51270 51682 51524 50563 49013 46970 44736 42277 39438 36388 33350 30333 27587 24867 22265 19781 17643 15641 13757 12120 10573 9329 8138 7066 6151 5367 4708 4126 3603 3102 2654 2308 1998 1725 1481 1259 1069 913 790 661 587 515 447 367 320 287 257 232 185 156 141 130 115 100 88 69 59 52 49 41 33 26 23 19 19 16 10 7 6 8 5 5 5 3 3 4 3 1 1 1 1 2 2 1 1 1 1 1 1 0 
0 0 0 250 250 250 283 345 449 559 685 675 991 1434 1924 2607 3684 5077 6633 8279 10139 12561 15339 18285 21360 24543 27992 31722 35523 39008 42330 45356 47997 50107 51642 52268 52209 51629 50295 48576 46209 43450 40527 37694 34726 31666 28779 25764 23048 20647 18292 16157 14296 12529 10890 9581 8378 7290 6359 5496 4721 4097 3587 3084 2672 2280 1967 1720 1491 1279 1107 949 813 698 617 529 467 394 326 294 265 225 187 160 127 121 108 90 75 66 59 56 54 42 34 31 26 22 16 15 17 16 13 11 10 9 9 6 6 5 6 6 5 4 3 3 1 1 0 
0 0 0 250 250 250 269 320 419 508 602 559 933 1432 1994 2621 3440 4557 6000 7717 9501 11637 14324 17170 20371 23762 27418 31065 34953 38684 41756 44887 47459 49562 50875 51535 51415 50729 49604 48023 46033 43597 40959 38090 35187 32339 29500 26637 23881 21264 18994 16886 14978 13210 11641 10219 8999 7878 6879 5983 5203 4536 4015 3497 3012 2599 2250 2012 1765 1527 1240 1080 931 827 692 585 501 448 405 355 316 261 238 201 184 153 131 105 90 80 62 59 45 37 38 36 30 23 20 18 16 14 11 9 9 8 8 7 6 6 4 3 2 1 0 
0 0 0 250 250 250 280 349 455 567 678 608 809 1205 1725 2402 3288 4455 5926 7645 9728 12029 14605 17584 20869 24220 27667 31232 34888 38476 41710 44502 46795 48707 50213 50957 51037 50586 49545 48067 46175 43781 41026 38298 35300 32255 29253 26423 23685 21110 18819 16608 14706 12950 11402 9960 8744 7661 6717 5849 5067 4387 3829 3297 2826 2481 2157 1905 1668 1463 1259 1095 957 844 754 655 546 478 430 389 328 273 229 192 177 148 129 112 98 87 78 64 55 52 45 37 35 31 26 24 20 14 9 7 5 1 0 
0 0 0 250 250 250 274 345 443 550 673 631 971 1427 1940 2533 3276 4294 5705 7457 9425 11600 13970 16779 20119 23650 27195 30816 34189 37833 41493 44803 47296 49268 50816 51559 52207 51594 50436 48654 46518 44157 41414 38634 35447 32498 29523 26599 23847 21294 18993 16701 14674 12828 11200 9785 8547 7364 6309 5463 4749 4205 3593 3110 2676 2336 2017 1773 1541 1319 1152 1008 889 764 668 582 520 435 377 344 309 281 255 224 192 180 162 136 118 101 82 71 67 49 40 37 31 27 21 18 14 13 12 9 8 6 4 3 1 1 0 
0 0 0 249 249 249 271 326 411 495 591 486 752 1182 1725 2295 3043 4173 5627 7264 9077 11135 13471 16285 19467 22559 25918 29556 33318 37027 40542 43881 46714 49160 50853 51968 52133 51800 50912 49223 47189 44756 42109 39160 36397 33429 30341 27469 24692 22074 19696 17400 15285 13395 11774 10329 9022 7864 6795 5963 5182 4505 3895 3306 2832 2469 2141 1824 1537 1317 1149 1048 907 783 672 578 505 432 386 326 290 253 226 200 178 159 143 126 105 86 81 73 62 55 51 43 35 33 31 26 25 24 18 16 16 14 11 11 11 9 10 8 6 3 2 2 1 1 0 
0 0 0 249 249 249 271 320 406 509 649 600 831 1100 1528 2058 2726 3500 4505 5803 7384 9395 11568 13999 16735 19948 23386 26865 30455 34245 37816 41258 44318 46814 48830 50455 51491 51568 51019 50011 48631 46734 44441 41676 38695 35748 32886 29913 26898 24109 21520 19147 16942 14847 13026 11474 10123 8834 7687 6705 5825 5150 4506 3886 3360 2933 2602 2257 1960 1675 1408 1241 1103 965 823 719 623 542 491 431 375 333 282 238 216 187 168 135 119 99 85 73 60 54 47 41 37 30 33 28 27 22 18 15 12 13 10 13 11 10 11 9 9 8 7 5 4 4 2 3 2 2 3 2 2 2 3 2 2 2 1 1 1 1 0 
0 0 0 250 250 250 270 323 425 510 617 536 766 1127 1538 2046 2679 3481 4588 5935 7510 9510 11892 14533 17425 20649 24055 27598 31288 35099 38738 42052 45107 47702 49596 51130 52048 52169 51547 50347 48665 46421 44099 41460 38443 35306 32300 29394 26569 23916 21329 18861 16831 14820 13034 11440 9953 8678 7552 6595 5677 4897 4213 3628 3151 2768 2405 2033 1765 1557 1351 1191 1014 888 779 691 588 504 444 392 355 310 272 242 199 186 160 130 114 97 87 71 67 56 46 42 38 34 30 26 21 17 12 10 8 4 2 1 1 1 1 0 
0 0 0 250 250 250 284 347 448 555 707 689 1039 1562 2171 2928 3795 4977 6522 8450 10498 12782 15534 18608 21963 25438 29023 32656 36302 39893 42871 45690 48102 50012 51202 51667 51416 50806 49697 47650 45452 42824 39951 37005 34171 30971 27968 25334 22700 20237 18025 15984 14006 12385 10907 9535 8286 7217 6316 5494 4855 4214 3673 3190 2769 2391 2062 1766 1498 1301 1147 1000 852 756 661 604 545 474 408 342 308 262 228 215 190 159 142 122 105 99 80 62 49 49 44 42 38 31 27 28 24 19 19 15 15 14 11 9 8 7 5 5 3 2 2 0 
0 0 0 250 250 250 282 334 423 522 665 675 1045 1600 2211 2956 3879 5061 6597 8300 10368 12786 15496 18538 21802 25280 29002 32722 36349 39544 42597 45502 47884 49883 50877 51360 51194 50806 49654 47816 45555 42756 40072 37178 34317 31198 28360 25552 22976 20498 18167 16159 14169 12432 10859 9426 8200 7198 6275 5411 4713 4105 3518 3061 2662 2328 1991 1721 1491 1292 1136 1001 840 731 645 560 488 415 361 301 264 231 198 176 157 131 110 89 75 63 50 45 39 41 36 29 25 21 14 11 9 3 2 2 1 0 
0 0 0 249 249 249 265 323 399 470 575 548 892 1337 1875 2478 3381 4555 6087 7776 9788 12115 14901 17890 21066 24494 28183 32011 35674 39274 42436 45571 48052 49835 51092 51707 51742 51007 49648 47856 45711 43387 40641 37528 34538 31620 28797 26014 23372 20834 18484 16484 14481 12777 11256 9809 8626 7505 6532 5698 4992 4315 3768 3258 2813 2478 2171 1879 1615 1386 1172 1021 873 753 643 540 470 417 353 310 270 247 213 182 156 132 121 110 101 85 75 62 56 54 46 36 28 28 25 23 19 14 12 11 10 6 7 5 5 5 3 3 3 4 2 2 2 2 2 1 2 1 1 1 2 2 2 2 1 1 1 1 0 
0 0 0 250 250 250 279 339 429 545 728 895 1469 2153 2832 3773 4958 6460 8216 10009 12074 14567 17582 20710 24109 27673 31333 35070 38564 42015 45091 47670 49604 50813 51555 51799 51446 50270 48606 46447 43936 41309 38204 35107 32065 29088 26088 23362 20856 18436 16408 14520 12691 11064 9707 8421 7365 6423 5527 4689 4111 3531 3054 2687 2334 2032 1783 1580 1359 1232 1061 908 779 679 605 526 466 402 342 299 249 211 194 163 142 126 107 97 84 76 61 55 46 43 39 35 30 22 21 19 16 14 13 9 7 6 5 2 2 2 2 2 2 1 0 
0 0 0 250 250 250 272 327 446 538 630 554 851 1367 1963 2560 3357 4500 5898 7737 9714 11795 14414 17542 20917 24436 27998 31352 35060 38811 42120 44876 47294 49114 50526 51526 51474 50755 49672 48206 46123 43768 41158 38207 35306 32340 29316 26414 23769 21149 18692 16457 14476 12805 11187 9765 8485 7411 6515 5706 4918 4267 3719 3265 2841 2464 2123 1823 1592 1360 1162 998 857 734 631 535 457 401 342 292 255 214 177 153 130 113 88 75 62 57 53 44 39 34 33 30 24 19 18 16 14 11 9 8 9 9 6 7 8 7 10 8 7 7 9 9 8 8 5 5 4 3 1 0 
0 0 0 250 250 250 278 350 450 532 646 632 963 1501 2126 2867 3663 4695 6076 7833 9933 12113 14651 17450 20843 24509 28339 32014 35715 39473 42972 46007 48384 50419 51480 52155 52200 51420 50098 48398 46160 43458 40723 37720 34533 31441 28376 25489 22870 20278 17995 15924 14091 12404 10950 9598 8342 7327 6408 5616 4868 4266 3697 3129 2706 2368 2069 1761 1507 1290 1098 974 869 721 614 532 464 409 349 306 244 230 201 173 146 122 106 93 86 69 56 51 44 41 35 28 25 27 24 22 21 18 16 14 12 10 9 8 6 7 7 7 6 4 3 2 3 2 2 1 1 1 1 1 0 
0 0 0 250 250 250 276 358 470 577 700 635 909 1340 1821 2341 3063 4035 5303 6820 8552 10627 13079 16041 19221 22615 26208 30076 33911 37784 41276 44187 46945 49156 50895 51690 52107 51516 50485 49279 47174 44780 41993 39094 36037 33073 30177 27227 24541 22042 19723 17567 15528 13774 12070 10583 9242 8033 6960 6044 5254 4509 3870 3312 2878 2470 2111 1814 1582 1347 1204 1014 844 737 643 571 478 400 342 302 277 235 205 171 151 141 124 106 93 85 76 68 52 43 36 31 24 19 15 12 11 9 5 5 6 5 5 4 2 1 1 1 1 0 
0 0 0 250 250 250 269 318 417 517 624 571 902 1326 1842 2433 3183 4328 5856 7601 9470 11688 14344 17457 20887 24475 28060 31543 35220 38772 42259 45167 47536 49337 50593 51442 51639 51043 49698 47976 45872 43454 40717 37932 34942 32067 29129 26383 23687 21159 18872 16703 14755 13110 11591 10152 8963 7889 6977 6127 5404 4675 4096 3581 3141 2714 2340 2017 1739 1516 1318 1175 1019 874 755 653 579 492 426 368 327 304 267 232 197 180 159 140 107 88 75 62 53 38 34 25 21 16 12 10 12 14 15 12 12 12 12 10 9 7 6 6 5 4 4 5 3 3 2 2 2 2 2 1 1 0 
0 0 0 250 250 250 286 360 479 607 728 730 1198 1792 2488 3192 4195 5509 7165 9032 11071 13527 16326 19537 22948 26505 30089 33880 37467 40874 43978 46710 49083 50747 51724 52028 51799 51046 49547 47551 45013 42197 39480 36500 33462 30383 27470 24576 22042 19544 17228 15262 13301 11574 10079 8830 7617 6700 5786 4983 4357 3796 3326 2857 2483 2155 1872 1609 1396 1191 1055 916 803 683 571 509 458 415 366 313 264 240 218 185 158 135 105 98 87 79 71 67 56 49 46 36 34 28 26 21 19 19 19 19 13 9 8 9 7 6 4 2 2 2 1 0 
0 0 0 250 250 250 268 326 422 522 642 615 1008 1495 2086 2869 3843 5220 6778 8591 10680 13172 16014 19024 22299 25667 29611 33308 36854 40264 43521 46525 48987 50763 51692 52205 52119 51310 49714 47605 45250 42621 39697 36710 33596 30547 27732 25001 22418 19972 17718 15755 13947 12399 10858 9520 8333 7300 6469 5614 4888 4207 3665 3195 2779 2422 2097 1824 1592 1418 1245 1086 952 829 705 605 508 432 375 325 280 246 214 184 160 143 126 113 106 90 76 63 53 48 40 35 28 23 24 23 23 17 15 15 12 12 9 5 5 4 4 5 6 5 4 5 4 4 3 2 1 1 1 0 
0 0 0 250 250 250 276 337 443 536 631 627 1101 1711 2385 3220 4366 5911 7826 9929 12243 15037 18134 21524 25061 28684 32255 36031 39627 42867 45653 48150 50045 51235 52026 51898 51178 49963 48196 46059 43560 40729 37732 34785 31810 28808 25965 23126 20628 18341 16291 14329 12525 10974 9609 8371 7242 6325 5520 4810 4231 3709 3217 2797 2467 2161 1897 1674 1419 1203 1050 928 804 675 584 514 445 395 343 306 276 244 214 181 150 138 121 99 86 72 55 46 44 39 28 26 22 22 22 19 19 18 21 17 15 15 19 20 17 14 11 12 15 14 10 7 6 6 5 6 3 2 2 2 2 2 2 0 
0 0 0 250 250 250 270 324 416 514 614 602 917 1299 1757 2294 3045 3986 5273 6683 8352 10451 12956 15713 18828 22278 25958 29806 33734 37541 40988 44236 47053 49284 50792 51879 51992 51651 50710 49269 47274 44864 42326 39331 36484 33404 30451 27530 24774 22235 19788 17496 15452 13629 12039 10571 9223 8042 6988 6167 5400 4710 4022 3456 2999 2608 2230 1909 1647 1385 1210 1063 924 791 679 586 491 431 393 340 302 253 214 194 178 149 116 102 93 88 83 65 50 42 36 33 24 21 14 12 13 11 11 8 7 6 6 6 3 3 2 2 2 1 1 0 
0 0 0 249 249 249 269 325 417 515 631 609 973 1384 1834 2377 3151 4185 5450 6851 8480 10575 13106 15855 18934 22113 25437 29103 33017 36559 39985 43276 45974 48332 50309 51495 51821 51772 50951 49331 47392 45098 42383 39558 36552 33470 30534 27756 25038 22435 19974 17859 15843 14017 12247 10797 9467 8263 7261 6226 5405 4702 4089 3503 3053 2619 2263 1963 1690 1439 1243 1059 915 813 698 585 509 422 372 325 272 224 194 162 133 127 112 105 95 87 76 65 61 54 42 29 27 20 19 17 17 13 10 10 8 7 5 4 1 1 1 1 1 0 
0 0 0 250 250 250 272 353 473 558 656 653 1005 1479 1968 2614 3506 4676 6017 7630 9588 12015 14963 18066 21227 24583 28227 32057 35873 39277 42267 45142 47832 49916 51404 52082 52066 51429 50323 48510 46149 43676 40772 37769 34694 31669 28881 26124 23350 20732 18446 16355 14425 12700 11002 9567 8432 7384 6441 5585 4884 4247 3694 3194 2751 2382 2050 1812 1561 1347 1165 994 862 738 645 544 470 409 345 309 269 243 213 180 154 138 127 106 93 80 63 54 47 43 37 32 24 18 17 17 15 12 7 6 5 6 6 3 3 2 1 1 1 0 
