0 0 17 47 83 121 146 187 198 216 242 249 289 342 414 553 682 828 985 1228 1505 1813 2094 2490 2921 3370 3831 4389 5022 5798 6543 7340 8176 9210 10114 11095 12171 13222 14470 15641 16675 17596 18556 19394 20110 20789 21347 21717 22053 22307 22363 22318 22214 21835 21414 20845 20333 19702 18967 18327 17588 16745 15878 15058 14262 13435 12617 11940 11087 10437 9697 8989 8408 7821 7252 6551 5925 5529 5108 4700 4290 3961 3589 3236 3015 2738 2516 2341 2122 1901 1678 1559 1414 1243 1156 1054 964 850 781 706 618 557 494 452 400 369 329 282 249 218 193 167 143 126 119 102 76 58 39 23 19 8 -11 
0 3 16 51 90 123 168 185 201 232 261 305 351 404 463 524 635 782 936 1129 1350 1557 1843 2165 2520 2890 3348 3832 4365 5003 5641 6403 7192 8197 9077 10082 11123 12271 13279 14328 15325 16525 17448 18346 19167 19858 20519 21008 21576 21987 22215 22398 22475 22254 21893 21610 21144 20480 19861 19087 18306 17524 16743 15943 14982 14155 13402 12688 11920 11180 10433 9676 8937 8259 7650 7032 6508 6040 5516 5058 4648 4251 3864 3539 3293 3027 2748 2496 2309 2073 1885 1697 1545 1416 1310 1160 1041 945 842 763 713 611 543 493 439 399 354 309 273 251 236 216 193 166 144 117 84 71 48 37 19 9 -1 
0 1 12 59 100 146 170 185 200 204 212 246 275 315 352 412 483 560 701 879 1056 1257 1546 1872 2174 2521 2941 3382 3929 4580 5221 5891 6582 7335 8207 9180 10118 11110 12075 13109 14203 15217 16298 17327 18241 19065 19814 20447 21080 21606 21846 21930 22029 22018 21758 21467 21068 20451 19773 19304 18567 17887 17215 16444 15678 15037 14245 13451 12627 11809 11131 10366 9704 9055 8368 7720 7167 6719 6260 5861 5425 4983 4468 4039 3686 3400 3148 2846 2560 2355 2199 1948 1831 1661 1518 1386 1261 1173 1066 964 872 794 707 660 581 535 482 430 389 342 317 286 241 214 174 137 126 112 83 68 39 16 5 -2 
0 3 22 61 106 147 163 174 188 217 234 253 319 375 433 539 668 831 1014 1270 1612 2028 2475 3002 3575 4196 4915 5645 6422 7322 8263 9264 10256 11490 12677 13839 14885 16028 17086 18059 19041 19863 20660 21399 21935 22342 22829 23024 23099 23141 22873 22485 22170 21518 20771 20108 19309 18579 17773 16904 16063 15220 14503 13604 12826 12019 11225 10418 9687 8970 8259 7662 7095 6579 6034 5528 5099 4653 4345 4008 3689 3383 3107 2796 2567 2291 2094 1902 1740 1570 1401 1263 1151 1032 949 868 800 723 658 583 521 486 433 391 356 317 275 229 204 175 149 134 113 94 84 79 64 48 38 40 31 23 17 12 -3 
0 2 22 58 97 131 161 173 193 214 220 246 257 292 354 424 533 647 788 943 1139 1350 1606 1872 2279 2645 3121 3668 4353 5106 5892 6724 7671 8759 9866 10789 11917 13049 14215 15311 16271 17352 18380 19315 20108 20921 21676 22093 22373 22499 22616 22526 22330 22191 21985 21481 20804 20180 19550 18908 18171 17324 16582 15708 14923 14051 13195 12370 11680 10934 10234 9559 8894 8260 7719 7100 6604 6057 5675 5220 4852 4464 4137 3809 3498 3199 2891 2639 2392 2150 1964 1809 1635 1469 1300 1186 1066 940 854 790 711 660 622 558 506 447 381 350 330 300 276 243 214 194 170 155 144 131 104 78 65 55 48 47 38 25 19 11 1 -9 
0 1 23 58 99 136 147 164 170 205 237 276 283 334 383 442 530 656 795 1007 1186 1431 1777 2134 2530 2967 3517 4092 4720 5436 6168 6955 7866 8858 9972 10977 12130 13345 14594 15791 16817 17903 18758 19643 20476 21231 22002 22322 22669 22822 22892 22854 22641 22338 21973 21372 20779 20269 19526 18610 17894 17108 16170 15366 14472 13707 12819 12116 11348 10731 10050 9323 8710 7979 7337 6733 6245 5764 5200 4898 4473 4091 3694 3409 3113 2804 2564 2347 2095 1872 1725 1565 1388 1262 1134 1048 927 847 767 685 636 563 504 455 398 361 306 276 229 211 180 140 110 90 64 58 46 36 19 9 -3 
0 0 16 60 107 148 170 184 198 231 254 276 302 367 414 484 543 647 746 885 1038 1253 1532 1910 2302 2666 3057 3576 4088 4704 5364 6145 6941 7812 8801 9879 10969 12126 13180 14283 15505 16632 17683 18549 19423 20265 20999 21660 22185 22448 22787 22813 22669 22577 22325 21848 21413 20807 20138 19487 18854 18223 17350 16447 15653 14692 13767 12871 12108 11293 10643 9850 9068 8355 7679 7119 6557 6026 5573 5137 4682 4299 3953 3629 3317 2984 2712 2485 2255 2045 1876 1734 1568 1417 1295 1198 1092 974 896 800 727 627 563 488 430 394 362 321 290 233 194 183 168 134 117 99 95 79 57 45 46 23 25 1 -11 
0 0 24 53 95 131 156 178 215 211 217 214 249 343 448 561 692 888 1076 1306 1594 1908 2240 2653 3019 3622 4203 4816 5661 6484 7404 8338 9125 10082 11293 12429 13649 14835 15982 17121 18083 19012 19709 20559 21197 21940 22494 22801 22984 22822 22764 22583 22270 21845 21311 20652 19958 19276 18655 17934 17163 16485 15666 14763 13900 13066 12201 11437 10705 9948 9213 8524 7934 7270 6743 6224 5726 5244 4799 4405 4053 3668 3346 3010 2761 2508 2324 2136 1957 1816 1611 1479 1356 1206 1084 980 881 779 698 654 551 498 443 397 346 283 265 231 199 173 142 131 110 92 86 75 53 43 12 8 0 
0 1 18 51 102 137 167 177 184 189 201 223 287 350 443 571 691 906 1106 1347 1593 1942 2294 2756 3227 3751 4286 4907 5566 6352 7123 7951 8921 9860 10950 11927 12880 13942 15079 16133 17065 17961 18765 19574 20366 21086 21498 21806 22011 22221 22304 22306 21904 21516 21025 20450 19847 19156 18417 17707 16990 16205 15438 14638 13826 13018 12296 11529 10718 9945 9253 8606 8060 7507 6979 6488 5984 5547 5154 4772 4369 4034 3743 3460 3132 2848 2608 2409 2189 1988 1789 1619 1454 1351 1256 1159 1069 967 852 784 715 637 570 521 462 392 343 315 292 245 213 180 150 128 109 102 96 80 69 49 37 24 19 12 8 -14 
0 3 26 69 113 140 165 182 201 236 269 325 369 425 509 619 764 940 1148 1342 1657 2036 2418 2787 3224 3835 4365 5119 5768 6567 7398 8242 9196 10103 11232 12245 13420 14519 15576 16731 17785 18696 19632 20435 21221 21885 22315 22591 22674 22816 22695 22551 22158 21803 21387 20851 20228 19646 18812 17859 17132 16288 15357 14412 13574 12705 11895 11135 10370 9680 8953 8239 7632 6999 6438 5929 5437 4966 4582 4155 3836 3593 3277 3006 2743 2494 2271 2104 1908 1694 1511 1377 1285 1208 1111 1000 885 802 724 637 569 512 450 407 362 320 307 284 238 204 173 159 125 111 89 83 60 41 22 9 0 
0 1 16 57 102 142 166 176 186 192 219 221 264 297 326 407 489 590 710 849 1024 1230 1560 1928 2356 2837 3385 4004 4694 5470 6248 7131 8170 9214 10215 11300 12293 13334 14335 15539 16668 17681 18454 19446 20407 21172 21750 22144 22497 22759 22810 22829 22681 22375 22043 21708 21076 20434 19650 18957 18005 17181 16296 15453 14580 13753 12996 12184 11396 10674 9928 9257 8563 7935 7319 6731 6209 5714 5338 4871 4421 4051 3715 3431 3157 2886 2641 2409 2192 2012 1813 1673 1544 1407 1254 1100 993 888 820 739 678 617 569 517 438 389 323 268 224 207 193 166 143 139 116 94 80 63 54 40 20 20 19 11 -12 
0 2 19 52 97 128 153 168 179 203 216 220 263 310 413 499 591 680 810 949 1139 1379 1671 1944 2255 2625 3097 3622 4257 5000 5706 6378 7176 8023 8918 9870 10993 12058 13160 14205 15457 16540 17655 18529 19380 20004 20692 21218 21757 22116 22311 22373 22357 22183 21992 21787 21244 20748 20149 19532 18846 17944 17212 16439 15637 14730 13826 12978 12152 11378 10684 9941 9193 8541 8062 7439 6903 6331 5807 5351 5030 4603 4207 3855 3544 3224 2937 2739 2531 2338 2134 1943 1739 1578 1456 1324 1191 1083 982 912 839 745 643 568 530 500 468 428 367 329 272 228 186 171 152 127 117 96 69 47 33 25 21 5 3 -1 
0 2 14 53 105 147 171 189 199 207 225 254 340 415 506 590 735 903 1088 1364 1666 2036 2421 2855 3340 3889 4484 5195 5935 6665 7480 8466 9486 10430 11523 12459 13494 14516 15643 16832 17916 18909 19829 20658 21226 21590 21963 22250 22433 22480 22404 22232 21973 21655 21122 20548 19657 19026 18407 17576 16692 15958 15296 14430 13541 12679 11960 11254 10564 9846 9116 8445 7799 7128 6497 5956 5498 5071 4618 4206 3840 3515 3266 3005 2785 2525 2340 2129 1965 1795 1628 1486 1355 1231 1145 1022 929 836 796 707 640 579 524 467 417 386 320 284 252 223 203 187 151 112 91 67 45 24 26 7 15 13 2 -5 
0 2 15 49 99 133 160 183 192 201 207 223 239 279 316 353 385 452 521 623 726 897 1076 1276 1508 1803 2147 2580 3044 3628 4262 5034 5741 6581 7410 8357 9264 10314 11378 12512 13587 14756 15800 16868 17890 18895 19965 20713 21286 21772 22196 22690 22962 23049 22958 22537 22241 21712 21339 20629 20056 19225 18422 17565 16809 15969 15158 14271 13529 12704 11904 11148 10437 9600 8907 8369 7771 7093 6591 6064 5646 5107 4684 4318 3887 3541 3235 2980 2757 2545 2291 2083 1898 1724 1552 1421 1323 1214 1118 966 831 739 659 591 537 479 438 384 351 317 272 244 209 180 150 128 104 90 77 66 45 44 34 25 9 -5 
0 1 21 56 89 128 158 173 198 213 273 318 421 540 664 806 968 1188 1480 1745 2074 2446 2825 3253 3794 4353 4980 5723 6577 7499 8464 9491 10583 11664 12778 13832 14875 15942 17115 18083 18905 19870 20581 21186 21643 22141 22506 22691 22685 22468 22300 21884 21479 20910 20437 19865 19082 18368 17632 16720 15762 14953 14104 13282 12472 11751 11012 10266 9534 8856 8314 7727 7087 6495 5955 5461 5103 4661 4296 3957 3698 3325 2998 2772 2535 2305 2121 1931 1778 1610 1446 1303 1197 1100 1010 930 862 767 688 636 576 512 450 409 371 323 259 232 202 169 157 124 107 92 66 55 45 36 33 20 9 -4 
0 0 15 56 106 137 165 182 203 211 240 252 310 384 471 589 718 866 1068 1313 1533 1899 2287 2692 3134 3659 4291 4966 5717 6624 7378 8385 9442 10422 11496 12640 13768 14825 15816 16941 18022 19127 20106 20858 21484 21986 22499 22689 22697 22794 22629 22335 22011 21802 21293 20757 20079 19322 18540 17745 17042 16174 15135 14344 13502 12728 11932 11124 10422 9759 9057 8336 7739 7129 6528 5983 5588 5142 4758 4318 3941 3645 3382 3126 2823 2572 2301 2080 1879 1698 1548 1396 1270 1188 1087 950 888 782 706 620 582 523 448 387 347 296 267 232 205 181 147 117 93 84 71 65 55 36 29 19 18 2 -3 
0 2 15 53 103 131 149 166 180 191 215 241 285 368 471 561 672 822 962 1128 1367 1667 2021 2368 2812 3310 3856 4575 5322 6129 7011 7894 8808 9816 10950 11988 13142 14211 15343 16351 17324 18372 19299 20195 20933 21649 21848 22149 22495 22643 22742 22698 22394 21967 21466 20934 20330 19726 18913 18182 17351 16548 15636 14785 14022 13188 12339 11654 10873 10189 9511 8782 8157 7476 6954 6393 5856 5370 4930 4462 4052 3778 3464 3183 2919 2642 2416 2210 2013 1813 1660 1512 1380 1263 1149 1050 953 871 788 726 641 567 516 469 418 353 333 306 257 213 206 184 163 137 116 99 86 69 45 26 14 0 
0 0 12 47 96 136 164 186 207 212 217 230 261 271 299 358 399 477 566 667 820 1022 1243 1448 1662 2011 2467 2897 3404 3963 4581 5273 6039 6888 7783 8712 9871 10933 11977 12951 13882 14913 16110 17071 17991 18889 19621 20306 20981 21461 21831 22106 22223 22124 22102 21975 21731 21204 20736 20147 19475 18791 18059 17253 16561 15636 14884 14109 13281 12424 11509 10700 10013 9406 8753 8150 7619 7070 6571 6118 5596 5096 4767 4389 3986 3680 3368 3071 2870 2654 2419 2216 1995 1832 1696 1526 1385 1272 1118 973 905 833 755 654 591 538 483 426 376 341 301 295 260 231 196 174 148 138 119 94 76 56 40 32 22 17 0 
0 0 24 59 104 140 160 177 209 226 268 355 478 637 774 902 1141 1406 1643 1963 2420 2792 3241 3688 4265 4889 5586 6420 7265 8260 9302 10334 11378 12494 13534 14622 15709 16746 17565 18582 19559 20419 21227 21806 22264 22600 22910 23088 23034 23071 22666 22278 21650 21045 20421 19695 18896 18008 17070 16280 15354 14687 13781 12978 12042 11188 10464 9747 8995 8341 7704 7124 6559 6046 5534 5124 4647 4181 3890 3508 3236 2995 2672 2431 2215 2030 1855 1717 1565 1428 1301 1205 1086 971 865 765 677 621 552 476 423 383 353 310 285 278 228 188 165 132 117 105 84 78 66 51 44 30 15 9 -7 
0 2 15 68 104 140 176 181 197 209 222 250 270 327 397 452 539 689 850 1068 1290 1567 1847 2177 2609 3076 3617 4185 4840 5562 6270 7107 8014 8987 9907 10826 11896 13024 14058 15136 16168 17099 18015 18832 19694 20441 21087 21553 21954 22136 22302 22355 22340 22097 21726 21288 20676 20096 19417 18732 17913 17278 16520 15790 15043 14169 13400 12543 11788 10974 10243 9611 8941 8305 7752 7182 6571 5999 5523 5082 4721 4308 3951 3620 3324 3007 2731 2480 2279 2094 1889 1719 1567 1450 1353 1227 1105 1018 892 779 734 642 593 520 501 433 385 352 316 276 265 224 200 171 146 127 105 79 65 49 29 19 6 -4 
0 1 18 58 106 144 169 186 197 201 218 250 290 355 454 568 713 872 1055 1331 1630 1932 2298 2805 3274 3799 4345 5032 5721 6510 7303 8207 9167 10175 11127 12076 13030 14143 15282 16324 17339 18354 19310 20037 20731 21231 21634 22022 22095 22214 22036 22082 21909 21519 21132 20568 20018 19411 18634 17760 16946 16078 15181 14369 13609 12798 12073 11331 10444 9668 9066 8404 7812 7213 6706 6194 5720 5334 4841 4445 4086 3689 3393 3154 2860 2625 2431 2221 2030 1858 1658 1501 1356 1263 1139 1012 933 877 792 723 651 572 499 454 415 380 336 304 292 257 217 173 164 143 116 96 65 41 34 30 24 13 -2 
0 2 18 54 101 132 155 170 175 193 213 212 244 308 350 432 533 672 811 1010 1245 1500 1783 2080 2440 2800 3292 3840 4402 4997 5662 6484 7283 8149 9050 10036 11043 12156 13188 14240 15301 16250 17176 17999 18855 19735 20471 21081 21440 21762 21990 22151 22177 21975 21675 21344 20914 20476 19889 19266 18458 17633 16878 16108 15283 14489 13724 12939 12204 11403 10635 9967 9281 8734 8124 7531 6939 6383 5886 5443 4970 4595 4306 3915 3581 3311 2964 2713 2478 2291 2084 1876 1739 1550 1382 1297 1178 1062 936 848 762 712 630 541 474 438 385 342 326 282 247 187 163 129 124 98 80 73 66 42 34 22 5 -13 
0 0 21 62 112 150 167 186 213 252 337 444 572 733 898 1109 1343 1577 1861 2213 2708 3147 3608 4182 4782 5445 6193 6897 7825 8663 9580 10593 11625 12576 13667 14831 15939 16784 17725 18615 19405 20209 20892 21532 22013 22373 22690 22817 22667 22489 22099 21530 20995 20287 19665 19016 18222 17392 16619 15716 14999 14134 13331 12501 11839 11106 10290 9547 8810 8199 7672 7016 6462 5939 5488 5087 4702 4276 3881 3557 3254 2998 2755 2496 2283 2068 1816 1636 1500 1345 1210 1114 1005 899 823 724 666 604 533 477 446 404 361 334 313 272 246 206 154 142 118 103 74 69 66 49 36 25 16 7 -4 
0 1 19 52 93 134 159 168 187 192 210 245 263 290 357 427 513 624 801 956 1121 1337 1622 1883 2232 2587 3102 3587 4147 4722 5426 6190 7025 7944 8845 9826 10958 12086 13279 14436 15603 16688 17588 18473 19306 20130 20703 21178 21712 21922 22364 22352 22326 22223 21941 21655 21229 20732 20196 19540 18842 17989 17175 16372 15497 14644 13889 12981 12205 11419 10625 9885 9221 8576 7948 7358 6769 6242 5718 5305 4853 4423 4093 3758 3457 3152 2869 2621 2342 2155 1961 1795 1648 1508 1383 1254 1138 1042 916 818 718 617 561 520 468 426 380 349 299 243 222 182 158 140 121 111 92 79 64 42 28 30 21 17 -2 
0 0 18 50 97 126 147 188 211 242 266 278 319 358 476 555 665 789 909 1099 1321 1542 1836 2148 2534 2884 3342 3825 4468 5087 5736 6425 7245 8101 8927 9736 10822 11960 13018 14005 15082 16047 17051 17941 18902 19783 20423 21007 21448 21707 21951 22139 22123 22072 21773 21528 21088 20613 20037 19247 18500 17659 16823 16151 15376 14586 13832 12981 12134 11328 10550 9768 9108 8488 7913 7334 6790 6228 5736 5306 4888 4504 4164 3792 3434 3151 2907 2656 2450 2212 2010 1833 1645 1464 1353 1237 1127 1028 933 855 788 707 649 597 553 491 444 393 343 297 263 237 238 216 195 160 136 115 95 97 77 62 58 49 36 32 31 32 15 -2 
0 1 21 60 101 132 154 177 190 210 209 231 251 278 358 432 496 578 714 823 983 1205 1511 1850 2186 2571 3023 3575 4170 4801 5450 6269 7011 7890 8888 9874 10879 11916 12921 14035 15204 16350 17374 18482 19382 20302 20939 21630 22047 22363 22559 22482 22514 22471 22169 21828 21465 21058 20410 19603 18894 18046 17070 16214 15395 14565 13812 13031 12296 11501 10796 9969 9306 8704 7951 7324 6738 6231 5724 5221 4809 4386 4028 3719 3368 3076 2778 2530 2289 2119 1956 1809 1661 1501 1369 1244 1120 1034 944 883 806 721 647 593 558 517 458 422 355 294 266 235 200 188 167 136 122 107 86 64 49 38 28 24 14 2 -20 
0 0 16 62 110 144 172 182 190 196 224 256 288 346 434 548 677 790 927 1115 1346 1587 1899 2193 2561 2957 3479 3982 4638 5398 6109 6896 7808 8812 9902 10973 11941 13038 14054 15207 16316 17338 18501 19432 20323 21169 21817 22265 22674 22875 22975 22988 22889 22580 22257 21710 21116 20453 19672 18891 18126 17354 16529 15669 14815 13921 13004 12115 11379 10588 9885 9138 8484 7946 7362 6806 6293 5762 5313 4893 4500 4090 3698 3396 3097 2865 2618 2348 2136 1936 1780 1647 1500 1352 1213 1120 1000 897 810 765 708 610 557 492 439 396 357 309 283 242 218 182 163 133 128 107 81 66 47 37 24 22 16 0 
0 0 14 48 91 146 168 182 193 210 230 271 344 445 524 660 822 1039 1306 1614 1999 2395 2884 3329 3951 4516 5159 5878 6652 7567 8442 9464 10409 11426 12627 13962 15092 16191 17305 18298 19230 20141 20771 21499 21995 22348 22598 22669 22890 22717 22432 22100 21585 21094 20466 19732 19087 18288 17397 16564 15778 14986 14073 13093 12342 11741 10974 10061 9430 8699 8056 7390 6930 6441 5894 5547 5070 4713 4276 3924 3604 3292 2995 2739 2472 2240 2041 1847 1675 1523 1372 1221 1113 996 888 808 733 669 618 545 473 420 383 344 322 285 235 204 179 164 141 109 101 86 71 57 45 36 24 10 -5 
0 2 22 52 96 132 162 185 192 204 228 232 254 284 321 378 473 563 748 897 1077 1313 1545 1850 2130 2486 2911 3375 3970 4611 5281 6013 6778 7556 8432 9399 10391 11496 12547 13713 14804 15892 17021 18155 19036 19838 20587 21020 21518 22005 22325 22414 22418 22434 22146 21768 21359 20932 20347 19782 19128 18303 17447 16510 15619 14672 13800 13045 12321 11686 10880 10126 9402 8841 8155 7557 6968 6414 5987 5636 5169 4771 4354 4011 3676 3356 3053 2819 2559 2307 2104 1914 1763 1568 1410 1266 1147 1057 948 839 761 677 585 530 494 436 391 349 288 242 219 206 179 140 113 89 78 61 57 45 27 15 -3 
0 1 20 53 96 140 169 177 187 230 266 322 376 420 495 591 709 901 1100 1345 1661 2019 2405 2824 3301 3896 4500 5203 5882 6658 7564 8590 9518 10557 11560 12647 13751 14798 15881 17056 18225 19163 20085 20893 21694 22067 22365 22469 22637 22668 22555 22299 22169 21686 21231 20659 19922 19266 18543 17738 16843 16021 15226 14452 13607 12761 11893 11116 10387 9692 8943 8342 7748 7229 6611 6094 5585 5076 4670 4232 3806 3472 3147 2920 2668 2443 2183 2008 1829 1661 1512 1378 1255 1150 1045 942 850 795 727 634 562 504 449 421 366 318 287 244 212 197 170 144 117 108 75 56 46 23 29 16 1 -11 
0 2 17 51 105 135 156 175 184 207 234 257 302 345 399 484 570 678 834 990 1162 1372 1598 1917 2299 2685 3125 3589 4163 4813 5468 6226 7000 7902 8670 9603 10547 11520 12451 13688 14828 15966 17085 18015 18883 19702 20475 21304 21790 22223 22300 22461 22509 22277 21894 21542 21239 20839 20174 19431 18546 17903 17118 16373 15555 14741 14077 13201 12371 11590 10760 10000 9314 8760 8145 7442 6812 6290 5814 5400 4993 4649 4317 4045 3657 3301 3054 2795 2509 2335 2182 1982 1878 1673 1510 1376 1232 1093 1016 875 791 711 631 573 526 445 406 365 323 276 261 222 192 177 163 131 111 99 84 81 59 40 28 21 12 1 -4 
0 1 16 44 92 134 158 187 208 227 258 261 269 334 390 487 584 716 837 983 1177 1392 1643 1959 2344 2798 3309 3873 4447 5092 5875 6609 7516 8426 9360 10366 11420 12464 13669 14702 15757 16802 17854 18795 19521 20345 20903 21532 21984 22215 22448 22395 22403 22293 22041 21626 21246 20621 19990 19219 18420 17746 16942 16078 15302 14485 13634 12787 11922 11221 10314 9585 8803 8197 7640 6965 6480 5966 5529 5128 4727 4406 4082 3718 3427 3092 2800 2505 2296 2118 1918 1760 1612 1436 1276 1172 1075 985 898 824 780 693 633 570 504 457 407 374 337 294 263 242 221 205 192 168 136 109 93 78 54 32 28 22 17 4 -8 
0 2 19 58 105 137 164 200 211 211 234 282 322 371 453 537 658 791 886 1015 1204 1500 1777 2164 2592 3078 3613 4166 4719 5432 6215 7065 7934 8840 9811 10798 11897 12937 13966 14915 15923 16792 17842 18708 19544 20305 21004 21533 21993 22203 22388 22451 22450 22169 21907 21445 20992 20291 19679 18931 18228 17401 16543 15690 14760 14027 13189 12364 11640 10937 10139 9452 8725 8061 7448 6915 6366 5952 5520 5123 4633 4289 3972 3630 3329 3046 2818 2603 2342 2152 1937 1783 1634 1479 1391 1293 1174 1063 956 897 831 735 670 571 501 454 412 373 329 300 262 215 187 177 154 127 104 82 74 61 50 35 22 4 -1 
0 1 18 53 91 128 156 185 189 194 213 235 256 284 329 402 482 617 805 983 1240 1518 1821 2210 2613 2990 3509 4043 4576 5288 5977 6723 7602 8565 9491 10501 11581 12742 13914 15036 15977 16984 18016 18995 19796 20596 21375 21916 22349 22659 22914 23003 22827 22722 22377 21897 21341 20636 19996 19181 18396 17523 16763 15823 15050 14276 13353 12495 11665 10989 10201 9540 8839 8225 7588 6973 6415 5893 5508 5062 4567 4142 3767 3472 3148 2896 2637 2432 2192 2021 1855 1704 1525 1364 1239 1113 1003 898 841 768 680 601 506 465 416 359 315 298 269 237 205 179 171 152 126 115 107 88 80 64 53 43 41 31 20 12 11 0 
0 0 23 63 108 143 161 178 186 219 229 259 284 306 347 425 535 679 879 1072 1329 1591 1875 2177 2552 3003 3557 4179 4845 5569 6382 7123 7991 8908 9876 10934 12037 13051 14078 15164 16169 17245 18207 19060 19975 20768 21485 22137 22416 22691 22758 22676 22607 22257 22088 21487 20873 20281 19439 18648 17880 17042 16276 15490 14589 13868 13012 12210 11401 10662 9954 9301 8692 7994 7380 6808 6308 5887 5404 5001 4594 4232 3888 3553 3288 3020 2767 2545 2289 2051 1841 1686 1547 1392 1298 1181 1049 957 860 791 703 646 576 507 447 388 324 285 256 220 194 184 162 147 130 111 85 76 47 43 40 26 16 3 -8 
0 1 17 52 87 132 166 183 195 207 236 246 269 306 359 434 509 593 732 839 1037 1256 1537 1838 2226 2603 3083 3636 4298 5004 5783 6515 7419 8416 9526 10587 11565 12727 13792 14867 16095 17070 18005 18916 19905 20796 21495 21988 22422 22711 22817 22796 22510 22207 21900 21694 21177 20465 19841 19169 18389 17645 16881 15973 15159 14382 13593 12749 11996 11266 10376 9571 8891 8252 7619 7061 6528 6020 5587 5085 4679 4281 3922 3543 3246 2990 2732 2522 2349 2167 1975 1807 1661 1514 1379 1262 1087 979 897 858 768 671 595 517 471 420 386 320 280 236 207 181 161 153 145 135 124 96 84 64 50 38 24 14 11 3 -6 
0 0 14 46 82 116 155 184 209 225 235 260 291 366 407 522 666 855 1079 1311 1590 1987 2330 2810 3336 3931 4497 5177 5934 6711 7666 8550 9540 10712 11805 12901 14150 15107 16254 17268 18237 19079 19966 20775 21586 22131 22430 22705 22753 22755 22717 22460 22184 22056 21372 20752 19994 19123 18358 17479 16749 15943 14963 14153 13340 12477 11791 11022 10209 9521 8718 8149 7541 6989 6464 5968 5467 5055 4599 4194 3867 3606 3306 2999 2760 2509 2238 2046 1895 1732 1570 1440 1311 1178 1077 975 875 768 674 608 512 458 416 383 350 301 270 242 206 179 161 148 128 102 89 79 61 47 34 32 19 15 6 -4 
0 3 19 63 101 130 158 183 188 223 253 295 359 414 519 656 793 922 1123 1345 1574 1833 2184 2585 3062 3549 4172 4739 5402 6125 6818 7632 8422 9264 10220 11300 12352 13346 14393 15597 16518 17537 18513 19347 19948 20632 21240 21647 21925 22152 22235 22178 21952 21617 21293 20810 20390 19835 19242 18350 17512 16755 15962 14993 14235 13298 12487 11699 10978 10398 9666 8904 8309 7703 7121 6650 6098 5573 5088 4706 4349 4040 3740 3440 3132 2793 2548 2346 2127 1910 1725 1612 1461 1321 1223 1067 995 908 822 730 628 557 533 476 434 389 334 290 258 242 194 171 147 116 106 95 76 57 42 44 29 15 1 4 2 -11 
0 1 14 57 88 121 144 175 198 220 228 249 298 349 436 538 687 885 1143 1388 1658 2022 2430 2840 3325 3793 4322 4949 5607 6380 7194 8070 8952 9908 10916 12087 13166 14360 15387 16553 17535 18477 19375 20160 20862 21484 21856 22230 22486 22624 22551 22453 22159 21845 21318 20863 20266 19567 18773 17962 17195 16304 15563 14653 13720 12938 12199 11391 10605 9948 9154 8536 7947 7334 6824 6386 5827 5385 4917 4453 4109 3780 3480 3185 2916 2637 2390 2153 1994 1852 1665 1506 1375 1242 1138 1023 955 839 790 710 624 565 515 473 435 396 357 336 296 259 225 181 145 129 112 97 73 61 45 33 25 9 -8 
0 0 18 51 100 139 163 184 214 239 302 376 441 515 634 766 961 1213 1524 1746 2075 2400 2865 3329 3960 4678 5396 6238 6969 7733 8689 9627 10677 11771 12884 13901 14902 16037 17060 18124 18966 19865 20636 21164 21788 22119 22413 22466 22483 22398 22173 21822 21280 20782 20072 19357 18862 18109 17435 16570 15712 14746 14019 13306 12640 11749 10954 10295 9623 8910 8257 7578 6950 6424 5928 5470 5063 4665 4364 3988 3664 3337 3072 2795 2536 2295 2068 1904 1740 1582 1450 1308 1185 1066 988 897 774 706 615 570 505 442 406 384 352 314 280 253 205 173 137 119 122 98 91 65 54 51 31 26 6 3 -9 
0 1 23 56 105 131 153 172 221 244 272 321 376 478 592 750 1002 1241 1506 1831 2197 2621 3083 3629 4289 4986 5744 6594 7484 8587 9643 10750 11691 12783 13806 14854 16088 17174 18054 18984 19848 20528 21239 21691 22199 22479 22582 22723 22679 22588 22486 22092 21501 20883 19999 19267 18433 17515 16710 15900 15074 14307 13544 12647 11880 11114 10383 9619 8889 8361 7646 7055 6568 6068 5601 5123 4742 4278 3859 3597 3282 3057 2820 2583 2322 2095 1925 1720 1579 1424 1306 1189 1070 963 862 769 686 632 566 515 456 425 373 351 306 265 243 220 180 155 135 116 100 84 72 59 39 21 12 8 5 0 
0 0 18 60 110 144 170 185 189 207 217 247 313 415 552 716 900 1084 1274 1534 1786 2106 2435 2848 3355 3948 4596 5346 6134 6947 7780 8733 9719 10678 11713 12840 13962 15070 16218 17375 18403 19293 20144 20918 21503 22043 22357 22710 22839 22857 22701 22368 21979 21509 21035 20342 19736 19059 18338 17485 16500 15534 14762 13926 13066 12350 11427 10646 9853 9167 8463 7876 7318 6778 6244 5756 5338 4892 4485 4090 3746 3438 3236 2978 2719 2477 2254 2054 1827 1658 1540 1424 1307 1197 1104 983 870 769 685 609 555 494 462 410 377 355 321 278 236 214 189 158 128 98 81 63 57 43 31 23 11 5 -1 
0 1 21 54 95 136 159 172 187 204 223 251 318 368 462 554 671 767 955 1229 1556 1848 2151 2567 2936 3421 3983 4531 5219 6055 6890 7820 8782 9697 10780 11871 12915 14011 15061 16239 17336 18258 19273 20073 20762 21415 21938 22373 22585 22806 22814 22573 22215 21708 21383 20902 20409 19730 18928 18095 17340 16468 15509 14719 13922 13040 12199 11468 10704 9986 9338 8609 8002 7362 6821 6370 5912 5440 5062 4606 4216 3838 3484 3155 2880 2600 2402 2197 2019 1844 1704 1549 1416 1298 1214 1094 975 867 789 693 625 548 483 431 374 309 286 239 224 200 189 170 133 122 97 70 63 65 52 41 29 17 -1 
0 1 22 73 118 155 174 183 203 218 233 253 268 294 363 425 495 621 743 902 1116 1383 1651 1956 2346 2755 3221 3737 4294 4896 5609 6403 7238 8130 9074 9965 10931 11977 12955 14072 15143 16148 17166 18349 19315 20012 20601 21083 21634 22036 22285 22412 22376 22120 21832 21497 21059 20574 19901 19241 18592 17858 17139 16319 15506 14715 13880 13151 12261 11476 10704 9977 9282 8592 8016 7504 6952 6460 5980 5594 5206 4740 4320 3924 3574 3265 3039 2743 2542 2308 2088 1921 1773 1633 1494 1401 1292 1179 1028 909 836 788 716 658 574 518 456 424 367 323 289 262 228 200 181 159 135 114 93 84 71 58 46 31 20 20 16 8 -4 
0 1 18 60 108 141 162 168 195 233 271 316 381 462 572 639 754 869 1068 1223 1457 1679 1928 2301 2672 3086 3485 3903 4370 4962 5679 6477 7440 8439 9456 10535 11519 12723 13875 15041 16130 17163 18128 19069 19942 20783 21417 22007 22263 22460 22577 22580 22560 22328 22016 21529 20951 20333 19665 18966 18100 17266 16354 15541 14758 13954 13107 12229 11455 10670 9963 9282 8545 7891 7345 6870 6362 5927 5478 5037 4592 4246 3830 3498 3204 2922 2704 2452 2233 2042 1846 1693 1531 1408 1287 1165 1027 928 835 769 716 634 551 493 448 390 339 304 283 269 235 210 181 165 135 107 95 80 66 45 39 24 16 3 -9 
0 0 29 59 105 146 170 196 204 218 235 266 279 319 392 502 674 860 1100 1311 1633 1970 2350 2809 3274 3739 4221 4806 5541 6275 7169 8013 8997 9948 11014 12044 13289 14366 15343 16432 17403 18299 19186 20044 20616 21411 21893 22079 22216 22247 22209 22135 21856 21465 20932 20294 19833 19202 18438 17706 16967 16105 15427 14583 13742 12979 12193 11464 10677 9946 9237 8592 8111 7373 6757 6268 5868 5415 5003 4591 4241 3839 3509 3215 2923 2691 2475 2282 2105 1942 1758 1570 1434 1326 1221 1115 1023 892 814 742 645 569 520 471 422 382 350 297 265 218 189 167 140 112 100 80 68 53 23 23 13 9 -2 
0 2 17 55 96 130 162 177 188 199 233 231 260 298 355 427 540 614 708 903 1099 1315 1564 1882 2257 2669 3114 3619 4196 4829 5544 6273 7134 7992 8895 9849 10952 12137 13266 14270 15226 16178 17219 18060 18948 19718 20470 21175 21647 21951 22104 22313 22333 22344 22043 21709 21241 20700 20185 19448 18799 17930 17151 16436 15682 14814 14004 13111 12265 11543 10727 9983 9308 8661 8005 7366 6789 6287 5740 5279 4855 4494 4118 3822 3502 3218 2926 2685 2469 2242 2108 1919 1700 1555 1432 1297 1191 1073 969 863 767 659 565 511 441 390 358 312 280 238 213 202 182 148 127 99 82 63 53 43 37 26 16 7 -1 
0 0 21 68 110 149 173 183 204 226 282 369 485 637 812 988 1129 1319 1572 1856 2115 2476 2886 3354 3896 4443 5025 5590 6339 7238 8180 9272 10322 11521 12596 13728 14774 15842 16865 17862 18787 19591 20261 21035 21559 21965 22414 22496 22646 22358 22036 21830 21408 20888 20367 19836 19182 18407 17633 16857 16032 15066 14152 13439 12557 11828 11147 10307 9588 8945 8195 7602 7094 6448 6047 5598 5119 4769 4444 4046 3711 3344 3041 2771 2549 2277 2108 1900 1751 1611 1455 1317 1163 1012 904 833 775 686 610 556 510 454 434 368 304 280 234 208 169 147 122 92 80 69 61 47 29 18 16 9 5 -10 
0 0 16 61 94 132 152 184 200 225 246 269 298 363 453 543 652 834 1058 1254 1525 1741 2051 2410 2827 3267 3797 4384 5084 5792 6665 7479 8484 9518 10514 11687 12816 13923 15057 16152 17146 17937 18902 19816 20576 21136 21676 22135 22449 22591 22668 22427 22240 21836 21305 20814 20240 19532 18871 18048 17245 16458 15683 14800 13938 13102 12320 11542 10821 10062 9440 8911 8197 7556 7024 6462 6021 5570 5144 4802 4377 4028 3714 3317 2997 2756 2507 2283 2115 1993 1861 1675 1576 1386 1267 1160 1056 971 896 808 709 605 539 468 432 382 340 296 261 210 191 167 131 113 88 64 39 28 14 5 -8 
0 1 26 59 100 137 163 181 183 186 197 207 234 264 318 405 493 592 732 880 1105 1364 1724 2120 2566 2993 3483 4119 4702 5410 6227 7220 8077 9008 9979 11053 12230 13298 14415 15527 16608 17827 18803 19669 20519 21327 22011 22568 22896 23103 23221 23072 22851 22518 22088 21619 20839 20225 19480 18675 17882 17100 16242 15358 14464 13594 12765 11977 11258 10524 9821 9140 8513 7890 7308 6833 6351 5845 5303 4952 4578 4118 3762 3440 3136 2933 2696 2499 2331 2115 1909 1701 1552 1389 1278 1175 1085 979 855 787 721 634 569 498 437 405 368 339 314 270 257 227 208 188 169 143 125 93 78 55 35 35 15 6 -10 
0 0 10 44 90 140 165 185 194 204 221 243 270 304 349 410 505 635 785 964 1137 1336 1565 1893 2212 2529 2980 3407 4013 4538 5242 6056 6897 7743 8695 9714 10925 11955 13014 14197 15258 16326 17571 18459 19382 20319 20951 21544 22124 22511 22723 22925 22913 22780 22441 22036 21593 21080 20226 19602 18836 18146 17404 16504 15651 14754 13837 12956 12167 11378 10709 9979 9303 8546 7895 7340 6820 6294 5788 5358 4938 4450 4063 3722 3464 3148 2841 2598 2409 2170 1997 1833 1655 1520 1404 1269 1150 1060 965 857 781 713 650 566 494 444 399 360 309 279 240 202 168 132 111 92 82 83 76 67 48 41 35 19 21 10 1 -2 
0 0 25 67 118 146 167 184 199 206 224 256 302 351 432 525 669 818 962 1142 1409 1670 2042 2443 2901 3391 3977 4597 5265 6062 6878 7792 8736 9743 10707 11666 12761 13889 14974 16124 17172 18108 19077 20157 20863 21462 21918 22291 22564 22651 22729 22664 22325 22017 21505 21032 20431 19792 19027 18269 17527 16708 15943 14996 14123 13237 12351 11600 10816 10152 9491 8822 8145 7601 7094 6571 6039 5603 5190 4762 4329 3986 3673 3350 3060 2789 2590 2364 2143 1927 1737 1592 1433 1342 1259 1096 986 899 821 752 678 602 536 487 415 370 351 340 291 267 221 192 166 149 124 105 95 78 69 50 52 43 34 39 26 17 8 10 3 -4 
0 1 16 54 99 124 148 172 189 202 219 238 274 332 398 511 646 794 935 1107 1335 1574 1876 2186 2530 2943 3428 3957 4492 5107 5896 6668 7667 8610 9468 10650 11717 12821 13970 14908 16056 17105 18004 18936 19832 20568 21256 21806 22249 22530 22671 22758 22608 22279 21869 21388 20758 20141 19365 18746 18008 17218 16506 15670 14814 14030 13226 12312 11644 10970 10263 9550 8918 8283 7680 7129 6632 6118 5629 5175 4774 4374 3981 3663 3400 3099 2856 2584 2354 2142 1963 1725 1572 1420 1273 1162 1047 944 875 800 739 658 597 550 504 427 365 319 302 263 227 196 162 145 128 117 98 82 63 43 37 19 6 -7 
0 2 26 58 104 138 160 182 212 213 221 258 283 343 424 520 621 794 951 1127 1327 1562 1795 2179 2558 3104 3602 4101 4668 5317 5944 6832 7666 8674 9660 10600 11656 12814 13966 15123 16163 17373 18493 19394 20193 20987 21517 22056 22422 22645 22767 22834 22635 22135 21832 21254 20678 20175 19426 18670 17885 17113 16324 15466 14711 13912 13052 12258 11471 10780 10009 9250 8597 7950 7401 6886 6352 5798 5374 4872 4491 4106 3807 3428 3149 2853 2603 2429 2225 2059 1905 1736 1548 1425 1291 1157 1040 941 855 807 721 636 578 504 448 406 367 342 325 271 247 232 208 188 171 145 129 109 100 80 55 40 38 28 18 6 -4 
0 1 18 50 97 119 159 181 182 189 201 220 264 335 410 492 621 778 941 1134 1412 1693 1954 2235 2554 2953 3353 3816 4342 5001 5776 6454 7290 8210 9248 10342 11470 12581 13815 14924 15923 16873 17839 18759 19726 20551 21370 21992 22427 22715 22659 22733 22504 22429 22003 21643 21095 20416 19813 18971 18112 17445 16746 15824 15046 14096 13319 12516 11731 10952 10276 9480 8860 8257 7656 7073 6533 6004 5584 5090 4754 4379 3991 3666 3379 3111 2878 2636 2379 2126 1963 1795 1659 1515 1411 1261 1128 1003 881 794 737 665 605 542 493 445 385 333 291 280 244 227 203 184 165 155 107 99 83 66 57 44 33 16 11 1 -17 
0 0 15 56 96 137 162 176 180 193 225 252 279 347 443 580 723 872 1052 1298 1494 1785 2187 2516 2893 3321 3837 4532 5276 6101 7016 7893 9000 9961 10984 12159 13176 14128 15259 16490 17577 18613 19610 20425 20991 21566 22301 22556 22816 22892 22890 22744 22425 22128 21735 21265 20536 19880 19027 18160 17317 16440 15395 14449 13687 13009 12077 11236 10472 9700 9081 8382 7797 7193 6695 6252 5711 5231 4815 4413 4061 3711 3361 3058 2747 2490 2285 2099 1892 1711 1537 1398 1278 1163 1065 966 876 798 700 612 525 487 433 398 365 327 305 248 223 203 184 171 160 135 110 85 54 27 14 -2 
0 0 14 52 85 130 176 193 204 215 230 237 295 367 472 570 722 860 1043 1234 1515 1749 2045 2358 2766 3239 3837 4388 5140 5894 6688 7515 8501 9492 10482 11566 12642 13826 14900 15924 16875 17899 18740 19690 20494 21172 21688 22120 22532 22630 22765 22693 22639 22295 21918 21389 20741 20115 19268 18360 17639 16709 15885 14947 14161 13356 12555 11696 10885 10219 9503 8823 8194 7617 7000 6434 5903 5484 4978 4503 4070 3757 3440 3178 2920 2651 2403 2220 2022 1870 1659 1532 1395 1261 1151 1047 963 855 780 650 572 523 466 432 379 335 293 257 213 193 171 158 142 123 99 84 73 71 46 32 13 9 5 -4 
0 1 24 63 118 157 186 212 216 223 231 247 280 321 360 421 544 661 863 1051 1250 1494 1800 2112 2423 2773 3220 3737 4264 4863 5539 6233 7099 7983 8879 9954 10876 11919 12974 13963 15088 16209 17270 18328 19287 20133 20703 21325 21777 22060 22365 22312 22253 22173 22034 21738 21273 20754 20177 19484 18717 17802 16906 16152 15351 14558 13840 13021 12185 11451 10736 9942 9301 8550 7896 7279 6692 6215 5723 5289 4969 4613 4259 3825 3497 3152 2893 2656 2473 2290 2052 1889 1800 1646 1470 1324 1207 1086 960 896 832 759 689 627 574 522 479 421 368 326 306 279 252 224 196 174 138 120 94 74 58 43 38 33 29 21 12 -1 
0 2 12 45 91 130 164 174 185 207 217 217 245 279 332 422 520 624 755 922 1132 1415 1685 2057 2429 2835 3335 3867 4413 5062 5832 6615 7561 8376 9347 10285 11332 12315 13398 14537 15685 16776 17877 18972 19935 20683 21405 21949 22419 22760 22706 22731 22586 22329 22153 21805 21289 20804 20065 19317 18531 17794 16965 16010 15206 14365 13571 12694 11785 10898 10255 9576 9012 8376 7798 7276 6711 6230 5710 5230 4806 4427 4076 3716 3438 3197 2874 2593 2387 2180 2016 1831 1667 1512 1391 1255 1155 1069 979 919 823 709 614 589 518 462 403 363 325 259 225 212 208 172 137 121 92 79 60 41 32 19 17 11 -4 
0 1 24 56 97 135 172 183 198 209 233 255 300 357 412 507 606 716 844 986 1156 1368 1657 2018 2408 2892 3366 3892 4495 5069 5862 6595 7368 8239 9183 10141 11218 12338 13394 14479 15680 16742 17717 18781 19645 20366 21046 21588 21963 22295 22394 22526 22530 22271 21818 21478 20853 20222 19656 19131 18379 17671 16870 16006 15306 14435 13438 12727 11947 11200 10478 9750 9047 8431 7757 7159 6582 6094 5570 5125 4723 4393 4005 3663 3323 3009 2743 2493 2327 2107 1959 1810 1642 1502 1357 1232 1092 975 856 789 717 637 591 535 478 432 388 328 300 263 252 228 221 195 167 154 130 125 92 67 57 44 38 39 27 15 3 -14 
0 1 17 54 81 121 147 169 197 216 224 218 240 267 324 375 443 528 627 816 997 1236 1496 1790 2093 2545 2926 3423 3950 4545 5303 6098 6969 7819 8771 9748 10843 11851 12955 14087 15168 16270 17296 18297 19153 20033 20755 21497 21991 22366 22805 22848 22709 22424 22245 21810 21240 20569 20016 19446 18723 17849 17079 16313 15486 14603 13854 13110 12374 11627 10772 10112 9427 8723 8092 7447 6882 6421 5871 5395 4901 4508 4142 3849 3503 3218 2959 2676 2473 2257 2051 1851 1663 1489 1377 1274 1141 1027 924 832 757 671 605 541 478 437 396 347 343 287 249 216 202 167 151 148 131 105 83 76 62 44 29 17 3 -7 
0 1 13 45 91 124 160 174 192 209 231 246 290 330 379 452 525 624 725 866 1053 1293 1460 1679 2007 2333 2768 3191 3781 4454 5134 5823 6636 7460 8327 9274 10243 11200 12165 13273 14300 15437 16478 17574 18421 19364 20204 20784 21386 21797 22016 22152 22150 22104 22140 21898 21497 20966 20460 19932 19239 18468 17765 16908 16124 15227 14298 13499 12710 11815 11093 10365 9619 8965 8270 7736 7147 6542 6035 5564 5145 4709 4284 3894 3557 3203 2954 2729 2480 2285 2101 1951 1764 1607 1473 1312 1205 1051 960 880 814 715 621 548 499 437 388 352 317 290 267 235 183 154 140 117 105 95 94 73 56 47 35 13 9 -7 
0 0 15 47 95 129 155 173 193 206 214 229 244 281 327 402 534 652 781 902 1081 1335 1627 1978 2387 2881 3347 3865 4397 5133 6006 6830 7697 8543 9605 10625 11660 12831 14066 15035 16122 17092 18066 19022 19854 20597 21327 21856 22390 22626 22664 22678 22640 22400 22130 21622 21106 20609 19918 19170 18447 17598 16871 15991 15103 14165 13289 12468 11681 10870 10097 9354 8721 8104 7470 6885 6346 5848 5335 4958 4559 4154 3869 3529 3281 3032 2768 2504 2240 2050 1837 1686 1510 1381 1290 1162 1053 922 841 756 691 626 544 486 444 376 329 292 269 235 208 175 161 131 115 81 73 56 37 28 21 14 7 -7 
0 0 16 62 104 147 174 184 192 209 253 277 311 364 427 511 636 780 948 1158 1409 1623 1925 2214 2621 3063 3692 4341 4995 5691 6467 7380 8238 9147 10155 11159 12120 13157 14399 15398 16424 17352 18299 19218 19988 20730 21455 22113 22403 22769 22692 22602 22593 22378 22042 21422 20921 20242 19442 18797 17918 17103 16331 15480 14641 13801 12918 12137 11424 10770 9946 9215 8535 7869 7239 6694 6148 5667 5222 4760 4346 4068 3693 3395 3154 2909 2589 2375 2163 1996 1802 1599 1437 1319 1202 1088 977 876 785 704 628 578 530 461 406 363 335 304 264 209 178 140 119 117 117 91 78 62 43 27 14 1 -7 
0 2 16 52 102 135 158 175 192 214 229 260 292 326 375 420 528 666 776 991 1238 1488 1797 2081 2421 2801 3293 3801 4439 5089 5841 6597 7454 8441 9366 10362 11315 12534 13574 14744 15967 17065 18035 18990 19971 20918 21690 22254 22695 22814 22893 23047 22783 22698 22166 21685 21153 20569 19848 19182 18507 17575 16764 15942 15036 14238 13438 12503 11841 10988 10173 9489 8806 8218 7641 7040 6533 5993 5516 5108 4699 4390 3975 3607 3297 3098 2860 2599 2352 2115 1926 1763 1625 1475 1307 1162 1047 954 894 804 730 653 580 512 437 377 342 336 298 280 244 216 195 168 138 126 104 72 55 48 21 22 3 -7 
0 0 17 50 92 128 153 165 191 213 231 249 274 312 358 432 487 556 636 720 880 1050 1240 1459 1758 2147 2646 3086 3621 4089 4610 5245 5971 6787 7709 8693 9632 10680 11678 12840 14010 15279 16323 17352 18281 19288 20180 20898 21514 22009 22308 22619 22772 22697 22498 22194 21840 21479 20867 20233 19550 18822 18105 17225 16304 15482 14547 13604 12794 11964 11197 10474 9759 9074 8496 7834 7306 6753 6149 5707 5194 4769 4405 4047 3743 3446 3111 2848 2587 2354 2167 1985 1814 1663 1492 1377 1264 1131 1032 917 824 749 652 583 523 440 425 389 350 315 284 249 223 194 171 162 135 114 90 75 51 29 10 4 2 -11 
0 0 18 54 108 143 157 179 189 205 230 254 295 338 402 463 535 617 730 902 1098 1337 1601 1917 2307 2759 3323 3928 4599 5188 5861 6594 7340 8229 9121 10112 11182 12270 13329 14417 15537 16527 17396 18271 19229 19896 20624 21087 21581 21808 22074 22215 22218 22266 22088 21698 21031 20541 19821 19171 18485 17773 16946 16049 15132 14373 13536 12740 11850 11146 10359 9617 9064 8426 7847 7290 6771 6230 5815 5338 4898 4547 4235 3913 3599 3310 2996 2753 2517 2283 2099 1911 1766 1632 1469 1358 1239 1143 1015 911 847 767 696 629 583 532 486 418 378 316 253 225 198 185 149 135 96 99 87 57 40 30 10 5 -4 
0 2 21 58 112 149 173 187 195 203 218 260 313 382 469 560 679 796 937 1135 1367 1654 1974 2321 2787 3313 3933 4604 5298 6090 7076 8071 9056 10111 11128 12119 13251 14271 15312 16387 17344 18284 19219 19942 20583 21237 21575 22003 22272 22405 22627 22538 22380 21830 21357 20720 20059 19455 18790 17993 17300 16451 15571 14707 13947 13133 12362 11655 10852 10197 9527 8854 8242 7651 7014 6498 5976 5443 5043 4706 4403 4039 3711 3394 3057 2788 2535 2262 2098 1913 1717 1563 1426 1277 1145 1059 965 868 776 732 650 594 536 484 432 394 341 310 274 232 187 167 150 133 117 99 77 59 49 42 20 11 6 0 
0 1 27 60 103 136 165 184 195 227 226 261 292 352 438 572 710 826 992 1185 1404 1629 1896 2232 2683 3194 3734 4358 5066 5823 6695 7598 8580 9699 10841 12062 13124 14356 15326 16395 17337 18398 19315 20182 20849 21503 21992 22159 22327 22555 22574 22423 22278 21818 21154 20646 19994 19349 18628 17869 17164 16403 15665 14782 13941 13158 12359 11528 10919 10106 9449 8796 8196 7609 6993 6477 5969 5457 4968 4647 4360 4023 3717 3374 3100 2767 2550 2372 2133 1917 1761 1591 1471 1332 1219 1126 982 905 813 728 648 581 514 482 421 392 356 327 289 269 233 197 167 145 128 105 88 63 54 39 22 1 -9 
0 0 14 47 78 120 151 180 197 196 213 221 246 289 367 501 642 838 1032 1240 1550 1806 2116 2442 2838 3286 3721 4252 4959 5714 6604 7547 8545 9543 10620 11592 12707 13789 15003 16035 16968 18054 19021 19895 20581 21251 21825 22451 22849 23039 23119 22926 22635 22190 21683 21223 20637 19949 19173 18333 17595 16750 15917 15026 14240 13333 12383 11553 10770 9978 9300 8662 8046 7426 6816 6283 5796 5370 4915 4537 4234 3879 3535 3209 2949 2700 2454 2253 2031 1787 1642 1496 1380 1289 1189 1084 991 900 820 740 677 601 547 501 446 390 340 314 284 247 205 177 153 127 114 95 84 63 50 35 30 28 20 6 -6 
0 1 20 59 97 131 169 186 203 207 233 259 289 327 365 450 502 589 755 974 1263 1560 1910 2296 2669 3215 3825 4431 5153 5971 6779 7572 8484 9398 10394 11523 12630 13727 14761 15807 16917 17873 18882 19770 20554 21295 21625 22122 22448 22652 22639 22623 22474 21985 21620 21124 20725 19849 19106 18307 17611 16899 16128 15273 14438 13462 12620 11880 11166 10411 9692 8925 8262 7634 7043 6481 5994 5580 5144 4650 4310 4024 3659 3374 3045 2841 2545 2305 2157 1942 1812 1650 1536 1387 1262 1163 1050 956 896 841 762 699 621 587 526 468 440 401 372 324 280 250 221 193 180 148 121 104 85 70 67 58 46 41 32 15 12 1 -11 
0 0 17 55 99 142 173 190 192 213 254 300 332 394 439 487 599 735 871 1036 1255 1499 1782 2096 2461 2886 3345 3871 4412 5078 5843 6569 7432 8337 9286 10246 11278 12438 13547 14618 15731 16728 17884 18702 19503 20375 21029 21507 22007 22430 22510 22613 22455 22109 21819 21438 20834 20412 19768 19105 18203 17478 16765 15902 15080 14296 13449 12713 11881 11058 10279 9635 9046 8411 7835 7298 6666 6078 5566 5076 4707 4311 3943 3558 3285 3025 2772 2619 2389 2215 2007 1834 1647 1481 1310 1202 1106 988 888 799 754 680 587 534 467 423 394 364 349 311 290 246 213 176 141 123 96 79 66 47 40 31 26 20 9 -11 
0 1 12 45 82 119 162 186 198 211 212 240 286 335 394 444 522 566 711 850 1001 1202 1397 1608 1864 2170 2593 3044 3590 4210 4910 5631 6379 7228 8187 9202 10317 11458 12560 13676 14979 16127 17232 18306 19315 20230 20996 21587 21961 22396 22724 22883 22882 22708 22538 22347 21900 21355 20745 20023 19248 18441 17507 16665 15993 15165 14265 13443 12564 11744 10997 10202 9429 8740 8226 7636 7075 6510 6007 5506 5084 4667 4265 3897 3605 3323 3044 2759 2507 2243 2030 1851 1669 1537 1404 1256 1139 1028 921 834 736 666 594 549 500 439 377 346 334 273 237 216 190 174 160 147 117 108 99 68 56 42 36 16 2 -2 
0 0 18 56 92 143 154 183 191 200 216 249 305 355 430 561 736 936 1169 1424 1653 1922 2250 2654 3073 3534 4080 4641 5267 5960 6796 7803 8777 9711 10857 11887 12892 14067 15073 16120 17133 18079 18967 19723 20357 21013 21499 21962 22292 22381 22238 22116 21883 21436 20971 20569 19919 19264 18662 17952 17209 16319 15523 14675 13752 13016 12163 11485 10688 10047 9375 8771 8111 7444 6911 6379 5901 5447 5079 4661 4323 3942 3613 3215 2872 2608 2394 2265 2073 1931 1748 1567 1443 1336 1223 1139 1043 953 881 776 710 640 581 520 476 433 392 337 300 264 234 204 190 174 144 134 125 103 82 70 53 43 38 28 14 -2 
0 2 18 61 119 142 164 185 211 224 234 259 282 347 422 515 672 838 1091 1318 1571 1909 2346 2828 3263 3877 4511 5242 6073 6942 7792 8738 9696 10731 11742 12836 14109 15213 16375 17270 18327 19118 19819 20536 21122 21738 22163 22515 22699 22684 22648 22466 22129 21708 21033 20443 19769 18991 18355 17455 16626 15774 15035 14164 13355 12457 11644 10870 10120 9446 8756 8042 7438 6879 6459 6011 5479 4969 4577 4227 3916 3579 3286 3045 2759 2520 2280 2103 1971 1822 1615 1498 1346 1220 1114 974 893 798 741 664 607 538 493 436 397 353 303 272 269 230 209 172 152 138 110 103 76 65 56 44 45 35 22 5 -7 
0 0 12 35 86 128 161 170 194 196 229 283 309 351 417 517 628 753 886 1020 1192 1447 1701 2004 2364 2732 3141 3605 4086 4721 5472 6193 6999 7920 8889 9842 10890 11986 13081 14142 15295 16338 17308 18251 19149 19843 20655 21344 21753 21867 22056 22190 22193 22185 21936 21583 20962 20553 19952 19414 18817 18015 17084 16291 15510 14694 13953 13101 12310 11446 10591 9947 9307 8749 8127 7560 6994 6451 5986 5494 5025 4645 4218 3825 3516 3232 3036 2718 2492 2295 2122 1903 1739 1571 1431 1292 1128 1032 924 831 743 669 590 509 480 435 387 327 300 257 222 198 190 163 146 114 82 75 58 50 31 28 15 0 
0 1 18 59 86 131 159 180 204 202 207 229 261 326 361 418 506 609 733 892 1130 1354 1628 1978 2293 2721 3205 3722 4294 4874 5573 6178 7050 7882 8803 9714 10749 11737 12921 13945 14950 16021 17046 17954 18550 19465 20290 20930 21453 21812 22146 22247 22172 22067 21812 21525 20936 20371 19995 19353 18717 17955 17146 16344 15566 14829 14044 13312 12526 11714 10947 10257 9499 8843 8148 7551 7028 6519 6005 5477 5024 4666 4315 3951 3647 3355 3027 2792 2547 2307 2136 1972 1800 1634 1533 1373 1262 1133 1049 944 849 771 679 608 534 476 439 408 366 339 301 258 236 209 162 126 112 84 67 61 47 26 20 7 -6 
0 2 24 53 101 140 158 191 212 237 244 258 289 317 377 422 472 528 628 753 921 1114 1318 1556 1838 2110 2456 2964 3548 4108 4824 5408 6224 7065 7830 8819 9807 10833 12005 13151 14173 15243 16275 17314 18252 19159 19917 20744 21173 21744 22059 22362 22564 22602 22271 22185 21824 21520 20878 20225 19536 18781 18053 17199 16307 15397 14647 13845 12994 12218 11583 10814 10014 9307 8672 7973 7410 6830 6334 5852 5309 4872 4465 4146 3774 3462 3190 2990 2699 2441 2245 2060 1865 1655 1510 1389 1254 1157 1049 960 879 794 709 614 573 514 459 400 354 323 266 234 201 170 162 127 118 89 70 57 54 51 35 21 7 -6 
0 0 24 64 100 130 160 191 211 220 236 276 301 364 418 493 586 721 879 1074 1301 1609 1877 2238 2565 2939 3305 3733 4320 5107 5816 6649 7485 8268 9232 10174 11205 12229 13387 14528 15680 16643 17684 18645 19399 20076 20686 21357 21745 22008 22195 22135 22028 21924 21718 21259 20830 20200 19695 19038 18446 17634 16921 15989 15150 14376 13531 12762 12015 11264 10550 9764 9054 8455 7866 7230 6654 6068 5630 5202 4730 4343 3962 3642 3291 3017 2730 2530 2264 2056 1907 1715 1569 1415 1237 1097 1045 961 878 786 694 623 554 493 461 397 341 301 257 227 186 153 125 114 95 74 66 61 37 13 -12 
0 2 20 53 91 133 157 182 202 218 234 248 265 300 369 431 521 625 756 923 1111 1342 1643 1952 2334 2705 3159 3620 4177 4822 5490 6379 7323 8256 9253 10277 11320 12411 13601 14748 15801 16910 17861 18819 19750 20462 21159 21772 22162 22408 22576 22675 22555 22424 22090 21583 21158 20645 19874 19184 18453 17693 16782 15890 15079 14278 13521 12722 11879 11117 10431 9814 9188 8520 7926 7354 6823 6283 5857 5391 4926 4456 4090 3707 3416 3137 2933 2705 2446 2219 2052 1889 1707 1582 1444 1306 1165 1061 951 870 782 715 647 581 529 479 418 388 349 320 284 252 226 189 159 137 122 107 103 85 70 64 59 53 36 23 6 -1 
0 1 18 63 109 133 153 162 183 195 211 232 263 315 356 476 558 692 814 967 1158 1364 1656 1972 2285 2729 3244 3795 4445 5155 5807 6602 7379 8300 9325 10387 11491 12673 13738 14980 15964 16948 17869 18898 19739 20363 21018 21492 21951 22227 22470 22540 22725 22560 22168 21681 21001 20330 19754 18997 18261 17748 16990 16144 15250 14353 13576 12687 11884 11215 10433 9677 9043 8420 7750 7231 6649 6067 5665 5228 4798 4449 4152 3802 3477 3153 2929 2694 2512 2304 2125 1926 1746 1559 1407 1282 1183 1070 973 862 786 705 629 560 495 465 442 395 346 302 260 215 188 177 177 152 128 106 93 82 60 48 41 27 26 8 1 4 -7 
0 0 19 65 107 151 176 188 211 242 270 359 490 567 679 765 888 1034 1230 1443 1717 2033 2384 2793 3216 3748 4443 5069 5726 6532 7481 8382 9378 10373 11399 12584 13791 14897 15912 17044 18042 19005 19774 20451 21152 21766 22253 22491 22697 22709 22647 22299 22115 21569 20975 20370 19689 19075 18422 17574 16766 15895 15073 14254 13428 12558 11873 11031 10313 9622 8895 8264 7661 7046 6453 5986 5505 5060 4683 4353 3997 3641 3285 3000 2765 2509 2304 2068 1898 1737 1595 1450 1336 1196 1097 988 887 811 745 671 581 513 457 419 379 335 304 257 244 210 185 157 138 108 85 71 54 45 53 56 46 37 36 29 12 1 -16 
0 1 20 53 97 129 155 171 187 226 248 268 284 299 335 397 477 551 635 761 913 1126 1318 1572 1861 2194 2503 2943 3393 3927 4494 5179 5890 6720 7582 8517 9419 10351 11425 12585 13754 14816 15888 16861 17899 18928 19750 20352 21060 21463 21849 22257 22413 22436 22357 22063 21775 21330 20869 20317 19597 18928 18206 17467 16596 15752 15004 14115 13365 12540 11852 11109 10366 9638 9002 8362 7777 7205 6662 6181 5606 5173 4713 4313 4019 3727 3423 3145 2841 2571 2392 2226 2006 1837 1663 1500 1346 1250 1145 1023 948 867 806 719 644 592 512 431 406 367 332 289 252 213 192 159 135 108 105 96 70 41 34 17 7 -4 
0 0 17 55 97 134 161 176 198 217 249 270 306 359 401 464 546 659 779 943 1156 1338 1591 1876 2238 2653 3102 3569 4192 4822 5508 6309 7136 8063 9083 10072 11036 12046 13172 14306 15358 16353 17443 18438 19231 19997 20630 21325 21843 22267 22655 22770 22762 22395 22302 21981 21598 21082 20373 19625 18733 18005 17284 16433 15532 14633 13702 12848 12046 11186 10392 9686 8995 8298 7636 7003 6500 6031 5479 5072 4656 4266 3896 3529 3153 2912 2724 2476 2288 2056 1844 1699 1562 1401 1279 1163 1051 979 882 786 691 634 549 500 470 418 378 336 303 263 237 189 175 155 121 112 101 81 66 55 19 6 -4 
0 1 14 50 87 121 136 147 173 175 195 218 237 280 321 365 415 478 570 685 835 971 1159 1395 1652 1984 2290 2708 3179 3790 4476 5101 5775 6624 7475 8451 9358 10416 11519 12643 13636 14735 15845 16681 17755 18715 19483 20348 21159 21668 22122 22395 22627 22743 22680 22525 22238 21887 21332 20841 20175 19484 18606 17739 16869 15889 15120 14345 13616 12824 11968 11104 10316 9764 9097 8438 7724 7167 6642 6095 5636 5193 4818 4419 4058 3690 3362 3071 2832 2563 2334 2124 1913 1723 1561 1429 1305 1205 1092 962 878 804 729 662 591 526 467 413 368 334 289 258 223 189 175 152 134 121 108 88 62 45 37 27 10 -6 
0 2 12 48 85 131 164 178 179 191 204 228 248 273 315 372 429 520 639 788 973 1147 1399 1720 2127 2539 2982 3406 3996 4623 5365 6218 7091 8014 9026 10022 11022 12081 13198 14334 15431 16491 17571 18459 19415 20170 20802 21334 21850 22219 22406 22475 22328 22163 21926 21678 21157 20488 19782 18987 18223 17619 16974 16166 15371 14548 13749 12825 12052 11341 10554 9802 9049 8445 7797 7253 6680 6228 5744 5309 4919 4597 4269 3921 3547 3263 3008 2758 2496 2256 2079 1945 1828 1660 1504 1371 1218 1082 990 920 822 738 671 595 541 473 427 379 334 314 274 246 222 180 145 125 93 71 53 37 21 10 -2 
0 1 15 54 102 139 159 181 202 208 230 288 324 393 483 590 708 831 991 1231 1490 1796 2095 2454 2884 3407 4041 4723 5507 6241 7082 7961 8868 9803 10902 11933 13003 14171 15285 16369 17358 18436 19387 20272 20998 21597 22217 22465 22700 22726 22599 22561 22318 22030 21622 21053 20560 19761 18985 18297 17417 16648 15772 14916 14034 13191 12246 11507 10687 10017 9327 8674 7997 7427 6854 6308 5800 5358 4911 4435 4101 3783 3448 3129 2926 2706 2443 2218 2016 1831 1666 1527 1373 1285 1180 1052 970 872 783 672 611 544 480 453 396 344 303 264 233 214 163 140 123 99 84 66 50 38 22 5 -7 
0 3 21 61 108 142 173 184 199 198 214 242 269 282 304 367 460 522 617 761 916 1131 1338 1628 1935 2343 2820 3349 3939 4561 5283 6079 6833 7717 8713 9792 10782 11857 12986 14129 15297 16463 17493 18408 19405 20235 20891 21552 22088 22522 22679 22726 22686 22610 22439 22167 21654 21192 20471 19702 19079 18371 17485 16586 15755 14921 14160 13316 12451 11620 10713 10052 9278 8623 8048 7466 6847 6328 5834 5365 4925 4530 4163 3857 3489 3167 2886 2622 2393 2221 2017 1843 1660 1528 1397 1263 1174 1071 944 857 762 703 622 556 469 430 382 338 303 254 215 188 176 153 142 129 108 99 81 69 54 39 19 12 6 -7 
0 2 23 64 109 145 171 196 196 191 209 229 264 312 358 408 495 632 776 967 1185 1461 1745 2047 2398 2780 3260 3847 4501 5117 5763 6562 7439 8473 9467 10609 11717 12812 13868 14948 16102 17245 18350 19482 20447 21165 21673 22167 22548 22883 23046 23169 23125 22872 22687 22271 21573 20920 20172 19434 18623 17675 16890 15958 15073 14244 13507 12743 11854 11026 10168 9446 8800 8071 7472 6915 6348 5886 5464 5031 4566 4255 3923 3612 3308 2997 2730 2524 2291 2034 1817 1656 1498 1326 1198 1092 995 916 838 795 729 655 572 524 481 429 406 360 319 286 244 212 197 175 139 116 114 96 79 61 48 37 24 10 -1 
0 0 17 62 103 136 153 176 189 224 262 330 385 464 550 640 776 908 1094 1365 1639 2010 2321 2696 3057 3540 4110 4662 5317 6077 6821 7677 8679 9833 10880 11911 12847 13964 15022 16091 17069 18242 19075 19968 20634 21256 21779 22018 22213 22454 22493 22371 22045 21745 21250 20750 20129 19481 18613 17753 16941 16158 15451 14593 13796 12887 12216 11408 10735 9956 9348 8673 8022 7446 6929 6489 6004 5512 5048 4629 4286 3943 3650 3350 3072 2794 2536 2289 2077 1894 1769 1596 1467 1341 1237 1130 1020 881 804 747 671 601 554 483 466 417 374 335 304 268 221 197 171 149 127 98 80 69 47 34 30 27 15 9 -3 
0 0 12 55 101 131 151 181 193 212 231 252 276 297 341 423 504 612 732 892 1116 1347 1606 1928 2320 2760 3284 3791 4418 5035 5860 6683 7470 8374 9257 10197 11224 12378 13516 14538 15653 16651 17643 18636 19476 20414 21111 21651 21950 22141 22296 22521 22379 22376 22229 21700 21338 20670 19933 19323 18474 17712 17004 16109 15136 14367 13479 12681 11840 10999 10362 9703 9025 8399 7866 7212 6723 6253 5730 5335 4925 4526 4128 3840 3478 3192 2867 2667 2431 2218 2100 1930 1769 1563 1438 1293 1163 1035 948 879 792 710 645 612 528 479 413 369 334 296 264 246 223 195 166 139 103 86 74 72 44 34 24 6 -7 
0 0 15 59 92 136 162 182 193 201 221 241 274 345 430 554 680 791 897 1076 1246 1478 1742 2061 2465 2960 3452 4003 4664 5286 5941 6743 7565 8592 9556 10578 11585 12591 13728 14833 15882 16917 18005 19041 19750 20501 21147 21722 22093 22302 22409 22268 22265 22087 21803 21401 20856 20206 19501 18821 18092 17300 16483 15695 14913 14255 13482 12570 11807 11023 10165 9508 8864 8201 7661 7102 6483 6047 5547 5135 4756 4354 4034 3654 3301 2990 2790 2516 2299 2139 1928 1726 1549 1429 1308 1175 1083 1001 894 779 726 627 578 522 471 420 379 321 262 231 202 171 154 137 126 104 91 81 63 60 51 30 14 6 2 -10 
0 3 20 63 99 135 158 170 188 222 244 268 309 365 437 532 654 806 967 1170 1398 1690 2025 2353 2779 3322 3810 4423 5049 5746 6558 7473 8401 9357 10263 11436 12502 13684 14833 15983 16990 18057 18952 19848 20600 21363 22065 22388 22628 22748 22785 22807 22485 22127 21746 21189 20543 19867 19067 18308 17451 16511 15646 14836 14094 13292 12539 11800 11028 10322 9587 8931 8246 7654 7092 6594 6168 5691 5239 4825 4448 4019 3697 3424 3156 2850 2591 2383 2161 1919 1713 1567 1425 1320 1185 1082 985 899 819 746 685 623 575 522 476 423 372 311 296 263 234 205 173 150 143 130 106 83 61 63 44 38 24 20 5 -6 
0 2 19 54 102 135 164 185 195 207 225 247 285 367 475 588 720 854 1026 1225 1424 1724 1987 2297 2716 3134 3600 4215 4841 5611 6286 7197 8049 8996 9943 11030 12132 13210 14464 15528 16653 17638 18598 19484 20375 21038 21702 22176 22572 22624 22719 22655 22502 22280 21774 21294 20583 20160 19444 18642 17709 16845 16061 15311 14430 13625 12802 12066 11296 10617 9865 9095 8448 7813 7182 6651 6123 5641 5266 4814 4480 4151 3839 3484 3200 2947 2719 2425 2240 2083 1903 1759 1616 1459 1316 1199 1087 985 877 811 744 674 613 540 477 417 365 337 301 237 208 183 166 153 138 132 98 94 82 74 60 42 35 25 8 1 4 -10 
0 0 14 52 103 144 178 182 210 225 231 256 273 319 358 459 574 725 924 1081 1295 1551 1833 2174 2530 2923 3452 3969 4625 5337 6067 6820 7643 8562 9550 10628 11657 12655 13817 14881 16033 17177 18290 19206 20222 20862 21577 22080 22395 22774 22787 22912 22753 22564 22245 21636 21093 20549 19830 19144 18385 17579 16691 15816 14953 14149 13234 12416 11653 10863 10080 9449 8724 8090 7505 6951 6372 5898 5463 5049 4618 4211 3926 3489 3179 2910 2645 2434 2246 2048 1859 1695 1532 1376 1250 1120 1022 917 816 736 678 590 533 471 436 411 364 321 273 240 213 183 154 145 121 96 81 68 54 46 38 30 27 14 11 -9 
0 2 17 47 92 128 160 172 183 205 240 294 361 446 508 616 792 974 1202 1451 1666 1938 2319 2701 3206 3709 4340 4863 5562 6310 7025 7895 8810 9692 10834 11896 12902 13884 14913 15894 16936 17924 18906 19778 20335 20868 21188 21667 21960 22224 22116 22053 21818 21463 20868 20469 19833 19111 18415 17702 16971 16215 15430 14598 13865 13028 12152 11389 10606 9855 9213 8465 7848 7335 6781 6308 5845 5321 4898 4528 4194 3836 3537 3232 2953 2665 2420 2199 2029 1853 1652 1490 1348 1228 1129 1040 917 848 759 650 572 501 441 378 344 335 312 276 244 195 180 150 140 114 87 67 55 58 53 41 25 15 -6 
0 1 9 37 85 137 171 188 206 203 240 261 279 323 378 438 490 553 696 875 1121 1354 1617 1883 2152 2585 3046 3585 4103 4711 5413 6140 7012 7872 8897 9915 11014 12069 13101 14141 15202 16310 17337 18184 19031 19809 20564 20984 21576 21982 22257 22297 22156 22002 21865 21461 21043 20569 20059 19508 18728 18107 17439 16625 15636 14778 13959 13142 12326 11486 10803 10086 9392 8723 8085 7408 6769 6267 5847 5333 4874 4497 4119 3751 3413 3116 2839 2599 2389 2179 2009 1861 1690 1545 1367 1244 1138 1025 933 860 750 695 629 574 506 448 373 329 297 269 246 220 195 180 141 119 113 90 67 64 43 29 12 7 -3 
0 1 23 62 95 122 151 166 183 218 224 225 258 289 334 378 450 573 729 903 1111 1300 1536 1860 2238 2689 3204 3776 4419 5051 5837 6562 7439 8343 9288 10344 11313 12429 13579 14767 15951 16806 17796 18710 19605 20379 20997 21716 22050 22354 22566 22623 22585 22214 21701 21173 20637 20087 19608 18981 18236 17502 16709 15917 15101 14238 13483 12706 11895 11095 10441 9774 9163 8503 7781 7096 6520 6009 5555 5131 4675 4329 3934 3619 3325 3058 2796 2565 2338 2113 1919 1720 1622 1505 1354 1239 1081 965 840 743 702 667 604 517 455 403 365 337 287 254 225 179 156 129 115 108 80 53 30 16 -9 
0 1 15 52 104 152 168 170 186 203 233 242 263 326 416 514 665 816 986 1176 1409 1643 1966 2314 2740 3160 3669 4321 5003 5760 6602 7402 8269 9181 10161 11238 12379 13391 14402 15479 16575 17569 18478 19398 20147 20747 21274 21625 21931 22260 22394 22256 22151 21902 21455 21025 20482 19879 19213 18505 17688 16855 16007 15170 14304 13520 12751 12015 11313 10536 9741 9008 8438 7919 7427 6849 6319 5761 5295 4826 4401 4002 3656 3382 3114 2860 2607 2367 2174 1984 1774 1662 1532 1360 1227 1129 1025 934 854 767 677 601 536 478 437 396 368 310 263 213 205 183 154 128 103 90 71 56 54 44 34 12 -5 
0 1 22 62 107 138 158 177 190 208 243 291 353 404 507 639 769 939 1120 1342 1630 1928 2232 2605 3042 3503 4025 4553 5266 6033 6945 7788 8738 9712 10712 11770 12892 14032 15285 16406 17482 18585 19466 20225 21019 21650 22119 22458 22620 22831 22872 22945 22720 22291 21876 21166 20384 19672 19019 18297 17551 16696 15726 14924 14042 13180 12353 11599 10798 10067 9304 8603 7940 7344 6873 6321 5826 5378 4909 4531 4123 3775 3402 3083 2873 2593 2403 2218 1961 1763 1612 1482 1350 1237 1122 1033 939 828 756 693 605 520 471 411 376 325 282 260 229 212 183 157 138 106 106 83 71 67 52 28 21 17 4 0 
