0 0 0 0 248 248 248 248 250 318 433 521 342 393 502 708 1117 1605 2114 2599 3219 4122 5361 6734 8165 9552 11041 12975 15148 17502 19737 22086 24274 26605 29056 31226 33346 35125 36700 37680 38817 39346 39413 39398 38918 38119 36912 35701 33930 32269 30639 28861 26891 24891 23020 21258 19637 18020 16470 14842 13392 12179 11027 9949 8926 8070 7162 6362 5679 5074 4594 4094 3671 3254 2882 2605 2316 2046 1772 1571 1356 1196 1061 935 853 752 653 571 518 438 381 334 281 246 220 195 167 140 125 111 101 91 81 71 64 61 52 44 35 28 22 19 14 9 9 8 8 6 5 6 6 6 4 3 2 3 3 1 1 1 1 1 1 
0 0 0 0 250 250 250 250 293 434 637 781 664 810 1035 1426 1922 2432 2944 3508 4279 5283 6530 7988 9322 10827 12584 14668 17061 19389 21586 23737 26044 28186 30439 32447 34093 35692 37034 38012 38646 39042 38924 38481 37808 36722 35408 33803 32253 30508 28594 26764 24778 22842 20986 19329 17660 16149 14667 13329 12049 10959 9966 8994 8047 7229 6480 5751 5117 4554 4031 3606 3273 2905 2580 2302 2039 1802 1615 1419 1247 1076 967 859 766 675 607 517 471 445 396 344 307 296 266 264 232 204 184 165 151 139 128 113 100 89 78 72 65 59 58 45 47 44 37 35 38 34 30 31 19 16 15 15 10 7 6 5 5 7 9 6 7 7 7 6 7 6 5 5 4 3 
0 0 0 0 250 250 250 250 264 339 443 539 365 425 571 867 1257 1557 1884 2227 2804 3793 4936 6103 7232 8528 10152 12127 14269 16316 18393 20337 22617 24944 27338 29688 31635 33364 34966 36646 37883 38906 39281 39216 39031 38473 37593 36336 35006 33350 31585 29764 27829 25869 24055 22169 20297 18642 17031 15607 14105 12763 11516 10397 9383 8464 7573 6712 6048 5425 4883 4315 3867 3385 3005 2683 2351 2096 1847 1660 1448 1304 1156 1028 916 778 687 589 521 448 393 345 315 291 259 237 214 203 187 179 152 143 127 115 106 92 77 68 59 47 47 43 39 38 38 30 26 22 23 21 19 14 10 9 10 9 4 3 2 2 1 1 
0 0 0 0 249 249 249 249 256 336 449 541 372 449 617 942 1448 1948 2376 2893 3638 4735 5976 7274 8503 9786 11463 13483 15641 17796 19957 22276 24401 26676 28937 31094 33029 34605 36043 36959 37867 38421 38550 38181 37432 36540 35379 34168 32766 31158 29511 27756 26003 24194 22436 20746 19020 17439 15807 14424 13114 11914 10743 9634 8661 7735 6957 6219 5589 5024 4471 3982 3571 3180 2808 2465 2168 1937 1738 1507 1323 1190 1033 938 829 718 669 599 549 476 439 374 335 299 256 225 206 179 165 155 133 121 101 88 70 63 54 49 45 37 33 24 20 18 15 12 9 7 8 8 7 6 6 5 5 5 2 1 1 1 1 1 1 1 1 
0 0 0 0 249 249 249 249 267 345 435 519 351 427 585 874 1311 1859 2425 2980 3635 4537 5762 7212 8710 9967 11448 13272 15516 18015 20433 22629 24631 26906 29150 31458 33609 35244 36384 37311 38266 38790 39179 38934 38024 36978 36005 34792 33327 31774 29705 27861 25995 24220 22395 20631 18828 17125 15720 14268 13044 11771 10563 9478 8536 7767 6977 6189 5458 4862 4374 3890 3467 2997 2642 2330 2090 1839 1639 1469 1264 1117 1002 903 813 740 643 570 524 478 423 390 346 303 261 241 207 188 174 141 114 99 88 70 60 50 36 35 32 28 22 20 20 18 17 15 16 13 11 9 7 7 5 4 2 1 1 1 1 
0 0 0 0 250 250 250 250 265 333 413 496 317 423 595 836 1063 1272 1574 1983 2526 3146 3769 4469 5409 6502 7761 9115 10509 11996 13617 15521 17414 19552 21641 23673 25757 27620 29549 31331 32990 34234 35145 35832 36262 36608 36574 36001 35381 34421 33286 31878 30419 28884 27263 25672 23723 22032 20365 18905 17421 15919 14505 13280 12172 11011 9943 8954 8062 7247 6578 5847 5249 4732 4272 3848 3420 3062 2727 2439 2175 1920 1688 1528 1373 1218 1062 963 835 742 646 565 500 445 399 352 310 272 254 227 213 189 163 146 145 131 115 96 77 74 63 56 50 48 43 36 37 30 31 28 27 23 19 20 18 20 16 14 11 9 10 8 7 4 5 3 5 5 4 4 3 3 
0 0 0 0 250 250 250 250 252 311 404 492 340 477 725 1061 1391 1651 1946 2335 2892 3617 4403 5194 6154 7347 8776 10385 12262 14158 16108 18095 20224 22655 24989 27374 29463 31452 33358 34986 36337 37161 37808 38010 38092 37774 37094 36340 35343 34039 32464 30803 28970 27127 25438 23683 21773 20085 18418 16832 15374 14012 12625 11359 10243 9205 8295 7463 6750 6059 5443 4882 4368 3887 3517 3154 2781 2469 2161 1924 1706 1532 1355 1198 1063 966 862 752 681 604 537 479 416 352 328 302 252 224 195 159 149 138 116 97 89 71 66 66 58 50 37 33 32 32 31 25 21 16 13 13 9 9 7 6 5 5 5 5 6 5 4 5 4 4 4 3 2 1 1 
0 0 0 0 250 250 250 250 254 340 433 544 379 440 601 893 1294 1731 2190 2599 3228 4129 5195 6483 7823 9145 10705 12581 14707 16763 18891 20965 23080 25314 27419 29593 31456 33158 34627 35724 36629 37263 37642 37474 37103 36439 35698 34725 33422 31947 30271 28677 27061 25447 23643 21913 20287 18505 16958 15588 14104 12843 11672 10534 9377 8498 7727 6902 6243 5599 4927 4401 4016 3576 3181 2816 2465 2226 2013 1787 1559 1392 1278 1120 1030 911 794 729 655 591 521 478 420 373 341 295 265 244 205 176 158 139 119 114 99 86 79 63 60 56 50 40 36 28 21 20 17 13 12 8 7 5 5 5 3 3 
0 0 0 0 249 249 249 249 258 332 412 515 333 390 515 777 1162 1574 2051 2584 3231 3922 4774 5786 6826 8050 9452 10880 12593 14600 16838 19027 21281 23562 25775 28227 30374 32360 34007 35495 36822 37816 38557 38817 38880 38406 37697 36739 35346 33863 32136 30288 28483 26616 24663 22744 21017 19205 17558 16003 14508 13244 11979 10760 9582 8657 7823 6989 6228 5518 4928 4448 3975 3567 3164 2858 2571 2297 2042 1825 1623 1388 1251 1098 971 869 787 701 636 574 517 476 428 383 331 280 250 220 189 157 130 112 101 97 83 73 61 55 50 48 44 38 37 33 31 31 30 24 21 21 15 15 14 10 9 10 11 9 8 6 7 7 5 4 2 2 2 2 
0 0 0 0 250 250 250 250 256 346 468 570 423 500 620 840 1088 1359 1613 1924 2424 3225 4139 5058 6001 7056 8374 10054 11872 13781 15760 17860 20155 22459 24802 27008 29075 30977 32748 34317 35469 36483 37280 37596 37836 37579 36970 36172 35232 34041 32582 31054 29192 27434 25625 23842 22174 20576 18983 17392 15873 14444 13117 11883 10754 9646 8642 7746 6973 6211 5571 4986 4438 3938 3533 3190 2850 2585 2312 2076 1849 1678 1500 1337 1206 1074 966 870 783 679 603 528 469 418 356 313 278 254 228 211 190 167 150 131 120 111 101 83 73 66 63 58 46 41 35 35 30 25 23 18 15 13 13 11 8 8 7 6 5 2 1 1 1 1 1 1 1 1 
0 0 0 0 250 250 250 250 261 331 432 531 346 447 648 978 1439 1925 2393 2811 3439 4392 5694 7210 8601 9966 11588 13723 16216 18739 21070 23279 25587 28069 30483 32669 34603 36201 37526 38563 39327 39631 39714 39466 38787 37874 36664 35126 33556 31901 30047 28091 26090 24186 22172 20365 18598 16996 15484 13984 12583 11267 10172 9196 8247 7311 6496 5832 5189 4610 4085 3573 3210 2897 2565 2232 1993 1713 1521 1374 1196 1045 926 803 722 641 573 494 423 378 330 296 252 235 209 184 175 141 123 114 106 89 79 76 70 65 60 50 47 44 40 37 28 24 22 19 14 13 12 9 9 10 7 5 8 7 6 6 5 4 4 5 2 1 1 1 1 1 1 
0 0 0 0 250 250 250 250 251 315 410 488 298 371 541 870 1387 1840 2233 2670 3358 4320 5527 6782 7941 9135 10585 12536 14598 16643 18691 20751 23002 25639 28114 30235 32207 33881 35497 36852 37871 38500 38790 38695 38394 37798 36738 35667 34300 32642 30954 29216 27283 25443 23598 21671 19828 18089 16548 15045 13694 12431 11183 10094 9047 8130 7275 6500 5847 5177 4644 4132 3686 3274 2881 2590 2282 2002 1789 1561 1406 1238 1129 974 868 781 679 599 526 471 412 380 332 294 260 233 198 176 149 133 110 101 94 83 78 66 67 59 57 48 42 38 33 30 25 20 20 15 13 12 10 11 9 8 4 3 4 4 3 2 1 1 1 1 
0 0 0 0 249 249 249 249 272 372 467 572 416 521 700 982 1389 1768 2293 2886 3713 4704 5882 7099 8448 10030 11831 13942 15959 18102 20217 22556 24993 27447 29610 31526 33515 35143 36577 37709 38383 38721 38701 38478 37697 36936 35782 34466 32878 31071 29296 27417 25728 23891 22172 20244 18538 16947 15530 14115 12695 11410 10196 9320 8447 7601 6805 6068 5457 4900 4422 3895 3451 3055 2717 2418 2151 1922 1720 1542 1365 1211 1078 963 854 770 662 588 526 480 436 387 344 284 252 234 206 191 174 156 135 134 121 101 95 79 77 73 70 61 51 45 40 37 35 30 26 26 25 30 30 25 23 27 27 25 24 18 17 18 15 9 8 7 9 9 6 6 4 4 4 5 
0 0 0 0 250 250 250 250 262 329 423 506 330 462 725 1109 1559 1988 2399 2921 3783 4938 6198 7386 8590 9835 11421 13338 15315 17258 19210 21264 23521 25850 28089 30120 31881 33374 34716 36052 36849 37457 37575 37505 37051 36362 35590 34210 32993 31579 30037 28230 26454 24704 22912 21243 19512 17893 16263 14793 13438 12208 11085 10001 9009 8005 7159 6410 5788 5219 4592 4086 3633 3186 2864 2566 2272 2014 1809 1617 1448 1303 1162 1029 906 813 702 626 548 487 419 365 325 297 277 246 229 210 199 188 172 157 139 124 118 103 95 86 74 64 55 53 50 43 35 34 34 32 32 30 23 20 19 16 17 15 12 11 8 6 5 4 3 4 3 1 1 
0 0 0 0 250 250 250 250 259 325 431 512 360 448 596 826 1131 1453 1797 2253 2904 3805 4807 5789 6858 8165 9730 11664 13651 15540 17522 19754 22141 24743 27149 29282 31113 32901 34740 36284 37603 38147 38566 38687 38588 38086 37372 36261 34831 33403 31669 29814 27867 26163 24267 22432 20621 19021 17378 15895 14556 13213 11891 10712 9728 8684 7816 7024 6327 5582 4976 4418 3905 3507 3111 2783 2454 2180 1935 1753 1568 1417 1246 1062 950 865 783 683 627 557 496 466 413 364 317 287 260 215 192 165 149 129 122 115 93 91 89 82 71 59 57 55 53 49 42 34 33 29 24 18 17 15 12 12 12 11 9 6 6 7 7 7 5 5 6 6 9 7 6 6 6 6 
0 0 0 0 250 250 250 250 261 317 407 500 335 414 607 1000 1572 2120 2587 3023 3680 4689 5819 7002 8099 9299 10767 12652 14722 16667 18670 20630 22655 25007 27316 29540 31436 33036 34514 35875 36960 37437 37904 37824 37404 36876 35970 34891 33572 32268 30487 28704 27121 25447 23791 22020 20277 18545 17013 15607 14190 12853 11556 10431 9475 8608 7728 6916 6227 5596 4998 4471 3964 3480 3135 2782 2462 2149 1919 1705 1529 1368 1193 1041 884 788 731 639 573 536 485 429 394 370 328 299 263 223 198 169 156 138 123 109 95 81 82 77 69 53 55 51 46 44 37 35 34 33 29 26 26 24 22 17 13 11 7 6 5 3 2 2 1 
0 0 0 0 250 250 250 250 269 343 482 583 419 520 685 964 1346 1726 2104 2533 3072 3860 4861 6024 7273 8564 10044 11629 13563 15663 17873 20143 22411 24746 27194 29628 31855 33874 35545 36876 37980 38759 39264 39512 39261 38556 37396 36156 34726 33302 31421 29446 27493 25675 24088 22283 20452 18736 17221 15795 14427 13082 11762 10631 9696 8691 7836 6942 6153 5527 4973 4464 3951 3512 3082 2815 2488 2200 1940 1717 1530 1373 1204 1039 955 846 751 664 598 519 470 427 372 332 290 260 229 203 181 163 149 130 125 110 101 88 82 75 71 72 53 52 46 42 40 35 31 26 24 20 20 19 16 15 11 9 10 8 7 8 9 8 8 9 8 8 7 5 2 2 1 
0 0 0 0 250 250 250 250 275 346 440 540 365 428 554 744 983 1193 1452 1832 2367 3132 3906 4732 5845 7339 9001 10772 12451 14328 16492 18924 21238 23471 25573 27601 29713 31824 33620 35226 36472 37503 38264 38797 39026 38669 38073 37028 35926 34507 33052 31354 29587 27716 25781 23990 22216 20409 18699 17113 15495 14139 12766 11480 10349 9263 8273 7396 6630 5935 5275 4686 4176 3719 3341 2961 2647 2332 2116 1896 1690 1515 1339 1198 1068 946 854 744 660 592 526 479 427 378 337 311 278 245 219 182 159 136 119 111 97 89 81 75 70 72 64 50 45 38 35 35 32 24 20 21 19 18 15 12 12 12 11 9 7 4 3 3 1 
0 0 0 0 250 250 250 250 263 346 444 543 384 441 557 768 1044 1318 1682 2075 2706 3455 4451 5558 6763 8040 9473 11264 13308 15541 17744 19926 22212 24730 27291 29691 31754 33583 35185 36670 37759 38566 38872 38900 38611 38124 37392 36284 35070 33389 31686 29932 28153 26278 24358 22519 20632 19101 17439 15843 14364 12943 11701 10531 9447 8412 7586 6797 6075 5447 4935 4442 3978 3539 3157 2784 2508 2276 1993 1770 1567 1404 1237 1127 1010 851 746 654 601 536 494 431 377 350 321 297 252 235 208 183 167 145 120 112 100 93 79 73 63 57 53 44 39 30 28 23 23 24 22 18 14 14 13 14 11 8 6 6 5 3 2 1 1 1 
0 0 0 0 250 250 250 250 260 330 414 481 298 329 442 699 1064 1472 1883 2305 2781 3437 4186 4969 5855 6905 8175 9607 11258 12987 14912 16929 19062 21233 23554 25810 28086 30340 32446 34259 35735 36975 37696 38261 38536 38407 37836 37198 36173 34901 33511 32129 30325 28574 26774 24859 23155 21381 19543 17826 16241 14728 13350 12042 10759 9666 8715 7738 7004 6220 5589 4936 4402 3939 3500 3125 2770 2493 2182 1971 1772 1585 1421 1277 1133 991 894 783 714 623 558 507 456 425 391 346 294 269 256 238 217 202 178 156 138 117 103 90 75 68 58 46 43 40 40 38 33 24 24 25 22 18 13 12 11 13 13 12 10 10 11 13 12 11 8 9 9 9 8 6 6 5 
0 0 0 0 250 250 250 250 271 338 435 537 410 575 848 1158 1510 1912 2285 2753 3366 4081 4910 5886 6933 8150 9768 11609 13469 15411 17371 19457 21883 24260 26570 28532 30565 32393 34162 35671 36661 37484 37837 38180 38006 37609 36766 35716 34406 32865 31243 29487 27832 26103 24419 22638 20996 19306 17792 16226 14672 13318 12020 10878 9758 8784 7812 6985 6262 5571 4971 4419 3934 3496 3125 2783 2493 2225 1999 1795 1596 1401 1240 1121 1003 902 803 727 644 571 523 457 420 363 331 291 246 222 194 164 147 130 121 104 94 91 80 73 60 58 50 49 48 41 36 33 33 29 26 22 18 14 14 13 10 9 9 7 5 5 4 4 4 2 1 2 2 1 1 1 1 1 
0 0 0 0 249 249 249 249 267 342 450 556 380 482 684 1050 1532 1883 2149 2534 3212 4156 5299 6400 7451 8889 10539 12620 14687 16660 18668 20774 23100 25380 27603 29696 31585 33412 34997 36418 37579 38395 38768 38809 38450 37915 37028 35914 34635 33046 31497 29656 27945 25938 24178 22235 20333 18601 17043 15641 14135 12812 11484 10429 9424 8570 7708 6765 6026 5353 4760 4270 3816 3383 2992 2654 2380 2154 1888 1676 1448 1288 1120 1036 901 795 713 605 542 465 431 377 351 311 270 241 207 191 164 147 130 116 107 97 84 71 65 60 52 46 45 41 36 31 23 18 16 18 14 12 12 11 9 6 5 2 1 1 1 1 
0 0 0 0 249 249 249 249 271 376 484 575 409 563 888 1444 2065 2564 3140 3899 5015 6429 7858 9156 10506 12238 14347 16636 19005 21075 23195 25218 27349 29550 31474 32983 34259 35364 36313 37199 37787 37757 37476 36919 36095 35004 33750 32217 30484 28741 26914 25186 23313 21662 19820 18180 16595 15133 13679 12418 11278 10133 9151 8207 7361 6592 6009 5354 4834 4313 3895 3508 3165 2881 2501 2252 1989 1763 1566 1408 1249 1088 992 888 781 700 631 562 506 465 411 353 322 293 267 248 220 197 185 171 150 137 117 105 94 85 83 72 62 49 37 33 34 28 19 17 14 13 17 18 14 10 11 10 11 13 10 7 10 11 11 11 9 10 8 8 5 4 3 4 4 2 
0 0 0 0 250 250 250 250 259 325 419 499 320 397 556 817 1166 1589 2103 2679 3285 4096 5152 6417 7827 9251 10771 12536 14477 16643 18867 21114 23311 25682 27846 30135 32173 34143 35675 36944 38098 38661 39131 38990 38695 37980 37148 35954 34434 32829 31072 29344 27516 25501 23588 21595 19791 18127 16526 15058 13564 12304 11050 9939 8974 8067 7269 6474 5838 5222 4670 4156 3682 3239 2895 2612 2342 2071 1835 1609 1413 1272 1111 990 861 752 665 617 555 493 434 383 341 306 275 232 210 189 173 147 134 122 115 108 92 81 69 71 64 59 50 46 42 37 35 29 25 21 22 20 18 18 17 13 13 13 10 11 10 10 9 8 7 9 10 9 8 7 7 7 7 5 
0 0 0 0 249 249 249 249 269 346 422 501 322 385 539 777 1008 1180 1422 1849 2452 3239 4044 4897 5986 7330 8756 10369 12032 13746 15616 17621 19616 21807 24096 26353 28487 30418 32179 33755 35164 36279 37027 37384 37447 37243 36934 36275 35212 33908 32577 30961 29229 27452 25576 23777 22150 20415 18595 16990 15576 14338 13016 11792 10568 9467 8608 7756 6979 6166 5473 4928 4412 3968 3551 3199 2846 2570 2317 2046 1817 1624 1466 1297 1156 1030 948 846 759 682 586 511 460 401 333 305 280 240 214 185 163 149 141 125 108 97 86 76 69 65 57 50 43 33 30 33 34 30 29 29 25 22 19 14 9 9 5 4 5 5 5 4 3 2 2 1 
0 0 0 0 250 250 250 250 253 327 417 505 322 386 502 703 1006 1220 1427 1630 2010 2614 3452 4333 5270 6226 7496 9068 10993 12932 14694 16587 18560 20990 23337 25775 27894 29813 31904 33814 35549 36738 37608 38208 38499 38514 37981 37275 36277 35263 33999 32374 30668 28903 27117 25321 23497 21667 19770 18217 16542 14943 13684 12263 11028 9913 8986 8001 7219 6523 5835 5274 4729 4212 3774 3376 3041 2735 2406 2085 1837 1632 1415 1267 1111 968 874 780 684 613 555 505 454 404 371 329 310 262 249 215 185 172 159 144 130 121 102 95 95 84 69 65 57 47 41 38 26 26 22 17 14 11 10 8 8 8 8 8 6 6 4 3 2 1 1 1 1 
0 0 0 0 250 250 250 250 262 327 422 497 327 437 728 1196 1749 2218 2665 3313 4344 5724 7059 8423 9733 11376 13361 15639 17959 20019 22112 24116 26583 29148 31375 33187 34513 35817 37056 38204 38787 38828 38583 38007 37294 36282 34874 33319 31623 29819 27986 26240 24462 22636 20936 19241 17517 15944 14480 13028 11771 10616 9544 8530 7690 6978 6299 5662 5036 4511 4023 3642 3261 2863 2532 2248 2027 1799 1606 1448 1280 1156 1046 938 835 741 675 598 533 474 411 361 333 305 285 239 201 179 161 148 131 115 90 78 75 72 61 51 42 41 40 39 37 31 28 25 23 23 20 20 19 15 15 12 11 8 8 8 8 7 7 7 5 5 4 4 2 2 1 1 1 1 
0 0 0 0 250 250 250 250 265 332 413 487 308 466 812 1357 1817 2292 2819 3592 4739 6053 7273 8455 9930 11705 13740 15874 18024 20214 22552 25089 27588 29980 32146 34106 35833 37315 38507 39391 39747 39856 39590 38887 38107 37017 35636 33986 32201 30180 28212 26418 24415 22418 20595 18803 17302 15840 14297 12838 11537 10399 9436 8484 7556 6710 6023 5367 4828 4288 3842 3396 2985 2671 2392 2161 1939 1734 1511 1383 1261 1146 1018 914 837 753 688 597 523 448 399 347 278 241 200 180 155 141 116 98 92 86 76 64 56 49 50 47 46 37 32 29 28 25 21 14 7 8 8 11 8 7 5 5 5 4 3 
0 0 0 0 250 250 250 250 260 313 393 477 298 368 495 738 1102 1589 2040 2485 3110 3941 5025 6228 7537 8804 10292 12093 14068 16322 18363 20437 22498 24648 27148 29337 31296 32869 34474 36042 37307 38196 38471 38456 38186 37588 36871 35578 34135 32712 30982 29228 27507 25688 23760 22113 20399 18598 17101 15660 14208 12947 11656 10443 9455 8563 7661 6837 6174 5541 4987 4503 3986 3586 3212 2942 2609 2350 2080 1815 1625 1439 1304 1148 983 872 802 729 644 575 498 427 391 352 301 265 226 192 168 150 137 120 105 93 89 76 68 65 56 51 43 37 33 30 26 24 20 20 22 19 16 14 10 10 10 6 5 5 5 6 6 4 3 3 3 3 3 1 1 1 1 1 
0 0 0 0 249 249 249 249 250 317 425 525 387 496 662 893 1158 1431 1755 2270 3048 3946 4888 5954 7076 8505 10197 12024 13893 15908 18058 20393 22744 25075 27242 29431 31304 33094 34754 36215 37391 38135 38670 38625 38488 38053 37138 35859 34455 32779 31016 29206 27383 25552 23684 21958 20196 18599 17038 15482 14125 12782 11567 10380 9332 8369 7516 6817 6048 5371 4787 4268 3786 3398 3039 2692 2418 2138 1889 1704 1520 1346 1182 1052 920 817 702 615 552 488 446 387 338 302 286 252 230 199 184 160 146 125 107 94 79 68 48 42 32 27 24 21 21 23 24 22 21 21 20 18 13 10 9 11 11 9 8 9 11 11 9 8 7 8 7 5 3 2 3 2 2 1 
0 0 0 0 250 250 250 250 262 328 428 523 336 393 509 791 1233 1736 2211 2609 3161 3971 5171 6449 7764 8980 10485 12387 14567 16868 18930 20993 23241 25525 27901 30220 32182 33791 35257 36464 37432 38212 38590 38332 37976 37344 36545 35533 34024 32361 30581 28946 27159 25380 23495 21681 19915 18401 16730 15171 13806 12540 11373 10207 9137 8117 7321 6587 5869 5195 4625 4118 3687 3279 2920 2567 2313 2060 1836 1649 1467 1311 1162 1052 923 824 731 636 578 506 452 406 353 303 250 233 197 179 164 135 130 120 109 95 90 81 65 55 45 42 44 38 30 25 27 26 25 23 23 21 20 18 12 12 11 11 8 7 6 6 7 7 7 5 5 4 4 6 6 7 6 5 
0 0 0 0 250 250 250 250 256 324 424 494 311 433 739 1152 1576 1930 2268 2786 3672 4804 5930 7050 8159 9485 11226 13399 15644 17748 19726 21885 24053 26533 29004 30842 32408 34011 35477 36760 37861 38464 38330 38238 37817 37037 35962 34694 33293 31629 29986 28221 26305 24453 22685 20853 19078 17369 15796 14386 13124 11878 10727 9652 8662 7841 7082 6300 5587 4946 4473 3988 3598 3252 2927 2639 2377 2137 1881 1692 1479 1308 1144 1029 902 787 726 640 604 506 471 410 389 360 318 283 234 227 204 187 162 140 122 106 93 78 64 58 56 48 38 36 26 25 22 19 14 15 15 11 13 9 9 6 6 5 3 3 1 1 
0 0 0 0 250 250 250 250 266 344 451 520 349 465 675 937 1205 1448 1714 2232 3038 3940 4868 5839 6940 8302 10001 11621 13129 14739 16514 18654 21004 23170 25165 27189 29196 30986 32703 34206 35328 36262 36738 36894 36861 36532 35973 34950 33730 32369 30858 29425 27817 26330 24621 22858 21098 19474 18024 16541 15066 13575 12300 11173 10122 9183 8292 7431 6744 6057 5346 4768 4260 3810 3402 3063 2703 2402 2192 1964 1756 1555 1358 1209 1084 954 870 775 705 632 543 476 422 384 343 295 259 223 212 193 167 150 133 118 108 94 82 69 64 60 54 47 38 34 28 28 27 22 19 18 14 13 12 11 9 13 11 10 9 9 11 10 9 5 6 8 9 9 8 8 8 8 
0 0 0 0 249 249 249 249 264 332 411 480 282 375 586 882 1194 1446 1696 2114 2919 4018 5195 6115 7030 8184 9699 11641 13750 15542 17312 19355 21723 24229 26731 28837 30566 32187 33681 35166 36260 37187 37592 37791 37489 37157 36636 35701 34582 33186 31773 30035 28356 26479 24719 23036 21198 19450 17699 16162 14781 13450 12052 10851 9854 8898 7976 7180 6427 5781 5174 4566 4042 3618 3280 2917 2617 2343 2130 1924 1760 1558 1385 1208 1070 966 859 741 640 556 482 437 378 349 308 284 261 220 200 173 163 138 124 106 93 81 69 59 49 44 45 38 31 30 30 28 24 20 15 16 13 12 12 11 10 9 9 7 7 7 6 6 6 5 5 5 4 3 2 1 1 2 
0 0 0 0 250 250 250 250 256 346 462 565 377 473 707 1059 1569 2028 2463 3094 4034 5238 6573 7864 9154 10655 12468 14534 16634 18692 20751 23041 25363 27725 30079 32148 34019 35730 37147 38298 39034 39279 39280 38858 38148 37246 36083 34542 32953 31301 29309 27502 25662 23760 21845 20027 18312 16627 15143 13764 12366 11108 9999 9040 8117 7310 6520 5785 5208 4655 4197 3748 3335 2965 2669 2348 2091 1890 1651 1451 1306 1150 1011 888 783 671 596 531 466 414 357 328 291 260 230 199 176 170 156 130 123 96 81 77 68 58 53 45 36 33 34 29 25 20 17 12 13 12 9 9 9 8 7 7 6 6 7 7 8 8 8 8 8 8 7 6 4 3 2 2 2 1 
0 0 0 0 250 250 250 250 273 352 471 580 402 482 651 966 1475 1954 2445 2960 3801 4932 6327 7763 9116 10512 12237 14442 16732 18944 21054 23190 25414 27883 30205 32093 34002 35618 36928 37995 38771 39074 39202 38954 38260 37302 36068 34640 32922 31257 29291 27482 25593 23619 21790 19965 18354 16781 15297 13777 12378 11184 10101 9125 8229 7366 6597 5923 5343 4800 4318 3883 3452 3082 2747 2480 2231 1991 1763 1553 1370 1219 1092 961 846 763 686 617 543 489 435 382 353 301 276 255 230 206 178 157 138 132 116 102 84 75 62 58 54 46 40 36 39 35 36 33 37 36 34 32 29 26 23 21 17 14 14 12 10 9 7 6 4 4 3 4 4 4 2 3 3 3 
0 0 0 0 250 250 250 250 258 331 422 497 327 428 611 933 1291 1614 1918 2233 2822 3551 4468 5467 6579 7801 9282 11038 12908 14787 16943 19129 21423 23866 26137 28389 30406 32308 34049 35432 36593 37419 38057 38247 38200 37844 37005 36011 34728 33330 31736 30184 28541 26880 25025 23191 21366 19587 18026 16533 15018 13646 12417 11285 10344 9347 8436 7518 6726 5977 5355 4812 4281 3881 3413 3086 2765 2511 2250 2009 1798 1600 1459 1270 1111 994 883 779 681 601 544 486 436 376 330 295 265 239 210 189 169 152 139 122 107 90 72 64 53 42 37 34 33 37 31 28 28 26 24 25 23 17 20 15 15 14 13 11 12 12 11 13 12 10 10 11 8 11 8 7 7 7 
0 0 0 0 250 250 250 250 271 331 420 517 339 423 607 977 1499 1960 2339 2828 3512 4498 5585 6700 7745 8998 10489 12469 14524 16681 18917 21042 23251 25532 28000 30070 32180 33813 35296 36641 37734 38524 38723 38636 38184 37490 36620 35364 33886 32277 30597 28698 26861 25013 23076 21410 19750 18136 16541 15101 13637 12462 11238 10087 9082 8156 7333 6602 5982 5277 4804 4338 3836 3435 3145 2814 2544 2287 2008 1788 1610 1437 1314 1155 1016 901 785 703 622 552 479 416 371 324 289 251 232 206 171 162 141 125 108 97 84 71 76 63 59 61 58 56 53 50 44 40 31 26 24 19 17 17 13 10 11 11 10 8 8 6 7 8 7 5 5 5 6 6 5 4 3 4 
0 0 0 0 250 250 250 250 264 322 415 483 292 367 512 787 1161 1552 1913 2352 2942 3755 4713 5760 6927 8248 9738 11583 13585 15735 18051 20297 22568 24896 27239 29382 31443 33208 34702 36093 37207 38006 38570 38642 38267 37678 36758 35864 34441 32979 31190 29523 27857 26138 24514 22627 21026 19240 17660 16071 14659 13292 12001 10808 9739 8785 7795 7030 6275 5589 4958 4445 3901 3508 3167 2776 2468 2202 2025 1792 1643 1468 1311 1175 1072 965 830 747 642 578 507 457 415 346 317 293 266 243 210 187 170 151 140 127 112 103 99 91 83 80 68 57 50 44 39 32 29 22 23 21 21 21 20 18 17 15 12 10 8 7 5 7 6 5 4 3 2 2 4 3 3 3 
0 0 0 0 250 250 250 250 273 357 474 579 403 472 646 1056 1642 2166 2628 3264 4204 5517 7002 8451 9693 11163 13135 15318 17627 19855 21888 24105 26466 28949 31180 33093 34805 36212 37506 38224 38869 39092 38888 38492 37433 36168 34890 33485 31871 30052 28228 26209 24406 22725 20917 19302 17587 15942 14470 13187 11975 10836 9769 8738 7876 7051 6323 5683 5058 4564 4075 3638 3266 2955 2629 2350 2104 1852 1635 1444 1289 1119 973 854 757 677 602 520 458 417 365 325 288 236 213 199 173 151 138 122 104 91 72 57 45 37 32 32 29 24 22 20 17 17 14 9 9 7 7 5 6 4 5 7 5 5 5 4 4 3 2 1 1 1 1 1 
0 0 0 0 250 250 250 250 268 358 483 581 418 541 781 1163 1712 2287 2837 3438 4314 5388 6611 7978 9290 10679 12267 14143 15959 17982 19877 21786 23902 25992 28218 30222 32070 33501 34972 36101 36847 37361 37420 37335 36882 36193 35014 33848 32411 30895 29247 27298 25538 23725 22118 20226 18617 17010 15496 14235 12903 11748 10562 9603 8630 7763 6958 6232 5613 5008 4497 4047 3651 3249 2878 2569 2279 2021 1765 1573 1400 1244 1101 955 835 734 657 575 497 451 400 337 282 238 211 176 155 133 115 111 94 85 73 64 62 56 51 42 41 40 39 37 29 29 28 31 31 33 29 28 30 23 23 22 18 13 15 13 9 8 10 8 7 8 6 5 5 5 2 1 1 
0 0 0 0 250 250 250 250 267 331 399 481 292 405 595 934 1279 1667 1992 2371 3065 4034 5230 6368 7384 8544 10015 12058 14103 16013 17902 19788 22240 24692 27174 29317 31011 32857 34414 35985 36995 37725 38009 37921 37858 37292 36484 35322 33980 32511 30871 29152 27348 25514 23741 21967 20229 18622 17114 15635 14209 12873 11615 10471 9463 8473 7629 6838 6138 5488 4891 4434 3966 3567 3173 2814 2548 2272 2042 1802 1597 1407 1251 1114 973 844 747 679 612 545 485 444 399 367 326 283 268 247 220 189 169 161 151 142 117 108 94 82 77 63 51 40 40 35 31 28 23 19 19 19 15 14 13 12 12 10 8 6 5 4 4 3 3 3 2 2 1 1 1 2 1 1 
0 0 0 0 250 250 250 250 278 339 459 559 375 453 622 950 1396 1895 2327 2893 3557 4414 5441 6502 7637 8981 10617 12385 14469 16596 18733 20977 23177 25344 27534 29529 31526 33329 34724 35866 36868 37568 37711 37826 37389 36626 35715 34837 33497 32039 30517 28772 26972 25185 23551 21575 19896 18184 16684 15165 13843 12550 11277 10165 9111 8226 7414 6682 5985 5360 4774 4316 3899 3461 3067 2758 2441 2177 1993 1765 1534 1401 1263 1133 1009 882 782 694 627 551 473 419 378 359 310 285 241 207 184 160 147 124 107 89 77 59 51 39 38 29 26 20 15 15 13 14 8 7 6 5 5 4 4 4 3 3 4 3 3 4 4 3 4 3 2 2 2 1 1 1 
0 0 0 0 249 249 249 249 251 324 438 502 332 390 588 992 1499 1929 2248 2734 3531 4602 5881 7010 7979 9169 10867 12864 14953 17002 18873 20895 23084 25491 27838 30078 31988 33679 35163 36402 37463 38133 38205 37934 37551 36737 35781 34691 33282 31684 30139 28299 26525 24840 23175 21503 19793 18191 16607 15179 13734 12490 11304 10156 9180 8242 7415 6683 5972 5295 4680 4178 3773 3365 2995 2658 2382 2124 1907 1679 1474 1345 1223 1065 967 848 735 673 614 543 475 441 380 353 331 291 256 226 212 185 168 157 139 133 123 114 94 95 87 77 67 56 47 39 35 26 20 20 19 15 12 10 10 12 9 7 6 7 7 7 6 4 5 5 5 4 4 4 3 4 5 4 
0 0 0 0 250 250 250 250 265 357 451 542 366 438 666 1016 1392 1714 2064 2593 3340 4314 5367 6544 7788 9322 11075 13055 15221 17426 19685 21811 24102 26477 28819 30932 32906 34442 35944 37167 38117 38622 38792 38584 37901 37163 36159 35053 33657 31958 30144 28411 26547 24812 23011 21192 19414 17900 16379 14891 13555 12244 11027 9961 9048 8129 7278 6561 5901 5287 4748 4248 3829 3401 3058 2667 2386 2106 1865 1657 1461 1308 1179 1063 928 841 727 667 567 520 454 408 367 336 307 250 228 195 186 165 142 122 103 95 84 82 71 62 58 52 47 45 44 34 29 24 22 19 17 16 12 10 9 8 8 9 7 3 3 2 3 3 2 1 1 1 1 1 
0 0 0 0 250 250 250 250 262 333 430 532 340 407 566 838 1191 1537 1786 2074 2507 3295 4350 5461 6462 7409 8783 10603 12848 15067 17100 18891 20987 23516 26207 28671 30828 32602 34189 35782 37260 38266 38769 38768 38400 37910 37251 36484 35277 33888 32134 30414 28620 26699 24773 22860 21032 19236 17584 16060 14633 13362 12147 10899 9804 8781 7922 7077 6321 5666 5057 4512 4047 3574 3189 2844 2524 2205 1945 1717 1496 1382 1216 1073 961 873 803 741 671 594 531 499 443 396 355 322 290 262 248 218 204 189 167 142 129 112 98 83 73 58 51 44 39 41 38 37 28 27 25 25 21 17 17 13 16 14 15 14 12 11 9 8 4 4 2 1 1 1 
0 0 0 0 250 250 250 250 259 331 433 511 338 482 801 1282 1778 2261 2726 3369 4203 5346 6632 7954 9353 10746 12417 14377 16575 18770 20846 22868 24934 27232 29538 31454 33109 34466 35662 36659 37382 37734 37731 37433 36696 35711 34441 33170 31783 30285 28554 26937 25179 23466 21798 20107 18515 16905 15444 13891 12694 11545 10452 9415 8472 7622 6835 6181 5505 4918 4412 3940 3550 3147 2822 2546 2283 2058 1845 1647 1440 1299 1133 987 916 809 719 624 552 478 440 414 350 311 267 235 217 199 181 167 144 124 112 107 92 90 68 54 49 45 43 41 36 29 31 24 25 24 20 20 18 17 12 14 13 12 11 10 8 6 6 3 2 2 2 2 2 2 1 1 1 1 
0 0 0 0 249 249 249 249 265 330 432 545 370 458 639 1005 1512 2027 2439 2921 3715 4751 5985 7315 8583 9922 11698 13739 15962 18160 20399 22524 24650 26988 29336 31370 33061 34542 35769 36845 37710 38376 38399 38183 37728 36940 35863 34557 33235 31500 29785 27944 26058 24196 22379 20656 18916 17259 15690 14289 12915 11737 10639 9572 8588 7699 6915 6239 5582 4987 4503 4008 3572 3204 2852 2528 2296 2013 1765 1583 1380 1241 1108 998 843 746 653 572 511 444 387 356 325 288 253 219 195 161 145 120 105 95 85 73 57 51 44 42 42 37 36 34 29 30 28 22 19 16 17 18 15 16 13 12 11 11 7 5 6 3 3 2 2 1 1 1 1 1 1 1 1 1 
0 0 0 0 250 250 250 250 261 344 447 537 371 438 603 938 1396 1876 2334 2903 3649 4651 5824 7007 8206 9691 11263 13099 15145 17269 19404 21640 23831 26037 28396 30634 32643 34238 35541 36732 37642 38193 38237 37948 37434 36805 36105 34731 33278 31540 29933 28333 26476 24657 22702 21085 19417 17774 16142 14508 13164 11902 10740 9675 8654 7817 7073 6335 5694 5090 4558 4046 3669 3261 2885 2586 2301 2024 1802 1664 1475 1314 1163 1045 943 837 743 645 552 496 469 407 367 334 286 256 245 217 182 153 131 124 116 101 89 76 69 59 56 44 37 32 31 29 24 26 20 17 14 14 10 9 7 3 3 3 3 2 1 1 1 1 
0 0 0 0 250 250 250 250 261 330 426 512 353 498 789 1322 1869 2453 3039 3886 5035 6482 7982 9360 10705 12269 14224 16445 18800 21030 23230 25443 27811 30234 32602 34395 35797 36971 37979 38725 39107 39119 38634 38120 37342 36292 34874 33346 31668 29866 27921 25955 23961 21975 20229 18409 16770 15265 13834 12504 11267 10194 9128 8144 7331 6494 5790 5192 4627 4100 3680 3310 2906 2645 2336 2053 1812 1578 1383 1235 1118 981 884 783 703 631 558 503 432 392 356 323 279 244 227 190 174 152 133 120 105 90 78 68 55 45 37 28 24 19 11 8 7 6 6 6 3 2 1 1 1 1 1 
0 0 0 0 250 250 250 250 256 332 449 545 374 492 801 1387 2062 2715 3227 3826 4810 6199 7795 9149 10406 11813 13619 15844 18262 20528 22567 24590 26763 29081 31332 33257 34779 36095 37183 38007 38687 38861 38624 38108 37128 35889 34590 33232 31597 29816 27821 25786 24054 22233 20528 18674 16997 15436 13980 12768 11480 10308 9227 8325 7425 6635 6020 5312 4747 4254 3763 3341 2973 2654 2325 2086 1857 1663 1493 1352 1223 1101 977 878 789 721 620 537 458 406 362 327 287 244 226 200 182 165 145 131 131 121 112 97 92 78 76 71 60 51 45 42 36 35 33 31 29 23 18 16 18 15 12 14 12 11 12 11 10 10 11 8 6 6 4 4 3 3 2 
0 0 0 0 249 249 249 249 271 340 434 512 316 407 574 952 1394 1913 2372 2913 3689 4907 6401 7814 9160 10584 12427 14788 17245 19491 21472 23505 25998 28540 30847 32971 34659 36128 37534 38754 39486 39712 39744 39123 38474 37542 36373 34784 32996 31186 29294 27439 25490 23547 21541 19780 18181 16632 15114 13690 12233 11012 9942 8957 7972 7085 6286 5596 5058 4535 4025 3588 3177 2833 2549 2257 1990 1799 1606 1429 1259 1109 966 867 783 665 604 518 471 434 390 342 300 273 243 214 192 171 141 120 93 85 73 70 59 47 42 39 37 29 25 23 24 20 17 13 11 12 13 10 7 6 6 6 5 3 3 2 2 2 2 1 1 2 1 2 2 2 2 3 3 2 
0 0 0 0 250 250 250 250 258 327 417 505 306 362 507 816 1236 1641 1954 2338 2969 3951 5177 6388 7630 8951 10626 12520 14689 16757 18829 21026 23217 25466 27786 30035 32007 33777 35153 36371 37177 37987 38254 38068 37704 37129 36140 34948 33716 32174 30712 29204 27372 25410 23668 21916 20169 18470 16723 15163 13795 12538 11396 10295 9258 8356 7548 6736 6051 5390 4849 4336 3868 3404 3048 2716 2442 2215 1943 1703 1520 1364 1229 1124 995 871 766 701 626 556 479 413 354 324 293 248 224 204 186 166 152 127 109 99 88 76 67 52 45 40 32 27 25 24 22 23 21 20 17 14 12 12 10 8 7 4 3 3 3 2 1 1 
0 0 0 0 250 250 250 250 264 337 438 539 375 453 637 966 1398 1794 2161 2589 3197 4062 5041 6068 7038 8344 9934 11759 13764 15748 17740 20009 22550 24865 27319 29544 31644 33702 35610 36966 37913 38695 39106 39124 38710 38016 36947 35799 34517 32989 31215 29497 27866 25884 24045 22232 20350 18653 17112 15505 13987 12741 11541 10439 9401 8484 7625 6818 6187 5518 4904 4410 3960 3510 3061 2713 2388 2142 1915 1680 1473 1306 1196 1062 909 800 683 610 540 498 440 390 334 277 257 230 210 186 159 138 133 131 119 101 89 78 70 69 58 46 37 30 22 19 19 14 13 10 8 9 10 7 5 2 2 2 2 1 
0 0 0 0 250 250 250 250 263 332 436 520 334 379 526 785 1139 1501 1782 2122 2730 3719 4872 6073 7147 8299 9725 11638 13817 15867 17867 19868 22058 24690 27246 29413 31175 32807 34332 35795 36994 37638 38014 38182 38165 37707 37025 35932 34688 33229 31649 29942 28165 26376 24516 22700 20891 19214 17498 15991 14509 13141 11909 10707 9694 8695 7834 7003 6280 5618 5063 4540 4034 3581 3206 2875 2556 2254 1966 1738 1575 1429 1276 1155 1008 909 823 755 681 610 531 472 427 399 352 320 280 241 219 179 166 151 137 115 102 89 80 74 65 61 58 51 45 41 37 34 30 27 21 20 18 17 16 15 16 16 13 17 17 18 18 15 12 12 12 8 9 4 3 3 3 3 
0 0 0 0 250 250 250 250 263 331 456 547 376 477 694 1150 1642 2129 2560 3210 4224 5589 7058 8505 9906 11585 13557 15928 18221 20379 22596 24730 27174 29529 31766 33617 35292 36579 37731 38616 39108 39168 38887 38307 37460 36495 35170 33646 31908 30199 28286 26483 24564 22634 20864 19104 17494 15940 14576 13144 11888 10840 9786 8757 7804 6999 6247 5605 4999 4387 3818 3419 3062 2662 2334 2047 1801 1610 1475 1302 1145 1026 942 845 742 660 581 517 476 438 376 340 311 288 254 216 190 150 138 130 113 99 75 62 62 56 50 43 42 31 29 28 23 20 22 21 16 16 13 12 9 7 3 4 4 2 2 2 3 3 3 1 1 1 1 1 
0 0 0 0 250 250 250 250 263 329 410 486 297 373 545 855 1214 1570 1881 2299 2934 3745 4692 5531 6403 7367 8754 10445 12193 14016 15697 17600 19649 22003 24246 26293 28241 29977 31736 33422 34825 36006 36692 37080 37202 37109 36608 35841 34950 33449 32077 30522 28972 27254 25604 23825 22103 20523 18883 17368 15824 14397 13051 11843 10626 9586 8656 7822 6974 6246 5559 5027 4563 4124 3729 3265 2969 2714 2457 2182 1928 1683 1480 1343 1202 1041 933 827 725 643 593 525 458 407 365 334 313 290 239 212 206 190 168 149 121 103 100 94 82 70 64 57 51 45 38 36 25 24 22 20 16 16 14 11 10 7 5 3 4 2 2 2 2 3 3 3 3 3 2 2 2 1 
0 0 0 0 250 250 250 250 250 312 426 486 313 368 499 734 1028 1359 1602 1952 2443 3161 4005 4958 5931 6878 8162 9652 11486 13378 15385 17402 19362 21652 24001 26326 28496 30337 31915 33444 34970 36297 37072 37598 37667 37645 37344 36755 35844 34712 33386 31769 30114 28194 26452 24585 22880 20920 19169 17593 15958 14628 13287 12024 10726 9657 8714 7826 7090 6397 5674 5048 4616 4166 3708 3324 2969 2618 2356 2119 1843 1616 1441 1293 1159 1062 927 824 733 687 624 551 492 419 377 342 316 270 245 223 202 178 155 139 126 112 101 89 80 75 69 63 46 40 34 30 22 20 16 12 10 4 3 4 4 3 3 2 1 1 1 
0 0 0 0 250 250 250 250 256 317 399 476 304 400 548 782 1088 1453 1927 2484 3324 4448 5693 6995 8413 9969 11786 13924 16229 18533 20770 23113 25469 27907 30325 32467 34399 36036 37374 38392 39277 39660 39708 39254 38512 37434 36334 35002 33402 31802 29878 27883 25827 23877 21898 20141 18323 16531 14995 13663 12438 11236 10158 9116 8194 7388 6596 5910 5300 4737 4223 3807 3397 3078 2724 2427 2166 1927 1738 1545 1363 1183 1075 941 857 757 673 592 532 470 415 370 319 285 254 223 198 180 158 142 132 119 109 99 88 75 72 65 57 55 51 50 44 42 39 35 33 27 26 19 20 20 16 14 11 8 6 7 6 5 3 3 3 3 5 4 2 2 2 2 2 2 
0 0 0 0 250 250 250 250 276 372 454 549 377 476 676 980 1319 1625 2006 2484 3244 4242 5431 6758 8223 9837 11640 13553 15667 17985 20336 22703 24914 27211 29265 31346 33177 34681 35931 36802 37497 37954 38099 38099 37564 36796 35693 34506 33241 31728 30055 28172 26399 24518 22931 21158 19446 17807 16247 14880 13490 12262 11011 9882 8900 8030 7310 6627 5991 5303 4753 4295 3867 3447 3065 2681 2352 2106 1884 1671 1502 1348 1211 1077 981 878 792 703 598 524 452 422 354 316 276 250 223 199 173 145 135 116 101 94 76 63 55 51 46 47 39 34 33 31 30 21 17 13 14 12 11 10 9 8 7 6 4 4 3 2 1 
0 0 0 0 250 250 250 250 243 318 419 518 348 414 557 801 1115 1460 1740 2067 2564 3172 3921 4707 5506 6420 7600 8886 10368 12007 13625 15347 17241 19193 21330 23733 25843 27924 29801 31808 33661 35040 36098 36655 37057 37217 37275 36733 35900 34896 33800 32560 31003 29360 27625 25864 24014 22317 20504 18820 17338 15963 14466 13187 11964 10888 9865 8860 8009 7092 6330 5676 5078 4516 4056 3632 3170 2829 2532 2240 2013 1794 1567 1398 1276 1136 1015 892 796 713 660 583 515 443 391 340 304 258 238 197 167 148 124 109 92 79 57 56 49 41 38 30 29 31 30 29 25 23 17 18 15 12 11 9 10 8 8 7 7 7 5 4 3 3 3 2 2 3 2 2 1 1 
0 0 0 0 250 250 250 250 258 330 437 533 348 444 658 1002 1420 1837 2153 2575 3281 4255 5307 6266 7239 8447 10026 11985 13824 15564 17332 19358 21630 23893 26104 27972 29828 31667 33347 34824 35896 36548 36831 37001 36982 36476 35814 34754 33403 32030 30637 28943 27136 25459 23686 21900 20186 18525 16944 15565 14283 12942 11738 10627 9749 8879 7989 7184 6413 5767 5162 4610 4074 3627 3282 2972 2657 2349 2092 1842 1653 1479 1311 1148 1017 901 799 723 652 578 516 447 414 386 342 312 264 252 216 192 159 123 113 96 89 70 61 53 50 48 46 40 31 31 28 27 24 23 17 17 16 13 14 12 11 9 9 8 7 6 3 2 1 
0 0 0 0 250 250 250 250 272 338 405 495 338 518 807 1150 1518 1905 2294 2773 3504 4385 5343 6343 7396 8654 10180 11893 13623 15417 17340 19362 21591 23824 26028 28073 30112 31786 33376 34803 35855 36552 37010 37192 37008 36602 35804 34780 33523 32205 30618 29040 27321 25601 23795 22055 20461 18796 17346 15759 14350 13065 11872 10801 9743 8866 7989 7216 6528 5853 5302 4759 4244 3798 3396 2995 2640 2391 2134 1920 1735 1534 1358 1232 1107 999 910 796 709 645 580 503 447 402 351 321 293 257 233 219 192 166 149 133 114 97 93 78 68 64 55 54 44 44 31 29 27 20 19 14 14 10 9 7 6 9 6 5 5 4 4 5 5 2 3 4 3 3 3 2 3 3 
0 0 0 0 250 250 250 250 260 321 404 494 313 364 518 844 1337 1806 2252 2666 3291 4174 5344 6581 7812 9092 10454 12314 14376 16673 18891 21071 23199 25460 27919 30105 32055 33739 35157 36428 37560 38302 38669 38689 38406 37799 36863 35614 34191 32706 30997 29277 27418 25522 23859 22039 20302 18610 16982 15434 14014 12671 11356 10286 9245 8231 7379 6611 5925 5348 4788 4239 3734 3376 3000 2656 2350 2069 1805 1628 1475 1310 1164 1045 932 822 748 648 601 530 476 420 385 346 316 277 236 217 200 174 160 152 131 117 102 94 90 92 84 71 58 56 49 45 35 29 24 25 26 23 25 18 15 15 15 13 11 9 4 4 5 5 4 3 3 3 2 3 2 1 1 1 
0 0 0 0 250 250 250 250 272 355 438 542 373 463 657 1027 1562 2183 2789 3351 4088 5060 6377 7771 9264 10594 12116 13846 15903 18115 20083 22068 23978 26221 28416 30628 32641 33986 35314 36525 37330 37808 37973 37773 37204 36505 35549 34188 32533 31024 29239 27407 25696 23861 22137 20393 18901 17295 15771 14463 13084 11888 10708 9648 8572 7652 6955 6206 5533 4987 4457 3947 3548 3163 2785 2461 2184 1906 1719 1554 1391 1231 1087 964 864 794 694 633 552 503 452 391 357 309 271 230 218 193 161 142 113 100 95 85 74 62 62 63 55 55 49 44 37 40 35 27 30 24 23 21 24 19 17 18 14 13 11 10 8 9 10 8 6 5 5 4 3 2 1 1 1 
0 0 0 0 250 250 250 250 270 355 468 561 384 485 646 904 1175 1453 1741 2233 3003 3972 5112 6222 7343 8535 10079 11919 13868 16029 17929 19896 21981 24497 26962 29318 31260 32826 34182 35623 36895 37713 38059 37774 37591 36836 36173 35170 33955 32374 30832 29185 27263 25598 23896 22081 20293 18614 16974 15405 13973 12622 11325 10248 9231 8330 7428 6640 5992 5385 4863 4342 3890 3436 3079 2775 2450 2186 1897 1684 1490 1368 1197 1048 927 800 724 667 593 508 458 417 372 349 304 255 229 199 180 153 136 119 105 94 78 77 73 68 53 49 45 44 48 39 34 29 28 24 23 20 16 12 8 4 3 3 1 1 1 1 
0 0 0 0 248 248 248 248 263 333 426 543 370 467 726 1207 1817 2407 2842 3363 4191 5316 6567 7771 8937 10264 12165 14335 16604 18836 21051 23200 25594 27944 30125 32210 33927 35600 36910 38068 38638 39107 38995 38700 38099 37098 35838 34373 32940 31172 29482 27555 25756 23886 22111 20284 18570 16938 15439 14019 12656 11357 10210 9229 8277 7469 6663 5942 5324 4810 4294 3822 3434 3018 2733 2455 2163 1944 1750 1570 1410 1261 1108 963 873 770 686 602 541 476 426 393 348 306 277 245 226 210 202 182 156 137 121 115 112 100 80 71 66 63 58 52 41 29 28 25 21 21 15 14 12 10 9 7 7 7 6 4 4 4 5 8 7 6 6 6 6 6 6 2 2 2 
0 0 0 0 250 250 250 250 266 332 432 535 373 454 597 880 1278 1679 2118 2599 3343 4422 5758 7125 8377 9714 11131 12993 15235 17475 19583 21512 23648 25958 28377 30573 32341 33924 35357 36504 37552 38158 38473 38223 37686 36945 35880 34874 33438 31835 30073 28541 26870 25010 23263 21396 19648 17992 16390 14879 13467 12144 10954 9850 8873 7987 7157 6354 5658 5113 4586 4111 3618 3159 2829 2522 2252 1957 1731 1518 1356 1227 1067 940 826 732 638 564 482 434 387 341 302 261 221 189 177 151 136 126 108 100 89 83 86 77 69 61 61 54 47 39 25 29 28 25 21 20 18 21 19 14 13 13 14 12 14 12 11 13 12 12 10 10 9 7 7 5 5 4 3 2 
0 0 0 0 250 250 250 250 258 322 423 528 362 427 548 816 1209 1601 2068 2551 3227 4095 5085 6156 7232 8523 9994 11794 13717 15691 17541 19615 21775 24048 26425 28624 30356 32177 33913 35522 36928 37844 38187 38115 38052 37473 36764 35529 34092 32473 30977 29336 27586 25810 23989 22277 20635 19044 17485 16018 14588 13261 12044 10878 9709 8799 7902 7082 6394 5757 5127 4664 4213 3719 3329 2979 2652 2345 2097 1861 1675 1503 1319 1178 1055 926 823 712 628 554 489 438 387 354 314 275 239 205 182 156 135 119 103 95 83 74 64 53 48 44 37 33 26 21 20 19 14 9 9 7 9 9 7 7 5 6 6 6 4 4 4 3 3 2 1 1 
0 0 0 0 250 250 250 250 261 325 409 498 300 350 480 711 1135 1609 1988 2400 2996 3866 4975 6318 7626 8948 10519 12392 14491 16719 18911 21150 23323 25528 27942 30219 32354 34129 35756 36896 37869 38688 38962 38938 38544 37746 36706 35589 34169 32630 30950 29180 27226 25465 23638 21784 20095 18425 16831 15276 13939 12590 11383 10234 9150 8234 7397 6686 5984 5353 4770 4301 3903 3486 3098 2722 2427 2132 1907 1681 1478 1315 1164 1044 924 858 769 677 577 510 474 422 379 313 279 257 242 226 190 164 144 131 108 96 85 68 65 59 51 42 37 33 29 23 19 16 13 10 9 7 5 4 4 4 3 1 1 
0 0 0 0 250 250 250 250 262 312 416 516 337 392 496 762 1149 1628 2040 2396 2944 3766 4835 6005 7150 8284 9611 11363 13516 15645 17724 19774 21957 24343 26796 29266 31240 32946 34523 35948 37115 37907 38343 38274 38065 37600 36855 35741 34457 32993 31486 29800 27949 26138 24264 22419 20675 18982 17321 15818 14387 13070 11739 10684 9625 8724 7790 6991 6240 5595 5130 4590 4111 3637 3242 2873 2560 2288 2028 1772 1578 1403 1274 1142 1014 898 774 709 636 569 517 475 413 375 348 306 282 255 220 200 188 162 147 129 107 106 92 78 72 53 49 44 39 38 40 39 33 32 28 26 24 16 14 11 10 7 6 7 7 7 3 2 1 1 1 
0 0 0 0 250 250 250 250 275 344 465 568 395 500 710 1056 1465 1918 2332 2933 3785 4878 6187 7382 8617 9973 11734 13671 15973 18156 20125 22341 24539 26955 29293 31325 32864 34355 35685 36734 37660 38037 37855 37549 36968 36041 35105 33991 32353 30832 29297 27602 25918 24154 22276 20514 19063 17522 16012 14504 13136 11923 10808 9689 8659 7825 7046 6371 5746 5108 4557 4101 3666 3278 2878 2522 2214 1966 1782 1571 1396 1217 1100 999 917 815 704 650 594 531 463 399 348 313 284 239 202 175 154 145 126 115 98 92 80 75 70 61 58 47 39 34 30 25 18 13 8 8 8 6 3 1 1 1 
0 0 0 0 250 250 250 250 269 365 462 552 402 515 732 1083 1560 1962 2475 3084 3832 4781 5838 6971 8127 9520 11124 12948 15076 17188 19395 21504 23732 26068 28214 30451 32143 33681 35030 36191 37044 37589 37879 37612 37247 36494 35573 34506 33241 31731 30125 28347 26588 24943 23107 21326 19653 17969 16341 14878 13509 12213 11103 10058 9042 8121 7298 6578 5857 5215 4670 4150 3686 3304 2952 2606 2312 2051 1830 1642 1472 1287 1120 1017 911 807 699 626 556 501 466 404 350 312 280 240 204 179 150 136 119 104 96 92 84 69 62 49 46 42 34 30 28 25 19 22 21 21 23 20 18 16 15 12 9 8 5 5 4 4 3 3 4 4 3 1 1 1 1 1 
0 0 0 0 250 250 250 250 276 358 463 548 384 469 595 794 1099 1395 1723 2061 2556 3192 4044 4969 5903 7093 8425 10006 11770 13745 15641 17961 20299 22680 25075 27403 29673 31795 33794 35427 36651 37648 38345 38699 38798 38411 37732 36600 35541 34069 32577 31029 29287 27452 25634 23885 22129 20526 18733 17042 15496 14122 12868 11670 10381 9267 8392 7534 6787 6041 5383 4836 4367 3929 3530 3125 2782 2529 2275 2033 1815 1634 1436 1300 1181 1032 922 828 776 677 618 551 493 460 411 364 300 280 256 239 219 200 180 160 148 126 111 101 85 75 64 56 44 37 33 23 21 19 15 14 15 14 11 9 10 9 11 11 8 6 5 7 9 10 8 5 6 6 7 5 3 2 
0 0 0 0 250 250 250 250 272 341 429 519 351 491 744 1028 1342 1711 2106 2554 3261 4097 4994 6022 7117 8407 10065 11793 13591 15395 17330 19399 21667 23980 26149 28216 30104 32015 33752 35255 36407 37144 37451 37556 37459 37101 36376 35356 34170 32870 31535 29965 28257 26415 24667 22924 21200 19495 17762 16261 14857 13453 12121 10973 9944 8929 8038 7212 6448 5771 5175 4595 4110 3682 3264 2922 2572 2311 2076 1848 1639 1451 1295 1147 1021 879 796 693 623 565 514 447 400 347 303 278 246 226 198 178 161 147 131 123 111 95 84 78 72 73 64 59 51 49 47 46 38 31 23 18 21 18 15 11 9 8 8 8 6 6 5 5 4 4 5 5 4 3 3 3 3 3 
0 0 0 0 250 250 250 250 257 328 421 503 326 398 498 693 1025 1424 1838 2305 2884 3571 4446 5421 6554 7702 9119 10712 12419 14390 16376 18649 20762 23097 25350 27613 29967 32044 33906 35406 36712 37783 38352 38643 38511 38048 37231 36263 35053 33560 32186 30482 28720 26922 25177 23357 21644 19900 18177 16634 15162 13766 12518 11321 10149 9178 8269 7335 6596 5903 5287 4790 4228 3743 3297 2981 2673 2391 2065 1804 1616 1435 1251 1089 938 837 754 664 609 536 494 435 398 333 314 283 255 230 199 178 152 140 127 112 102 84 74 72 61 54 50 50 44 41 37 30 29 26 21 14 14 12 16 17 16 17 17 17 15 17 13 11 10 7 7 5 5 3 3 2 2 3 
0 0 0 0 250 250 250 250 256 320 405 485 303 377 503 749 1126 1490 1795 2201 2787 3582 4554 5539 6638 7950 9618 11462 13202 15155 17346 19681 22142 24528 26707 28808 31080 33181 34971 36528 37561 38339 38740 38884 38777 38183 37260 36012 34739 33274 31676 29924 27981 26193 24243 22464 20657 18882 17331 15888 14486 13100 11898 10687 9641 8706 7751 6873 6154 5468 4928 4434 3928 3507 3156 2845 2528 2274 2013 1809 1608 1437 1305 1139 1003 890 798 699 634 559 487 448 393 356 314 277 253 215 198 170 149 134 128 118 104 90 74 64 64 56 48 40 36 28 24 23 19 13 11 13 10 11 10 6 6 7 6 4 3 2 4 5 4 3 4 5 5 6 4 3 3 3 
0 0 0 0 250 250 250 250 262 334 423 521 330 406 552 871 1252 1667 2058 2571 3294 4202 5401 6705 8026 9329 11004 12949 15176 17461 19620 21666 23999 26572 29044 31380 33208 34922 36444 37707 38811 39285 39454 39197 38654 37811 36715 35587 33999 32413 30687 28678 26777 24926 23136 21237 19337 17619 15976 14593 13279 11988 10722 9619 8693 7811 6960 6172 5484 4869 4350 3883 3434 3052 2695 2416 2179 1963 1721 1530 1397 1213 1107 977 855 733 665 583 510 460 417 376 325 284 248 227 206 190 157 133 122 115 101 93 74 59 49 53 51 51 49 39 38 40 40 30 26 18 15 15 15 9 4 4 3 3 3 2 
0 0 0 0 250 250 250 250 270 342 429 537 362 451 553 758 978 1251 1515 1904 2392 3002 3774 4767 5791 6893 8249 9820 11782 13786 15855 17962 20296 22791 25470 27898 29964 31996 33819 35498 36840 37978 38470 38791 38849 38575 37871 36870 35832 34252 32660 31080 29295 27463 25769 23937 22040 20300 18702 17034 15501 14081 12794 11598 10424 9439 8427 7594 6796 6089 5442 4881 4373 3870 3431 3041 2737 2440 2163 1905 1704 1521 1384 1224 1065 940 853 768 680 611 535 476 423 378 351 317 276 254 236 215 204 172 152 138 132 117 103 93 82 77 70 69 61 58 51 51 46 45 46 37 32 28 26 24 23 20 15 14 12 12 11 7 4 4 4 3 3 2 1 1 1 1 
0 0 0 0 250 250 250 250 253 332 447 538 369 440 581 874 1259 1697 2040 2448 2992 3805 4879 6130 7348 8438 9627 11082 12909 15051 17246 19265 21158 23347 25699 28116 30454 32287 33899 35060 36312 37163 37872 38117 37756 37027 36064 35230 34118 32865 31205 29528 27856 26285 24540 22702 20871 19103 17636 16060 14649 13255 12084 10893 9879 8987 8021 7323 6528 5860 5213 4704 4249 3773 3358 2950 2669 2371 2137 1877 1661 1501 1332 1189 1044 917 808 745 649 560 492 410 356 317 287 247 209 191 176 157 144 132 109 100 92 79 64 56 48 37 30 26 30 25 23 21 20 16 18 18 14 14 11 9 8 7 5 3 1 1 1 1 
0 0 0 0 250 250 250 250 262 335 424 498 315 406 677 1028 1412 1745 2074 2504 3094 3802 4542 5413 6414 7635 9143 10798 12644 14598 16678 18860 21261 23632 25889 27965 29939 32067 33946 35453 36483 37244 37773 38265 38208 37782 36901 35900 34769 33515 32146 30469 28819 26950 25155 23322 21542 19774 18137 16591 15110 13704 12388 11250 10150 9189 8210 7371 6634 5964 5353 4816 4295 3809 3398 2992 2630 2340 2076 1842 1643 1469 1291 1145 1047 923 832 732 644 572 505 479 423 370 328 290 251 226 196 161 138 129 106 90 81 69 66 62 57 53 50 49 46 41 37 34 31 26 21 20 17 16 13 13 13 13 13 11 10 10 11 10 8 6 4 5 5 6 4 3 4 4 
0 0 0 0 250 250 250 250 257 326 444 536 382 466 641 942 1364 1787 2151 2666 3314 4193 5316 6589 7899 9323 10895 12731 14833 17125 19431 21633 23841 26240 28770 31101 33328 35109 36631 37861 39014 39883 40082 39915 39360 38445 37317 35994 34432 32596 30860 29139 27081 25192 23285 21457 19627 17934 16266 14660 13299 12017 10791 9681 8661 7719 6915 6167 5501 4861 4328 3809 3393 3041 2693 2397 2152 1945 1727 1552 1360 1195 1063 935 825 730 670 602 543 459 401 361 324 297 267 233 201 187 177 171 154 131 109 98 88 79 68 56 55 56 53 47 42 37 32 25 21 19 17 16 16 15 16 14 15 11 12 13 11 12 10 9 8 8 8 7 6 5 4 3 3 3 
0 0 0 0 250 250 250 250 254 329 431 534 362 440 595 842 1149 1461 1752 2165 2713 3455 4316 5203 6146 7228 8582 10151 11850 13543 15268 17265 19344 21678 24055 26124 28285 30251 32192 33863 35229 36295 36970 37526 37675 37369 36946 36019 34960 33809 32300 30685 29053 27378 25545 23974 22235 20448 18902 17314 15809 14500 13217 11968 10868 9815 8852 8034 7225 6470 5840 5289 4771 4258 3832 3377 3070 2792 2487 2232 1959 1761 1551 1406 1222 1079 938 810 736 635 568 481 428 381 340 311 269 242 206 193 171 148 140 128 114 101 89 78 78 79 73 68 67 65 65 59 60 53 47 44 39 37 32 28 20 16 14 9 7 8 8 7 6 4 4 4 4 3 2 1 1 3 
0 0 0 0 249 249 249 249 255 334 440 534 366 440 568 813 1205 1662 2145 2618 3276 4193 5276 6469 7681 8842 10240 11991 13912 15864 17746 19766 21791 24134 26488 28674 30596 32448 34136 35721 37078 37773 38154 38340 38373 37970 37144 36005 34644 33445 32006 30136 28154 26197 24407 22548 20776 18943 17228 15740 14288 12955 11665 10580 9564 8585 7726 6880 6173 5496 4930 4404 3937 3558 3185 2867 2541 2285 2057 1833 1642 1445 1271 1117 1015 891 788 708 652 592 522 478 409 355 317 272 232 204 182 154 134 119 100 89 80 67 55 44 33 28 26 25 15 12 11 11 11 10 10 10 9 9 6 5 5 4 4 2 1 1 1 1 1 1 2 1 1 1 
0 0 0 0 249 249 249 249 254 317 406 476 289 344 437 606 817 1143 1557 2084 2678 3285 4024 4987 6194 7518 8932 10405 12043 13952 16100 18370 20463 22608 24887 27114 29321 31339 33085 34569 35873 36900 37538 37755 37711 37389 36872 35930 34838 33460 32109 30635 29026 27378 25505 23863 22157 20515 18836 17274 15749 14335 13014 11701 10548 9474 8447 7551 6777 6047 5512 4886 4368 3913 3483 3165 2869 2579 2285 2079 1870 1647 1487 1307 1157 1016 905 795 715 655 572 503 446 407 373 341 309 275 256 234 202 184 165 143 129 115 102 92 84 70 58 48 38 32 30 30 29 28 27 24 22 20 15 13 12 9 6 6 5 5 4 3 3 2 2 2 2 2 2 2 1 1 
0 0 0 0 250 250 250 250 263 333 437 528 348 407 513 758 1120 1539 1974 2436 3082 3914 4957 6088 7278 8618 10078 11882 13957 16054 18146 20318 22619 24882 27197 29618 31705 33575 35406 36738 37837 38677 39310 39172 38956 38407 37427 36274 34739 33121 31320 29634 27722 25955 24170 22367 20756 19111 17474 15873 14375 13026 11766 10743 9669 8723 7827 7064 6379 5693 5073 4513 4052 3627 3209 2863 2553 2241 2021 1792 1562 1365 1206 1062 939 847 736 622 538 475 429 365 326 275 233 212 190 164 141 121 99 89 78 73 67 58 52 50 48 44 37 31 27 25 21 22 18 15 14 12 11 11 11 7 6 4 4 7 6 4 3 3 3 3 3 
0 0 0 0 250 250 250 250 261 333 449 543 390 496 714 1157 1754 2356 2777 3391 4310 5554 7152 8607 9817 11127 12820 14777 16957 19060 20970 22861 24987 27335 29567 31589 33050 34420 35507 36524 37322 37646 37544 37112 36586 35725 34602 33359 31826 30164 28499 26767 24988 23237 21561 19840 18206 16592 15107 13751 12457 11308 10228 9210 8270 7376 6641 5912 5308 4732 4159 3711 3326 3013 2643 2345 2093 1848 1689 1506 1317 1153 1030 935 826 738 638 559 492 441 397 332 272 232 204 178 156 141 125 115 101 88 79 75 64 54 44 34 30 27 20 14 14 8 7 6 3 5 4 4 4 3 3 4 4 3 4 5 4 4 4 3 4 3 4 4 4 4 4 4 3 3 
0 0 0 0 250 250 250 250 252 317 392 487 330 431 619 937 1266 1581 1907 2253 2865 3714 4661 5626 6550 7680 9225 11148 13045 14823 16576 18546 20895 23371 25777 27817 29743 31742 33537 35194 36515 37255 37698 37771 37685 37222 36569 35526 34245 32913 31263 29687 28000 26295 24542 22774 20927 19239 17593 16052 14566 13162 11951 10769 9737 8786 7936 7116 6429 5747 5116 4597 4096 3617 3244 2865 2524 2283 1991 1747 1570 1417 1261 1166 1025 871 783 725 631 563 494 422 384 344 302 266 241 211 191 170 156 141 123 111 102 89 82 72 62 50 46 39 32 30 26 23 19 17 13 11 10 9 8 6 5 6 6 8 6 5 5 5 5 4 3 1 1 1 
0 0 0 0 249 249 249 249 260 310 410 483 311 366 477 690 954 1247 1557 1924 2412 3088 3928 4831 5754 6693 7901 9379 10953 12605 14279 16097 18119 20363 22718 24758 26725 28628 30398 31965 33468 34673 35482 36187 36583 36688 36421 35939 35100 33968 32702 31360 29829 28301 26691 24863 23235 21715 20067 18546 17062 15521 14128 12944 11735 10594 9595 8629 7795 7109 6456 5813 5189 4581 4165 3745 3340 2990 2649 2320 2111 1918 1700 1550 1364 1188 1081 993 894 789 690 582 512 473 407 370 330 296 261 243 222 199 174 146 127 119 101 88 76 66 58 52 44 32 34 27 25 18 20 15 15 14 8 6 8 6 3 3 2 2 2 2 
0 0 0 0 250 250 250 250 252 306 393 469 301 367 472 675 985 1352 1753 2156 2580 3130 3885 4839 5948 7091 8277 9624 11269 13185 15182 17195 19127 21134 23401 25691 27849 29982 31878 33498 34879 36223 37172 37766 38189 37916 37245 36553 35805 34505 33027 31392 29606 27899 26250 24443 22511 20840 19244 17649 16170 14694 13334 12041 10942 9907 8889 8109 7291 6576 5889 5312 4771 4235 3801 3369 2989 2628 2339 2054 1784 1596 1449 1285 1124 994 873 770 687 617 524 464 416 361 309 278 242 211 192 158 143 128 117 106 91 76 65 65 54 49 44 41 38 35 28 27 25 20 16 17 13 11 12 11 10 10 6 4 4 6 5 3 3 2 2 2 2 
0 0 0 0 250 250 250 250 250 324 415 505 351 415 546 749 1006 1335 1717 2205 2815 3605 4536 5483 6653 7924 9327 10921 12676 14469 16424 18653 20936 23314 25578 27751 29794 31789 33549 34916 36031 36766 37293 37646 37642 37231 36588 35843 34522 33418 31999 30312 28663 26931 25223 23446 21920 20096 18446 16856 15338 13975 12616 11352 10226 9146 8250 7413 6640 5919 5323 4784 4272 3845 3435 3077 2727 2437 2119 1896 1686 1523 1328 1192 1064 944 853 765 674 591 530 463 417 383 337 293 254 222 198 176 143 122 110 102 100 91 79 62 60 52 44 36 31 29 32 31 29 29 28 25 23 20 17 17 15 10 7 6 8 7 6 4 3 3 3 3 1 
0 0 0 0 250 250 250 250 262 342 447 536 359 444 552 810 1201 1637 1955 2402 3056 3902 4954 6023 7129 8243 9750 11411 13264 15279 17143 19085 21049 23275 25570 27959 29817 31421 33008 34601 35924 36888 37464 37402 37412 37050 36478 35467 34208 32784 31157 29615 27896 26214 24298 22475 20888 19178 17657 16070 14616 13283 12085 10943 9761 8853 7893 7115 6391 5665 5073 4542 4102 3668 3311 2951 2603 2317 2099 1870 1682 1511 1315 1163 1072 955 854 782 683 603 542 486 416 379 337 284 256 243 217 192 172 147 124 116 100 84 76 66 59 50 46 35 33 27 20 17 14 13 13 11 9 7 6 7 6 4 3 2 2 1 1 1 1 1 1 2 1 1 1 2 2 4 
0 0 0 0 250 250 250 250 270 362 462 549 370 494 670 932 1324 1725 2148 2625 3324 4281 5508 6908 8255 9644 11234 13133 15299 17506 19789 21888 24207 26619 28997 31312 33171 34834 36243 37342 38184 38573 38740 38553 38191 37348 36246 34987 33528 32012 30259 28474 26520 24484 22690 20923 19138 17582 15977 14502 13187 12005 10848 9773 8858 7932 7119 6318 5615 5073 4489 4006 3624 3229 2909 2639 2356 2105 1906 1694 1458 1325 1141 1017 894 791 692 626 570 501 448 400 374 321 279 228 195 178 157 133 99 87 85 72 67 57 46 42 39 37 29 28 23 18 17 18 15 14 13 10 9 8 5 3 3 2 2 1 1 
0 0 0 0 250 250 250 250 254 317 396 486 313 420 688 1065 1539 1977 2350 2809 3526 4388 5381 6431 7463 8622 10267 12101 14033 15991 17841 19744 21829 24223 26498 28576 30442 32253 34006 35442 36578 37352 37598 37785 37565 36951 36123 35158 33992 32584 31015 29327 27498 25770 24005 22292 20526 18783 17352 15823 14474 13201 11985 10706 9709 8798 7841 7063 6290 5553 4920 4476 4017 3550 3173 2784 2513 2275 2055 1807 1600 1425 1261 1143 1020 912 798 700 625 551 490 421 367 318 274 224 186 156 141 129 115 100 87 79 80 72 57 45 38 36 34 34 25 21 20 19 19 17 16 11 13 15 15 15 11 11 11 13 11 9 10 7 7 9 8 6 6 7 4 5 5 4 
0 0 0 0 250 250 250 250 268 350 470 595 431 529 701 1053 1521 2012 2453 2939 3663 4700 6036 7400 8732 10096 11874 14067 16367 18634 20732 22820 24970 27367 29604 31687 33505 35020 36379 37538 38579 39054 39186 38865 38300 37514 36461 35274 33707 32051 30311 28443 26471 24620 22901 20976 19223 17539 15895 14373 13064 11882 10609 9485 8485 7608 6826 6137 5456 4899 4360 3929 3508 3073 2744 2460 2198 1922 1722 1527 1360 1212 1058 908 826 729 640 571 505 455 398 358 316 278 251 212 184 150 133 117 103 94 76 70 58 50 46 37 34 30 29 25 25 29 26 23 20 17 17 14 13 9 10 10 6 5 4 4 4 4 2 1 2 2 2 2 2 2 2 2 1 
0 0 0 0 250 250 250 250 264 345 448 519 332 420 728 1149 1593 1986 2314 2828 3650 4752 6015 7208 8411 9826 11549 13574 15709 17734 19484 21533 23680 25894 28252 30104 31826 33288 34757 35861 36739 37311 37292 37083 36606 36026 34984 33716 32297 30694 29030 27393 25632 23733 22043 20414 18859 17289 15932 14501 13171 12004 10872 9880 8904 8065 7142 6427 5760 5155 4597 4040 3613 3236 2907 2640 2349 2105 1878 1696 1497 1341 1199 1085 981 867 763 657 593 533 471 412 356 307 284 247 218 186 165 152 129 120 104 100 93 79 72 66 61 57 49 40 33 29 26 17 17 14 12 12 11 9 9 9 8 8 11 10 7 8 7 7 6 5 2 1 1 
0 0 0 0 250 250 250 250 264 328 420 511 338 419 632 1030 1533 2003 2502 3111 3932 5048 6239 7507 8787 10368 12121 14116 16384 18466 20724 23065 25351 27692 29820 31814 33624 35336 36746 37695 38407 38842 39104 38938 38322 37354 36223 34938 33514 31722 29816 27954 26062 24251 22396 20432 18679 17102 15509 14014 12586 11334 10128 9166 8160 7253 6492 5851 5233 4625 4107 3618 3193 2861 2581 2263 2016 1803 1592 1423 1296 1125 985 863 781 693 637 568 497 446 394 359 318 272 245 208 179 165 142 133 114 107 89 87 81 68 60 53 51 49 41 38 35 34 31 27 24 20 16 12 11 8 6 5 4 2 1 
0 0 0 0 250 250 250 250 264 340 434 515 327 461 858 1428 1983 2448 2899 3590 4840 6391 7941 9164 10511 12251 14542 17119 19627 21724 23571 25885 28363 30825 32931 34526 35773 36772 37896 38648 39097 38968 38436 37569 36390 35498 34062 32562 30776 29007 27133 25345 23599 21554 19833 18093 16402 14897 13445 12117 10903 9860 8792 7889 7105 6343 5737 5131 4536 4015 3615 3231 2883 2601 2278 2044 1864 1658 1497 1326 1196 1047 928 828 740 647 573 499 427 385 348 315 270 245 204 193 180 160 142 124 101 95 90 74 66 59 53 41 36 31 23 22 19 22 18 16 14 8 7 6 5 3 4 3 3 3 2 3 4 4 3 2 2 2 2 1 
0 0 0 0 249 249 249 249 252 318 406 474 300 355 520 789 1144 1498 1890 2429 3169 4016 4910 5918 7001 8190 9491 10849 12426 14204 16080 17918 19907 22001 24344 26614 28741 30647 32227 33965 35306 36388 37103 37479 37668 37393 36958 36021 34977 33619 32171 30564 28798 27150 25476 23721 21987 20300 18635 17110 15545 14110 12762 11530 10398 9422 8524 7659 6838 6157 5467 4901 4366 3876 3390 3060 2739 2427 2149 1875 1661 1471 1321 1165 1035 916 805 735 671 603 524 448 397 356 328 285 239 198 190 176 157 146 129 126 117 110 90 87 85 74 68 56 48 42 41 34 30 28 26 24 22 24 24 22 18 17 15 16 16 11 9 9 9 11 10 10 9 8 9 7 8 8 
0 0 0 0 250 250 250 250 255 335 452 553 386 474 597 843 1181 1551 1880 2166 2742 3509 4537 5590 6600 7726 9142 11082 13029 15106 17094 19135 21319 23789 26206 28469 30422 32286 34121 35790 37216 38291 38694 38815 38949 38596 37844 36761 35465 33887 32403 30555 28689 26759 24898 23088 21224 19469 17798 16249 14764 13424 12184 11050 9963 8924 8007 7222 6478 5798 5168 4586 4130 3714 3327 2953 2645 2357 2089 1873 1649 1459 1279 1106 979 872 799 706 615 537 485 435 376 322 264 233 206 189 153 131 115 101 95 85 75 63 56 48 42 40 35 30 28 25 22 21 19 15 11 10 8 6 4 2 1 
