0 0 0 248 248 248 272 337 450 546 682 634 977 1447 2023 2834 3749 4979 6519 8284 10231 12470 15353 18354 21797 25302 28988 33026 37151 41096 44365 47414 50110 52308 54032 54702 54768 54053 52940 51287 48839 46077 42921 39839 36501 33376 30137 27059 24231 21618 19158 16821 14731 12868 11333 9878 8614 7477 6469 5654 4953 4295 3689 3163 2743 2391 2086 1757 1501 1298 1100 960 801 676 566 490 434 374 340 283 258 241 209 190 157 135 117 105 88 69 63 51 44 38 29 26 24 20 12 10 11 9 9 7 3 3 2 1 
0 0 0 250 250 250 288 404 603 808 988 999 1401 1994 2799 3827 5057 6523 8387 10485 12971 15734 18837 22162 25755 29752 33647 37577 41244 44769 47897 50527 52542 53654 54420 54376 53716 52352 50385 47958 45148 42330 39140 35921 32817 29781 26852 24147 21521 18967 16713 14786 12918 11308 9918 8584 7492 6585 5741 5000 4390 3804 3242 2827 2493 2133 1858 1641 1453 1260 1113 980 881 802 703 603 503 447 399 331 270 228 195 164 146 117 94 82 76 61 54 50 46 40 32 31 23 20 17 12 9 8 9 7 7 5 5 5 5 5 4 2 2 3 3 2 2 2 2 2 1 
0 0 0 250 250 250 284 363 468 567 678 606 922 1315 1710 2224 2966 4009 5366 6934 8609 10705 13387 16508 19808 23314 26917 30890 35010 38919 42484 45734 48603 50886 52825 53798 54237 53952 53119 51606 49549 47124 44285 41309 38214 35142 31907 28821 26021 23357 20802 18465 16234 14233 12634 11117 9660 8404 7316 6357 5509 4815 4109 3517 3029 2653 2290 2014 1759 1527 1315 1134 1006 847 742 649 558 482 416 369 309 279 235 198 184 161 145 125 107 97 89 81 74 63 58 55 52 46 41 37 28 24 21 17 16 11 9 8 10 10 10 10 6 6 5 4 3 3 2 1 1 1 1 1 
0 0 0 249 249 249 279 345 453 599 818 903 1383 2101 2936 4046 5333 6947 8773 10897 13382 16121 19144 22310 26058 29904 33952 37867 41570 44948 48204 50938 52788 54035 54381 54357 53621 52273 50255 47711 44961 41905 38928 35657 32423 29292 26273 23667 21004 18609 16363 14351 12589 11087 9658 8309 7263 6298 5498 4745 4114 3499 3048 2646 2269 1977 1672 1459 1259 1098 941 817 719 613 532 459 376 320 271 237 185 160 139 121 105 88 73 60 56 44 40 31 26 22 17 14 11 10 5 5 5 4 3 2 2 1 1 2 1 2 2 2 2 2 2 1 1 
0 0 0 249 249 249 273 347 461 549 644 619 1017 1501 1997 2606 3496 4781 6186 7840 9817 12212 15003 18147 21390 24925 28698 32744 36651 40471 43983 47273 50170 52254 54029 54859 55078 54325 53143 51240 48860 46196 43219 39897 36563 33445 30324 27325 24510 21850 19249 17165 15088 13247 11557 10053 8784 7682 6688 5775 5025 4343 3794 3298 2840 2449 2126 1810 1576 1372 1180 1020 850 717 616 537 459 384 325 297 260 231 186 155 135 111 87 66 57 47 40 31 24 24 21 17 12 9 10 10 10 9 6 4 3 4 3 4 3 2 4 4 4 4 4 3 3 3 2 2 2 1 1 1 1 1 
0 0 0 250 250 250 278 342 441 538 692 687 998 1430 1957 2583 3292 4184 5289 6703 8339 10277 12558 15291 18521 22048 25876 29836 33912 37985 41709 45066 48089 50784 52679 53778 54477 54210 53542 52268 50332 47844 45146 42284 39019 35929 32852 29760 26722 23770 21124 18659 16414 14380 12477 10845 9417 8275 7156 6242 5404 4675 4074 3537 3107 2675 2330 1988 1732 1517 1304 1131 979 832 704 608 534 462 394 347 294 267 234 204 173 149 123 105 88 71 64 58 48 37 34 28 21 16 11 8 6 6 6 6 6 5 4 4 3 3 2 1 1 1 1 1 1 
0 0 0 250 250 250 275 340 403 522 703 708 1011 1361 1816 2464 3246 4043 5111 6537 8236 10451 12755 15392 18385 21984 25666 29590 33557 37219 41066 44735 47933 50394 52531 53578 54279 54323 53527 51978 50071 47773 45040 42201 39042 35928 32869 29851 26886 24058 21336 18990 16765 14766 12903 11288 9851 8640 7585 6577 5682 4876 4253 3710 3203 2743 2365 2077 1803 1542 1341 1142 1002 897 769 642 569 525 477 405 339 280 244 212 180 145 110 89 84 76 64 54 44 32 28 26 18 12 10 9 9 9 7 8 7 6 4 4 2 2 2 3 4 4 4 3 3 3 3 1 
0 0 0 250 250 250 274 349 469 575 702 718 1238 1977 2755 3618 4712 6198 8054 10233 12501 15058 18012 21438 25185 29005 33002 36894 40813 44421 47644 50271 52349 53643 54319 54349 53663 52344 50621 48426 45808 43031 39941 36751 33532 30479 27439 24583 21826 19363 17080 15016 13203 11494 9993 8711 7598 6605 5699 4924 4221 3650 3172 2719 2329 2003 1745 1511 1322 1148 966 820 705 605 523 445 386 333 297 259 226 191 167 154 123 104 92 80 75 70 59 50 48 45 42 36 30 24 22 18 13 11 9 6 5 5 5 6 6 6 4 4 3 4 4 3 3 2 2 2 2 
0 0 0 249 249 249 278 345 446 546 651 654 1062 1497 2011 2676 3596 4768 6283 7982 10066 12570 15406 18418 21723 25281 29097 32986 36734 40272 43730 46781 49424 51481 53048 53824 53865 53285 52064 50427 48390 45752 42780 39718 36726 33595 30414 27403 24403 21850 19310 17028 14855 13090 11546 10122 8860 7712 6700 5866 5096 4409 3800 3326 2866 2481 2158 1878 1646 1443 1253 1068 925 817 712 603 521 449 383 337 290 244 208 177 152 121 99 84 69 61 49 32 28 21 18 15 11 11 9 8 6 5 4 4 3 2 1 2 1 1 1 1 1 1 1 
0 0 0 250 250 250 272 362 481 594 703 590 815 1176 1647 2096 2622 3374 4473 5723 7133 8899 11045 13653 16550 19880 23340 27260 31363 35484 39459 42930 46397 49452 52112 53701 54680 55000 54487 53584 51947 49630 46744 43956 40818 37511 34309 31089 27963 24919 22255 19598 17307 15198 13252 11629 10107 8826 7597 6667 5783 4967 4338 3791 3305 2900 2520 2172 1902 1692 1490 1243 1064 943 832 706 608 525 440 392 348 292 261 236 219 188 161 138 134 123 105 91 76 70 64 61 54 45 36 29 27 23 21 17 15 9 9 9 7 5 3 3 1 1 1 1 1 1 1 1 1 1 1 
0 0 0 250 250 250 278 331 432 532 623 560 950 1466 2008 2631 3405 4527 6034 7823 9648 11733 14398 17614 21050 24716 28375 32274 36317 40328 43934 46841 49584 51740 53278 54050 54213 53599 52409 50824 48607 45968 43168 40049 36873 33807 30719 27761 24930 22241 19774 17639 15551 13668 12002 10534 9176 8049 7057 6094 5318 4566 3933 3372 2911 2493 2132 1829 1565 1339 1154 988 873 755 634 552 470 417 370 327 278 241 204 172 146 136 113 105 88 79 67 56 51 47 41 31 27 21 17 16 13 10 7 7 5 4 4 3 3 2 2 2 2 2 1 1 
0 0 0 250 250 250 276 349 435 519 660 649 971 1366 1767 2249 2961 3942 5121 6464 8091 10088 12442 15366 18407 21832 25488 29419 33513 37482 41395 44759 47934 50508 52533 53737 54158 54065 53358 52100 50195 47792 45157 42337 39442 36281 33135 30104 27171 24386 21672 19242 16957 14982 13038 11361 9942 8697 7608 6591 5709 4941 4390 3765 3263 2826 2431 2157 1886 1628 1371 1211 1039 910 798 657 566 491 434 364 294 253 213 190 161 141 117 105 99 78 74 67 62 55 52 45 41 39 29 28 23 20 16 14 11 10 8 4 3 2 1 
0 0 0 249 249 249 276 351 462 583 680 628 1018 1548 2135 2807 3776 5058 6644 8388 10257 12535 15300 18406 21719 25089 28866 32825 36972 40869 44266 47403 50118 52321 53623 54168 54144 53519 52453 50624 48334 45758 42839 39989 36856 33680 30492 27548 24692 21946 19596 17319 15114 13211 11541 10019 8699 7588 6566 5668 4989 4306 3720 3282 2827 2475 2148 1871 1605 1386 1203 1016 882 756 660 562 499 422 372 328 292 232 213 187 159 149 119 103 101 100 76 60 60 52 60 51 39 36 33 34 29 28 19 20 17 19 17 13 10 7 5 3 3 
0 0 0 250 250 250 273 350 461 536 644 591 880 1317 1813 2350 3053 4039 5334 6875 8604 10469 12884 15811 19226 22793 26211 30058 34132 38269 42065 45569 48320 50558 52653 53852 54226 54110 53293 51871 49952 47718 45000 41987 38961 35658 32383 29193 26209 23458 20885 18579 16363 14422 12760 11118 9741 8451 7351 6336 5469 4702 3991 3435 2948 2541 2167 1840 1588 1382 1195 1031 882 751 652 572 503 430 380 330 292 262 228 199 176 159 149 139 122 108 93 87 79 64 46 37 29 22 20 12 8 8 8 6 5 3 2 2 1 
0 0 0 250 250 250 278 357 464 555 663 606 970 1509 2113 2787 3594 4745 6369 8334 10390 12779 15571 18829 22337 26109 29904 33656 37616 41242 44598 47595 50253 52231 53242 53868 53815 53365 52183 50378 47953 45220 42598 39454 36242 32885 29734 26733 23938 21379 18920 16804 14750 12953 11291 9788 8582 7446 6481 5615 4909 4259 3723 3273 2839 2456 2128 1849 1606 1401 1230 1068 912 779 674 580 503 450 399 331 290 258 210 183 159 128 105 89 73 58 49 39 28 20 17 14 7 6 5 5 5 2 1 1 2 2 1 1 1 1 1 1 
0 0 0 250 250 250 274 349 430 513 631 561 915 1466 2206 2909 3773 4887 6397 8294 10528 13033 15661 18726 22099 25619 29411 33268 37056 40460 43839 46930 49659 51889 53136 53897 53948 53424 52291 50434 48202 45575 42787 39612 36392 33251 30099 27121 24241 21509 19088 16836 14846 13025 11368 10013 8698 7672 6702 5868 5021 4360 3808 3307 2912 2504 2168 1857 1608 1410 1216 1057 903 809 708 628 541 459 404 339 286 245 220 186 164 142 128 124 120 105 83 80 75 67 54 41 29 28 25 23 18 15 14 13 12 9 8 4 2 2 2 1 
0 0 0 250 250 250 282 354 475 583 688 614 892 1318 1820 2374 3106 4165 5706 7445 9414 11607 14171 17306 20753 24518 28204 31996 35965 39978 43661 46783 49575 51779 53475 54516 54699 54308 53261 51574 49313 46746 43784 40639 37561 34141 30970 28092 25237 22412 19883 17651 15442 13617 11898 10349 9052 7858 6794 5846 5109 4427 3839 3319 2836 2468 2138 1822 1582 1368 1205 1024 888 760 676 611 518 447 378 326 283 245 197 179 145 126 106 97 87 74 68 47 40 35 33 29 24 22 18 16 16 12 11 12 10 9 8 8 8 7 7 3 3 4 4 3 2 2 1 1 1 
0 0 0 250 250 250 276 355 460 593 765 796 1169 1600 2157 2910 4006 5348 6981 8964 11272 13872 16768 20105 23717 27454 31285 35054 38764 42671 46146 48858 51122 52929 54146 54544 54402 53138 51537 49600 47084 44186 41002 37851 34565 31490 28461 25579 22830 20186 17869 15813 13939 12207 10656 9276 8081 7109 6190 5364 4594 4057 3525 3055 2645 2312 2006 1746 1539 1312 1151 1013 863 756 681 583 504 425 374 323 280 228 190 159 138 122 95 74 68 57 46 40 29 22 23 24 18 19 20 18 19 18 15 13 11 8 5 4 2 2 3 2 2 2 1 1 1 1 
0 0 0 250 250 250 280 362 484 589 694 597 924 1415 1992 2698 3488 4556 6037 7893 10069 12422 15042 18004 21323 25177 28993 32770 36583 40324 44181 47344 50219 52232 53754 54690 54741 54153 52728 51185 48824 46188 43231 40008 36840 33560 30360 27180 24322 21585 19080 16915 14816 13097 11494 10064 8842 7721 6721 5788 5039 4384 3834 3296 2821 2444 2122 1843 1566 1334 1113 953 825 695 593 515 474 397 336 295 251 228 202 170 143 120 101 92 80 68 62 52 46 41 38 29 25 22 16 15 16 11 9 7 5 5 6 5 4 3 4 3 4 3 2 2 2 3 2 2 1 1 1 1 1 
0 0 0 250 250 250 274 324 419 499 554 458 826 1448 2232 3095 3984 5175 6915 8953 11121 13330 15802 18755 22220 25995 29760 33554 37436 41266 45016 48202 50806 52720 54016 54617 54417 53537 51996 50116 47654 44946 41916 38794 35624 32489 29447 26374 23680 21066 18695 16482 14544 12876 11243 9830 8504 7373 6325 5477 4702 4016 3460 2962 2560 2219 1952 1667 1436 1221 1047 935 823 708 604 524 450 400 335 274 234 194 165 137 115 97 84 76 64 54 52 46 41 36 31 25 25 27 24 19 17 15 16 19 14 11 12 12 11 9 7 3 4 4 1 1 1 1 2 2 1 1 1 1 1 1 
0 0 0 250 250 250 287 342 466 557 664 549 866 1310 1896 2566 3292 4296 5704 7621 9607 11805 14283 17228 20593 24108 27746 31323 35140 38860 42531 45864 48672 51137 52818 53954 54096 53867 52761 51041 49043 46361 43599 40467 37477 34267 31155 28243 25241 22592 20051 17737 15605 13698 12087 10466 9129 7937 6926 6046 5277 4568 3913 3399 2931 2559 2183 1861 1593 1384 1184 1029 881 755 661 590 533 477 417 348 295 262 220 195 165 132 114 107 97 80 77 60 50 42 35 30 25 22 19 15 9 8 5 5 3 2 
0 0 0 249 249 249 282 363 467 571 705 717 1124 1693 2285 3031 4145 5580 7273 9276 11522 14193 17285 20791 24197 27988 32141 36071 40025 43681 47087 50053 52448 53993 54690 54860 54487 53200 51315 48865 46180 43305 40250 37091 33617 30466 27440 24556 22036 19555 17227 15164 13427 11850 10413 9117 7909 6876 6005 5275 4575 3976 3441 2966 2559 2234 1939 1656 1431 1227 1047 921 772 674 590 500 430 378 336 287 259 216 184 151 131 113 101 90 73 56 49 45 41 33 29 23 19 17 12 11 7 9 7 5 4 3 3 2 2 
0 0 0 249 249 249 282 371 498 624 771 801 1318 2090 3012 4009 5128 6685 8641 11040 13531 16244 19205 22611 26353 30339 34137 37751 41536 44947 48183 50776 52767 53729 54540 54579 53676 52340 50210 47765 45009 42219 38884 35565 32411 29252 26251 23435 20846 18345 16161 14207 12356 10744 9378 8157 7050 6169 5358 4621 4048 3490 3074 2663 2277 1975 1709 1510 1278 1118 961 824 744 627 549 458 411 360 308 272 222 197 170 153 135 125 101 84 81 71 65 54 43 35 30 29 22 17 12 9 5 3 2 1 
0 0 0 250 250 250 280 350 469 572 701 644 1006 1513 2169 2929 3826 5093 6681 8556 10723 13170 15881 18965 22276 25845 29652 33580 37479 41102 44532 47805 50514 52663 53923 54587 54588 54006 52723 50567 48182 45391 42490 39115 35768 32464 29332 26409 23563 20932 18462 16378 14358 12583 11036 9625 8508 7396 6460 5707 4988 4388 3788 3314 2851 2469 2137 1828 1599 1377 1194 1054 900 781 682 584 511 454 403 342 290 257 230 205 180 154 130 114 99 87 71 61 47 38 33 29 26 18 17 12 12 13 12 10 9 11 10 9 7 4 4 4 4 2 1 1 1 1 
0 0 0 249 249 249 273 347 451 552 684 664 1078 1570 2057 2638 3482 4673 5947 7505 9221 11242 13759 16753 19858 23204 26915 30846 34799 38693 42472 45783 48835 51083 52973 53909 54247 53973 52838 51233 49087 46713 43917 40898 37779 34610 31554 28515 25679 22997 20329 18017 15884 14017 12268 10773 9338 8014 6973 6075 5282 4522 3926 3341 2870 2549 2207 1932 1700 1460 1276 1097 954 838 723 607 498 440 375 337 286 232 207 190 172 139 124 109 91 83 66 52 37 33 30 30 25 19 18 16 16 15 11 8 8 8 6 5 5 5 6 5 5 4 4 4 2 2 1 1 1 1 1 1 1 
0 0 0 250 250 250 271 340 428 531 640 537 749 1045 1477 1994 2742 3646 4717 6121 8000 10203 12828 15611 18675 22038 25686 29652 33339 37077 40672 44077 47095 49815 52153 53494 54417 54624 53922 52587 50929 48652 45788 42819 39644 36315 33097 30093 26998 24073 21465 19041 16732 14710 12940 11369 9909 8645 7520 6556 5758 5001 4342 3763 3312 2883 2501 2199 1911 1691 1447 1255 1080 951 815 656 550 463 408 343 280 226 192 160 141 116 98 72 63 55 43 40 34 31 27 25 20 17 14 11 11 12 9 9 7 6 4 2 2 
0 0 0 250 250 250 275 349 463 556 698 719 1137 1703 2399 3302 4359 5629 7278 9209 11587 14189 17017 20162 23570 27476 31258 35264 39050 42625 46155 49099 51670 53360 54545 54890 54478 53485 51707 49590 46943 44031 40880 37588 34330 31097 28043 25153 22435 19881 17590 15540 13645 12006 10496 9089 7879 6824 5928 5076 4370 3792 3274 2833 2418 2129 1836 1595 1372 1162 1019 860 750 651 559 472 416 352 296 261 232 196 176 157 135 117 104 94 79 70 61 53 47 42 36 34 31 29 24 22 18 17 17 13 12 9 8 6 6 5 4 3 1 1 1 1 1 
0 0 0 250 250 250 270 339 438 577 763 856 1366 2083 2877 3865 5135 6606 8420 10654 13170 15971 19095 22493 26201 30330 34439 38329 42152 45645 48811 51627 53560 54705 55184 55028 54046 52521 50467 47785 44939 41847 38684 35364 32176 29026 26036 23354 20818 18424 16240 14357 12599 11041 9667 8364 7253 6286 5442 4658 4009 3456 2974 2566 2195 1907 1609 1390 1213 1071 925 786 695 598 531 457 393 345 302 257 217 181 156 133 112 87 80 73 65 58 56 51 44 36 30 28 23 22 19 16 16 15 13 13 13 12 10 10 8 7 7 4 2 1 1 1 
0 0 0 250 250 250 279 348 417 512 627 568 925 1458 2136 2890 3878 5161 6757 8771 10928 13377 16093 19353 22886 26690 30585 34398 38269 41968 45483 48403 50875 52567 53788 54342 54339 53544 52092 50007 47677 45177 42199 39005 35656 32509 29388 26666 23809 21064 18627 16437 14596 12818 11251 9761 8490 7429 6510 5721 4869 4208 3669 3197 2797 2384 2032 1751 1527 1312 1128 961 815 701 607 532 447 385 336 291 242 215 180 150 130 112 92 74 70 60 49 37 30 28 23 21 17 15 14 14 10 7 7 5 5 3 3 2 3 3 2 2 2 2 4 4 4 4 4 4 3 4 2 2 1 2 2 2 2 1 1 1 1 
0 0 0 249 249 249 290 354 470 567 692 610 865 1292 1732 2180 2734 3554 4803 6305 8082 10009 12288 15103 18437 22129 25826 29516 33360 37499 41602 45249 48237 50572 52582 54163 54990 54760 53925 52607 50761 48653 45831 42831 39595 36444 33153 30002 27052 24153 21587 19088 16896 14831 13027 11359 9933 8619 7493 6507 5624 4920 4282 3703 3175 2736 2334 2008 1733 1497 1291 1093 942 818 697 612 546 458 386 351 277 232 203 169 129 123 118 99 88 79 74 65 58 50 38 33 29 25 17 18 15 10 11 12 10 8 7 5 4 4 3 1 1 1 
0 0 0 250 250 250 276 346 450 531 653 644 1056 1578 2180 2835 3734 5017 6634 8346 10248 12552 15409 18725 22156 25654 29214 33199 37251 41105 44346 47122 49696 51837 53411 53995 53912 53216 52036 50473 48205 45561 42606 39601 36560 33356 30255 27189 24312 21651 19200 16945 14839 13037 11415 9971 8729 7591 6585 5725 4962 4284 3703 3162 2730 2351 2035 1758 1475 1254 1094 950 815 677 587 510 460 415 346 309 273 243 199 162 131 101 92 76 59 52 43 34 28 26 25 20 22 16 15 13 12 11 9 8 6 6 7 8 6 5 5 5 4 4 2 1 1 2 1 1 1 1 1 1 1 
0 0 0 250 250 250 275 337 423 522 620 577 1005 1606 2246 2965 3900 5163 6826 8676 10720 13124 15938 19099 22428 26041 29883 33921 37741 41352 44652 47772 50454 52575 53807 54278 54139 53472 52148 50177 47945 45032 42019 38910 35919 32650 29654 26706 23805 21309 18980 16724 14626 12891 11274 9842 8531 7379 6341 5524 4793 4137 3591 3087 2714 2328 2032 1776 1553 1384 1186 1039 885 799 688 597 528 445 365 324 281 235 199 178 144 112 102 89 76 60 53 40 36 34 28 23 20 20 17 15 14 15 13 14 12 13 11 11 9 7 8 6 6 5 5 5 6 4 3 3 4 3 4 3 3 3 4 4 3 3 2 2 1 1 
0 0 0 250 250 250 276 351 442 507 630 596 938 1343 1810 2366 3153 4342 5810 7546 9605 11871 14507 17404 20845 24403 27994 31864 35626 39525 43205 46829 49325 51584 53488 54540 54772 54230 53015 51099 49111 46646 43574 40314 37169 34095 31142 28203 25394 22495 20022 17755 15700 13798 12045 10550 9202 8016 6999 6110 5273 4557 3954 3380 2931 2581 2201 1885 1625 1385 1194 1044 874 763 676 565 506 443 370 316 284 238 199 180 152 132 120 99 82 74 59 52 45 35 28 28 26 20 19 17 14 12 10 7 8 8 6 3 2 2 2 2 1 1 1 1 1 
0 0 0 249 249 249 263 332 425 510 579 466 773 1196 1615 2005 2575 3537 4957 6418 7980 9856 12336 15300 18528 21787 25060 28729 32811 36948 40240 43463 46472 49070 51364 52865 53559 53483 53138 52115 50325 48268 45589 42816 39658 36432 33426 30288 27397 24490 21826 19310 17157 15118 13261 11623 10117 8812 7661 6682 5790 5077 4400 3821 3336 2913 2521 2172 1874 1608 1400 1210 1066 921 817 722 612 532 458 405 350 306 256 213 189 170 146 128 105 88 74 66 60 50 37 32 27 22 24 22 18 13 15 13 13 12 11 12 12 10 7 8 8 8 5 2 4 6 7 6 5 7 8 8 6 4 3 4 5 3 2 2 2 2 2 2 1 1 1 1 1 1 
0 0 0 250 250 250 281 350 462 562 741 794 1278 1920 2632 3519 4713 6306 8243 10447 12786 15565 18812 22388 26087 29873 33603 37356 41211 44746 47730 50203 52208 53585 54341 54337 53665 52463 50579 48371 45694 42770 39639 36608 33371 30076 27015 24035 21415 18958 16807 14736 12888 11269 10001 8836 7718 6715 5784 5020 4393 3825 3321 2887 2456 2147 1896 1627 1416 1234 1054 885 775 651 554 468 426 352 302 267 232 205 180 153 124 113 89 77 64 54 39 32 20 16 14 12 6 5 4 3 3 2 1 1 1 
0 0 0 250 250 250 278 336 444 572 666 577 880 1320 1888 2539 3262 4203 5543 7143 9229 11567 14030 16865 20130 23965 27910 31977 35604 39447 43235 46746 49649 51845 53307 54196 54586 54022 52968 51151 49138 46543 43741 40668 37519 34451 31225 28269 25301 22555 20111 17800 15682 13704 12054 10532 9172 7975 6875 5941 5134 4424 3758 3211 2780 2394 2001 1727 1494 1278 1111 984 811 683 639 546 488 438 381 312 279 243 205 185 153 127 110 96 77 70 58 49 44 38 28 27 27 24 19 19 16 14 15 15 14 13 10 8 7 7 6 4 3 2 3 2 2 1 1 1 1 1 
0 0 0 250 250 250 264 344 447 553 705 674 1031 1541 2153 2941 4032 5407 6997 8826 11061 13687 16822 20064 23555 27198 31251 35273 39156 42819 45798 48774 50984 52846 53912 54272 54008 52919 51619 49506 47227 44464 41332 38180 35030 31980 28913 26028 23200 20619 18279 16233 14298 12546 10944 9551 8408 7232 6296 5467 4683 4028 3487 3025 2570 2256 1943 1668 1418 1250 1109 937 818 713 601 522 460 413 357 312 255 225 217 184 164 134 105 97 93 80 67 54 48 46 47 41 34 32 27 27 28 23 18 17 16 15 14 11 6 7 7 6 4 3 2 2 2 
0 0 0 250 250 250 275 351 456 566 658 628 1003 1580 2231 3018 4030 5441 7213 9238 11519 14023 16998 20261 23965 27666 31473 35155 38924 42667 46104 49098 51309 53131 54265 54869 54687 53587 51941 49757 47235 44261 41064 37896 34601 31550 28459 25550 22810 20308 18129 15951 14044 12247 10664 9282 8112 7044 6008 5164 4460 3867 3349 2918 2480 2121 1856 1662 1425 1231 1041 889 781 689 602 486 419 357 319 273 236 201 166 148 122 102 91 78 64 58 55 46 39 34 24 23 21 14 13 11 11 9 8 6 6 5 4 2 2 2 2 2 1 1 
0 0 0 250 250 250 285 356 452 555 695 737 1168 1784 2410 3238 4298 5636 7321 9091 11229 13589 16613 19969 23741 27412 31227 35265 39194 43109 46553 49418 51534 53472 54750 55286 54973 53917 52177 50137 47659 44749 41470 38198 34935 31689 28608 25534 22707 20121 17793 15632 13762 12066 10560 9170 8032 6943 6048 5207 4460 3839 3278 2892 2428 2125 1843 1601 1387 1199 1026 851 787 665 568 482 411 344 298 269 212 185 159 130 117 111 91 73 59 49 41 38 33 24 24 17 18 15 12 10 8 6 5 5 2 2 2 2 2 2 1 
0 0 0 250 250 250 288 394 510 635 786 826 1341 2034 2794 3674 4907 6648 8815 11051 13383 16169 19497 23169 27038 30749 34432 38288 42172 45687 48634 50885 52620 53877 54540 54414 53593 52048 50069 47780 45181 42165 38774 35610 32444 29319 26280 23560 20715 18260 16209 14229 12393 10890 9528 8273 7255 6355 5510 4733 4103 3526 3043 2585 2232 1923 1655 1426 1224 1062 921 792 698 585 514 430 379 316 273 232 199 169 140 124 109 101 82 71 65 59 52 50 43 35 30 24 21 16 16 13 11 8 6 7 8 9 7 7 7 7 7 6 3 2 3 2 1 1 1 1 1 1 
0 0 0 250 250 250 278 377 525 627 755 731 1076 1583 2173 2879 3773 5064 6692 8571 10780 13207 16016 19337 23032 26738 30658 34627 38334 42145 45532 48418 50552 52442 53466 54103 54092 53322 51986 50061 47808 44965 42043 38750 35544 32174 29077 26115 23330 20872 18448 16204 14257 12575 10980 9536 8245 7054 6168 5380 4580 3942 3383 2934 2571 2233 1905 1628 1422 1217 1078 894 762 648 547 469 408 359 287 254 220 188 160 139 118 99 94 89 82 70 67 61 60 52 43 34 33 35 30 27 22 20 19 20 17 16 14 14 13 12 12 11 9 7 6 5 3 2 1 
0 0 0 250 250 250 277 339 439 533 642 546 840 1326 1990 2749 3579 4677 6188 8170 10308 12635 15091 18030 21497 25368 29271 33137 37060 40800 44545 47917 50710 52590 54081 54792 54774 54217 52890 50924 48331 45644 42527 39306 36056 32858 29736 26700 23909 21266 18841 16645 14644 12840 11229 9812 8627 7558 6576 5660 4931 4274 3720 3238 2814 2473 2140 1901 1657 1405 1200 1039 910 773 658 556 469 415 365 314 266 213 193 167 155 128 114 105 89 78 61 55 44 44 44 36 33 33 30 24 21 19 12 10 11 10 9 8 9 7 6 6 4 3 2 2 1 1 
0 0 0 250 250 250 276 351 478 562 684 630 915 1339 1826 2559 3550 4851 6384 8128 10274 12801 15733 18846 21972 25477 29234 33495 37371 41051 44451 47462 50187 52295 53668 54283 54531 53771 52600 50872 48780 46229 43400 40128 36688 33627 30505 27576 24556 21779 19265 16973 14942 13092 11369 9776 8545 7393 6420 5572 4811 4170 3576 3106 2641 2281 1952 1670 1446 1202 1030 879 776 658 548 454 385 339 297 252 209 180 159 139 119 99 88 77 65 58 54 47 38 31 24 20 18 15 10 10 9 7 4 3 2 1 1 
0 0 0 249 249 249 277 345 437 538 638 571 918 1361 1887 2529 3436 4739 6293 8174 10186 12516 15211 18335 21630 25020 28643 32268 36077 39887 43379 46694 49513 51774 53336 54252 54369 53787 52865 50962 48751 46076 43139 40061 36982 33880 30580 27636 24673 22086 19721 17603 15584 13720 12038 10473 9202 7989 6945 5944 5101 4396 3837 3349 2885 2509 2163 1884 1642 1399 1202 1023 887 732 640 545 475 424 381 347 290 254 220 207 193 166 134 107 98 90 74 61 46 38 35 27 26 22 19 12 10 9 6 5 4 3 1 1 
0 0 0 250 250 250 275 354 464 577 709 679 1088 1647 2212 2840 3682 4809 6361 8206 10293 12616 15324 18557 22230 26177 30178 34014 37898 41731 45246 48330 50770 52585 53845 54606 54464 53737 52592 50657 48321 45530 42476 39117 36070 32840 29568 26603 23668 21100 18627 16527 14399 12555 10951 9569 8353 7220 6259 5402 4653 4006 3456 2914 2497 2119 1786 1537 1321 1132 967 831 711 618 520 448 372 315 249 205 178 149 131 115 99 82 76 59 49 43 35 26 20 18 16 13 9 7 7 10 10 8 5 5 5 3 4 1 1 1 1 1 1 1 
0 0 0 250 250 250 270 347 450 562 728 705 1099 1607 2278 3051 4062 5408 7112 9028 11288 13676 16417 19692 23275 27040 31041 35148 39181 43162 46648 49678 52139 54053 54961 55139 54691 53711 52089 49911 47245 44322 41205 38127 34866 31600 28611 25645 22937 20311 17967 15743 13782 12028 10472 9130 7946 6826 5961 5191 4503 3891 3383 2907 2504 2202 1894 1643 1407 1237 1058 931 778 650 546 485 427 363 323 273 246 220 187 155 130 105 86 77 61 53 47 41 33 30 27 21 20 19 19 15 14 13 12 14 15 12 12 10 9 7 6 3 2 2 
0 0 0 250 250 250 270 347 439 567 767 763 1118 1571 2156 2869 3720 4822 6195 7923 9935 12319 14914 17803 21212 24824 28703 32469 36312 40201 43843 47058 49836 51867 53244 54047 54331 53615 52533 50781 48388 45879 43179 40276 36971 33701 30484 27570 24798 22210 19608 17256 15180 13471 11821 10395 9075 7827 6774 5923 5199 4480 3896 3334 2904 2535 2230 1926 1644 1437 1217 1070 923 823 695 605 536 462 403 321 277 235 210 182 157 134 111 103 85 73 59 45 36 33 29 28 26 21 20 19 16 11 8 7 3 3 2 2 3 3 3 2 2 2 2 2 
0 0 0 249 249 249 269 343 464 563 682 667 1071 1599 2174 2805 3699 4858 6376 8153 10265 12522 15290 18575 22033 25812 29589 33791 37660 41805 45314 48326 50872 52926 54462 54951 54975 54034 52726 50747 48431 45599 42550 39276 35908 32644 29534 26700 23853 21233 18805 16673 14789 13026 11362 9891 8610 7524 6488 5592 4770 4123 3606 3102 2718 2315 2053 1770 1540 1324 1131 986 862 756 631 563 492 415 374 330 286 256 222 185 160 147 119 103 86 79 67 57 53 47 39 32 29 24 20 20 15 14 13 11 8 6 6 5 5 3 1 1 1 1 1 
0 0 0 250 250 250 278 351 465 628 818 855 1268 1897 2639 3447 4463 5787 7487 9454 11598 14028 16904 20073 23466 27251 31064 34802 38751 42420 45695 48612 51131 52787 53873 54540 54136 53017 51402 49483 46889 44097 40988 37635 34474 31581 28609 25535 22866 20303 18029 15908 13984 12148 10612 9324 8109 7032 6043 5266 4596 3982 3427 2943 2570 2234 1957 1650 1404 1227 1062 930 781 666 570 499 433 381 328 276 250 219 195 176 151 119 102 90 83 77 62 58 51 49 44 41 35 29 29 25 28 26 25 22 20 19 14 13 7 8 6 6 5 4 4 3 3 1 1 1 1 1 1 1 1 1 1 1 1 1 1 
0 0 0 250 250 250 278 356 441 527 696 719 1184 1752 2399 3248 4394 5875 7573 9597 11889 14556 17610 21035 24606 28308 32276 36204 40053 43673 46978 49772 52090 53761 54752 54911 54351 53217 51510 49133 46399 43548 40325 37206 34083 30961 27823 24938 22255 19721 17443 15383 13438 11709 10221 9017 7914 6889 6023 5177 4552 3934 3467 2996 2570 2177 1862 1637 1380 1198 1040 883 762 672 561 454 383 331 275 243 203 167 142 119 97 86 69 54 43 35 28 24 23 16 16 11 10 8 7 7 5 5 5 5 4 3 3 4 5 5 2 2 3 3 3 2 1 1 1 2 1 1 1 1 1 1 1 
0 0 0 250 250 250 276 346 445 553 655 554 862 1258 1761 2267 2898 3800 5104 6679 8427 10458 12806 15731 19023 22580 26100 29806 33881 37857 41685 45104 48098 50649 52677 54214 54789 54848 54158 52547 50673 48207 45482 42427 39196 35825 32547 29628 26540 23821 21190 18746 16482 14471 12702 11094 9750 8410 7368 6355 5564 4862 4184 3694 3209 2814 2413 2082 1786 1525 1321 1123 977 823 713 635 545 460 399 328 270 243 210 183 162 138 124 108 93 82 74 59 50 47 39 34 29 24 22 18 14 9 6 5 5 4 2 2 3 3 3 2 1 1 2 2 1 2 2 2 2 2 1 1 1 
0 0 0 249 249 249 285 361 459 557 671 586 869 1246 1771 2395 3127 4040 5304 6857 8704 10798 13145 15921 19054 22613 26307 30084 33928 37753 41491 44860 47897 50246 52248 53425 54034 53988 53119 51799 49880 47581 44769 41965 38711 35480 32468 29329 26257 23509 20891 18457 16346 14421 12547 11012 9715 8417 7308 6331 5535 4819 4223 3633 3133 2759 2415 2126 1845 1588 1408 1242 1101 955 834 710 603 512 423 348 308 272 214 188 166 149 131 117 92 79 72 61 50 37 31 27 22 17 13 7 7 7 5 3 2 2 1 1 
0 0 0 250 250 250 262 339 417 500 570 461 702 1099 1541 1925 2489 3353 4651 6213 7834 9643 11838 14697 17915 21243 24773 28394 32278 36342 40226 43913 47217 50156 52317 53749 54819 55061 54589 53274 51307 48973 46361 43655 40447 37161 34013 30878 27935 24965 22178 19597 17312 15153 13250 11576 10066 8812 7675 6666 5752 5031 4330 3691 3171 2725 2382 2058 1754 1520 1322 1165 1001 861 735 664 598 520 438 382 349 300 261 219 192 165 143 119 103 86 80 61 51 46 42 36 25 27 19 15 13 11 10 9 9 3 3 3 3 3 1 1 1 1 
0 0 0 250 250 250 281 371 484 579 741 867 1495 2241 3073 4062 5258 6907 8870 11137 13666 16536 19619 22878 26751 30676 34525 38218 41688 44999 48061 50714 52434 53549 54071 54037 53358 51838 49795 47353 44576 41515 38398 35179 31902 28820 25920 23259 20762 18416 16269 14243 12512 10971 9661 8351 7251 6379 5502 4778 4130 3606 3084 2717 2339 1976 1742 1516 1314 1151 986 829 737 639 557 493 424 355 300 265 224 189 157 121 105 79 67 48 35 27 21 14 9 9 8 8 4 3 3 3 3 1 1 1 1 1 
0 0 0 250 250 250 278 356 445 532 697 779 1284 1863 2448 3114 4060 5363 7002 8698 10416 12713 15472 18723 22188 25784 29519 33455 37636 41519 45065 48167 50745 52731 54022 54487 54399 53617 52335 50329 47853 45161 42259 39242 35993 32734 29465 26560 23797 21157 18636 16499 14491 12733 11194 9735 8473 7365 6405 5531 4828 4175 3590 3076 2705 2359 2061 1772 1514 1306 1149 996 841 701 596 533 467 393 332 290 258 226 198 159 136 123 102 89 78 68 55 47 39 29 28 28 21 18 17 15 14 12 12 7 6 5 3 4 4 4 1 1 1 1 1 
0 0 0 250 250 250 267 340 443 534 689 739 1214 1792 2502 3431 4516 5986 7882 10049 12456 15284 18267 21519 25196 28998 32790 36485 40191 43551 47067 49857 51885 53417 54253 54591 54005 53047 51139 48843 46389 43398 40317 37127 33930 30601 27576 24763 22034 19567 17271 15092 13279 11637 10068 8784 7660 6720 5824 5033 4391 3807 3318 2870 2466 2123 1823 1587 1330 1163 1002 860 740 636 566 505 443 385 334 300 266 225 203 175 155 135 121 104 89 83 70 60 51 43 38 30 19 16 16 12 13 14 11 10 8 8 7 6 3 2 1 1 1 1 1 1 1 1 1 
0 0 0 250 250 250 273 347 427 533 631 559 956 1496 2088 2800 3803 5161 6926 8897 11036 13476 16433 19735 23327 26830 30561 34398 38307 42083 45570 48496 50834 52803 54150 54774 54503 53686 52147 50219 47887 45133 41855 38721 35588 32357 29236 26260 23392 20862 18638 16394 14474 12708 11099 9678 8429 7323 6360 5532 4756 4092 3552 3083 2688 2314 1989 1714 1481 1287 1102 954 844 718 617 528 450 393 358 323 279 249 212 183 161 144 121 92 79 66 54 44 34 30 23 16 15 15 15 14 12 6 8 9 8 5 5 5 5 5 3 1 1 1 
0 0 0 250 250 250 277 351 467 566 688 678 1212 1919 2641 3443 4492 6047 8055 10255 12500 14992 18052 21584 25285 28861 32473 36338 40252 43833 47032 49572 51569 53319 54231 54232 53637 52486 50667 48639 46138 43090 40006 36863 33578 30341 27422 24419 21839 19416 17190 15204 13420 11882 10372 9103 7888 6867 5953 5112 4397 3800 3286 2875 2487 2146 1851 1640 1424 1241 1063 891 759 657 564 483 412 358 315 267 234 201 170 131 112 98 82 68 61 50 44 41 34 29 23 22 16 15 13 12 12 12 9 8 7 9 6 6 5 4 5 4 4 2 2 1 1 1 
0 0 0 250 250 250 269 330 439 515 583 491 856 1326 1800 2255 3041 4215 5787 7653 9449 11683 14371 17559 20814 24280 27964 31661 35699 39480 43120 46506 49464 51691 53238 54209 54398 53924 52819 51053 48808 46329 43450 40317 37192 33974 30803 27731 24777 22089 19637 17440 15371 13643 11950 10472 9226 8050 7002 6103 5285 4528 3971 3438 3018 2586 2258 1934 1690 1483 1267 1107 942 846 742 647 550 490 440 391 342 285 241 216 191 163 146 121 99 91 79 66 62 56 48 43 39 35 34 33 28 22 20 21 19 16 15 11 10 9 7 5 4 4 2 1 1 1 2 1 1 1 1 1 1 1 
0 0 0 250 250 250 282 374 487 602 717 721 1252 1965 2777 3639 4604 6074 7994 10236 12541 15042 17926 21318 25104 28949 32732 36359 40059 43791 47077 49787 51846 53358 54218 54492 54041 52747 50989 48762 46262 43300 40156 36971 33690 30672 27645 24831 22085 19599 17415 15342 13558 11789 10280 8904 7763 6714 5790 5057 4345 3746 3266 2832 2483 2208 1917 1612 1404 1218 1052 901 771 642 552 494 432 376 322 286 247 220 192 155 124 104 89 78 66 61 46 45 41 40 37 34 30 26 27 24 23 21 19 16 17 14 11 10 9 9 9 9 6 4 4 3 2 1 1 
0 0 0 250 250 250 280 360 455 557 671 597 876 1320 1828 2388 3230 4400 5912 7589 9578 11858 14693 17823 21098 24516 28093 31852 35763 39536 42912 46108 48939 51412 53195 54145 54391 54032 52966 51269 49067 46325 43374 40449 37351 34058 30927 27966 25105 22424 19882 17526 15369 13516 11829 10265 8955 7776 6779 5931 5120 4429 3837 3325 2864 2485 2139 1833 1581 1362 1173 1004 866 741 638 555 493 443 395 351 303 263 236 205 168 141 115 104 86 75 60 54 48 43 38 32 29 27 22 15 13 13 8 6 4 
0 0 0 250 250 250 279 337 446 533 627 494 675 956 1312 1696 2170 2856 3877 5088 6650 8375 10484 12886 15572 18708 22081 25936 29535 33466 37260 41270 44929 47988 50629 52301 53845 54570 54650 53702 52278 50430 47900 45323 42269 39018 35816 32550 29582 26637 23955 21354 19055 16907 14844 13200 11553 10098 8816 7685 6625 5763 4999 4337 3699 3212 2788 2396 2050 1793 1574 1347 1160 1004 854 747 652 550 460 378 337 275 221 178 160 128 108 87 66 52 49 46 36 30 21 18 16 16 14 13 9 5 4 3 3 2 
0 0 0 250 250 250 270 335 419 503 626 558 852 1292 1736 2292 3081 4220 5597 7272 9122 11219 13824 16860 20279 23592 26997 30845 34862 38843 42718 46032 48732 51177 53271 54237 54454 54032 52912 51452 49401 46989 44085 41131 38036 34774 31573 28400 25533 22693 20149 17770 15680 13894 12224 10626 9282 8133 7098 6216 5446 4742 4080 3579 3040 2645 2307 1996 1688 1468 1266 1117 985 859 729 633 552 465 414 343 299 260 234 199 183 152 122 114 105 89 68 59 45 40 33 23 20 16 15 10 7 8 8 7 5 5 6 6 5 4 4 4 3 3 2 3 4 3 2 2 2 3 4 3 2 2 3 3 3 2 1 3 3 3 2 2 2 3 3 1 1 1 
0 0 0 250 250 250 272 349 429 527 630 547 782 1118 1566 2019 2632 3386 4470 5905 7613 9578 11863 14583 17692 20972 24401 28186 32029 35709 39437 42995 46186 49155 51702 53159 54084 54484 54212 53251 51504 49281 46682 43879 40763 37609 34232 30910 27979 25075 22233 19671 17427 15373 13539 11905 10310 9045 7862 6893 5953 5128 4471 3845 3388 2888 2505 2143 1860 1636 1392 1197 1004 868 767 661 566 477 414 374 328 279 243 213 199 171 144 126 113 99 94 90 76 70 65 59 53 48 38 34 30 30 29 23 21 16 12 10 9 10 8 8 6 6 6 4 4 2 2 2 1 1 1 1 1 1 
0 0 0 250 250 250 280 364 476 612 780 788 1149 1681 2385 3159 4003 5176 6805 8827 11129 13524 16290 19527 23166 27168 31043 34760 38530 42423 45857 48918 51489 53102 54245 54809 54586 53629 52216 50084 47519 44666 41529 38293 35069 31755 28551 25583 22757 20246 17983 15895 13923 12277 10731 9369 8211 7166 6207 5367 4700 4112 3614 3128 2724 2392 2076 1804 1568 1342 1146 1014 882 755 661 574 500 435 381 321 261 217 179 150 121 104 84 72 53 44 39 33 28 22 19 15 13 11 8 5 2 1 1 1 1 
0 0 0 250 250 250 273 358 462 570 682 651 1044 1567 2107 2759 3699 4977 6597 8464 10522 13024 15923 19319 22751 26367 30225 34158 38242 41939 45582 48476 51074 52955 54310 54881 54618 53884 52307 50512 48170 45545 42379 39224 36022 32837 29664 26544 23629 20962 18570 16361 14388 12476 10940 9525 8264 7186 6258 5477 4700 4096 3509 3017 2665 2324 2003 1666 1441 1234 1074 926 792 666 563 486 419 372 316 275 223 192 167 144 124 98 94 82 66 52 46 39 32 26 16 12 10 11 8 7 7 6 4 5 7 6 6 7 7 8 10 10 8 7 7 6 5 4 2 1 1 1 
0 0 0 248 248 248 265 340 463 555 698 719 1106 1582 2167 2902 3870 5096 6609 8338 10420 12986 15911 19066 22479 26032 29845 33830 37833 41612 45138 48302 50821 53061 54673 55298 55200 54330 52837 50880 48377 45553 42270 39113 35754 32462 29253 26192 23488 20817 18458 16197 14254 12513 10953 9550 8353 7286 6358 5582 4876 4277 3745 3284 2873 2495 2130 1849 1589 1381 1199 1012 856 733 636 536 462 385 345 303 274 245 208 190 168 145 119 105 88 76 70 61 55 46 37 36 30 24 19 14 10 9 7 4 5 4 3 2 3 2 2 2 1 2 2 2 1 1 2 2 2 1 1 1 1 1 
0 0 0 250 250 250 273 357 463 572 671 646 962 1377 1873 2485 3423 4543 5989 7554 9505 11864 14655 17849 21128 24692 28499 32605 36685 40516 44219 47200 49993 52144 53658 54613 54678 54243 52783 51054 48791 46318 43433 40228 37023 33648 30659 27786 24922 22159 19692 17356 15263 13423 11760 10200 8854 7644 6576 5709 4935 4278 3598 3136 2675 2356 2053 1728 1519 1316 1175 993 864 750 643 552 449 386 341 302 265 217 192 180 172 149 123 106 98 90 83 75 58 53 49 46 40 35 32 28 27 25 21 15 14 11 12 9 7 5 4 5 4 3 1 1 1 1 1 
0 0 0 250 250 250 272 333 438 531 641 527 738 1055 1470 2054 2842 3800 4921 6361 8031 9960 12169 14762 17829 21221 24732 28602 32634 36738 40807 44277 47208 49729 52051 53528 54287 54281 53716 52644 50991 48920 46277 43329 40270 37112 33741 30581 27638 24696 22026 19563 17253 15146 13262 11633 10135 8827 7660 6628 5737 5012 4473 3921 3385 2957 2547 2222 1945 1728 1476 1275 1087 935 824 722 637 540 465 393 346 314 277 239 206 173 160 153 142 121 101 97 95 93 83 68 62 54 52 43 29 30 24 24 16 17 13 11 11 7 7 7 6 4 5 5 4 2 2 2 2 1 
0 0 0 250 250 250 268 322 405 478 577 573 951 1482 2084 2907 3965 5386 7104 8918 11028 13519 16486 19586 22911 26436 30155 34114 38089 41763 44953 48005 50530 52457 53734 54148 53927 53132 51781 49843 47489 44766 41775 38697 35417 32246 29275 26307 23530 20993 18642 16526 14615 12841 11229 9795 8535 7374 6349 5556 4867 4193 3597 3124 2704 2343 2023 1678 1416 1234 1067 917 786 665 574 511 441 374 316 274 238 204 180 150 131 108 89 67 57 48 38 32 24 18 16 15 13 13 14 14 11 7 6 5 5 5 3 1 1 1 1 1 
0 0 0 250 250 250 268 347 451 541 649 615 1028 1507 2112 2893 3987 5398 7041 8992 11121 13597 16546 19730 23036 26573 30449 34222 38102 41881 45166 48027 50452 52314 53511 53948 53757 52892 51416 49598 47171 44481 41422 38507 35432 32338 29387 26481 23809 21224 18860 16684 14650 12834 11239 9762 8571 7503 6603 5723 4950 4313 3759 3274 2853 2510 2157 1880 1630 1438 1242 1112 965 799 696 599 539 453 393 325 270 237 205 189 164 129 114 101 90 82 76 69 57 51 43 36 31 24 17 8 7 4 2 1 1 1 1 1 
0 0 0 250 250 250 275 370 468 611 801 910 1444 2108 2876 3670 4748 6064 7920 9995 12343 14972 17861 21372 25116 28879 32464 36198 39802 43283 46630 49291 51421 53107 54203 54425 54013 52828 51105 48875 46314 43344 40110 36934 33771 30760 27598 24805 22041 19564 17349 15313 13409 11681 10360 8965 7821 6887 6052 5256 4580 3966 3396 2936 2548 2175 1874 1594 1357 1209 1026 892 743 638 541 482 421 348 298 261 229 196 158 127 102 94 83 74 67 56 53 45 40 38 33 31 29 28 26 23 22 19 16 16 13 10 9 8 6 4 5 5 5 6 6 6 6 7 5 4 5 4 3 3 3 2 3 3 2 1 1 1 1 1 
0 0 0 250 250 250 277 355 455 569 707 687 1012 1470 1994 2613 3366 4418 5769 7376 9178 11297 13871 16835 20127 23543 27334 31391 35410 39344 42929 46262 49195 51651 53232 54062 54461 54207 53313 51718 49624 47027 44247 41282 38085 34802 31560 28394 25484 22894 20342 17931 15696 13729 12069 10569 9170 7954 6927 6017 5257 4573 3967 3480 3011 2543 2206 1891 1651 1425 1194 1022 874 764 639 556 489 419 367 317 281 251 227 204 167 152 136 120 106 88 79 66 62 56 50 47 41 37 31 33 30 25 23 18 18 13 13 7 5 7 6 6 4 4 3 3 4 1 1 1 1 1 1 1 1 1 1 1 1 1 2 2 1 1 2 2 2 2 1 1 1 1 
0 0 0 250 250 250 275 365 476 576 672 562 839 1318 1909 2686 3619 4789 6293 8101 10290 12882 15620 18549 21846 25429 29515 33606 37340 40871 44378 47621 50368 52538 53612 54188 54250 53635 52406 50445 47976 45142 42160 38925 35881 32602 29508 26600 23973 21474 19099 17057 14982 13265 11588 10135 8745 7625 6680 5774 4971 4289 3696 3191 2777 2410 2092 1810 1580 1385 1190 1059 942 780 680 576 501 426 380 315 260 228 199 168 148 114 95 83 74 73 68 55 47 48 42 40 36 29 25 24 19 14 14 14 12 12 10 10 10 10 8 6 6 5 5 4 2 1 1 1 
0 0 0 250 250 250 266 337 431 534 658 576 903 1339 1813 2333 3018 3995 5335 6888 8606 10741 13264 16191 19410 22942 26588 30536 34539 38619 42266 45883 49000 51566 53348 54528 55023 54665 53878 52199 50012 47337 44601 41665 38484 35036 31747 28670 25872 23114 20496 18005 15868 14087 12457 10884 9470 8321 7317 6339 5538 4815 4170 3630 3141 2751 2380 2072 1753 1537 1321 1133 959 811 701 599 527 429 368 309 271 229 185 168 146 132 113 95 86 72 66 52 47 34 23 22 16 15 12 12 6 7 5 5 6 5 5 2 2 1 1 1 
0 0 0 250 250 250 271 339 435 519 641 624 1025 1523 2072 2778 3679 4925 6404 8050 9830 12076 14815 17940 21345 24791 28613 32692 36821 40411 43834 46849 49475 51820 53447 54175 54286 54136 52935 51263 48912 46311 43143 40148 36899 33635 30625 27512 24841 22133 19715 17345 15282 13296 11679 10279 8951 7703 6690 5787 5010 4403 3776 3281 2831 2448 2152 1854 1647 1417 1236 1081 926 813 702 620 533 470 389 326 274 224 196 168 144 116 107 100 82 71 60 53 42 38 34 27 26 21 16 13 10 8 6 4 2 
0 0 0 250 250 250 276 331 414 507 609 523 805 1165 1538 2017 2672 3529 4600 5943 7474 9313 11522 14181 17120 20378 23904 27626 31558 35694 39674 43230 46539 49411 51670 53164 54140 54234 53662 52485 50915 48594 46122 43435 40412 37274 34134 31099 28018 25256 22579 20099 17704 15580 13742 12132 10557 9246 8030 7018 6179 5396 4677 4041 3533 3053 2646 2264 1933 1676 1464 1261 1085 940 800 688 597 502 425 367 307 263 231 190 158 133 116 90 80 65 55 51 49 45 34 33 28 28 25 20 14 11 9 7 6 5 5 6 6 6 6 5 6 5 4 3 2 3 3 3 2 3 4 4 4 3 3 3 4 3 2 2 1 1 1 1 
0 0 0 250 250 250 276 336 443 528 669 678 1095 1555 2098 2899 3968 5446 7146 8977 11034 13662 16660 19683 23034 26435 29923 33854 37729 41304 44616 47734 50200 52271 53690 54191 54289 53554 52246 50253 48012 45200 42257 39155 35750 32568 29300 26430 23610 20948 18527 16291 14302 12456 10973 9545 8264 7226 6272 5473 4761 4158 3598 3095 2609 2253 1971 1698 1457 1242 1056 917 796 678 579 503 430 375 327 283 255 222 186 162 142 125 113 90 81 71 59 52 47 38 24 23 17 12 13 10 9 8 8 8 7 6 4 2 1 1 2 1 1 1 2 2 2 2 1 1 1 1 
0 0 0 250 250 250 279 378 492 585 720 728 1092 1487 1937 2454 3234 4259 5568 7029 8695 10817 13416 16434 19640 23150 26863 30792 34870 38687 42420 45581 48300 50574 52327 53513 53967 53809 52905 51521 49685 47341 44750 41561 38369 35154 31936 28910 26029 23336 20640 18411 16295 14422 12708 11154 9775 8541 7416 6437 5585 4805 4138 3579 3112 2655 2317 2026 1765 1559 1334 1138 954 847 744 635 530 466 412 369 323 278 238 218 200 176 159 139 120 102 91 83 68 54 46 40 35 36 32 23 20 22 20 15 14 10 8 8 8 6 5 3 2 1 1 1 1 1 
0 0 0 250 250 250 280 364 480 584 706 685 1028 1504 2077 2692 3463 4549 5899 7499 9424 11652 14199 17131 20475 23970 27734 31546 35430 39310 43129 46507 49283 51673 53431 54610 54939 54524 53261 51688 49578 46960 44057 40858 37672 34382 31229 28059 25179 22399 19880 17599 15426 13575 11952 10455 9071 7927 6840 5940 5225 4523 3884 3355 2949 2601 2265 1958 1651 1421 1226 1061 886 751 643 547 485 415 341 293 257 224 199 176 142 125 107 86 75 63 49 38 36 29 26 22 17 12 10 8 8 6 5 3 4 4 4 3 1 1 1 1 
0 0 0 250 250 250 269 335 416 515 621 537 758 1117 1524 2004 2627 3473 4652 6073 7827 9780 12099 14799 18022 21719 25347 28982 32977 36733 40649 44425 47529 49836 52076 53768 54428 54638 53907 52543 50786 48662 45925 42916 39852 36749 33652 30530 27491 24571 21846 19434 17125 15087 13306 11631 10160 8868 7722 6722 5870 5111 4345 3732 3190 2757 2407 2054 1792 1527 1346 1171 1020 904 760 673 571 502 429 384 341 299 262 226 195 157 136 112 94 78 72 59 51 50 40 40 32 27 21 20 18 17 16 12 10 11 10 7 7 3 3 3 3 1 
0 0 0 250 250 250 278 370 476 594 744 775 1209 1805 2504 3245 4216 5596 7394 9446 11538 13987 16843 20119 23706 27391 30987 34736 38694 42357 45753 48607 50863 52497 53660 54150 53869 52846 51123 49025 46652 44015 40975 37710 34505 31463 28577 25750 22961 20344 18053 15957 14014 12346 10760 9421 8270 7202 6308 5505 4808 4138 3608 3121 2715 2400 2047 1778 1525 1310 1141 1009 876 745 656 559 489 426 369 308 267 237 209 183 160 143 125 109 90 74 67 56 48 39 31 33 28 25 22 17 13 13 11 7 4 5 3 3 3 2 2 1 1 
0 0 0 250 250 250 265 348 452 558 707 709 1111 1545 2135 2978 4124 5564 7217 9077 11235 13902 16832 20059 23447 27086 31032 34996 38805 42475 45776 48622 50965 52605 53517 53964 53734 52839 51432 49336 46971 44268 41362 38113 34899 31678 28615 25771 23030 20459 18027 15941 14101 12341 10814 9429 8108 7079 6182 5387 4635 4030 3430 2977 2626 2292 1979 1722 1480 1288 1134 976 839 710 632 542 485 420 357 321 272 231 208 172 146 116 103 82 70 55 48 39 33 31 23 17 16 14 11 10 8 8 8 8 4 3 2 2 2 1 
0 0 0 249 249 249 265 342 440 534 657 629 1075 1696 2314 2954 3940 5335 7018 8885 10909 13347 16348 19900 23475 27092 31011 35088 39164 42760 46095 48862 51250 53128 54188 54633 54375 53674 52110 50085 47646 44805 41811 38599 35414 32137 29052 26075 23286 20687 18255 16065 14037 12290 10776 9417 8177 7170 6286 5469 4720 4064 3547 3089 2709 2325 1999 1755 1540 1361 1150 1001 873 774 667 560 503 441 390 343 292 254 229 201 162 142 128 120 107 103 96 88 77 72 60 49 50 40 34 32 30 23 22 22 15 13 9 8 9 10 9 7 7 7 7 7 4 2 2 3 2 2 2 1 1 1 2 1 1 1 1 2 2 2 1 1 3 3 3 2 2 2 
0 0 0 249 249 249 268 330 403 492 576 458 648 952 1347 1823 2526 3403 4459 5685 7168 9073 11246 13810 16720 19911 23420 27074 30912 34789 38699 42367 45615 48325 50713 52848 53959 54276 53931 52931 51388 49570 47129 44109 41222 38106 34987 31855 28785 25871 23114 20549 18256 16194 14299 12537 10989 9524 8298 7264 6280 5463 4625 4055 3562 3086 2652 2289 1986 1692 1475 1269 1056 920 803 696 581 502 462 393 348 308 266 228 202 182 145 126 111 97 83 70 59 49 47 35 33 31 25 20 19 14 12 12 7 6 6 5 3 3 2 2 2 1 1 1 1 1 
0 0 0 250 250 250 274 345 436 542 626 533 779 1134 1463 1871 2601 3652 4991 6314 7861 9844 12436 15245 18040 21027 24282 28081 32007 35870 39536 43120 46565 49438 51629 53322 54179 54463 53943 52692 50854 48528 45969 43017 40008 36683 33449 30352 27352 24547 21946 19400 17120 15102 13212 11533 10050 8823 7676 6699 5842 5086 4426 3849 3380 2930 2559 2237 1947 1682 1478 1305 1090 961 825 709 610 518 452 379 340 282 242 197 170 154 124 108 98 81 72 62 51 41 35 30 26 22 17 14 11 9 9 8 6 5 4 3 3 2 1 1 
0 0 0 250 250 250 281 362 469 571 683 603 888 1248 1674 2192 2917 3804 4931 6336 8115 10436 13109 15972 19150 22667 26595 30489 34574 38195 41619 45029 48126 50702 52421 53665 54134 54223 53586 52218 50128 47666 45020 42033 38719 35328 32074 28922 25951 23164 20501 18217 16139 14235 12471 10874 9537 8303 7233 6250 5443 4687 4075 3558 3075 2675 2304 1993 1699 1455 1267 1106 941 799 720 626 547 492 428 383 351 319 288 252 210 183 157 131 107 89 70 56 55 44 38 35 31 26 20 18 15 12 12 10 9 7 6 7 7 7 5 4 4 4 4 2 3 3 2 2 2 2 2 1 
0 0 0 250 250 250 270 338 425 534 605 451 676 1121 1611 2110 2828 3877 5244 7002 8822 10876 13376 16525 19834 23305 27130 30783 34918 38847 42590 45845 48779 51166 52762 54107 54651 54425 53399 51783 49846 47394 44720 41669 38188 34935 31945 28876 25748 23067 20539 18122 16098 14189 12357 10933 9667 8360 7227 6265 5408 4715 4110 3488 2994 2601 2236 1929 1669 1429 1213 1050 893 755 659 588 526 447 381 325 272 246 196 167 135 112 98 82 73 57 48 36 30 26 24 22 19 16 13 10 10 10 8 5 4 4 3 3 1 
0 0 0 249 249 249 265 324 419 505 607 551 883 1317 1809 2514 3427 4714 6297 8107 10287 12882 15783 18807 22239 25903 29791 33736 37617 41313 44823 48031 50734 52807 54126 54896 54933 54262 53058 51079 48748 46081 43082 39712 36433 33205 29958 27064 24151 21382 18911 16893 14859 13029 11435 10035 8748 7595 6627 5735 4934 4242 3639 3150 2710 2361 2037 1726 1513 1295 1105 935 816 695 607 520 450 386 325 284 252 215 180 146 123 104 89 69 55 46 44 41 35 34 32 29 23 20 16 15 11 9 6 6 5 3 2 
0 0 0 250 250 250 261 334 425 512 627 637 1111 1761 2471 3175 4145 5482 7424 9491 11683 14051 17018 20660 24376 28162 31814 35608 39465 43294 46525 49215 51351 53113 54097 54416 53974 52791 51101 48872 46530 43685 40745 37474 34283 31233 28364 25596 22825 20334 17932 15957 14087 12404 10794 9365 8214 7118 6202 5398 4770 4144 3659 3180 2725 2331 2038 1778 1476 1258 1070 936 814 718 613 516 466 403 352 310 264 229 202 186 154 142 122 97 75 63 54 39 33 21 16 15 13 10 10 8 6 6 6 5 3 3 2 2 2 3 2 1 1 1 1 1 1 
0 0 0 250 250 250 273 359 474 572 666 567 851 1406 2146 2916 3894 5176 6854 8902 11296 13691 16256 19400 22952 26623 30469 34316 38059 41691 45307 48414 50871 52608 53634 54115 54034 53181 51571 49553 47185 44629 41749 38716 35405 32422 29533 26512 23618 21049 18761 16523 14483 12663 11037 9723 8517 7385 6341 5507 4852 4243 3672 3122 2693 2341 2047 1739 1517 1296 1120 986 823 699 604 514 425 350 309 251 225 189 154 142 127 113 90 85 77 66 58 53 51 48 40 36 32 24 26 19 14 11 11 8 5 5 4 5 4 3 3 3 2 2 1 
0 0 0 250 250 250 273 349 470 594 769 831 1255 1849 2666 3657 4895 6604 8479 10635 13116 15938 18961 22560 26160 29774 33788 37651 41320 44905 48115 50576 52562 53929 54457 54566 53935 52363 50381 47991 45381 42497 39420 36044 32833 29859 26966 24068 21367 18909 16621 14701 12895 11257 9776 8578 7481 6449 5638 4816 4190 3654 3136 2712 2329 2031 1738 1535 1329 1129 997 836 737 636 546 455 383 321 275 232 187 159 132 109 94 79 63 52 43 30 27 25 18 15 12 11 10 11 8 7 7 6 4 3 3 2 2 
0 0 0 250 250 250 276 351 445 545 664 609 876 1242 1627 2048 2664 3639 4846 6264 7954 9930 12128 14967 18249 21626 25079 28750 32562 36474 40500 44022 47165 49826 52227 53711 54593 54730 54158 52921 51023 48656 45853 42999 39891 36592 33421 30356 27337 24495 21748 19316 17111 15053 13137 11447 9972 8623 7533 6550 5605 4942 4277 3696 3187 2828 2436 2084 1828 1544 1326 1144 979 832 746 633 549 500 432 367 317 280 235 215 181 152 132 102 88 79 68 57 40 35 32 25 21 21 17 14 13 9 8 9 8 6 4 4 4 4 3 2 2 1 1 1 
0 0 0 250 250 250 276 336 427 515 602 527 862 1410 2033 2716 3587 4871 6606 8552 10591 12944 15857 19140 22729 26344 30131 34020 38067 42011 45458 48529 51045 52985 54209 54874 54790 53797 52075 50016 47692 45039 42142 38906 35531 32446 29578 26718 23800 21153 18640 16475 14619 12795 11209 9709 8493 7396 6439 5583 4808 4150 3532 3087 2674 2320 1990 1704 1484 1276 1160 1002 865 739 653 565 489 445 381 339 295 262 225 198 176 146 117 86 77 66 55 45 37 38 33 32 29 24 26 20 15 13 13 13 12 13 9 8 8 6 5 5 4 2 2 2 2 2 3 2 1 1 1 1 1 1 
0 0 0 250 250 250 280 384 487 609 734 687 1001 1474 2041 2736 3636 4855 6350 8150 10372 12954 15987 19198 22813 26648 30757 35003 38984 42729 46093 49274 51885 53659 54843 55155 54817 54030 52529 50432 47871 45027 41867 38755 35557 32180 29011 25974 23231 20718 18330 16103 14098 12392 10885 9522 8203 7123 6140 5286 4616 4009 3451 2960 2546 2182 1937 1710 1525 1281 1093 957 816 712 624 532 439 391 338 295 254 231 199 158 139 114 101 86 80 60 48 43 35 31 26 18 16 14 9 6 5 3 3 2 
0 0 0 250 250 250 273 344 436 533 623 534 842 1231 1753 2353 3141 4176 5514 7068 8790 10858 13332 16348 19581 23054 26502 30248 34274 38293 41872 45137 47902 50350 52416 53699 54314 53991 53172 51681 49874 47371 44532 41514 38178 35069 31964 28779 25734 23044 20526 18244 16143 14133 12402 10931 9632 8416 7397 6395 5540 4871 4258 3712 3216 2777 2364 2061 1817 1588 1361 1191 1030 897 802 712 623 522 454 406 368 315 277 248 216 198 174 141 116 102 94 79 69 53 45 40 37 32 21 17 14 16 13 10 7 7 9 8 7 4 4 5 4 4 1 1 1 1 1 
0 0 0 250 250 250 281 358 457 549 672 613 959 1450 1958 2560 3447 4825 6470 8331 10318 12680 15446 18723 22138 25724 29347 33064 36780 40536 44120 47224 49918 51706 53042 53921 54333 53835 52539 50755 48326 45849 43050 39966 36794 33528 30408 27388 24726 21987 19569 17281 15078 13166 11562 10055 8697 7613 6557 5668 4978 4327 3711 3188 2725 2361 2027 1775 1465 1261 1098 928 798 660 588 485 430 375 310 274 241 220 188 164 140 125 111 98 83 66 52 47 42 38 34 32 28 24 24 23 22 19 13 8 7 8 7 6 6 5 4 6 6 5 4 3 2 2 3 2 2 2 3 3 3 3 2 1 1 1 
0 0 0 250 250 250 274 352 443 550 709 705 1089 1603 2170 2953 3920 5269 6876 8809 11071 13619 16679 20003 23725 27260 31166 35058 38855 42697 46024 48827 50898 52877 53988 54492 54355 53280 51760 49864 47665 44946 41864 38794 35517 32296 29244 26260 23440 20830 18500 16226 14279 12603 11005 9592 8320 7223 6268 5408 4652 4026 3463 2986 2595 2193 1924 1677 1450 1223 1044 898 785 688 579 490 428 370 325 273 236 203 180 159 127 121 107 94 84 80 70 60 57 46 45 40 33 28 24 20 23 19 15 13 13 11 12 12 7 7 5 5 3 3 1 1 1 1 1 1 1 
0 0 0 249 249 249 262 329 413 508 596 523 834 1295 1858 2469 3412 4698 6269 8084 10133 12543 15220 18580 22210 25941 29677 33652 37687 41647 45417 48354 50644 52475 54003 54758 54665 53839 52380 50587 48239 45599 42602 39349 36196 32862 29696 26618 23929 21275 18785 16556 14498 12803 11256 9858 8589 7464 6486 5662 4924 4257 3674 3220 2764 2419 2082 1797 1562 1351 1168 994 879 753 667 575 479 416 354 294 241 206 184 153 141 113 94 81 68 55 42 38 30 23 20 15 12 11 11 8 6 6 5 5 4 
0 0 0 250 250 250 273 359 473 572 682 659 1060 1627 2218 2869 3684 4839 6374 8255 10271 12626 15380 18525 21971 25749 29663 33439 37208 40854 44337 47342 50143 51920 53074 53843 53884 53106 51959 50292 47845 45381 42719 39585 36480 33559 30407 27413 24662 21967 19391 17191 15195 13294 11594 10129 8797 7715 6649 5749 4985 4367 3760 3220 2777 2379 2115 1835 1595 1328 1161 1000 862 741 644 546 458 402 347 305 255 222 187 160 135 117 98 83 71 59 49 37 35 28 28 25 23 19 17 15 8 7 3 4 3 3 2 2 2 1 2 1 1 1 1 1 1 1 
