0 0 0 248 248 248 312 368 408 488 652 572 765 1080 1344 1864 2674 3512 4497 5852 7449 9382 11665 14015 16524 19621 22716 25928 29269 32515 35688 38981 41786 43972 46048 47477 48374 48770 48595 47767 46562 45012 42943 40629 38165 35483 32809 30021 27250 24619 22047 19741 17491 15392 13382 11624 10187 8767 7576 6487 5553 4755 4082 3444 2877 2451 2087 1743 1465 1219 1045 898 771 643 556 473 401 351 298 261 219 183 154 137 110 99 80 60 48 41 34 27 26 22 17 14 12 9 9 6 5 6 5 5 4 4 3 2 2 2 2 2 2 2 2 2 1 
0 0 0 250 250 250 371 465 556 776 1099 1125 1583 2223 2772 3642 4883 6200 7648 9453 11514 13828 16405 19208 22086 25248 28622 32023 35159 38140 40855 43134 45117 46440 47290 47644 47433 46767 45788 44252 42344 40231 37605 34934 32374 29622 26862 24344 21828 19406 17354 15340 13454 11824 10311 9003 7736 6668 5740 4943 4236 3567 3044 2533 2158 1866 1573 1318 1089 919 778 651 552 453 385 306 255 216 182 141 122 101 77 61 54 47 36 32 24 18 15 12 8 6 5 4 3 2 1 
0 0 0 250 250 250 326 395 462 580 755 763 1074 1622 2150 2868 3734 4858 6186 7693 9442 11487 13746 16390 19271 22269 25419 28599 31799 34909 37878 40628 43008 45093 46639 47701 48273 48092 47498 46323 44719 42667 40440 37916 35240 32607 29795 27029 24461 21965 19484 17335 15345 13414 11887 10376 8980 7764 6749 5793 4966 4305 3619 3062 2602 2181 1847 1572 1312 1073 925 803 668 572 458 376 315 266 219 182 160 121 96 82 65 61 49 36 36 34 33 26 27 24 19 20 15 14 12 13 11 10 9 8 4 2 2 1 1 
0 0 0 249 249 249 305 369 430 636 844 813 1156 1574 1930 2605 3401 4292 5272 6679 8178 10029 12167 14347 16849 19594 22509 25655 28861 31809 34751 37696 40387 42560 44574 45897 46747 47179 47188 46486 45348 43823 41870 39598 37184 34716 32037 29368 26756 24235 21791 19526 17368 15329 13535 11913 10364 9066 7903 6790 5844 5048 4282 3679 3135 2629 2209 1892 1593 1336 1137 940 785 657 553 449 386 319 268 210 169 144 122 108 100 84 73 63 56 46 38 29 20 15 15 13 9 7 4 4 3 3 2 1 1 1 1 1 1 
0 0 0 249 249 249 321 385 445 544 784 824 1165 1713 2150 2849 3855 5037 6174 7605 9348 11293 13695 16288 18817 21772 25017 28155 31332 34446 37519 40282 42819 44758 46154 47334 47766 47781 47121 46095 44758 42901 40678 38195 35834 33090 30355 27511 24699 22142 19848 17626 15433 13531 11842 10340 8975 7740 6666 5702 4901 4209 3543 2987 2540 2140 1834 1566 1306 1106 933 795 672 578 479 410 356 290 238 200 163 139 127 99 82 66 59 47 39 34 31 28 22 21 20 18 15 13 7 7 7 6 5 4 5 4 3 3 2 2 2 2 1 1 1 
0 0 0 250 250 250 309 366 413 507 703 751 1083 1574 1960 2590 3507 4535 5687 7062 8884 10732 13045 15567 18105 21066 24153 27294 30328 33464 36481 39151 41601 43678 45392 46636 47337 47493 47220 46369 45144 43470 41326 38970 36447 33854 31148 28472 25830 23156 20804 18556 16409 14478 12643 11068 9679 8399 7249 6210 5362 4547 3847 3305 2792 2412 2039 1749 1462 1236 1046 859 729 616 525 421 357 309 252 212 164 134 99 79 62 47 34 27 22 17 13 12 11 8 7 6 6 2 2 3 1 2 2 2 2 2 2 1 1 
0 0 0 250 250 250 319 367 411 564 738 669 1053 1452 1715 2133 2766 3455 4323 5423 6522 7973 9849 11999 14250 16716 19448 22423 25499 28665 31688 34770 37725 40430 42770 44648 46106 47016 47424 47255 46647 45614 44054 42186 40098 37771 35296 32643 29877 27157 24577 22107 19721 17462 15421 13570 11972 10454 9145 7859 6791 5880 5077 4324 3649 3101 2591 2212 1847 1507 1274 1085 913 777 667 581 501 437 375 311 270 225 188 149 125 106 88 72 57 50 44 39 35 31 25 23 15 11 9 9 7 5 5 4 4 2 2 2 2 2 1 1 1 1 2 1 1 2 3 3 3 3 2 2 2 2 1 1 2 2 2 2 2 1 1 1 
0 0 0 250 250 250 331 383 447 642 889 990 1412 2049 2649 3550 4693 5950 7465 9304 11381 13566 16366 19290 22343 25705 28999 32216 35497 38560 41119 43491 45481 46967 47975 48476 48261 47738 46780 45292 43395 41036 38526 35921 33232 30349 27546 24812 22145 19660 17445 15268 13349 11714 10093 8720 7550 6550 5554 4748 4081 3452 2980 2496 2106 1758 1516 1289 1072 902 764 641 548 477 408 343 278 249 211 173 146 116 93 75 70 59 53 53 52 48 42 37 36 31 28 20 17 15 12 8 6 6 5 4 2 1 1 
0 0 0 249 249 249 293 349 385 439 559 508 758 1123 1431 1908 2637 3486 4532 5812 7298 9073 11215 13570 16271 19170 22095 25302 28607 31714 34896 38053 40373 42813 44960 46455 47373 47916 47811 47017 46266 44576 42548 40264 37821 35241 32602 29997 27213 24638 22172 19831 17697 15646 13773 12030 10506 9205 8013 6936 5971 5157 4374 3684 3173 2681 2283 1928 1614 1362 1151 989 820 674 561 474 392 318 269 236 204 173 141 116 100 88 81 68 56 52 47 37 33 28 22 17 15 13 10 9 8 6 3 4 3 2 1 1 1 1 1 
0 0 0 250 250 250 323 402 494 603 776 829 1222 1685 2079 2636 3544 4539 5728 7169 8806 10827 13186 15698 18379 21555 24927 28176 31447 34766 37724 40701 43207 45295 46900 48022 48679 48595 48294 47239 45707 43787 41520 39113 36471 33726 30726 28034 25346 22806 20275 17952 15788 13873 12352 10773 9460 8100 7028 6077 5280 4512 3774 3152 2676 2254 1897 1549 1281 1064 885 769 630 540 445 386 313 259 223 171 140 113 100 79 68 53 46 40 34 27 23 20 17 13 11 8 8 6 6 4 5 5 5 5 3 3 3 2 1 
0 0 0 250 250 250 317 366 408 511 620 484 688 933 1100 1515 2033 2506 3351 4256 5304 6618 8371 10215 12353 14923 17630 20630 23824 27008 30175 33267 36176 38976 41422 43504 45089 46432 47112 47275 47069 46168 44821 43061 41091 38731 36297 33831 31196 28562 26011 23624 21195 18909 16790 14781 13016 11417 9922 8565 7446 6441 5528 4764 4033 3438 2926 2489 2109 1785 1529 1276 1081 927 767 657 552 477 403 350 295 247 221 178 165 135 102 93 80 68 54 51 41 39 36 28 21 18 16 12 7 4 2 1 1 1 1 2 2 1 1 1 1 1 1 
0 0 0 250 250 250 316 362 418 519 621 498 711 1021 1253 1609 2212 2916 3795 4993 6353 7894 9802 12004 14415 17165 20147 23163 26372 29792 33187 36483 39570 42285 44748 46706 48153 49028 49296 48982 48170 46783 44984 42837 40430 37624 34822 31927 29057 26336 23556 21036 18739 16600 14526 12752 11047 9557 8294 7152 6044 5196 4488 3845 3291 2804 2367 2001 1680 1419 1204 990 816 667 549 447 364 289 234 184 146 115 93 81 71 58 49 41 37 33 26 17 15 12 6 4 4 3 3 2 1 
0 0 0 249 249 249 317 375 429 504 608 501 695 966 1167 1519 1986 2605 3396 4516 5641 7119 9010 11025 13295 15889 18763 21701 25010 28285 31507 34764 37830 40727 43122 45239 46725 47812 48270 48267 47698 46560 45177 43147 40987 38526 35956 33181 30439 27743 24920 22405 20007 17711 15574 13661 11949 10329 9030 7796 6712 5767 4981 4302 3713 3190 2721 2325 1983 1671 1412 1177 986 838 692 587 482 403 333 272 231 190 152 120 103 89 73 64 56 44 43 42 35 32 33 28 23 16 12 9 9 8 5 4 4 4 3 3 3 3 3 3 3 3 3 2 3 3 3 2 2 2 2 2 
0 0 0 250 250 250 314 380 435 607 808 829 1145 1578 1940 2497 3313 4036 5007 6179 7467 9019 11057 13109 15378 18009 20796 23768 26957 30121 32978 35885 38571 41128 43100 44563 45597 46089 46246 45780 44884 43514 41813 39945 37720 35281 32726 30321 27680 25155 22756 20353 18179 16246 14382 12612 11123 9600 8348 7229 6251 5346 4601 3919 3348 2891 2482 2122 1787 1509 1283 1101 936 767 647 545 455 392 322 268 221 189 148 130 110 91 81 63 49 45 39 34 32 29 21 16 14 11 8 5 3 2 2 2 2 2 2 2 1 1 1 1 
0 0 0 250 250 250 313 383 434 543 700 743 1111 1576 2033 2638 3628 4714 5946 7493 9347 11481 13960 16685 19480 22706 26093 29332 32895 36023 39087 42084 44552 46370 47750 48903 48925 48835 48045 46671 45015 42977 40699 37991 35356 32572 29881 27166 24450 21955 19612 17421 15472 13564 11805 10247 8953 7785 6702 5758 4879 4208 3600 3044 2567 2154 1818 1510 1262 1055 898 750 627 537 442 392 314 263 215 180 157 128 112 85 70 59 49 39 24 19 15 11 8 3 3 2 3 2 1 1 1 1 1 1 1 1 1 1 1 1 1 1 
0 0 0 250 250 250 309 362 413 530 704 663 1011 1485 1849 2427 3251 4122 5231 6668 8257 10006 12361 14778 17175 20042 23033 25970 29042 32245 35147 37911 40700 42782 44651 46095 46986 47242 46999 46429 45270 43800 41857 39646 37255 34724 32139 29381 26663 24129 21760 19419 17204 15244 13292 11662 10202 8899 7625 6610 5701 4825 4168 3540 3001 2541 2135 1802 1521 1283 1111 929 791 663 536 438 368 307 246 212 177 144 125 107 75 61 52 44 34 27 23 12 11 9 8 6 4 2 1 2 1 1 1 1 1 1 1 1 1 1 1 1 1 1 1 
0 0 0 250 250 250 320 386 458 555 651 622 857 1255 1473 1872 2497 3263 4166 5248 6563 8082 10096 12296 14499 17100 20144 23137 26324 29517 32613 35627 38654 41308 43437 45328 46589 47266 47642 47403 46624 45281 43562 41494 39246 36784 34045 31297 28660 26021 23493 21034 18767 16676 14716 12967 11275 9844 8476 7334 6294 5423 4643 3986 3394 2883 2467 2088 1767 1507 1292 1073 907 750 648 545 446 371 308 256 206 179 151 118 102 77 63 50 42 36 26 27 23 21 18 17 14 10 9 5 2 1 1 
0 0 0 250 250 250 306 357 413 550 725 691 967 1335 1737 2309 2974 3840 4884 6115 7659 9396 11509 13841 16336 19091 22089 25239 28424 31656 34813 37829 40695 43084 45142 46564 47660 48269 47983 47463 46313 44842 42833 40631 38129 35343 32817 29856 27151 24476 21991 19772 17507 15558 13593 11961 10495 9105 7881 6715 5779 4929 4272 3674 3138 2707 2294 1992 1698 1428 1203 1014 843 712 608 505 427 361 321 264 221 180 146 133 112 90 64 56 47 40 37 23 20 17 15 10 10 10 8 9 8 8 8 7 5 4 3 2 1 1 
0 0 0 250 250 250 319 384 443 618 822 805 1099 1568 1994 2572 3466 4403 5385 6963 8755 10632 12870 15498 18134 21060 24435 27502 30625 33874 36951 39707 42189 44294 45781 46885 47485 47530 47047 46021 44714 42848 40829 38620 36035 33399 30787 28150 25473 23083 20618 18217 16230 14233 12404 10819 9368 8063 7006 6070 5203 4537 3905 3329 2867 2435 2070 1752 1485 1225 1036 893 764 645 538 457 376 310 269 222 185 161 131 100 84 72 51 40 33 27 27 23 17 15 13 14 15 15 12 10 13 13 12 9 8 9 8 8 5 5 5 5 4 2 2 2 2 1 1 2 2 3 2 2 3 3 3 2 2 2 2 2 1 1 1 1 1 
0 0 0 250 250 250 284 342 393 479 600 508 724 1012 1416 1829 2488 3363 4442 5788 7428 9271 11400 13898 16540 19477 22636 25969 29358 32764 36181 39416 42476 44948 46917 48277 49191 49507 49297 48505 47090 45421 43322 41034 38425 35720 32795 29861 27057 24296 21725 19299 17056 15017 13137 11414 9892 8519 7313 6239 5283 4466 3738 3210 2745 2327 1997 1691 1443 1232 1068 903 737 631 538 455 368 308 241 188 161 130 114 95 82 65 58 54 43 31 20 20 18 17 14 9 9 9 7 6 6 3 3 3 1 1 1 1 
0 0 0 250 250 250 311 376 425 528 719 712 1051 1482 1747 2152 2836 3589 4373 5377 6691 8118 9925 12077 14281 16836 19807 22868 25886 29037 32238 35258 38224 40846 42893 44807 46285 47126 47542 47555 46798 45572 44048 41931 39607 37241 34597 31783 29168 26532 24063 21694 19326 17140 15117 13304 11647 10174 8796 7605 6607 5682 4922 4156 3523 3002 2577 2200 1856 1581 1340 1147 961 825 673 529 441 360 289 239 197 168 133 116 91 75 71 53 43 33 26 23 21 20 14 13 12 10 7 3 4 4 4 4 2 2 2 2 1 1 
0 0 0 249 249 249 322 365 441 519 644 606 875 1244 1593 2093 2821 3764 4792 6075 7660 9281 11262 13610 16070 19042 22268 25550 28959 32403 35759 38985 41963 44291 46343 47828 48686 49123 48961 48193 46998 45307 43091 40704 38188 35462 32713 29943 27060 24378 21837 19459 17141 15125 13246 11544 10111 8740 7573 6531 5631 4829 4119 3482 2950 2528 2169 1833 1543 1293 1100 923 771 657 544 460 389 334 280 229 187 154 129 104 81 62 56 44 42 39 29 22 21 19 14 17 14 9 9 7 6 5 4 1 2 2 2 2 1 1 1 1 
0 0 0 249 249 249 324 386 452 588 845 960 1419 2037 2517 3302 4345 5584 6974 8570 10548 12730 15320 18025 20870 23886 27109 30316 33358 36475 39278 41769 44008 45834 46892 47703 48037 47527 46864 45681 43939 41963 39837 37287 34475 31773 28896 26163 23548 20934 18607 16464 14583 12819 11185 9763 8486 7349 6321 5395 4609 3905 3353 2817 2401 2044 1694 1438 1170 980 809 682 568 464 390 311 257 216 176 143 123 105 86 64 54 52 46 40 31 21 18 18 17 13 9 6 6 5 4 3 2 2 1 1 1 1 1 
0 0 0 250 250 250 303 375 430 518 735 758 1060 1595 2091 2719 3621 4636 5826 7420 9315 11232 13674 16359 19195 22241 25571 28869 32214 35550 38590 41350 43816 46066 47439 48385 48767 48480 47812 46673 44960 42896 40861 38230 35516 32859 30147 27389 24835 22219 19637 17487 15403 13562 11740 10199 8813 7626 6558 5591 4775 4030 3458 2939 2489 2074 1754 1488 1258 1054 855 711 587 499 425 351 292 257 214 181 156 133 109 90 75 64 51 42 38 35 32 29 24 18 18 18 17 17 14 14 13 11 9 7 7 4 3 2 2 2 2 2 
0 0 0 249 249 249 301 347 397 474 581 483 795 1211 1489 1924 2567 3260 4201 5368 6660 8219 10225 12443 14802 17538 20414 23440 26595 29905 33154 36023 39135 41796 44144 45920 47153 47908 47993 47807 46886 45587 43782 41861 39657 36977 34287 31688 28846 26066 23529 21006 18667 16548 14627 12796 11214 9820 8489 7307 6286 5385 4633 3940 3347 2843 2388 2030 1727 1475 1248 1064 890 756 657 561 463 402 338 284 242 196 160 129 106 83 74 54 45 36 28 22 21 18 12 13 14 13 12 9 6 5 4 2 
0 0 0 250 250 250 293 348 402 481 610 542 764 1049 1286 1628 2197 2909 3794 4774 6088 7535 9353 11560 13950 16490 19200 22371 25509 28700 32002 35178 38180 40924 43398 45351 46928 48011 48477 48231 47602 46612 45125 42974 40798 38298 35580 32961 30118 27311 24525 22103 19495 17284 15272 13321 11616 10064 8764 7568 6597 5695 4919 4205 3587 3037 2574 2228 1850 1569 1279 1098 939 822 697 562 467 374 324 271 221 171 144 114 101 88 72 60 50 42 34 30 21 15 13 10 9 8 7 6 6 6 4 3 4 4 3 3 3 3 3 3 2 2 2 1 
0 0 0 250 250 250 311 354 415 508 798 831 1171 1692 2211 2938 3994 5122 6272 7819 9721 11721 14081 16788 19639 22683 25982 29211 32438 35634 38692 41430 43682 45583 46970 47816 48323 48204 47468 46189 44561 42695 40465 38259 35478 32710 30033 27418 24810 22214 19816 17550 15488 13676 11907 10366 8996 7807 6739 5686 4868 4100 3504 2906 2452 2072 1768 1474 1252 1069 916 775 651 553 446 383 309 256 199 169 139 108 94 75 57 44 39 29 24 18 13 9 8 7 2 1 
0 0 0 250 250 250 291 359 405 481 751 803 1105 1653 2134 2700 3596 4754 5909 7498 9394 11264 13598 16224 18975 21777 24890 28012 30995 34121 37105 39787 42153 44242 45768 46721 47301 47302 46844 45850 44312 42587 40433 38047 35623 32963 30106 27485 25066 22462 20087 17917 15757 13908 12307 10736 9227 7967 6906 5912 5073 4355 3714 3172 2775 2396 2063 1753 1523 1288 1082 946 793 677 580 506 416 355 297 237 205 172 134 114 105 87 72 61 52 48 48 38 32 33 29 25 24 20 16 14 12 7 8 6 5 5 5 5 4 4 4 3 3 3 1 1 1 1 
0 0 0 250 250 250 309 360 409 518 644 562 889 1272 1554 2059 2749 3501 4537 5876 7323 9048 11240 13499 16045 18766 21879 24986 28078 31267 34345 37394 40154 42734 44646 46224 47421 47809 47797 47234 46177 44618 42695 40500 37998 35600 32874 30089 27367 24758 22259 19848 17616 15491 13662 11988 10480 9125 7892 6785 5838 5010 4282 3673 3099 2634 2282 1940 1654 1406 1151 984 856 720 588 491 434 373 326 274 238 214 178 143 109 95 85 77 59 49 41 37 32 22 19 13 12 9 6 5 5 4 3 4 3 2 2 3 3 4 4 3 3 3 2 1 1 
0 0 0 249 249 249 330 389 446 577 766 758 1012 1325 1587 2067 2605 3227 4077 5148 6491 7938 9689 11690 13973 16457 19134 21973 25112 28450 31667 34693 37703 40518 42907 44764 46016 46865 47367 47374 46534 45376 43950 42085 39927 37533 34879 32236 29803 27121 24456 22013 19724 17555 15584 13634 11882 10417 9050 7897 6801 5815 4950 4265 3639 3064 2589 2186 1847 1544 1301 1075 891 759 638 532 454 385 327 274 234 202 163 137 117 101 82 72 64 58 46 37 30 23 22 18 13 13 13 11 10 7 6 4 4 2 3 2 2 3 2 2 2 2 1 1 2 1 1 1 1 2 2 2 1 1 1 1 1 
0 0 0 250 250 250 309 378 439 508 604 628 906 1251 1633 2266 3062 3979 5154 6513 8178 10185 12458 14843 17519 20481 23563 26770 30118 33271 36356 39203 41785 44015 45815 47060 47698 47916 47467 46703 45445 43762 41795 39451 36899 34247 31636 28990 26321 23792 21288 18950 16872 14913 13164 11422 9929 8564 7383 6422 5481 4687 3958 3410 2870 2419 2047 1710 1451 1212 1006 829 723 614 511 432 354 293 250 204 168 137 119 98 82 68 57 50 38 30 23 18 15 11 10 6 5 3 2 2 
0 0 0 250 250 250 313 372 413 527 668 609 834 1146 1357 1656 2181 2757 3394 4154 5160 6302 7679 9317 11077 13196 15559 18208 21042 23986 27059 30174 33148 35979 38551 41027 42942 44561 45631 46242 46497 46153 45277 43816 42154 40257 38065 35616 33018 30377 27964 25447 22888 20377 18235 16209 14238 12501 10829 9389 8233 7117 6091 5221 4549 3911 3366 2903 2472 2108 1778 1502 1265 1046 892 749 616 520 445 357 308 262 220 182 157 132 108 99 76 66 57 49 37 29 27 25 21 16 14 9 7 8 5 3 2 2 2 1 2 1 1 1 1 1 1 1 
0 0 0 250 250 250 314 360 414 531 681 610 845 1121 1319 1813 2449 3063 3931 5110 6397 7870 9829 11880 14105 16918 19852 22840 25954 29288 32600 35773 38750 41486 43830 45737 47205 48127 48454 48155 47471 46247 44611 42698 40518 37935 35253 32602 29899 27034 24326 21684 19281 17101 15064 13210 11527 10049 8670 7502 6448 5576 4773 4038 3446 2916 2496 2089 1708 1435 1185 1021 861 738 625 540 476 399 325 283 225 171 137 107 89 70 59 44 37 34 30 24 20 22 19 15 11 8 6 5 5 2 2 2 1 1 1 
0 0 0 249 249 249 314 350 396 466 607 593 921 1290 1577 2035 2692 3568 4482 5647 7121 8920 10958 13336 15950 18744 22051 25263 28527 31834 35222 38294 40951 43541 45512 47065 48078 48562 48539 48144 47133 45534 43566 41403 39073 36360 33484 30642 28044 25257 22699 20262 17848 15790 13932 12093 10424 9080 7853 6692 5744 4908 4132 3474 2990 2528 2094 1792 1494 1218 1041 884 721 608 493 416 352 296 235 196 158 141 112 94 72 60 55 44 37 34 33 26 25 17 15 12 8 3 2 2 1 1 1 2 2 3 4 5 5 5 5 4 6 6 5 5 4 4 4 4 2 1 1 
0 0 0 250 250 250 314 375 423 510 705 672 916 1276 1490 1793 2411 3100 3847 4854 6115 7527 9381 11740 13909 16430 19406 22432 25552 28831 32039 34934 38013 40821 43028 44938 46392 47301 47693 47634 46993 45744 44246 42292 40064 37673 35118 32397 29747 27122 24514 22067 19751 17570 15490 13712 12013 10542 9133 7893 6791 5819 5069 4279 3589 3036 2613 2227 1916 1591 1328 1130 952 803 651 562 478 412 348 285 245 201 179 143 109 88 71 67 56 45 37 30 29 25 22 18 13 10 6 6 3 3 3 2 2 2 1 
0 0 0 250 250 250 321 396 458 538 768 791 1121 1709 2197 2845 3837 4970 6266 7809 9743 11854 14263 17108 19920 23066 26341 29672 33052 36259 39410 42108 44537 46614 48086 48959 49107 48858 47922 46603 44931 42689 40299 37846 35253 32373 29667 26967 24237 21688 19261 17023 14902 13049 11364 9796 8470 7297 6253 5263 4476 3788 3226 2723 2285 1936 1616 1359 1138 946 766 643 548 448 376 316 258 223 181 138 112 92 78 58 50 42 36 27 19 17 11 10 6 5 3 2 2 1 1 
0 0 0 250 250 250 306 345 392 568 751 733 1053 1444 1838 2356 3111 3880 4768 5941 7352 9009 10997 13243 15697 18606 21633 24743 27982 31271 34397 37273 40063 42458 44573 46230 47120 47556 47545 47298 46200 44586 42813 40594 38214 35655 33059 30231 27598 25037 22446 20074 18002 16029 14107 12398 10847 9428 8180 7081 6119 5216 4474 3859 3313 2834 2385 2043 1710 1453 1233 1026 860 721 613 499 413 357 301 245 205 177 143 123 101 82 69 55 44 37 28 24 19 13 9 6 7 5 4 2 2 2 3 3 1 2 2 2 2 2 1 1 1 
0 0 0 250 250 250 315 366 429 528 648 638 954 1408 1942 2606 3436 4451 5733 7243 9057 11066 13402 16114 19028 22067 25332 28560 31916 35068 38048 40787 43247 45379 46908 48153 48609 48667 48088 46941 45501 43499 41399 38882 36281 33431 30721 28056 25263 22800 20293 17915 15744 13914 12162 10528 9102 7819 6650 5698 4864 4107 3446 2901 2466 2047 1738 1452 1190 1022 867 737 606 523 431 366 309 262 223 183 150 121 108 92 76 60 43 39 31 27 24 16 16 12 10 9 8 6 3 2 1 
0 0 0 250 250 250 308 342 402 464 558 435 575 917 1105 1385 1844 2395 3007 3839 4974 6053 7583 9485 11369 13673 16294 19140 22136 25505 28734 31817 35166 38321 40993 43417 45405 46979 48084 48658 48452 47682 46842 45249 43262 40865 38345 35695 32994 30302 27395 24716 22248 19862 17583 15543 13718 11990 10497 9177 7899 6810 5930 5085 4348 3723 3151 2689 2297 1917 1585 1348 1128 907 775 643 548 464 390 311 266 246 194 163 131 109 91 74 58 42 43 35 28 22 16 13 11 12 8 5 5 5 4 2 3 2 2 2 3 3 3 4 3 3 3 5 5 5 7 8 8 8 8 5 4 5 4 2 2 2 2 2 2 1 1 1 1 1 1 1 1 1 
0 0 0 250 250 250 345 424 497 719 1006 1091 1644 2370 2952 3755 4932 6173 7546 9272 11181 13271 15646 18388 21255 24234 27340 30471 33520 36362 39163 41475 43416 44937 46181 46743 46731 46429 45634 44431 42612 40666 38320 35960 33437 30769 28121 25426 23087 20684 18371 16231 14331 12524 10888 9578 8243 7090 6164 5277 4536 3920 3347 2815 2420 2104 1800 1528 1277 1087 942 795 668 561 477 401 346 285 241 202 168 140 116 107 89 81 73 69 65 57 48 42 33 29 25 20 15 14 11 8 7 5 5 4 4 3 2 1 
0 0 0 250 250 250 333 400 468 641 824 863 1244 1817 2292 3019 4008 5047 6317 7948 9787 11861 14303 17002 19841 22801 26034 29197 32361 35454 38436 41209 43505 45458 47099 47970 48369 48133 47313 45875 44322 42409 39957 37499 34875 32202 29524 26875 24202 21745 19377 17221 15171 13311 11655 10240 8885 7661 6627 5625 4860 4183 3601 3022 2569 2188 1804 1582 1315 1076 881 741 621 498 433 340 284 244 208 176 142 120 99 80 62 49 37 28 28 23 20 18 17 16 13 10 6 6 7 6 4 4 4 3 3 3 2 2 2 1 1 1 1 1 1 
0 0 0 250 250 250 309 367 425 542 718 651 951 1334 1576 1980 2809 3692 4724 6036 7558 9443 11730 14053 16594 19503 22677 25963 29361 32628 35701 38920 41764 44240 46204 47602 48315 48569 48473 47634 46255 44432 42301 39978 37568 34929 32110 29341 26624 24021 21529 19160 16856 14740 12944 11313 9791 8407 7224 6121 5276 4542 3859 3313 2825 2379 1950 1657 1366 1141 925 753 626 530 443 375 309 255 215 183 155 130 113 95 84 68 59 47 39 38 33 31 28 23 27 28 25 20 19 18 15 15 10 6 7 5 4 2 2 2 1 1 
0 0 0 250 250 250 329 383 434 565 739 699 1029 1430 1741 2316 3115 3948 4941 6258 7683 9343 11475 13607 15913 18733 21513 24359 27467 30590 33635 36766 39445 41641 43779 45466 46398 47153 47281 46619 45758 44477 42743 40656 38381 35717 32894 30241 27506 24850 22332 19920 17763 15635 13773 12070 10581 9184 7903 6828 5856 5050 4315 3689 3129 2666 2270 1899 1617 1366 1176 995 838 701 577 488 410 342 277 224 204 173 151 135 111 94 81 73 60 50 43 33 28 24 17 12 13 8 5 6 4 3 3 3 2 2 2 1 1 1 1 
0 0 0 249 249 249 295 351 406 486 642 641 1008 1471 1881 2515 3389 4447 5620 6961 8627 10539 12828 15398 18115 21247 24579 27782 31031 34227 37415 40113 42404 44195 45531 46806 47312 47331 46676 45701 44455 42695 40700 38268 35904 33277 30565 27924 25339 22892 20534 18384 16180 14260 12665 11100 9695 8453 7313 6251 5410 4684 3978 3403 2864 2399 2038 1731 1441 1193 996 860 747 628 511 423 359 310 259 213 175 156 138 116 100 83 68 55 48 40 35 31 22 19 20 14 10 10 7 5 5 5 2 1 3 2 2 2 2 2 2 2 
0 0 0 250 250 250 308 372 445 537 674 649 950 1309 1585 2005 2603 3354 4232 5222 6575 8119 9976 12048 14347 16855 19639 22722 25694 28703 31896 34963 37871 40487 42700 44633 45930 46866 47084 46897 46235 45086 43597 41599 39357 36850 34372 31738 29049 26413 23907 21315 19151 17144 15162 13327 11649 10204 8857 7717 6662 5752 4938 4290 3679 3182 2674 2320 1976 1682 1447 1201 1022 830 712 608 527 418 350 301 253 224 188 153 124 106 88 65 59 44 39 33 25 23 17 16 12 8 5 3 3 2 1 1 
0 0 0 250 250 250 311 370 425 503 696 668 968 1421 1830 2372 3214 4373 5563 6918 8626 10610 12900 15463 18158 20959 24018 27307 30488 33581 36568 39459 41933 43884 45601 46884 47542 47693 47305 46307 44978 43453 41408 39028 36581 33954 31298 28660 26067 23446 21031 18685 16611 14664 12893 11227 9754 8519 7323 6286 5342 4523 3847 3313 2801 2326 1958 1703 1414 1194 998 825 717 622 519 410 338 292 250 221 183 156 137 119 104 89 75 63 52 44 32 30 26 21 18 13 11 8 7 6 6 4 4 4 4 4 5 4 2 2 1 1 1 1 
0 0 0 250 250 250 301 352 408 504 603 478 658 1031 1196 1531 2053 2615 3284 4264 5370 6379 8049 9920 11808 14127 16728 19392 22286 25458 28466 31390 34470 37375 39974 42250 44226 45615 46424 46843 46749 46101 45069 43522 41544 39617 37477 35028 32457 29742 27097 24634 22216 19692 17513 15599 13736 12146 10599 9211 8040 7008 6043 5163 4438 3742 3206 2727 2304 1991 1685 1420 1210 1044 889 769 638 519 427 364 300 248 211 175 150 133 121 93 79 68 53 43 38 29 20 22 19 15 14 12 7 6 6 4 2 3 3 3 3 2 2 1 1 
0 0 0 249 249 249 311 371 440 566 728 704 979 1346 1652 2187 2909 3689 4634 5798 7122 8691 10573 12616 14990 17526 20239 23090 26324 29499 32739 35836 38603 41166 43535 45466 46393 47269 47586 47374 46498 45207 43520 41461 39430 36898 34113 31296 28653 26042 23515 21130 18905 16737 14788 12979 11397 10001 8651 7463 6366 5492 4759 4146 3520 3031 2603 2189 1893 1571 1300 1091 943 773 612 520 438 363 310 253 206 168 140 114 92 79 66 54 46 37 31 26 21 18 18 16 14 14 13 12 11 12 10 7 7 8 8 7 6 6 6 5 5 4 3 3 3 2 1 1 2 1 1 1 1 1 1 1 
0 0 0 250 250 250 310 369 427 522 723 687 949 1322 1596 1949 2668 3559 4449 5675 7161 8816 10871 13284 15784 18474 21522 24557 27687 31025 34291 37384 40085 42472 44561 46228 47351 47767 47852 47222 46291 44941 42980 40725 38310 35801 32971 30317 27625 24924 22443 20050 17841 15824 13924 12217 10633 9282 8064 7034 6052 5149 4435 3738 3175 2687 2291 1959 1656 1394 1179 1004 851 732 599 493 422 366 296 259 224 184 154 135 122 91 87 71 56 43 38 32 24 23 18 17 13 13 9 11 11 8 6 5 4 3 3 
0 0 0 250 250 250 312 365 423 537 723 706 1018 1455 1887 2608 3502 4497 5730 7250 9022 11019 13437 15988 18772 21796 24993 28337 31469 34758 37870 40636 43040 45239 46987 47853 48511 48526 47808 46744 45226 43237 40839 38539 36005 33270 30592 27935 25376 22771 20428 18117 15951 13967 12286 10656 9213 8029 6878 5910 5066 4326 3640 3100 2635 2216 1884 1582 1355 1138 932 777 664 557 442 393 313 266 222 188 164 147 128 100 81 67 58 50 33 24 20 16 13 14 12 9 9 7 5 4 3 1 1 1 
0 0 0 250 250 250 318 387 437 530 789 822 1282 1861 2493 3249 4280 5669 7066 8809 10804 13053 15639 18547 21769 24984 28346 31841 35218 38483 41420 44057 46227 47956 49210 49727 49636 48985 47785 46211 44051 41616 38990 36231 33400 30598 27951 25125 22544 20119 17761 15676 13726 11988 10322 9014 7809 6656 5760 4847 4183 3537 3020 2536 2150 1849 1567 1371 1137 930 781 650 539 450 360 298 251 212 183 143 116 103 92 72 59 52 37 33 36 26 17 15 14 11 11 9 3 3 3 2 1 1 1 
0 0 0 249 249 249 313 377 448 537 747 772 1090 1611 2090 2643 3453 4501 5629 7110 8914 10684 12867 15454 18254 21071 24205 27399 30652 34035 37256 40261 42772 45067 46737 48042 48707 48809 48473 47344 45887 44034 41921 39362 36589 33821 30820 28101 25462 22801 20371 18088 16015 13941 12229 10620 9174 7993 6868 5835 4973 4325 3679 3095 2633 2203 1850 1566 1320 1099 899 779 632 552 451 380 311 263 219 180 147 112 96 76 62 49 43 36 29 23 19 17 15 12 11 9 9 6 6 5 4 4 3 3 2 2 2 1 1 
0 0 0 250 250 250 309 351 399 476 566 451 680 969 1117 1523 2048 2589 3338 4183 5213 6505 8211 9993 12025 14457 17004 19853 22999 25974 29109 32476 35700 38574 41039 43507 45320 46967 47906 48032 47657 46954 45931 44205 42260 39917 37403 34760 32109 29414 26733 24020 21451 19121 16954 14947 13085 11320 9871 8666 7479 6406 5501 4716 4035 3507 2958 2457 2069 1732 1415 1204 1006 826 712 593 492 393 325 269 216 174 152 126 104 90 78 59 54 47 38 32 26 20 16 15 12 8 4 6 6 5 5 4 3 3 3 
0 0 0 250 250 250 323 376 437 616 816 921 1342 1953 2475 3298 4447 5606 7031 8754 10701 13095 15873 18835 21794 25298 28836 32311 35785 38993 41814 44436 46713 48233 49228 49806 49725 48906 47858 46227 44234 41906 39528 36566 33710 30891 28090 25267 22587 20083 17681 15645 13680 11931 10259 8869 7626 6590 5562 4716 4052 3428 2921 2466 2054 1673 1409 1188 963 799 672 548 457 374 308 252 221 195 165 142 124 100 86 82 70 62 55 44 37 33 29 24 17 14 13 10 8 6 4 4 4 3 3 4 4 4 4 3 2 2 1 
0 0 0 250 250 250 300 355 400 519 664 626 865 1179 1411 1757 2334 2944 3673 4669 5760 7072 8721 10691 12731 15024 17662 20280 23425 26602 29591 32621 35611 38442 40908 43194 44765 45878 46710 46848 46515 45598 44369 42718 40797 38630 36295 33788 31208 28721 26176 23563 21107 18831 16665 14806 13008 11374 9851 8573 7436 6385 5520 4635 3978 3386 2896 2465 2051 1750 1463 1260 1042 866 738 639 561 456 386 319 273 241 190 165 130 129 107 93 81 73 66 53 52 40 37 34 29 23 18 16 12 9 5 5 2 2 2 2 2 2 2 1 1 
0 0 0 250 250 250 309 363 420 539 719 748 1097 1588 2069 2779 3747 4815 6150 7841 9731 11897 14419 17166 20167 23322 26721 29989 33322 36472 39494 42218 44596 46567 47903 48743 49112 48880 48008 46786 45089 42891 40388 37786 34983 32165 29410 26652 23869 21384 19059 16822 14776 12936 11310 9764 8389 7250 6216 5324 4550 3905 3283 2772 2383 2011 1725 1477 1241 1031 871 712 583 499 425 343 272 228 186 154 130 99 73 61 54 40 37 30 24 20 19 14 11 10 6 8 7 7 6 6 5 2 2 
0 0 0 250 250 250 315 372 417 527 658 591 905 1325 1554 1910 2730 3540 4442 5643 6984 8634 10787 13106 15390 18079 21147 24230 27403 30517 33544 36495 39428 41840 43912 45465 46521 47151 47274 47014 46016 44647 42957 40916 38673 36210 33630 30904 28312 25700 23039 20716 18523 16374 14404 12639 10980 9666 8441 7260 6200 5334 4590 3913 3284 2759 2342 1998 1724 1459 1228 1044 890 745 601 494 405 359 302 251 213 165 137 123 106 87 81 65 56 49 42 36 32 28 20 17 14 14 14 10 6 4 3 2 2 1 
0 0 0 250 250 250 306 372 422 503 655 539 705 1010 1212 1467 2079 2759 3490 4580 5859 7310 9231 11385 13676 16339 19284 22362 25633 28961 32276 35417 38534 41388 43850 45820 47379 48296 48570 48703 47949 46743 45210 43227 40842 38436 35903 33027 30316 27601 24836 22313 20012 17800 15702 13825 12095 10476 9093 7825 6667 5684 4872 4158 3538 3013 2589 2230 1918 1607 1352 1155 964 789 652 549 462 394 345 275 218 190 153 128 102 87 70 59 55 47 40 30 25 19 17 15 12 10 9 10 9 9 7 5 5 5 2 
0 0 0 250 250 250 306 359 397 479 602 632 981 1403 1783 2427 3276 4306 5525 6922 8538 10581 12941 15461 18214 21191 24411 27733 30955 34000 37121 39989 42576 44703 46400 47506 48255 48440 47866 46873 45451 43528 41397 38946 36315 33622 30849 28177 25446 23051 20520 18321 16267 14348 12676 11047 9673 8372 7258 6224 5366 4593 3933 3370 2849 2407 2078 1758 1464 1245 1076 895 764 653 527 459 387 320 264 231 197 163 145 118 95 74 69 56 43 36 27 22 21 19 11 11 11 9 8 8 6 5 5 4 3 2 2 1 
0 0 0 250 250 250 327 404 459 591 778 752 1014 1422 1700 2063 2698 3461 4187 5337 6734 8188 10258 12649 15065 17650 20762 23792 26927 30205 33307 36309 39351 42044 44061 45789 47208 48064 48188 47795 46824 45519 43940 41835 39336 36628 34120 31314 28564 25871 23313 20901 18555 16515 14393 12715 11077 9572 8238 7177 6199 5301 4571 3882 3311 2809 2373 1944 1670 1402 1185 974 811 673 565 472 376 311 248 212 170 153 135 110 96 88 83 64 54 43 35 29 24 16 12 11 9 7 6 5 5 4 3 4 3 3 3 3 2 2 1 
0 0 0 250 250 250 317 385 445 524 668 649 1007 1421 1695 2185 2850 3725 4728 5899 7471 9251 11415 13939 16646 19453 22540 25947 29166 32369 35598 38401 41189 43708 45520 46901 47971 48382 48076 47531 46243 44464 42840 40562 37854 35281 32754 29963 27253 24746 22088 19719 17522 15454 13542 11835 10349 9022 7835 6759 5820 4996 4298 3682 3141 2649 2194 1859 1576 1331 1098 946 804 668 577 472 405 321 273 214 170 143 121 99 77 68 59 47 39 30 21 16 14 9 10 7 7 4 4 4 3 4 4 4 3 3 3 3 3 2 
0 0 0 250 250 250 322 377 426 515 611 504 776 1122 1312 1683 2328 2987 3822 5053 6333 7776 9663 11879 14084 16792 19751 22589 25633 28949 32098 35130 38147 40728 42868 44682 46094 46992 47271 47076 46289 45126 43606 41838 39683 37120 34716 32102 29466 26825 24290 21782 19433 17252 15226 13351 11731 10231 8880 7685 6640 5775 4974 4274 3680 3164 2706 2321 1975 1684 1428 1218 1002 834 725 579 502 433 363 299 253 218 177 162 134 109 99 89 78 67 55 47 42 36 29 23 17 17 14 15 15 13 10 12 12 9 8 8 5 4 4 2 2 2 2 
0 0 0 250 250 250 306 364 416 474 568 449 706 983 1218 1592 2210 2845 3649 4790 5984 7629 9547 11598 13871 16777 19728 22698 25881 29245 32491 35836 38887 41438 43877 45958 47592 48347 48635 48427 47668 46381 44833 42786 40407 37888 35341 32509 29718 27124 24274 21775 19372 17167 15125 13307 11688 10135 8877 7612 6602 5641 4826 4151 3542 3020 2569 2190 1839 1575 1312 1085 936 787 652 545 442 370 317 258 202 168 132 119 99 82 62 54 47 37 31 21 24 23 20 19 16 15 12 11 6 5 5 5 4 4 3 1 1 
0 0 0 250 250 250 313 354 405 485 591 476 622 822 954 1174 1533 1993 2685 3424 4330 5437 6866 8581 10425 12525 14941 17668 20531 23704 26947 30061 33231 36404 39186 41797 44023 45802 46976 47712 47984 47662 46882 45574 43821 41756 39549 37244 34611 31867 29158 26419 23931 21334 18896 16624 14629 12808 11105 9660 8361 7243 6269 5375 4606 3957 3406 2855 2392 2014 1691 1424 1197 972 770 641 540 469 391 329 274 229 194 163 135 111 99 76 65 62 46 38 30 25 18 16 10 7 7 6 6 5 3 2 2 1 2 2 1 1 1 1 1 1 
0 0 0 250 250 250 310 367 415 517 718 682 937 1345 1727 2258 2958 3891 4832 6117 7765 9504 11626 14080 16724 19472 22588 25763 28903 32127 35334 38287 40995 43533 45628 47073 48013 48396 48219 47558 46387 44681 42599 40385 37905 35310 32610 29774 27003 24455 21906 19548 17373 15367 13505 11821 10378 8960 7746 6650 5708 4911 4139 3580 3072 2580 2216 1887 1600 1330 1137 947 782 678 569 474 397 331 283 228 200 155 134 118 101 85 69 61 50 43 30 21 18 17 14 12 9 9 11 9 7 5 6 6 6 6 3 4 4 3 2 2 2 1 1 
0 0 0 250 250 250 317 378 438 536 701 688 995 1329 1649 2201 2888 3636 4635 5818 7141 8858 10931 13023 15340 18287 21197 24251 27602 30885 34128 37320 40318 42952 45132 46925 47985 48622 48583 48131 47078 45519 43709 41503 39108 36481 33776 30942 28280 25553 22944 20456 18174 16018 13995 12302 10718 9243 7938 6848 5877 5009 4334 3641 3104 2600 2212 1866 1565 1347 1159 994 801 678 579 471 399 316 259 217 196 169 133 105 90 75 65 49 43 32 26 26 22 20 14 12 7 6 5 4 3 2 2 2 1 1 1 1 1 
0 0 0 248 248 248 322 381 431 514 633 623 944 1371 1732 2256 3023 3882 4915 6238 7800 9499 11614 14044 16587 19418 22435 25655 28766 32066 35335 38291 41115 43604 45636 47032 48041 48383 48124 47393 46047 44311 42325 39975 37466 34858 32065 29388 26807 24238 21739 19458 17290 15226 13394 11730 10176 8892 7692 6569 5651 4904 4246 3593 3095 2578 2197 1883 1586 1306 1105 924 770 655 555 472 390 339 281 230 191 156 126 108 91 78 63 52 41 35 30 26 17 12 10 10 9 9 10 6 3 3 2 1 1 1 
0 0 0 250 250 250 325 391 454 576 740 698 954 1361 1714 2283 3020 3942 5051 6369 7955 9930 12263 14698 17406 20363 23593 26876 30220 33407 36407 39482 42145 44420 46006 47354 48230 48523 48256 47365 46093 44316 42377 39985 37348 34661 31933 29149 26347 23738 21312 18957 16797 14744 12903 11193 9797 8558 7340 6368 5516 4701 4021 3492 2958 2482 2109 1785 1475 1264 1082 911 796 656 558 480 403 327 281 240 202 173 146 118 99 82 70 54 42 37 32 25 19 17 12 10 8 9 6 6 7 6 6 5 5 4 4 3 1 1 1 1 1 
0 0 0 250 250 250 318 376 432 522 682 602 808 1119 1347 1852 2526 3237 4064 5232 6510 8023 9980 12041 14358 17102 20144 23223 26592 30047 33324 36540 39666 42491 44662 46600 47987 48637 48814 48459 47483 45966 44340 42128 39632 37143 34531 31772 29093 26282 23583 21053 18726 16458 14442 12619 10884 9494 8182 7030 6033 5202 4440 3782 3195 2713 2302 1966 1639 1402 1160 975 844 725 608 511 438 355 298 252 202 158 129 111 100 84 69 61 49 43 40 32 26 23 23 18 16 15 14 12 9 7 4 3 2 2 
0 0 0 250 250 250 303 349 399 469 688 669 945 1385 1856 2531 3333 4270 5528 6925 8739 10800 13150 15692 18571 21628 24799 28164 31464 34784 38061 40922 43463 45716 47342 48481 49143 48981 48326 47374 45890 43930 41628 39216 36512 33796 30890 28061 25335 22793 20399 18109 15926 14052 12253 10618 9206 7925 6791 5735 4873 4071 3543 3005 2502 2122 1785 1522 1308 1109 901 777 675 549 467 387 316 269 228 195 165 147 126 102 87 72 60 47 35 28 27 20 17 13 11 12 9 7 6 6 6 5 5 4 4 3 1 1 1 
0 0 0 250 250 250 309 363 414 516 654 564 859 1250 1579 2247 3188 4214 5467 7088 8864 10996 13579 16318 19158 22318 25716 29186 32733 36169 39349 42291 44929 47110 48702 49792 50333 50136 49522 48426 46726 44666 42268 39619 36732 33875 30974 27925 25148 22493 19998 17636 15539 13634 11861 10308 8887 7657 6636 5681 4825 4093 3435 2925 2516 2117 1774 1505 1268 1040 896 748 624 529 433 353 291 275 229 200 170 148 127 106 94 75 67 51 43 37 30 27 20 16 12 11 10 8 8 6 5 6 4 3 3 3 3 3 3 1 
0 0 0 250 250 250 319 389 456 582 823 828 1170 1699 2206 2936 3935 5094 6361 8045 9946 12064 14479 17280 20151 23284 26732 30009 33032 36213 39233 41670 44089 45911 47051 47919 48458 47991 47116 45904 44048 42030 39779 37136 34453 31944 29233 26546 23994 21447 19079 16939 14913 13012 11409 10015 8636 7466 6400 5487 4711 4015 3414 2857 2449 2073 1770 1482 1239 1059 885 749 624 531 446 370 309 252 212 174 143 114 99 77 70 58 53 42 38 32 28 27 19 14 13 12 11 10 6 7 6 5 4 3 3 3 3 1 1 1 1 
0 0 0 250 250 250 332 407 464 588 864 902 1241 1764 2271 2940 3818 4897 6053 7407 9155 11006 13378 15830 18561 21657 24743 28049 31232 34553 37416 40312 42850 44756 46268 47362 47995 47909 47382 46423 44927 42987 40897 38394 35612 32914 30234 27360 24607 22119 19750 17490 15564 13692 11926 10404 9117 7862 6773 5888 5014 4280 3665 3119 2611 2211 1844 1533 1294 1057 891 755 634 541 454 394 327 270 209 169 139 118 98 77 67 59 52 41 34 28 22 21 16 13 13 9 7 5 4 3 3 3 1 1 1 1 
0 0 0 250 250 250 303 377 433 568 779 796 1149 1581 1944 2534 3407 4344 5466 6912 8515 10426 12727 15308 17973 21001 24247 27382 30714 34034 37239 40088 42608 44850 46457 47848 48523 48633 48314 47322 45932 44012 41897 39423 36786 34022 31013 28311 25687 23143 20697 18235 16132 14228 12514 10818 9346 8033 6896 6016 5117 4268 3654 3168 2724 2312 1949 1652 1401 1223 1023 857 718 595 505 405 351 290 240 200 166 147 117 97 82 66 54 48 37 27 23 19 16 16 12 6 6 5 4 3 4 3 3 3 3 3 3 2 
0 0 0 250 250 250 311 360 413 525 732 716 1008 1489 1833 2418 3198 4082 5170 6602 8194 9985 12354 14893 17653 20711 23966 27322 30792 34218 37449 40466 43110 45467 47209 48385 49267 49424 48823 47852 46584 44779 42604 40259 37386 34538 31887 29137 26314 23512 21004 18543 16433 14433 12577 10902 9404 8178 7026 6042 5147 4397 3765 3151 2687 2252 1925 1605 1344 1157 959 817 680 557 448 378 297 245 195 164 124 108 93 81 69 55 46 43 37 36 31 25 23 22 15 13 12 9 8 8 7 4 3 1 1 1 1 1 
0 0 0 250 250 250 304 366 420 493 610 495 761 1054 1245 1628 2170 2845 3692 4790 5927 7370 9282 11154 13494 15993 18806 21652 24721 27854 31115 34503 37487 40241 42568 44633 46352 47407 47805 47634 47038 46038 44524 42644 40390 38018 35446 32825 30078 27470 24829 22359 20080 17901 15837 13930 12252 10635 9343 8080 6911 5929 5097 4352 3679 3093 2602 2196 1840 1559 1315 1129 955 818 704 617 524 436 349 290 249 207 162 134 101 82 68 54 49 39 33 25 21 19 18 19 14 13 12 10 9 10 8 5 4 6 6 6 4 2 2 2 2 
0 0 0 250 250 250 310 367 411 519 707 748 1105 1532 1917 2439 3227 4148 5166 6353 7887 9593 11729 14174 16766 19612 22650 25916 29087 32338 35493 38513 41110 43343 45172 46625 47504 47854 47540 46602 45455 43868 41916 39456 36951 34385 31814 29137 26410 23869 21423 19129 16991 14915 13012 11392 9973 8572 7411 6416 5486 4700 3998 3423 2900 2468 2094 1762 1465 1238 1059 875 712 596 491 395 341 287 231 200 168 141 111 96 85 65 56 38 28 27 22 17 11 6 6 5 5 2 3 3 3 3 1 1 2 2 1 1 1 1 1 1 
0 0 0 250 250 250 303 351 420 603 837 834 1318 1871 2280 2951 3963 4987 6193 7621 9214 10981 13423 15855 18297 21041 24051 27159 30206 33439 36303 39080 41721 43826 45615 46832 47510 47686 47304 46406 45101 43418 41205 38966 36614 33825 31064 28554 25843 23384 20978 18726 16462 14598 12887 11166 9766 8491 7403 6303 5498 4735 4087 3485 2909 2423 2028 1718 1432 1192 983 847 726 603 493 420 350 292 256 205 161 140 120 102 84 73 55 47 42 34 27 19 13 9 7 5 3 3 3 3 2 2 1 1 1 
0 0 0 250 250 250 318 381 443 537 699 664 939 1350 1570 1923 2555 3350 4086 5092 6312 7568 9152 11019 12842 15107 17742 20434 23277 26259 29330 32310 35295 37838 39997 41957 43579 44666 45514 45676 45260 44541 43498 41920 39991 37876 35328 32971 30573 27957 25416 23025 20753 18604 16681 14719 13005 11514 10094 8814 7529 6533 5597 4804 4115 3498 3007 2529 2197 1842 1571 1365 1152 965 817 716 617 531 437 351 299 243 203 169 133 104 90 74 55 47 41 33 29 26 22 18 17 15 12 9 6 3 2 1 1 1 2 3 3 4 4 4 4 3 2 1 1 
0 0 0 250 250 250 306 364 423 499 614 496 637 894 1051 1282 1662 2134 2647 3333 4363 5387 6681 8259 10030 12062 14297 16842 19544 22489 25713 28795 31902 35113 38183 40811 43089 45058 46249 47155 47520 47249 46549 45486 43901 41894 39798 37399 34858 32140 29602 26904 24381 21931 19629 17520 15523 13721 11921 10489 9072 7895 6867 5922 5102 4370 3719 3141 2673 2258 1878 1604 1365 1174 1003 842 732 622 536 430 364 310 252 211 174 145 121 108 93 73 61 47 40 35 29 21 18 15 13 9 5 4 4 3 2 2 1 1 1 
0 0 0 250 250 250 306 358 396 558 770 773 1081 1565 1983 2526 3325 4271 5288 6614 8279 9912 11982 14524 17098 19810 22873 26006 29168 32573 35795 38556 41205 43690 45527 46847 47800 48000 47712 47063 45914 44198 42283 39974 37338 34770 32009 29198 26530 23908 21405 19132 16980 14965 13201 11602 10115 8755 7543 6556 5651 4811 4119 3485 2940 2491 2125 1764 1467 1245 1038 885 721 610 518 443 363 297 258 222 188 155 122 100 90 86 72 57 55 45 43 42 36 31 34 34 23 21 19 15 15 13 10 11 11 10 6 6 4 4 3 1 1 
0 0 0 250 250 250 311 380 429 528 655 539 754 1060 1234 1559 2102 2729 3429 4326 5424 6834 8474 10344 12472 14874 17602 20496 23640 26717 30088 33340 36431 39194 41794 44032 45685 47002 47675 47879 47567 46760 45492 43722 41786 39520 37044 34353 31592 29007 26300 23742 21290 18894 16737 14816 13022 11349 9897 8639 7436 6390 5473 4675 3999 3393 2836 2409 2021 1725 1456 1220 1011 853 721 607 510 430 349 292 247 202 175 146 117 98 92 78 67 54 47 41 37 31 19 16 13 9 4 3 2 1 
0 0 0 250 250 250 307 371 414 512 629 552 828 1242 1520 2006 2699 3497 4455 5674 7125 8635 10716 12978 15532 18258 21274 24406 27659 31012 34281 37300 40141 42744 44799 46434 47683 48344 48314 47829 46898 45331 43566 41555 39072 36421 33812 31088 28230 25681 23106 20510 18233 16098 14095 12401 10843 9407 8158 7105 6043 5214 4456 3755 3175 2687 2263 1911 1614 1365 1156 985 820 677 572 449 355 297 237 194 170 136 116 94 84 71 63 54 44 39 34 33 31 31 23 21 19 17 16 15 12 9 9 7 5 4 2 2 1 1 1 1 
0 0 0 249 249 249 302 356 411 523 671 587 834 1190 1458 1793 2329 2898 3573 4515 5566 6810 8397 10342 12508 14989 17733 20668 23617 26794 29986 33149 36109 38765 41260 43306 44989 46228 46995 47006 46739 46038 44652 42922 41120 38815 36297 33854 31066 28263 25727 23237 20748 18570 16464 14508 12776 11246 9759 8448 7293 6172 5305 4510 3845 3249 2772 2393 2063 1766 1499 1259 1055 916 790 658 533 444 359 309 269 228 185 150 125 106 87 65 49 46 43 32 30 25 22 21 17 12 9 9 9 7 5 5 4 4 3 4 2 2 2 2 2 2 2 1 1 1 1 
0 0 0 249 249 249 304 362 405 500 715 712 1035 1452 1833 2388 3238 4122 5186 6554 8250 10004 12231 14600 17113 19999 23066 26206 29279 32521 35515 38482 41081 43280 45042 46366 47097 47420 47076 46193 45029 43473 41419 39065 36615 33992 31340 28668 25956 23377 20953 18681 16608 14609 12907 11323 9929 8602 7515 6527 5628 4794 4094 3528 3019 2571 2165 1830 1531 1333 1140 958 787 671 578 490 408 345 292 245 207 181 147 111 98 82 74 66 53 47 40 35 29 29 27 22 21 15 14 16 16 13 11 9 7 9 7 5 7 7 6 6 5 3 3 3 1 1 2 2 2 2 2 2 1 1 
0 0 0 250 250 250 314 379 443 557 732 757 1085 1599 2086 2752 3698 4789 6093 7539 9267 11221 13566 16038 18737 21700 24749 28020 31372 34610 37696 40644 43188 45163 47071 48120 48556 48506 47940 46909 45336 43407 40944 38515 35856 33093 30279 27427 24782 22318 19918 17664 15604 13721 11951 10434 9023 7817 6736 5740 4983 4243 3647 3123 2666 2262 1894 1632 1351 1162 976 812 692 583 494 427 353 295 254 205 171 150 124 100 91 73 66 54 44 37 31 24 20 16 15 14 11 9 7 5 6 6 5 4 4 3 2 2 1 
0 0 0 250 250 250 334 398 457 553 727 670 902 1260 1526 1961 2751 3491 4463 5798 7375 9148 11429 13851 16310 19253 22353 25488 28752 32078 35236 38284 41111 43473 45486 46961 47748 48186 48044 47364 46358 44921 42949 40860 38494 35851 33167 30426 27535 24855 22349 19805 17644 15584 13629 11961 10459 9063 7818 6767 5854 5001 4285 3636 3087 2626 2239 1909 1584 1340 1138 952 814 688 564 475 407 326 259 227 182 148 130 102 81 70 56 45 43 38 34 29 27 26 18 17 15 14 11 9 5 5 4 4 4 3 3 3 3 1 1 
0 0 0 250 250 250 314 366 424 515 661 576 909 1326 1611 2003 2631 3412 4304 5516 6684 8213 10184 12432 14719 17354 20211 23226 26545 29992 33182 36331 39500 42124 44561 46373 47638 48241 48410 47924 47069 45827 43980 41922 39651 37128 34537 31811 28978 26255 23651 21166 18801 16568 14581 12877 11205 9727 8449 7288 6257 5346 4550 3897 3288 2764 2323 1961 1664 1431 1204 995 877 762 643 539 441 370 305 257 215 183 155 128 112 92 81 70 64 52 40 37 32 27 26 23 18 13 11 7 5 6 5 4 2 2 2 2 2 1 1 1 1 1 
0 0 0 249 249 249 313 361 415 528 696 641 964 1368 1639 2159 3085 3935 4896 6294 7783 9569 11799 14198 16631 19515 22700 25773 29165 32478 35803 38863 41525 43949 45864 47469 48267 48664 48343 47579 46491 44810 42815 40467 38040 35227 32503 29810 27004 24395 21878 19479 17162 15241 13361 11614 10171 8826 7592 6488 5593 4749 4038 3425 2871 2391 2036 1732 1452 1214 1022 856 705 591 493 412 347 280 235 203 174 136 115 84 70 60 47 35 32 30 21 18 16 9 6 6 5 3 3 3 1 1 
0 0 0 250 250 250 308 356 409 535 669 586 824 1170 1531 2006 2648 3241 4172 5413 6788 8310 10301 12548 14948 17778 20631 23502 26591 29912 32923 35882 38788 41218 43437 45290 46442 47099 47425 47220 46365 45120 43495 41541 39365 36965 34341 31519 28833 26248 23618 21153 18988 16890 14910 13138 11509 10117 8815 7628 6592 5636 4850 4213 3622 3071 2667 2295 1939 1646 1366 1145 958 798 669 551 454 375 318 262 226 192 153 125 113 101 84 71 57 50 43 36 26 20 18 17 14 9 9 8 6 4 3 1 1 1 
0 0 0 250 250 250 327 397 446 562 711 616 1042 1561 1901 2458 3367 4297 5402 6799 8347 10180 12616 15087 17599 20577 23646 26854 29943 33071 36128 39086 41808 44090 45935 47289 48136 48334 47888 47014 45662 43842 41825 39462 36963 34374 31584 28861 26172 23505 21030 18735 16614 14600 12848 11160 9653 8411 7198 6164 5221 4414 3720 3152 2695 2267 1922 1604 1343 1137 957 805 660 544 453 380 313 260 222 178 147 117 99 75 62 55 50 44 33 32 23 17 11 10 7 6 6 4 4 3 3 2 
0 0 0 250 250 250 308 366 414 515 632 534 807 1105 1307 1625 2217 2847 3558 4410 5488 6748 8326 10179 12142 14431 17020 19771 22613 25758 28945 31843 34896 37853 40334 42645 44469 45722 46408 46908 46532 45627 44553 42849 40951 38776 36383 33794 31363 28618 25901 23456 21012 18683 16660 14710 12795 11331 9954 8622 7421 6432 5516 4756 4094 3474 2920 2514 2168 1822 1544 1299 1119 942 815 681 594 510 429 379 307 260 228 197 163 138 129 102 95 81 70 60 56 49 39 34 22 18 12 8 5 5 4 4 3 2 2 2 2 1 1 
0 0 0 250 250 250 301 377 437 520 668 620 940 1316 1624 2107 2792 3672 4644 5712 6966 8497 10532 12644 15020 17662 20502 23591 26799 29918 32937 35937 38751 41055 43077 44799 45967 46499 46679 46329 45423 44159 42690 40507 38287 36146 33652 31044 28462 26017 23440 21146 18883 16755 14783 12986 11343 9896 8572 7490 6490 5562 4791 4157 3614 3052 2606 2222 1862 1588 1319 1108 900 754 624 518 437 381 306 251 213 181 155 127 110 84 76 62 48 35 28 26 17 12 8 6 5 5 2 
0 0 0 250 250 250 304 352 401 473 613 532 748 1098 1436 1891 2586 3428 4390 5575 7085 8794 10837 13098 15486 18222 21065 24173 27302 30382 33459 36335 39139 41692 43849 45430 46623 47121 47207 46930 46050 44667 42959 40987 38639 36266 33637 30963 28350 25639 23103 20623 18352 16323 14435 12661 10995 9610 8336 7264 6234 5345 4545 3882 3327 2769 2348 1961 1697 1433 1226 1043 891 772 648 545 436 374 323 273 215 179 151 129 112 97 77 62 53 44 36 29 20 17 14 10 8 6 3 3 3 1 1 1 
0 0 0 250 250 250 318 377 455 548 791 848 1172 1669 2015 2532 3267 4180 5173 6322 7874 9484 11617 14074 16620 19441 22406 25579 28722 32119 35195 38087 40712 42918 44750 46079 47026 47186 47109 46502 45373 43881 42063 40006 37430 34834 32157 29396 26739 24142 21635 19295 17213 15238 13333 11645 10179 8854 7694 6577 5683 4926 4238 3613 3111 2661 2240 1911 1587 1332 1136 959 778 634 538 449 386 329 272 217 180 165 144 125 101 82 67 60 54 49 44 39 40 39 33 31 25 22 18 17 13 10 9 8 8 6 5 6 6 5 4 2 2 3 3 1 1 1 1 1 1 
0 0 0 250 250 250 317 363 414 507 654 555 822 1156 1290 1672 2261 2830 3425 4367 5412 6495 8102 9781 11468 13549 16069 18531 21088 24054 26881 29849 32748 35395 37817 40000 41918 43455 44585 45079 45304 45030 44321 43151 41638 39694 37571 35265 32846 30459 27912 25488 23078 20766 18539 16494 14593 12805 11201 9753 8496 7327 6342 5481 4684 4015 3459 2956 2508 2165 1834 1582 1334 1143 944 801 700 581 504 424 360 294 244 215 165 139 128 108 95 81 64 46 41 37 31 30 23 25 24 24 21 18 15 11 9 6 5 3 3 3 1 1 1 1 1 
0 0 0 250 250 250 304 356 422 520 660 583 859 1161 1452 1956 2626 3434 4534 5874 7385 9267 11552 14062 16759 19797 22992 26419 29805 33247 36551 39748 42586 45042 46941 48395 49467 49856 49651 48690 47413 45629 43599 41129 38179 35251 32386 29502 26668 23899 21267 18771 16745 14692 12755 11135 9699 8454 7282 6298 5359 4636 3981 3412 2850 2388 2041 1709 1465 1237 1035 873 746 659 528 439 377 304 245 193 164 119 103 83 64 60 54 40 38 32 29 26 22 17 13 12 8 6 4 4 3 2 1 1 1 1 
0 0 0 250 250 250 303 361 408 542 713 652 988 1472 1842 2398 3172 3968 5124 6644 8248 9995 12190 14648 17284 20197 23273 26378 29580 32960 36044 38799 41461 43745 45346 46510 47351 47311 47018 46493 45183 43578 41652 39502 36917 34431 31805 29015 26370 23778 21380 19005 16874 14969 13113 11378 9924 8586 7397 6402 5524 4643 3988 3425 2922 2485 2123 1775 1468 1254 1054 894 732 618 531 451 394 327 269 230 202 169 133 108 91 78 67 58 46 39 35 34 29 26 24 18 13 15 13 10 7 5 4 4 4 1 1 
0 0 0 249 249 249 295 345 402 532 779 820 1191 1728 2180 2853 3767 4826 6009 7560 9227 11218 13666 16369 19200 22280 25588 28800 32197 35304 38284 41074 43374 45156 46594 47582 47985 48021 47431 46216 44632 42885 40598 38062 35408 32605 29881 27134 24600 22053 19711 17518 15512 13636 11825 10351 8981 7758 6644 5744 4900 4198 3643 3048 2599 2211 1925 1609 1346 1131 937 796 680 578 456 381 327 265 224 190 148 110 90 76 60 52 45 37 30 24 20 13 13 8 4 2 2 2 1 1 
0 0 0 250 250 250 315 380 454 622 879 891 1275 1766 2229 2936 4038 5129 6534 8339 10342 12740 15398 18331 21290 24731 28157 31552 34866 38034 40980 43529 45862 47575 48692 49206 49265 48764 47916 46387 44412 42065 39627 36905 34131 31281 28308 25651 22961 20506 18104 16035 14050 12173 10630 9197 7922 6773 5771 4930 4175 3593 3028 2539 2149 1796 1528 1254 1076 899 744 641 527 440 368 313 261 201 166 128 113 98 81 68 53 45 34 32 24 18 13 14 13 12 10 7 6 5 4 1 1 
