0 0 0 248 248 248 297 360 410 496 617 499 682 986 1237 1621 2259 2935 3686 4832 6161 7715 9642 11769 14134 16957 20100 23168 26485 29777 33063 36478 39611 42370 44840 46945 48407 49479 50066 49900 49220 48322 46782 44710 42570 40083 37395 34699 31982 29064 26463 24149 21791 19615 17652 15721 14081 12570 11027 9716 8616 7639 6694 6009 5302 4651 4146 3665 3215 2857 2521 2184 1889 1654 1480 1305 1141 997 897 794 704 622 542 486 447 399 347 292 251 223 193 162 134 118 111 104 101 90 88 82 76 61 55 48 41 33 24 24 21 20 18 16 10 12 11 9 6 6 5 5 5 1 2 1 1 1 1 1 1 1 0 
0 0 0 250 250 250 376 486 598 797 1208 1438 1933 2742 3621 4699 6089 7701 9333 11308 13727 16294 19010 21953 25211 28499 32011 35339 38558 41448 44090 46223 47855 49153 49684 49809 49269 48342 46971 45465 43287 40854 38284 35737 33123 30426 27785 25172 22835 20647 18710 16670 14833 13275 11891 10573 9411 8235 7212 6377 5729 4998 4367 3813 3371 3019 2675 2366 2068 1867 1643 1476 1318 1151 1000 878 744 653 575 505 424 380 342 312 269 221 207 188 168 145 141 127 112 103 88 78 70 65 51 41 40 40 37 32 26 20 20 21 19 15 15 14 15 12 8 6 6 7 5 5 4 6 5 5 4 3 3 2 2 0 
0 0 0 250 250 250 318 388 448 544 689 601 828 1132 1412 1847 2435 3307 4242 5419 6985 8729 10726 13134 15788 18629 21709 24994 28305 31687 35047 38071 40933 43588 45794 47451 48500 49264 49406 49005 48199 46651 44959 42954 40794 38234 35702 33106 30485 27985 25435 23075 20813 18718 16750 15004 13246 11727 10444 9268 8171 7259 6373 5633 5045 4478 3936 3450 3056 2631 2329 2073 1807 1594 1381 1233 1072 939 836 684 599 535 482 402 353 301 270 236 209 174 149 143 127 126 109 100 93 80 76 59 48 36 33 31 26 24 22 21 20 16 14 13 12 10 9 7 5 5 2 2 2 1 0 
0 0 0 249 249 249 309 368 420 531 735 733 1036 1450 1910 2628 3570 4668 5866 7418 9189 11259 13743 16219 19024 22059 25272 28552 31784 35154 38147 41172 43826 45971 47427 48756 49696 49629 49241 48164 46633 45031 43357 40867 38237 35652 32976 30370 27813 25249 22814 20511 18509 16658 14867 13319 11859 10461 9242 8297 7232 6359 5634 4969 4397 3867 3387 2947 2594 2296 2036 1788 1564 1359 1187 1044 924 809 694 611 539 493 435 372 327 291 264 226 201 172 157 145 121 101 96 87 79 67 59 49 46 42 34 32 28 27 19 18 14 9 7 5 5 4 2 2 2 2 2 3 3 2 2 1 2 2 2 1 2 2 2 3 2 2 2 2 1 1 1 0 
0 0 0 249 249 249 300 359 417 587 830 911 1346 1910 2678 3581 4804 6119 7730 9536 11593 13994 16527 19513 22548 25767 29091 32344 35846 38949 41807 44187 46235 47965 48875 49702 49634 49015 47941 46488 44720 42450 40125 37433 34668 32182 29637 27088 24560 22258 20066 18005 16200 14380 12833 11421 10177 9036 8081 7150 6266 5517 4849 4258 3692 3220 2812 2459 2144 1896 1644 1434 1272 1120 986 870 770 681 617 540 479 414 374 337 296 267 232 208 185 165 138 128 123 106 84 79 74 66 60 46 40 34 33 27 22 19 19 18 13 10 8 7 6 5 4 3 3 1 1 1 0 
0 0 0 250 250 250 308 361 405 483 588 498 714 967 1184 1616 2169 2830 3615 4656 5900 7320 9069 10993 13383 15943 18938 21957 25113 28545 32000 35203 38295 41152 43571 45771 47635 48747 49332 49629 49138 47986 46836 45018 42829 40584 37984 35382 32726 30420 27681 25262 22853 20548 18654 16680 14927 13259 11775 10383 9191 8196 7165 6344 5578 4916 4323 3834 3385 2935 2596 2263 1988 1764 1524 1312 1145 1016 891 767 683 587 527 460 416 342 286 254 214 190 172 159 138 128 122 103 94 71 54 48 45 37 25 27 25 24 21 18 13 12 12 7 5 7 8 7 6 6 5 4 3 1 0 
0 0 0 250 250 250 314 361 403 487 584 482 824 1209 1528 2156 3019 3847 4962 6343 7891 9820 12034 14284 16872 19994 23279 26667 29949 33236 36628 39907 42795 45135 46960 48394 49458 49894 49508 48747 47603 46061 44155 41964 39628 37063 34584 31971 29339 26852 24486 22123 19840 17809 15906 14160 12501 11026 9777 8613 7613 6726 5936 5245 4634 4054 3503 3107 2687 2317 2041 1799 1587 1401 1231 1081 943 826 729 626 541 462 419 357 322 273 236 198 173 157 126 114 96 85 65 59 50 46 42 32 26 19 20 17 13 8 7 4 4 4 2 1 1 1 0 
0 0 0 250 250 250 307 365 429 605 830 898 1290 1777 2299 3187 4269 5420 6858 8514 10368 12729 15467 18114 21013 24333 27667 31041 34408 37422 40253 42867 45052 46720 48096 48878 49253 49020 48359 47172 45588 43676 41424 38959 36435 33813 31133 28520 26113 23702 21274 19208 17213 15444 13722 12270 10840 9581 8609 7613 6658 5839 5181 4597 4119 3658 3158 2765 2436 2184 1877 1644 1431 1254 1121 992 879 775 697 607 527 474 419 354 305 275 252 222 200 170 149 145 127 100 91 86 74 69 65 57 55 51 43 34 31 28 22 18 18 21 20 17 17 14 14 14 15 10 10 10 9 8 7 7 3 3 2 1 1 2 1 1 1 1 1 1 1 0 
0 0 0 249 249 249 304 361 416 507 607 489 701 1111 1529 2014 2786 3713 4786 6367 8211 9936 12074 14576 17254 20133 23272 26234 29376 32827 36083 39264 42126 44818 46861 48544 49749 50210 50104 49405 48160 46557 44733 42452 39770 37275 34653 31878 29441 26661 24181 22011 19909 17752 15868 14244 12544 11239 9958 8732 7707 6875 6103 5383 4755 4160 3674 3233 2844 2489 2178 1935 1717 1513 1321 1177 1065 919 802 691 582 519 459 397 326 292 254 217 203 181 155 128 114 95 81 70 56 42 41 38 31 23 24 22 21 19 15 12 11 10 6 3 2 1 0 
0 0 0 250 250 250 336 419 481 642 952 998 1390 1950 2641 3607 4806 6133 7589 9417 11642 14060 16705 19601 22769 26092 29482 32962 36120 39046 41962 44339 46357 47812 48861 49359 49368 49067 48018 46665 44742 42770 40623 38022 35476 32853 30118 27549 25161 22731 20329 18366 16504 14669 13148 11613 10287 9122 8063 7062 6174 5440 4797 4242 3701 3257 2841 2471 2147 1883 1633 1439 1272 1097 988 873 783 680 580 509 447 396 345 314 270 249 231 198 167 148 134 121 92 77 59 49 44 37 35 29 29 21 22 25 22 20 17 17 19 20 16 12 13 12 10 9 6 6 5 4 2 2 2 1 1 0 
0 0 0 250 250 250 332 388 446 680 917 952 1354 1913 2499 3279 4560 5758 7241 9097 11276 13549 16261 19326 22276 25591 29054 32448 35757 39041 41888 44385 46499 48052 49083 49536 49494 48994 47978 46450 44474 42354 40076 37608 35042 32274 29682 27247 24891 22585 20318 18286 16293 14638 13007 11502 10217 9060 8016 7120 6303 5482 4855 4241 3730 3287 2860 2471 2155 1917 1682 1474 1280 1072 957 812 709 614 530 469 418 381 322 280 251 233 204 178 166 150 132 125 109 101 94 77 62 53 49 43 39 28 24 21 19 17 16 13 11 10 8 7 7 5 4 4 2 1 1 1 0 
0 0 0 250 250 250 318 370 428 630 836 845 1333 1910 2589 3493 4653 5923 7588 9595 11673 14123 16840 19784 22887 26325 29788 33087 36502 39597 42381 45035 47046 48554 49611 50165 49876 49328 48249 46532 44765 42576 39920 37277 34898 32124 29510 26988 24445 22056 19981 17921 15798 14124 12576 11156 9852 8678 7626 6729 5983 5257 4582 4010 3577 3154 2762 2408 2114 1855 1642 1428 1247 1078 936 834 732 642 562 491 417 371 316 268 233 195 164 135 114 91 76 64 54 47 42 37 32 32 30 27 26 23 22 19 17 12 10 10 8 5 5 5 3 3 3 3 3 3 1 0 
0 0 0 249 249 249 318 379 445 556 690 682 971 1290 1714 2299 3002 3863 4992 6284 7956 9937 12049 14541 17312 20290 23514 26924 30253 33569 36802 39824 42679 45120 46964 48359 49248 49627 49658 48938 47711 46108 44238 41996 39497 37002 34289 31656 29014 26458 23985 21671 19540 17493 15627 13908 12371 11005 9770 8738 7762 6819 6050 5363 4775 4227 3785 3318 2968 2633 2292 2040 1760 1562 1357 1157 1019 938 839 747 674 588 513 474 414 349 292 253 223 204 181 147 129 110 90 74 60 50 46 41 41 32 31 30 29 26 22 19 15 14 13 12 10 9 9 7 4 4 3 3 2 2 2 2 3 3 2 2 2 1 1 1 0 
0 0 0 250 250 250 304 372 429 540 728 735 1093 1443 1857 2398 3165 4130 5127 6437 8006 9996 12342 14920 17558 20449 23751 27076 30458 33603 36691 39669 42505 44930 46733 48216 49173 49579 49307 48590 47447 45724 43819 41515 38887 36400 33867 31190 28653 26225 23843 21647 19704 17756 15898 14243 12640 11336 10132 8925 7847 6907 6156 5472 4829 4195 3696 3298 2923 2615 2298 2031 1782 1610 1437 1244 1099 971 863 758 678 593 500 454 387 338 298 255 231 199 183 166 142 124 112 101 89 81 67 59 54 42 36 31 25 21 17 11 10 11 6 6 5 4 4 4 4 2 2 1 1 0 
0 0 0 250 250 250 308 367 426 548 722 710 1139 1589 2129 3023 4094 5299 6814 8624 10558 12863 15468 18000 20884 24087 27303 30617 33818 36852 39625 42351 44804 46570 47932 48685 48954 48823 48199 47150 45419 43596 41369 38863 36385 33800 31195 28489 26001 23601 21402 19371 17443 15634 14020 12539 11155 9851 8701 7713 6813 6011 5282 4714 4165 3650 3209 2819 2485 2201 1930 1659 1456 1304 1138 1004 874 750 672 569 494 430 370 329 286 245 215 204 177 152 133 117 105 97 76 66 65 54 52 45 41 41 38 26 22 22 22 21 21 18 17 17 12 11 9 8 4 2 2 2 2 1 0 
0 0 0 250 250 250 327 378 433 665 913 964 1491 2223 2950 4008 5228 6654 8327 10344 12419 14737 17496 20309 23291 26509 29834 32916 36197 39403 42162 44761 46887 48302 49347 49947 49958 49051 47863 46170 44253 42185 39698 37052 34265 31731 29150 26663 24227 21809 19636 17728 15899 14226 12682 11194 9919 8813 7822 6929 6104 5373 4712 4157 3715 3264 2808 2440 2149 1907 1667 1470 1265 1097 983 866 758 635 562 496 427 380 341 289 257 229 210 189 158 136 117 109 93 80 69 58 51 45 36 32 29 29 26 25 24 20 17 13 11 6 5 4 4 3 3 3 2 2 1 0 
0 0 0 250 250 250 318 381 446 532 697 658 938 1324 1724 2252 2997 3952 5081 6544 8282 10154 12329 14869 17654 20555 23698 26932 30162 33587 36897 39967 42603 44978 46984 48462 49263 49650 49402 48739 47765 46222 44116 41865 39608 36961 34262 31560 28913 26488 24183 21813 19714 17681 15946 14292 12644 11198 9907 8825 7751 6865 6096 5314 4722 4097 3621 3186 2786 2470 2151 1884 1633 1459 1285 1107 974 839 718 631 551 484 421 384 317 293 251 226 206 173 164 144 135 112 97 80 65 65 50 40 32 26 25 21 18 17 15 13 11 11 7 7 6 4 2 2 2 3 4 4 4 3 3 2 2 1 0 
0 0 0 250 250 250 313 365 420 515 653 582 819 1128 1453 1952 2589 3421 4480 5726 7190 8846 10964 13323 16041 18766 21673 24765 28178 31592 34734 37723 40444 43165 45335 46997 48281 49035 49230 48863 48000 46536 44986 43026 40588 38137 35656 33126 30563 28106 25591 23274 21079 18977 16950 15201 13596 12131 10780 9653 8591 7565 6733 5905 5244 4598 4060 3537 3069 2731 2391 2097 1796 1586 1375 1223 1070 935 842 758 657 569 511 446 404 345 295 268 244 216 178 150 119 109 100 88 81 73 64 63 56 45 37 34 29 22 18 12 11 11 9 4 4 5 5 6 6 5 4 4 3 2 2 1 0 
0 0 0 250 250 250 325 389 445 560 708 743 1024 1382 1786 2408 3226 4173 5442 6902 8559 10788 13064 15667 18539 21677 24745 28067 31538 34560 37692 40464 43096 45246 47135 48231 48903 49221 48977 48206 46900 45313 43301 41160 38671 36051 33428 30797 28239 25706 23306 21050 19003 17099 15343 13820 12282 10907 9740 8691 7765 6889 6109 5357 4768 4238 3686 3209 2793 2472 2154 1929 1676 1472 1328 1183 1062 921 813 715 620 545 480 422 361 331 294 250 231 205 186 157 142 109 96 84 69 57 44 39 35 36 30 26 22 15 14 11 9 10 9 9 8 7 6 6 6 2 2 1 1 1 1 1 1 1 0 
0 0 0 250 250 250 299 348 391 519 635 556 821 1127 1431 1988 2718 3486 4550 5801 7152 8983 11258 13459 16087 19098 22216 25543 29054 32292 35556 38707 41546 44057 46047 47717 48772 49407 49396 49000 48090 46500 44919 42880 40611 38240 35556 32952 30268 27847 25301 22767 20512 18306 16460 14637 13033 11502 10154 8979 7910 7013 6094 5385 4711 4149 3616 3175 2813 2469 2186 1922 1675 1456 1271 1131 979 871 789 683 607 557 496 440 390 327 285 244 220 188 168 142 131 122 102 91 76 67 57 50 41 30 29 27 23 25 21 23 20 20 17 17 16 12 13 10 8 7 6 4 4 3 2 3 3 3 4 4 3 2 2 1 1 1 0 
0 0 0 250 250 250 314 385 434 528 660 616 862 1216 1584 2001 2607 3393 4359 5519 6960 8474 10349 12588 15155 17937 20937 24190 27418 31081 34542 37804 40847 43556 45942 47773 49209 49875 50042 49770 48863 47480 45751 43659 41350 38773 36228 33509 30807 28254 25683 23269 20912 18880 16822 15009 13493 11976 10622 9418 8364 7346 6495 5745 4970 4389 3862 3391 3003 2631 2321 2042 1824 1599 1404 1208 1043 915 811 701 611 551 484 457 414 371 323 304 265 229 202 170 146 123 113 93 84 72 61 55 47 46 39 33 25 22 21 13 11 10 8 8 7 7 5 5 4 3 4 3 3 2 2 2 2 1 0 
0 0 0 249 249 249 309 382 434 669 968 1006 1486 2172 2860 3826 5059 6208 7676 9552 11686 14005 16800 19634 22667 26116 29705 33115 36455 39637 42516 45008 47206 48769 49670 50013 49851 49375 48227 46630 44681 42449 40117 37664 35018 32219 29452 26967 24450 22120 19857 17833 15954 14200 12719 11338 10146 9022 7956 7093 6323 5554 4894 4304 3717 3268 2890 2474 2134 1903 1689 1489 1301 1134 993 898 787 673 560 487 437 370 319 278 244 215 188 157 133 120 98 84 77 69 61 58 53 40 41 35 32 25 22 21 18 18 13 11 9 9 9 5 6 6 7 5 5 5 4 4 2 1 0 
0 0 0 249 249 249 322 390 445 644 883 930 1334 1834 2399 3185 4241 5403 6779 8542 10465 12661 15161 17846 20864 23984 27241 30688 34039 37260 40373 43222 45573 47394 48866 49578 49901 49853 49015 47777 46137 44296 42060 39550 36909 34133 31512 28932 26264 23780 21448 19289 17249 15361 13672 12032 10724 9516 8406 7429 6605 5832 5094 4516 3935 3408 2972 2587 2274 1986 1762 1530 1350 1206 1055 938 819 729 630 546 484 429 374 334 297 271 249 236 208 182 167 142 125 104 94 72 62 49 44 41 35 29 23 22 19 16 14 12 10 9 6 7 7 6 4 4 2 3 2 1 1 2 2 2 2 1 1 1 1 0 
0 0 0 250 250 250 309 367 427 510 596 452 606 871 1087 1340 1848 2523 3386 4425 5650 7150 8906 10968 13192 15712 18533 21422 24703 27856 31249 34746 38008 41058 43655 46201 47817 49231 49899 49982 49458 48410 47055 45105 43100 40787 38222 35459 32896 30295 27725 25207 22829 20501 18443 16619 14821 13198 11665 10343 9141 8096 7155 6229 5510 4813 4186 3652 3205 2772 2444 2144 1854 1613 1434 1276 1123 989 853 774 661 584 509 443 370 317 283 242 204 177 161 144 135 115 93 78 75 67 60 46 37 32 30 27 24 21 16 16 17 17 13 12 12 10 10 10 9 8 6 5 2 1 1 0 
0 0 0 249 249 249 307 360 414 492 601 529 718 914 1141 1553 2145 2842 3790 4806 6148 7803 9768 11839 14204 16872 19680 22689 25972 29232 32460 35857 39011 41809 44427 46583 48115 49199 49804 49797 49262 48241 46632 44857 42660 40317 37819 35077 32367 29803 27277 24827 22543 20349 18274 16440 14662 13000 11535 10239 9103 8084 7097 6252 5548 4903 4314 3780 3310 2889 2565 2224 1932 1748 1567 1357 1179 1040 902 782 697 576 517 463 409 361 322 299 252 227 194 170 157 139 126 112 103 93 76 62 51 39 31 31 30 24 20 19 18 18 20 14 11 8 9 10 10 9 7 7 6 7 6 5 3 4 3 4 4 4 4 5 5 4 5 3 3 2 2 1 1 1 0 
0 0 0 250 250 250 330 391 441 618 807 785 1086 1538 1966 2551 3419 4302 5531 7047 8770 10797 13243 15927 18817 21974 25144 28517 31908 35243 38120 40992 43539 45678 47506 48800 49300 49293 49051 48138 46632 44852 42656 40077 37916 35268 32635 30056 27579 25157 22851 20720 18479 16723 14987 13264 11887 10575 9424 8379 7431 6587 5821 5274 4625 4108 3639 3224 2892 2529 2241 1956 1747 1549 1360 1205 1060 934 825 711 630 553 478 424 368 322 295 276 230 195 185 169 146 132 109 93 87 76 60 50 43 39 35 31 28 26 24 18 17 11 8 6 5 3 1 1 0 
0 0 0 250 250 250 322 369 439 602 780 734 1066 1505 1970 2613 3555 4665 5977 7634 9411 11575 13999 16690 19475 22410 25604 28865 32218 35465 38587 41475 43915 45952 47738 48891 49561 49577 49097 48122 46875 45239 43072 40596 38059 35496 32858 30185 27612 25130 22717 20590 18426 16460 14652 13136 11646 10264 9113 8072 7187 6326 5630 4884 4288 3851 3371 2978 2654 2344 2050 1816 1616 1426 1280 1127 976 868 744 663 575 501 425 362 318 276 245 216 195 167 141 124 110 98 88 80 60 49 42 37 25 28 28 22 20 15 11 13 13 6 4 4 4 4 4 2 1 1 1 0 
0 0 0 250 250 250 300 358 401 572 776 841 1260 1819 2551 3392 4532 5840 7345 9080 11163 13411 15987 18875 22006 25124 28391 31773 35002 38315 41208 43648 45596 47409 48761 49340 49492 49006 48051 46939 45411 43318 40897 38508 35884 33152 30634 27961 25377 23031 20890 18781 16850 15183 13422 11941 10581 9339 8218 7295 6464 5660 5033 4446 3975 3530 3137 2775 2475 2196 1955 1712 1511 1325 1150 992 864 768 675 589 507 451 407 365 314 279 245 220 191 162 139 121 109 98 81 65 61 50 45 37 32 25 22 22 20 20 16 14 15 15 14 10 11 9 9 10 8 6 5 6 4 4 3 2 2 1 1 0 
0 0 0 250 250 250 308 362 402 533 707 675 970 1328 1716 2389 3306 4253 5472 6932 8520 10476 12661 15093 17632 20554 23621 26897 30206 33526 36845 39903 42548 44957 46953 48241 49196 49723 49463 48769 47830 46201 44262 42157 39863 37254 34620 31910 29124 26576 24074 21731 19377 17238 15427 13737 12265 10928 9641 8509 7566 6673 5897 5167 4578 3973 3534 3091 2729 2405 2121 1882 1613 1428 1244 1100 990 850 715 617 574 508 438 390 330 297 264 224 193 167 143 131 121 111 99 86 77 71 67 56 45 35 35 33 33 29 23 20 19 16 15 14 11 10 9 8 6 6 2 3 4 2 2 2 2 2 2 1 0 
0 0 0 249 249 249 303 365 438 534 665 578 815 1149 1578 2173 2976 3895 5050 6500 8223 10067 12180 14571 17035 19938 23017 26099 29293 32470 35781 38843 41719 44200 46157 47766 48692 49250 48968 48348 47263 45613 43721 41611 39300 36894 34454 31901 29376 26904 24546 22252 20085 18057 16238 14472 12899 11535 10241 9028 8033 7128 6266 5527 4898 4313 3822 3399 3010 2669 2321 2065 1805 1593 1414 1239 1093 922 834 717 626 543 471 425 376 338 290 250 212 190 162 135 122 103 93 78 65 57 50 35 28 28 19 15 13 11 13 15 12 8 8 8 8 7 4 2 2 1 0 
0 0 0 250 250 250 314 373 416 513 657 642 982 1445 1973 2802 3856 5054 6569 8261 10210 12392 14989 17702 20666 23958 27191 30552 33997 37324 40398 43209 45639 47477 49039 49939 50090 49951 49124 47847 46115 44258 41969 39480 37021 34257 31574 28952 26429 23888 21524 19394 17386 15563 13939 12409 11081 9790 8616 7613 6674 5851 5109 4486 3901 3435 3037 2667 2377 2108 1850 1638 1400 1212 1072 940 806 698 604 491 439 385 324 281 239 208 186 161 138 121 99 84 80 69 62 55 48 40 35 32 26 23 19 18 16 14 14 12 10 10 8 6 6 5 6 6 5 4 5 5 4 4 2 1 2 2 1 1 1 1 1 1 0 
0 0 0 250 250 250 301 359 401 571 744 732 1064 1381 1710 2383 3192 4056 5315 6766 8438 10567 13043 15478 18342 21378 24428 27703 31220 34449 37590 40511 43312 45779 47686 48941 49687 49984 49606 48905 47482 45732 43801 41527 38989 36436 33770 31044 28292 25655 23173 21000 18782 16674 14887 13288 11909 10616 9367 8257 7314 6486 5737 5087 4483 3922 3443 3022 2654 2351 2112 1845 1613 1423 1274 1113 993 885 768 664 576 503 430 379 319 263 215 190 163 136 116 93 77 67 60 49 44 41 39 36 35 34 31 29 23 21 20 17 16 12 9 7 8 7 4 6 4 3 4 4 3 3 3 1 1 1 0 
0 0 0 250 250 250 313 369 415 542 708 640 899 1241 1634 2127 2749 3539 4496 5840 7415 9212 11244 13645 16337 19159 22338 25542 28855 32256 35685 38829 41760 44517 46619 48175 49298 49829 49687 49219 48176 46618 44803 42643 40255 37861 35244 32605 30043 27492 25015 22737 20546 18376 16560 14764 13110 11642 10284 9140 8015 7030 6158 5369 4712 4133 3650 3192 2837 2492 2185 1953 1738 1515 1338 1190 1072 971 867 746 630 559 503 440 389 356 315 283 259 235 211 191 156 121 116 107 93 77 73 63 64 62 54 52 49 44 37 35 30 25 23 19 17 19 18 15 13 12 9 8 7 4 2 2 1 1 2 1 1 2 2 2 2 2 1 1 2 1 2 2 2 3 3 
0 0 0 249 249 249 302 370 411 484 630 581 830 1236 1643 2216 2977 3864 4936 6416 8233 10171 12470 14972 17740 21117 24436 27706 31104 34447 37708 40820 43543 45517 47317 48634 49223 49449 49109 48162 46873 45281 43378 41184 38768 36289 33601 31039 28518 26066 23597 21305 19273 17232 15484 13776 12302 10891 9717 8644 7617 6730 5953 5329 4691 4120 3636 3170 2807 2458 2141 1859 1619 1442 1237 1086 954 862 773 685 605 538 464 404 346 305 260 237 192 165 149 135 117 107 97 84 86 78 70 57 54 44 41 35 29 25 21 19 17 14 13 12 10 11 12 10 9 11 9 9 12 9 9 9 8 5 5 4 1 1 0 
0 0 0 250 250 250 313 371 418 603 836 822 1213 1721 2242 3011 4059 5229 6559 8266 10179 12275 14823 17532 20423 23525 26932 30101 33519 36633 39662 42598 44944 46910 48328 49403 49741 49827 49107 47814 46410 44520 42352 39951 37381 34650 31936 29283 26558 24068 21680 19473 17382 15532 13932 12404 11034 9732 8593 7645 6762 6006 5289 4619 4072 3577 3138 2708 2374 2066 1801 1589 1392 1236 1055 929 806 703 601 527 481 422 375 329 280 238 209 174 140 115 95 69 68 59 47 44 35 31 27 25 21 17 15 13 15 14 14 13 8 10 10 8 6 5 3 3 3 0 
0 0 0 250 250 250 335 399 474 598 794 735 986 1407 1877 2458 3304 4420 5662 7256 9191 11294 13553 16297 19118 22200 25382 28737 31906 35279 38568 41349 43928 45953 47886 48831 49611 49553 49149 48226 46821 44984 42699 40583 38003 35461 32755 30166 27692 25287 22933 20714 18648 16619 14818 13202 11709 10455 9235 8134 7186 6443 5704 5075 4477 3909 3471 3050 2715 2341 2036 1766 1518 1340 1184 1032 887 778 687 600 539 467 408 356 316 302 259 217 192 172 148 138 126 107 98 88 71 62 52 42 39 33 30 30 31 28 23 21 17 16 14 10 9 9 7 6 6 4 4 4 4 3 3 2 0 
0 0 0 250 250 250 305 376 428 533 707 687 1042 1476 1968 2676 3707 4858 6214 7926 9757 11860 14449 17169 20059 23235 26560 29757 33187 36497 39406 42273 44579 46425 47786 48934 49291 49240 48762 47698 46338 44517 42437 39984 37564 34816 32161 29405 26888 24539 22194 20010 17926 16185 14449 12900 11355 10077 8999 7956 7052 6203 5469 4832 4295 3755 3287 2912 2553 2270 1981 1753 1561 1383 1231 1080 932 815 726 639 552 480 412 353 322 277 228 200 172 148 131 117 103 95 86 75 64 53 48 42 33 33 28 23 22 20 17 15 11 6 6 8 7 5 6 6 8 8 8 7 7 6 5 5 3 3 3 1 1 1 1 1 1 1 1 1 1 1 1 1 1 1 0 
0 0 0 250 250 250 316 376 425 557 799 869 1256 1822 2476 3331 4546 5974 7504 9285 11506 13960 16631 19577 22620 25659 29153 32753 35991 39066 42012 44540 46665 48508 49401 49613 49687 49109 48056 46638 44699 42423 40186 37814 35097 32435 29845 27213 24831 22498 20293 18206 16310 14589 12958 11542 10254 9106 7978 7062 6282 5561 4847 4263 3742 3308 2960 2622 2278 2024 1820 1581 1385 1236 1083 956 825 714 622 551 493 428 362 314 289 263 234 223 184 160 151 131 110 94 75 62 58 49 38 36 33 29 28 25 20 17 16 14 12 11 7 5 5 4 3 3 2 1 2 2 2 2 2 1 1 1 0 
0 0 0 250 250 250 293 349 413 561 746 704 1005 1406 1874 2530 3357 4308 5479 6953 8589 10456 12677 15211 17973 20988 24239 27466 31005 34368 37607 40662 43265 45500 47096 48607 49291 49493 49116 48083 46869 45129 43167 40691 38248 35763 33187 30641 28064 25684 23398 21208 19066 17107 15364 13782 12364 10993 9803 8731 7721 6867 6048 5314 4629 4142 3661 3234 2881 2526 2233 1958 1718 1449 1258 1091 956 846 734 647 571 505 445 383 330 282 253 226 200 174 159 147 127 111 97 82 65 58 45 32 31 28 22 21 19 16 11 10 7 5 3 2 1 1 1 1 1 0 
0 0 0 250 250 250 320 381 451 602 768 708 976 1428 1856 2562 3412 4319 5594 7228 9133 11182 13618 16374 19342 22694 25936 29294 32728 36017 39121 41775 44181 46121 47860 48849 49172 49368 48895 47997 46592 44890 42843 40493 38128 35427 32806 30170 27689 25191 22778 20621 18526 16543 14769 13179 11642 10299 9082 8016 7090 6275 5503 4867 4343 3818 3309 2926 2559 2240 1998 1698 1463 1279 1122 979 867 745 641 566 494 431 381 334 285 257 224 194 171 149 129 109 103 90 78 71 59 49 41 39 30 31 27 25 23 22 22 19 18 14 11 10 7 5 4 5 5 3 3 1 2 2 2 2 2 2 2 3 2 2 2 1 1 2 2 1 1 3 4 4 4 3 3 
0 0 0 250 250 250 328 397 473 649 891 951 1415 1990 2623 3499 4738 6168 7796 9788 11978 14471 17326 20456 23574 26844 30221 33461 36707 39889 42646 44930 47024 48561 49478 49786 49714 48991 47851 46300 44253 41919 39468 37082 34448 31683 29105 26647 24158 21907 19824 17790 15856 14282 12657 11186 10032 8902 7821 6913 6080 5310 4702 4145 3577 3122 2783 2464 2215 1946 1713 1509 1347 1178 1043 906 803 711 615 531 450 410 361 323 264 227 203 186 173 146 134 113 106 96 81 67 56 58 48 45 40 35 34 34 34 27 25 24 21 17 17 15 13 12 12 9 8 7 4 3 3 3 1 1 1 1 1 1 1 0 
0 0 0 250 250 250 303 353 403 471 657 657 913 1231 1688 2258 2984 3914 5003 6325 8006 9879 11889 14494 17205 20162 23249 26464 29749 33111 36497 39440 42181 44607 46629 48394 49396 49796 49714 48935 47851 46352 44560 42102 39722 37224 34561 32007 29363 26774 24264 22008 19782 17776 15896 14233 12732 11306 9980 8796 7770 6794 5981 5219 4601 4068 3597 3184 2800 2524 2218 1939 1687 1477 1292 1124 990 849 738 648 554 473 404 359 310 283 250 236 212 181 161 141 125 104 92 72 63 55 46 43 36 28 27 22 21 19 19 16 14 15 12 11 11 9 8 6 6 5 3 2 1 2 1 1 2 2 2 2 2 1 1 1 0 
0 0 0 250 250 250 329 390 436 539 661 554 786 1141 1433 1946 2726 3498 4508 6003 7621 9400 11665 14085 16669 19720 22890 25973 29142 32582 35714 38794 41803 44127 46327 48048 49278 49726 49798 49402 48189 46870 44929 42655 40117 37634 34935 32145 29524 26976 24451 22144 20097 17980 16141 14438 12851 11301 10085 8955 7922 7012 6196 5433 4803 4287 3734 3248 2822 2521 2198 1919 1704 1506 1339 1179 1054 903 802 714 608 529 472 429 371 340 305 263 236 207 184 161 150 132 114 110 97 94 76 64 58 53 46 41 35 27 25 18 13 8 6 2 2 2 2 2 2 1 1 1 0 
0 0 0 249 249 249 308 371 429 548 682 666 964 1338 1920 2729 3754 4936 6511 8194 10213 12563 15062 17653 20667 23909 27044 30362 33696 36817 39848 42721 44837 46876 48482 49548 49924 49909 49170 47968 46485 44335 42075 39575 36957 34155 31438 28743 26251 23771 21356 19090 17078 15234 13652 12148 10804 9565 8413 7420 6497 5727 4980 4368 3772 3328 2948 2586 2278 2012 1772 1569 1366 1188 1031 915 807 715 629 558 501 439 391 348 328 288 244 212 189 167 136 128 99 93 82 69 57 59 55 44 37 31 29 27 24 18 16 16 16 13 14 14 14 12 12 13 11 10 7 6 6 7 7 7 7 7 7 7 7 5 4 4 4 4 3 3 3 3 4 2 2 2 2 
0 0 0 250 250 250 317 374 422 550 803 823 1143 1652 2170 2970 4061 5243 6535 8309 10284 12438 15067 17831 20730 23924 27205 30453 33713 37011 39953 42484 44663 46680 48114 49051 49472 49336 48704 47655 46300 44295 42068 39686 37092 34404 31706 29263 26691 24159 21899 19563 17641 15741 14039 12369 10972 9726 8610 7676 6723 5942 5205 4517 3921 3448 3022 2644 2307 1995 1761 1593 1392 1222 1064 924 813 723 618 519 463 397 360 333 307 274 242 222 198 181 156 138 113 98 95 84 72 69 66 54 51 49 39 38 35 29 24 26 21 21 22 20 21 19 17 14 16 12 8 8 6 6 5 4 3 3 3 2 2 1 1 1 0 
0 0 0 250 250 250 315 370 419 513 745 793 1222 1789 2504 3416 4599 6039 7713 9700 11980 14530 17205 20095 23256 26515 29781 33132 36232 39306 42063 44692 46820 48376 49425 49799 49657 49047 48037 46439 44415 42124 39719 37135 34636 31870 29185 26541 24131 21859 19786 17780 15896 14161 12686 11282 9970 8841 7722 6858 6050 5389 4715 4185 3706 3288 2888 2525 2219 1939 1696 1503 1299 1149 1000 879 782 690 609 532 468 413 364 313 256 222 195 166 148 121 105 90 78 68 52 47 38 34 30 25 22 21 21 16 16 14 9 8 7 5 5 4 3 2 2 2 2 2 1 1 1 1 0 
0 0 0 250 250 250 314 366 422 604 787 746 1137 1555 2099 2886 3754 4759 6066 7698 9497 11476 13828 16405 19303 22366 25460 28700 31974 35431 38471 41165 43662 45739 47433 48510 49108 49116 48715 47931 46421 44766 42718 40504 38036 35343 32642 29978 27572 25015 22732 20454 18372 16525 14789 13151 11739 10388 9205 8190 7250 6408 5695 5057 4384 3889 3372 2931 2568 2239 1944 1715 1508 1327 1184 1035 891 791 680 563 508 451 375 346 306 273 250 222 173 157 140 117 97 84 69 66 62 51 42 39 37 33 31 23 23 21 21 15 13 12 10 9 7 5 3 3 2 2 1 1 0 
0 0 0 249 249 249 312 383 438 553 699 660 928 1319 1717 2265 3008 3835 4855 6203 7683 9351 11400 13662 16199 19083 22180 25375 28766 32278 35472 38573 41551 44063 46283 47891 49026 49704 49888 49513 48438 47061 45242 43131 40603 37905 35227 32602 30022 27404 24763 22389 20312 18287 16395 14578 12934 11521 10263 9081 8063 7087 6208 5478 4824 4236 3773 3335 2896 2538 2265 1983 1747 1545 1340 1174 1054 936 820 722 652 530 464 402 341 288 260 223 193 192 170 153 130 119 109 93 78 67 62 55 52 45 36 34 26 21 18 17 14 13 12 13 14 13 14 13 12 10 9 8 7 7 5 4 3 3 2 2 1 1 1 0 
0 0 0 250 250 250 328 389 443 579 790 825 1298 1836 2347 3142 4185 5292 6622 8108 9844 11843 14244 16995 19844 23010 26268 29677 32932 36215 39213 41865 44173 46196 47849 48901 49353 49520 49132 48031 46593 44762 42486 40125 37719 35010 32368 29860 27382 24836 22550 20307 18307 16335 14486 12853 11427 10150 8966 7956 6971 6190 5493 4808 4200 3688 3214 2799 2469 2091 1804 1593 1399 1231 1085 955 823 725 631 556 470 400 343 285 243 205 188 156 144 130 108 100 84 79 67 60 50 41 36 31 28 25 23 17 16 13 12 11 9 10 10 10 10 8 7 7 7 3 3 4 4 4 4 3 3 3 3 1 0 
0 0 0 250 250 250 311 377 437 579 743 780 1226 1811 2449 3284 4434 5812 7427 9384 11479 13875 16722 19760 22909 26105 29356 32630 35950 39013 41733 44285 46378 47987 49311 49963 49908 49530 48468 46959 45178 43123 40729 38134 35610 32897 30358 27679 25103 22716 20399 18312 16321 14489 12867 11472 10179 8997 7934 7010 6217 5505 4845 4249 3705 3245 2890 2521 2178 1914 1649 1466 1292 1136 1002 874 771 681 604 525 474 426 364 314 291 257 244 208 184 158 137 124 104 88 68 57 57 48 43 42 37 33 25 23 15 13 10 7 4 3 3 2 1 1 1 1 0 
0 0 0 250 250 250 327 390 445 601 825 890 1257 1766 2296 2994 3953 5018 6318 7894 9748 11768 14204 16930 19915 22981 26264 29517 32815 36131 39228 42038 44351 46478 48014 49043 49570 49517 48980 47908 46513 44646 42450 40125 37550 34909 32170 29441 26786 24253 21900 19661 17647 15800 14054 12528 11114 9816 8729 7700 6780 5942 5215 4608 4049 3588 3132 2759 2390 2093 1854 1625 1437 1271 1104 978 888 769 683 597 545 501 455 397 342 313 264 243 217 180 156 141 127 116 105 84 66 67 56 50 46 38 33 31 28 20 20 22 17 17 16 15 15 16 14 11 11 9 9 6 6 4 3 2 2 2 2 2 0 
0 0 0 249 249 249 304 355 406 472 604 499 712 1087 1479 1935 2640 3536 4615 5978 7588 9274 11358 13868 16491 19320 22281 25544 28779 32124 35300 38228 41076 43574 45730 47258 48456 49065 49242 48891 47827 46522 44846 42727 40458 38046 35433 32706 30092 27518 24978 22713 20462 18354 16365 14667 13121 11617 10283 9083 7931 7008 6186 5464 4810 4218 3708 3239 2882 2479 2170 1898 1676 1482 1312 1160 1022 917 820 699 636 556 506 445 387 361 329 297 257 240 203 183 163 139 126 109 91 74 67 61 53 42 38 34 31 28 24 21 19 17 13 14 16 14 14 14 14 13 13 11 6 5 6 3 2 3 2 2 3 3 2 2 2 1 2 2 1 1 1 1 1 1 0 
0 0 0 250 250 250 299 356 409 492 609 561 829 1246 1661 2213 3020 4004 5257 6712 8335 10292 12481 15021 17854 20878 23963 27191 30603 33893 37115 40094 42503 44754 46764 48281 49163 49569 49461 48767 47718 46257 44198 41858 39516 36921 34234 31502 28943 26341 23900 21638 19360 17221 15467 13840 12332 10928 9721 8586 7613 6771 5883 5216 4557 3991 3485 3052 2678 2362 2076 1811 1610 1385 1222 1068 904 790 691 593 515 475 417 370 341 293 260 230 195 165 150 133 116 114 100 94 90 79 66 60 59 48 44 37 28 28 26 19 13 11 9 8 8 5 4 3 2 1 1 0 
0 0 0 250 250 250 315 381 445 557 755 788 1213 1682 2338 3192 4287 5517 7170 9051 11105 13553 16062 18933 22050 25280 28524 31609 34923 38010 40995 43533 45701 47507 48777 49709 49823 49511 48654 47492 45666 43672 41253 38666 35977 33142 30415 27618 25136 22747 20564 18490 16584 14924 13299 11882 10607 9349 8195 7209 6400 5645 4996 4389 3844 3360 2959 2611 2294 2026 1780 1570 1346 1188 1069 948 813 694 631 525 474 415 350 302 281 250 215 201 173 146 133 122 97 76 67 55 46 43 35 30 26 25 22 19 15 10 9 11 10 9 9 9 11 10 9 7 8 8 7 7 5 5 4 3 3 2 2 1 1 1 1 1 0 
0 0 0 250 250 250 293 365 415 481 644 588 886 1372 1902 2521 3321 4363 5540 7024 8673 10621 12871 15369 18211 21176 24515 27764 31112 34341 37629 40522 42978 45263 46809 48071 48966 49106 48594 47889 46693 45006 43187 41063 38562 36118 33565 30936 28502 25978 23522 21232 19127 17181 15390 13744 12178 10896 9694 8618 7599 6719 5918 5187 4615 4102 3635 3194 2832 2472 2186 1926 1677 1442 1260 1072 945 833 708 654 564 482 405 365 312 288 253 209 184 157 151 131 112 83 82 77 66 60 48 39 37 33 27 21 21 19 16 15 16 14 15 13 8 10 10 11 8 6 5 5 5 3 2 1 1 1 1 1 1 1 1 1 1 1 0 
0 0 0 250 250 250 307 374 418 497 704 737 1035 1463 2004 2741 3716 4937 6274 7898 9876 12032 14524 17232 20173 23234 26464 29644 32985 36466 39410 42176 44685 46706 48261 49461 49818 49597 49237 48139 46541 44619 42517 40123 37580 34955 32168 29449 27025 24635 22240 19912 17953 15949 14167 12640 11116 9802 8674 7705 6750 5994 5294 4759 4153 3683 3204 2835 2508 2204 1942 1675 1464 1274 1131 972 878 779 671 581 522 457 401 355 286 252 237 214 178 154 144 130 110 91 75 59 54 48 34 29 22 20 17 16 10 9 9 6 6 6 5 3 5 5 3 3 3 3 3 3 1 1 1 1 1 0 
0 0 0 250 250 250 295 360 407 485 606 542 820 1223 1682 2248 3068 4059 5207 6563 8130 9818 11968 14400 16940 19670 22741 25941 29199 32598 35691 38709 41515 44126 46168 47597 48576 49262 49420 48820 47865 46328 44571 42601 40331 37620 34916 32358 29743 27161 24586 22206 20033 18059 16134 14334 12687 11278 9960 8832 7806 6836 6036 5350 4729 4171 3732 3268 2867 2520 2224 1938 1684 1466 1262 1121 981 867 737 647 565 496 431 368 327 296 271 227 209 187 170 166 140 122 101 88 72 66 64 48 47 38 35 36 33 26 24 20 16 16 15 10 9 8 5 4 4 3 3 3 2 1 1 1 1 0 
0 0 0 250 250 250 306 372 431 534 692 630 867 1231 1655 2252 3011 3839 4945 6353 8009 9882 12079 14438 17177 20368 23548 26864 30290 33671 36893 39963 42785 45074 47014 48449 49394 49796 49613 49016 47901 46312 44333 42221 39693 37011 34499 31823 29150 26505 24182 21725 19636 17752 15809 14164 12572 11250 9921 8823 7762 6822 6019 5221 4585 4014 3522 3062 2684 2349 2037 1818 1554 1353 1185 1040 908 779 684 578 510 469 405 355 304 268 235 199 185 155 135 120 102 91 80 72 61 55 51 48 44 41 35 32 27 22 18 12 10 11 11 7 6 5 4 3 2 1 0 
0 0 0 250 250 250 300 340 381 469 606 489 661 880 1055 1362 1837 2397 3117 4024 5140 6447 8165 10220 12388 14913 17726 20650 23846 27412 30773 34070 37308 40299 42851 45119 47037 48226 49053 49158 48961 48186 46994 45449 43335 41185 38742 36239 33577 30883 28318 25892 23672 21318 19177 17292 15495 13895 12358 10964 9629 8516 7597 6724 5893 5169 4604 4047 3579 3135 2747 2400 2127 1896 1682 1461 1287 1169 1016 884 772 684 574 523 460 393 340 302 266 229 202 180 159 135 106 87 78 67 58 48 44 35 32 27 24 20 18 12 9 10 8 7 5 6 5 5 6 3 3 3 3 3 3 3 3 3 3 2 2 1 1 1 0 
0 0 0 250 250 250 315 390 456 568 765 744 1005 1392 1778 2282 3114 4179 5266 6760 8607 10638 13038 15874 18636 21598 25067 28385 31696 35163 38308 41154 43688 45912 47610 48843 49621 49551 49130 48238 46956 45270 43099 40760 38132 35730 33146 30432 27897 25339 22880 20618 18622 16588 14834 13291 11871 10613 9548 8549 7537 6648 5902 5199 4592 4066 3542 3085 2758 2425 2107 1866 1631 1413 1269 1141 987 896 779 670 590 505 450 389 330 282 251 208 191 169 143 127 122 110 96 87 75 69 65 58 48 46 38 32 30 29 27 24 19 16 14 14 11 8 9 9 10 10 10 10 10 12 12 12 10 9 9 8 7 5 3 2 2 2 1 1 1 1 1 0 
0 0 0 250 250 250 310 380 439 528 662 584 836 1227 1575 2126 2906 3835 4958 6471 8154 9999 12244 14768 17637 20657 23874 27198 30480 33939 37247 40267 42748 45212 47200 48578 49674 50036 49747 48979 47937 46220 44148 41823 39271 36667 34188 31482 28876 26324 23952 21680 19548 17537 15561 13978 12430 11043 9757 8664 7648 6740 5984 5312 4720 4169 3706 3246 2840 2505 2188 1904 1629 1443 1254 1086 958 826 736 627 544 469 423 389 334 291 262 232 201 182 160 135 118 102 79 75 66 54 45 37 34 28 28 21 19 16 13 13 10 9 8 6 5 6 6 4 3 2 1 2 2 1 1 1 1 1 1 0 
0 0 0 250 250 250 323 376 429 545 693 658 1039 1488 1974 2744 3751 4913 6371 8170 10038 12267 14900 17646 20498 23723 27115 30338 33588 37092 40083 42782 45371 47119 48357 49271 49801 49383 48631 47473 45753 44003 41937 39615 37024 34345 31728 29137 26668 24228 21867 19679 17705 15855 14177 12675 11206 9969 8854 7820 6870 6118 5420 4757 4222 3725 3277 2901 2570 2260 1970 1755 1574 1337 1169 1020 916 817 733 649 569 514 478 419 372 324 286 243 203 181 147 132 108 87 68 61 60 49 47 44 37 33 26 22 16 14 10 6 5 4 4 3 3 3 1 0 
0 0 0 250 250 250 299 351 396 481 620 517 803 1166 1502 2013 2724 3592 4537 5943 7502 9327 11546 13943 16579 19554 22839 26022 29317 32665 35850 38930 41753 44092 46167 47669 48704 49123 49082 48616 47598 46200 44276 42200 39674 37250 34747 32045 29440 26900 24385 22087 20171 18119 16193 14480 12883 11475 10281 9170 8111 7176 6369 5648 5037 4478 4005 3516 3066 2737 2422 2141 1908 1671 1442 1284 1147 1004 867 777 672 600 537 461 400 353 321 271 240 203 178 164 151 137 114 104 93 84 69 58 50 42 40 35 32 25 24 19 15 13 12 11 10 12 8 9 9 8 6 5 5 3 3 2 1 1 1 1 1 1 0 
0 0 0 250 250 250 314 368 419 537 702 617 859 1299 1713 2216 3209 4294 5483 7072 9045 11052 13435 16395 19132 22236 25752 29141 32435 35702 39052 41794 44346 46452 47896 49205 49697 49817 49243 48274 46761 44928 42932 40296 37932 35322 32503 29760 27293 24895 22487 20345 18206 16296 14697 13155 11683 10288 8995 7982 7025 6159 5356 4710 4146 3621 3234 2779 2414 2127 1848 1632 1427 1273 1129 1003 884 784 707 607 541 474 412 372 350 311 274 248 221 193 180 148 123 116 100 89 72 62 55 48 44 32 29 24 24 23 19 18 13 11 7 6 5 3 3 3 2 1 1 1 0 
0 0 0 250 250 250 328 388 457 553 692 673 1008 1433 1906 2537 3395 4481 5730 7224 8931 10992 13308 16076 18902 21889 25157 28494 32006 35323 38407 41229 43933 46237 48070 49390 49997 49961 49786 48785 47293 45457 43310 40886 38431 35955 33119 30486 27894 25311 22863 20559 18406 16459 14716 13093 11617 10451 9266 8270 7312 6443 5656 5019 4451 3874 3435 2995 2585 2297 2034 1788 1576 1349 1167 1014 893 763 673 592 508 461 406 356 317 280 249 207 187 166 141 138 120 107 88 73 62 47 42 32 25 19 15 13 12 11 8 9 9 8 5 4 4 5 5 2 2 2 2 2 1 1 1 1 1 1 1 1 1 0 
0 0 0 250 250 250 319 389 461 564 688 661 990 1351 1706 2303 3097 4026 5286 6763 8315 10228 12633 15167 17862 20865 24014 27456 31043 34495 37740 40677 43721 46239 47986 49159 49892 50255 50003 49239 47750 45855 44051 41731 39238 36442 33683 31144 28434 25939 23435 21176 19072 17108 15319 13647 12195 10884 9673 8592 7575 6769 5906 5104 4459 3915 3396 2962 2580 2247 1989 1776 1560 1349 1198 1055 936 823 720 619 571 508 439 395 340 285 260 227 196 180 168 146 120 109 93 85 76 60 52 41 39 30 22 18 13 12 10 11 8 6 5 3 3 3 3 1 1 1 1 1 1 0 
0 0 0 248 248 248 316 385 447 543 700 632 842 1206 1541 2091 2826 3689 4790 6164 7778 9520 11589 13939 16609 19365 22390 25655 28972 32281 35580 38598 41244 43902 46118 47786 48927 49594 49685 49219 48335 46844 44965 42733 40252 37691 35031 32354 29778 27244 24731 22293 20075 18074 16193 14497 12874 11441 10131 8982 8031 7061 6228 5539 4905 4317 3831 3397 2990 2635 2320 2015 1740 1526 1294 1137 995 867 741 633 548 470 421 363 303 260 231 197 176 152 130 115 103 85 72 66 57 50 44 43 35 32 31 28 24 23 23 21 19 17 14 14 13 10 8 7 6 5 4 2 1 2 2 2 2 2 2 1 1 0 
0 0 0 250 250 250 313 382 454 538 719 688 942 1431 1972 2716 3725 4948 6254 7910 9994 12128 14623 17374 20205 23333 26748 30187 33506 36868 40079 42783 45297 47368 48869 49681 50036 49924 49067 47974 46492 44428 42154 39858 37205 34405 31850 29205 26536 24170 21811 19599 17711 15872 14119 12558 11160 9880 8821 7808 6885 6097 5341 4696 4145 3638 3162 2766 2385 2121 1864 1649 1443 1233 1079 930 817 684 586 514 427 370 313 273 244 216 188 165 142 130 111 96 78 60 56 46 39 32 31 29 24 23 22 20 18 15 11 8 7 6 5 3 2 4 4 4 3 2 2 2 2 0 
0 0 0 250 250 250 319 378 431 580 744 695 915 1246 1613 2119 2782 3447 4440 5798 7340 9018 11188 13602 16251 19316 22509 25601 28895 32499 35654 38749 41634 44016 46101 47654 48768 49095 49056 48451 47472 46087 44177 42298 40004 37591 35051 32602 29953 27497 25097 22711 20522 18536 16680 14851 13233 11761 10465 9223 8171 7213 6370 5558 4917 4339 3816 3373 2987 2587 2252 2023 1778 1526 1321 1142 966 856 776 668 597 522 455 406 366 320 281 252 225 197 179 168 144 124 105 101 83 76 65 55 50 46 40 36 36 29 25 22 19 17 14 11 11 11 10 8 7 7 8 6 4 4 4 4 4 4 2 2 2 1 1 1 1 0 
0 0 0 250 250 250 298 353 405 530 688 671 983 1359 1831 2530 3426 4408 5550 7140 8783 10759 13056 15543 18305 21488 24864 27979 31355 34768 37988 40835 43465 45360 47056 48366 49158 49241 48944 48188 46772 45221 43060 40765 38289 35765 33087 30437 27985 25532 23319 21117 19003 17031 15154 13597 12150 10849 9585 8479 7521 6695 5914 5213 4541 3974 3494 3090 2726 2352 2123 1827 1574 1360 1185 1040 888 783 667 587 530 462 412 340 301 269 231 194 161 142 121 107 95 84 69 65 58 47 42 33 27 24 18 11 14 14 11 10 8 8 9 9 3 3 3 3 5 4 3 5 5 5 6 6 5 5 6 4 4 3 2 2 1 1 0 
0 0 0 250 250 250 323 379 439 542 740 710 987 1574 2123 2739 3664 4817 6185 7847 9809 11849 14248 17060 19953 23276 26636 29970 33221 36601 39671 42536 45057 46894 48336 49480 50027 49814 49210 48071 46549 44682 42397 39876 37265 34623 32049 29353 26732 24297 22012 19784 17708 15870 14155 12694 11315 10002 8854 7891 7090 6264 5507 4847 4307 3765 3370 2980 2603 2282 1993 1732 1518 1372 1195 1024 908 802 700 604 517 435 383 316 276 234 203 178 155 141 121 109 105 90 77 69 58 45 44 39 28 25 22 22 23 19 14 13 12 11 8 6 3 4 5 3 3 3 4 3 3 2 1 1 1 1 0 
0 0 0 250 250 250 331 388 451 766 1075 1181 1824 2585 3391 4586 6030 7315 9013 11119 13282 15738 18502 21380 24531 27972 31364 34601 37875 40979 43704 46080 47823 49181 50134 50347 49925 48909 47581 45678 43576 41047 38232 35642 32991 30299 27602 25119 22790 20589 18519 16600 14802 13242 11790 10494 9237 8136 7224 6328 5550 4882 4304 3750 3290 2941 2571 2231 1941 1680 1476 1295 1138 988 860 760 664 578 503 451 391 348 317 269 244 221 196 171 147 133 114 98 89 80 67 57 48 37 33 31 22 16 15 13 10 10 8 9 9 9 6 7 9 8 7 6 6 8 8 7 5 8 8 7 6 4 4 6 6 3 6 6 5 5 5 4 4 4 2 2 2 2 3 
0 0 0 250 250 250 316 373 442 588 750 755 1162 1684 2185 2853 3851 4920 6202 7818 9723 11744 14188 16935 19681 22933 26332 29651 32824 36147 39276 42131 44631 46492 47971 48904 49406 49298 48588 47341 45847 44030 41901 39604 37075 34459 31944 29515 27032 24639 22349 20235 18257 16441 14727 13119 11711 10351 9146 8047 7154 6309 5507 4819 4206 3730 3264 2854 2435 2113 1841 1602 1389 1197 1036 904 799 694 599 516 441 375 327 283 242 204 187 166 151 137 127 103 84 72 59 50 41 33 24 23 21 17 16 13 10 9 5 4 5 5 4 7 7 7 7 6 6 6 7 5 5 4 4 4 2 2 1 1 1 1 1 1 2 2 2 1 1 3 3 3 2 2 2 
0 0 0 250 250 250 314 370 428 548 705 619 925 1291 1673 2229 2941 3883 4908 6290 7734 9591 11812 14207 16939 19735 22923 26222 29771 33205 36429 39536 42576 45024 47085 48452 49484 49899 49821 49228 47913 46485 44630 42587 40167 37585 34909 32290 29660 26999 24495 22164 19833 17754 15862 14019 12423 11087 9798 8620 7637 6786 5994 5335 4691 4096 3582 3152 2742 2362 2066 1780 1552 1364 1171 1025 897 780 675 607 525 460 408 371 337 293 257 229 194 163 152 117 99 89 81 67 60 60 49 42 37 29 23 22 20 18 16 11 11 10 8 5 2 2 2 2 0 
0 0 0 250 250 250 327 384 437 543 802 792 1081 1522 1992 2605 3589 4703 5779 7311 9136 11222 13596 16308 19040 21946 25380 28694 31973 35283 38587 41463 44102 46325 47811 49026 49759 49707 49109 48143 46578 44747 42721 40356 37774 35135 32546 29887 27336 24973 22646 20384 18305 16521 14722 13134 11821 10487 9289 8288 7430 6549 5785 5119 4487 3986 3562 3109 2689 2405 2109 1871 1658 1437 1251 1116 1012 880 751 666 568 512 444 394 334 286 258 225 201 171 154 126 114 108 95 76 69 63 59 55 48 42 38 37 37 33 29 29 26 22 19 17 14 11 10 8 7 6 5 4 2 4 4 3 4 5 4 4 5 3 4 4 3 2 2 2 1 1 0 
0 0 0 250 250 250 317 367 407 586 753 711 949 1316 1674 2196 2982 3742 4734 5913 7406 9099 11143 13474 15947 18650 21854 25106 28520 32047 35404 38567 41547 44353 46367 48135 49288 49710 49883 49285 48284 46911 45058 42911 40613 38182 35419 32818 30202 27535 25198 22897 20590 18458 16612 14920 13206 11735 10335 9059 7974 7123 6190 5420 4833 4248 3737 3275 2891 2516 2266 2015 1786 1565 1403 1269 1132 969 813 730 647 563 492 435 373 343 311 262 227 195 160 144 130 109 103 87 83 75 75 64 54 52 43 41 33 28 22 23 24 21 19 15 16 15 13 10 8 8 6 6 3 2 2 1 1 0 
0 0 0 250 250 250 306 355 401 479 592 500 696 932 1170 1543 2167 2813 3672 4663 5967 7658 9689 11937 14225 16939 19865 23120 26401 29732 32976 36178 39288 42245 44659 46638 48364 49279 49762 49691 49137 47807 46412 44644 42186 39886 37413 34731 32008 29471 26952 24402 22221 19962 17853 16013 14361 12826 11332 10075 8903 7912 6969 6138 5402 4814 4236 3695 3247 2849 2494 2225 1966 1693 1475 1309 1133 978 866 744 658 571 512 446 410 365 328 292 255 218 185 166 138 119 102 89 75 71 63 52 45 43 39 33 27 24 17 14 14 10 10 8 7 7 6 5 4 4 2 2 2 1 1 0 
0 0 0 250 250 250 328 380 441 554 653 581 801 1244 1691 2242 3002 4077 5366 6894 8745 10704 12912 15518 18470 21267 24271 27501 30674 33824 36945 40072 42594 44938 47043 48302 49154 49499 49217 48228 47012 45531 43460 41383 39088 36655 34153 31579 28984 26315 23886 21567 19309 17178 15294 13580 12045 10684 9419 8284 7281 6466 5679 5018 4411 3880 3404 2971 2630 2288 2043 1768 1533 1347 1176 1031 881 770 674 597 533 472 420 366 336 292 251 219 187 162 138 113 101 89 79 69 63 52 47 42 39 33 28 25 20 18 15 18 14 11 9 10 11 10 9 6 8 8 8 6 5 4 4 2 0 
0 0 0 250 250 250 315 387 452 559 729 720 1018 1380 1865 2465 3214 4167 5346 6715 8324 10252 12472 14995 17860 20867 24096 27524 31019 34566 37873 40784 43376 45789 47714 48893 49731 49933 49517 48851 47823 46105 43926 41733 39288 36532 33904 31261 28561 26088 23686 21399 19111 17181 15319 13592 12040 10554 9352 8246 7314 6449 5700 5036 4374 3860 3401 2992 2617 2280 2011 1740 1537 1367 1181 1034 889 787 674 583 486 393 345 285 241 215 187 161 141 128 105 99 96 78 72 58 54 45 42 35 35 33 29 25 22 20 19 19 12 15 15 17 16 15 15 13 12 6 5 3 2 1 1 1 1 1 0 
0 0 0 250 250 250 322 386 454 674 948 980 1427 1987 2676 3538 4654 5860 7342 9225 11246 13644 16203 19121 22217 25404 28665 31974 35287 38202 41214 43575 45717 47565 48853 49573 49735 49396 48345 46986 45131 42866 40510 37978 35333 32763 30059 27615 25117 22786 20477 18293 16351 14623 13081 11669 10409 9251 8262 7352 6514 5683 5001 4339 3808 3325 2897 2544 2177 1912 1713 1489 1309 1170 1016 866 766 676 573 498 425 372 336 287 250 215 178 161 144 123 99 88 77 66 55 43 40 31 24 20 19 15 13 14 9 7 6 6 4 5 4 3 5 5 4 3 3 3 4 4 2 2 2 2 2 1 0 
0 0 0 250 250 250 304 357 405 516 649 614 917 1310 1809 2470 3376 4364 5543 7007 8671 10577 12725 15215 17911 20848 24130 27414 30637 33933 37308 40217 42868 45248 47103 48437 49320 49626 49203 48465 47300 45605 43534 41134 38727 36252 33651 31064 28350 25836 23464 21359 19200 17196 15412 13672 12264 10860 9558 8406 7510 6616 5795 5166 4487 4005 3550 3135 2716 2372 2069 1787 1567 1332 1173 1038 900 774 681 570 496 449 390 323 290 254 228 223 194 168 146 133 119 105 84 69 60 54 47 39 33 29 28 22 20 13 14 12 11 7 6 7 7 7 4 5 5 5 3 2 1 1 1 0 
0 0 0 250 250 250 330 397 450 550 805 902 1276 1859 2507 3323 4471 5947 7473 9284 11476 13765 16473 19426 22434 25549 28868 32220 35413 38586 41391 43886 46046 47739 48872 49363 49382 48848 48003 46602 44819 42690 40485 38016 35418 32835 29992 27437 24974 22597 20240 18250 16402 14705 13186 11792 10519 9334 8312 7332 6482 5674 5037 4419 3861 3411 3011 2678 2357 2052 1792 1562 1367 1219 1028 864 769 702 605 512 450 383 359 317 268 233 208 176 156 141 116 101 91 80 70 66 52 44 38 34 29 24 21 20 20 16 13 10 8 14 12 9 8 7 7 6 7 1 2 2 2 2 2 2 2 3 2 2 2 2 2 2 1 0 
0 0 0 250 250 250 314 367 425 543 644 580 845 1205 1542 2067 2792 3612 4795 6123 7676 9490 11724 14215 16968 19952 23017 26260 29643 33043 36180 39244 41918 44280 46432 47871 48851 49191 49197 48624 47643 46206 44310 42262 39867 37470 34862 32168 29502 26961 24470 22188 20079 17983 16112 14385 12834 11426 10096 8948 7908 7001 6219 5500 4818 4254 3749 3325 2911 2583 2211 1932 1708 1491 1308 1099 933 820 729 647 578 502 439 382 350 304 263 216 195 163 146 129 110 87 83 73 63 60 46 40 40 37 30 31 27 24 22 19 15 18 17 14 12 10 12 10 8 5 5 5 6 5 3 6 7 6 5 5 4 4 4 1 0 
0 0 0 249 249 249 315 361 419 529 652 596 875 1291 1701 2188 2886 3720 4821 6007 7544 9322 11286 13815 16451 19316 22332 25647 29054 32410 35868 39009 41874 44604 46884 48589 49641 50148 50146 49493 48347 46751 44786 42531 40120 37520 34801 32048 29463 26857 24322 22000 19711 17732 15886 14237 12734 11269 9998 8841 7865 6961 6087 5360 4715 4164 3699 3274 2884 2493 2190 1923 1669 1493 1305 1148 1023 908 818 713 636 528 471 422 375 334 295 263 230 207 176 157 127 111 96 84 77 69 65 52 50 41 32 29 26 20 17 17 12 11 10 9 5 6 6 5 5 5 5 4 5 5 4 3 3 2 2 2 1 1 1 1 1 1 1 2 2 1 1 2 2 2 2 
0 0 0 249 249 249 302 343 393 546 700 628 958 1329 1740 2323 3081 3967 4915 6244 7780 9476 11518 13963 16629 19348 22576 25896 29205 32590 35808 38801 41654 44197 46226 47963 49126 49558 49738 49349 48142 46647 44767 42313 39786 37363 34623 31882 29405 26900 24447 22269 20122 18154 16264 14550 12906 11531 10331 9118 8051 7127 6338 5498 4873 4263 3733 3279 2901 2511 2216 2005 1759 1558 1357 1165 1027 911 778 661 590 513 450 411 356 317 286 260 222 198 179 160 149 137 115 98 88 76 68 64 53 47 48 43 37 40 42 37 36 31 29 32 33 29 26 21 20 21 18 14 10 9 5 5 4 3 4 3 3 3 3 3 2 2 2 2 2 2 3 3 3 3 2 
0 0 0 250 250 250 311 364 412 545 721 646 908 1304 1692 2226 3054 3963 5081 6529 8197 10036 12184 14749 17324 20144 23295 26333 29618 33009 36142 39083 41918 44368 46287 47843 48865 49178 49366 48637 47475 46107 44237 42095 39632 37190 34508 31942 29380 26632 24193 21995 19857 17770 15852 14182 12646 11322 10078 8944 7860 6977 6095 5326 4660 4087 3568 3072 2725 2383 2098 1912 1694 1516 1333 1175 1038 936 848 721 636 567 491 432 391 331 280 250 212 171 148 128 110 93 87 75 63 55 50 43 35 32 27 23 18 16 14 12 12 10 9 9 8 7 5 4 3 2 2 2 1 1 0 
0 0 0 250 250 250 322 386 436 525 653 537 736 1070 1572 2136 2950 4050 5221 6844 8814 10999 13274 15982 18863 21782 25150 28593 31843 35032 38212 41145 43726 45914 47628 48641 49347 49579 49216 48205 46845 45193 43071 40774 38213 35618 32972 30406 27882 25395 23108 20923 18858 16880 15096 13485 11959 10571 9339 8303 7407 6532 5723 5023 4482 3983 3492 3049 2650 2330 2067 1826 1573 1416 1253 1090 965 860 751 649 575 502 442 379 330 284 245 217 185 152 136 121 98 81 72 65 52 48 41 32 28 26 19 17 17 16 13 11 9 9 9 9 6 5 6 6 5 3 3 2 2 1 0 
0 0 0 250 250 250 305 364 400 579 803 762 1072 1593 2109 2889 3827 4835 6106 7633 9455 11324 13644 16047 18858 21970 24983 28339 31780 35199 38425 41434 44063 46056 47937 49053 49522 49577 48906 47991 46452 44658 42542 40081 37642 34985 32528 29844 27361 25007 22638 20526 18463 16554 14780 13263 11748 10409 9222 8254 7249 6470 5675 4955 4412 3943 3498 3031 2706 2378 2108 1839 1625 1404 1213 1097 951 815 720 629 555 472 423 367 329 300 261 232 201 186 170 154 133 113 105 84 75 61 47 37 36 32 26 22 18 17 18 16 14 12 11 13 11 9 6 6 4 7 7 5 5 5 5 6 6 3 2 1 1 2 3 2 2 3 3 3 3 2 1 1 1 0 
0 0 0 249 249 249 305 353 398 489 586 491 724 1003 1329 1798 2434 3120 4245 5576 7026 8747 10777 13305 15996 19017 22063 25153 28424 31926 35412 38473 41228 43772 45936 47828 49114 49784 49739 49440 48742 47291 45565 43516 41264 38693 36098 33221 30395 27884 25297 22780 20575 18445 16481 14726 13175 11711 10387 9226 8086 7175 6396 5666 4962 4393 3878 3394 2972 2643 2300 2020 1800 1590 1407 1234 1107 949 845 739 673 580 539 499 434 392 353 320 276 255 219 189 174 161 141 123 119 108 93 86 76 64 63 59 47 39 35 30 28 26 19 17 18 15 15 15 14 12 11 9 9 8 7 7 6 5 5 6 4 4 4 3 3 2 2 1 0 
0 0 0 250 250 250 311 360 406 574 764 694 1038 1619 2186 2990 4036 5130 6631 8463 10504 12661 15249 18230 21295 24630 27934 31330 34588 37786 40900 43405 45619 47337 48685 49457 49779 49536 48615 47357 45686 43658 41426 38878 36303 33668 30983 28380 25807 23451 21034 19036 17007 15200 13557 11979 10670 9484 8450 7410 6554 5725 5053 4472 3949 3440 3027 2635 2305 2047 1752 1558 1375 1238 1076 954 841 731 660 580 509 437 377 323 285 256 234 201 173 156 138 119 96 76 59 51 41 34 27 23 23 19 15 11 10 7 7 4 3 2 3 3 1 1 1 1 1 1 0 
0 0 0 250 250 250 319 394 448 660 904 919 1327 1871 2383 3143 4087 5091 6489 8182 10148 12363 14909 17892 20969 24274 27597 30914 34301 37538 40641 42960 45304 47259 48673 49655 49838 49549 48867 47908 46370 44246 41913 39290 36797 34071 31276 28602 25897 23548 21337 19267 17149 15436 13760 12192 10848 9573 8396 7398 6562 5756 5049 4457 3926 3460 3030 2673 2349 2039 1808 1576 1377 1201 1044 908 783 690 594 532 453 396 353 303 275 227 198 159 149 128 110 96 85 78 67 63 58 54 46 40 35 32 33 28 20 18 16 16 14 14 10 8 8 6 6 3 1 0 
0 0 0 250 250 250 316 379 432 609 815 799 1122 1600 2125 2782 3841 5030 6333 8053 10059 12227 14733 17704 20718 23867 27333 30750 34066 37351 40557 43237 45433 47150 48436 49277 49540 49372 48453 47260 45825 44095 41968 39568 36996 34284 31758 29133 26459 23933 21573 19311 17422 15618 13872 12308 10996 9790 8688 7745 6799 6000 5294 4648 4059 3552 3108 2719 2403 2117 1862 1639 1448 1283 1130 984 862 750 645 568 491 429 382 329 290 256 228 199 173 152 129 122 103 93 81 69 53 41 42 35 32 29 25 24 23 20 14 11 9 8 6 6 5 5 5 3 3 1 1 0 
0 0 0 250 250 250 316 375 432 552 678 576 786 1097 1410 1857 2468 3112 4045 5170 6549 8177 10048 12270 14845 17762 20741 23997 27457 30916 34344 37629 40547 43281 45702 47502 48804 49685 49942 49513 48766 47491 45796 43747 41483 38936 36447 33891 31238 28570 26009 23725 21460 19274 17115 15363 13676 12209 10856 9592 8411 7453 6692 5846 5176 4538 3992 3530 3132 2732 2382 2113 1846 1589 1386 1223 1057 938 816 699 613 538 459 386 337 294 254 222 182 161 150 119 102 86 73 65 59 52 47 48 39 32 34 30 29 26 21 19 21 18 15 16 14 12 11 9 5 5 6 7 5 3 3 3 3 3 2 0 
0 0 0 250 250 250 324 388 435 530 675 598 816 1231 1690 2275 3062 4110 5244 6731 8656 10598 12870 15471 18484 21595 24872 28332 31716 35108 38222 41280 43713 45788 47541 48622 49182 49331 49141 48210 46939 45247 43204 40900 38461 35820 33129 30569 27986 25529 23201 21088 18995 17118 15322 13571 12114 10755 9534 8442 7499 6622 5826 5138 4504 3976 3516 3057 2635 2310 2027 1785 1554 1367 1216 1069 957 844 728 636 575 501 424 355 307 263 236 206 174 146 127 123 102 85 68 57 51 48 42 36 29 30 28 29 25 24 20 13 12 8 7 3 2 3 4 4 3 2 2 3 3 2 1 1 1 1 1 0 
0 0 0 250 250 250 334 415 480 605 796 879 1275 1753 2368 3163 4173 5377 6984 8631 10616 13070 15626 18478 21658 24864 28092 31430 34699 37780 40751 43334 45457 47307 48596 49389 49647 49220 48327 47005 45400 43324 41132 38588 35980 33408 30739 28144 25586 23249 20898 18827 16852 15022 13449 12018 10654 9394 8246 7334 6546 5815 5103 4492 3905 3479 3064 2666 2326 2017 1773 1553 1394 1205 1075 954 831 733 641 555 490 420 368 335 279 248 225 200 175 156 138 110 97 90 77 57 49 45 38 36 35 29 26 25 18 15 14 14 10 10 6 8 8 9 8 7 8 6 6 4 4 2 2 1 1 1 1 1 1 1 1 1 0 
0 0 0 250 250 250 319 357 410 542 736 818 1214 1728 2228 3048 4032 5131 6454 8025 9887 11966 14487 17049 19883 23152 26358 29668 32996 36231 39170 41946 44449 46223 47774 48749 49151 49161 48602 47609 46042 44297 42257 39766 37256 34530 31951 29368 26830 24435 22029 20023 18039 16221 14556 12928 11593 10257 9161 8059 7149 6334 5578 4982 4366 3890 3418 3042 2670 2363 2035 1791 1620 1411 1231 1089 929 814 728 614 504 422 372 329 292 252 211 191 160 142 119 96 91 82 74 58 56 47 49 50 43 39 34 36 33 30 21 16 13 11 11 8 8 8 10 10 11 9 7 6 8 8 7 6 6 6 6 6 3 2 2 2 1 1 1 1 1 1 0 
0 0 0 250 250 250 315 375 437 542 676 605 900 1209 1543 2090 2789 3593 4598 5842 7354 9240 11391 13709 16429 19477 22670 26139 29517 32852 36089 39399 42166 44684 46783 48279 49342 49729 49776 49298 48347 46793 44767 42681 40218 37879 35353 32494 29809 27240 24938 22478 20313 18206 16261 14544 12927 11515 10216 9066 8049 7101 6204 5456 4871 4280 3752 3282 2876 2528 2218 1929 1644 1411 1229 1085 964 849 750 657 577 489 428 383 325 287 259 227 190 175 152 128 119 101 77 61 56 45 37 35 28 25 20 17 15 15 13 6 4 4 6 6 5 4 4 4 4 3 1 1 1 0 
0 0 0 250 250 250 303 355 409 543 702 656 974 1450 1884 2496 3412 4401 5686 7333 9110 11056 13552 16235 19056 22145 25283 28448 31870 35074 38058 40943 43522 45782 47713 48995 49624 50019 49713 48743 47284 45503 43174 40950 38390 35659 32908 30286 27762 25140 22769 20424 18398 16453 14725 13154 11747 10444 9367 8302 7314 6472 5752 5053 4408 3953 3497 3042 2659 2314 2004 1734 1531 1315 1115 983 857 759 664 621 523 463 424 377 340 302 267 228 202 181 151 127 109 92 73 55 53 44 35 32 26 23 21 22 19 16 14 12 11 10 11 12 10 9 10 9 11 11 10 9 9 10 11 12 10 9 9 9 8 7 5 4 3 3 2 1 1 0 
0 0 0 249 249 249 311 375 424 504 663 624 864 1236 1723 2417 3436 4558 5920 7601 9576 11706 14012 16565 19279 22371 25479 28792 32023 35126 38314 41305 43821 45848 47532 48471 49101 49366 48904 47925 46539 44819 42779 40597 38126 35450 32871 30229 27653 25196 22780 20480 18337 16478 14608 12987 11607 10313 9141 8126 7209 6333 5637 4920 4285 3733 3308 2914 2578 2288 1989 1792 1588 1401 1227 1055 926 836 760 660 578 502 440 389 328 282 235 206 187 167 149 129 114 93 83 77 61 50 47 38 38 28 25 16 18 15 14 16 12 13 13 11 10 11 10 11 12 10 9 9 8 8 7 7 7 6 6 6 6 5 5 2 1 1 2 2 3 2 2 2 2 2 1 
0 0 0 250 250 250 307 362 420 534 699 678 927 1297 1753 2316 3130 4068 5149 6519 8106 9993 12039 14578 17120 20138 23368 26561 29982 33205 36659 39501 42306 44619 46436 47900 48795 49302 49020 48595 47438 45903 44170 42090 39778 37307 34749 32016 29512 26948 24520 22076 19841 17827 15931 14198 12658 11250 9874 8781 7772 6799 6004 5321 4669 4105 3634 3276 2890 2548 2204 1936 1719 1527 1327 1154 1018 903 838 743 645 566 514 436 389 341 283 234 201 174 152 135 118 100 93 87 73 61 58 47 39 37 32 25 22 21 15 16 15 11 9 9 8 7 5 2 1 1 0 
