0 0 0 0 248 248 248 248 260 333 428 528 360 437 552 772 1096 1479 1922 2364 2987 3837 5002 6307 7758 9316 10865 12776 14889 17190 19476 21700 23959 26339 28722 31000 33110 34790 36346 37693 38625 39142 39361 39219 38702 37979 36847 35417 34091 32483 30745 29021 27097 25167 23291 21566 19728 18103 16502 14923 13524 12237 11060 9935 8926 7978 7122 6376 5740 5096 4568 4060 3557 3193 2913 2601 2309 2039 1804 1598 1425 1258 1085 949 831 748 653 603 571 496 436 383 336 291 269 246 209 182 157 137 122 104 101 85 65 55 51 46 44 42 33 26 23 26 21 21 18 15 13 12 10 7 6 5 2 2 1 1 1 1 1 1 
0 0 0 0 250 250 250 250 278 408 588 741 640 786 1142 1769 2555 3273 3894 4634 5670 7196 8785 10442 12000 13822 15859 18199 20693 23033 25434 27757 30099 32260 34300 36032 37425 38353 38961 39177 39057 38772 38154 37289 36061 34608 33009 31273 29581 27617 25664 23752 21960 20296 18538 16829 15300 13908 12702 11486 10264 9200 8297 7535 6746 6018 5310 4703 4193 3699 3300 2932 2612 2319 2069 1805 1570 1423 1246 1102 967 828 725 656 586 520 451 408 368 335 288 253 225 190 168 137 126 107 97 87 79 74 74 67 59 53 50 46 43 39 35 32 26 26 26 24 20 14 12 9 9 9 5 4 2 2 1 2 2 2 2 2 2 2 1 
0 0 0 0 250 250 250 250 269 345 460 551 392 512 667 977 1362 1710 2075 2510 3140 3977 4957 6056 7203 8608 10298 12112 14111 16109 18207 20538 22938 25312 27579 29841 31897 33767 35448 36820 37753 38734 38983 38984 38676 38068 37201 36081 34703 32905 31396 29618 27779 25921 24075 22195 20522 18845 17210 15663 14235 12878 11690 10475 9398 8450 7598 6770 6070 5450 4782 4316 3907 3517 3149 2828 2517 2226 2023 1796 1582 1416 1244 1095 970 865 756 687 604 532 469 409 359 323 290 247 222 205 171 152 136 118 105 95 86 77 70 60 54 50 43 42 40 29 33 32 31 29 29 27 28 28 25 22 19 20 18 14 12 12 8 9 10 8 8 8 8 6 8 8 6 5 
0 0 0 0 249 249 249 249 259 343 462 541 367 475 651 959 1456 2004 2500 3019 3702 4725 6052 7543 8944 10352 11991 14060 16488 18729 21014 23131 25278 27503 29811 32030 33851 35478 36655 37672 38555 39051 39137 38735 37949 36966 35752 34418 32775 31142 29449 27542 25729 23927 22216 20437 18839 17106 15514 14175 12876 11645 10513 9446 8414 7644 6835 6082 5419 4865 4316 3834 3404 3041 2696 2419 2160 1889 1704 1517 1353 1167 1042 910 822 744 647 561 481 441 399 351 309 261 227 201 182 153 131 118 104 93 86 86 82 78 72 67 59 56 56 46 42 34 28 27 25 22 17 15 15 13 10 8 9 9 9 8 5 5 6 4 2 2 2 2 2 2 1 1 2 1 
0 0 0 0 249 249 249 249 255 313 404 499 319 384 549 999 1608 2193 2682 3212 4033 5307 6827 8383 9739 11264 13085 15417 17903 20376 22671 24753 26868 29322 31857 33897 35616 36809 37679 38537 39397 39430 39080 38393 37383 36250 35033 33658 31874 30077 28252 26393 24585 22848 21034 19172 17514 16023 14618 13224 11955 10825 9685 8705 7846 7062 6293 5710 5118 4528 4065 3659 3255 2860 2559 2263 2010 1811 1599 1441 1291 1150 1021 889 791 687 620 532 457 405 346 303 275 243 208 177 147 126 109 102 80 73 62 60 60 56 55 45 41 33 31 28 22 21 19 16 17 16 16 14 13 10 8 9 7 6 4 2 2 2 3 1 1 1 1 1 1 1 
0 0 0 0 250 250 250 250 267 337 429 526 353 424 530 768 1199 1674 2161 2572 3077 3843 4871 6183 7486 8824 10389 12362 14510 16791 19050 21259 23526 25978 28474 30759 32898 34763 36413 37717 38678 39330 39536 39473 39209 38422 37383 36134 34766 33145 31460 29604 27616 25846 23940 22142 20390 18567 16916 15334 13890 12446 11231 10006 8943 8067 7237 6502 5815 5222 4683 4181 3713 3298 2915 2599 2277 2056 1833 1665 1477 1339 1188 1041 948 853 772 667 591 518 470 446 395 347 286 254 224 210 180 145 133 117 108 105 93 78 70 65 60 53 47 35 33 26 23 20 15 14 9 9 6 5 4 4 4 2 2 1 1 1 1 1 
0 0 0 0 250 250 250 250 246 307 401 493 337 481 707 1021 1348 1701 2083 2616 3351 4152 5039 5979 7146 8509 10096 12024 14191 16258 18507 20726 23160 25701 28190 30351 32232 34180 35846 37439 38395 38978 39093 38848 38466 37656 36708 35414 33937 32308 30647 29034 27164 25320 23420 21519 19755 18126 16558 15026 13620 12297 11068 10050 9065 8125 7326 6539 5888 5314 4773 4251 3821 3408 3081 2791 2486 2230 1987 1788 1616 1446 1269 1147 1043 927 845 754 668 590 509 426 356 320 279 251 214 178 167 150 146 135 128 104 95 96 90 75 62 54 42 41 40 34 29 26 22 20 18 16 13 10 8 5 5 4 3 3 2 1 1 1 1 1 1 
0 0 0 0 250 250 250 250 273 357 467 576 387 530 810 1284 1893 2431 2909 3427 4395 5730 7177 8382 9449 10819 12665 14992 17265 19160 20866 22954 25336 27777 30070 32027 33662 35146 36490 37620 38378 38556 38522 38039 37360 36449 35592 34139 32583 30951 29120 27377 25412 23612 21651 19970 18280 16711 15207 13692 12395 11153 9957 8946 8090 7188 6428 5715 5095 4569 4082 3629 3225 2881 2578 2293 2033 1812 1615 1451 1288 1127 981 873 777 676 611 534 478 427 385 359 335 309 275 251 232 225 197 168 152 141 133 122 107 92 82 74 61 59 51 43 39 32 31 31 26 21 19 17 15 15 15 12 11 10 8 8 7 7 4 4 3 3 3 3 2 1 
0 0 0 0 249 249 249 249 254 306 394 481 299 372 491 693 977 1281 1640 2013 2486 3137 3933 4987 6192 7223 8291 9606 11400 13496 15700 17715 19707 21940 24520 27163 29480 31385 33074 34505 35951 37302 38071 38571 38621 38293 37857 37222 36168 34852 33261 31393 29608 27952 26019 24219 22374 20376 18715 17199 15659 14245 12939 11620 10551 9621 8680 7793 6962 6148 5542 5011 4465 4035 3567 3169 2813 2561 2259 2006 1732 1507 1344 1212 1084 938 821 714 675 610 553 476 407 378 352 311 277 250 208 186 166 142 121 113 100 79 79 69 61 59 53 41 35 33 22 23 22 19 16 16 13 11 11 9 8 7 4 3 3 2 1 1 1 
0 0 0 0 250 250 250 250 276 362 501 621 452 544 737 1052 1415 1765 2226 2878 3726 4764 5927 7151 8672 10456 12414 14420 16594 18902 21226 23623 25867 28094 30238 32418 34119 35598 36777 37640 38277 38668 38714 38391 37747 36837 35678 34274 32749 31099 29264 27220 25500 23579 21808 20016 18399 16760 15121 13748 12371 11197 10016 9005 7983 7100 6425 5792 5182 4628 4123 3649 3267 2899 2573 2272 2029 1807 1613 1469 1298 1167 1054 945 821 757 670 588 542 485 424 374 341 293 255 231 199 179 154 132 117 92 83 80 71 60 51 44 37 33 28 23 21 17 14 11 12 11 9 7 6 5 6 7 4 3 3 3 3 3 2 
0 0 0 0 250 250 250 250 258 342 426 520 342 395 521 844 1268 1716 2139 2507 3062 3933 5020 6136 7294 8546 9966 11767 13707 15635 17751 19858 21924 24049 26214 28412 30485 32259 33726 34998 36157 36894 37506 37496 37204 36663 35928 34887 33648 32410 30728 29139 27300 25588 23801 22047 20342 18633 17151 15653 14405 13174 11999 10862 9777 8873 7986 7205 6419 5666 5051 4515 4045 3593 3193 2844 2556 2295 2015 1823 1640 1459 1321 1181 1025 917 815 710 631 553 488 419 378 328 289 269 250 245 204 196 178 168 152 133 119 99 95 81 69 48 45 40 34 35 27 25 22 23 20 17 18 16 18 15 15 12 14 14 11 8 6 6 5 4 1 
0 0 0 0 250 250 250 250 259 321 407 476 317 380 504 684 938 1274 1735 2208 2752 3284 4017 4992 6164 7290 8410 9624 11120 13020 14872 16727 18530 20452 22652 25000 27209 29161 30829 32560 34145 35583 36671 37232 37353 37310 37120 36511 35453 34357 32859 31176 29698 28012 26349 24604 22922 21207 19523 18021 16527 15072 13660 12386 11297 10097 9171 8252 7402 6597 5922 5294 4650 4217 3761 3375 3036 2727 2434 2182 1954 1737 1578 1421 1238 1115 955 856 778 688 587 525 465 414 367 321 274 250 220 191 177 163 147 127 114 94 86 70 58 41 34 29 25 24 23 19 19 15 12 12 13 14 13 10 9 9 8 8 7 6 4 4 3 3 5 4 3 2 2 2 2 2 
0 0 0 0 249 249 249 249 259 343 466 564 396 538 814 1334 1905 2435 2936 3591 4663 6096 7613 8978 10478 12258 14313 16626 18849 20947 23072 25328 27563 29689 31555 33192 34683 35868 36861 37608 37865 38003 37883 37348 36665 35591 34333 32777 31168 29528 27769 26005 24040 22320 20521 18864 17310 15723 14232 12886 11688 10428 9439 8446 7610 6837 6095 5446 4869 4335 3857 3460 3067 2724 2428 2166 1916 1729 1531 1348 1213 1071 959 833 732 661 599 537 474 422 378 341 317 281 251 232 203 188 163 154 137 121 109 92 84 75 70 63 54 46 38 37 30 26 25 24 24 21 19 15 16 13 12 9 5 6 5 4 3 4 3 3 3 2 2 2 2 1 
0 0 0 0 250 250 250 250 256 320 421 517 341 424 592 919 1337 1713 2087 2549 3269 4337 5654 6894 8216 9730 11357 13282 15511 17749 19975 22182 24451 26743 29125 31394 33417 35032 36519 37650 38432 39081 39291 39185 38561 37759 36510 35305 33821 32072 30279 28418 26588 24606 22841 20930 19259 17658 16095 14612 13143 11942 10728 9625 8671 7686 6849 6083 5429 4842 4337 3947 3472 3142 2808 2552 2278 2050 1861 1653 1483 1319 1168 1015 912 808 703 637 567 504 458 424 375 336 302 262 245 225 207 178 158 136 121 111 91 87 73 70 62 58 54 48 46 39 36 30 30 27 23 23 20 17 14 13 11 14 13 11 12 10 10 11 11 7 10 8 6 6 6 5 5 5 
0 0 0 0 250 250 250 250 265 338 440 525 347 416 550 798 1117 1412 1738 2121 2685 3386 4202 5039 6066 7211 8652 10365 12203 13977 15856 17845 19901 22255 24492 26531 28632 30602 32527 34318 36011 37010 37769 38233 38205 38037 37551 36652 35472 34209 32670 31038 29210 27461 25635 23864 21939 20163 18434 16941 15518 14141 12818 11606 10530 9514 8547 7607 6818 6045 5433 4875 4382 3904 3454 3085 2726 2472 2201 1976 1755 1568 1405 1253 1137 1011 883 768 684 617 550 510 449 384 343 295 263 237 230 193 173 148 142 124 111 98 78 65 58 56 44 43 41 35 35 37 30 28 24 21 19 16 12 11 10 9 9 10 9 9 9 8 8 8 8 8 8 7 7 6 5 6 
0 0 0 0 250 250 250 250 267 337 441 552 374 499 748 1137 1584 1991 2413 2891 3667 4631 5720 6736 8010 9498 11165 13037 14843 16842 18888 21247 23338 25546 27487 29492 31489 33160 34765 35891 36848 37380 37690 37614 37299 36687 35705 34599 33161 31689 30250 28640 26925 25056 23245 21389 19902 18252 16602 15062 13701 12446 11231 10239 9117 8205 7420 6683 6005 5362 4817 4276 3814 3430 3028 2699 2401 2158 1950 1755 1565 1390 1245 1113 973 864 762 685 596 542 484 420 392 337 298 258 247 227 204 178 157 136 125 107 89 74 62 58 57 51 46 43 37 34 35 34 26 21 16 18 16 16 12 9 7 6 6 2 1 
0 0 0 0 250 250 250 250 266 349 460 543 370 440 595 871 1128 1446 1778 2252 2856 3571 4397 5281 6390 7621 9072 10727 12627 14663 16851 19173 21436 23848 26116 28337 30286 32199 33755 35209 36575 37387 37929 38057 37843 37361 36641 35788 34508 33094 31562 29886 28307 26634 25018 23124 21388 19726 18078 16567 15055 13672 12315 11124 9991 8925 8081 7288 6591 5835 5185 4663 4140 3728 3347 2986 2670 2386 2149 1903 1734 1559 1398 1237 1077 949 836 754 659 578 504 445 413 372 327 283 251 217 196 184 155 136 121 110 96 85 77 67 57 51 45 40 35 33 27 23 23 20 18 17 13 10 11 11 9 9 8 9 9 9 7 4 2 3 4 3 3 2 2 2 2 1 
0 0 0 0 250 250 250 250 259 324 433 507 339 420 601 884 1285 1685 1990 2384 2969 3891 5073 6309 7504 8714 10344 12436 14714 16893 18864 20889 23155 25821 28498 30694 32537 34207 35651 37159 38295 38804 38791 38689 38331 37741 36915 35686 34105 32588 30923 29068 27246 25468 23595 21741 20035 18260 16718 15174 13776 12368 11233 10163 9149 8249 7407 6670 5964 5336 4719 4201 3754 3324 2955 2658 2368 2145 1914 1715 1540 1403 1257 1077 965 857 790 714 638 548 493 453 405 366 318 277 248 221 194 176 155 136 114 106 92 77 69 55 56 50 45 35 30 27 25 25 20 15 15 12 12 13 13 13 11 11 9 9 9 7 6 5 4 5 4 4 3 3 2 1 2 1 
0 0 0 0 250 250 250 250 269 349 461 561 405 537 786 1144 1612 2070 2576 3341 4327 5502 6818 8211 9820 11666 13690 15763 18021 20227 22574 24973 27235 29391 31529 33443 35069 36374 37334 38117 38429 38505 38212 37692 36779 35752 34362 32810 31298 29596 27771 25862 24025 22271 20599 18848 17269 15695 14328 12936 11752 10585 9578 8735 7723 6931 6180 5561 4983 4433 3955 3499 3176 2832 2481 2195 1929 1724 1517 1338 1201 1069 955 855 757 656 581 537 459 414 369 327 296 267 231 197 159 140 126 115 99 84 74 62 56 50 43 37 30 29 27 25 17 13 13 12 13 10 8 9 7 7 4 4 4 4 4 2 2 2 2 2 1 1 
0 0 0 0 250 250 250 250 261 323 417 491 333 423 573 844 1236 1791 2329 2960 3658 4635 5885 7261 8705 10051 11593 13298 15448 17619 19734 21911 23940 26175 28457 30688 32487 34203 35632 36818 37864 38503 38874 38706 38145 37341 36196 34956 33538 31952 30019 28237 26466 24636 22921 21106 19418 17666 16135 14784 13459 12183 10993 9817 8763 7880 7125 6328 5616 5003 4449 3978 3546 3133 2782 2464 2229 1992 1797 1571 1393 1242 1091 965 852 780 670 599 525 450 396 357 314 265 232 215 202 189 165 144 127 123 119 101 87 82 79 73 65 55 43 43 34 28 22 19 19 15 16 18 16 14 13 9 7 7 5 2 2 1 1 1 1 
0 0 0 0 250 250 250 250 261 347 429 511 333 418 606 954 1421 1851 2291 2790 3598 4712 6031 7389 8606 9899 11565 13482 15678 17893 20130 22246 24616 27043 29161 31303 33157 34659 36050 37109 37923 38513 38804 38659 37939 37147 35861 34511 32918 31177 29632 27851 26259 24284 22455 20868 19242 17733 16040 14605 13105 11995 10866 9694 8743 7769 7027 6293 5670 5021 4507 4028 3580 3229 2872 2585 2307 2024 1809 1616 1415 1279 1133 989 888 799 690 614 540 485 432 382 325 298 271 243 213 184 160 137 131 114 93 84 79 72 61 59 50 45 39 33 27 24 22 18 19 16 15 15 14 10 7 6 6 5 4 2 2 2 2 2 
0 0 0 0 249 249 249 249 262 327 432 515 339 395 486 716 987 1314 1657 2052 2686 3655 4890 6166 7481 8853 10503 12431 14458 16593 18565 20664 22998 25436 27759 30052 32152 33932 35731 37138 38201 38920 39316 39283 38934 38263 37330 36235 34946 33305 31494 29656 27728 25888 23908 22052 20121 18425 16869 15414 13954 12683 11450 10241 9298 8306 7477 6660 5988 5315 4805 4287 3837 3440 3031 2734 2456 2204 1935 1731 1552 1379 1220 1031 910 807 735 663 597 536 483 428 382 343 300 268 247 218 189 170 150 143 129 106 83 68 61 59 58 39 38 37 32 32 30 25 17 18 13 12 11 10 7 5 5 4 3 2 3 3 3 2 2 4 5 6 5 4 5 6 7 5 
0 0 0 0 249 249 249 249 260 332 439 563 407 477 616 905 1287 1765 2220 2638 3203 4014 5028 6235 7539 8891 10549 12432 14520 16629 18775 20781 22991 25263 27384 29481 31499 33365 34943 36421 37430 38115 38509 38751 38417 37761 36878 35764 34449 32973 31396 29404 27693 25744 24039 22155 20291 18585 16817 15290 13779 12504 11222 10112 9085 8153 7319 6505 5829 5239 4665 4142 3709 3292 2909 2595 2317 2048 1831 1666 1482 1319 1188 1083 949 818 739 636 554 481 433 380 333 302 278 250 232 209 183 163 155 137 111 103 85 83 80 76 62 54 45 38 29 27 22 15 15 12 13 13 13 11 11 10 7 6 4 4 5 6 5 4 4 4 3 3 2 2 1 1 1 1 
0 0 0 0 250 250 250 250 261 334 428 520 376 487 688 1034 1438 1814 2139 2541 3179 4018 4954 6030 7234 8609 10294 12210 14112 16127 18399 20517 22781 25220 27501 29794 31901 33673 35184 36672 37725 38381 38734 38558 38190 37640 36738 35501 34233 32691 30923 29122 27376 25541 23685 21966 20100 18416 16870 15449 14022 12738 11549 10440 9420 8440 7560 6811 6054 5432 4847 4290 3811 3388 3002 2674 2426 2143 1908 1704 1498 1324 1222 1091 944 845 749 677 625 552 470 407 373 341 313 279 247 220 200 185 181 169 161 153 138 132 119 108 97 85 74 65 62 56 50 45 34 32 34 35 28 20 18 15 18 17 14 13 12 10 12 12 10 9 7 6 5 6 4 3 3 4 
0 0 0 0 249 249 249 249 260 317 399 476 295 367 530 796 1066 1297 1549 1834 2364 3127 4066 5083 6123 7319 8741 10535 12546 14663 16670 18543 20687 23030 25447 27715 29777 31709 33565 35456 36942 38095 38776 39096 39116 38871 38325 37143 35756 34405 32816 31122 29270 27315 25271 23473 21827 19978 18290 16720 15265 13812 12514 11386 10181 9114 8176 7349 6597 5910 5359 4768 4245 3784 3358 2977 2650 2375 2069 1835 1679 1486 1316 1163 1024 868 790 691 592 531 486 445 391 363 322 285 258 229 210 173 150 135 112 104 94 79 63 55 44 36 32 21 14 16 15 13 13 13 10 11 9 9 9 8 8 6 5 4 5 4 5 5 5 5 7 7 6 3 2 2 3 4 
0 0 0 0 250 250 250 250 267 343 467 539 370 453 578 844 1173 1495 1806 2201 2800 3655 4763 5999 7290 8544 10000 11986 14114 16235 18260 20249 22276 24699 27068 29216 31128 32913 34555 35979 37174 37956 38427 38403 38229 37621 36765 35703 34225 32700 31118 29387 27472 25700 23844 22169 20611 18846 17163 15668 14323 12991 11829 10546 9450 8575 7667 6891 6186 5529 4918 4411 3932 3464 3120 2764 2407 2129 1880 1663 1463 1297 1127 1002 903 796 714 627 558 515 481 415 350 308 270 252 228 191 157 141 135 119 103 89 86 81 78 69 59 52 48 43 36 25 23 22 25 21 18 17 13 14 10 11 7 7 7 8 7 6 6 3 3 3 4 3 3 3 2 2 2 2 
0 0 0 0 250 250 250 250 259 340 445 529 387 532 778 1095 1536 1993 2446 3078 3888 4968 6232 7623 8976 10507 12297 14301 16497 18649 20724 22768 25030 27305 29442 31464 33305 34749 36094 37091 37795 38042 38140 37806 37168 36413 35288 34123 32557 31022 29321 27571 25617 23795 21986 20217 18631 17049 15503 14061 12872 11599 10448 9443 8479 7615 6851 6157 5451 4898 4418 3933 3532 3162 2816 2493 2238 2013 1804 1625 1458 1290 1159 1057 960 842 731 641 564 508 454 392 349 312 265 231 195 169 146 136 121 116 104 99 92 87 71 61 57 49 54 54 48 46 49 50 47 46 36 30 30 24 21 17 14 12 11 9 8 5 4 4 2 2 3 2 1 1 1 1 1 1 
0 0 0 0 250 250 250 250 266 321 410 491 317 440 666 999 1347 1633 1959 2410 3134 4127 5155 6139 7149 8472 10043 11857 13671 15481 17323 19405 21683 24013 26187 28232 30209 31989 33694 35110 36261 37107 37855 38083 37898 37580 36819 35806 34750 33357 31693 30108 28384 26504 24806 23013 21253 19523 17891 16335 14923 13553 12196 11039 10012 9057 8166 7360 6515 5834 5231 4719 4169 3684 3281 2910 2619 2335 2096 1843 1662 1502 1353 1195 1069 972 855 778 705 629 571 517 449 394 363 331 273 243 217 189 178 152 120 95 86 79 69 62 53 40 39 33 30 24 23 20 16 16 16 16 17 15 13 11 10 11 10 10 9 7 6 6 6 4 3 3 2 3 3 2 1 1 
0 0 0 0 250 250 250 250 250 314 396 478 302 367 467 649 961 1407 1912 2411 2969 3617 4573 5625 6798 7993 9145 10611 12353 14321 16433 18498 20477 22589 24846 27026 29292 31229 32722 34041 35323 36253 36927 37486 37386 36991 36459 35824 34650 33408 31979 30285 28611 26949 25294 23557 21871 20116 18453 16873 15442 14107 12799 11516 10365 9337 8429 7546 6760 6046 5400 4816 4330 3905 3473 3068 2727 2430 2168 1953 1769 1543 1347 1210 1055 958 860 779 703 618 575 513 471 424 379 328 289 261 223 196 169 151 130 115 100 97 87 77 73 65 61 61 56 45 39 37 34 31 30 28 25 22 19 20 15 12 9 7 7 8 8 5 5 6 6 5 4 2 2 2 2 1 
0 0 0 0 249 249 249 249 264 339 449 544 365 444 623 873 1217 1538 1850 2269 2846 3647 4630 5721 6748 7847 9100 10717 12504 14437 16342 18304 20382 22616 24993 27127 29141 31198 32818 34412 35753 36766 37418 37746 37795 37212 36646 35764 34593 33161 31570 29874 28273 26649 24951 23227 21459 19743 18193 16638 15191 13865 12545 11286 10199 9243 8265 7458 6687 5996 5331 4765 4261 3848 3455 3116 2750 2442 2206 2008 1793 1584 1431 1257 1130 1015 915 817 749 664 600 515 442 409 376 331 281 252 223 215 201 168 142 134 130 110 99 84 76 70 60 50 47 44 39 36 28 24 21 17 13 12 10 9 8 9 6 5 4 2 3 2 2 1 2 2 2 2 1 2 2 2 
0 0 0 0 250 250 250 250 259 323 444 525 360 504 777 1217 1651 2142 2580 3272 4215 5284 6496 7658 9039 10528 12352 14225 16351 18462 20549 22717 24755 27000 29161 31398 33082 34583 35917 37082 37875 38345 38340 37881 37273 36477 35467 34108 32686 31128 29389 27586 25871 24051 22296 20524 18794 17196 15731 14365 13007 11780 10630 9587 8682 7739 6926 6193 5566 4925 4360 3879 3491 3140 2784 2475 2198 1962 1741 1571 1400 1223 1095 976 862 764 678 584 518 480 427 369 335 304 270 247 225 188 167 147 135 119 116 109 88 76 70 65 57 53 44 36 32 29 26 26 25 21 20 17 16 18 18 15 12 11 12 11 12 10 8 5 6 5 5 5 3 3 3 3 2 2 
0 0 0 0 250 250 250 250 255 317 412 496 310 389 555 910 1379 1821 2159 2603 3228 4116 5173 6342 7312 8507 10038 11839 13843 15965 18027 19997 22357 24594 26933 29242 31320 33114 34663 35952 36989 37807 38137 38129 37845 37247 36422 35431 34074 32694 31221 29559 27756 25849 24089 22375 20672 19034 17336 15691 14248 12911 11690 10522 9462 8449 7559 6743 6066 5490 4884 4381 3887 3452 3095 2794 2475 2219 2001 1746 1546 1372 1229 1092 980 861 766 695 630 566 498 437 387 350 326 299 267 242 219 209 189 162 139 118 102 95 77 74 62 56 48 43 37 30 25 16 15 15 13 11 9 7 6 5 2 2 2 2 2 2 3 4 4 3 3 3 3 3 2 1 
0 0 0 0 250 250 250 250 271 342 429 515 351 435 569 871 1196 1468 1748 2038 2630 3624 4873 5976 7038 8241 9759 11694 13848 15880 17686 19640 21946 24511 27101 29515 31412 33301 34993 36562 37948 38784 39039 39152 38933 38334 37644 36604 35073 33502 31996 30059 28114 26139 24250 22410 20691 18979 17107 15501 14154 12762 11511 10334 9247 8321 7463 6743 6037 5461 4892 4348 3866 3408 3078 2762 2472 2193 1929 1687 1518 1355 1214 1091 944 825 743 652 591 536 482 417 373 327 291 270 229 202 171 159 145 128 116 100 84 74 70 62 53 50 41 36 31 25 22 19 22 17 15 13 14 13 15 14 9 7 7 9 8 8 3 3 3 3 2 
0 0 0 0 249 249 249 249 262 340 425 499 314 405 551 774 1010 1257 1575 2058 2732 3424 4231 5112 6221 7525 9072 10748 12455 14330 16268 18353 20392 22364 24397 26504 28482 30457 32269 33799 35271 36469 37223 37615 37713 37515 37185 36409 35330 33917 32429 30835 29190 27374 25521 23677 21896 20365 18689 17169 15651 14262 12931 11754 10625 9579 8721 7855 6996 6254 5590 5013 4458 4028 3560 3153 2818 2447 2153 1900 1722 1522 1357 1205 1089 986 894 811 713 639 561 515 444 405 355 322 279 253 218 208 179 154 140 121 117 105 101 77 75 73 61 60 55 51 45 45 45 40 38 28 21 20 17 16 17 15 13 14 13 11 11 11 7 8 9 10 9 9 9 7 8 6 
0 0 0 0 250 250 250 250 259 328 434 506 343 431 577 823 1103 1462 1811 2232 2778 3542 4553 5642 6872 8202 9754 11566 13459 15420 17329 19289 21444 23862 26130 28248 30284 31947 33623 35140 36355 36994 37561 37653 37496 37135 36325 35450 34142 32856 31329 29697 27995 26190 24516 22646 20990 19294 17568 16064 14599 13362 12166 10941 9859 8902 7947 7218 6529 5845 5243 4714 4210 3760 3378 2977 2634 2347 2103 1858 1658 1469 1334 1182 1061 936 848 792 722 631 555 506 443 406 345 289 250 228 192 168 148 124 112 116 106 94 88 78 74 70 63 43 40 36 30 26 24 23 18 15 9 10 10 9 6 4 3 3 3 1 
0 0 0 0 250 250 250 250 275 355 447 547 398 525 760 1094 1473 1865 2336 2940 3761 4721 5790 6955 8268 9839 11565 13361 15327 17508 19715 22092 24528 26674 29007 31166 33031 34747 36210 37312 37948 38599 38705 38553 38158 37403 36388 35045 33589 31913 30129 28414 26586 24576 22685 20936 19230 17644 16144 14677 13279 12001 10865 9717 8782 7847 6987 6255 5598 5025 4471 3973 3537 3168 2831 2490 2186 1956 1712 1549 1368 1241 1077 959 860 760 676 567 509 452 415 383 347 288 267 246 219 181 162 131 118 113 99 87 66 60 54 46 38 31 33 29 26 25 21 20 20 18 13 12 9 9 9 7 6 5 4 4 4 3 2 1 
0 0 0 0 250 250 250 250 267 339 418 496 331 477 754 1184 1679 2117 2625 3317 4219 5299 6529 7891 9271 11001 12949 15190 17470 19784 22233 24491 26923 29283 31616 33554 35379 36702 37822 38744 39160 39346 38941 38427 37529 36561 35201 33673 32043 30319 28646 26708 24820 22989 21207 19495 17969 16429 14878 13531 12267 11050 9918 8947 8041 7154 6487 5768 5162 4630 4159 3744 3286 2985 2643 2347 2074 1819 1605 1391 1248 1075 977 866 736 664 571 526 460 418 358 324 293 251 223 193 171 156 147 125 126 119 107 102 92 83 74 69 56 46 44 39 33 29 26 22 20 21 20 18 16 14 11 9 13 12 12 10 8 8 8 8 7 6 5 6 7 8 9 8 5 5 
0 0 0 0 250 250 250 250 251 317 411 504 323 372 469 690 966 1272 1530 1806 2258 2889 3699 4543 5432 6316 7491 8969 10608 12412 14145 16122 18299 20657 23145 25412 27594 29668 31590 33368 34899 36283 37163 37819 38095 38067 37905 37321 36433 35113 33794 32224 30606 28929 27038 25199 23381 21565 19816 18229 16661 15057 13662 12361 11201 10211 9263 8300 7457 6753 6108 5506 4928 4437 3968 3531 3184 2838 2558 2309 2118 1872 1651 1475 1290 1174 1065 945 839 772 710 635 585 518 453 415 369 328 275 253 229 193 175 148 128 110 95 82 73 75 61 61 59 53 49 41 38 29 25 20 17 17 18 16 11 9 8 7 6 8 6 4 4 4 4 3 3 1 1 1 1 1 
0 0 0 0 250 250 250 250 246 301 385 471 295 357 500 803 1214 1616 1937 2267 2722 3385 4194 5039 5976 6998 8334 10087 11861 13780 15811 17982 20365 22976 25491 27759 30174 32387 34350 36031 37504 38499 39314 39765 39821 39415 38922 37919 36735 35224 33548 31770 29815 28085 26014 24174 22192 20453 18669 17074 15575 14057 12716 11467 10345 9284 8293 7354 6485 5748 5151 4567 4014 3480 3141 2804 2481 2236 1951 1718 1521 1370 1192 1044 927 806 716 628 568 491 442 406 352 316 288 251 217 194 172 156 148 132 114 109 100 94 87 79 61 52 41 32 34 32 28 25 24 20 18 18 16 11 10 7 5 5 5 4 4 4 5 5 5 4 5 4 3 2 3 3 5 5 
0 0 0 0 250 250 250 250 266 345 468 580 414 490 713 1109 1598 2050 2426 2875 3656 4741 5951 7172 8268 9558 11193 13326 15644 17748 19780 21739 24072 26575 28956 30946 32485 34061 35444 36697 37646 37998 38076 37946 37362 36653 35763 34561 33130 31581 29758 27919 26307 24579 22826 20893 19194 17557 16077 14725 13297 11997 10877 9931 8943 8067 7269 6450 5835 5151 4563 4084 3631 3248 2908 2612 2312 2056 1803 1580 1401 1203 1051 928 819 732 653 586 513 477 415 376 344 302 277 236 214 198 183 160 141 125 113 111 94 78 71 65 55 56 47 35 31 30 27 29 27 23 20 19 18 17 17 11 10 10 10 9 8 7 6 5 5 5 5 4 4 4 4 4 3 1 
0 0 0 0 250 250 250 250 264 359 476 586 425 513 666 898 1277 1671 2057 2542 3197 4201 5374 6662 7869 9165 10712 12634 14844 17087 19242 21429 23664 25957 28291 30525 32596 34120 35338 36589 37563 38311 38780 38734 38071 37436 36655 35399 34232 32642 30794 28890 27235 25466 23638 21881 19969 18228 16726 15188 13719 12299 11062 9915 8901 7988 7149 6417 5697 5145 4596 4144 3697 3334 2954 2627 2344 2119 1887 1687 1491 1296 1189 1035 913 797 718 634 597 544 481 433 397 350 308 281 231 206 183 169 157 150 130 110 102 95 81 75 64 51 44 37 33 27 29 23 21 18 17 22 19 18 13 11 13 13 12 7 6 6 8 7 6 5 5 6 5 4 2 2 3 2 
0 0 0 0 250 250 250 250 268 335 435 511 330 420 657 1042 1490 1968 2368 2871 3665 4808 6085 7350 8593 10000 11679 13689 15826 17844 19909 22125 24345 26660 28933 30955 32840 34455 35815 36782 37675 38179 38322 38132 37523 36709 35613 34453 32928 31273 29586 27947 26123 24260 22502 20653 19057 17485 15904 14355 13064 11820 10679 9694 8674 7806 7007 6257 5552 4998 4444 3942 3540 3160 2810 2549 2305 2056 1819 1625 1444 1280 1163 1006 878 785 700 619 547 501 436 388 349 315 275 249 236 207 200 194 173 150 143 127 112 106 95 78 70 67 61 58 56 50 47 45 39 35 29 24 22 18 14 10 9 6 6 6 6 7 6 8 6 6 6 6 6 4 4 2 2 2 
0 0 0 0 250 250 250 250 265 355 441 530 367 481 694 1042 1414 1695 2019 2366 2955 3724 4766 5821 6943 8239 9678 11464 13568 15805 17886 19986 22222 24522 26965 29427 31477 33229 34850 36318 37355 38299 38847 38793 38324 37716 36830 35799 34532 33032 31387 29606 28043 26195 24401 22658 20883 19130 17431 15798 14309 12989 11728 10456 9389 8469 7565 6839 6148 5499 4950 4468 3991 3570 3174 2826 2529 2233 1983 1752 1573 1402 1259 1137 1021 916 796 712 612 561 485 424 361 327 314 277 240 200 176 161 151 133 110 90 85 76 71 60 51 44 37 34 37 37 31 28 22 20 19 22 19 16 16 14 13 13 11 9 6 5 4 4 3 4 4 4 5 6 5 4 5 5 
0 0 0 0 249 249 249 249 267 339 433 520 354 494 811 1338 2009 2629 3268 3968 4984 6269 7744 9277 10705 12424 14423 16684 18894 21327 23559 25785 28002 30092 32108 33890 35607 36822 37812 38572 39039 38942 38501 37838 36819 35496 34060 32444 30631 28989 27209 25347 23529 21756 19970 18226 16665 15038 13646 12303 11124 10085 9044 8094 7190 6470 5776 5177 4600 4088 3655 3294 2944 2603 2343 2070 1826 1639 1501 1307 1154 1029 899 805 715 648 556 495 433 378 343 310 277 241 224 201 190 171 150 130 129 119 102 91 81 79 68 61 49 44 44 40 34 30 28 24 22 20 16 15 12 7 5 5 5 3 2 1 1 2 2 2 2 3 3 2 2 1 1 1 1 
0 0 0 0 250 250 250 250 249 331 446 524 351 421 555 853 1250 1618 1910 2284 2847 3777 4954 6129 7303 8494 10045 11944 14122 16320 18315 20371 22467 24975 27556 29951 32111 33815 35522 37009 38217 39035 39392 39304 38902 38304 37410 36335 35118 33482 31766 30005 28190 26419 24473 22623 20842 19262 17610 16054 14516 13083 11855 10658 9566 8501 7601 6798 6116 5442 4900 4341 3864 3490 3113 2804 2455 2191 1935 1762 1580 1389 1226 1073 987 871 783 666 580 519 460 407 351 307 266 243 212 186 176 156 139 134 124 108 93 79 63 56 55 45 39 30 27 25 25 22 19 16 14 13 14 14 14 15 13 16 14 14 14 15 15 13 13 9 8 8 6 4 3 3 2 3 
0 0 0 0 250 250 250 250 270 346 448 532 345 428 583 899 1398 1938 2465 3066 3873 4956 6351 7800 9270 10865 12675 14880 17302 19731 22241 24480 26727 29066 31312 33418 35230 36717 37706 38728 39240 39427 39260 38870 38081 37025 35642 34013 32537 30896 29112 27065 25154 23094 21299 19644 17964 16406 14935 13564 12140 10982 9874 8818 7894 7068 6257 5561 5020 4477 4004 3561 3145 2766 2526 2242 1994 1785 1598 1439 1286 1146 1002 888 785 702 627 548 480 420 388 361 321 282 260 241 218 200 170 151 137 116 90 81 69 54 45 39 31 30 31 27 18 18 19 15 15 15 12 12 13 11 10 11 10 9 9 6 6 7 5 5 5 4 4 7 6 6 8 7 7 6 
0 0 0 0 250 250 250 250 260 336 443 514 350 393 515 786 1235 1766 2344 2900 3528 4395 5597 6843 8236 9552 11011 12783 14937 17234 19364 21549 23841 26273 28653 30892 32826 34549 36238 37618 38408 39032 39100 39057 38586 37840 36797 35509 33983 32180 30498 28633 26799 24969 23000 21123 19383 17731 16137 14635 13255 11849 10752 9625 8674 7817 7027 6246 5538 4937 4329 3854 3397 3038 2690 2438 2168 1913 1720 1529 1348 1184 1054 926 814 733 636 568 515 440 384 341 291 257 231 204 179 164 147 131 124 109 101 90 80 78 66 59 46 44 36 32 26 17 14 14 14 10 8 6 6 5 6 6 6 6 5 5 4 4 3 2 1 1 1 
0 0 0 0 249 249 249 249 274 351 459 551 373 473 706 1120 1544 1881 2208 2696 3542 4579 5643 6732 7963 9484 11206 13175 15150 17189 19313 21611 23870 26123 28353 30469 32355 34131 35618 36618 37520 38000 38238 38021 37657 37076 36112 34971 33574 31976 30309 28600 26716 24838 23082 21321 19675 18030 16533 15072 13737 12340 11137 10115 9019 8111 7254 6473 5854 5289 4697 4167 3781 3400 3037 2722 2395 2163 1933 1716 1525 1381 1230 1085 980 849 765 707 621 548 481 431 387 339 293 242 204 180 164 136 120 100 82 74 65 58 47 44 35 32 30 26 23 17 14 10 9 7 6 5 6 4 3 2 1 1 3 4 4 4 4 4 4 4 2 1 
0 0 0 0 250 250 250 250 256 342 449 546 385 485 706 1042 1441 1874 2276 2800 3534 4555 5738 7052 8450 9847 11532 13575 15724 17870 20002 22114 24266 26549 28852 30966 32751 34420 35721 36912 37789 38463 38689 38477 38084 37350 36262 34918 33390 31717 29945 28090 26294 24338 22654 20987 19364 17731 16219 14756 13333 12077 10908 9794 8763 7854 6980 6231 5562 4967 4427 3962 3556 3182 2854 2527 2264 1992 1768 1560 1391 1272 1116 1008 894 785 708 635 584 505 445 376 327 294 266 247 223 193 172 155 136 127 118 103 86 83 74 70 61 52 47 41 40 34 32 29 27 23 22 20 19 16 16 15 14 12 7 6 8 8 5 5 4 4 4 4 2 2 2 2 2 2 
0 0 0 0 250 250 250 250 259 329 430 503 326 374 446 643 878 1100 1349 1676 2128 2722 3488 4258 5215 6285 7509 8933 10429 12000 13576 15380 17214 19146 21196 23243 25394 27504 29428 31190 32794 34156 35148 35857 36270 36363 36309 36085 35410 34525 33559 32251 30862 29358 27764 26018 24381 22712 21080 19542 17923 16422 15008 13681 12434 11257 10072 9026 8183 7373 6567 5891 5266 4755 4321 3893 3435 3064 2790 2461 2177 1902 1705 1486 1319 1158 1021 946 863 781 673 608 535 474 422 372 332 291 267 234 218 198 177 156 132 133 115 107 98 89 76 70 63 50 47 41 38 32 33 31 27 22 20 22 19 21 19 14 13 16 14 10 10 8 10 9 9 7 8 9 8 7 
0 0 0 0 250 250 250 250 253 338 456 527 370 487 748 1163 1807 2388 2971 3703 4605 5856 7135 8628 9989 11555 13429 15560 17980 20288 22522 24662 26729 29087 31452 33421 34978 36321 37343 38137 38832 38791 38363 37814 36947 35867 34764 33287 31630 29844 27995 26164 24425 22673 20809 19077 17459 15931 14491 13154 11836 10622 9498 8504 7607 6873 6148 5476 4853 4292 3840 3437 3058 2732 2446 2169 1938 1749 1567 1421 1274 1114 1014 917 821 733 656 585 528 477 419 358 337 297 253 220 190 172 144 138 106 92 84 74 66 54 50 36 31 26 27 25 20 18 13 14 15 13 10 9 8 7 6 5 3 3 3 3 3 3 3 2 3 3 2 2 2 2 3 3 2 1 
0 0 0 0 249 249 249 249 249 321 432 503 336 429 667 1122 1689 2194 2631 3211 3960 5028 6309 7584 8867 10175 11850 13853 16242 18604 20847 23012 25339 27860 30299 32573 34479 36022 37232 38468 39170 39533 39570 38966 38196 37147 35967 34533 32973 31288 29401 27647 25703 23925 22079 20202 18458 16795 15311 13927 12639 11385 10335 9318 8430 7606 6806 6027 5352 4745 4172 3703 3279 2889 2556 2251 2017 1814 1610 1459 1301 1131 1010 914 807 708 642 558 491 440 377 327 290 268 236 209 177 142 129 120 111 83 71 59 54 55 48 45 33 38 34 33 31 29 28 25 23 18 15 13 12 9 10 8 7 5 5 6 8 7 5 4 5 6 6 4 3 3 3 3 2 1 
0 0 0 0 250 250 250 250 253 314 395 471 285 339 463 735 1054 1385 1702 2034 2563 3399 4399 5583 6859 8220 9744 11588 13561 15693 17863 19998 22301 24707 26953 29448 31685 33570 35203 36413 37432 38289 39099 39084 38887 38268 37466 36517 35308 33744 32008 30178 28259 26456 24586 22908 21029 19340 17593 16005 14629 13249 11985 10791 9713 8706 7860 7143 6369 5690 5072 4493 4022 3624 3253 2836 2536 2259 2028 1833 1629 1423 1231 1105 977 872 777 685 614 556 510 460 410 357 315 281 242 210 192 171 162 147 134 112 98 88 74 63 56 51 45 44 40 40 33 26 23 20 17 16 15 10 9 8 7 5 4 2 2 2 2 2 1 2 2 1 1 1 1 2 2 2 
0 0 0 0 250 250 250 250 267 343 439 543 376 467 638 972 1365 1707 2127 2598 3304 4194 5371 6581 7749 9063 10475 12322 14275 16345 18362 20411 22522 24738 27061 29251 31332 33103 34599 35945 37221 38079 38493 38358 38046 37548 36800 35720 34340 32910 31331 29627 27740 25917 24018 22179 20418 18672 17006 15534 14114 12754 11578 10476 9476 8547 7668 6865 6142 5460 4920 4386 3899 3461 3079 2753 2440 2203 1952 1738 1532 1342 1185 1051 938 836 738 649 586 528 473 427 378 330 283 243 209 182 160 140 128 102 99 89 82 73 61 53 46 43 34 29 20 21 19 17 17 17 17 16 16 13 11 8 7 9 9 8 7 7 7 9 9 8 8 8 8 6 5 3 4 3 
0 0 0 0 250 250 250 250 267 322 415 490 302 376 533 787 1118 1497 1876 2348 2958 3789 4862 6104 7427 8839 10334 12116 14179 16335 18524 20845 23025 25279 27649 29840 31909 33847 35455 36574 37643 38494 38899 38994 38558 37916 36897 35731 34239 32551 30894 29191 27596 25707 23852 22015 20260 18558 17029 15502 13997 12661 11403 10313 9271 8317 7449 6711 6008 5408 4790 4248 3809 3436 3053 2667 2382 2103 1864 1679 1508 1313 1185 1074 961 867 767 668 608 549 495 442 391 348 317 290 256 232 206 174 159 131 118 101 80 73 68 69 61 54 51 45 49 44 41 35 27 25 18 17 9 8 4 2 2 1 1 
0 0 0 0 250 250 250 250 260 339 440 524 352 452 635 948 1388 1769 2122 2535 3141 4033 5154 6299 7502 8739 10201 12045 14103 16120 18166 20342 22428 24647 26996 29049 30784 32642 34050 35296 36339 37045 37417 37703 37550 36997 36245 35332 34135 32816 31178 29337 27682 25966 24287 22418 20699 18947 17532 16039 14668 13372 12052 10892 9826 8924 7988 7155 6429 5656 5131 4621 4146 3704 3315 2982 2649 2397 2099 1876 1678 1507 1341 1209 1063 957 860 761 694 624 557 491 442 391 360 328 291 261 236 223 205 186 164 148 131 128 112 97 93 86 81 81 76 65 60 56 45 43 37 25 22 19 18 14 13 8 5 3 2 2 1 
0 0 0 0 250 250 250 250 257 315 385 475 319 408 553 760 1043 1366 1689 2030 2444 3021 3839 4895 6031 7150 8341 9869 11610 13755 15693 17708 19659 21895 24342 26595 28855 30688 32626 34364 35784 36899 37577 38057 38177 37904 37487 36640 35583 34271 32794 31265 29662 27958 25992 24135 22401 20841 19255 17584 15985 14482 13210 11974 10767 9784 8869 7994 7224 6478 5743 5163 4704 4153 3692 3304 2925 2635 2349 2091 1822 1636 1480 1292 1166 1046 941 825 745 670 577 503 433 369 328 290 272 234 219 193 170 142 120 116 90 82 66 59 51 50 48 44 42 38 36 30 29 23 22 17 16 13 7 7 7 8 8 8 7 7 7 6 4 4 2 2 2 1 1 1 1 
0 0 0 0 250 250 250 250 265 342 440 523 360 516 762 1104 1453 1779 2103 2562 3258 4102 5094 6174 7459 8892 10630 12475 14472 16649 18771 21178 23462 25829 28169 30421 32512 34101 35682 36944 38041 38648 38935 38802 38329 37720 36832 35622 34024 32517 30698 28888 27082 25323 23471 21604 19934 18278 16718 15237 13770 12510 11261 10232 9254 8268 7466 6675 6036 5410 4849 4303 3845 3403 2979 2647 2342 2051 1825 1639 1458 1285 1164 1046 929 851 780 686 602 545 481 435 387 345 309 275 243 215 185 160 145 138 125 113 99 87 77 68 67 52 43 37 33 30 30 27 22 20 19 18 16 15 12 11 10 9 7 6 6 4 4 3 
0 0 0 0 250 250 250 250 262 322 398 460 281 352 458 643 897 1149 1425 1799 2348 3044 3774 4679 5658 6648 7894 9427 11040 12751 14721 16685 18857 21297 23630 25848 27936 29963 31989 33859 35491 36467 37354 37712 38107 38235 37837 37119 35958 34785 33387 31968 30291 28527 26713 24801 23110 21408 19757 18119 16461 15001 13531 12310 11067 9915 8918 8017 7260 6479 5837 5251 4706 4235 3770 3421 3089 2781 2499 2255 2008 1848 1649 1430 1241 1102 987 860 777 688 618 567 525 470 429 396 354 318 289 259 228 193 163 144 139 126 114 93 86 78 75 67 58 49 38 37 32 31 29 27 25 22 19 19 17 14 9 6 3 4 3 2 2 2 2 2 3 3 3 3 3 3 
0 0 0 0 250 250 250 250 269 345 464 570 402 489 671 984 1382 1808 2266 2844 3725 4771 5871 6959 8149 9560 11315 13276 15256 17155 19176 21367 23719 26107 28323 30376 32198 34024 35382 36679 37573 38091 38171 37919 37453 36597 35714 34368 32796 31312 29609 28021 26189 24381 22735 21021 19512 17772 16218 14771 13468 12225 11019 9939 8907 7986 7195 6412 5705 5136 4583 4085 3671 3265 2916 2577 2290 2050 1833 1675 1505 1341 1184 1064 952 841 758 657 581 522 460 410 371 334 293 261 218 196 178 147 132 112 98 90 82 71 57 50 42 39 34 30 25 20 19 19 18 14 13 7 9 9 9 9 7 7 5 4 2 2 2 1 1 2 2 2 2 2 1 1 1 
0 0 0 0 250 250 250 250 263 336 450 543 366 449 619 903 1227 1558 1833 2243 2829 3614 4582 5634 6782 7920 9256 10986 12827 14790 16741 18733 20684 23054 25404 27497 29407 31251 32906 34269 35704 36657 37334 37568 37659 37397 36956 36231 35091 33559 31941 30349 28701 26854 24964 23163 21430 19704 18150 16673 15088 13831 12560 11358 10250 9361 8440 7560 6814 6114 5453 4845 4324 3849 3455 3078 2772 2421 2162 1937 1725 1523 1358 1191 1030 931 811 716 635 569 489 441 403 366 330 274 251 233 211 193 166 141 123 116 90 76 66 51 43 38 37 32 33 27 26 26 26 21 19 16 13 11 8 5 3 3 2 1 
0 0 0 0 250 250 250 250 260 327 445 514 346 446 659 1022 1434 1747 2023 2454 3150 4088 5135 6104 7119 8314 9705 11430 13350 15239 17065 19106 21312 23634 26081 28204 30162 32132 33898 35492 36607 37285 37823 38044 37971 37477 36674 35501 34330 33189 31598 29965 28070 26175 24475 22844 21140 19339 17699 16116 14732 13412 12046 10926 9836 8878 7984 7137 6357 5636 5052 4492 4005 3575 3179 2864 2540 2281 2019 1784 1604 1429 1288 1137 1028 888 804 715 623 542 470 420 368 327 280 250 228 206 186 154 130 124 117 102 89 79 73 66 61 52 40 37 33 30 24 19 16 13 14 13 12 9 7 9 8 7 5 3 2 1 1 
0 0 0 0 250 250 250 250 248 312 417 483 308 353 526 858 1291 1680 1964 2302 2905 3767 4934 6126 7154 8280 9579 11302 13319 15443 17367 19132 21187 23468 25960 28243 30146 31710 33171 34587 35710 36619 37302 37561 37424 37093 36370 35534 34472 33292 31712 30094 28355 26580 24836 23071 21367 19506 17868 16277 14846 13485 12166 11018 9954 9024 8157 7258 6530 5872 5306 4802 4298 3800 3375 3065 2701 2423 2169 1898 1690 1549 1372 1225 1113 1003 895 798 720 639 588 517 455 400 356 321 285 263 217 190 160 145 127 117 104 77 78 68 68 63 58 43 39 40 33 30 27 22 17 17 15 16 18 18 16 13 13 12 12 9 7 7 5 3 3 3 4 6 5 4 4 4 
0 0 0 0 250 250 250 250 259 339 427 495 310 407 622 976 1304 1586 1941 2530 3464 4637 5703 6714 8044 9613 11440 13475 15373 17243 19269 21526 23732 25868 28081 29970 31854 33550 35036 36377 37208 37844 38155 38118 37679 37130 36248 35045 33650 32190 30385 28684 26890 24999 23162 21396 19690 17939 16454 14870 13627 12352 11195 10061 9038 8134 7303 6615 5919 5319 4744 4264 3832 3441 3067 2764 2460 2176 1944 1714 1515 1350 1198 1046 923 815 725 636 569 515 444 394 354 315 288 271 243 204 184 165 140 121 109 88 79 72 67 53 51 49 38 34 29 27 23 25 19 15 13 11 13 14 13 11 11 9 9 10 6 4 3 3 3 3 3 1 1 1 1 1 1 1 
0 0 0 0 250 250 250 250 261 339 442 519 362 424 559 896 1255 1683 2059 2497 3104 3977 5116 6252 7421 8683 10163 11830 13867 15932 18009 20159 22371 24780 27192 29527 31619 33381 34971 36245 37387 38054 38585 38824 38389 37816 36904 35850 34558 33133 31409 29604 27842 25967 24148 22424 20601 18898 17312 15708 14317 13117 11843 10607 9555 8595 7700 6885 6204 5510 4919 4451 3974 3581 3210 2888 2508 2201 1954 1710 1545 1332 1185 1038 973 876 784 728 639 579 515 483 434 398 365 331 293 269 239 200 176 154 139 125 114 99 90 81 71 66 54 44 39 30 30 28 21 18 16 14 12 12 7 8 7 4 3 1 1 1 
0 0 0 0 250 250 250 250 268 363 474 564 420 579 864 1305 1761 2203 2651 3320 4229 5168 6201 7322 8718 10247 12016 13843 15766 17981 20336 22579 24712 26907 29148 31368 33230 34817 36124 37172 37982 38518 38531 38428 37937 37040 35906 34471 32963 31370 29682 27676 25854 23997 22088 20430 18696 17005 15513 14117 12765 11545 10492 9438 8497 7668 6820 6094 5498 4915 4426 3980 3578 3174 2794 2494 2228 2025 1785 1586 1385 1254 1120 997 897 787 712 635 575 522 472 424 382 337 304 266 224 192 170 146 133 120 96 82 77 65 59 42 35 28 29 21 15 15 15 16 12 12 9 8 9 5 4 3 2 1 1 1 
0 0 0 0 248 248 248 248 264 326 420 508 325 395 531 751 1017 1264 1587 2076 2642 3427 4352 5362 6559 7966 9457 11027 12931 14891 16986 19242 21454 23790 26088 28529 30789 32833 34707 36065 37433 38210 38875 39107 38868 38324 37551 36607 35287 34078 32423 30539 28713 26852 24970 23153 21372 19532 17842 16324 14774 13451 12092 10913 9818 8774 7858 7048 6344 5633 5074 4511 4047 3630 3296 2969 2640 2377 2107 1894 1691 1512 1318 1147 1015 920 818 714 626 553 487 431 393 343 300 263 240 202 192 170 146 127 111 104 83 78 63 53 45 38 30 22 22 18 14 13 13 14 11 9 7 6 6 5 4 2 2 1 1 2 2 2 1 2 2 2 3 2 2 2 2 1 
0 0 0 0 250 250 250 250 271 344 451 546 370 499 690 1024 1417 1874 2444 3118 3983 5057 6337 7579 8974 10561 12316 14443 16681 18785 20945 23082 25391 27679 29832 31817 33660 35256 36667 37813 38477 38811 39090 38639 37922 36992 35685 34413 32912 31251 29250 27401 25462 23730 21992 20200 18427 16815 15311 13929 12656 11391 10219 9173 8259 7419 6613 5887 5222 4626 4102 3593 3215 2853 2549 2220 1986 1743 1568 1393 1218 1094 965 880 784 704 617 558 504 442 411 353 305 276 258 229 221 193 168 158 145 129 108 94 78 69 56 50 47 43 41 34 26 23 20 19 17 16 17 15 12 12 11 11 11 8 5 5 6 5 4 3 3 3 4 4 3 2 2 2 2 2 
0 0 0 0 250 250 250 250 272 324 435 529 339 392 473 682 999 1436 1911 2454 3038 3881 4983 6261 7682 9109 10534 12146 14073 16196 18338 20388 22550 24671 26694 28790 30636 32272 33694 34877 35680 36239 36736 36752 36505 35909 35048 33944 32703 31391 29903 28296 26673 24974 23341 21749 20107 18561 16985 15642 14348 13111 11857 10808 9756 8807 7955 7081 6358 5725 5160 4520 4054 3611 3232 2927 2595 2319 2085 1903 1731 1551 1391 1212 1076 945 853 763 667 584 494 460 416 357 299 257 220 197 186 165 140 130 107 96 96 81 65 57 54 52 54 45 39 34 41 43 38 35 30 31 32 32 24 23 20 17 16 13 10 9 8 5 4 3 3 2 2 1 1 1 1 1 
0 0 0 0 250 250 250 250 270 327 415 492 306 355 496 860 1321 1815 2233 2666 3314 4319 5587 6843 8195 9516 11043 12928 15020 17163 19150 21231 23254 25516 27935 30108 32115 33922 35523 36818 37868 38444 38624 38483 38063 37236 36043 34906 33438 32047 30442 28709 26923 25061 23292 21396 19622 17996 16419 14987 13538 12186 11024 9967 9053 8026 7264 6539 5886 5308 4791 4274 3796 3444 3069 2731 2435 2190 1927 1725 1510 1361 1185 1072 961 834 759 662 598 533 476 411 357 325 297 280 262 216 196 184 159 149 128 107 90 85 77 69 64 56 50 43 43 41 42 38 38 34 34 34 29 26 26 22 20 18 17 14 16 15 11 11 9 9 4 5 4 3 2 2 2 2 
0 0 0 0 250 250 250 250 267 349 440 539 343 422 593 931 1367 1843 2318 2850 3777 4934 6286 7767 9193 10651 12336 14256 16377 18639 20989 23270 25412 27541 29851 31898 33902 35488 36661 37525 38240 38686 38700 38671 37829 36936 35655 34335 32890 31360 29681 27726 25936 23956 22360 20634 18886 17299 15717 14229 12852 11610 10456 9460 8529 7634 6868 6189 5558 5049 4501 3946 3547 3250 2897 2586 2308 2033 1789 1610 1457 1286 1124 1025 913 794 707 622 531 468 416 350 307 254 235 205 191 160 148 134 113 106 84 66 50 44 37 33 32 25 22 25 25 25 22 18 12 9 10 7 8 7 6 5 4 3 2 1 
0 0 0 0 250 250 250 250 270 354 467 551 380 463 616 875 1251 1690 2158 2704 3488 4505 5595 6713 7887 9039 10610 12630 14786 16996 19222 21436 23649 26114 28546 30527 32497 34055 35282 36530 37562 38185 38148 38101 37433 36706 35907 34640 33252 31727 30120 28312 26478 24596 22749 21114 19401 17758 16237 14768 13470 12236 11122 10014 9064 8152 7289 6580 5914 5331 4775 4273 3773 3293 2953 2616 2339 2065 1834 1627 1461 1308 1160 1012 874 777 687 610 521 471 423 378 351 313 273 229 204 174 165 161 142 130 110 100 86 85 66 50 44 34 33 32 33 31 28 24 22 20 18 15 11 7 7 5 6 5 4 3 3 4 4 4 3 3 3 3 3 1 2 2 2 2 
0 0 0 0 250 250 250 250 263 332 438 525 345 415 584 840 1229 1600 2038 2565 3277 4144 5159 6377 7629 8993 10580 12312 14299 16445 18648 20852 23082 25476 27650 29781 31784 33668 35290 36547 37637 38307 38765 38854 38474 37749 36696 35731 34260 32684 31029 29222 27365 25470 23653 21753 20060 18476 16812 15149 13747 12459 11219 10128 9052 8070 7283 6580 5932 5244 4666 4181 3769 3368 2942 2609 2322 2105 1898 1654 1460 1272 1162 1047 931 824 743 663 605 530 464 399 352 313 273 260 223 201 175 154 140 126 118 104 98 91 76 76 68 65 53 43 38 33 32 23 21 16 17 15 11 10 9 9 6 6 2 2 1 1 1 1 
0 0 0 0 250 250 250 250 255 334 430 518 342 422 615 928 1347 1680 2014 2426 2973 3807 4728 5561 6505 7622 8911 10518 12375 14155 16105 18404 20697 23182 25420 27704 29712 31780 33484 35039 36292 37271 37991 38376 38403 37937 37523 36474 35346 33939 32433 30640 28952 27188 25300 23563 21649 19915 18340 16843 15329 13937 12655 11476 10487 9480 8575 7673 6900 6207 5556 4987 4473 3957 3511 3168 2844 2550 2243 1985 1735 1570 1405 1247 1114 994 894 806 716 625 558 502 440 400 348 308 278 251 226 210 178 154 132 117 110 99 92 71 62 52 44 39 36 29 21 21 21 20 18 17 12 12 12 13 10 11 15 14 12 12 10 8 10 9 5 4 5 4 6 8 6 5 
0 0 0 0 250 250 250 250 265 345 420 507 328 381 493 671 915 1213 1611 2033 2533 3207 4014 5014 6176 7286 8577 9990 11621 13419 15254 17259 19281 21372 23522 25748 27897 30008 31844 33251 34499 35706 36702 37254 37584 37349 37028 36417 35755 34717 33361 31954 30209 28565 26727 25094 23210 21301 19532 17796 16218 14797 13461 12097 10912 9877 8915 8069 7235 6476 5792 5224 4721 4229 3801 3368 3016 2689 2365 2095 1851 1644 1427 1291 1152 1010 935 806 711 639 591 517 460 407 353 311 281 252 213 183 160 148 126 114 118 93 82 69 59 60 53 48 34 32 31 32 28 20 18 16 12 13 11 8 8 6 4 3 2 1 1 1 1 1 1 
0 0 0 0 250 250 250 250 260 317 400 486 301 342 444 663 993 1387 1680 1984 2487 3281 4354 5453 6492 7522 8841 10418 12318 14142 15887 17695 19625 21866 24274 26570 28569 30599 32243 33800 35321 36339 36988 37283 37348 37156 36787 35962 34859 33566 32232 30877 29239 27494 25690 23963 22274 20688 19048 17511 16053 14695 13420 12214 11099 10035 8999 8104 7262 6466 5814 5188 4594 4103 3658 3218 2846 2527 2237 1987 1761 1589 1413 1245 1113 995 871 787 722 635 571 528 492 424 379 328 288 260 225 193 157 143 133 120 109 91 85 75 76 69 64 54 48 48 41 42 36 36 32 30 27 27 24 20 16 13 11 11 9 8 8 10 9 6 6 5 6 4 4 1 1 1 
0 0 0 0 250 250 250 250 248 303 399 478 296 354 440 612 833 1056 1250 1567 2035 2614 3366 4111 4917 6070 7491 9183 10853 12795 14718 16955 19369 21797 24307 26659 28986 31051 33157 34936 36452 37669 38630 39142 39500 39441 39011 38132 37150 35880 34205 32498 30628 28768 26823 25025 23084 21163 19327 17614 16012 14493 13095 11747 10563 9575 8659 7791 7018 6302 5632 5081 4585 4078 3643 3273 2937 2600 2318 2066 1831 1613 1458 1299 1112 983 877 774 685 617 524 455 407 366 325 291 251 223 201 177 159 150 142 121 112 96 85 81 77 67 54 55 49 50 49 43 37 38 39 38 34 26 23 19 16 13 10 8 6 5 2 3 2 1 1 2 2 2 2 1 1 1 
0 0 0 0 250 250 250 250 262 347 438 534 355 414 551 809 1164 1535 1931 2381 3044 4067 5281 6481 7698 9023 10598 12508 14649 16741 18777 20869 23118 25352 27653 29711 31612 33331 34887 36223 37124 37907 38207 38334 38043 37255 36145 34918 33580 32097 30394 28529 26621 24842 23107 21395 19708 18007 16473 15039 13721 12432 11256 10157 9137 8210 7370 6619 5926 5309 4810 4282 3818 3416 3060 2732 2428 2161 1924 1713 1551 1352 1207 1042 912 827 737 635 553 499 439 399 349 308 262 224 195 170 143 134 118 105 101 99 88 80 72 60 52 44 37 29 29 23 20 16 15 12 9 8 7 4 4 3 3 4 4 4 3 3 2 1 1 
0 0 0 0 250 250 250 250 265 338 449 545 364 438 575 851 1237 1607 1923 2293 2800 3648 4762 5808 6985 8127 9455 11234 13280 15425 17474 19544 21494 23801 26231 28524 30606 32463 34006 35460 36888 37920 38606 38804 38572 38027 37359 36289 35066 33496 31780 29984 28188 26339 24540 22721 20879 19151 17487 16008 14574 13223 11948 10778 9681 8748 7881 7062 6331 5651 5015 4471 3963 3473 3092 2706 2410 2128 1919 1737 1538 1401 1219 1112 980 862 753 660 598 535 482 425 369 353 314 289 259 220 201 185 175 150 138 127 114 106 95 86 77 73 66 56 54 53 44 41 40 40 40 42 37 31 31 34 29 25 24 19 20 18 15 10 11 10 10 9 8 8 7 5 5 7 
0 0 0 0 250 250 250 250 251 314 420 513 347 500 786 1145 1526 1860 2218 2738 3550 4514 5582 6694 7897 9245 10838 12657 14682 16679 18823 21017 23176 25505 28025 30247 32128 33984 35357 36651 37707 38500 38648 38749 38334 37510 36602 35304 33991 32240 30544 28454 26620 24833 23003 21304 19475 17822 16262 14841 13531 12280 11101 9980 9002 8109 7287 6525 5814 5143 4595 4133 3664 3287 2875 2578 2294 2082 1841 1638 1449 1267 1138 1005 893 781 698 609 546 498 438 397 356 329 296 265 232 215 197 177 156 133 122 114 105 93 81 68 64 56 53 49 46 37 33 30 26 23 17 15 12 10 9 9 8 6 4 4 4 4 4 3 1 
0 0 0 0 250 250 250 250 260 324 419 502 299 346 473 795 1289 1710 2037 2377 2980 3897 5158 6340 7409 8551 10076 12119 14208 16237 18071 20020 22185 24636 26820 28837 30631 32378 33919 35308 36462 37086 37639 37796 37665 37251 36510 35528 34250 32829 31184 29422 27704 25891 24079 22360 20578 18907 17438 15813 14298 13017 11828 10605 9598 8642 7723 6972 6308 5575 4935 4417 3914 3402 3016 2692 2400 2157 1942 1726 1527 1391 1238 1115 973 873 766 675 615 533 475 409 367 316 284 258 222 200 168 157 139 124 103 96 92 80 72 62 57 50 47 45 35 34 33 31 26 27 22 18 16 15 16 15 11 9 8 6 6 4 3 1 1 1 1 1 1 1 
0 0 0 0 250 250 250 250 265 347 467 574 409 515 687 1018 1369 1818 2318 2938 3655 4503 5494 6723 8157 9641 11188 12862 14795 16982 19373 21528 23580 25670 27732 29916 31900 33729 35084 36181 37014 37589 38008 37891 37487 36639 35693 34583 33367 31883 30277 28594 26778 24945 23155 21322 19694 18073 16378 14864 13461 12210 11041 10048 9047 8151 7283 6545 5890 5261 4710 4199 3688 3296 2965 2637 2326 2079 1860 1647 1498 1324 1147 1016 887 789 691 623 546 473 437 386 348 313 288 251 243 206 183 170 142 122 107 92 78 69 54 46 45 38 33 29 27 27 24 22 20 20 20 21 18 19 15 16 15 12 11 8 7 4 3 3 2 2 1 1 2 2 2 1 1 1 
0 0 0 0 250 250 250 250 252 322 420 493 327 489 732 1095 1459 1811 2170 2784 3639 4664 5710 6737 7998 9480 11441 13387 15353 17388 19476 21777 24138 26511 28626 30626 32501 34138 35560 36685 37573 38010 38099 37932 37306 36618 35659 34404 33002 31449 29821 28088 26374 24596 22860 21154 19494 17867 16283 14854 13504 12201 11078 10073 9031 8122 7305 6506 5867 5235 4634 4126 3667 3220 2883 2603 2310 2090 1872 1660 1467 1315 1194 1049 928 831 726 643 577 531 469 424 377 330 291 271 254 212 187 172 153 138 123 102 80 71 64 52 47 44 43 41 39 35 26 26 23 22 17 15 10 11 13 11 10 9 9 7 7 4 3 2 2 1 1 1 1 1 
0 0 0 0 249 249 249 249 264 332 418 511 332 431 657 1065 1574 2079 2542 3069 3832 4879 6062 7309 8613 10073 11824 13882 16087 18285 20556 22853 25350 27778 30129 32203 34044 35797 37162 38297 39037 39352 39445 39020 38395 37200 36129 34679 33058 31419 29432 27682 25756 23940 21955 20153 18342 16798 15288 13848 12570 11335 10280 9280 8360 7488 6696 5989 5388 4846 4317 3791 3404 3046 2719 2453 2175 1945 1747 1575 1369 1199 1071 944 846 752 671 599 561 507 457 407 367 327 284 255 229 209 186 167 146 128 109 97 86 69 59 54 52 45 35 30 22 22 24 20 16 14 12 11 12 13 10 8 6 6 6 5 4 3 1 1 1 1 1 1 1 
0 0 0 0 249 249 249 249 255 312 390 458 268 300 414 632 943 1157 1374 1630 2063 2670 3310 4009 4731 5691 6950 8410 9951 11457 13176 15066 17159 19386 21469 23626 25662 27906 30029 32037 33733 35125 36248 37162 37891 38287 38193 37660 36942 35867 34743 33223 31570 29697 27938 26087 24260 22550 20747 19060 17517 16000 14571 13319 12068 10937 9850 8884 7955 7122 6445 5758 5204 4678 4216 3810 3380 3065 2722 2441 2162 1930 1696 1494 1324 1188 1061 947 849 750 665 596 532 470 429 369 334 288 257 235 200 173 147 142 131 119 108 89 79 68 65 56 55 51 50 44 45 42 36 32 25 22 16 14 12 11 9 7 5 5 4 3 1 1 1 1 1 
0 0 0 0 250 250 250 250 267 328 407 502 331 417 598 964 1428 1870 2273 2825 3729 4897 6312 7718 8966 10458 12258 14358 16707 18840 20961 23052 25338 27657 29901 31856 33606 35151 36284 37473 38109 38516 38629 38426 37680 36900 35883 34355 32983 31392 29605 27685 25753 23736 21928 20199 18488 16787 15308 13963 12706 11525 10305 9296 8378 7506 6751 6016 5329 4736 4223 3761 3323 3014 2635 2361 2102 1892 1682 1467 1317 1135 1012 891 780 701 653 610 540 486 415 374 343 309 265 228 201 183 176 152 139 119 104 95 92 82 76 74 64 55 61 53 44 43 34 29 26 22 13 13 9 7 8 7 8 6 4 3 2 2 1 1 
0 0 0 0 250 250 250 250 272 355 457 552 371 429 559 827 1258 1707 2125 2660 3285 4190 5379 6614 7939 9327 10830 12657 14774 17076 19438 21723 23922 26231 28763 31057 33200 34837 36397 37588 38667 39173 39389 39316 38804 38311 37056 35836 34231 32674 30947 29088 27064 24946 23099 21247 19541 17943 16257 14758 13412 12086 10862 9823 8828 7945 7144 6387 5769 5183 4660 4118 3663 3278 2916 2613 2324 2071 1823 1622 1436 1276 1146 1014 896 771 688 612 549 491 421 373 316 273 241 202 176 158 129 111 100 79 70 67 58 49 45 43 38 35 34 29 28 25 28 26 24 23 19 16 12 11 11 8 7 9 8 8 9 9 6 6 7 6 7 7 5 4 4 4 3 2 
0 0 0 0 250 250 250 250 259 318 411 494 324 408 536 763 977 1329 1744 2341 3086 3906 4789 5873 7212 8678 10351 11979 13882 15924 18157 20274 22481 24711 26889 29207 31048 32892 34545 36155 37418 38375 38898 38873 38741 38394 37646 36410 35036 33481 31852 30282 28429 26456 24553 22755 21029 19266 17624 15991 14575 13162 11808 10701 9535 8491 7567 6746 6092 5473 4968 4425 3960 3516 3146 2816 2497 2204 1914 1684 1504 1362 1225 1091 956 858 751 678 602 528 475 411 363 306 285 251 212 175 144 125 116 103 88 76 70 61 55 50 42 41 34 29 21 21 17 15 12 9 8 7 5 5 4 2 1 2 2 2 2 1 2 2 2 2 2 2 2 2 1 1 1 
0 0 0 0 249 249 249 249 255 333 431 509 348 467 683 1024 1428 1749 2162 2727 3535 4572 5780 7043 8382 10066 11830 13947 16172 18408 20612 22778 24973 27266 29517 31490 33255 34856 36177 37314 38145 38519 38442 38056 37524 36741 35715 34422 32936 31211 29495 27784 25833 23868 22009 20182 18510 16975 15524 14055 12797 11597 10494 9531 8575 7675 6844 6171 5555 4934 4380 3884 3460 3060 2726 2422 2076 1836 1615 1410 1248 1133 984 856 788 699 637 574 507 449 409 371 308 281 254 228 200 172 146 129 129 121 100 83 76 67 61 54 52 41 36 31 26 24 22 19 11 10 11 10 8 7 5 3 3 2 2 2 2 2 2 2 2 2 1 1 
0 0 0 0 250 250 250 250 264 349 435 503 333 487 827 1324 1838 2354 2950 3780 4841 6054 7284 8498 9960 11645 13770 15780 17846 19916 22033 24435 26867 29220 31159 33074 34836 36324 37372 38234 38575 38492 38341 37791 37011 35955 34712 33122 31467 29936 28031 26195 24231 22452 20708 19032 17374 15697 14304 12930 11739 10533 9469 8570 7750 6956 6274 5650 5077 4559 4130 3600 3201 2852 2492 2238 1997 1755 1538 1396 1256 1135 1014 889 768 709 659 594 532 473 424 382 337 288 249 226 198 172 154 142 133 132 113 104 100 96 89 76 70 53 51 46 41 35 30 29 25 25 25 22 17 14 11 11 11 9 7 4 4 6 6 5 4 3 4 3 3 2 2 2 2 2 
0 0 0 0 250 250 250 250 258 328 423 517 339 398 502 695 954 1194 1436 1717 2178 2740 3515 4435 5457 6627 7953 9608 11380 13241 15289 17352 19626 22094 24387 26418 28470 30710 32626 34331 35748 36643 37620 38260 38652 38348 37859 36988 35852 34613 33175 31562 29718 27964 26166 24472 22750 21025 19215 17589 16017 14477 13087 11835 10674 9708 8788 7940 7138 6487 5803 5208 4656 4098 3661 3231 2909 2579 2301 2052 1827 1640 1428 1303 1133 978 875 761 654 566 514 433 376 353 301 269 248 234 205 180 163 138 129 112 105 103 96 85 72 71 66 62 56 48 37 32 29 22 20 17 14 8 8 7 5 4 3 2 2 2 2 2 1 
0 0 0 0 250 250 250 250 263 338 426 514 349 456 614 855 1200 1618 2126 2731 3500 4354 5359 6552 7894 9481 11126 12963 15095 17318 19814 22204 24672 26811 29134 31362 33187 35137 36406 37620 38419 39063 39202 39061 38535 37475 36428 34847 33290 31644 29902 27829 26097 24302 22405 20771 19074 17465 15986 14721 13296 12060 10900 9839 8871 7912 7080 6361 5733 5088 4538 4039 3587 3222 2867 2540 2233 1964 1771 1575 1412 1245 1121 991 891 808 695 629 538 490 442 376 326 295 263 228 209 180 165 154 142 117 106 101 89 83 68 54 44 40 40 37 32 22 18 17 17 13 9 8 7 8 7 6 4 4 4 4 4 2 3 2 2 2 1 
0 0 0 0 250 250 250 250 272 353 464 571 407 490 644 999 1528 2077 2435 2761 3323 4317 5677 6980 8104 9247 10760 12807 15199 17385 19246 21006 23076 25228 27695 29863 31608 33199 34725 36053 37166 37892 38050 38021 37613 36945 35989 34893 33464 31945 30440 28679 26852 24972 23130 21441 19744 18091 16469 14948 13541 12321 11094 9930 8964 8122 7231 6446 5755 5121 4655 4160 3729 3272 2942 2602 2335 2104 1828 1664 1462 1287 1147 1045 915 818 726 653 580 525 469 427 393 345 312 276 263 238 213 176 152 138 120 100 82 76 71 66 53 46 42 36 29 21 16 17 15 13 12 13 11 11 11 8 7 6 5 5 5 4 3 3 2 2 2 
0 0 0 0 250 250 250 250 263 313 386 460 295 394 584 975 1456 2016 2576 3177 3967 5032 6308 7719 9165 10801 12698 14744 17011 19265 21564 23700 26051 28336 30387 32587 34475 35972 36978 37978 38481 38651 38695 38145 37236 36368 35273 33853 32371 30550 28733 26908 25104 23257 21443 19684 17930 16444 14948 13587 12286 11075 10025 8961 8155 7276 6552 5822 5197 4617 4098 3688 3246 2915 2589 2317 2056 1878 1661 1496 1344 1205 1068 948 841 737 677 588 528 447 392 345 312 271 238 216 189 180 162 139 122 117 103 91 78 62 56 58 49 40 37 29 28 25 24 17 18 15 12 12 9 7 7 5 2 3 3 2 2 2 1 1 1 
0 0 0 0 250 250 250 250 268 374 500 625 470 542 670 946 1388 1779 2217 2686 3419 4371 5698 7134 8487 9971 11552 13467 15530 17775 19896 21909 24118 26239 28511 30565 32491 34151 35567 36839 37671 38407 38686 38591 38099 37374 36241 34974 33483 31882 30061 28244 26521 24626 22897 21143 19500 17778 16289 14866 13420 12191 11030 10013 9000 8110 7233 6484 5821 5172 4619 4080 3609 3272 2944 2600 2310 2070 1852 1637 1490 1309 1161 1025 922 817 713 633 560 486 429 385 343 313 272 228 196 184 167 144 123 105 92 80 75 63 52 44 36 25 24 18 14 13 12 12 11 10 7 7 9 9 8 6 5 4 5 4 2 2 2 2 1 1 
0 0 0 0 250 250 250 250 265 329 410 500 359 504 741 1110 1636 2233 2837 3521 4266 5386 6690 8109 9634 11081 12797 14771 17130 19491 21868 24098 26206 28585 30851 32979 34785 36270 37546 38646 39512 39724 39734 39363 38582 37529 36119 34471 32719 30938 28905 26944 25035 23148 21235 19380 17742 16106 14675 13352 11927 10702 9629 8691 7698 6910 6174 5417 4854 4345 3897 3455 3101 2737 2446 2173 1935 1723 1526 1354 1203 1048 945 825 734 640 572 503 446 394 334 308 270 249 207 185 155 147 129 114 105 87 77 67 60 50 47 48 43 39 35 32 28 26 19 13 12 12 12 10 7 5 5 5 4 1 1 1 1 1 1 1 1 1 1 1 1 1 
0 0 0 0 250 250 250 250 258 324 392 472 300 366 503 742 1066 1528 2016 2603 3380 4466 5781 7020 8263 9532 11041 12967 15115 17230 19171 21211 23365 25592 27932 29811 31417 32894 34503 35815 36967 37597 37700 37814 37609 37103 36169 35199 33822 32453 30865 29019 27258 25356 23469 21568 19889 18266 16776 15256 13842 12576 11428 10323 9257 8291 7362 6672 5990 5303 4696 4191 3703 3314 2996 2665 2326 2081 1865 1636 1492 1313 1174 1047 930 833 752 660 568 517 446 406 372 338 297 277 264 227 203 185 161 141 126 114 96 87 78 60 51 45 43 36 31 27 24 24 23 21 17 18 17 15 14 10 8 7 8 6 6 6 5 5 3 7 5 5 5 5 5 5 5 2 
0 0 0 0 250 250 250 250 247 323 412 499 317 384 556 867 1264 1668 2107 2601 3346 4277 5330 6496 7740 9038 10581 12271 14107 16070 18138 20138 22125 24342 26387 28572 30540 32290 33925 35461 36571 37323 37827 37815 37835 37309 36366 35244 34023 32738 31258 29659 27813 26093 24363 22532 20828 19024 17420 15944 14393 13008 11723 10602 9548 8582 7707 6825 6144 5528 4950 4431 3927 3511 3111 2807 2485 2183 1920 1709 1522 1356 1192 1033 918 812 719 630 573 501 440 393 337 305 261 231 198 167 148 136 126 112 103 91 85 82 70 51 46 42 38 37 35 30 30 28 22 19 17 15 11 8 4 3 3 4 3 2 1 1 1 1 1 
0 0 0 0 249 249 249 249 256 324 422 491 325 455 694 1078 1553 1941 2452 3028 3898 4915 5976 6992 8136 9503 11079 12935 14615 16540 18611 20758 23065 25324 27488 29400 31445 33256 34763 36124 36965 37625 37960 37864 37458 36677 35630 34512 33312 31836 30257 28611 26872 25132 23484 21571 19781 18168 16512 15121 13725 12389 11152 10172 9189 8206 7349 6582 5951 5356 4796 4274 3828 3464 3143 2805 2501 2270 2019 1822 1630 1455 1313 1183 1065 931 832 732 634 552 478 429 388 334 288 239 220 204 171 162 145 126 114 100 99 87 83 72 56 53 49 47 38 35 34 29 27 27 25 25 22 20 14 12 12 9 8 8 7 7 9 9 10 8 7 7 7 6 4 5 2 3 
0 0 0 0 250 250 250 250 271 344 462 562 412 575 867 1289 1778 2293 2791 3536 4534 5684 6868 8140 9483 11027 12996 15015 17007 19066 21199 23412 25974 28358 30419 32383 33935 35465 36668 37645 38137 38349 38113 37494 36884 35812 34791 33426 31792 30035 28263 26681 24967 23187 21461 19668 17988 16550 15169 13778 12428 11348 10180 9186 8360 7431 6691 5999 5342 4753 4237 3784 3306 2950 2551 2281 2082 1841 1647 1440 1283 1145 1023 896 779 695 593 528 476 423 380 326 296 263 246 225 198 166 151 139 114 93 83 65 53 55 51 44 37 39 34 34 33 28 21 18 16 12 14 8 7 4 4 4 3 3 
