0 0 0 248 248 248 268 319 425 527 606 545 869 1359 1910 2621 3588 4850 6472 8238 10291 12613 15414 18240 21503 24792 28337 32032 35476 38789 41941 44802 46738 48287 49228 49672 49446 48572 47021 45243 43105 40615 37866 34864 32058 29287 26548 23733 21103 18795 16676 14715 12922 11323 9806 8579 7582 6631 5788 5047 4372 3796 3346 2890 2482 2118 1872 1649 1420 1221 1036 907 768 656 551 462 392 346 303 259 227 203 175 150 136 127 115 96 77 69 54 46 39 30 21 20 18 13 12 12 9 8 5 1 1 
0 0 0 250 250 250 300 431 634 793 1032 1090 1650 2381 3095 3753 4648 5971 7626 9269 11021 12906 15064 17768 20414 23032 25481 28263 31128 33803 36177 38055 39828 41378 42493 42875 42707 42072 41112 40059 38261 36244 34162 31783 29544 27370 25055 22830 20819 18738 16826 15217 13613 12108 10839 9565 8422 7487 6619 5828 5087 4436 3865 3394 3014 2636 2288 1997 1734 1557 1359 1199 1032 900 794 685 608 499 435 377 326 267 230 194 170 152 126 99 87 79 69 63 51 45 35 38 39 36 29 22 22 23 26 25 20 18 19 21 22 25 22 16 16 16 14 13 8 5 5 5 4 3 3 3 5 3 4 4 5 5 3 3 1 1 1 1 
0 0 0 250 250 250 280 333 444 534 640 572 872 1263 1661 2139 2729 3582 4843 6376 7981 9937 12270 14859 17747 20980 24086 27152 30404 33675 36789 39749 42227 44403 45871 47181 47937 47847 47144 45922 44300 42275 40005 37479 34865 32062 29340 26766 24180 21822 19524 17400 15472 13673 12145 10686 9341 8207 7240 6278 5551 4855 4231 3720 3234 2833 2467 2194 1879 1640 1422 1224 1069 932 804 706 640 537 472 417 356 297 267 221 187 173 154 128 114 103 86 75 68 57 46 44 39 32 30 28 24 25 22 21 21 18 18 15 15 12 13 13 10 10 8 7 6 7 5 3 3 2 2 2 
0 0 0 249 249 249 270 332 452 559 671 566 852 1382 2124 2805 3596 4660 6149 7942 9889 11902 14129 16793 19990 23336 26611 29916 33090 36387 39509 42107 44118 46015 47313 48132 48379 48072 46929 45599 43585 41229 38737 35958 33202 30367 27667 24893 22469 20018 17689 15698 13954 12207 10730 9436 8191 7144 6317 5508 4757 4232 3666 3165 2788 2441 2125 1865 1640 1416 1244 1094 964 809 699 596 516 456 386 341 297 266 228 196 163 141 127 106 82 64 58 45 41 36 26 18 18 18 15 14 10 10 10 10 10 8 3 2 2 2 2 2 1 1 1 1 1 
0 0 0 249 249 249 274 333 416 529 653 671 1081 1666 2316 3049 3994 5353 6964 8742 10614 12748 15392 18270 21279 24238 27265 30430 33556 36519 38870 41167 43266 44845 45581 46089 46050 45381 44302 42892 40961 38724 36665 34091 31463 28875 26506 23963 21533 19352 17142 15304 13587 11983 10475 9200 8139 7120 6264 5481 4809 4265 3726 3210 2767 2402 2069 1793 1539 1305 1123 985 877 759 648 577 513 422 368 306 246 211 180 146 115 98 88 71 63 48 42 34 30 30 26 25 20 17 16 19 15 12 8 6 6 5 5 2 2 1 2 2 2 2 1 1 2 2 1 1 1 1 1 1 
0 0 0 250 250 250 273 326 430 527 621 563 890 1443 2049 2624 3222 4129 5443 7042 8815 10574 12607 15435 18586 21882 25031 28306 31561 35118 38568 41276 43591 45476 46930 47962 48335 48084 47043 45792 44151 41888 39670 36779 34089 31306 28640 26002 23338 20854 18542 16647 14723 12998 11471 9977 8773 7699 6687 5823 5062 4395 3822 3370 2899 2533 2264 1962 1679 1459 1257 1087 960 838 730 625 541 478 409 349 303 267 223 192 154 130 110 102 83 73 63 53 47 36 27 26 23 21 19 17 14 11 10 9 8 5 4 4 4 4 4 3 3 2 3 2 2 2 1 1 1 1 
0 0 0 250 250 250 272 335 400 486 556 407 577 812 1054 1372 1824 2401 3285 4428 5707 7191 8950 11040 13521 16184 19084 22182 25604 29116 32553 35905 39025 41937 44198 46277 47552 48251 48481 48085 47121 45678 43904 41685 39251 36588 33856 31228 28496 25909 23360 20897 18666 16544 14635 12862 11374 10022 8830 7715 6720 5933 5193 4529 3944 3384 2898 2531 2177 1877 1622 1420 1229 1054 904 752 657 560 478 404 361 306 264 238 199 167 146 132 110 93 75 63 51 44 39 31 23 21 18 15 13 11 10 7 7 7 7 8 9 8 6 5 6 5 5 3 2 2 2 2 1 1 1 1 
0 0 0 250 250 250 274 340 447 575 750 899 1555 2316 3168 4093 5286 6914 8815 10879 13071 15554 18188 21248 24673 27915 31097 34224 37426 40387 43160 45278 46654 47575 48167 48053 47292 45973 44132 42079 39708 37069 34350 31609 28823 26257 23697 21256 18926 16864 14968 13115 11496 10086 8874 7750 6773 5841 5052 4381 3853 3344 2880 2500 2158 1876 1649 1406 1181 1019 874 748 646 553 457 398 339 282 237 209 177 154 131 110 93 81 75 60 51 38 34 23 22 20 13 9 7 5 4 4 3 3 3 3 2 1 1 1 1 
0 0 0 249 249 249 271 315 423 513 585 464 736 1164 1740 2298 3087 4151 5595 7230 9022 11060 13344 15998 18855 21843 24936 28405 31803 34924 37811 40733 43247 45110 46410 47169 47415 47304 46610 45143 43130 40975 38718 36134 33400 30747 28099 25566 23161 20794 18540 16571 14731 12920 11421 9962 8778 7772 6774 5874 5079 4496 3904 3441 2953 2530 2213 1927 1674 1423 1217 1053 928 770 673 583 489 419 354 300 253 218 178 150 130 109 92 80 70 66 58 51 42 37 34 33 35 28 26 23 24 21 18 15 10 8 9 8 8 9 8 6 6 7 6 7 7 5 5 6 5 4 3 2 1 1 1 
0 0 0 250 250 250 285 354 466 577 682 600 851 1181 1598 2136 2827 3671 4875 6217 7837 9700 11869 14269 16894 19823 22696 25812 29080 32402 35612 38544 41294 43686 45634 47179 47941 47974 47509 46634 45307 43391 41174 38722 36156 33287 30527 27672 24935 22483 20066 17855 15848 14138 12438 10925 9602 8447 7453 6566 5797 5075 4464 3912 3395 2939 2564 2251 1971 1698 1475 1240 1095 952 819 701 603 512 457 402 330 300 268 221 196 169 139 122 110 91 77 64 48 45 39 32 28 28 21 18 15 12 10 11 11 6 7 7 6 5 5 4 3 4 3 2 2 2 1 1 1 
0 0 0 250 250 250 273 330 439 553 678 645 936 1388 1867 2407 3140 4036 5180 6535 8156 9885 11972 14442 17082 19887 22977 26091 29234 32393 35482 38211 40576 42671 44059 45146 45646 45902 45512 44482 43159 41474 39293 36920 34579 31862 29122 26596 24073 21675 19491 17363 15430 13641 12151 10658 9312 8199 7217 6411 5634 4966 4352 3785 3323 2877 2500 2190 1861 1603 1361 1175 1021 899 807 697 611 563 491 449 403 359 300 266 245 213 189 170 148 127 115 99 80 75 68 62 52 41 35 34 30 28 23 16 15 16 12 8 8 6 5 4 3 2 2 2 1 1 1 1 2 3 3 2 2 2 2 2 1 
0 0 0 250 250 250 283 333 427 587 896 1142 1702 2286 3038 4076 5379 6940 8600 10296 12349 14917 17683 20526 23511 26757 30147 33573 36791 39602 42203 44477 46336 47285 47687 47466 46849 45707 44165 42179 39669 37085 34461 31821 29157 26545 23900 21313 19102 17117 15239 13464 11827 10395 9193 8120 7112 6203 5457 4806 4227 3703 3230 2842 2486 2188 1909 1647 1415 1210 1058 944 818 704 609 547 482 419 382 324 277 232 195 169 139 121 106 90 77 64 59 48 35 25 23 24 20 18 11 12 14 13 12 11 14 13 13 9 6 6 7 7 4 5 4 4 4 6 4 4 3 2 2 3 3 1 1 1 1 1 1 
0 0 0 249 249 249 282 352 460 560 679 640 981 1522 2156 2820 3643 4799 6195 7842 9705 11663 14067 16846 19869 22995 26203 29290 32553 35821 38838 41420 43713 45472 46840 47744 47928 47358 46263 44928 43027 40838 38324 35679 32982 30460 27802 25037 22464 20120 18020 16065 14207 12439 10928 9688 8544 7464 6555 5705 5029 4377 3837 3285 2865 2536 2181 1942 1648 1475 1306 1163 998 862 764 643 569 490 420 364 316 262 227 198 166 135 109 91 82 65 56 46 44 41 39 36 28 25 23 21 18 18 13 11 9 8 7 5 5 4 5 3 2 2 2 2 3 2 1 2 2 2 2 2 1 1 1 
0 0 0 250 250 250 287 340 433 524 655 551 799 1126 1575 2210 2998 3872 4813 6118 7699 9678 11924 14312 16813 19727 23034 26394 29716 32984 36133 38997 41796 44214 45880 47165 47799 47802 47108 45994 44349 42270 40094 37480 34668 31813 29070 26484 23858 21362 19020 16893 14947 13304 11703 10160 8958 7799 6743 5855 5132 4467 3914 3481 3001 2625 2322 2077 1805 1558 1362 1163 1049 905 792 674 574 487 415 367 319 293 244 215 181 162 136 113 94 75 60 46 40 32 29 25 23 19 16 14 11 12 9 5 3 3 3 3 3 1 1 1 1 
0 0 0 250 250 250 270 341 443 528 653 668 1109 1646 2301 3017 3794 4922 6295 7962 9715 11684 14044 16762 20013 23161 26535 29811 33273 36644 39894 42506 44836 46682 48023 48821 48811 48370 47174 45625 43517 41353 38852 36061 33260 30306 27481 25012 22487 20139 17870 15779 14021 12486 11015 9593 8433 7338 6391 5611 4907 4260 3709 3235 2786 2406 2086 1837 1624 1405 1219 1070 941 846 748 645 541 469 409 350 314 269 227 196 170 157 130 118 94 80 76 67 57 48 44 36 35 31 29 22 22 21 16 13 9 8 4 3 2 1 1 1 
0 0 0 250 250 250 267 309 404 491 599 570 1002 1535 2051 2655 3498 4681 6194 7762 9329 11167 13625 16506 19547 22431 25258 28553 32047 35439 38272 40850 43217 45462 47094 47783 47816 47359 46762 45506 43505 41092 38517 35918 33325 30617 27755 25040 22530 20105 18018 16093 14350 12580 11154 9809 8639 7645 6734 5853 5048 4404 3819 3272 2884 2490 2156 1865 1582 1401 1231 1096 945 814 713 611 536 475 400 343 317 275 231 212 198 170 155 134 117 101 99 79 69 64 60 51 40 34 26 28 28 20 13 13 13 14 12 9 5 6 6 3 3 1 1 1 1 
0 0 0 250 250 250 282 350 461 560 652 524 724 1002 1298 1590 1918 2523 3463 4800 6257 7950 9842 12227 15144 18237 21437 24545 27822 31113 34777 38133 41045 43615 45925 47677 48654 49186 49011 48243 46985 45176 42916 40404 37669 34941 32001 29041 26362 23653 21139 18945 16934 14974 13204 11715 10264 9027 7839 6805 5937 5208 4560 3880 3322 2875 2531 2170 1862 1583 1391 1187 1029 885 741 637 541 470 403 338 291 246 212 180 157 133 108 101 91 82 69 66 57 52 44 35 27 24 22 18 20 16 19 17 16 14 13 12 10 10 6 6 6 7 6 5 4 3 3 3 2 1 
0 0 0 250 250 250 280 341 440 532 655 574 881 1376 1986 2643 3453 4515 5869 7649 9720 11944 14446 17261 20439 23917 27426 30802 34157 37442 40496 43303 45341 46912 48071 48709 48695 48009 46649 44984 43020 40543 37737 34964 32059 29350 26710 24047 21497 19101 17012 14988 13241 11664 10204 8833 7661 6647 5783 5111 4475 3887 3380 2969 2604 2335 2065 1783 1563 1318 1162 1029 870 758 669 565 483 438 385 337 307 277 235 216 192 166 147 117 104 93 80 74 61 47 41 38 32 27 25 21 24 25 22 17 16 17 13 11 8 4 4 5 4 2 2 1 1 1 1 
0 0 0 250 250 250 286 352 463 586 772 811 1238 1772 2428 3102 4109 5478 7089 8807 10703 12901 15438 18352 21305 24257 27287 30521 33655 36616 39150 41229 43213 44808 45772 45979 45740 45139 44102 42803 40790 38395 35907 33566 31156 28446 25853 23326 20965 18815 16774 14891 13146 11616 10246 8972 7931 6955 6147 5318 4657 4141 3611 3204 2818 2472 2166 1902 1686 1480 1332 1187 1030 894 765 674 572 494 432 361 306 264 236 208 180 159 128 117 105 93 77 65 59 51 47 36 27 25 21 16 11 11 8 8 7 5 4 5 5 4 3 2 3 4 4 2 2 3 4 4 3 2 3 3 3 2 1 1 1 1 
0 0 0 250 250 250 271 329 411 501 600 486 762 1264 1812 2406 3173 4198 5569 7315 9235 11184 13598 16375 19341 22620 25929 29155 32401 35774 38975 41571 43856 45889 47352 48136 48361 47904 46880 45447 43735 41281 38777 36231 33593 30870 28033 25264 22693 20337 18105 15997 14085 12398 10910 9630 8321 7303 6329 5495 4777 4126 3637 3157 2787 2440 2157 1936 1707 1471 1256 1100 963 834 713 603 515 463 422 363 317 291 255 232 200 174 147 130 110 91 79 67 62 51 43 35 26 24 17 13 10 8 7 6 6 4 4 3 2 2 1 
0 0 0 250 250 250 273 328 423 510 617 525 770 1115 1575 2128 2872 3747 4799 6178 7804 9714 11858 14198 16827 19786 23027 26340 29816 33141 36298 39537 42207 44686 46473 47885 48512 48758 48234 47205 45890 43908 41537 38857 36025 33260 30529 27747 24969 22494 20223 18096 16139 14285 12564 11048 9659 8396 7343 6484 5626 4904 4230 3683 3210 2808 2439 2084 1828 1552 1343 1160 992 860 750 639 549 472 433 373 322 274 230 206 189 171 133 103 89 78 61 55 38 30 21 22 23 24 20 11 11 10 10 6 5 2 3 3 2 2 2 2 2 1 
0 0 0 249 249 249 276 329 435 567 750 758 1092 1575 2208 3050 4056 5282 6741 8560 10698 12962 15515 18360 21344 24546 27921 31205 34338 37467 40408 43010 45215 46700 47539 47749 47705 46961 45698 43780 41668 39244 36725 33977 31200 28563 26046 23584 21249 19017 17024 15256 13502 11959 10442 9197 8011 7041 6086 5267 4529 3920 3373 2916 2565 2219 1927 1687 1469 1266 1121 967 849 724 622 539 463 413 367 333 283 251 215 191 167 143 118 109 95 81 72 63 61 52 44 36 29 24 21 14 8 6 5 4 3 2 1 1 1 1 1 
0 0 0 249 249 249 279 340 454 563 655 560 811 1199 1617 2183 2865 3789 4885 6207 7797 9537 11596 13829 16599 19385 22545 25878 29044 32420 35687 38759 41420 43776 45673 47132 48032 48243 47855 46860 45334 43484 41308 38718 36063 33395 30494 27674 25115 22560 20109 17930 15716 13782 12164 10743 9420 8254 7230 6320 5553 4856 4269 3688 3216 2786 2395 2105 1835 1601 1358 1195 997 878 781 675 602 532 486 425 383 330 277 247 209 178 154 134 118 101 87 61 53 46 40 35 28 23 20 20 15 17 13 8 8 7 7 5 5 4 4 4 3 3 2 2 2 2 2 1 1 1 1 1 1 
0 0 0 250 250 250 272 331 447 539 661 629 1080 1640 2212 2835 3706 4993 6685 8576 10465 12590 15181 18155 21310 24595 27681 30928 34306 37798 40698 43213 45323 47019 48326 49022 48876 48135 46837 45013 42724 40234 37395 34649 31792 28980 26278 23785 21345 18950 16955 14962 13135 11586 10186 8923 7811 6811 5880 5130 4512 3904 3382 2926 2497 2173 1895 1626 1423 1240 1056 917 831 720 625 543 472 402 345 297 251 205 170 135 123 105 96 79 62 61 48 44 42 34 29 23 21 21 21 17 10 10 8 8 7 2 1 1 1 
0 0 0 249 249 249 266 331 437 511 626 556 803 1130 1523 1886 2356 3012 4000 5320 6707 8217 10068 12341 14929 17819 20784 23708 27012 30474 33706 36752 39721 42022 44151 45809 46947 47446 47442 46977 45719 44218 42320 40249 37695 35160 32316 29450 26897 24445 21950 19535 17382 15363 13664 12077 10519 9218 8106 7044 6107 5340 4655 4055 3552 3071 2663 2337 2003 1751 1525 1325 1138 1000 880 764 679 594 508 443 400 338 295 252 216 198 172 159 132 118 102 89 78 66 57 50 48 41 37 39 40 38 34 27 24 22 18 12 6 6 5 4 1 2 2 2 2 1 1 1 1 
0 0 0 250 250 250 277 343 458 559 655 585 888 1273 1679 2204 2816 3641 4644 5845 7062 8571 10350 12270 14345 16655 19076 21725 24633 27622 30368 33159 35931 38272 40274 42021 43338 43949 44255 44101 43413 42308 40770 38968 36811 34573 32206 29641 27152 24696 22489 20173 18082 16221 14509 12951 11404 10129 8950 7924 7063 6168 5445 4821 4305 3757 3263 2858 2455 2181 1900 1626 1381 1217 1065 924 799 705 594 517 446 376 332 292 261 229 213 181 164 140 122 108 93 81 74 68 60 61 58 52 51 39 35 33 30 25 20 21 18 17 12 13 13 11 10 7 7 6 6 4 2 1 
0 0 0 250 250 250 268 329 426 514 636 614 952 1372 1919 2649 3589 4766 6127 7726 9455 11629 14053 16573 19366 22386 25520 28815 31993 35073 37979 40797 43216 45256 46615 47403 47729 47518 46665 45288 43272 41074 38599 36157 33464 30736 28093 25597 23070 20622 18506 16397 14586 12833 11219 9785 8614 7549 6553 5719 4956 4298 3721 3246 2796 2429 2086 1784 1551 1353 1168 1001 870 762 672 593 504 429 366 303 276 245 210 181 163 139 126 117 101 92 79 64 52 38 31 26 23 16 14 11 8 7 6 4 2 2 
0 0 0 250 250 250 265 318 412 496 579 495 824 1265 1733 2200 2812 3723 4959 6386 7989 9699 11772 14098 16701 19507 22280 25410 28416 31563 34488 37343 40096 42320 44287 45351 46092 46367 46364 45626 44333 42527 40332 38137 35665 33052 30396 27671 24880 22554 20281 18112 16229 14417 12738 11303 10083 8829 7735 6761 5918 5181 4500 3948 3429 3034 2673 2336 2029 1763 1579 1376 1210 1064 906 791 692 598 509 441 382 319 290 252 230 208 178 159 133 118 106 87 81 69 61 53 49 43 41 36 27 20 20 18 18 20 16 16 14 15 13 12 13 9 9 9 10 9 7 7 4 4 5 5 4 5 6 6 6 4 5 5 5 4 3 2 2 2 1 
0 0 0 250 250 250 264 312 414 515 637 596 891 1273 1717 2323 3178 4228 5393 6765 8490 10680 13036 15760 18546 21691 25152 28772 32271 35555 38926 41882 44489 46634 48034 49003 49147 48797 47827 46245 44149 41725 39061 36276 33482 30720 27881 25142 22695 20435 18200 16140 14275 12567 11074 9783 8536 7422 6496 5618 4898 4240 3716 3253 2794 2402 2089 1834 1573 1368 1144 967 860 730 649 564 480 430 384 337 278 248 205 167 144 112 93 70 59 48 44 43 38 33 25 23 21 17 15 13 12 9 10 10 10 9 7 4 7 7 6 6 4 4 4 4 2 2 2 1 1 1 1 1 
0 0 0 249 249 249 274 323 441 541 646 598 903 1344 1836 2374 3110 4092 5402 6925 8656 10610 12948 15568 18481 21560 24700 28077 31639 35119 38345 41203 43708 46039 47637 48786 49166 49108 48534 47289 45516 43257 40923 38160 35294 32307 29299 26559 23909 21338 18925 16799 14905 13141 11606 10162 8862 7753 6748 5868 5132 4458 3924 3373 2963 2533 2164 1891 1614 1391 1166 1029 887 793 675 574 508 454 405 347 283 243 224 192 165 145 134 120 107 96 77 68 54 42 32 28 25 22 17 12 12 9 8 7 6 5 5 4 3 3 2 2 1 
0 0 0 250 250 250 277 326 413 521 628 589 941 1464 2011 2667 3511 4610 6116 7861 9740 11851 14321 16970 20044 23246 26355 29570 32678 35674 38540 41105 42925 44351 45495 45997 45825 45327 44146 42684 41104 39039 36588 34045 31651 29078 26548 24023 21591 19477 17448 15544 13793 12161 10744 9504 8356 7384 6501 5675 4951 4377 3843 3316 2883 2516 2147 1874 1631 1412 1215 1062 922 798 723 640 551 484 425 376 319 280 232 196 181 159 140 114 98 82 80 70 55 44 39 37 33 32 23 22 21 20 15 12 14 9 8 7 4 4 4 4 1 1 2 2 2 1 1 1 1 1 
0 0 0 250 250 250 271 338 444 529 631 547 878 1302 1762 2255 2748 3500 4492 5736 7013 8429 10166 12297 14807 17525 20398 23308 26659 30143 33459 36520 39433 41919 43934 45433 46488 46963 46934 46276 45104 43549 41798 39661 37274 34739 31894 29237 26709 24099 21702 19516 17373 15334 13632 12013 10556 9338 8220 7187 6294 5490 4835 4290 3754 3256 2830 2539 2239 1961 1696 1463 1276 1142 1022 875 759 652 562 493 438 379 306 270 232 200 165 143 118 106 96 83 73 70 63 53 47 38 32 29 26 20 17 18 18 19 18 17 17 15 14 12 7 6 4 2 1 1 1 1 2 1 1 1 1 1 1 1 
0 0 0 250 250 250 269 325 400 481 594 600 963 1428 1966 2572 3390 4485 5792 7436 9383 11566 14208 17008 20262 23631 27304 30953 34741 38406 41723 44602 47122 49199 50628 51241 51117 50316 48950 47184 44844 42257 39407 36501 33507 30536 27538 24725 22088 19600 17422 15350 13534 11804 10320 8988 7813 6805 5869 5108 4408 3837 3305 2820 2427 2123 1835 1591 1386 1198 1037 881 764 650 572 483 414 350 295 257 217 197 156 135 119 103 94 77 71 57 49 37 30 29 25 23 19 16 14 11 11 9 10 9 10 8 6 6 5 4 3 3 1 1 1 1 
0 0 0 249 249 249 268 330 425 492 602 555 847 1205 1640 2249 2958 3907 5120 6624 8449 10519 12818 15484 18445 21616 24796 28066 31326 34841 38233 41069 43357 45424 47161 48271 48916 48454 47594 46213 44528 42403 39868 37236 34437 31570 28767 26108 23511 21184 18925 16758 14771 12992 11463 10056 8837 7710 6739 5921 5193 4611 3989 3490 3060 2639 2309 2001 1729 1467 1247 1073 900 781 651 574 502 438 388 323 274 234 224 192 160 136 121 104 97 87 66 61 54 45 36 34 31 27 23 20 21 16 15 16 13 11 10 9 7 7 6 6 5 4 3 3 3 3 4 1 1 1 1 2 2 2 1 2 2 2 2 1 1 1 1 
0 0 0 250 250 250 284 340 443 557 693 640 973 1487 2051 2682 3480 4599 6025 7713 9535 11530 13889 16698 19620 22673 25964 29129 32366 35617 38594 41122 43444 45055 46276 47197 47502 47044 45996 44407 42580 40508 38026 35464 32671 29902 27280 24760 22303 20043 17952 15864 14015 12346 10843 9502 8297 7219 6282 5441 4724 4151 3622 3193 2796 2467 2164 1927 1692 1462 1280 1119 1001 884 777 681 586 523 476 418 362 316 271 229 223 202 171 147 134 106 98 86 70 56 44 40 34 31 28 26 21 18 19 15 15 15 13 10 6 8 6 8 7 5 6 5 6 4 4 2 3 4 3 3 2 3 3 3 2 1 1 1 1 
0 0 0 250 250 250 277 348 460 554 686 618 859 1239 1768 2422 3223 4300 5536 6970 8738 10852 13296 15834 18491 21396 24429 27757 31085 34247 37253 40030 42400 44254 45801 46800 47241 47281 46341 45068 43313 41468 39163 36681 33893 30991 28394 25872 23555 21017 18773 16697 14843 13260 11699 10323 9130 8060 7093 6170 5348 4595 4016 3464 2971 2562 2208 1932 1700 1489 1263 1096 942 830 730 632 538 475 416 382 349 318 280 252 238 202 190 167 141 127 113 96 79 71 60 50 47 39 34 32 30 24 21 21 14 14 12 9 9 7 6 6 6 4 3 3 2 3 4 4 3 3 3 2 3 2 2 2 2 2 2 2 1 1 
0 0 0 250 250 250 279 313 417 510 646 677 1071 1602 2183 2809 3631 4807 6218 7829 9514 11501 13937 16837 19930 22820 26167 29385 32766 36106 39110 41754 43975 45873 47033 47759 47699 47050 45966 44504 42453 40253 37874 35156 32529 29825 27276 24557 22251 19916 17737 15767 13962 12348 10826 9536 8268 7261 6325 5514 4840 4281 3692 3227 2804 2474 2152 1889 1612 1365 1179 1025 890 751 651 568 488 419 365 312 267 209 186 157 136 121 103 83 74 67 54 47 38 33 28 26 20 18 14 12 11 11 11 8 10 9 9 9 7 6 5 5 3 3 3 2 2 3 3 3 3 2 2 2 1 
0 0 0 250 250 250 276 336 428 517 603 530 814 1262 1825 2479 3361 4416 5692 7233 9043 11060 13275 15775 18595 21664 25054 28461 31622 34807 37715 40439 42634 44516 45622 46368 46599 46345 45579 44108 42353 40323 37896 35394 32866 30094 27379 24835 22400 20021 17964 15969 14213 12620 11256 9893 8661 7619 6641 5848 5088 4461 3909 3432 3010 2596 2276 1988 1738 1506 1257 1071 961 852 736 631 531 466 417 367 317 274 241 220 200 169 139 116 92 82 70 53 46 36 36 30 29 24 20 21 21 20 16 14 12 14 13 12 9 7 6 7 6 3 3 2 2 2 2 1 1 
0 0 0 250 250 250 279 313 403 513 579 458 684 981 1334 1742 2268 3003 4092 5285 6711 8307 10244 12509 14984 17741 20765 24158 27463 30757 33981 37266 40400 42940 45025 46433 47444 48011 47838 47022 45721 44200 42117 39860 37212 34467 31740 29041 26319 23728 21333 19055 17015 15171 13361 11784 10442 9170 8071 7122 6245 5417 4754 4150 3580 3120 2720 2353 2023 1772 1544 1351 1193 1022 884 755 642 574 499 427 361 317 279 244 227 190 165 149 135 120 105 92 73 64 60 48 42 34 29 29 32 29 20 21 17 17 16 12 11 9 10 6 5 5 6 5 3 4 4 4 5 4 2 2 2 1 1 1 
0 0 0 250 250 250 274 328 431 547 772 846 1332 1962 2718 3615 4800 6251 7969 9873 12038 14604 17540 20569 23668 27141 30669 34298 37513 40517 43033 45369 47164 48241 48940 48930 48063 46851 45441 43372 41107 38463 35396 32513 29784 27071 24259 21829 19472 17436 15627 13715 12063 10582 9327 8154 7085 6134 5254 4609 4061 3542 3069 2630 2286 1966 1735 1490 1290 1118 995 866 770 658 557 503 435 367 335 294 253 216 184 151 141 134 108 85 80 75 66 59 45 39 33 33 25 22 19 14 11 9 8 8 8 6 3 3 3 3 3 1 
0 0 0 250 250 250 267 326 456 591 749 775 1182 1723 2332 3020 3915 5159 6591 8200 10005 12016 14376 17036 19905 22886 26021 29230 32417 35476 38280 40982 43021 44704 45755 46365 46290 45737 44765 43129 41100 38830 36601 34071 31547 28999 26478 23889 21633 19524 17497 15538 13859 12290 10806 9586 8472 7394 6483 5698 4959 4296 3760 3280 2806 2443 2105 1800 1568 1372 1170 1006 896 781 683 597 501 427 364 325 277 233 203 172 137 115 105 92 78 74 65 54 48 41 34 25 21 18 16 17 15 13 12 13 14 13 13 11 9 8 8 5 3 2 1 1 1 1 
0 0 0 250 250 250 274 321 418 517 606 535 844 1297 1795 2392 3192 4382 5866 7586 9171 11062 13424 16203 19172 22059 25127 28342 31880 35082 38006 40584 43133 45175 46480 47341 47426 47091 46437 45117 43130 41087 38844 36349 33680 30996 28091 25473 23151 20759 18414 16369 14511 12806 11320 10009 8689 7631 6656 5776 5012 4340 3810 3306 2865 2459 2140 1880 1689 1455 1240 1081 939 807 702 600 500 438 379 306 260 232 209 181 162 140 119 108 101 88 69 63 54 45 35 32 23 16 14 12 9 6 4 3 2 2 1 
0 0 0 250 250 250 274 334 428 534 645 572 807 1163 1528 2006 2683 3682 4968 6468 8183 9968 12136 14820 17688 20739 23679 26893 30254 33745 37104 39709 42156 44294 46039 47438 48108 48091 47550 46651 45208 43312 41137 38420 35671 32841 30000 27210 24438 21848 19457 17332 15349 13544 11975 10598 9377 8176 7047 6110 5335 4665 4095 3515 3035 2642 2371 2061 1801 1593 1362 1178 1030 908 753 664 575 476 425 386 339 285 251 223 191 177 154 126 104 95 78 70 57 49 40 30 25 19 16 12 14 8 7 7 6 8 7 6 4 3 4 4 3 1 1 1 2 3 2 2 2 2 2 2 1 
0 0 0 249 249 249 274 336 428 517 608 516 762 1102 1510 2036 2765 3716 5109 6687 8531 10620 13084 15836 18948 22202 25484 28908 32545 35942 38927 41767 44053 46173 47599 48487 48614 48178 47436 46088 44223 41795 39078 36270 33600 30747 27874 25049 22448 20168 18036 16049 14175 12561 11005 9752 8525 7464 6529 5680 4963 4299 3774 3300 2912 2524 2207 1947 1694 1501 1333 1153 1010 891 779 672 569 513 439 387 323 262 228 201 180 139 114 90 79 71 62 49 43 36 34 31 23 22 15 12 9 6 4 4 4 1 1 1 1 2 2 1 1 1 1 1 1 
0 0 0 250 250 250 276 331 451 574 785 842 1246 1742 2386 3171 4218 5503 6958 8595 10638 12893 15415 18196 21070 24051 27180 30663 34057 37278 40182 42663 44753 46396 47493 47855 47625 46703 45375 43598 41438 39011 36495 33750 30905 28171 25584 23131 20796 18598 16467 14641 13012 11632 10245 9054 7903 6897 6048 5288 4611 3942 3413 2941 2537 2187 1904 1648 1445 1265 1081 929 792 683 580 492 411 329 293 248 217 170 161 141 119 108 85 76 73 71 57 53 44 36 32 24 17 14 12 8 7 6 8 9 9 7 6 6 7 6 4 3 3 5 4 4 3 3 4 3 3 1 1 1 1 2 1 1 1 1 1 1 1 
0 0 0 250 250 250 269 317 404 502 600 543 803 1178 1663 2283 2970 3929 5115 6630 8263 10240 12393 14998 18106 21299 24571 27953 31617 35156 38752 41535 44066 46021 47666 48799 49083 48553 47417 46121 44270 42180 39755 37035 34331 31632 28856 26196 23527 21048 18879 16730 14817 12921 11320 9960 8823 7791 6764 5969 5105 4475 3920 3425 2985 2527 2207 1877 1654 1448 1262 1092 947 834 715 642 548 483 407 361 321 289 246 220 191 171 150 129 103 90 81 71 65 55 50 44 40 34 31 28 24 20 17 15 11 14 12 9 7 6 6 6 5 2 2 3 3 1 1 1 1 1 1 
0 0 0 250 250 250 270 312 401 500 591 486 717 1071 1489 2000 2576 3297 4344 5721 7334 9161 11252 13577 16300 19456 22715 25860 28977 32186 35499 38522 41264 43446 45106 46208 47046 47241 46733 45724 44287 42343 40056 37851 35336 32666 30010 27354 24690 22391 20172 17997 16026 14255 12651 11255 9970 8724 7638 6731 5851 5132 4457 3874 3378 2920 2536 2182 1887 1632 1420 1239 1070 909 794 667 600 510 437 371 325 295 265 237 183 156 130 117 97 82 73 61 54 48 40 35 32 26 22 17 17 15 15 14 11 11 12 10 9 8 7 6 5 4 5 5 4 3 1 1 1 1 
0 0 0 249 249 249 276 338 471 569 693 662 1003 1527 2072 2737 3574 4816 6313 7815 9350 11411 13921 16667 19538 22387 25354 28741 32185 35109 37831 40190 42506 44167 45390 45822 46083 45492 44476 43061 41273 39172 36786 34349 31809 29291 26743 24284 21837 19707 17612 15785 13982 12470 11190 9828 8659 7615 6761 5988 5232 4553 3978 3547 3128 2708 2347 2047 1787 1567 1362 1179 999 881 757 635 565 486 416 357 321 284 244 197 157 137 119 105 93 73 64 61 53 48 49 41 36 38 38 36 36 33 29 30 27 24 20 18 14 12 13 12 13 12 9 11 10 11 9 9 8 6 5 4 3 2 3 2 2 2 1 1 1 1 1 1 1 1 1 
0 0 0 250 250 250 276 351 471 630 839 854 1227 1692 2300 3111 4113 5403 6699 8369 10227 12532 15133 17771 20670 23772 27221 30682 33992 36929 39877 42598 44783 46383 47587 48113 48088 47463 46178 44532 42401 40222 37503 34738 31881 29089 26457 23722 21319 18851 16790 14830 13133 11611 10100 8921 7769 6839 5875 5097 4378 3802 3335 2885 2495 2113 1811 1562 1349 1198 1035 889 755 655 591 511 461 382 349 307 276 238 208 183 148 138 117 104 88 77 68 59 49 39 35 30 30 27 23 16 16 15 11 9 6 4 3 3 1 
0 0 0 250 250 250 277 329 415 516 612 575 942 1534 2174 2800 3571 4581 5959 7661 9402 11363 13569 16186 19030 21960 24929 27816 30872 33755 36733 39230 41526 43302 44717 45649 45878 45606 44824 43455 41801 39760 37468 34922 32373 29801 27273 24868 22436 20294 18128 16124 14318 12683 11229 9871 8663 7602 6628 5857 5105 4445 3835 3331 2913 2516 2174 1879 1662 1442 1265 1097 968 864 776 668 591 506 449 411 355 307 275 239 206 188 161 131 111 98 75 65 50 43 41 37 31 26 25 20 18 12 8 8 6 6 3 2 2 2 2 2 2 1 1 1 1 1 
0 0 0 250 250 250 274 337 430 523 669 722 1199 1716 2317 2956 3957 5151 6592 8140 9901 12027 14495 17335 20181 23243 26532 30065 33456 36753 39715 42351 44593 46738 47871 48471 48601 47901 46955 45451 43382 40969 38418 35709 32820 30011 27173 24525 21994 19670 17404 15342 13529 11940 10462 9150 8008 6968 6079 5342 4666 4012 3528 3082 2703 2376 2060 1793 1574 1387 1176 1003 868 760 670 579 486 405 369 335 291 253 222 193 180 159 135 113 99 90 80 73 54 49 41 37 33 23 18 14 15 14 13 10 9 9 9 7 5 4 2 2 2 2 2 1 1 
0 0 0 249 249 249 281 352 458 554 647 644 1066 1658 2307 3080 4026 5309 6986 8946 11064 13357 16004 19050 22301 25576 28853 32251 35499 38493 41329 43716 45652 47064 47918 48114 47887 46917 45487 43576 41356 38844 36171 33339 30584 27959 25278 22723 20322 18080 16136 14287 12487 10983 9648 8534 7449 6519 5702 4952 4338 3762 3235 2795 2426 2110 1780 1538 1312 1121 993 871 730 618 543 469 409 356 298 240 212 193 160 139 122 100 79 64 57 46 43 36 30 26 24 22 19 17 17 13 14 11 9 6 3 2 2 1 
0 0 0 250 250 250 279 326 410 514 650 625 929 1351 1884 2527 3325 4401 5761 7335 9083 11211 13597 16363 19506 22632 25862 29317 32807 36135 39415 42063 44272 46289 47819 48545 48624 48039 46912 45542 43701 41408 38669 35929 33292 30493 27737 24836 22166 19751 17600 15563 13738 12075 10504 9337 8188 7178 6218 5429 4754 4108 3593 3069 2638 2288 2009 1713 1452 1257 1115 986 879 753 627 567 489 425 371 321 268 233 211 169 149 132 111 97 92 91 77 71 65 55 54 51 39 38 31 25 22 21 19 17 17 11 9 8 7 5 4 3 2 2 2 2 2 2 1 
0 0 0 250 250 250 277 335 430 538 641 527 768 1185 1746 2462 3212 4067 5227 6963 8895 11088 13379 15861 18768 22038 25568 28780 32149 35248 38457 41465 44040 46190 47682 48526 48784 48568 47779 46201 44223 41998 39549 36797 34097 31349 28398 25801 23242 20754 18392 16449 14464 12803 11329 9911 8727 7641 6644 5779 5111 4434 3826 3321 2871 2509 2207 1905 1649 1437 1243 1078 941 816 707 595 506 422 371 320 275 237 195 172 149 123 101 81 72 65 56 50 39 37 32 30 23 18 15 11 10 8 8 7 5 2 1 1 1 1 1 
0 0 0 250 250 250 273 325 413 498 586 477 734 1110 1588 2095 2672 3510 4617 6043 7765 9557 11324 13680 16475 19580 22651 25555 28512 31584 35006 38014 40528 42634 44233 45578 46539 46667 46233 45315 44086 42262 40156 37823 35224 32623 29928 27377 24872 22621 20308 18135 16149 14347 12844 11323 9988 8703 7664 6810 6040 5253 4573 4019 3510 3092 2723 2380 2030 1795 1564 1398 1207 1041 909 772 674 588 495 416 371 313 279 238 208 176 154 133 112 104 89 81 67 55 45 36 34 29 26 20 15 14 12 13 8 9 8 7 10 10 8 7 6 5 4 4 2 1 2 2 2 2 1 1 1 1 
0 0 0 250 250 250 277 332 414 494 619 643 982 1381 1913 2576 3572 4860 6462 8196 10147 12447 15093 17982 20807 23837 26878 30369 33740 37153 40021 42794 44975 47023 48454 48977 48903 48165 46872 45128 43288 40827 38089 35315 32522 29764 26994 24252 21635 19209 17137 15304 13478 11848 10474 9195 8091 7108 6220 5368 4713 4128 3596 3071 2638 2296 1994 1732 1472 1270 1095 949 826 691 596 529 462 393 329 288 250 218 188 168 142 123 109 91 80 70 58 46 40 32 25 23 19 17 15 12 9 9 6 3 2 1 1 1 1 
0 0 0 250 250 250 262 301 397 487 556 422 620 950 1366 1791 2216 2851 3746 4885 6083 7444 9061 11010 13183 15488 17991 20794 23751 26643 29578 32480 35313 37891 40255 41892 43248 44245 44625 44330 43554 42630 41101 39308 37053 34681 32311 29908 27452 24921 22506 20312 18312 16443 14584 12984 11492 10141 8951 7858 6898 6105 5438 4796 4242 3760 3330 2900 2578 2259 1964 1688 1486 1306 1151 1025 888 770 674 605 536 461 418 358 314 281 248 219 192 173 146 127 111 89 81 73 62 54 45 44 38 32 25 22 22 19 18 13 15 13 14 14 13 11 10 10 8 8 6 3 2 1 2 1 1 1 1 1 1 1 
0 0 0 250 250 250 278 346 440 537 634 550 886 1422 2017 2513 3134 4080 5390 6959 8556 10174 12165 14664 17445 20240 23145 26267 29590 32731 35928 38736 41001 43122 44847 45970 46392 46505 45731 44486 43170 41355 39149 36767 34322 31676 29142 26500 23965 21621 19482 17403 15500 13790 12225 10908 9646 8519 7414 6484 5663 4940 4353 3799 3281 2828 2501 2203 1917 1685 1448 1279 1112 978 832 729 641 552 483 407 362 310 276 231 199 170 147 122 104 96 75 67 58 47 46 39 33 29 28 25 20 20 17 15 8 6 4 5 3 2 2 2 2 1 1 
0 0 0 250 250 250 275 330 400 467 575 452 638 906 1179 1548 1967 2603 3540 4708 5948 7311 9103 11138 13504 16029 18733 21637 24705 28033 31148 34246 37191 40010 42499 44523 46110 46998 47498 47274 46530 45162 43370 41248 38906 36449 33686 30937 28308 25810 23223 20857 18653 16593 14741 13016 11502 10118 8939 7814 6762 5947 5223 4600 4014 3459 3035 2631 2294 1980 1692 1428 1239 1075 896 766 663 575 502 446 380 329 278 232 202 171 143 123 103 94 85 77 76 70 61 51 49 43 36 33 26 25 26 24 20 17 17 15 13 10 9 6 6 3 3 4 2 1 1 1 1 1 1 
0 0 0 250 250 250 278 326 440 547 669 630 897 1336 1949 2588 3393 4420 5751 7368 9309 11161 13216 15757 18513 21355 24352 27396 30404 33546 36433 39086 41141 42990 44249 44938 45050 44807 43957 42608 41074 39065 36933 34453 32030 29431 26821 24417 22107 19908 17960 16063 14325 12738 11391 10065 8844 7825 6837 6108 5369 4745 4162 3668 3229 2863 2520 2189 1928 1684 1446 1247 1106 957 821 727 635 542 500 441 382 342 306 275 245 217 183 161 136 112 103 84 69 70 63 50 46 42 34 33 33 29 25 23 18 14 13 11 10 8 8 6 6 5 5 4 3 1 
0 0 0 250 250 250 274 332 429 522 627 490 691 1018 1487 2170 2992 3987 5125 6593 8421 10443 12652 14973 17694 20511 23769 27194 30580 33927 37168 40242 42758 44795 46195 47143 47422 47320 46471 45078 43459 41456 39186 36585 33865 31060 28375 25854 23296 20894 18653 16706 14836 13087 11581 10134 8957 7902 6941 6055 5298 4624 4028 3544 3081 2684 2338 2029 1794 1559 1341 1166 1033 914 814 700 595 515 456 408 335 290 237 207 189 166 147 124 107 94 86 76 59 52 42 33 35 28 29 23 23 22 21 21 18 15 9 9 7 4 1 1 
0 0 0 250 250 250 280 337 439 547 614 504 677 956 1242 1535 1866 2439 3311 4385 5715 7150 9038 11348 13961 16835 19703 22889 26342 29833 33341 36665 39827 42518 44955 46746 47886 48505 48551 48027 46950 45240 43270 41138 38368 35635 32919 30137 27363 24770 22245 19744 17695 15695 13826 12286 10779 9480 8341 7364 6433 5641 4908 4235 3752 3250 2817 2416 2062 1794 1564 1354 1137 1005 895 800 712 638 565 514 468 411 364 305 278 221 190 166 133 116 98 84 76 76 70 63 56 45 43 41 35 27 23 18 19 20 17 13 11 9 10 8 6 6 4 4 4 4 3 1 2 1 1 1 1 1 1 1 
0 0 0 250 250 250 280 324 404 479 585 551 919 1438 1991 2562 3314 4473 5932 7570 9259 11258 13712 16615 19783 22877 26037 29544 33191 36686 39874 42622 45067 46949 48455 48864 48962 48632 47532 45937 43960 41762 39190 36628 33799 30855 28052 25370 22590 20216 18033 16000 14100 12404 10882 9590 8500 7419 6455 5587 4855 4212 3645 3174 2738 2369 2000 1693 1437 1263 1101 943 802 701 636 558 477 390 347 292 260 215 181 152 130 123 108 95 77 74 67 61 58 47 36 28 27 20 16 16 12 10 8 7 6 5 3 4 3 1 2 4 5 7 10 8 8 9 7 6 5 4 2 2 2 1 1 1 1 
0 0 0 250 250 250 281 331 429 514 615 521 724 988 1319 1817 2486 3338 4370 5637 7165 9023 11243 13620 16154 19032 22234 25524 28980 32293 35434 38315 41035 43449 45325 46704 47259 47516 47227 46406 45043 43091 40881 38323 35776 33108 30349 27670 25157 22641 20247 18037 16030 14225 12650 11065 9655 8546 7560 6629 5809 5120 4359 3847 3313 2889 2465 2171 1870 1606 1414 1213 1058 924 819 711 614 530 467 407 373 324 273 229 186 157 133 115 86 72 68 58 56 46 44 40 36 30 23 25 23 19 15 13 16 14 12 10 10 9 10 9 3 3 3 2 1 1 
0 0 0 250 250 250 268 333 430 528 632 585 964 1501 2115 2848 3762 4941 6491 8102 9840 11749 14127 16752 19707 22647 25515 28572 31785 34869 37590 39801 41734 43457 44898 45577 45609 45193 44251 43121 41531 39496 37173 34676 32197 29640 27090 24555 22160 19853 17679 15787 14131 12458 11006 9678 8560 7574 6701 5896 5168 4513 3947 3527 3065 2664 2304 1987 1692 1497 1297 1101 930 782 671 573 501 430 377 321 292 260 225 206 179 161 137 113 96 84 73 64 53 46 44 38 32 31 27 21 17 15 14 14 13 11 9 10 9 8 7 3 2 1 1 2 2 2 2 2 3 3 3 2 3 4 3 3 2 3 3 3 2 2 2 2 2 1 1 1 1 
0 0 0 250 250 250 282 351 472 575 709 725 1067 1520 2101 2883 3876 5096 6530 8093 9989 12069 14489 17150 19921 22838 26042 29356 32534 35893 38784 41293 43494 45323 46467 47188 47210 46654 45590 44238 42251 39964 37482 34798 32168 29471 26748 24090 21697 19594 17437 15470 13723 12122 10832 9595 8478 7345 6509 5719 5028 4406 3794 3266 2852 2496 2156 1863 1612 1382 1219 1057 907 772 671 581 512 452 378 331 292 246 219 183 152 129 119 108 94 90 76 71 65 54 41 39 36 29 27 22 18 16 15 11 11 10 8 8 9 9 7 5 3 2 1 1 
0 0 0 248 248 248 263 336 444 532 651 641 965 1456 2091 2845 3722 4836 6247 7994 9995 12217 14656 17239 20333 23570 27105 30347 33601 36832 39677 42362 44568 46370 47413 48048 48087 47618 46588 45260 43201 41026 38382 35918 33044 30006 27166 24360 21928 19475 17327 15214 13465 11929 10541 9310 8198 7223 6389 5581 4884 4261 3715 3221 2782 2436 2076 1828 1566 1374 1163 1020 907 779 678 577 490 425 384 335 282 241 203 187 170 149 125 102 90 84 77 65 53 42 37 35 32 24 19 14 11 10 9 7 6 5 4 4 3 3 2 2 4 4 4 3 3 3 3 4 2 2 2 1 1 1 
0 0 0 250 250 250 277 345 449 521 622 527 800 1153 1598 2117 2746 3659 4863 6301 8014 10044 12263 14815 17774 21015 24345 27927 31404 34746 38119 41389 44100 46356 47985 49070 49479 49486 48841 47413 45598 43341 40959 38101 35344 32389 29395 26597 23941 21310 18857 16742 14704 12924 11372 9948 8701 7599 6659 5737 5013 4363 3756 3257 2797 2411 2105 1817 1584 1408 1217 1029 918 783 688 607 523 453 402 354 299 254 210 179 162 131 115 97 77 71 60 54 42 34 27 25 21 17 16 16 17 18 15 17 14 16 16 14 13 12 12 8 8 5 5 3 2 2 2 2 2 1 1 
0 0 0 250 250 250 274 337 438 524 625 532 815 1196 1640 2087 2716 3492 4453 5705 7122 8709 10424 12618 14927 17536 20382 23231 26161 29241 32491 35254 38087 40277 42146 43718 44869 45417 45317 44921 43844 42334 40720 38411 36098 33655 31148 28565 26118 23785 21367 19318 17274 15297 13556 11997 10563 9339 8239 7277 6425 5689 4965 4362 3848 3380 2903 2502 2163 1874 1632 1453 1246 1078 974 845 753 650 572 495 447 395 336 279 246 213 188 167 128 115 102 90 83 73 68 59 57 51 41 38 32 25 22 21 20 16 11 10 9 10 7 6 5 1 1 1 
0 0 0 250 250 250 266 323 398 495 645 768 1318 1952 2615 3482 4575 5981 7680 9372 11252 13546 16219 19136 22071 25150 28362 31799 35117 38191 40942 43090 45016 46309 47142 47254 46728 45848 44388 42693 40612 38378 35707 32997 30411 27755 25244 22744 20393 18086 16111 14414 12803 11250 9897 8711 7595 6716 5921 5116 4459 3873 3352 2878 2526 2209 1956 1698 1456 1265 1115 1002 897 794 673 588 529 468 409 347 299 261 227 202 168 138 122 102 85 78 71 57 48 41 31 26 21 21 22 22 22 20 19 17 15 13 8 8 7 4 5 5 4 3 5 4 4 4 2 2 2 2 
0 0 0 250 250 250 279 352 447 541 678 622 934 1375 1889 2455 3315 4460 5742 7213 8831 10738 12956 15512 18074 20816 23920 27099 30345 33504 36467 39094 41641 43774 45296 46300 47000 46830 46374 45337 43829 41860 39607 37253 34449 31750 29070 26407 23822 21352 19172 17037 15204 13459 11868 10414 9131 8019 6973 6132 5288 4588 3983 3430 3011 2586 2255 1948 1708 1525 1286 1109 941 825 708 629 540 468 410 370 318 290 258 212 186 152 133 112 98 79 61 47 37 34 28 26 21 17 17 13 12 11 7 5 3 2 1 
0 0 0 250 250 250 279 333 443 549 630 534 850 1274 1721 2277 3075 4172 5515 7038 8601 10490 12774 15298 18044 20918 23892 27190 30620 33995 37091 40013 42529 44683 46597 47740 48372 48259 47842 46771 45189 43151 40662 38079 35419 32690 29791 27125 24509 22004 19648 17454 15420 13564 11884 10421 9150 8066 7076 6170 5351 4699 4143 3616 3128 2644 2313 2023 1781 1548 1311 1133 1001 888 750 633 556 488 443 386 324 288 267 236 206 177 154 139 124 109 87 74 64 51 40 27 26 18 18 17 13 12 12 11 8 10 7 6 7 7 7 6 4 2 2 2 1 
0 0 0 250 250 250 272 347 464 578 732 768 1178 1683 2201 2840 3761 5009 6456 8012 9794 11990 14603 17496 20565 23883 27239 30713 34142 37405 40603 43408 45553 47206 48456 49239 49356 48816 47414 45787 43983 41589 38811 35923 32948 30191 27451 24684 21897 19406 17305 15388 13668 11937 10494 9234 8207 7214 6325 5515 4829 4249 3706 3229 2780 2454 2117 1798 1543 1311 1128 973 828 676 597 530 458 391 321 268 236 216 181 153 131 115 98 78 63 53 42 35 28 21 17 18 14 13 12 11 8 7 6 6 5 3 2 2 3 4 4 3 3 4 6 5 4 3 4 4 4 3 
0 0 0 250 250 250 266 330 430 535 622 517 777 1153 1542 1919 2372 3074 4004 5103 6367 7835 9645 11764 14204 16755 19673 22818 25960 29147 32341 35424 38093 40626 42721 44349 45432 46148 46073 45514 44625 43303 41314 39218 36892 34362 31805 29153 26613 24036 21771 19521 17451 15637 13909 12360 10998 9739 8612 7585 6632 5806 5136 4511 3930 3435 2988 2618 2303 2033 1758 1526 1336 1147 1011 886 748 634 557 485 427 362 314 274 245 215 166 148 127 110 96 81 66 56 53 36 30 26 19 17 15 13 7 7 7 4 4 5 4 3 3 3 2 3 2 1 1 1 1 1 1 
0 0 0 250 250 250 273 321 438 535 642 578 883 1280 1734 2241 2873 3773 5197 6674 8359 10380 12653 15403 18255 21391 24283 27512 30635 33735 36781 39459 41863 43710 45060 45963 46254 46066 45359 44249 42633 40628 38413 35834 33356 30811 28117 25473 22973 20567 18413 16463 14592 12911 11412 10096 8859 7827 6911 6109 5326 4627 4045 3524 3079 2716 2311 1969 1738 1497 1312 1138 997 877 772 704 613 554 489 454 389 335 301 265 232 189 156 126 122 107 91 74 66 61 57 52 43 45 37 37 32 31 31 27 23 20 19 17 16 12 9 9 7 6 4 2 2 3 3 3 3 2 2 2 2 1 1 
0 0 0 250 250 250 267 328 409 481 565 422 613 931 1314 1724 2227 2910 3836 5048 6392 7753 9462 11350 13642 16023 18649 21400 24354 27310 30426 33386 35898 38457 40736 42506 44012 44840 44996 44804 44130 43075 41450 39491 37132 34896 32358 29827 27411 24862 22511 20362 18292 16281 14536 12925 11429 10102 8955 7804 6945 6112 5358 4710 4126 3626 3191 2807 2443 2121 1864 1608 1375 1202 1062 927 787 675 600 535 472 402 345 296 260 226 189 153 129 116 98 93 78 74 65 60 54 45 44 35 33 27 25 19 16 13 7 6 4 2 1 1 
0 0 0 250 250 250 275 297 382 448 554 464 730 1085 1511 2014 2728 3762 4954 6465 8138 10113 12359 14960 17883 20781 23938 27056 30334 33428 36529 39350 41717 44040 45847 47006 47619 47682 47001 46006 44531 42523 40277 38019 35525 32801 30099 27513 24973 22439 20114 17853 15886 14072 12432 10818 9474 8267 7197 6257 5429 4690 4119 3618 3121 2770 2416 2085 1823 1618 1389 1212 1038 888 767 673 577 511 426 359 322 282 262 234 208 174 166 145 126 105 79 63 54 43 39 38 31 27 29 23 19 17 16 13 15 14 13 12 11 10 7 7 5 6 5 6 5 5 6 7 6 4 4 3 3 4 3 2 2 2 2 2 2 1 
0 0 0 250 250 250 272 327 426 543 790 869 1296 1729 2309 2994 4009 5259 6688 8242 10101 12279 14843 17632 20355 23292 26202 29440 32729 35910 38571 41098 43394 45186 46391 46954 46918 46483 45456 43987 42138 40123 37660 35097 32331 29548 26952 24510 22078 19772 17710 15702 13930 12286 10895 9583 8413 7295 6374 5632 4910 4262 3646 3174 2795 2463 2119 1818 1575 1386 1214 1026 845 748 646 557 475 405 355 308 274 237 209 176 152 139 121 111 99 89 86 85 79 68 58 51 44 41 34 24 18 17 16 15 15 12 10 10 12 10 8 9 8 7 7 8 6 5 5 2 1 1 1 
0 0 0 250 250 250 279 337 457 578 718 747 1149 1674 2301 3045 4000 5227 6696 8191 10038 12377 15101 18045 21190 24268 27552 31275 34945 38215 40967 43383 45586 47158 48163 48562 48279 47368 45944 44384 42193 39787 37290 34367 31536 28756 26073 23335 20753 18472 16381 14461 12708 11142 9744 8555 7564 6586 5727 5043 4390 3835 3373 2913 2483 2138 1838 1573 1353 1182 1009 878 758 675 599 517 457 402 341 296 249 199 150 125 104 80 69 60 49 43 39 32 29 27 25 18 15 12 11 8 10 8 6 5 4 4 3 4 2 2 2 1 2 4 4 3 3 4 4 4 3 1 1 1 1 
0 0 0 250 250 250 281 333 428 530 654 639 962 1401 1955 2621 3474 4610 5912 7446 9094 11013 13378 15996 18705 21653 24765 28049 31589 34937 37847 40570 43016 45210 46790 47600 47693 47324 46691 45220 43516 41458 38987 36586 33983 31420 28529 25991 23455 20963 18802 16683 14840 13090 11587 10182 8960 7806 6782 5934 5106 4410 3860 3311 2845 2444 2143 1870 1620 1396 1212 1074 937 805 715 600 516 455 380 333 282 246 214 194 163 136 120 98 87 81 78 62 56 48 44 41 40 34 28 26 25 23 18 15 13 12 12 10 8 7 5 3 4 4 2 1 1 1 1 1 
0 0 0 250 250 250 275 326 426 516 624 629 1066 1592 2236 2959 3808 5031 6570 8209 10106 12415 14897 17753 21042 24360 27766 31356 34724 38010 40909 43595 45783 47476 48654 49039 48687 47839 46725 44886 42745 40140 37241 34417 31676 28838 26071 23587 21136 18757 16653 14726 12961 11556 10123 8889 7783 6866 6045 5285 4597 3976 3481 2980 2594 2281 1943 1654 1464 1257 1120 981 844 716 632 575 477 402 337 293 238 209 180 152 130 104 90 78 71 60 55 52 46 45 38 32 30 30 23 20 20 17 18 17 16 18 18 16 14 16 16 15 11 7 7 6 6 4 3 3 3 2 1 1 
0 0 0 250 250 250 278 363 478 587 716 695 1080 1604 2185 2803 3583 4754 6171 7817 9488 11328 13510 16197 19144 22173 25277 28273 31435 34878 37932 40539 42830 44510 45970 46994 47553 47179 46366 45038 43328 41248 38876 36346 33429 30698 28150 25516 23035 20637 18331 16213 14414 12762 11157 9819 8592 7551 6626 5865 5141 4501 3905 3422 3014 2632 2309 1985 1731 1477 1324 1163 1002 881 774 656 569 504 428 368 323 262 213 188 162 139 123 100 77 69 62 56 45 40 30 27 23 23 20 14 15 13 11 10 8 5 5 4 3 3 4 3 3 2 1 2 2 2 1 1 1 1 1 
0 0 0 250 250 250 273 332 429 520 624 557 826 1248 1709 2314 3008 3903 4999 6269 7809 9581 11590 13816 16403 19158 22229 25429 28626 31707 34996 38090 40660 43162 45017 46244 47104 47287 46660 45701 44426 42411 40323 37778 35263 32635 30044 27256 24611 22265 19877 17859 15903 14216 12617 11254 9890 8666 7674 6733 5887 5105 4451 3895 3405 2939 2545 2242 1972 1733 1502 1304 1143 1006 905 763 631 555 485 405 339 307 270 238 208 171 146 131 122 96 76 67 67 64 56 51 42 39 34 32 24 17 17 15 15 13 11 11 12 11 10 7 5 6 7 6 5 4 3 3 3 2 2 2 2 2 
0 0 0 249 249 249 273 328 415 504 654 602 846 1207 1638 2195 2812 3577 4472 5538 6904 8537 10426 12563 14967 17589 20419 23594 26697 29755 32707 35367 38025 40337 42396 43723 44680 45286 45200 44785 43831 42414 40609 38669 36300 33727 31315 28718 26256 23908 21514 19220 17242 15399 13608 12035 10556 9207 8131 7161 6252 5491 4791 4204 3637 3186 2740 2378 2075 1806 1573 1379 1219 1078 955 812 701 601 524 441 378 328 284 249 218 189 166 153 125 100 81 72 61 50 36 32 26 24 20 19 16 13 13 10 9 7 6 4 4 4 4 4 3 2 
0 0 0 249 249 249 268 325 415 500 568 431 604 922 1268 1803 2613 3622 4794 6214 7983 9999 12475 15165 17977 20824 24073 27530 31045 34558 37543 40169 42659 44958 46559 47642 47848 47643 46892 45869 44163 42012 39495 36891 34313 31531 28794 26102 23568 21153 19099 17004 14993 13218 11620 10209 8904 7685 6648 5738 5058 4439 3828 3321 2929 2612 2269 1999 1741 1515 1339 1178 1038 923 825 724 621 552 491 423 351 307 266 236 199 169 152 137 124 104 89 89 87 76 73 66 65 59 52 40 33 36 30 29 23 23 23 25 26 22 17 13 14 12 11 8 6 6 6 5 4 4 5 5 3 1 1 1 1 1 
0 0 0 250 250 250 279 334 425 515 634 551 753 1044 1442 1948 2559 3318 4153 5240 6664 8261 9946 11871 13974 16506 19434 22546 25624 28751 32009 35300 38382 40947 43288 44922 46241 46949 47024 46633 45885 44570 42699 40561 38036 35524 32821 30053 27191 24639 22149 19843 17800 15840 14060 12452 10953 9662 8572 7555 6718 5896 5175 4480 3974 3463 2984 2666 2247 1962 1743 1525 1316 1162 1019 877 770 690 600 527 462 384 346 307 275 227 206 175 153 141 123 114 102 90 73 75 67 56 47 40 37 37 33 25 23 20 16 15 13 10 10 8 9 8 6 4 2 3 3 3 2 1 2 2 2 1 1 1 1 1 
0 0 0 250 250 250 284 360 466 563 726 737 1046 1447 2008 2796 3832 5084 6439 8103 10235 12633 15219 17909 20730 23769 27072 30438 33464 36613 39458 41985 44136 45703 46687 47086 47060 46319 45059 43292 41170 38956 36516 33914 31223 28414 25869 23308 21042 18733 16587 14715 13026 11559 10123 8929 7766 6895 6049 5303 4594 3972 3516 3082 2679 2278 1974 1724 1537 1330 1166 1029 935 814 715 628 544 496 439 373 305 269 241 205 186 155 126 105 88 78 71 63 51 44 42 38 32 31 25 23 22 17 12 13 13 8 8 7 6 6 7 5 4 4 3 2 3 3 1 1 1 1 1 1 
0 0 0 250 250 250 268 315 415 530 675 751 1216 1775 2482 3337 4370 5732 7418 9197 11221 13630 16286 19227 22318 25661 28983 32441 36052 39376 42358 45037 47198 48577 49574 49727 49153 48283 46840 44828 42516 39851 37021 34332 31510 28554 25758 23041 20593 18393 16214 14279 12487 10886 9539 8372 7271 6284 5492 4734 4125 3623 3114 2664 2354 2048 1750 1546 1330 1157 1010 872 740 632 580 506 429 368 322 276 242 212 177 159 143 120 98 88 84 76 66 52 43 41 38 33 30 30 23 22 19 16 17 16 12 6 7 5 5 4 2 1 1 1 
0 0 0 249 249 249 275 336 417 487 609 633 999 1463 1890 2398 3134 4304 5751 7294 8925 10805 13270 16017 18943 21734 24834 27933 31304 34586 37460 40171 42579 44608 46010 46802 47183 46944 46468 45134 43509 41466 38983 36555 33897 31244 28483 25977 23382 21030 18817 16798 14914 13174 11630 10112 8925 7852 6899 5991 5208 4538 3983 3537 3101 2680 2339 2036 1767 1529 1337 1170 1008 867 742 645 546 471 391 336 288 254 218 183 169 140 129 106 103 83 70 63 52 47 40 36 27 25 24 21 21 19 16 13 12 10 9 8 8 7 6 7 5 4 3 2 1 1 1 
0 0 0 250 250 250 268 329 419 520 636 560 816 1240 1717 2342 3099 4107 5399 6998 8832 10778 13010 15574 18442 21617 24960 28156 31195 34476 37620 40374 42736 44289 45685 46602 47129 46863 45838 44553 43061 41283 39078 36656 33972 31383 28882 26261 23755 21302 19038 16952 15071 13278 11647 10231 8965 7823 6799 5934 5175 4573 4019 3532 3067 2696 2348 2049 1753 1524 1334 1147 989 865 745 643 570 492 417 364 322 274 242 226 196 172 154 123 110 103 89 71 60 51 41 41 36 29 30 30 29 26 28 25 24 21 16 14 11 12 8 6 5 5 3 2 2 
0 0 0 250 250 250 274 343 450 541 679 696 1047 1542 2083 2788 3715 4852 6191 7782 9776 12085 14526 17223 20174 23285 26637 29938 32920 36039 39003 41540 43888 45593 46680 47591 48048 47501 46639 45084 43102 40976 38637 35741 32912 30076 27313 24878 22384 19930 17798 15893 14017 12391 10906 9579 8468 7466 6512 5721 4993 4351 3779 3308 2830 2425 2108 1825 1589 1384 1204 1057 919 804 694 594 509 435 371 323 283 243 201 165 139 124 111 92 73 65 59 54 42 37 26 22 21 19 17 14 16 16 14 14 10 9 8 8 5 4 4 2 2 2 1 1 1 
0 0 0 250 250 250 279 327 432 558 744 765 1136 1687 2428 3286 4251 5464 6878 8732 10825 13207 15764 18625 21645 24929 28432 31645 34793 37726 40517 42939 44987 46614 47607 48134 47885 47254 45900 44123 42014 39540 36916 34140 31411 28654 25926 23304 20825 18496 16409 14482 12814 11270 9877 8638 7598 6662 5816 5070 4379 3826 3353 2903 2533 2172 1900 1681 1475 1267 1059 919 786 701 614 511 431 362 314 277 250 213 179 170 144 126 117 97 73 68 59 46 40 38 32 28 27 19 13 11 12 9 9 7 5 6 5 4 2 2 1 2 2 1 1 4 4 4 4 2 2 2 3 1 1 1 2 4 4 5 6 6 6 6 5 4 4 3 1 1 1 1 
0 0 0 250 250 250 267 327 450 533 634 525 818 1150 1588 2132 2929 4019 5395 7056 8683 10834 13251 16105 19132 22274 25447 28752 32342 35842 39190 42105 44226 46185 47877 48972 49168 48694 47720 46200 44415 42099 39516 36636 33905 31186 28271 25521 23015 20657 18383 16408 14468 12737 11191 9880 8593 7497 6565 5695 4954 4272 3739 3206 2807 2434 2096 1835 1588 1413 1228 1058 909 793 702 609 520 464 407 360 307 265 233 203 167 141 122 100 89 74 65 55 53 43 35 33 31 26 27 23 19 15 14 14 12 10 6 6 5 5 5 3 3 3 3 2 2 2 1 1 
0 0 0 250 250 250 271 328 421 522 658 614 936 1419 2077 2714 3422 4393 5678 7320 9294 11400 13428 15993 18885 21971 25032 27983 31039 34100 37076 39709 42054 44012 45294 46260 46351 46058 45185 43835 42115 40021 37617 35044 32620 29916 27300 24804 22456 20101 18048 16060 14255 12682 11236 9958 8744 7671 6770 6012 5237 4645 4056 3555 3112 2732 2381 2082 1840 1581 1385 1203 1022 887 784 662 559 489 411 364 322 285 230 202 176 155 138 109 91 81 77 63 57 55 49 43 35 31 28 27 24 21 19 19 17 13 12 11 8 4 4 3 2 2 1 
0 0 0 250 250 250 288 384 500 675 947 1129 1606 2155 2892 3839 5071 6493 7928 9505 11489 13950 16694 19440 22297 25426 28631 32112 35273 38308 40631 42691 44631 45889 46743 46730 46259 45172 44068 42408 40271 37785 35241 32570 29980 27337 24622 22248 19976 17875 15928 14142 12455 11055 9776 8524 7472 6591 5721 5019 4395 3854 3379 2963 2556 2274 2010 1763 1557 1353 1183 1030 917 799 685 600 510 450 392 350 304 253 222 192 167 148 127 109 88 78 67 62 59 56 51 45 40 34 29 29 21 14 12 8 9 8 10 6 6 5 3 3 2 3 3 3 3 3 4 4 5 5 3 3 3 3 2 3 2 1 1 1 1 1 1 
0 0 0 250 250 250 272 332 424 526 605 542 870 1364 1967 2500 3264 4198 5453 6923 8462 10054 11950 14282 16681 19448 22222 25069 27993 31060 34019 36857 39338 41044 42447 43671 44508 44873 44582 43726 42411 41127 39425 37139 34776 32242 29686 27133 24658 22218 20037 17985 15968 14169 12538 11135 9777 8601 7502 6591 5756 5017 4332 3788 3324 2864 2435 2082 1804 1573 1389 1167 973 843 761 656 568 485 417 373 317 271 236 220 188 166 140 116 96 82 66 52 44 35 30 28 27 23 24 22 19 19 15 13 11 10 8 7 8 6 5 5 5 4 4 4 3 2 2 1 1 1 
0 0 0 250 250 250 279 335 435 534 648 591 829 1153 1572 2008 2606 3512 4811 6278 7839 9609 11583 14047 16818 19793 22836 26020 29231 32729 36356 39582 42396 44560 46569 47961 48800 49080 48566 47599 46156 44258 42037 39649 36900 33987 31053 28354 25613 23190 20651 18330 16267 14340 12695 11072 9695 8398 7388 6428 5643 4917 4268 3700 3207 2827 2433 2068 1798 1534 1305 1136 990 825 719 640 548 477 412 346 317 284 245 204 177 155 137 123 100 83 75 69 62 50 46 43 33 29 24 20 13 13 11 9 8 6 5 5 5 3 1 1 
0 0 0 250 250 250 277 325 426 512 601 509 815 1287 1854 2487 3314 4416 5796 7494 9338 11377 13651 16476 19445 22597 25622 28832 32323 35604 38949 41482 43758 45651 47066 48108 48205 47823 46733 45238 43625 41594 39316 36568 33748 31047 28420 25855 23141 20594 18260 16260 14468 12824 11301 9908 8718 7636 6687 5858 5020 4300 3726 3204 2748 2400 2017 1725 1494 1275 1108 956 836 722 642 561 492 428 370 328 302 272 239 201 178 163 147 134 108 93 81 70 63 53 45 41 31 26 25 22 18 17 14 12 11 10 9 8 6 4 4 4 4 3 2 2 2 2 2 1 2 3 3 3 2 2 2 3 2 1 1 1 1 1 1 
0 0 0 249 249 249 270 323 415 510 677 696 1018 1443 2033 2858 3932 5175 6580 8347 10616 13224 15894 18613 21639 25042 28465 31947 35290 38274 41254 44073 45936 47461 48622 49113 48758 47747 46129 44300 42225 39613 36790 33934 31096 28403 25839 23193 20773 18562 16486 14584 13011 11466 10051 8848 7689 6718 5887 5138 4460 3845 3342 2872 2491 2178 1893 1647 1394 1209 1074 953 813 698 597 512 459 410 339 295 247 211 183 171 141 117 103 86 78 70 63 51 46 39 34 28 26 21 18 13 10 11 10 9 6 5 6 5 4 4 2 2 2 2 2 2 2 1 1 1 1 1 
0 0 0 250 250 250 271 322 425 540 641 591 924 1383 1891 2552 3424 4676 6272 8064 9946 12028 14587 17447 20496 23383 26616 29847 33148 36523 39573 42244 44542 46574 47707 48314 48383 47899 46987 45391 43365 41003 38364 35706 32957 29930 27023 24383 21897 19553 17438 15348 13577 12012 10560 9206 8022 6969 6088 5354 4684 4067 3592 3113 2693 2341 2051 1782 1505 1302 1104 962 832 709 596 497 434 370 321 267 220 190 170 147 122 100 66 54 48 46 36 32 30 24 21 20 17 10 8 7 6 5 4 4 3 3 3 3 2 2 2 1 
