0 0 0 248 248 248 268 334 431 538 647 565 803 1151 1547 2012 2672 3448 4434 5778 7398 9242 11271 13456 15955 18643 21688 24555 27299 30132 32919 35582 37543 39500 40531 41318 41756 41539 40943 39804 38353 36467 34551 32407 30098 27696 25336 22964 20792 18631 16659 14717 12939 11312 9726 8507 7370 6349 5417 4662 3934 3357 2882 2450 2078 1798 1517 1258 1076 926 816 678 577 479 401 335 272 211 170 128 104 90 82 74 61 51 40 38 33 28 20 17 17 13 10 10 8 7 7 6 5 6 6 4 3 3 3 1 1 
0 0 0 250 250 250 286 411 597 747 908 952 1393 1995 2547 3066 3897 5002 6391 7951 9582 11375 13628 16316 19077 21841 24447 27306 30070 32740 35054 37055 38713 39977 40801 41012 40872 40076 39134 37786 36010 34184 31971 29680 27263 25068 22752 20548 18439 16372 14639 12938 11436 10023 8821 7667 6650 5735 4911 4225 3608 3097 2619 2216 1875 1577 1368 1177 999 860 739 606 520 438 363 297 256 220 186 161 133 117 93 82 71 58 55 44 43 39 36 31 25 22 17 14 12 9 8 6 5 4 3 2 1 1 
0 0 0 250 250 250 275 357 465 587 703 660 976 1467 1900 2287 2830 3756 5039 6440 8008 9665 11839 14209 16959 19491 21996 24929 27739 30514 33216 35688 37614 39546 40822 41490 41820 41588 40822 39687 38302 36494 34495 32309 29942 27501 25095 22734 20512 18289 16220 14333 12632 11094 9736 8483 7321 6376 5524 4810 4085 3518 3014 2552 2175 1835 1559 1315 1110 952 795 691 577 491 398 334 289 235 194 156 128 113 97 82 69 54 46 37 31 27 25 22 13 11 9 8 7 6 6 5 5 4 4 4 4 3 2 1 1 1 1 1 1 1 1 1 1 1 
0 0 0 249 249 249 272 329 440 546 640 564 896 1399 1966 2627 3314 4091 5315 6873 8544 10366 12299 14449 17027 19975 22717 25376 28000 30499 33139 35268 37025 38444 39492 39958 40185 39672 38737 37723 36329 34429 32328 30162 27874 25806 23573 21447 19204 17264 15407 13676 11964 10462 9202 8009 7059 6132 5305 4638 4067 3471 2978 2581 2226 1946 1647 1384 1185 1019 887 722 605 515 450 395 328 289 241 201 182 140 125 108 85 74 61 52 37 35 27 17 15 10 8 7 7 3 1 1 1 1 1 1 
0 0 0 249 249 249 275 335 431 522 641 578 941 1447 1891 2387 3026 4079 5432 6826 8166 9754 11806 14197 16770 19212 21741 24333 27366 30060 32369 34554 36303 37804 38914 39647 39841 39666 39120 38239 36741 35193 33363 31326 29026 26871 24672 22342 20457 18432 16438 14678 13052 11448 10084 8893 7739 6686 5826 5098 4419 3784 3259 2796 2378 2044 1742 1459 1252 1070 909 756 645 540 452 388 320 265 225 192 161 140 120 93 74 67 61 52 42 35 28 23 18 14 10 7 5 5 2 1 
0 0 0 250 250 250 277 344 431 501 593 528 842 1288 1733 2236 2904 3852 5171 6738 8507 10328 12525 14979 17548 20280 23351 26213 28898 31630 34280 36876 38981 40472 41163 41528 41722 41410 40489 39025 37255 35452 33437 31166 28693 26229 23881 21593 19433 17345 15366 13659 12090 10637 9303 8113 7038 6042 5214 4448 3820 3247 2743 2307 1937 1637 1378 1146 935 788 654 528 448 368 314 256 211 165 139 127 108 99 80 76 68 63 61 51 42 36 30 29 23 21 17 18 17 17 16 11 10 8 6 4 4 2 1 1 
0 0 0 250 250 250 270 314 408 512 684 751 1130 1582 2045 2769 3671 4809 5947 7354 8993 10969 13127 15275 17463 19822 22549 25404 28029 30410 32546 34545 36515 37967 38733 39039 39149 38780 38049 36879 35344 33678 31896 29824 27472 25284 23196 21104 19187 17185 15394 13718 12153 10704 9409 8216 7144 6254 5403 4671 4042 3505 3006 2619 2264 1906 1628 1418 1205 1024 880 745 617 507 426 355 289 225 187 151 127 119 97 78 63 60 44 43 34 26 20 19 17 15 13 10 9 7 5 5 4 4 3 2 2 1 1 
0 0 0 250 250 250 276 348 457 562 682 641 1010 1643 2235 2870 3583 4484 5814 7430 9021 10607 12614 14907 17577 20430 23066 25718 28573 31346 34085 36372 38253 39779 40778 41370 41374 41012 39958 38734 37090 35032 33060 30833 28557 26118 23769 21459 19248 17219 15291 13456 11837 10395 9054 7808 6767 5872 4995 4307 3686 3125 2686 2245 1923 1600 1382 1180 999 837 676 587 485 430 353 303 240 208 184 145 122 100 87 70 60 40 35 31 23 17 11 8 7 7 4 4 3 3 2 2 
0 0 0 249 249 249 279 333 421 496 645 687 1071 1533 1931 2470 3202 4220 5399 6648 8069 9815 12049 14376 16798 19243 21927 24770 27533 29996 32411 34599 36471 38057 38990 39618 39842 39766 39218 38082 36727 35028 33077 30955 28717 26539 24154 21990 19817 17697 15848 14048 12372 10776 9402 8163 7074 6110 5271 4587 3982 3413 2897 2439 2104 1810 1548 1326 1100 948 813 697 614 537 435 363 325 283 244 207 168 141 126 107 79 64 53 46 39 35 30 24 19 14 13 10 11 9 6 5 3 2 2 2 2 3 4 3 3 2 2 2 1 1 
0 0 0 250 250 250 283 362 492 632 801 755 1035 1490 1927 2434 3012 3812 4978 6472 8027 9637 11602 13876 16565 19313 22132 24696 27432 30139 32713 35079 36814 38453 39429 40359 40738 40566 39838 38674 37153 35320 33435 31191 28909 26642 24454 22159 20077 17999 15952 14181 12473 10860 9523 8293 7254 6281 5435 4631 4015 3515 3020 2569 2210 1853 1581 1348 1110 944 784 665 540 461 395 343 281 227 194 158 135 106 86 66 56 44 32 26 21 20 15 12 11 11 11 9 8 6 8 7 7 6 3 4 4 3 1 1 1 1 1 
0 0 0 250 250 250 276 341 454 537 616 510 781 1152 1513 1891 2400 3170 4222 5320 6518 7985 9731 11725 13925 16220 18637 21313 24156 26820 29460 31912 34241 36237 37944 39059 39673 40109 39979 39600 38729 37318 35631 33813 31751 29489 27243 24871 22511 20309 18265 16357 14552 12883 11311 9940 8744 7636 6608 5696 4917 4238 3576 3105 2605 2208 1895 1603 1322 1104 939 774 669 541 460 383 326 275 235 180 141 121 96 78 66 56 45 39 32 27 25 21 18 15 16 12 9 8 7 6 6 5 3 3 3 3 1 1 
0 0 0 250 250 250 275 326 409 483 620 610 976 1482 1814 2215 2944 3977 5169 6502 7968 9673 12032 14744 17371 20081 22956 25981 29115 32255 34831 37102 39105 40754 42186 43031 43140 42532 41769 40443 38909 37112 34817 32234 29669 27173 24685 22345 19955 17653 15517 13718 12067 10534 9108 7884 6792 5885 5089 4368 3750 3170 2715 2336 1959 1668 1411 1174 984 847 702 585 517 436 369 318 257 216 189 158 134 115 99 84 71 58 45 44 40 34 30 25 23 26 25 17 12 10 10 10 9 6 5 6 5 5 3 3 3 2 2 1 1 1 1 1 1 1 
0 0 0 249 249 249 281 346 453 554 665 569 813 1216 1627 2144 2787 3665 4783 6057 7591 9203 11162 13321 15666 18182 20884 23634 26337 28916 31520 33873 36058 37700 39049 40028 40443 40542 40022 39310 37978 36513 34721 32649 30575 28250 25990 23566 21395 19320 17269 15370 13545 12027 10587 9365 8192 7097 6149 5321 4631 3957 3413 2910 2516 2170 1848 1544 1305 1124 928 802 656 547 474 406 338 288 260 215 193 161 129 110 95 78 64 54 43 35 33 28 21 19 13 10 7 6 3 3 2 1 1 1 1 1 1 1 1 
0 0 0 250 250 250 276 336 421 524 666 692 1118 1697 2184 2807 3637 4852 6090 7511 9112 10934 13145 15463 17894 20313 23186 25915 28642 31105 33647 35845 37745 39224 39930 40446 40596 40213 39114 37751 36162 34473 32373 30087 27725 25535 23316 21250 19026 16959 15247 13558 12056 10569 9271 8067 7085 6119 5276 4572 3910 3350 2843 2483 2103 1771 1511 1283 1093 920 795 660 578 496 393 326 267 223 184 165 138 116 108 88 70 59 50 40 32 29 19 15 14 12 12 11 10 7 6 6 6 4 3 2 2 2 1 1 
0 0 0 250 250 250 276 321 416 497 613 593 953 1436 1942 2510 3351 4385 5667 7043 8555 10352 12576 14988 17384 20016 22642 25417 28372 31032 33506 35607 37684 39254 40271 40890 40984 40726 39913 38761 37211 35427 33578 31359 29047 26675 24254 22096 19854 17716 15782 14060 12364 10886 9626 8365 7287 6341 5459 4779 4159 3530 2969 2519 2154 1827 1535 1275 1061 909 777 644 539 440 383 321 265 220 175 142 123 109 93 75 66 54 51 46 36 28 21 22 18 18 14 11 10 9 9 7 7 6 6 5 4 4 2 2 1 1 1 
0 0 0 250 250 250 275 336 448 543 665 638 961 1465 1960 2479 3082 4025 5263 6516 7828 9345 11292 13531 15982 18365 20600 23269 26000 28737 31121 33443 35237 36752 38188 38984 39530 39369 38948 38053 36975 35595 33768 31739 29511 27485 25285 23007 20834 18759 16902 15021 13355 11722 10181 8970 7844 6751 5796 5001 4266 3649 3127 2628 2221 1904 1589 1338 1109 937 807 688 571 466 395 332 295 249 217 180 151 125 113 102 81 64 51 46 44 34 28 23 19 18 18 17 15 14 11 10 8 9 7 7 5 5 4 3 2 1 
0 0 0 250 250 250 281 348 467 587 684 644 966 1472 1885 2260 2754 3653 4915 6262 7648 9245 11315 13756 16446 18999 21530 24334 27245 30036 32438 34585 36577 38230 39463 40203 40418 40228 39674 38734 37448 35657 33843 31799 29516 27170 24905 22661 20420 18430 16393 14519 12761 11200 9766 8545 7430 6431 5574 4787 4175 3638 3110 2651 2257 1926 1643 1394 1182 991 821 712 588 482 440 365 295 240 199 159 144 123 98 85 70 58 49 42 31 25 12 10 7 4 4 3 2 2 2 2 3 3 2 1 1 1 1 1 
0 0 0 250 250 250 267 343 442 538 631 537 767 1037 1275 1531 1902 2462 3143 3907 4783 5904 7491 9369 11318 13223 15576 18261 21081 23896 26382 28722 31305 33836 35780 37427 38449 39235 39662 39607 39088 38126 37068 35534 33847 31804 29601 27445 25130 22921 20601 18450 16500 14740 13107 11500 10036 8751 7664 6675 5771 4974 4297 3797 3303 2782 2412 2063 1819 1563 1348 1115 948 828 694 586 482 407 340 296 259 215 181 150 133 110 93 82 68 59 40 31 27 26 26 19 16 18 21 22 22 21 17 14 13 12 9 9 5 3 3 3 3 2 1 
0 0 0 250 250 250 280 343 450 568 688 618 900 1372 1786 2286 3010 3893 4970 6241 7789 9404 11466 13576 15617 17890 20386 23055 25715 28189 30369 32624 34776 36498 37736 38758 39018 39069 38691 37745 36478 35257 33518 31549 29483 27235 25072 22943 20878 18764 16867 15047 13437 11942 10588 9367 8215 7146 6243 5375 4659 4024 3487 2950 2500 2135 1826 1585 1317 1135 937 785 671 562 470 392 330 286 253 225 183 148 120 103 90 72 60 49 42 33 23 20 19 17 16 14 12 11 11 11 7 6 4 3 3 3 3 2 1 1 1 1 1 1 
0 0 0 250 250 250 266 314 413 485 582 533 879 1437 1880 2322 2907 3941 5211 6646 8152 9682 11783 14202 16828 19482 22209 24886 27670 30490 33005 35374 37403 39059 40392 41316 41713 41611 40791 39519 38018 36255 34163 31918 29629 27052 24765 22639 20361 18279 16356 14462 12674 11201 9813 8535 7478 6445 5494 4745 4111 3498 2996 2542 2149 1846 1572 1337 1107 931 795 662 571 482 401 338 276 235 204 166 138 118 101 76 60 46 31 28 22 17 13 11 10 9 8 5 4 2 2 2 2 2 2 1 
0 0 0 250 250 250 281 348 446 569 689 674 1096 1693 2185 2846 3708 4894 6432 7971 9588 11539 14081 16736 19535 22266 25088 28154 31167 33970 36287 38510 40243 41582 42572 42862 42783 42118 40985 39235 37385 35383 32975 30508 27917 25400 23047 20783 18446 16215 14321 12549 10969 9488 8151 7002 6104 5307 4494 3840 3238 2726 2336 1977 1647 1391 1184 999 873 760 638 548 485 400 329 273 231 193 158 122 102 87 83 72 60 51 45 37 33 24 15 12 8 8 6 5 3 3 6 8 9 8 9 8 9 10 7 5 4 3 2 2 1 
0 0 0 249 249 249 278 330 432 545 653 628 980 1450 1850 2378 3038 3997 5188 6642 8313 10106 12293 14652 17271 20049 22830 25486 28261 30804 33158 35324 37227 38767 39917 40643 40685 40342 39779 38740 37112 35251 33289 30955 28766 26544 24021 21667 19399 17436 15502 13753 11994 10479 9182 8039 7102 6135 5229 4501 3869 3310 2830 2417 2018 1687 1463 1237 1082 900 748 623 524 450 384 328 268 224 194 162 140 122 102 85 71 66 61 61 57 53 49 50 44 40 36 33 27 21 22 18 16 15 13 10 11 11 8 7 5 4 5 4 2 2 2 2 2 1 
0 0 0 249 249 249 281 359 474 579 717 682 1012 1528 1993 2535 3283 4403 5653 7055 8481 10251 12566 15178 17728 20233 22843 25599 28621 31330 33765 35828 37753 39349 40561 41300 41291 40877 40054 38877 37414 35520 33359 31079 28866 26643 24367 22002 19781 17703 15720 13928 12221 10659 9290 8054 7039 6093 5267 4548 3886 3310 2799 2433 2065 1756 1492 1260 1043 898 768 621 524 435 361 304 270 227 190 164 133 119 107 95 84 75 70 60 51 42 39 39 33 28 22 20 17 17 12 7 7 5 4 4 3 1 2 2 2 2 2 1 1 1 
0 0 0 250 250 250 270 332 437 526 621 484 704 1062 1332 1634 2020 2675 3397 4251 5245 6467 8041 9832 11611 13663 16060 18698 21340 23847 26388 28855 31399 33487 35308 36820 38238 39112 39633 39487 38968 38167 36831 35360 33494 31531 29505 27345 25091 22894 20824 18769 16821 14982 13209 11650 10296 9037 7859 6802 5862 5061 4376 3797 3260 2807 2396 2062 1767 1533 1338 1146 987 842 725 622 511 437 369 319 274 235 192 158 128 101 87 67 57 43 34 31 24 24 18 15 11 9 5 4 4 
0 0 0 249 249 249 268 322 421 545 704 751 1052 1469 1934 2499 3229 4169 5285 6666 8454 10394 12652 15064 17698 20572 23668 26820 29777 32507 34916 37356 39486 41168 42113 42569 42318 41931 41138 39827 38057 35844 33652 31394 29076 26598 24076 21578 19292 17232 15305 13370 11688 10209 8872 7677 6662 5726 4898 4223 3592 3046 2601 2234 1875 1555 1322 1095 937 792 676 555 468 399 342 282 231 190 150 126 105 83 69 55 38 35 29 22 19 15 12 12 9 7 6 4 3 3 2 1 1 1 1 1 
0 0 0 250 250 250 279 341 436 541 676 636 1003 1432 1819 2233 2864 3676 4833 6189 7416 8881 10827 12875 15188 17634 19929 22316 25023 27798 30312 32634 34604 36358 37913 39120 39778 39769 39397 38746 37847 36356 34708 32662 30507 28405 26264 24012 21776 19697 17635 15753 13990 12362 10867 9506 8222 7177 6195 5345 4558 3932 3383 2857 2438 2071 1789 1525 1322 1113 959 846 732 630 512 433 382 337 274 233 191 163 145 130 100 81 71 59 52 50 48 41 36 34 34 33 30 24 22 22 20 17 14 10 9 7 7 3 2 1 1 1 1 1 1 1 1 1 1 1 1 1 
0 0 0 250 250 250 273 322 405 488 571 439 590 887 1105 1366 1704 2343 3124 4056 4971 6075 7597 9389 11271 13230 15293 17640 20330 22887 25400 27953 30290 32515 34594 36159 37354 38219 38652 38675 38332 37631 36553 35096 33367 31670 29753 27725 25633 23434 21296 19404 17572 15745 13979 12311 10895 9590 8358 7294 6342 5497 4771 4121 3482 2961 2554 2178 1847 1569 1294 1067 930 787 673 573 499 422 365 329 279 221 184 157 120 104 90 69 62 53 45 36 32 33 26 25 20 14 14 13 13 8 7 5 3 3 2 1 1 1 1 1 1 1 1 1 1 1 1 1 1 
0 0 0 250 250 250 266 323 410 498 581 465 753 1098 1317 1571 1973 2550 3431 4341 5206 6284 7868 9678 11641 13570 15651 18183 20813 23539 26043 28722 31321 33694 35841 37535 38796 39805 40409 40328 39740 38787 37612 35966 34125 32006 29820 27496 25234 23054 20767 18663 16704 14861 13079 11561 10143 8921 7834 6819 5913 5145 4449 3863 3250 2753 2330 1986 1714 1430 1203 996 859 736 642 534 434 383 325 269 219 183 147 127 118 97 76 62 53 44 40 36 33 29 25 22 24 22 17 15 9 7 4 4 2 2 1 1 1 1 1 
0 0 0 250 250 250 270 315 410 490 569 453 672 1041 1401 1797 2324 3142 4179 5472 6992 8614 10412 12606 14970 17531 20407 23272 26102 29004 31955 34851 37421 39436 41065 42391 43170 43473 42978 42006 40780 39231 37204 34950 32669 30075 27797 25334 22761 20358 18078 16060 14181 12520 10874 9359 8122 7025 6122 5262 4461 3827 3284 2806 2365 1997 1698 1418 1172 973 818 699 589 512 416 350 310 265 220 197 164 131 109 97 79 67 61 51 41 34 32 25 22 21 16 10 10 6 5 5 5 5 5 3 2 4 4 2 2 2 2 3 3 1 1 1 1 1 1 
0 0 0 249 249 249 273 346 444 534 635 554 799 1078 1348 1628 2054 2540 3238 3988 4828 5893 7316 9045 10892 12797 14890 17286 19852 22421 25044 27518 30059 32640 34734 36476 37676 38548 39044 39096 38634 37726 36547 35116 33644 31922 29815 27650 25562 23468 21478 19310 17304 15377 13706 12188 10731 9353 8187 7196 6300 5484 4804 4174 3645 3219 2747 2363 2015 1748 1498 1294 1074 898 780 677 570 479 411 336 289 239 202 172 150 127 107 93 74 58 41 31 26 25 21 12 11 11 9 9 7 6 5 5 5 4 3 2 1 
0 0 0 250 250 250 266 346 434 500 606 521 861 1430 2039 2627 3341 4283 5556 7218 8806 10631 12633 14893 17626 20353 22977 25452 28025 30467 32581 34584 36103 37340 38389 39006 38991 38645 38075 36862 35376 33846 31885 29852 27813 25663 23452 21533 19585 17497 15704 14018 12511 11126 9790 8561 7490 6582 5726 4945 4302 3699 3215 2770 2379 2004 1733 1457 1211 1030 863 711 597 507 419 364 306 252 215 186 164 134 108 95 79 68 54 50 43 37 33 28 28 29 25 19 17 15 15 12 12 8 6 5 4 4 4 4 1 2 2 2 2 2 1 1 1 
0 0 0 250 250 250 270 310 414 507 595 459 604 872 1107 1384 1696 2217 2879 3518 4438 5580 7071 8822 10657 12630 14896 17534 20258 22818 25460 28078 30793 33309 35702 37514 38891 39879 40319 40655 40225 39335 37895 36303 34535 32638 30478 28192 25941 23717 21502 19366 17270 15437 13772 12014 10546 9153 7970 6829 5871 5056 4292 3674 3144 2693 2284 1920 1635 1386 1203 1034 867 740 611 533 440 357 300 242 205 183 158 130 100 79 64 58 48 33 26 21 18 18 11 8 8 7 6 6 5 5 5 4 3 3 2 1 1 
0 0 0 250 250 250 264 315 407 506 637 628 950 1366 1686 2127 2883 3979 5224 6465 7988 9848 12267 14893 17404 19894 22757 25909 28838 31524 33868 35885 37855 39550 40541 40944 40925 40608 39887 38867 37458 35509 33494 31343 29226 26808 24410 21979 19571 17526 15569 13773 12000 10499 9170 7994 6961 5998 5119 4405 3784 3250 2732 2288 1947 1677 1445 1211 1008 851 726 614 516 436 352 302 254 208 169 135 116 92 74 59 47 39 36 33 30 21 18 17 12 10 9 8 6 6 4 2 1 1 1 1 1 1 1 
0 0 0 249 249 249 264 311 408 492 605 555 835 1261 1685 2209 2873 3800 4914 6162 7676 9510 11633 13917 16233 18640 21447 24428 27393 30015 32484 34812 36934 38832 40074 40613 40936 40890 40400 39527 38036 36259 34277 32259 29949 27525 25166 22668 20481 18430 16462 14608 12886 11314 9894 8724 7665 6669 5787 4949 4299 3694 3168 2697 2267 1912 1646 1417 1201 1001 845 695 577 499 411 344 291 255 217 191 161 134 112 95 79 67 60 48 45 38 30 27 22 19 15 14 13 11 9 7 9 9 8 7 5 4 4 5 2 1 2 2 2 2 2 1 1 2 1 1 1 1 1 1 1 
0 0 0 250 250 250 280 345 453 542 642 576 908 1314 1593 1996 2640 3574 4760 6032 7276 8797 10745 13003 15342 17697 20242 22784 25677 28628 31416 33725 35942 37881 39226 40333 40881 40989 40426 39662 38385 36705 34941 32840 30714 28367 26157 23754 21450 19288 17217 15413 13562 11940 10452 9128 7962 6931 5955 5148 4458 3834 3261 2811 2388 2025 1741 1509 1283 1100 963 822 699 599 498 415 349 286 245 191 162 134 112 89 75 62 47 39 34 31 32 24 19 14 13 11 8 8 5 4 3 2 1 1 
0 0 0 250 250 250 282 359 473 589 751 761 1198 1743 2304 2974 3884 5101 6468 8132 9933 12114 14542 17166 19918 22623 25582 28407 31289 33875 36135 38141 39755 41083 41940 42235 41871 41236 40024 38529 36704 34623 32395 29994 27525 24914 22573 20266 18195 16199 14209 12496 11015 9579 8373 7343 6287 5370 4649 3978 3359 2859 2389 2000 1724 1466 1223 1016 835 706 588 488 399 333 273 232 199 165 129 108 96 83 62 47 40 34 31 24 15 15 13 12 8 6 5 4 3 2 2 1 1 
0 0 0 250 250 250 274 322 409 492 643 652 1102 1752 2238 2781 3524 4505 5835 7157 8546 10178 12178 14499 17135 19735 22220 25163 27887 30565 32981 35157 37060 38518 39662 40159 40423 39999 39466 38464 36817 35252 33340 31253 29013 26715 24305 22092 19974 17872 15856 14036 12434 10944 9638 8386 7310 6391 5600 4849 4192 3629 3160 2715 2328 1970 1667 1448 1240 1071 896 759 646 551 460 400 337 292 252 231 200 161 138 111 92 77 56 42 31 27 21 16 14 9 7 6 5 4 4 3 2 1 1 1 
0 0 0 250 250 250 272 321 427 527 608 554 910 1523 1993 2551 3357 4498 5949 7551 9178 10983 13373 16041 18497 21069 23884 26708 29612 32222 34621 36635 38500 40009 40806 41102 40958 40390 39393 38077 36438 34499 32380 30173 27894 25611 23325 21049 18898 16851 14943 13296 11804 10366 9082 7895 6821 5935 5169 4410 3775 3219 2746 2337 2012 1685 1421 1197 1006 869 736 645 544 462 404 353 291 245 200 154 136 109 88 71 60 54 39 29 21 20 17 11 5 3 3 3 1 
0 0 0 250 250 250 275 333 419 496 636 626 984 1344 1590 1955 2530 3226 3968 4806 5684 7010 8759 10610 12497 14558 16959 19581 22254 24909 27358 29943 32237 34403 36189 37559 38561 39265 39274 38813 38162 37059 35763 34114 32164 30199 28256 26238 24131 22096 20031 18048 16360 14474 12752 11246 9893 8584 7463 6454 5486 4730 4079 3521 2981 2571 2186 1874 1618 1404 1204 1031 893 741 637 528 447 373 322 270 217 189 156 131 109 102 86 75 65 47 45 40 34 26 22 15 15 15 12 7 6 5 4 4 6 4 5 5 5 4 4 5 2 2 1 
0 0 0 250 250 250 271 350 478 582 750 808 1308 1839 2269 2876 3777 5129 6607 8013 9442 11316 13797 16267 18758 21041 23485 26203 29007 31497 33669 35537 37198 38407 39201 39746 39623 39247 38408 37178 35544 33753 31871 29684 27360 25101 22816 20785 18751 16877 14885 13184 11729 10325 9075 7872 6853 5919 5175 4419 3802 3258 2793 2374 2039 1735 1469 1224 1022 867 731 636 549 474 403 350 305 259 227 186 148 125 96 76 64 51 38 27 21 13 12 9 5 5 4 3 2 2 1 1 
0 0 0 250 250 250 280 349 483 607 771 820 1256 1790 2229 2831 3561 4552 5772 7245 8902 10710 13037 15438 18090 20821 23707 26494 29316 31911 34224 36408 38187 39702 40653 41131 40958 40602 39804 38628 37079 35135 32922 30679 28531 26125 23868 21514 19363 17342 15521 13818 12104 10641 9314 8112 7075 6152 5261 4551 3924 3362 2863 2431 2020 1668 1459 1229 1059 884 716 608 521 464 377 321 265 223 199 167 132 110 90 84 68 60 49 44 42 36 34 27 26 19 15 12 10 8 5 5 4 3 3 2 1 1 1 
0 0 0 250 250 250 263 315 407 503 609 547 813 1231 1626 2056 2728 3576 4623 5828 7171 8779 10589 12610 14981 17314 19867 22691 25582 28263 30787 33238 35283 37324 38940 39688 40153 40275 39975 39302 37970 36295 34362 32571 30353 28032 25757 23371 21372 19340 17301 15385 13688 12073 10596 9359 8120 7070 6190 5341 4623 3992 3489 2981 2573 2185 1899 1629 1371 1192 1008 877 749 657 542 478 410 345 290 249 215 183 167 131 120 107 108 85 69 68 57 53 46 42 34 31 30 21 22 19 14 8 5 4 4 4 2 2 2 1 1 1 
0 0 0 250 250 250 287 357 471 577 697 679 1074 1558 2025 2537 3375 4613 6133 7630 9148 11069 13387 16075 18748 21495 24356 27255 30119 32868 35293 37357 39026 40450 41099 41518 41366 40722 39739 38505 36876 34660 32596 30288 27933 25545 23206 20833 18607 16639 14717 12888 11337 9869 8544 7438 6406 5550 4787 4163 3581 3035 2578 2177 1881 1569 1358 1102 914 756 635 529 455 383 311 260 215 184 158 126 105 96 78 75 63 51 44 39 31 25 24 17 12 9 5 4 4 3 2 2 1 2 1 1 1 1 1 1 1 
0 0 0 249 249 249 271 318 421 517 615 555 850 1281 1576 1899 2473 3246 4139 5180 6337 7736 9673 11719 14011 16360 18884 21624 24466 27301 29721 32170 34408 36320 37973 39292 39859 40015 39870 39242 38093 36802 34948 32940 31022 28905 26710 24463 22283 20092 18105 16184 14387 12787 11428 10044 8752 7664 6688 5791 5023 4308 3653 3183 2733 2319 1933 1642 1398 1191 1021 872 759 644 563 492 413 363 315 264 221 185 161 129 110 90 66 44 33 30 22 18 12 8 7 7 6 4 4 2 2 1 
0 0 0 250 250 250 278 337 451 576 810 968 1538 2236 2776 3515 4532 5842 7335 9021 10792 12661 15080 17737 20618 23464 26259 28922 31659 34408 36624 38419 39768 40474 41107 41289 40864 39739 38595 36965 35016 33116 30885 28563 26198 24006 21625 19548 17501 15516 13689 12079 10598 9254 7995 6882 5998 5242 4502 3866 3278 2801 2460 2102 1748 1478 1279 1086 941 796 669 555 492 420 344 278 227 195 161 133 101 87 76 61 50 38 28 22 24 17 15 12 9 8 7 6 2 2 2 2 2 1 
0 0 0 250 250 250 276 324 417 494 592 530 911 1373 1724 2203 2916 3928 5164 6596 8211 10108 12497 14912 17562 20238 22991 25731 28575 31202 33871 36128 38034 39507 40586 41501 41635 41275 40337 39257 37718 35793 33708 31304 28851 26612 24236 21845 19629 17594 15709 13980 12381 10839 9436 8184 7101 6161 5304 4523 3846 3277 2834 2445 2117 1809 1512 1247 1039 897 745 614 503 404 336 290 259 207 161 131 112 97 81 68 63 54 46 36 29 27 24 17 12 10 9 8 8 5 3 3 3 3 1 1 1 
0 0 0 250 250 250 274 346 433 525 658 712 1231 1936 2569 3328 4405 5862 7727 9687 11599 13652 16119 19027 22041 25023 27799 30378 33332 35963 38336 39956 41413 42227 42607 42623 41938 40819 39406 37763 35431 33121 30598 28103 25612 23260 20798 18539 16490 14505 12812 11303 9821 8484 7353 6385 5502 4807 4122 3477 2948 2521 2167 1817 1543 1293 1083 936 789 675 568 478 404 335 299 254 212 178 147 111 97 83 68 49 46 41 33 32 26 22 18 15 9 7 7 5 4 4 3 2 2 2 1 1 1 
0 0 0 249 249 249 277 345 464 591 728 726 1056 1520 1956 2519 3393 4673 6131 7750 9572 11615 13942 16703 19526 22150 24930 27673 30478 33116 35467 37379 38713 39895 40621 40910 40625 39810 38671 37283 35770 33819 31804 29590 27307 25128 22833 20619 18513 16626 14758 13010 11351 9937 8689 7527 6538 5584 4810 4162 3591 3072 2608 2254 1930 1657 1397 1187 1003 835 690 586 476 396 342 302 264 223 201 166 148 133 119 90 81 71 56 39 33 29 24 21 14 12 10 9 6 5 3 3 3 1 1 2 2 1 1 1 1 1 1 
0 0 0 250 250 250 276 331 450 548 643 563 818 1190 1660 2093 2650 3446 4489 5676 6973 8500 10523 12858 15286 17827 20565 23420 26573 29576 32059 34651 37047 38988 40438 41410 41863 41883 41517 40405 39153 37501 35488 33327 30722 28353 25839 23497 21056 18979 16923 14916 13204 11486 10123 8925 7822 6697 5791 4991 4293 3702 3170 2688 2295 1990 1692 1446 1232 1053 887 770 646 526 432 359 304 248 217 183 157 135 123 108 97 92 79 70 60 58 48 39 35 31 25 23 21 16 14 14 9 7 8 7 7 6 5 5 5 5 3 4 4 4 4 3 3 2 2 2 1 1 1 1 1 1 1 
0 0 0 250 250 250 268 313 406 490 573 476 717 1143 1606 2080 2628 3349 4304 5457 6791 8370 10083 12192 14483 16950 19681 22508 25346 28070 31043 33594 35882 37680 39218 40447 41173 41404 40949 40196 39102 37678 35891 33781 31546 29287 26909 24588 22381 20119 17910 15871 14020 12388 10905 9525 8222 7098 6147 5338 4580 3929 3390 2842 2456 2126 1849 1572 1315 1096 917 776 661 557 451 386 325 286 245 210 167 139 123 101 91 73 60 61 53 50 40 36 31 31 30 18 12 11 11 9 10 8 6 5 5 3 3 2 1 1 1 1 1 
0 0 0 250 250 250 268 328 432 522 614 624 1040 1537 2051 2647 3483 4571 6020 7656 9316 11394 13749 16306 18995 21697 24526 27354 30028 32519 34970 37141 38913 40253 41107 41441 41332 40753 39729 38259 36603 34627 32620 30428 28064 25749 23401 21138 19104 17191 15223 13424 11856 10447 9146 8016 6926 5971 5171 4500 3892 3342 2831 2377 2027 1735 1461 1236 1058 887 739 621 503 429 372 314 253 204 169 165 146 113 95 72 60 52 44 28 26 24 21 18 13 10 9 8 6 4 2 2 2 2 1 
0 0 0 249 249 249 269 305 410 512 671 663 946 1357 1766 2232 2808 3691 4737 6062 7602 9201 11230 13411 15933 18582 21249 24011 26866 29660 32251 34718 36756 38389 39794 40714 41059 41046 40563 39347 38170 36451 34558 32423 30172 27829 25420 23233 20867 18710 16665 14826 13087 11511 10000 8777 7594 6650 5723 4848 4162 3559 3056 2568 2169 1832 1580 1355 1159 955 786 660 564 455 365 305 246 202 174 139 109 91 79 68 58 48 36 33 26 22 20 13 12 10 9 6 6 6 5 3 2 3 3 2 1 2 2 2 2 
0 0 0 250 250 250 273 316 389 466 534 414 604 856 1050 1303 1720 2276 3043 3904 4998 6037 7475 9247 11251 13396 15648 18082 20671 23405 26170 28717 31122 33533 35771 37586 38907 39981 40405 40499 40101 39164 37836 36354 34529 32453 30353 28070 25626 23385 21076 18956 16949 15048 13304 11697 10358 9086 7990 6949 5953 5210 4505 3856 3358 2838 2409 2078 1808 1563 1328 1139 946 811 700 609 502 414 346 309 260 215 177 140 127 104 96 80 62 54 40 37 26 20 13 9 8 5 4 4 3 3 3 1 1 1 1 1 1 1 
0 0 0 250 250 250 282 338 432 531 614 518 791 1164 1484 1929 2528 3340 4350 5563 7038 8765 10704 13035 15527 18204 20938 23941 26837 29912 32860 35239 37479 39320 40790 41685 42018 41758 41314 40569 39133 37351 35377 33257 30960 28548 26047 23571 21285 19135 17011 15119 13391 11831 10434 9093 7953 6869 5934 5070 4354 3745 3194 2704 2293 1948 1673 1421 1194 998 834 710 588 501 415 343 282 240 202 177 154 133 119 102 85 78 69 55 49 44 38 33 25 16 12 11 9 7 4 2 2 1 1 1 
0 0 0 250 250 250 265 316 412 509 612 560 885 1421 1901 2259 2739 3485 4510 5733 6986 8335 10112 12434 15054 17586 20304 23103 26019 28953 31723 34151 36112 38052 39428 40385 41015 40979 40619 39914 38835 37247 35542 33551 31283 29036 26698 24325 22101 19967 17795 15755 13860 12252 10703 9387 8220 7087 6137 5255 4558 3874 3315 2785 2367 2003 1707 1448 1208 1011 832 696 560 469 404 324 274 231 199 168 148 124 98 85 68 59 51 43 36 27 22 21 19 17 12 9 9 9 10 8 8 7 7 6 6 5 3 4 4 5 5 5 5 4 4 4 4 3 2 2 1 1 1 
0 0 0 250 250 250 270 328 437 523 656 691 1151 1803 2206 2705 3477 4545 5967 7415 8875 10540 12809 15376 18015 20542 23057 25838 28678 31493 33970 35949 37829 39587 40721 41341 41440 41058 40205 39081 37444 35530 33455 31239 28948 26556 24334 22110 19918 17803 15858 14112 12470 10939 9556 8271 7189 6239 5355 4585 3926 3317 2845 2440 2058 1747 1518 1289 1083 902 738 615 532 437 370 308 264 215 191 160 125 99 86 67 55 46 37 35 33 29 24 23 23 20 16 12 11 6 4 2 
0 0 0 250 250 250 266 321 405 504 576 440 663 1022 1312 1622 2062 2758 3812 5068 6416 7957 9949 12234 14853 17638 20505 23364 26520 29463 32306 35201 37478 39307 40742 41870 42413 42690 42294 41196 39926 38251 36408 34159 31875 29321 26904 24504 21963 19711 17525 15541 13649 11929 10325 8885 7816 6744 5736 4855 4118 3524 3011 2605 2159 1795 1541 1356 1153 993 832 693 567 507 413 342 282 237 200 169 146 137 117 92 82 67 61 49 40 31 27 22 17 13 10 9 10 6 5 5 5 4 3 1 
0 0 0 250 250 250 270 329 448 543 677 641 981 1405 1760 2174 2753 3574 4723 5933 7270 8860 11006 13412 16081 18772 21441 24329 27291 30310 32855 35528 37497 39063 40441 41488 41896 41691 41142 39913 38580 37037 34930 32549 30078 27702 25234 22916 20620 18402 16382 14485 12769 11114 9684 8366 7250 6275 5399 4601 3924 3337 2845 2448 2056 1736 1489 1272 1102 951 827 702 614 523 444 394 323 274 231 201 167 139 116 90 82 68 52 48 42 36 23 27 19 17 17 12 11 8 7 3 4 4 3 2 1 2 2 2 1 
0 0 0 250 250 250 269 317 393 481 551 415 620 967 1346 1716 2211 3006 4028 5285 6652 8107 9991 12144 14612 17111 19592 22289 25154 28213 30906 33472 35672 37394 39276 40585 41391 41569 41346 40674 39548 38165 36193 34072 31826 29469 27101 24629 22248 20058 17966 16030 14172 12424 10845 9471 8263 7144 6182 5346 4548 3891 3362 2895 2472 2067 1755 1460 1265 1064 889 746 633 568 478 418 354 299 250 213 184 151 128 103 80 74 64 58 46 35 30 23 21 15 13 6 5 5 5 4 3 1 1 1 
0 0 0 250 250 250 269 331 437 548 658 595 908 1423 1880 2395 3090 4168 5575 7130 8736 10547 12696 15121 17793 20506 23089 25748 28420 31138 33746 36009 37724 39223 40410 40963 41253 41013 40132 39042 37703 35709 33554 31407 29017 26590 24190 21911 19628 17687 15777 14036 12392 10885 9574 8385 7377 6361 5535 4776 4147 3578 3071 2589 2194 1885 1599 1340 1117 947 788 685 561 471 424 361 314 266 233 195 178 146 123 110 93 92 70 67 58 51 41 34 26 17 16 13 11 9 8 6 7 5 5 5 5 5 4 4 2 2 1 
0 0 0 250 250 250 268 330 432 544 659 654 1084 1668 2194 2816 3635 4695 6035 7415 8850 10505 12526 14607 16947 19411 21954 24642 27295 29706 31912 34017 36011 37590 38646 39199 39386 39286 38847 37882 36395 34660 32722 30851 28746 26465 24207 22065 19874 17789 15927 14165 12530 11040 9605 8363 7291 6303 5462 4710 4035 3492 3003 2551 2182 1846 1605 1362 1164 981 816 704 597 507 409 339 294 257 214 176 141 127 120 111 102 89 84 71 60 54 44 34 30 25 18 15 14 12 11 11 8 6 6 7 7 7 6 5 5 4 3 2 2 2 1 
0 0 0 250 250 250 278 335 419 504 594 514 707 919 1105 1370 1832 2526 3296 4245 5409 6772 8401 10287 12474 14651 17260 20032 22883 25746 28541 31198 33648 36066 37956 39304 40238 40849 41191 40980 40309 39147 37614 35873 33931 31771 29391 27152 24803 22418 20223 18093 16096 14242 12619 11055 9616 8377 7177 6277 5409 4638 3974 3322 2830 2427 2063 1690 1427 1194 1010 858 727 604 530 457 391 338 289 247 221 179 160 134 109 90 77 62 46 41 30 23 23 23 20 18 16 14 12 13 11 8 6 4 3 3 3 1 1 1 1 1 1 1 1 1 1 1 
0 0 0 250 250 250 271 308 393 495 594 517 842 1329 1800 2313 2989 3845 5056 6636 8361 10156 12234 14636 17303 20159 23165 26134 28894 31703 34360 36883 39000 40692 41739 42331 42553 42182 41335 39866 38043 36077 33972 31551 29236 26738 24342 22096 19822 17577 15431 13651 11993 10548 9089 7891 6875 5960 5197 4487 3807 3268 2810 2409 2033 1726 1457 1229 1045 892 780 631 529 443 377 318 264 204 170 147 125 113 96 79 70 64 55 52 45 40 35 35 30 25 22 18 16 15 14 11 8 8 7 6 6 4 4 4 2 2 2 2 1 1 
0 0 0 250 250 250 273 324 429 514 643 643 991 1440 1822 2311 3010 4057 5173 6429 7929 9722 11839 14035 16505 18912 21723 24779 27542 30193 32934 35248 37190 38810 39916 40581 40871 40756 39991 38967 37523 35850 33902 31666 29583 27139 24707 22503 20308 18311 16398 14582 12837 11309 9957 8643 7528 6485 5608 4880 4166 3624 3094 2632 2231 1897 1627 1368 1142 969 816 687 593 516 432 371 321 265 232 199 158 125 110 97 89 76 68 60 61 56 46 33 26 20 17 17 9 7 6 6 4 4 4 2 1 1 1 
0 0 0 250 250 250 283 337 423 524 645 607 936 1427 1803 2263 2953 3864 4900 6063 7320 8802 10649 12648 14752 16897 19345 21816 24362 26726 29079 31376 33321 34914 36234 37246 37872 38050 37641 36986 36071 34956 33315 31443 29313 27281 25376 23351 21249 19266 17410 15668 14016 12402 10974 9588 8446 7355 6365 5526 4807 4210 3645 3190 2744 2375 2061 1748 1507 1314 1126 960 824 705 604 531 455 371 318 273 229 186 159 134 119 112 81 64 56 49 41 38 31 25 22 18 13 11 8 4 3 1 
0 0 0 250 250 250 273 339 451 562 659 585 938 1458 1886 2395 3196 4289 5713 7130 8586 10355 12528 15119 17611 20215 22761 25572 28658 31345 33876 36056 37974 39279 40478 41070 41144 40800 39985 38627 37028 35357 33305 31097 28736 26349 24057 21781 19600 17485 15457 13748 12088 10558 9203 7968 6939 6069 5255 4506 3847 3322 2854 2469 2095 1738 1502 1262 1078 928 795 654 566 500 417 364 307 264 234 197 161 137 109 91 71 66 51 48 38 32 25 20 19 14 12 10 8 7 5 2 1 1 
0 0 0 248 248 248 275 349 451 543 661 695 1177 1786 2253 2812 3624 4801 6283 7737 9303 11029 13432 15965 18511 20991 23510 26294 29073 31769 33768 35688 37458 38782 39574 40061 40011 39602 38819 37623 36052 34407 32555 30271 28017 25696 23511 21171 19037 17065 15164 13489 11809 10365 9002 7942 6939 5985 5194 4488 3858 3298 2885 2485 2099 1770 1476 1268 1088 932 762 639 543 460 395 335 268 217 188 159 125 108 100 84 75 67 55 45 44 33 20 18 16 12 11 10 6 4 4 5 3 3 3 2 3 3 2 1 1 1 1 1 
0 0 0 250 250 250 281 353 447 546 671 672 1060 1624 2026 2598 3434 4609 6040 7494 9045 10819 13225 15784 18271 20782 23485 26359 29307 31909 34044 35921 37811 39307 40388 40735 40740 40335 39519 38251 36644 34716 32513 30335 27955 25675 23357 21145 18971 16905 15043 13337 11759 10344 9081 7949 6902 5984 5157 4436 3821 3248 2737 2301 1971 1643 1399 1184 978 816 692 598 498 427 355 302 251 216 184 148 116 105 95 75 71 63 51 46 43 29 24 20 17 15 13 8 7 6 5 4 3 3 3 3 4 5 7 7 5 5 6 5 4 4 2 2 4 4 3 3 3 2 2 2 
0 0 0 250 250 250 276 331 439 539 670 639 948 1341 1712 2187 2814 3702 4824 6102 7521 9191 11335 13653 16028 18647 21392 24276 27187 29995 32589 35034 37199 39010 40132 41127 41510 41400 40827 39929 38607 36770 34903 32549 30190 28001 25575 23157 20837 18719 16679 14775 13149 11476 9986 8584 7464 6391 5533 4761 4037 3425 2963 2527 2140 1827 1544 1316 1110 934 811 709 608 511 431 354 308 267 226 179 140 123 112 93 75 59 53 50 41 33 30 27 20 17 9 6 5 4 2 2 2 1 1 1 
0 0 0 250 250 250 271 325 403 476 579 539 963 1571 2095 2603 3403 4687 6160 7828 9451 11166 13387 16048 18750 21339 23994 26739 29549 32263 34621 36724 38378 39714 40653 40926 40652 40075 39093 37658 36036 34044 31857 29650 27356 25010 22654 20511 18419 16384 14561 12929 11393 9931 8675 7438 6443 5573 4769 4035 3446 2950 2514 2221 1876 1596 1344 1164 985 848 731 571 491 433 376 309 264 221 190 174 149 126 110 100 83 67 54 46 44 32 31 26 23 22 18 18 15 16 12 11 10 9 9 6 5 4 3 2 2 1 
0 0 0 250 250 250 276 337 448 552 641 534 812 1249 1521 1914 2501 3289 4301 5461 6668 8047 9911 11899 13915 16171 18640 21064 23699 26134 28434 30882 33153 34963 36390 37672 38523 39111 38997 38474 37486 36353 35012 33118 30967 28764 26689 24449 22343 20194 18133 16255 14526 12962 11390 10004 8771 7707 6797 5969 5152 4461 3851 3374 2901 2487 2115 1807 1560 1340 1151 953 833 694 572 465 396 326 268 229 189 164 143 131 113 88 77 65 52 42 33 21 16 12 9 8 9 6 5 3 2 1 1 1 
0 0 0 250 250 250 281 339 464 547 631 616 1087 1673 2110 2650 3384 4461 5688 7028 8327 9949 12135 14520 16996 19457 22084 24748 27469 29988 32279 34345 36089 37578 38813 39591 39853 39808 38946 38027 36651 35081 33225 31018 28839 26587 24519 22380 20228 18080 16184 14453 12859 11305 9914 8566 7471 6531 5636 4893 4199 3580 3050 2632 2240 1907 1624 1368 1150 1001 883 752 666 573 496 429 379 335 274 236 192 160 139 127 109 94 81 67 63 51 41 33 28 21 21 19 15 15 12 12 11 10 7 4 3 4 4 4 1 1 1 1 1 
0 0 0 250 250 250 280 344 444 550 674 570 779 1088 1330 1582 2007 2660 3492 4483 5566 6877 8719 10864 13218 15639 18120 20912 23742 26816 29498 31991 34205 36371 38234 39667 40664 40944 40907 40358 39400 38103 36430 34503 32437 30209 27903 25677 23368 21087 18917 16768 14861 13126 11560 10124 8839 7630 6603 5736 4947 4243 3584 3071 2619 2254 1941 1654 1432 1220 1044 881 743 646 558 478 402 348 288 250 222 185 155 127 108 93 84 73 62 54 49 43 40 40 36 29 28 22 24 22 20 15 12 12 9 9 5 5 4 3 2 2 2 1 1 
0 0 0 250 250 250 286 362 466 563 668 607 885 1311 1634 2071 2806 3785 5059 6511 8027 9708 12074 14607 17185 19918 22603 25508 28558 31434 33920 36094 38091 39636 40690 41269 41289 40978 40190 39085 37524 35681 33651 31335 29116 26665 24276 22025 19747 17677 15718 13896 12262 10790 9398 8064 6964 5941 5110 4429 3720 3126 2688 2259 1913 1665 1408 1157 1000 858 725 625 531 431 358 322 261 214 174 151 114 89 80 56 46 37 29 27 23 20 20 18 17 11 9 7 7 6 3 1 1 1 1 
0 0 0 250 250 250 272 322 417 520 641 537 785 1126 1424 1715 2158 2842 3778 4957 6150 7509 9206 11307 13702 16154 18734 21381 24186 27075 29921 32528 34869 36891 38724 40084 40791 41114 40992 40393 39398 38119 36219 34187 32251 29918 27560 25158 22851 20568 18500 16400 14451 12838 11282 9898 8595 7445 6417 5562 4832 4099 3481 3005 2580 2188 1876 1610 1334 1146 996 845 677 571 501 431 353 283 232 183 159 135 96 80 66 53 41 35 24 20 17 13 10 8 7 6 7 6 5 5 2 1 2 2 2 4 5 4 4 5 4 4 5 3 3 6 7 7 8 6 7 7 5 4 3 2 2 2 1 2 2 1 1 1 1 1 1 
0 0 0 250 250 250 269 324 420 495 602 551 898 1282 1574 1898 2551 3571 4849 6264 7588 9178 11363 13733 16129 18697 21299 24188 27226 30088 32696 35263 37521 39391 40753 41525 41760 41494 41064 39926 38503 36700 34636 32612 30429 28183 25771 23486 21185 18951 16869 14863 13045 11404 10039 8688 7561 6591 5673 4858 4185 3607 3075 2626 2219 1889 1597 1342 1148 960 803 698 568 478 397 341 294 246 205 163 144 129 106 91 75 63 56 49 42 34 27 22 18 12 9 4 4 3 3 2 2 1 1 1 
0 0 0 250 250 250 272 309 381 474 562 443 663 1012 1303 1648 2191 2950 3971 5123 6372 7765 9594 11715 13979 16465 18805 21540 24343 26963 29645 32045 34393 36307 38050 39087 39929 40461 40532 40013 38945 37457 35777 33924 31805 29616 27214 24976 22687 20563 18457 16500 14794 13051 11476 10020 8760 7621 6611 5724 4925 4214 3596 3092 2607 2206 1905 1669 1418 1217 1026 898 780 668 555 459 407 348 303 240 197 155 139 127 109 90 77 66 58 52 41 33 25 19 17 15 14 14 13 11 9 8 9 10 8 7 8 7 8 8 6 4 6 5 5 4 3 3 3 4 3 3 2 2 2 2 2 1 
0 0 0 250 250 250 277 337 443 548 662 593 851 1179 1568 2020 2560 3425 4412 5546 6883 8450 10274 12342 14536 16857 19423 22003 24730 27234 29855 32238 34467 36142 37588 38869 39559 40020 39750 38992 38028 36840 35208 33382 31362 29148 26888 24762 22455 20356 18389 16363 14576 12875 11456 10033 8833 7694 6748 5861 5084 4417 3775 3236 2753 2347 1996 1742 1496 1263 1091 928 782 671 583 513 440 363 314 274 244 223 188 146 118 101 76 58 43 28 20 15 13 9 6 4 4 4 3 2 2 2 2 2 
0 0 0 250 250 250 270 345 452 527 637 623 975 1454 2023 2679 3545 4652 6066 7689 9436 11439 13774 16420 19152 21960 24958 27829 30833 33828 36244 38183 39923 41288 42068 42274 41951 41206 40108 38842 37078 34992 32602 30292 27830 25391 22922 20650 18492 16388 14535 12756 11228 9737 8499 7311 6292 5385 4598 3942 3348 2844 2420 2076 1766 1510 1288 1092 918 792 675 555 467 406 335 278 231 190 160 145 118 95 79 65 63 58 50 44 47 40 38 33 27 23 20 20 12 12 11 9 9 8 8 6 8 7 6 6 5 5 5 5 3 3 3 2 2 1 
0 0 0 250 250 250 277 340 447 565 712 774 1236 1813 2337 2863 3745 4889 6284 7801 9270 11037 13179 15734 18344 21023 23760 26602 29508 32030 34374 36570 38325 39687 40492 40880 40792 40604 39761 38352 36706 34794 32880 30636 28246 25707 23354 21120 18935 16864 14794 13019 11486 10090 8826 7676 6590 5646 4865 4201 3524 2965 2541 2148 1814 1534 1322 1111 927 793 662 561 486 412 336 289 247 208 198 176 152 124 102 94 87 81 58 45 39 36 31 21 15 8 7 5 5 4 3 2 2 2 2 1 1 1 1 1 
0 0 0 250 250 250 273 314 405 483 573 477 683 1010 1293 1620 2067 2672 3588 4614 5858 7171 8815 10749 13074 15597 18040 20758 23453 26450 29304 31940 34352 36471 38380 39803 40755 41074 40976 40424 39575 38154 36484 34500 32367 30179 27878 25653 23258 21013 18860 16760 14989 13282 11694 10204 8878 7700 6681 5787 4965 4232 3616 3092 2655 2287 1944 1689 1418 1205 1038 868 743 624 514 419 361 311 278 241 210 178 161 144 115 99 76 64 46 37 34 23 22 21 19 15 13 18 16 15 13 10 11 11 11 5 4 3 2 2 1 1 1 
0 0 0 250 250 250 277 357 458 570 686 623 962 1401 1751 2129 2761 3610 4698 5984 7377 8926 10998 13376 15764 18278 20919 23756 26677 29506 32056 34422 36597 38646 40141 40963 41297 41322 40858 39970 38600 36718 34765 32670 30270 27870 25458 23081 20845 18595 16498 14637 12946 11361 9955 8687 7546 6619 5752 4878 4231 3650 3142 2707 2364 2032 1732 1511 1309 1131 966 822 679 573 501 428 351 311 264 216 193 168 142 126 111 82 69 58 44 35 25 18 18 17 13 11 9 7 5 5 3 2 2 2 2 2 1 1 1 
0 0 0 250 250 250 271 322 413 501 581 465 672 982 1217 1434 1726 2220 2913 3750 4737 5798 7296 9028 11048 13201 15463 17914 20406 23065 25726 28252 30688 32890 34881 36389 37742 38647 39030 39074 38640 37879 36771 35413 33815 31947 29923 27831 25589 23293 21165 19164 17043 15188 13432 11785 10415 9158 7965 6898 6010 5177 4469 3879 3341 2900 2512 2161 1887 1639 1416 1219 1034 877 756 636 524 427 369 306 259 214 178 149 124 101 87 76 62 57 43 38 29 28 25 20 16 13 11 11 8 7 3 5 5 5 4 2 2 2 2 
0 0 0 249 249 249 278 341 440 553 615 516 857 1399 1858 2383 3072 4085 5421 6985 8570 10234 12284 14709 17439 20157 23105 25922 28761 31629 34225 36572 38316 39754 40933 41506 41624 41375 40537 39489 38119 36326 34078 31815 29523 27092 24710 22345 20043 17836 15949 14068 12385 10860 9502 8305 7202 6253 5329 4598 3929 3328 2829 2392 2040 1715 1446 1218 1022 850 698 567 473 386 315 257 217 191 174 151 128 114 98 90 79 64 50 33 27 18 17 12 5 5 4 4 3 3 1 1 1 
0 0 0 249 249 249 271 325 404 484 557 432 616 869 1189 1545 2015 2616 3338 4254 5503 7057 8681 10546 12454 14826 17513 20245 23050 25685 28523 31352 34149 36471 38285 39834 40841 41526 41681 41139 40289 38981 37401 35620 33458 31318 28871 26547 24217 21892 19751 17672 15720 13812 12157 10653 9329 8173 7078 6101 5295 4523 3895 3351 2859 2413 1992 1675 1400 1201 1025 841 689 584 513 441 383 312 277 230 194 162 134 121 94 76 50 42 32 27 22 16 14 12 9 7 8 7 6 3 2 2 2 2 1 
0 0 0 250 250 250 279 329 418 518 605 540 786 1155 1465 1902 2481 3374 4496 5650 6968 8486 10506 12615 14997 17468 19906 22533 25474 28303 30884 33366 35576 37331 38968 40136 40671 40832 40546 39914 38728 37139 35336 33194 31202 28881 26556 24104 21780 19608 17535 15781 13857 12248 10696 9399 8170 7123 6107 5209 4454 3835 3268 2780 2397 2034 1753 1465 1227 1064 901 772 649 553 474 405 358 290 247 210 171 145 114 91 77 73 57 46 39 31 28 25 22 16 15 12 9 8 9 8 6 5 5 5 5 4 2 2 2 1 
0 0 0 250 250 250 280 351 461 588 821 917 1385 2016 2603 3410 4495 5838 7499 9189 11181 13359 15894 18724 21483 24384 27282 29996 32542 35003 37077 38746 39983 40723 41027 41017 40655 39683 38164 36449 34536 32372 30266 27902 25525 23188 20890 18816 16817 14985 13161 11574 10123 8882 7786 6718 5809 5016 4312 3724 3184 2713 2331 2022 1720 1491 1310 1109 945 794 689 576 498 403 331 292 267 232 191 163 135 125 113 103 77 66 63 53 44 36 29 23 20 19 11 10 9 5 5 4 3 2 2 1 
0 0 0 250 250 250 267 310 412 496 599 622 1046 1669 2226 2709 3364 4415 5909 7376 8784 10297 12266 14777 17666 20287 22794 25452 28581 31478 34207 36318 38048 39864 41136 41655 41699 41240 40358 39237 37609 35490 33429 31350 28996 26635 24248 22038 19843 17726 15678 13832 12119 10645 9223 7929 6809 5846 4989 4281 3636 3083 2658 2284 1925 1610 1376 1138 979 825 702 565 474 414 332 291 247 194 162 137 116 96 92 73 59 57 53 40 36 32 28 30 26 23 16 18 18 17 15 13 11 9 9 6 3 2 1 1 1 1 1 
0 0 0 249 249 249 266 308 382 456 525 376 521 739 934 1130 1414 1870 2607 3459 4386 5667 7328 9206 11283 13617 16046 18608 21461 24359 26881 29608 32199 34456 36491 38072 39281 40166 40573 40486 39872 38944 37536 36006 34052 31774 29622 27368 25110 22857 20797 18609 16699 14885 13144 11576 10219 8976 7815 6848 5893 5052 4394 3758 3203 2661 2267 1882 1609 1387 1164 993 830 692 582 498 420 343 280 233 203 167 134 111 94 80 68 54 49 42 38 35 33 27 26 27 21 20 18 14 12 12 10 8 6 7 5 3 1 1 2 3 4 3 3 4 4 5 4 4 3 3 3 3 3 3 3 2 2 2 2 1 1 
0 0 0 250 250 250 278 334 433 515 607 512 829 1300 1757 2213 2834 3714 4777 5949 7182 8468 10247 12283 14420 16709 19076 21506 24007 26554 29186 31539 33641 35306 36741 38038 38790 39218 38547 37937 36918 35637 34033 32057 30029 27927 25891 23750 21740 19661 17741 15885 14204 12459 11008 9656 8423 7381 6402 5563 4721 4111 3565 3030 2604 2242 1932 1663 1444 1218 1039 893 784 659 581 510 436 382 313 258 212 181 154 124 107 88 79 69 62 54 42 39 37 36 31 24 17 14 12 8 7 5 4 3 3 3 2 2 1 
0 0 0 250 250 250 272 324 426 527 614 536 778 1144 1462 1777 2212 2893 3773 4814 6029 7428 8979 10908 13073 15398 17833 20539 23283 26077 29049 31783 34242 36275 37931 39280 40097 40501 40455 39796 38907 37589 36145 34261 32296 29999 27669 25404 23048 20959 18865 16836 14993 13255 11680 10265 9010 7771 6678 5731 4898 4274 3665 3147 2708 2322 1987 1722 1478 1253 1063 901 764 636 535 427 348 289 243 202 158 131 116 104 86 70 55 46 41 38 34 27 21 23 21 22 18 17 14 12 11 8 7 4 3 1 2 1 1 1 1 1 1 1 
0 0 0 250 250 250 271 328 418 527 641 610 932 1496 2093 2777 3481 4541 6089 7783 9590 11540 13695 16294 19074 21904 24700 27464 30185 32962 35305 37210 38983 40195 41030 41169 41110 40269 39468 38384 36668 34748 32502 30314 27951 25693 23299 20979 18795 16704 14803 12980 11425 9924 8585 7398 6454 5555 4776 4102 3505 2986 2575 2205 1865 1613 1374 1196 992 849 686 579 504 411 351 290 249 218 191 154 135 116 103 90 75 55 46 41 32 28 24 16 14 18 14 16 15 14 14 15 14 10 11 7 6 5 4 3 3 1 
0 0 0 250 250 250 273 350 473 566 716 730 1030 1520 1870 2304 2958 3966 5296 6677 8182 9763 11921 14355 16840 19462 22033 24872 27774 30746 33293 35732 37827 39563 40842 41617 41904 41469 40808 39677 38210 36371 34353 32088 29684 27367 24993 22592 20214 18082 16078 14238 12567 11004 9567 8317 7301 6305 5396 4660 3989 3468 2978 2531 2169 1882 1599 1343 1179 996 821 703 584 474 396 332 282 224 199 156 124 107 83 71 62 51 37 30 22 14 15 13 10 10 11 8 7 7 6 4 2 1 
0 0 0 250 250 250 276 338 426 548 747 810 1198 1733 2327 3034 3936 5142 6678 8391 10288 12345 14699 17264 20084 22889 25532 28475 31160 33689 36079 38063 39529 40638 41240 41254 41060 40246 39009 37419 35663 33727 31628 29342 26941 24762 22429 20214 18202 16205 14349 12643 11020 9586 8486 7421 6314 5365 4615 3988 3454 2925 2449 2132 1870 1617 1382 1158 961 840 701 568 469 379 329 284 234 188 151 131 117 101 85 70 67 58 44 35 28 28 23 20 11 9 8 7 7 2 2 2 3 2 1 1 1 1 2 2 1 1 1 1 1 1 
0 0 0 250 250 250 284 353 492 614 784 805 1126 1528 1966 2469 3219 4216 5419 6714 8106 9849 12020 14343 16866 19267 21919 24672 27662 30335 32610 34873 36821 38667 39868 40518 40755 40485 40090 38976 37413 35584 33610 31506 29214 26917 24317 22122 19920 17773 15804 14038 12344 10872 9508 8157 7134 6249 5411 4620 3970 3385 2952 2585 2217 1890 1620 1392 1182 1013 847 725 607 513 437 371 314 254 223 184 151 132 106 85 70 55 42 35 28 23 17 14 13 12 10 8 9 6 6 4 2 2 1 1 
0 0 0 250 250 250 266 327 410 498 595 510 762 1082 1280 1576 2138 2894 3838 4793 5753 6966 8749 10938 13171 15384 17764 20400 23482 26675 29534 31990 34287 36529 38287 39859 40634 40875 40839 40473 39645 38411 36684 34626 32485 30168 27803 25408 23072 20751 18697 16645 14734 13034 11361 9928 8588 7492 6472 5613 4876 4228 3678 3145 2716 2305 1992 1711 1456 1225 1051 867 737 618 518 441 374 320 265 235 196 167 139 115 99 88 79 63 60 54 47 41 38 29 22 20 18 19 14 13 11 10 12 10 7 6 7 6 6 5 3 4 5 4 2 2 2 2 3 2 1 1 1 1 1 1 
0 0 0 250 250 250 272 339 451 540 627 511 792 1216 1634 2054 2600 3505 4595 5815 7285 9015 11195 13623 16183 18645 21383 24418 27293 29979 32172 34485 36608 38332 39527 40043 40476 40436 40034 38930 37440 35674 33713 31664 29309 27028 24682 22487 20327 18339 16502 14745 13061 11516 10102 8827 7683 6713 5774 4951 4249 3576 3071 2636 2224 1874 1594 1341 1132 939 783 651 525 423 350 266 217 186 145 113 104 92 79 61 50 39 34 34 28 17 15 17 15 13 12 9 7 7 5 3 3 2 1 1 1 
0 0 0 250 250 250 277 327 408 483 556 462 712 1030 1325 1774 2514 3456 4464 5652 7013 8886 11089 13584 15960 18637 21571 24661 27756 30432 33074 35437 37881 39573 41032 41841 42002 41908 41283 40238 38646 36999 34858 32659 30464 28149 25754 23246 20970 18754 16782 14931 13175 11553 10055 8870 7689 6574 5585 4777 4089 3502 3027 2528 2161 1901 1654 1406 1186 1022 858 748 647 521 427 366 303 244 205 177 148 136 112 89 85 66 56 49 43 37 32 27 20 20 18 13 12 8 8 8 6 4 3 2 1 1 
0 0 0 249 249 249 271 309 395 489 592 536 755 1128 1405 1791 2368 3062 3971 5065 6349 7833 9788 12068 14467 17108 19878 22689 25733 28700 31534 34147 36495 38417 40252 41556 42171 42343 42039 41143 39938 38328 36142 34029 31708 29401 27001 24536 22184 20032 17975 15891 14137 12420 10848 9514 8264 7108 6166 5332 4536 3880 3331 2890 2449 2083 1762 1479 1261 1063 877 719 604 517 436 357 288 244 205 167 130 114 86 69 59 44 39 28 29 20 18 15 12 11 8 8 4 5 4 2 2 2 2 2 2 
0 0 0 250 250 250 273 341 454 570 774 941 1447 2043 2550 3286 4423 5782 7376 8879 10682 12962 15720 18464 21127 23877 26745 29703 32499 34976 37081 38812 40156 41117 41495 41297 40897 39869 38482 36975 34935 32678 30361 28109 25694 23274 20955 18702 16772 14989 13232 11562 10024 8800 7632 6612 5724 4852 4193 3593 3065 2597 2215 1887 1601 1359 1147 956 799 674 571 474 375 303 235 200 173 137 111 95 84 67 60 51 33 28 25 23 17 16 11 8 8 8 6 5 5 4 2 1 1 
