0 0 0 248 248 248 296 363 416 498 625 599 904 1279 1543 1940 2551 3332 4128 5337 6676 8152 9993 12139 14402 16851 19557 22070 24744 27581 30288 32707 34944 36952 38656 39950 40893 41323 41344 41100 40364 39185 37669 36118 34007 31816 29600 27225 24937 22775 20609 18412 16655 14879 13262 11736 10326 8955 7831 6822 5840 5052 4338 3719 3196 2785 2406 2048 1766 1498 1249 1049 911 754 642 552 463 395 330 279 230 202 182 161 132 116 98 89 74 65 54 42 34 26 26 22 18 15 10 10 7 4 2 1 
0 0 0 250 250 250 368 465 568 811 1119 1186 1672 2355 2943 3726 4862 6052 7357 8961 10755 12717 15037 17514 19954 22590 25370 28155 30817 33097 35068 36758 38207 39315 39870 40002 39739 39364 38466 37421 35969 34066 32209 30262 28125 25892 23856 21725 19662 17884 16040 14283 12714 11206 9906 8687 7613 6537 5718 4925 4259 3729 3157 2694 2299 2009 1691 1453 1237 1032 905 761 660 563 487 412 348 293 240 209 170 147 122 102 79 63 54 45 42 35 27 21 21 18 16 13 12 9 8 6 2 3 5 4 4 5 5 6 6 5 4 3 3 2 2 1 1 1 
0 0 0 250 250 250 311 373 429 541 677 614 902 1291 1594 2037 2684 3364 4336 5445 6660 7991 9697 11625 13667 15948 18266 20706 23271 25772 28450 30896 33181 35263 36946 38406 39401 40025 40129 39878 39239 38229 36899 35243 33411 31708 29650 27488 25323 23203 21205 19228 17418 15460 13749 12255 10783 9411 8263 7233 6249 5453 4678 4010 3506 3068 2623 2270 1995 1760 1560 1347 1176 1016 880 761 654 536 458 390 341 302 262 212 165 148 130 114 88 74 67 62 56 47 39 35 36 35 30 25 24 16 13 12 7 8 9 8 8 9 10 9 11 11 11 13 13 13 11 10 11 10 11 9 9 7 8 10 8 7 5 5 4 4 4 2 1 1 1 1 1 1 
0 0 0 249 249 249 318 385 446 523 653 592 809 1072 1397 1803 2322 2874 3617 4551 5616 6811 8187 9910 11716 13753 15946 18121 20672 23240 25768 28164 30628 33045 35210 36988 38397 39440 40041 40316 40164 39538 38409 37147 35456 33615 31727 29620 27438 25175 23061 21026 19059 17124 15303 13559 11963 10588 9320 8137 7075 6237 5436 4765 4098 3523 3018 2608 2221 1904 1622 1360 1178 1001 855 715 625 528 451 390 340 288 234 203 166 139 117 103 87 77 68 60 57 44 36 31 28 25 22 17 12 11 11 8 7 5 2 1 2 2 2 2 1 1 1 1 
0 0 0 249 249 249 309 368 415 615 828 797 1198 1749 2132 2699 3725 4674 5742 7153 8580 10100 12168 14479 16562 19040 21699 24245 26962 29538 31975 34109 36203 37902 39210 40063 40610 40828 40392 39619 38395 36979 35227 33419 31298 29045 26934 24777 22735 20544 18604 16726 14921 13322 11768 10418 9127 7996 6920 5997 5209 4497 3924 3333 2824 2379 2023 1710 1431 1219 1024 875 741 634 540 464 390 325 262 222 183 159 134 107 87 64 49 40 32 20 16 15 11 11 10 8 6 6 5 3 2 1 1 1 
0 0 0 250 250 250 313 369 401 556 759 707 982 1317 1634 2072 2808 3552 4454 5516 6802 8341 10087 12067 14164 16513 19050 21750 24493 27250 30056 32618 35076 37166 38943 40328 41329 41859 41910 41441 40621 39530 38064 36243 34226 32106 29795 27704 25330 23011 20717 18714 16688 14813 13117 11479 10062 8773 7661 6597 5751 4929 4241 3655 3145 2684 2289 1950 1631 1390 1182 989 829 681 565 474 395 319 263 216 183 159 131 109 96 72 49 39 35 32 26 25 21 18 19 17 13 11 9 6 7 7 5 5 4 3 3 2 
0 0 0 250 250 250 302 349 385 460 603 534 813 1144 1385 1798 2396 3027 3716 4700 5761 6918 8379 10065 11893 13951 16142 18401 20865 23392 26046 28554 30850 33046 35172 36941 38307 39484 40010 40169 40019 39368 38385 36945 35326 33424 31492 29359 27213 25143 23029 21060 19110 17206 15445 13815 12304 10843 9497 8341 7262 6313 5502 4801 4140 3611 3119 2677 2321 2013 1705 1454 1244 1066 924 797 679 588 490 421 360 305 242 199 164 137 124 100 86 73 68 55 45 40 34 29 27 25 23 20 18 13 9 11 8 7 5 5 5 4 4 2 3 3 3 3 2 2 1 2 1 1 1 1 1 1 1 
0 0 0 250 250 250 315 372 428 539 728 699 986 1422 1709 2109 2804 3540 4313 5298 6489 7721 9487 11372 13175 15337 17668 20095 22560 24989 27380 29702 32075 34096 35840 37243 38358 39229 39487 39251 38621 37777 36547 35067 33294 31288 29314 27434 25419 23228 21263 19345 17436 15708 14029 12460 11046 9775 8595 7485 6618 5791 5026 4331 3726 3229 2744 2378 1990 1685 1450 1256 1073 897 788 655 574 513 421 359 301 270 219 205 173 142 131 111 99 87 74 67 64 55 49 43 42 35 32 28 23 22 18 17 9 8 7 3 5 5 4 3 2 2 3 3 1 2 2 2 2 2 1 1 1 
0 0 0 249 249 249 292 339 388 499 632 552 858 1201 1423 1838 2425 3150 4025 5084 6238 7603 9418 11243 13218 15406 17702 20122 22661 25272 27788 30109 32463 34385 36274 37824 38952 39642 39842 39949 39431 38626 37407 35946 34195 32339 30355 28164 25951 23863 21709 19617 17675 15795 14110 12526 11108 9835 8651 7528 6529 5679 4908 4282 3717 3190 2763 2404 2076 1759 1521 1288 1103 907 764 647 570 492 403 338 280 238 184 152 127 102 75 63 60 47 36 23 18 15 14 10 7 5 4 3 3 3 2 2 
0 0 0 250 250 250 319 396 449 543 737 698 960 1351 1601 1995 2587 3239 3829 4677 5604 6545 8010 9617 11307 13173 15327 17519 19927 22474 24974 27394 29767 31951 33929 35680 37113 38132 38823 38963 38802 38302 37468 36264 34772 33098 31075 29119 27094 25009 23002 20978 19031 17284 15551 13986 12418 11066 9730 8569 7560 6531 5708 4974 4306 3722 3191 2767 2338 2028 1748 1449 1237 1041 888 761 650 540 444 393 334 269 224 175 147 124 110 81 72 60 52 42 30 26 21 18 12 10 9 7 5 4 3 2 2 2 1 
0 0 0 250 250 250 316 370 412 526 711 651 889 1252 1536 1894 2417 3009 3725 4642 5661 6803 8157 9939 11834 13900 16085 18368 20879 23538 26221 28600 30937 33171 35180 36840 38115 39059 39622 39854 39702 39156 38099 36861 35393 33461 31516 29399 27222 24965 22832 20728 18694 16902 15141 13470 11956 10563 9314 8161 7102 6138 5288 4613 3932 3349 2909 2518 2159 1858 1577 1318 1122 965 809 679 585 492 394 336 278 219 166 143 124 103 94 73 56 53 47 38 29 24 18 14 12 5 4 2 1 1 1 1 1 
0 0 0 250 250 250 307 351 391 472 646 586 813 1105 1379 1818 2339 2996 3852 4837 6038 7453 9046 10855 12972 15180 17533 20005 22615 25253 27866 30444 32722 34871 36703 38382 39673 40578 40990 41046 40572 39756 38693 37110 35283 33276 31316 28980 26750 24554 22295 20292 18318 16299 14466 12865 11496 10167 8891 7675 6590 5756 4968 4303 3672 3158 2736 2362 2053 1784 1522 1285 1098 920 772 668 580 485 411 348 296 252 215 176 140 119 92 73 63 51 41 38 30 25 23 20 18 14 15 12 11 13 10 8 7 5 6 5 5 3 5 5 5 5 4 4 3 3 1 1 3 3 2 3 3 4 4 4 2 2 2 1 1 
0 0 0 249 249 249 326 376 431 643 843 848 1259 1761 2048 2756 3580 4350 5432 6734 8157 9831 12093 14210 16593 19236 21819 24580 27294 29925 32259 34623 36661 38488 39979 40832 41388 41476 41235 40454 39318 37765 36022 34124 32062 29844 27578 25289 23063 20935 18870 16930 15106 13448 11873 10467 9200 8043 7001 6094 5204 4513 3897 3389 2933 2477 2124 1817 1583 1341 1159 965 810 709 591 508 439 379 313 268 220 176 149 121 102 82 76 63 55 45 40 34 28 22 15 12 8 5 2 1 1 1 
0 0 0 250 250 250 314 371 427 540 679 592 919 1305 1498 2004 2635 3238 4062 5135 6179 7408 9107 10747 12559 14837 17177 19521 22097 24674 27265 29701 32199 34270 35966 37626 38912 39702 40021 40113 39586 38756 37703 36360 34564 32723 30817 28744 26692 24594 22561 20350 18394 16544 14748 13065 11533 10151 8919 7794 6792 5952 5173 4493 3883 3347 2860 2495 2152 1830 1544 1344 1127 964 825 665 565 475 409 333 296 257 218 193 159 128 104 91 72 63 52 43 44 40 34 31 30 24 19 18 17 14 11 9 8 6 6 6 5 4 4 3 2 2 2 1 
0 0 0 250 250 250 316 367 424 511 624 526 704 1080 1311 1645 2163 2769 3607 4571 5760 6969 8597 10469 12495 14701 16983 19410 21947 24619 27152 29738 32034 34219 36256 38009 39169 40038 40646 40529 40248 39549 38431 36970 35446 33466 31292 29235 27006 24723 22386 20196 18093 16250 14498 12806 11272 9888 8692 7573 6637 5729 4943 4267 3666 3190 2755 2364 1998 1718 1444 1215 1025 836 697 605 501 416 356 304 257 213 180 152 125 105 91 78 64 59 53 40 38 31 28 21 21 19 13 11 9 7 4 4 3 1 1 1 1 
0 0 0 250 250 250 317 377 425 537 806 860 1199 1744 2248 2878 3864 4941 6104 7552 9228 11182 13409 15784 18288 20956 23781 26571 29366 31829 34267 36469 38253 39666 40755 41270 41415 41127 40370 39233 37735 36024 33955 31988 29661 27397 25118 22931 20810 18791 16884 15009 13441 11911 10486 9192 8074 7035 6077 5207 4472 3874 3314 2843 2419 2048 1763 1520 1276 1070 916 785 668 572 473 389 332 278 237 203 170 142 124 108 87 71 54 44 37 32 25 23 20 18 16 14 12 13 10 10 10 6 5 4 2 
0 0 0 250 250 250 324 387 438 526 652 603 897 1245 1534 2013 2615 3273 4121 5124 6236 7619 9374 11137 13026 15332 17765 20285 22944 25685 28068 30688 33180 35264 37098 38666 39707 40307 40699 40348 39756 38799 37620 35976 34073 32158 30101 27967 25795 23622 21357 19255 17486 15545 13786 12252 10763 9425 8308 7297 6289 5438 4684 4069 3525 3079 2576 2189 1881 1633 1388 1186 1013 849 711 601 506 417 366 294 247 199 170 134 121 96 74 61 46 40 34 34 24 23 19 19 18 15 12 12 12 10 10 6 5 5 4 3 4 4 4 4 4 4 4 3 2 4 4 4 4 3 4 4 4 2 1 1 1 1 
0 0 0 250 250 250 305 370 416 478 609 611 884 1255 1530 1929 2571 3266 4145 5128 6310 7736 9499 11386 13448 15794 18091 20630 23334 26094 28659 31211 33483 35475 37352 38841 39930 40479 40766 40551 39900 39037 37797 36249 34393 32298 30173 28034 25947 23725 21597 19490 17568 15812 14110 12525 11071 9807 8594 7520 6513 5632 4881 4197 3610 3078 2653 2276 1941 1682 1420 1228 1055 902 784 662 576 497 415 346 294 244 202 175 142 112 96 83 68 65 53 48 41 35 29 25 25 18 13 11 10 12 11 11 9 8 8 8 9 7 7 7 6 6 5 4 2 2 2 
0 0 0 250 250 250 320 382 435 534 710 633 929 1357 1620 2054 2753 3486 4238 5248 6413 7608 9199 10892 12694 14662 16938 19213 21581 24026 26479 28873 31215 33393 35278 36869 38195 39074 39412 39620 39147 38453 37218 35894 34217 32523 30785 28688 26665 24561 22647 20589 18660 16780 15046 13373 11842 10486 9265 8203 7146 6223 5374 4705 4108 3515 2990 2575 2240 1899 1630 1361 1175 1002 864 733 613 540 445 389 322 287 252 208 181 155 135 113 102 86 70 57 48 40 30 25 18 13 9 7 7 6 6 6 5 3 2 2 1 
0 0 0 250 250 250 299 343 386 483 682 655 972 1412 1813 2370 3103 3972 5007 6261 7679 9248 11159 13166 15256 17692 20120 22613 25170 27673 30128 32644 34941 36760 38262 39452 40256 40705 40455 39818 39021 37785 36315 34605 32717 30569 28506 26279 23943 21774 19680 17641 15705 13961 12368 10919 9613 8400 7334 6396 5493 4739 4097 3538 3008 2558 2172 1816 1545 1304 1109 923 769 654 536 455 379 329 275 230 199 173 149 124 107 89 76 55 48 38 32 24 19 13 7 7 5 4 4 1 1 1 1 1 1 
0 0 0 250 250 250 314 372 428 533 664 606 830 1118 1360 1738 2310 2900 3643 4528 5685 7060 8759 10702 12747 15245 17817 20485 23240 26100 28771 31455 34123 36340 38197 39751 40854 41440 41669 41240 40463 39338 37929 36269 34336 32134 29966 27843 25573 23276 21102 19056 17051 15346 13697 12104 10594 9292 8171 7133 6268 5453 4674 4039 3502 3036 2594 2191 1884 1620 1396 1196 1014 832 726 610 525 436 376 316 263 247 211 189 156 128 108 89 83 65 51 41 31 27 23 20 15 14 14 10 9 8 7 7 8 5 4 4 4 3 4 3 1 2 2 2 2 2 2 2 2 1 1 1 1 1 
0 0 0 249 249 249 316 365 420 545 753 742 1157 1734 2175 2884 3714 4596 5712 7149 8705 10339 12457 14658 17116 19674 22300 24832 27586 30269 32722 34946 36791 38502 39776 40767 41176 41089 40599 39697 38547 36982 35259 33213 30954 28867 26683 24519 22445 20359 18297 16430 14717 12991 11452 10073 8722 7643 6696 5811 4975 4270 3656 3145 2709 2309 1947 1641 1410 1190 999 820 684 575 481 414 344 293 247 219 185 158 131 108 90 76 66 49 46 39 35 33 28 25 20 18 14 12 8 7 5 4 5 6 8 7 6 5 5 5 6 5 4 4 4 4 4 4 2 1 
0 0 0 249 249 249 331 393 455 586 730 671 1041 1415 1698 2153 2849 3511 4482 5580 6684 8043 9759 11587 13509 15887 18252 20714 23224 25787 28270 30664 33095 35087 36728 38147 39242 39864 40182 40057 39345 38189 36872 35272 33503 31561 29351 27240 25126 23123 21074 19054 17104 15333 13755 12212 10693 9404 8273 7250 6380 5576 4799 4148 3613 3092 2653 2256 1876 1584 1365 1121 957 820 676 593 518 424 348 305 259 210 179 140 112 106 92 72 55 49 40 33 28 20 14 14 12 11 10 10 8 7 5 4 2 2 2 2 2 2 3 2 2 1 1 1 1 1 
0 0 0 250 250 250 311 366 418 560 781 743 1174 1767 2261 2990 3870 4925 6133 7586 9176 10971 13305 15638 18003 20553 23334 26169 28900 31518 33747 35904 38106 39701 40819 41527 41744 41763 41395 40426 38932 37280 35377 33323 31234 28786 26301 24067 21854 19762 17717 15745 13945 12330 10925 9550 8345 7265 6289 5449 4723 4045 3416 2945 2522 2154 1876 1631 1353 1149 976 812 695 580 483 407 348 286 239 187 148 123 97 81 67 55 47 41 37 28 27 26 23 18 16 16 14 13 12 9 9 8 8 5 3 3 3 2 2 2 1 1 1 1 
0 0 0 249 249 249 309 359 416 501 621 511 738 1041 1312 1839 2480 3179 4044 5092 6344 7808 9534 11344 13415 15798 18289 20964 23657 26459 29145 31774 34205 36379 38336 39889 41001 41649 41863 41617 40884 39777 38292 36529 34554 32319 30094 27859 25638 23405 21203 19080 17165 15400 13744 12088 10645 9359 8235 7245 6356 5503 4760 4173 3629 3124 2676 2305 1942 1702 1472 1278 1086 945 830 721 629 540 473 398 355 299 250 205 173 149 121 103 89 79 74 67 54 46 42 40 33 32 28 21 17 15 11 9 6 4 3 3 2 1 1 1 1 1 1 1 1 1 1 
0 0 0 250 250 250 304 371 422 563 706 636 936 1356 1645 2102 2808 3527 4418 5518 6729 8133 9916 11910 13893 16189 18690 21308 23955 26532 29289 31782 34161 36098 37787 39295 40318 40856 40919 40528 39991 39115 37957 36163 34240 32404 30188 27981 25696 23478 21194 19121 17230 15353 13657 12118 10601 9276 8124 7096 6134 5290 4571 3971 3447 2956 2486 2117 1845 1569 1332 1138 942 804 696 595 494 420 364 305 255 219 177 145 120 90 72 57 50 44 36 29 26 26 24 19 19 18 19 17 15 13 13 15 14 13 11 11 9 10 8 7 5 4 3 3 3 2 2 
0 0 0 250 250 250 303 352 406 479 589 520 792 1136 1366 1863 2525 3236 4120 5207 6457 7923 9777 11734 13853 16477 19207 21901 24821 27698 30643 33356 35829 37995 39878 41510 42379 42969 43003 42524 41806 40420 38709 36794 34813 32656 30267 27967 25445 23165 20906 18658 16609 14665 12955 11358 10021 8722 7604 6633 5707 4860 4113 3507 2963 2528 2171 1818 1575 1328 1122 935 805 675 546 470 377 308 259 221 177 144 121 102 90 85 76 71 62 52 43 32 27 20 16 12 9 8 7 6 4 3 1 1 
0 0 0 250 250 250 308 362 420 509 621 556 776 1063 1356 1813 2404 3134 3947 4952 6239 7694 9310 11168 13279 15549 18088 20627 23190 25956 28733 31202 33546 35552 37325 38851 40058 40548 40643 40525 39863 38899 37551 35877 33895 31945 29904 27640 25454 23368 21284 19261 17384 15493 13746 12222 10757 9430 8219 7193 6226 5478 4753 4091 3522 2996 2578 2202 1877 1556 1327 1116 967 821 699 582 490 435 362 323 267 235 195 171 147 116 98 87 74 66 54 41 33 32 29 20 16 10 9 7 6 5 2 2 2 2 1 1 
0 0 0 250 250 250 306 350 395 462 607 504 737 991 1233 1628 2175 2764 3466 4461 5557 6784 8390 10121 12048 14319 16692 19136 21653 24386 27027 29550 31995 34045 36022 37686 38986 39887 40284 40369 40102 39456 38385 36924 35300 33431 31461 29409 27197 25030 22806 20769 18788 16890 15086 13405 11805 10416 9197 8021 6963 6026 5205 4458 3814 3258 2771 2350 1991 1699 1434 1219 1044 880 733 629 529 443 389 324 273 233 200 161 145 123 97 87 78 67 55 47 44 36 37 30 25 23 20 17 14 12 11 10 10 8 8 7 5 4 2 2 1 1 
0 0 0 249 249 249 323 381 445 585 767 731 1004 1406 1750 2220 2967 3703 4594 5659 6994 8609 10334 12271 14410 16851 19322 21868 24576 27153 29822 32612 34876 36775 38571 40062 40985 41399 41470 40804 40015 38899 37360 35583 33513 31448 29224 27027 24748 22544 20439 18398 16539 14787 13153 11672 10307 9091 7905 6907 5995 5132 4435 3781 3229 2708 2348 1969 1692 1455 1200 1004 852 734 617 530 440 370 322 275 212 179 154 132 106 89 67 59 46 40 33 23 18 15 13 9 8 6 5 4 4 3 2 
0 0 0 250 250 250 312 373 416 489 673 688 999 1427 1810 2344 3110 4026 4935 6105 7570 9170 11039 13218 15462 17899 20791 23417 26125 29037 31658 34050 36366 38295 39647 40984 41663 41715 41623 41006 39955 38695 37063 35091 33055 30922 28617 26391 24181 21915 19871 17854 15959 14193 12585 11066 9683 8413 7296 6314 5489 4744 4075 3520 2973 2572 2156 1855 1557 1290 1096 903 775 652 557 464 381 318 267 227 188 169 149 120 103 86 72 61 51 36 24 22 14 14 12 7 6 6 5 3 2 2 2 2 2 1 1 1 1 
0 0 0 250 250 250 313 374 420 511 680 629 985 1394 1692 2246 3034 3872 4957 6154 7483 9112 11077 13124 15332 17869 20236 22859 25446 27989 30564 32885 34965 36816 38520 39647 40323 40618 40445 39872 39084 37745 36139 34369 32419 30370 28229 26014 23796 21673 19509 17456 15752 14022 12383 10988 9622 8433 7407 6583 5662 4906 4250 3720 3194 2702 2336 1971 1709 1456 1230 1026 852 736 609 508 427 358 312 258 220 175 151 126 101 89 72 60 54 46 36 29 24 18 16 19 16 12 11 10 10 10 9 6 3 2 1 1 1 
0 0 0 250 250 250 311 378 425 560 702 602 823 1161 1384 1813 2490 3078 3903 4988 6212 7575 9122 10970 12885 15182 17667 20163 22706 25174 27803 30320 32514 34634 36373 37780 38966 39793 40310 40121 39670 38707 37388 35962 34112 32212 30092 28087 25943 23813 21751 19653 17707 15752 13963 12291 10846 9529 8326 7272 6329 5551 4847 4118 3572 3077 2638 2218 1938 1688 1399 1210 1022 848 733 633 509 426 372 311 267 217 181 148 126 102 89 80 71 62 49 44 37 31 25 20 18 16 12 11 10 11 10 8 4 5 6 5 5 4 3 4 4 3 2 2 1 1 1 
0 0 0 249 249 249 317 363 407 565 733 706 1049 1462 1717 2201 2927 3769 4730 5790 7183 8875 10882 13033 15208 17624 20338 23066 25801 28409 31086 33499 35863 37771 39156 40378 41048 41294 41184 40749 39721 38403 36996 35177 33197 31041 28683 26353 24151 21977 19783 17820 15848 14146 12576 11095 9704 8513 7418 6457 5664 4894 4213 3595 3138 2669 2283 1932 1643 1410 1190 1011 833 701 596 483 402 319 270 234 192 157 124 104 87 75 59 47 39 35 27 23 16 13 10 7 4 3 3 2 
0 0 0 250 250 250 304 360 417 577 748 676 1035 1460 1717 2164 2884 3556 4325 5474 6529 7822 9597 11453 13445 15685 18073 20432 22982 25553 28067 30449 32698 34654 36362 37817 38993 39581 39837 39756 39123 38194 36961 35378 33515 31763 29624 27494 25409 23264 21248 19302 17382 15453 13798 12194 10676 9479 8315 7196 6279 5493 4775 4145 3627 3068 2650 2302 1975 1668 1425 1202 1001 849 684 595 520 439 350 300 247 215 177 129 97 77 69 50 41 29 29 22 17 16 12 9 8 6 4 3 2 1 1 
0 0 0 250 250 250 314 393 446 584 777 704 1025 1444 1786 2382 3246 4068 5121 6467 7954 9661 11748 13875 15991 18514 21235 23791 26459 28953 31426 33659 35888 37533 38726 39941 40475 40716 40453 39871 38745 37553 36024 34084 32165 30024 27855 25693 23525 21374 19298 17299 15424 13797 12155 10653 9410 8222 7180 6263 5431 4675 4095 3534 3000 2582 2220 1895 1603 1362 1116 958 828 689 590 506 442 362 307 249 205 180 134 110 91 78 68 57 41 28 23 19 10 8 7 6 6 5 4 3 3 2 2 2 1 
0 0 0 250 250 250 311 371 420 627 860 871 1338 1929 2350 3049 4093 5112 6293 7846 9592 11353 13826 16064 18299 20973 23633 26107 28855 31368 33556 35603 37542 38927 39959 40684 40624 40478 39788 38880 37561 35923 34135 32126 30041 27846 25617 23438 21314 19221 17269 15520 13773 12226 10811 9552 8361 7354 6419 5594 4883 4206 3613 3119 2645 2246 1953 1617 1360 1139 996 854 752 631 537 478 403 342 282 234 194 179 149 126 104 94 87 76 66 60 49 40 42 37 32 33 27 21 21 19 14 12 11 7 7 7 4 3 2 1 1 1 
0 0 0 250 250 250 318 367 416 535 660 583 874 1285 1573 2107 2742 3355 4204 5327 6558 7974 9683 11630 13697 16053 18652 21072 23631 26266 28855 31012 33289 35372 37046 38474 39595 40095 40429 40390 39619 38582 37301 35718 33814 31864 29574 27371 25357 23189 20953 18860 16934 15127 13486 11920 10449 9137 7977 6969 6038 5190 4429 3817 3253 2793 2380 2059 1754 1496 1281 1076 921 775 664 554 450 375 315 269 239 200 165 145 115 99 86 74 53 50 41 32 33 27 20 16 14 9 8 9 7 6 6 7 9 8 7 6 7 6 8 7 6 7 9 9 7 7 5 6 6 5 3 3 3 3 2 2 1 1 1 1 1 3 4 3 3 3 3 3 4 2 
0 0 0 250 250 250 302 350 394 486 591 505 748 1026 1300 1652 2317 3062 3904 4885 6101 7472 9057 10872 12889 15070 17477 20158 22696 25483 28185 30906 33383 35605 37648 39306 40611 41348 41811 41803 41247 40464 39095 37424 35635 33677 31430 29078 26788 24479 22302 20064 18007 16044 14270 12585 11022 9608 8351 7279 6272 5382 4621 4011 3452 2926 2492 2150 1830 1585 1386 1189 1002 840 722 615 511 419 346 282 246 209 183 140 120 105 87 71 61 58 48 41 38 32 29 26 24 18 13 9 8 4 3 2 2 2 1 1 
0 0 0 250 250 250 321 393 454 585 820 870 1262 1803 2301 2968 3867 4821 6057 7471 9185 10964 13108 15425 17892 20627 23367 26166 28841 31422 33790 35911 37809 39230 40198 40972 41166 41053 40523 39459 38137 36544 34705 32487 30252 27937 25585 23459 21262 19187 17273 15437 13749 12200 10822 9585 8418 7395 6407 5567 4821 4185 3625 3077 2614 2214 1891 1619 1400 1183 1005 866 744 645 567 470 408 355 296 250 213 170 139 122 101 90 67 54 43 39 33 28 24 19 18 14 9 6 6 4 4 2 3 3 2 1 2 2 2 2 1 2 2 2 1 1 1 1 1 1 2 2 2 2 2 3 3 2 1 1 1 1 1 
0 0 0 250 250 250 323 390 464 637 841 861 1180 1727 2282 2978 3940 5021 6244 7722 9522 11417 13540 15925 18410 20957 23641 26363 29029 31644 34059 36230 38131 39567 40837 41561 41785 41523 40866 39990 38604 37150 35228 33098 30886 28685 26458 24057 21845 19537 17508 15666 13924 12268 10783 9423 8159 7180 6201 5354 4615 3941 3372 2871 2444 2087 1742 1465 1239 1038 878 742 654 558 486 414 348 307 252 220 191 158 135 114 98 81 73 60 46 38 28 25 21 17 13 14 12 10 9 7 4 3 2 1 1 1 1 1 1 1 1 1 1 1 1 1 
0 0 0 250 250 250 305 357 409 567 749 740 999 1354 1716 2246 3010 3749 4759 6024 7508 9219 11095 13320 15554 18176 20846 23472 26184 28924 31693 34121 36280 38101 39587 40763 41369 41583 41328 40621 39559 38205 36414 34449 32415 30128 27802 25433 23235 20957 19048 17050 15160 13457 11868 10497 9142 8013 6842 5932 5145 4411 3771 3214 2805 2358 2011 1676 1419 1205 1020 851 715 610 502 432 363 299 252 200 161 142 128 101 85 70 54 49 41 33 26 24 16 16 14 9 7 8 7 6 6 3 1 1 1 
0 0 0 250 250 250 317 358 423 518 636 544 712 955 1122 1440 1905 2343 2910 3821 4869 6005 7536 9234 11226 13404 15818 18225 20861 23743 26602 29452 32095 34689 36843 38725 40334 41377 41918 42154 41811 40943 39999 38533 36748 34890 32741 30282 27941 25689 23411 21252 19121 17021 15207 13537 11996 10590 9238 8092 7080 6156 5300 4592 3924 3370 2905 2487 2100 1813 1563 1326 1131 962 804 675 559 449 383 330 266 225 177 148 128 107 83 76 67 58 55 46 37 33 27 20 17 11 7 6 5 5 5 3 2 3 2 1 1 1 1 1 1 
0 0 0 249 249 249 305 355 411 565 764 741 1069 1565 1946 2445 3245 4016 4974 6197 7548 9040 10932 12985 14996 17401 19959 22484 25195 27890 30507 32785 35123 37019 38593 39734 40403 40636 40433 40101 39191 37909 36296 34524 32531 30515 28365 26042 23792 21627 19568 17690 15872 14038 12402 11018 9657 8466 7375 6341 5483 4745 4064 3459 2978 2570 2205 1903 1611 1372 1167 988 842 706 583 479 415 346 284 247 200 163 133 118 89 75 72 56 46 42 35 28 23 18 15 15 16 14 13 11 12 12 10 6 5 4 4 3 3 2 2 2 2 2 2 2 1 1 
0 0 0 250 250 250 313 366 415 547 787 767 1164 1688 1995 2487 3264 4058 4923 6040 7206 8479 10175 12130 14134 16328 18730 21211 23821 26491 29122 31395 33516 35484 37206 38353 39158 39569 39561 39320 38613 37550 36038 34601 32724 30742 28719 26628 24607 22491 20581 18501 16701 14944 13296 11755 10320 9117 7935 7005 6165 5398 4696 4086 3544 3061 2608 2222 1894 1635 1407 1208 1025 870 749 650 553 464 396 328 285 231 188 156 131 115 99 78 61 52 49 40 29 22 19 18 15 10 5 3 3 2 1 
0 0 0 250 250 250 325 373 419 515 688 733 1065 1564 2006 2699 3643 4678 6010 7429 9150 11046 13342 15757 18302 20858 23641 26455 29308 32024 34454 36508 38407 39990 40957 41598 41727 41520 40840 39906 38485 36929 35101 33039 30842 28537 26255 23985 21795 19695 17598 15693 13867 12184 10697 9402 8169 7085 6198 5352 4655 4011 3466 2980 2545 2143 1825 1600 1386 1191 1003 848 740 655 574 470 400 356 311 260 236 210 180 162 141 115 103 87 68 56 43 37 28 22 19 17 14 9 9 6 5 4 3 2 2 2 1 1 1 1 1 1 
0 0 0 250 250 250 299 347 390 483 650 658 1001 1337 1642 2205 2892 3620 4577 5705 6986 8632 10388 12327 14555 17020 19541 22201 25038 27720 30472 33060 35228 37269 38970 40236 41046 41509 41539 41066 40306 39140 37556 35757 33758 31547 29364 27073 24807 22463 20356 18361 16358 14549 12822 11278 9955 8740 7598 6579 5698 4892 4155 3596 3009 2579 2214 1858 1579 1350 1181 967 823 688 579 470 382 332 266 226 191 165 132 103 87 75 68 55 48 38 32 28 24 14 11 9 5 5 7 7 6 7 7 6 8 8 6 5 5 4 4 3 1 
0 0 0 249 249 249 331 400 450 556 774 771 1052 1482 1864 2430 3169 3949 4997 6305 7796 9464 11448 13699 16138 18904 21714 24440 27318 30286 33055 35460 37741 39620 40970 42144 42729 42725 42351 41580 40451 38934 37128 34965 32694 30461 28107 25767 23370 21050 18959 17003 15191 13328 11726 10278 8935 7790 6763 5815 5003 4365 3739 3244 2796 2402 2029 1776 1531 1265 1069 877 732 609 517 409 338 292 241 210 181 163 131 109 94 82 70 59 45 36 34 31 23 22 22 19 16 11 9 9 8 5 4 4 3 3 2 1 1 1 
0 0 0 250 250 250 311 370 426 511 643 518 758 1041 1252 1569 1957 2463 3170 3985 4784 5862 7298 8972 10810 12827 14907 17341 19929 22712 25384 27904 30608 33081 35430 37437 39164 40364 41072 41417 41168 40695 39723 38401 36770 34914 33042 30877 28783 26441 24246 22044 19935 17875 15938 14289 12576 11165 9797 8544 7454 6503 5641 4888 4231 3624 3126 2709 2323 1990 1662 1407 1223 1039 869 727 636 527 468 400 327 284 232 203 171 145 121 100 88 73 63 50 36 28 24 20 18 13 11 8 7 6 4 4 2 1 
0 0 0 250 250 250 306 357 413 587 812 787 1135 1553 1875 2417 3176 4043 5008 6226 7696 9362 11322 13401 15669 18130 20868 23686 26364 29212 31842 34310 36448 38386 39821 40724 41263 41292 41026 40315 39215 37589 35849 33914 31809 29578 27317 25075 22907 20862 18716 16887 15094 13360 11828 10435 9132 7933 6970 6022 5224 4545 3891 3326 2883 2460 2066 1725 1475 1243 1042 858 695 592 509 422 354 289 250 219 186 151 120 98 83 70 60 48 41 32 26 24 20 13 10 8 4 5 5 5 4 4 2 2 2 1 2 2 1 3 3 3 4 5 4 4 4 2 3 3 2 1 1 1 1 1 
0 0 0 250 250 250 315 378 438 601 766 746 1115 1698 2153 2804 3763 4751 5983 7420 9089 10900 13102 15526 17896 20533 23361 26096 28987 31815 34225 36390 38438 40010 41114 41832 41963 41559 41112 40207 38698 37097 35200 33106 30866 28577 26134 23742 21636 19363 17328 15517 13733 12109 10654 9302 8032 7055 6106 5248 4564 3939 3378 2929 2552 2181 1865 1621 1358 1158 1002 855 729 629 532 448 380 318 268 222 187 160 139 114 102 86 70 67 55 49 37 35 26 26 24 16 14 10 9 7 7 5 3 2 3 2 1 2 2 2 2 2 1 1 1 
0 0 0 249 249 249 298 343 393 461 542 405 624 931 1104 1336 1732 2150 2672 3336 4028 4813 5933 7305 8675 10330 12228 14121 16320 18654 21127 23535 26116 28640 30980 33350 35334 36956 38283 39341 39702 39741 39507 38804 37655 36415 34752 32836 30946 28773 26560 24335 22314 20190 18286 16363 14685 13193 11700 10330 9091 7975 6868 6035 5221 4465 3814 3297 2840 2426 2094 1786 1508 1304 1117 962 807 701 592 493 428 373 321 268 216 183 165 143 120 102 95 79 60 54 50 38 30 28 26 28 27 20 18 17 15 15 13 12 13 12 9 8 9 6 7 6 4 3 3 3 2 1 
0 0 0 250 250 250 291 345 394 452 562 429 600 982 1137 1347 1762 2226 2653 3415 4329 5121 6434 7899 9294 10917 12906 14915 17119 19540 21942 24394 26991 29406 31644 33716 35419 36796 37770 38459 38830 38805 38355 37423 36228 35008 33479 31623 29628 27650 25622 23728 21780 19694 17747 16006 14275 12706 11282 9905 8712 7625 6709 5907 5168 4446 3858 3328 2856 2444 2090 1749 1509 1326 1128 954 818 689 585 490 395 343 286 250 221 195 168 149 126 105 93 80 68 60 53 40 39 32 26 24 19 15 14 14 11 8 9 7 5 5 5 2 2 2 
0 0 0 250 250 250 298 351 406 505 642 608 973 1442 1768 2216 2984 3798 4732 5805 6982 8384 10231 12273 14355 16686 19096 21750 24483 27086 29703 32206 34406 36379 38080 39280 40290 40907 40982 40508 39804 38720 37385 35731 33637 31662 29375 27214 25012 22803 20732 18726 16930 14979 13323 11840 10416 9170 7950 6983 5987 5157 4514 3868 3304 2799 2379 1997 1710 1478 1222 1013 844 717 615 519 434 356 313 261 233 202 177 147 126 107 81 64 63 53 44 39 34 29 28 24 12 8 8 5 4 4 3 3 2 1 1 1 1 
0 0 0 250 250 250 294 355 400 472 569 461 654 881 1158 1503 1966 2498 3129 3831 4734 5842 7066 8563 10203 11985 14152 16534 18854 21193 23770 26270 28722 30945 33066 34803 36289 37631 38395 38814 38769 38488 37696 36782 35588 34002 32213 30288 28412 26519 24471 22372 20343 18442 16703 14985 13306 11761 10381 9119 8043 7010 6079 5291 4603 3993 3445 2982 2569 2215 1926 1651 1427 1210 1025 873 717 619 524 431 365 318 272 209 187 151 120 102 84 74 61 52 41 33 21 17 13 8 5 5 4 4 5 4 4 3 2 1 1 1 
0 0 0 250 250 250 304 359 410 498 631 551 823 1208 1580 2025 2651 3552 4499 5581 6910 8472 10279 12348 14612 17008 19495 22362 25101 27800 30438 32842 34991 36975 38769 39782 40524 40817 40755 40380 39650 38213 36540 34972 33190 31149 29077 26905 24770 22738 20645 18584 16602 14872 13098 11549 10021 8754 7712 6672 5790 4995 4363 3725 3237 2801 2414 2101 1773 1528 1290 1119 963 818 706 609 527 433 360 310 274 239 195 153 135 107 93 79 67 54 50 46 41 36 32 32 30 29 23 18 16 17 15 13 10 7 7 5 4 2 2 
0 0 0 250 250 250 305 356 401 500 614 489 681 956 1119 1356 1766 2237 2771 3481 4452 5434 6783 8359 10101 12058 14455 16988 19573 22398 25141 27841 30618 33159 35204 37204 38886 40117 40965 41436 41342 40828 39948 38722 37090 35227 33309 31155 28966 26823 24731 22451 20238 18237 16334 14583 12875 11288 9927 8710 7701 6703 5785 4992 4289 3740 3222 2747 2331 2019 1683 1437 1224 1015 827 693 568 464 403 334 279 232 198 176 148 124 108 91 80 61 47 34 29 18 13 10 11 11 8 7 7 7 6 4 3 4 5 5 3 3 4 4 3 2 2 2 2 2 1 1 1 1 
0 0 0 250 250 250 313 368 418 628 798 776 1143 1551 1876 2399 3096 3726 4736 5944 7180 8705 10532 12597 14775 17249 19725 22271 24976 27742 30461 32882 35186 37186 38771 40073 40843 41098 41014 40672 39699 38396 36981 35165 33168 31009 28787 26449 24266 22062 19843 17762 15952 14272 12568 10996 9644 8456 7350 6420 5544 4771 4123 3572 3079 2639 2286 1944 1664 1412 1221 1022 850 727 615 530 448 381 315 269 225 183 153 131 106 88 74 59 54 41 37 29 21 16 11 10 3 3 1 1 1 1 1 1 1 
0 0 0 250 250 250 296 345 389 541 718 657 1006 1436 1696 2181 2929 3721 4570 5804 7146 8589 10532 12639 14765 17048 19767 22323 24762 27507 30047 32276 34475 36248 37808 38984 39853 40121 39964 39619 38799 37790 36154 34339 32611 30627 28685 26515 24409 22296 20346 18504 16566 14835 13157 11676 10273 9106 7958 6931 6052 5263 4606 3989 3450 2944 2538 2207 1896 1609 1354 1167 991 850 710 606 498 428 348 293 243 195 182 157 129 114 97 84 65 53 45 34 28 18 19 17 13 9 7 7 6 6 2 2 2 2 
0 0 0 250 250 250 314 394 450 537 721 710 967 1294 1666 2101 2735 3565 4470 5544 6814 8271 9971 11888 14106 16489 18992 21627 24429 27181 29825 32463 34713 36493 38159 39507 40479 41017 41128 40591 39822 38874 37406 35665 33703 31567 29379 27289 24996 22766 20708 18653 16626 14843 13138 11570 10189 8940 7747 6736 5812 5032 4348 3702 3206 2740 2366 2020 1770 1493 1262 1114 956 820 690 592 490 417 359 306 264 222 198 161 133 119 100 76 63 57 50 45 39 31 28 25 19 17 15 12 13 15 12 11 11 12 10 10 8 3 3 6 7 5 5 5 4 4 5 2 1 1 1 1 1 1 
0 0 0 250 250 250 306 362 411 492 629 570 764 1001 1232 1650 2241 2862 3658 4618 5877 7314 8875 10559 12562 14778 17125 19660 22179 24777 27451 30158 32552 34833 36898 38515 39844 40641 41057 41001 40614 39653 38345 36874 35060 33105 31059 28894 26506 24325 22202 20027 17982 16142 14374 12790 11363 9991 8700 7588 6604 5720 4947 4177 3577 3088 2632 2240 1913 1637 1374 1157 985 838 721 611 516 445 374 318 288 252 207 175 149 114 100 96 66 57 54 48 39 34 32 20 20 17 16 14 16 14 15 15 13 13 14 12 11 11 9 8 7 8 6 5 3 3 3 3 4 3 3 3 3 2 2 2 1 
0 0 0 250 250 250 300 364 422 493 617 518 650 901 1134 1413 1888 2476 3152 4038 5080 6219 7666 9393 11214 12988 15137 17422 19854 22354 24963 27346 29867 32196 34259 36149 37613 38841 39470 39755 39487 39087 38282 36890 35366 33603 31741 29832 27746 25639 23539 21565 19649 17760 16025 14323 12779 11441 10110 8908 7856 6893 5976 5193 4526 3852 3314 2871 2455 2095 1781 1538 1327 1160 975 826 718 615 500 427 355 300 264 223 181 154 142 121 103 90 81 75 65 54 49 44 38 31 28 24 22 20 12 12 10 9 4 3 5 5 5 3 2 2 2 2 
0 0 0 250 250 250 307 350 387 557 750 677 971 1309 1571 2049 2687 3261 4010 5019 6118 7506 9241 11025 13033 15356 17736 20134 22812 25374 27772 30241 32402 34382 36114 37640 38546 39228 39629 39483 39074 38217 36971 35431 33883 31961 29932 27768 25611 23478 21549 19505 17492 15704 13940 12412 10978 9655 8408 7375 6417 5531 4803 4179 3594 3051 2603 2260 1937 1674 1429 1201 1020 880 737 636 537 446 383 328 267 229 200 166 140 129 111 87 76 67 59 45 38 30 26 23 18 14 10 9 6 6 4 2 2 2 2 2 2 1 1 2 1 1 1 1 1 2 3 2 2 2 2 2 3 2 1 1 1 1 1 1 
0 0 0 250 250 250 311 352 405 474 564 434 622 835 1010 1413 1948 2506 3280 4210 5149 6394 7880 9389 11065 13115 15251 17477 20061 22629 25245 27826 30370 32724 34864 36601 37950 39141 39862 40083 39787 39153 38088 37097 35596 33718 31639 29667 27669 25506 23540 21367 19405 17461 15721 13990 12423 10998 9607 8357 7303 6368 5513 4775 4108 3534 3039 2604 2212 1874 1594 1373 1158 991 819 701 585 501 424 355 304 251 217 176 149 119 98 85 76 64 54 51 48 42 37 28 26 26 19 19 15 13 11 9 6 5 5 3 3 3 3 3 3 2 2 2 1 1 1 1 1 
0 0 0 250 250 250 318 373 411 617 833 819 1250 1783 2098 2645 3381 4204 5148 6302 7514 8971 10904 12785 14899 17197 19775 22396 24959 27443 29736 32139 34168 35918 37229 38195 38881 39170 39235 38735 37896 36684 35164 33545 31779 29964 27853 25741 23698 21676 19720 17787 16044 14215 12610 11167 9888 8666 7634 6686 5729 4981 4330 3749 3209 2764 2367 2045 1744 1472 1241 1071 916 799 705 584 495 414 355 290 245 203 160 133 104 98 87 78 66 54 51 50 49 39 37 34 31 30 29 24 21 23 20 18 17 14 11 10 7 3 3 2 2 1 1 1 1 1 
0 0 0 250 250 250 303 367 423 552 716 644 961 1569 1951 2524 3359 4365 5584 7004 8524 10122 12252 14405 16713 19422 22123 24855 27756 30393 32866 35389 37565 39074 40294 41313 41684 41706 41351 40395 39180 37602 35832 33693 31491 29295 26932 24631 22341 20188 18121 16203 14374 12659 11183 9850 8613 7581 6559 5648 4915 4255 3648 3157 2695 2251 1957 1688 1436 1214 1057 884 756 663 544 466 400 353 292 247 216 176 150 132 113 93 79 69 59 49 47 32 27 22 18 15 14 11 7 9 7 7 6 6 7 7 7 4 3 4 5 5 4 6 6 6 6 5 4 3 2 1 1 1 1 2 2 2 2 1 1 1 1 
0 0 0 248 248 248 315 391 455 632 831 809 1168 1695 2068 2728 3702 4616 5708 7134 8857 10488 12644 14965 17097 19572 22240 24813 27259 29961 32308 34386 36432 38112 39309 40080 40521 40439 40122 39202 37925 36417 34661 32861 30698 28449 26207 24104 22051 19895 17977 16012 14308 12725 11235 9834 8576 7590 6586 5803 5038 4384 3747 3279 2817 2382 2025 1684 1453 1240 1057 879 763 648 571 497 412 358 302 261 228 195 165 141 133 117 106 90 79 71 64 57 46 39 33 27 21 17 11 10 9 7 6 4 4 3 2 1 
0 0 0 250 250 250 322 384 428 540 701 680 995 1403 1709 2163 2879 3616 4450 5425 6507 7902 9513 11273 13166 15428 17673 20103 22686 25379 28068 30714 33039 34951 36829 38187 39291 39838 39894 39495 38947 38022 36830 35463 33732 31727 29807 27783 25551 23435 21332 19326 17428 15650 13912 12371 11008 9741 8551 7489 6492 5651 4936 4268 3678 3196 2757 2373 2063 1763 1492 1284 1104 933 777 654 550 465 415 357 315 270 243 197 166 141 105 88 67 56 47 46 36 29 25 21 19 13 11 8 5 3 3 
0 0 0 250 250 250 312 367 417 526 707 619 881 1209 1424 1817 2388 2938 3675 4658 5714 6922 8538 10143 12098 14353 16666 18999 21562 24378 26848 29471 31832 34013 35940 37800 39193 39965 40545 40717 40382 39648 38525 36963 35274 33372 31315 29106 26819 24610 22535 20396 18240 16313 14557 12853 11459 10083 8759 7669 6740 5863 5084 4452 3797 3272 2832 2453 2117 1830 1575 1357 1166 986 849 733 609 512 441 375 315 257 206 167 132 110 91 82 71 66 59 47 45 36 31 23 19 12 12 11 10 7 7 5 5 4 3 3 1 1 
0 0 0 250 250 250 299 351 400 502 760 819 1125 1573 1931 2525 3378 4281 5214 6493 7968 9522 11499 13624 15817 18215 20780 23266 25982 28730 31402 33706 35891 37867 39351 40479 41047 41215 40932 40394 39288 37876 36335 34400 32341 30101 27764 25498 23321 21186 19064 17199 15338 13630 12049 10535 9178 7945 6875 5870 5087 4433 3849 3330 2866 2443 2069 1766 1517 1279 1089 918 796 655 554 488 415 352 291 243 203 179 154 136 106 96 77 62 51 41 36 28 19 14 13 9 6 5 3 1 
0 0 0 250 250 250 315 363 414 484 589 477 661 937 1159 1518 2014 2623 3381 4292 5418 6686 8237 9975 11820 14027 16292 18764 21260 23871 26376 28954 31430 33492 35430 37202 38456 39415 40055 40208 39940 39330 38412 36886 35382 33502 31453 29246 27129 24966 22744 20731 18677 16749 14943 13313 11733 10324 9098 7909 6882 5994 5219 4523 3878 3373 2862 2465 2130 1845 1592 1328 1138 944 807 680 566 466 386 325 278 219 179 144 128 103 90 78 60 55 48 44 35 28 22 20 17 14 10 9 10 10 10 7 9 10 10 10 8 7 6 6 4 3 3 2 2 2 2 1 1 1 
0 0 0 250 250 250 320 383 444 539 668 594 845 1246 1558 2003 2653 3475 4497 5640 7012 8447 10281 12380 14549 16996 19507 22208 24995 27786 30414 32907 35198 37204 38891 40190 40899 41235 41182 40712 39939 38759 37209 35393 33449 31372 29194 27022 24803 22475 20366 18303 16409 14634 13006 11374 9909 8695 7602 6653 5757 4986 4291 3699 3207 2754 2312 1961 1688 1437 1220 1057 898 761 640 542 457 386 338 282 238 195 173 144 121 108 92 79 67 54 46 37 33 28 20 20 14 12 12 9 9 10 9 7 7 7 3 2 2 1 1 2 1 1 1 1 1 1 1 
0 0 0 250 250 250 325 391 443 591 805 782 1096 1507 1834 2354 3135 4001 4988 6146 7613 9262 11136 13294 15605 18084 20763 23555 26321 28995 31758 34134 36226 37965 39277 40316 40915 41002 40721 39956 38882 37575 36018 34253 32170 30084 27809 25687 23505 21351 19250 17264 15422 13778 12196 10727 9439 8250 7270 6264 5416 4700 4074 3539 3063 2659 2270 1921 1663 1379 1183 1014 862 728 603 533 453 389 337 296 242 209 178 143 110 90 65 49 41 33 25 23 21 17 15 12 11 8 7 4 4 1 1 1 
0 0 0 250 250 250 323 387 435 571 729 684 929 1257 1492 1926 2609 3277 4145 5178 6450 7922 9546 11435 13517 15816 18376 21106 23944 26520 29387 32108 34469 36469 38366 39669 40784 41612 41710 41398 40746 39864 38368 36718 34540 32321 30156 27782 25445 23214 21004 18856 16879 15051 13353 11792 10393 9039 7868 6844 5938 5119 4389 3775 3185 2755 2293 1968 1667 1416 1194 1021 890 739 637 541 463 402 343 286 231 192 160 139 115 92 77 64 57 42 35 32 27 24 16 12 11 10 7 3 2 2 3 3 1 1 1 1 1 1 
0 0 0 250 250 250 315 375 428 502 652 569 801 1211 1427 1828 2350 2999 3687 4513 5689 6990 8548 10264 12072 14206 16584 19054 21340 23759 26321 28873 31407 33509 35340 37210 38596 39486 39958 39862 39512 38879 37896 36453 34772 33014 31116 29195 27003 24882 22726 20601 18762 16778 14943 13261 11843 10422 9189 8010 6970 6110 5308 4613 3903 3358 2875 2461 2073 1772 1526 1286 1117 945 794 661 559 481 410 330 273 221 196 164 142 113 96 85 71 60 46 41 35 28 26 22 15 14 13 11 10 7 5 5 5 2 2 2 1 1 2 2 2 2 1 1 1 1 
0 0 0 250 250 250 311 366 411 480 587 470 666 929 1166 1435 1883 2665 3419 4252 5386 6735 8313 10204 12324 14291 16720 19411 21989 24638 27354 30082 32431 34625 36567 38040 39291 40203 40543 40248 39827 39121 38058 36648 34963 33053 31013 29022 26843 24616 22395 20346 18362 16394 14659 13037 11566 10217 8877 7724 6715 5837 5074 4328 3682 3187 2798 2455 2119 1824 1527 1337 1146 966 781 641 547 449 377 290 245 210 189 166 128 110 89 81 77 60 50 40 27 24 24 20 17 14 13 12 13 10 6 8 6 6 4 3 3 3 3 1 1 1 1 1 
0 0 0 250 250 250 310 363 414 509 663 756 1200 1613 1909 2475 3198 3994 5049 6162 7389 9003 10942 12888 15090 17564 19893 22425 24960 27364 29935 32304 34440 36273 38046 39154 39955 40482 40310 39875 39043 37797 36177 34444 32609 30475 28382 26232 24078 22020 19958 18049 16224 14548 12899 11400 10022 8806 7749 6733 5812 5012 4358 3773 3234 2733 2301 2007 1672 1408 1179 984 837 696 587 477 415 350 305 255 208 184 169 147 125 108 87 70 59 50 36 28 23 22 19 17 15 12 12 8 7 6 6 6 4 4 2 2 1 1 1 
0 0 0 250 250 250 319 361 422 525 654 589 822 1063 1241 1621 2068 2688 3377 4304 5488 6812 8378 10162 12090 14168 16713 19289 21831 24523 27357 29964 32633 35025 37047 38662 39889 40901 41363 41396 40964 40260 39065 37738 36124 34190 32039 29896 27693 25415 23178 20853 18833 16815 15002 13307 11706 10293 9012 7903 6803 5927 5110 4393 3820 3207 2707 2337 1996 1652 1438 1227 995 853 725 580 498 427 327 258 213 185 149 126 105 82 70 64 47 37 34 35 27 26 26 22 22 20 15 11 12 10 8 7 6 3 4 3 3 3 3 4 3 3 3 3 2 2 2 1 1 1 
0 0 0 250 250 250 316 376 446 661 854 864 1233 1701 2073 2632 3381 4182 5185 6493 7968 9706 11759 13931 16207 18675 21499 24167 27025 29666 32211 34637 36837 38683 39932 41042 41405 41371 41026 40243 39093 37689 36036 34038 31978 29944 27772 25552 23349 21145 19023 16981 15089 13376 11792 10344 9093 7890 6873 5974 5216 4470 3788 3237 2734 2374 2031 1749 1491 1243 1066 923 784 672 569 481 415 372 321 266 232 194 170 138 113 91 67 51 38 31 27 25 21 14 14 13 12 10 7 4 3 3 2 2 1 1 1 1 
0 0 0 250 250 250 333 391 441 545 676 611 856 1216 1473 1936 2672 3515 4461 5657 7028 8698 10563 12675 15003 17481 20151 22775 25619 28208 30993 33497 35707 37677 39454 40599 41451 41800 41727 41219 40268 38903 37217 35646 33429 31327 28939 26563 24158 21995 19845 17666 15807 14017 12435 10985 9728 8482 7347 6395 5556 4799 4092 3531 3036 2600 2200 1887 1581 1336 1162 986 819 687 571 464 396 341 291 241 207 168 139 118 102 87 76 64 52 41 37 36 31 29 24 21 19 16 12 6 4 3 3 3 2 2 2 2 2 1 1 
0 0 0 250 250 250 294 343 403 502 633 537 765 1035 1214 1579 2146 2724 3345 4334 5484 6663 8260 9924 11654 13791 16288 18800 21500 24369 26929 29720 32413 34784 36856 38535 39670 40527 41289 41391 41019 40241 39101 37616 35991 34107 31940 29711 27435 25290 23021 20937 18878 16889 15063 13334 11770 10275 8954 7733 6676 5789 4973 4281 3686 3126 2708 2329 1952 1650 1417 1170 985 846 720 600 537 456 381 330 297 240 202 172 157 139 119 106 83 78 74 66 54 44 42 35 34 28 23 16 13 9 6 3 2 2 3 3 1 1 1 1 1 1 
0 0 0 250 250 250 316 380 430 513 685 641 873 1186 1444 1892 2583 3305 4236 5432 6699 8197 10040 11937 14098 16561 18997 21635 24393 27179 29741 32316 34639 36610 38421 39673 40558 40996 41189 40842 39988 38895 37416 35526 33715 31621 29315 27193 24977 22744 20534 18630 16607 14796 13213 11490 10088 8817 7717 6705 5818 5038 4298 3748 3200 2725 2302 1951 1652 1383 1155 972 827 697 596 496 398 339 291 246 202 174 147 120 104 85 73 63 51 42 34 26 18 17 12 9 5 5 4 4 4 2 2 1 1 1 
0 0 0 250 250 250 308 354 421 542 661 592 860 1276 1508 1923 2552 3212 3976 5027 6135 7325 8924 10685 12507 14675 17017 19352 21877 24577 27295 29746 32158 34323 36338 37917 39247 40044 40388 40597 40241 39370 38202 36815 35154 33270 31092 28821 26593 24534 22325 20230 18122 16246 14648 13034 11549 10112 8922 7799 6811 5895 5077 4394 3770 3236 2772 2394 2054 1743 1500 1267 1102 949 796 676 574 502 412 353 296 253 214 183 155 116 100 83 75 62 47 36 33 29 24 19 12 9 7 6 7 6 3 4 4 3 4 4 2 2 2 2 3 3 2 2 2 2 2 1 
0 0 0 249 249 249 290 331 387 463 567 443 604 818 982 1195 1547 1908 2302 2927 3708 4521 5670 6913 8273 9981 11953 13990 16138 18583 21073 23562 26052 28520 30830 32962 34957 36389 37592 38544 39025 38888 38519 37767 36588 35428 33789 32070 30302 28496 26477 24432 22460 20421 18554 16692 14891 13265 11758 10423 9184 8077 7054 6194 5376 4643 4051 3504 3006 2580 2210 1848 1593 1368 1153 977 829 703 588 491 419 357 301 250 220 180 161 126 109 89 72 62 46 45 33 32 24 21 18 19 19 14 13 11 11 10 8 4 2 2 1 1 1 1 1 1 
0 0 0 249 249 249 297 350 396 465 592 502 700 993 1200 1512 1951 2424 3038 3894 4931 6074 7486 9084 10923 13037 15129 17433 19993 22630 25191 27704 30143 32522 34917 36848 38242 39417 40397 40846 40795 40312 39356 38151 36701 34854 32761 30826 28734 26411 24212 22040 19896 17941 16075 14232 12591 11208 9898 8630 7611 6615 5772 4979 4287 3686 3148 2719 2292 2010 1693 1421 1229 1044 877 750 638 502 431 370 294 246 204 171 146 121 108 93 74 63 52 38 30 27 23 18 18 18 14 12 8 5 4 5 5 4 3 3 3 2 2 
0 0 0 250 250 250 311 359 423 514 621 563 785 1154 1352 1639 2071 2559 3234 4076 5013 5976 7391 9048 10877 12908 15119 17388 19840 22462 25077 27440 29846 32284 34205 35933 37366 38683 39362 39923 39902 39306 38532 37459 36155 34236 32443 30368 28254 26084 24148 22025 19939 18083 16190 14457 12832 11428 10001 8843 7733 6698 5835 5080 4384 3755 3171 2681 2287 1959 1646 1369 1188 1002 862 716 594 495 410 361 282 231 192 166 145 120 103 80 71 62 52 39 33 26 23 21 15 12 8 6 6 4 3 2 2 2 2 2 1 1 1 
0 0 0 250 250 250 323 372 422 558 702 618 925 1303 1594 2046 2664 3480 4385 5516 6973 8587 10492 12521 14695 16939 19508 22209 24698 27243 29763 32228 34614 36632 38233 39370 40163 40460 40462 40103 39252 38012 36532 34812 33017 31009 28778 26473 24191 22085 19941 17934 15990 14285 12634 11187 9829 8634 7600 6648 5751 4995 4388 3780 3289 2804 2403 2087 1789 1518 1320 1129 941 813 706 613 545 468 387 336 301 257 224 189 155 144 128 97 80 66 48 39 30 26 20 17 13 11 9 6 5 3 2 2 
0 0 0 250 250 250 304 361 420 530 683 644 1024 1462 1871 2412 3183 4023 4963 6107 7525 9073 10903 13047 15193 17559 20178 22839 25559 28141 30641 33026 35295 37272 38894 39998 40628 41017 40905 40295 39386 38064 36368 34674 32784 30719 28546 26379 24117 21962 19951 17942 15910 14151 12587 11058 9772 8562 7449 6477 5621 4854 4202 3611 3044 2624 2269 1958 1709 1430 1203 1035 873 731 609 498 399 336 287 236 195 162 136 124 109 91 82 76 62 56 48 38 32 27 22 17 14 9 7 7 6 5 3 3 3 3 2 1 1 1 1 1 
0 0 0 249 249 249 306 344 393 469 589 462 624 916 1106 1467 1926 2420 2985 3792 4863 6134 7666 9339 11203 13321 15740 18237 20784 23349 25947 28490 31025 33496 35577 37460 38957 40041 40745 41062 40855 40153 39205 37825 36235 34464 32359 30254 28145 25907 23676 21528 19387 17387 15634 13824 12183 10799 9444 8245 7199 6160 5313 4625 3979 3376 2915 2537 2191 1919 1648 1394 1170 999 862 709 602 516 434 378 317 275 239 201 163 133 116 105 89 74 61 54 47 36 31 26 27 25 21 17 17 14 14 11 7 5 5 3 1 1 
0 0 0 250 250 250 307 368 418 548 751 756 1077 1484 1882 2410 3182 4080 5036 6283 7713 9294 11159 13412 15670 18128 20846 23576 26369 29285 31965 34237 36351 38097 39552 40620 41163 41200 41001 40434 39399 38013 36353 34450 32330 30128 27827 25485 23297 21261 19067 17084 15302 13587 12050 10663 9348 8122 7147 6182 5374 4697 4007 3406 2959 2535 2161 1842 1594 1329 1128 990 834 718 620 517 419 364 305 241 201 172 147 123 101 85 73 60 50 38 35 37 29 19 21 19 17 14 12 7 7 6 3 3 2 2 2 2 1 2 2 2 2 2 1 1 1 
0 0 0 250 250 250 322 380 424 501 699 657 1000 1410 1761 2331 3028 3927 4862 6126 7570 9152 11159 13264 15534 17876 20591 23274 25862 28747 31514 34063 36413 38623 40163 41248 42091 42217 41900 41221 40096 38583 36902 35015 32867 30662 28370 26093 23886 21611 19497 17549 15734 13982 12314 10731 9381 8250 7158 6185 5300 4568 3931 3429 2953 2540 2182 1852 1593 1375 1162 986 837 681 567 494 402 325 267 216 171 140 117 91 73 56 48 36 30 21 16 14 13 12 8 6 3 3 2 1 1 
0 0 0 250 250 250 298 361 409 541 767 762 1129 1709 2144 2795 3568 4466 5533 6834 8270 9896 11900 14195 16592 19113 21658 24398 27122 29710 32330 34526 36562 38203 39479 40339 40825 40797 40257 39452 38268 36885 35352 33392 31206 29126 26925 24711 22542 20443 18314 16463 14805 13090 11646 10226 8947 7832 6869 5945 5164 4498 3816 3272 2848 2408 2046 1777 1493 1281 1104 949 791 664 571 457 374 307 266 216 187 177 154 131 120 102 87 72 72 59 52 53 44 41 34 35 25 20 19 13 13 9 9 6 5 5 2 3 2 1 1 1 1 1 1 
0 0 0 250 250 250 310 375 436 569 696 636 872 1305 1601 2079 2794 3590 4637 5907 7462 9023 10966 13209 15558 18124 20780 23488 26185 29092 31657 34049 35999 37724 39183 40220 40809 40782 40688 39899 38991 37692 35960 34087 32001 29943 27586 25391 23170 20990 18918 16991 15192 13401 11911 10502 9188 8046 7048 6041 5202 4492 3831 3271 2820 2383 2074 1788 1538 1299 1106 936 793 671 524 449 366 307 261 216 193 163 141 113 101 90 70 65 53 47 40 31 25 19 16 11 9 5 3 3 1 1 2 2 1 2 2 3 3 3 2 2 2 1 1 
0 0 0 250 250 250 306 361 403 645 959 994 1380 2044 2509 3262 4271 5231 6332 7936 9636 11320 13464 15699 18076 20528 23078 25631 28038 30529 32919 34966 36772 38327 39339 39984 40196 39959 39373 38643 37355 35762 34046 32053 30148 28093 25962 23628 21504 19509 17725 15945 14221 12615 11068 9757 8534 7472 6483 5542 4814 4172 3627 3134 2697 2289 1911 1647 1399 1179 1009 843 723 622 544 460 383 332 277 238 216 181 158 148 131 109 98 87 70 60 56 45 41 40 31 25 23 21 16 14 12 7 7 9 8 5 5 4 4 4 3 1 1 1 1 
0 0 0 250 250 250 332 409 484 610 898 938 1439 1992 2484 3257 4289 5353 6513 7999 9447 11200 13248 15373 17470 19950 22615 25036 27608 30197 32473 34477 36441 37836 38678 39398 39733 39563 39102 38325 37030 35664 34127 32245 30278 28190 26034 23981 22006 19904 17999 16256 14547 12910 11595 10205 8917 7919 6941 6083 5267 4586 3902 3362 2960 2547 2163 1839 1583 1360 1150 1008 854 722 612 523 442 372 320 257 210 167 135 121 97 75 59 50 48 38 31 25 22 18 15 10 6 5 4 3 3 3 2 2 1 1 
0 0 0 250 250 250 312 357 390 467 600 567 847 1251 1556 2013 2749 3573 4483 5546 6764 8085 9712 11529 13390 15516 17960 20453 23075 25641 28192 30908 33255 35356 37047 38516 39496 40198 40331 39974 39592 38688 37501 36063 34334 32368 30460 28380 26060 23847 21703 19512 17548 15786 14205 12529 11117 9831 8609 7546 6585 5745 4908 4254 3631 3143 2705 2309 1996 1674 1410 1218 1047 875 735 624 536 460 397 350 299 254 217 185 148 125 104 79 65 51 46 36 29 30 26 24 21 16 11 10 9 4 4 2 1 
0 0 0 250 250 250 321 369 409 572 816 838 1138 1550 1928 2469 3234 3958 4880 6040 7417 8896 10681 12678 14798 17235 19719 22291 24856 27444 29927 32282 34452 36284 37733 38785 39566 39973 39952 39479 38689 37475 36100 34448 32565 30444 28309 26232 24103 22075 19965 18054 16173 14579 12986 11475 10031 8782 7741 6725 5889 5098 4448 3870 3369 2914 2536 2184 1868 1580 1353 1114 939 778 635 538 458 387 317 271 233 198 153 136 117 103 86 73 61 51 47 37 31 24 21 17 12 8 6 5 3 4 3 3 4 4 4 4 4 3 3 3 2 2 1 1 1 1 1 1 
0 0 0 250 250 250 316 371 422 539 681 612 865 1201 1402 1881 2489 3124 3989 5098 6382 7865 9633 11395 13524 15965 18387 20774 23307 25992 28608 31193 33440 35370 37196 38688 39748 40241 40448 40162 39546 38595 37197 35652 33939 31977 29842 27707 25517 23367 21337 19244 17242 15445 13731 12223 10822 9532 8302 7252 6287 5426 4767 4092 3514 2980 2569 2228 1897 1619 1361 1157 981 837 699 597 513 440 373 313 254 212 177 144 116 98 78 71 60 50 41 38 31 26 21 15 11 10 6 4 4 2 2 2 2 2 2 3 3 2 2 2 2 1 1 
0 0 0 249 249 249 303 355 401 526 701 731 1102 1560 1948 2595 3364 4230 5194 6392 7719 9333 11228 13272 15593 17953 20591 23083 25876 28467 30985 33395 35397 37232 38728 40059 40738 41065 41099 40451 39740 38591 36936 35062 32988 30915 28426 26302 23935 21725 19780 17797 15956 14124 12689 11090 9774 8566 7438 6506 5621 4850 4177 3643 3107 2677 2293 1909 1660 1440 1215 1030 888 753 633 541 449 378 332 289 233 190 165 136 118 106 92 75 68 62 49 44 36 25 20 20 18 15 13 13 10 10 8 6 5 3 2 1 1 1 1 
0 0 0 250 250 250 324 382 421 566 924 1009 1393 1948 2517 3205 4142 5231 6339 7819 9635 11607 13826 16326 18814 21546 24259 26985 29552 32119 34479 36524 38494 39895 40993 41579 41775 41412 40723 39619 38160 36386 34499 32357 30152 27897 25636 23422 21179 19117 17043 15233 13513 11952 10534 9231 8072 7049 6124 5325 4587 3950 3331 2863 2462 2093 1821 1554 1353 1156 976 845 714 613 523 449 365 306 276 214 183 154 135 105 97 82 61 56 48 41 32 28 24 17 14 10 8 7 6 5 5 5 4 4 4 3 3 4 1 1 1 1 1 1 1 
