0 0 0 0 248 248 248 248 258 339 444 540 368 431 569 850 1305 1822 2347 2834 3492 4512 5825 7360 8959 10533 12315 14524 17001 19521 22094 24536 26906 29552 32235 34919 37566 39593 41257 42739 43944 44851 45188 44891 44209 43258 42040 40432 38621 36581 34340 32122 29685 27394 25161 23068 20956 18957 17176 15393 13889 12458 11202 10058 8995 8008 7094 6341 5611 4984 4475 3901 3464 3076 2699 2405 2114 1827 1572 1400 1223 1078 947 832 729 649 569 504 445 384 331 285 245 215 181 159 130 113 95 76 64 51 43 35 29 26 22 20 18 15 11 10 10 10 7 6 5 4 4 3 2 1 1 1 1 1 
0 0 0 0 250 250 250 250 288 414 590 753 651 877 1257 1835 2484 3150 3840 4677 5891 7435 9177 11061 12829 14916 17148 19830 22640 25386 27885 30417 32992 35506 37979 39945 41628 42746 43905 44403 44774 44475 43754 42736 41306 39683 37697 35712 33648 31508 29244 26959 24652 22661 20702 18832 16898 15209 13679 12300 11070 9825 8707 7754 6892 6111 5433 4841 4283 3822 3404 2964 2655 2355 2085 1836 1613 1410 1253 1121 969 849 767 671 587 515 455 402 369 326 280 243 218 207 179 149 131 107 94 89 79 63 58 54 47 43 35 30 26 26 20 16 14 12 11 10 10 9 11 13 10 11 11 11 11 9 8 5 5 4 3 2 1 1 
0 0 0 0 250 250 250 250 263 343 460 557 384 447 595 827 1210 1612 2110 2854 3877 5078 6377 7740 9191 10925 12897 15142 17422 19880 22429 25046 27829 30618 33284 35673 37938 39845 41408 42871 43800 44380 44410 44091 43356 42437 41211 39544 37685 35609 33442 31281 29007 26739 24618 22462 20505 18432 16653 15039 13543 12148 10823 9647 8530 7653 6842 6069 5405 4821 4281 3845 3438 3034 2665 2310 2027 1783 1609 1393 1225 1076 955 837 735 644 569 505 447 393 348 307 273 249 211 187 160 137 114 102 93 75 61 53 49 47 44 42 43 37 37 36 34 34 29 26 20 19 15 14 14 11 12 11 12 11 11 10 7 5 4 3 2 6 6 7 7 7 6 6 6 4 
0 0 0 0 249 249 249 249 268 353 459 549 389 464 641 943 1327 1734 2235 2903 3769 4741 5882 7154 8628 10353 12139 14088 16383 18908 21516 24137 26899 29559 32367 35175 37403 39599 41403 43060 44238 44954 45193 44812 44278 43192 41947 40355 38291 36271 34090 31947 29711 27482 25249 22985 21043 19124 17369 15605 14044 12640 11229 10015 8938 7973 7079 6335 5631 4882 4363 3890 3428 3038 2660 2341 2044 1821 1626 1440 1272 1125 993 903 804 741 647 567 504 436 390 338 304 263 221 195 177 152 129 120 110 92 91 80 67 63 63 51 46 45 40 34 32 26 17 18 15 13 11 11 9 8 7 6 5 6 2 2 2 2 2 1 1 
0 0 0 0 249 249 249 249 259 349 440 523 361 462 698 1020 1402 1762 2222 2914 3961 5167 6480 7833 9253 10984 13020 15243 17562 19773 21993 24667 27554 30495 33121 35634 37789 40003 41895 43088 43891 44121 44259 43859 43099 41864 40614 38962 37061 35110 32924 30740 28616 26542 24263 22212 20256 18337 16610 15043 13543 12165 10847 9755 8778 7846 7010 6235 5550 4965 4492 3970 3472 3137 2801 2520 2242 1966 1724 1522 1333 1160 1009 879 800 732 634 563 503 456 420 357 316 272 243 215 199 165 147 135 113 97 81 75 63 56 51 42 41 34 33 28 27 26 19 18 13 13 11 10 8 8 8 8 9 9 9 10 9 8 6 6 5 4 4 3 1 1 1 
0 0 0 0 250 250 250 250 244 316 403 485 307 382 558 869 1246 1646 2049 2598 3396 4521 5747 7086 8477 10104 12140 14366 16779 19175 21695 24337 27054 29680 32304 34996 37331 39358 41101 42400 43636 44478 44713 44245 43705 42743 41481 40223 38306 36230 34139 32067 29684 27495 25350 23052 21055 19139 17211 15481 13987 12585 11185 9985 8857 7905 7073 6261 5588 4945 4429 3896 3433 2992 2655 2349 2044 1805 1604 1406 1240 1108 989 902 782 690 603 539 473 414 368 316 297 267 224 199 171 146 124 106 88 71 66 59 54 42 38 32 29 30 26 24 22 23 19 20 18 16 13 10 9 9 8 6 7 5 5 5 2 1 1 1 
0 0 0 0 250 250 250 250 268 326 413 485 298 348 469 753 1162 1561 1924 2289 2790 3529 4657 5828 7036 8249 9746 11722 14137 16768 19194 21643 24295 27163 30314 33148 35607 37712 39672 41506 42787 44071 44587 44751 44645 43995 43103 41692 40274 38396 36430 34371 31972 29727 27457 25451 23278 21169 19008 17093 15455 14014 12578 11155 9989 8873 7924 7054 6280 5519 4890 4311 3812 3360 3033 2633 2295 2009 1803 1633 1436 1269 1088 980 864 770 668 574 495 437 389 340 302 260 224 210 182 166 153 138 114 103 91 71 66 55 42 32 31 24 19 16 14 12 11 11 7 9 8 8 7 6 5 3 4 3 3 2 2 2 2 2 1 
0 0 0 0 250 250 250 250 258 333 432 537 367 435 550 778 1115 1459 1736 1994 2326 2899 3749 4757 5756 6795 8130 9812 11820 14073 16337 18585 21110 23792 26580 29348 32181 34683 37029 39069 40813 42411 43637 44346 44662 44358 43722 42880 41725 40308 38473 36472 34212 32129 29986 27773 25539 23225 21116 19290 17525 15814 14199 12768 11407 10300 9212 8228 7316 6493 5806 5138 4595 4076 3661 3268 2903 2559 2224 1946 1710 1541 1354 1172 1031 886 800 722 639 538 475 419 368 335 297 260 238 210 187 168 157 148 124 106 90 87 82 76 69 59 58 57 54 43 40 33 23 24 23 19 13 14 11 10 9 7 5 5 7 5 4 5 5 5 5 5 5 4 4 3 3 3 
0 0 0 0 249 249 249 249 252 317 399 470 301 388 529 755 1023 1372 1784 2239 2865 3674 4735 5937 7295 8790 10486 12375 14560 16830 19203 21691 24372 27065 29689 32360 34986 37460 39647 41473 42834 43835 44786 45124 44915 44223 43145 41914 40462 38754 36493 34403 32185 29960 27799 25565 23293 21191 19294 17440 15721 14146 12662 11315 10080 8966 7935 7037 6237 5584 4957 4339 3844 3414 3048 2675 2374 2041 1795 1591 1400 1244 1100 998 873 769 689 605 536 475 406 347 305 274 236 206 170 145 126 112 106 95 81 66 62 55 49 45 37 28 24 26 29 28 27 22 22 21 25 22 18 15 15 13 9 7 3 3 2 2 1 
0 0 0 0 250 250 250 250 272 368 487 595 444 564 811 1214 1742 2299 2917 3708 4696 5957 7292 8814 10542 12351 14491 16750 19247 21870 24638 27382 29870 32659 35034 37663 39808 41589 43076 44007 44833 45126 44963 44052 43030 41615 39822 38042 35967 33655 31437 29185 26912 24635 22704 20617 18756 17024 15320 13904 12523 11243 10036 9027 8050 7158 6379 5667 4984 4466 3999 3556 3105 2741 2432 2112 1915 1701 1507 1312 1168 1051 919 837 712 625 545 475 412 358 318 278 254 234 201 169 159 146 129 113 96 76 72 63 65 62 55 47 43 38 35 33 24 21 18 17 16 14 10 9 6 5 5 5 3 3 3 2 1 1 
0 0 0 0 250 250 250 250 252 329 430 525 351 420 575 848 1280 1686 2137 2727 3520 4566 5817 7261 8750 10434 12435 14766 17195 19666 22154 24662 27500 30510 33158 35588 38000 40104 42145 43769 44917 45256 45481 45236 44416 43442 41952 40137 38116 36019 33845 31731 29432 27210 24940 22747 20719 18780 16850 15051 13423 11995 10731 9623 8496 7615 6763 5974 5308 4651 4097 3610 3224 2807 2504 2199 1989 1752 1566 1396 1255 1123 993 902 771 702 622 553 475 413 356 314 290 250 222 187 175 153 139 125 107 93 79 76 62 60 53 48 43 38 36 32 25 21 22 17 13 13 10 9 9 6 3 3 3 2 1 
0 0 0 0 250 250 250 250 269 345 430 511 321 383 510 800 1190 1621 2123 2570 3115 3931 4997 6318 7658 9189 10932 12989 15392 17890 20454 22882 25663 28400 30991 33661 36134 38146 40040 41862 43135 44022 44612 44533 43993 43423 42349 40740 38975 37056 34931 32831 30644 28385 26246 24243 22168 20178 18330 16607 15068 13630 12223 10929 9805 8763 7802 6934 6178 5462 4870 4384 3897 3458 3072 2735 2414 2137 1871 1615 1428 1297 1151 1012 893 800 719 637 569 510 461 423 381 326 296 249 216 178 157 127 110 102 90 81 65 58 47 40 36 32 21 18 17 16 16 12 11 9 8 6 6 7 6 6 5 4 5 5 4 2 1 1 1 1 
0 0 0 0 249 249 249 249 261 336 456 561 381 456 622 921 1305 1606 1874 2228 2794 3629 4729 5703 6823 8341 10174 12405 14650 16855 18979 21575 24418 27389 30138 32416 34854 37160 39558 41604 43119 43913 44445 44852 44831 44372 43413 41903 40071 38306 36352 34229 31928 29618 27083 24838 22742 20690 18706 16956 15268 13701 12367 11099 9888 8785 7841 6920 6104 5419 4851 4283 3805 3366 2940 2581 2281 1984 1761 1548 1375 1235 1090 948 842 754 665 581 512 434 385 347 314 268 238 215 196 175 153 130 109 99 84 72 62 57 53 49 38 30 26 23 18 11 8 8 7 7 5 3 3 3 3 2 1 1 1 1 1 2 2 1 1 1 1 1 1 
0 0 0 0 250 250 250 250 271 344 443 534 361 470 661 1008 1433 1841 2281 2901 3778 4882 6115 7399 8795 10619 12673 14935 17284 19832 22514 25390 28300 30992 33623 36055 38565 40637 42301 43502 44464 44940 45203 45055 44015 42816 41305 39627 37655 35693 33467 31035 28725 26443 24404 22370 20399 18434 16639 14994 13592 12232 10859 9683 8581 7622 6684 5891 5228 4627 4086 3575 3160 2786 2476 2232 1960 1722 1541 1375 1238 1116 1002 881 784 681 588 516 454 385 314 279 252 227 193 170 151 130 123 111 98 90 80 71 58 56 52 47 39 28 23 20 17 15 15 13 12 11 10 11 11 10 7 5 7 7 6 3 2 1 1 1 
0 0 0 0 250 250 250 250 256 341 439 528 362 437 596 902 1392 1967 2582 3251 4086 5225 6660 8269 9863 11461 13302 15519 18026 20546 22996 25459 28025 30716 33486 36003 38223 40035 41534 42705 43685 44282 44327 43895 43065 42045 40724 39188 37212 35100 32960 30820 28637 26357 24411 22298 20465 18714 16858 15166 13686 12423 11069 9917 8807 7807 6951 6229 5495 4832 4268 3816 3393 2999 2673 2332 2052 1814 1605 1406 1221 1072 919 838 729 649 556 488 423 379 334 283 258 201 190 162 143 121 112 95 76 71 52 47 49 44 40 33 31 25 22 17 9 7 4 4 2 2 2 2 2 1 1 1 1 2 2 2 1 1 1 1 1 1 1 1 1 1 2 2 3 3 
0 0 0 0 250 250 250 250 260 338 435 522 346 437 661 1057 1617 2128 2617 3204 4093 5358 6850 8304 9589 11178 12996 15280 17747 20203 22643 25246 27876 30585 33444 35889 38229 40082 41656 42852 43923 44441 44411 44051 43177 42188 40827 39273 37343 35446 33250 31043 28760 26447 24331 22307 20423 18490 16732 15060 13563 12171 10881 9705 8615 7663 6842 6049 5372 4796 4272 3787 3420 3021 2697 2387 2096 1855 1636 1434 1246 1090 929 836 733 655 584 512 465 403 363 333 305 273 240 213 182 161 142 118 94 84 74 60 58 51 39 37 36 31 27 24 19 14 15 13 19 17 15 16 18 22 20 21 13 14 14 12 8 4 4 3 3 3 2 2 2 2 2 3 3 2 
0 0 0 0 250 250 250 250 260 344 441 540 391 528 726 1028 1375 1794 2287 2921 3800 4806 6089 7682 9460 11356 13397 15743 18380 21174 23973 26825 29537 32101 34727 37145 39243 41243 42713 43701 44385 44760 44708 44352 43440 42072 40556 38672 36785 34811 32639 30388 28175 26006 23942 21937 19898 18050 16335 14711 13265 11914 10611 9522 8558 7597 6844 6060 5358 4776 4227 3754 3324 2914 2548 2248 1998 1735 1542 1347 1181 1061 926 833 728 635 542 463 411 353 326 281 252 213 191 176 154 127 100 79 68 64 57 51 40 38 31 26 21 22 20 14 13 11 12 13 13 10 7 6 5 4 4 4 4 3 2 2 2 2 1 1 1 1 1 
0 0 0 0 250 250 250 250 269 349 444 533 348 426 632 996 1450 1849 2229 2744 3447 4395 5398 6534 7679 9118 10791 12804 15084 17347 19674 22112 24667 27391 30237 33016 35413 37724 39915 41678 43261 44260 44862 44830 44505 43854 42748 41433 39676 37655 35464 33270 31101 28854 26685 24322 22194 20318 18451 16701 15057 13431 11993 10800 9679 8616 7636 6772 6033 5388 4829 4289 3796 3381 3026 2720 2394 2117 1832 1612 1410 1269 1117 997 869 755 675 605 542 471 421 357 310 279 244 213 188 160 130 114 104 89 75 64 57 44 37 31 26 25 25 25 15 12 11 11 10 7 5 3 2 2 
0 0 0 0 250 250 250 250 267 344 456 555 390 452 582 861 1252 1697 2139 2563 3159 4002 5072 6277 7501 8837 10359 12344 14633 17072 19360 21601 24080 26758 29604 32357 35002 37180 39266 41150 42751 43821 44481 44587 44081 43527 42587 41282 39634 37893 35816 33710 31511 29210 27088 24959 22808 20743 18746 17021 15467 13990 12499 11130 9991 8876 7960 7072 6265 5526 4928 4394 3871 3442 3065 2723 2404 2132 1905 1699 1505 1334 1179 1015 901 822 714 607 532 470 401 361 323 267 229 210 189 160 149 134 114 104 100 87 83 66 57 55 54 50 41 38 39 40 39 35 28 26 26 25 20 18 14 14 17 15 13 12 9 8 9 8 5 5 7 6 6 6 5 4 4 4 
0 0 0 0 250 250 250 250 268 343 441 513 319 388 548 889 1378 1882 2342 2795 3507 4504 5872 7273 8535 9828 11503 13651 16134 18761 21200 23549 26019 29093 32083 34935 37274 39174 40923 42509 43821 44598 44764 44604 43969 43155 41897 40375 38672 36598 34525 32244 30043 27778 25532 23485 21449 19506 17704 15942 14419 12897 11617 10320 9236 8209 7261 6477 5732 5157 4565 4083 3649 3233 2917 2584 2307 2013 1771 1546 1375 1225 1078 955 835 735 654 598 492 439 396 342 301 277 252 205 189 167 145 133 112 95 85 76 64 66 55 51 45 40 35 35 27 13 13 14 13 11 8 8 11 11 10 7 6 6 6 5 2 1 1 1 1 1 1 
0 0 0 0 250 250 250 250 259 350 454 553 374 434 579 920 1384 1923 2404 2988 3799 4815 5934 7092 8424 9779 11569 13563 15598 17958 20553 23244 26019 28793 31428 33901 36534 38650 40492 41863 42810 43675 44174 44222 43689 42826 41642 40460 38898 36976 34886 32811 30585 28484 26364 24116 22035 20053 18140 16256 14698 13276 11950 10715 9561 8472 7540 6812 6082 5329 4704 4174 3680 3286 2895 2552 2229 1975 1731 1537 1392 1235 1067 915 831 730 642 564 499 426 388 356 310 290 249 217 175 167 142 115 96 82 77 65 61 53 45 47 44 37 36 34 28 26 23 21 21 17 13 11 11 11 10 7 6 7 5 5 5 5 4 4 4 3 3 3 3 1 1 1 
0 0 0 0 249 249 249 249 265 328 445 547 374 456 653 1042 1556 2114 2612 3269 4188 5276 6575 7951 9419 11128 13045 15173 17514 20121 22787 25550 28284 30992 33542 36068 38527 40707 42399 43648 44423 44963 45193 44972 44187 42835 41432 39564 37687 35509 33360 31222 28824 26585 24303 22246 20226 18395 16562 14821 13382 12102 10841 9749 8787 7810 6978 6225 5533 4813 4296 3762 3359 2984 2668 2331 2036 1812 1605 1448 1268 1133 966 861 766 689 600 529 470 403 353 302 262 224 198 169 138 120 110 99 89 79 67 56 54 49 40 31 22 21 21 18 14 10 9 7 6 3 2 2 2 1 
0 0 0 0 249 249 249 249 270 352 484 595 424 567 883 1463 2112 2784 3420 4136 5191 6582 8215 9815 11453 13174 15200 17765 20418 22968 25319 27696 30224 32825 35518 37849 39791 41281 42623 43620 44205 44382 44011 43158 41870 40524 38830 37069 35123 32995 30708 28367 26213 24141 22198 20270 18406 16595 15077 13615 12237 10986 9757 8652 7691 6920 6084 5382 4796 4253 3775 3339 2951 2611 2325 2087 1882 1651 1470 1287 1154 1019 894 769 659 595 506 452 397 336 307 273 241 200 179 152 137 124 107 101 89 88 77 67 58 55 49 45 37 30 25 22 19 14 14 11 11 8 6 5 6 5 4 4 3 3 4 3 2 2 2 2 2 2 1 1 
0 0 0 0 250 250 250 250 261 325 420 514 322 391 519 812 1201 1553 1842 2176 2731 3497 4467 5463 6558 7879 9477 11489 13701 16142 18520 21132 23726 26460 29314 32039 34680 37061 39338 41313 42918 43934 44615 44906 44858 44333 43422 42154 40496 38834 36885 34799 32384 30013 27683 25358 23267 21208 19137 17209 15602 14113 12742 11371 10120 8993 8057 7137 6392 5648 4969 4432 3934 3507 3129 2803 2463 2181 1923 1695 1516 1333 1172 1045 916 825 769 668 584 515 448 420 370 317 269 242 224 197 186 154 139 125 115 107 91 87 67 60 56 47 42 37 34 29 25 25 20 20 17 15 13 11 10 7 7 6 5 3 1 1 1 
0 0 0 0 249 249 249 249 257 332 434 498 319 381 567 963 1477 1939 2369 2875 3659 4699 5988 7249 8562 10187 12115 14381 16916 19471 21993 24566 27349 30078 33018 35695 37931 39922 41630 43137 44176 44792 44796 44413 43663 42758 41441 39888 37903 35871 33769 31471 29303 26897 24565 22401 20453 18582 16804 15168 13612 12284 11028 9927 8891 7896 7024 6246 5582 4968 4429 3880 3423 2998 2655 2369 2095 1875 1639 1449 1293 1158 1016 887 788 721 649 572 508 454 409 353 296 250 225 205 168 150 122 113 107 91 85 79 73 60 55 47 36 38 37 31 28 26 25 24 24 20 16 17 15 12 8 8 10 8 7 6 3 3 3 3 1 
0 0 0 0 250 250 250 250 265 336 433 528 367 467 685 993 1318 1625 1924 2334 3027 3953 5181 6430 7840 9418 11318 13470 15824 18268 20657 23044 25632 28416 31383 34094 36325 38485 40113 41849 43209 44061 44374 44348 44026 43157 42266 40847 39190 37233 35109 32870 30661 28498 26310 24172 22130 20255 18338 16655 15037 13519 12115 10790 9609 8573 7658 6796 6053 5384 4802 4317 3802 3380 2975 2658 2365 2116 1854 1642 1452 1284 1164 1024 891 773 695 624 566 475 398 349 316 280 247 203 169 147 136 129 109 102 86 72 69 62 58 49 42 32 31 28 23 23 16 13 15 15 14 15 14 10 8 9 8 7 7 6 5 5 5 4 3 3 4 3 3 3 2 2 2 3 
0 0 0 0 250 250 250 250 258 334 423 517 360 445 642 965 1438 1949 2401 2833 3400 4271 5457 6791 8077 9276 10791 12812 15193 17900 20508 22854 25404 28454 31476 34514 37352 39444 41343 43043 44407 45349 45807 45496 44674 43692 42368 40929 39096 36841 34604 32373 30149 27954 25666 23452 21346 19520 17737 15977 14425 12887 11555 10350 9272 8178 7265 6451 5659 5052 4461 3975 3564 3167 2758 2457 2174 1909 1688 1482 1294 1153 1026 894 794 689 606 535 473 415 387 347 305 292 258 222 187 175 149 129 112 92 83 74 75 61 50 44 33 27 20 15 11 7 6 6 7 7 5 5 5 5 5 3 3 2 2 3 2 2 3 3 2 2 2 3 4 4 3 3 3 4 
0 0 0 0 250 250 250 250 258 329 415 513 341 416 576 855 1227 1721 2243 2746 3548 4614 5786 7085 8508 9910 11572 13628 15959 18472 21206 23869 26409 29229 32130 34829 37304 39320 40945 42440 43811 44660 44977 44794 44135 43179 42057 40557 38705 36709 34485 32238 30075 27815 25422 23260 21138 19178 17452 15808 14182 12790 11533 10357 9298 8296 7390 6570 5873 5155 4604 4077 3646 3201 2806 2437 2127 1908 1662 1478 1275 1130 985 890 780 712 615 551 483 417 372 322 293 262 226 199 166 147 139 122 103 99 93 84 74 67 59 55 48 36 33 26 28 24 18 13 16 15 13 12 8 8 6 7 4 4 3 2 2 1 1 
0 0 0 0 250 250 250 250 255 314 412 498 313 369 460 675 964 1310 1668 2085 2638 3353 4276 5315 6385 7727 9226 10946 12856 15064 17285 19897 22649 25296 28109 30890 33624 35974 38217 40063 41643 42930 43679 44024 44104 43804 43143 42004 40520 38858 37181 35165 32899 30738 28579 26570 24610 22504 20394 18513 16837 15283 13777 12284 11000 9879 8829 7952 7091 6262 5558 4932 4362 3861 3394 2990 2587 2313 2085 1853 1628 1437 1269 1131 1029 897 785 690 595 530 476 405 354 305 280 240 226 193 163 148 134 127 108 98 81 82 74 66 61 51 45 42 37 30 25 24 21 16 11 10 11 8 9 8 8 10 9 8 5 4 4 5 4 3 3 3 3 3 2 1 2 1 
0 0 0 0 249 249 249 249 273 361 442 540 363 441 589 850 1194 1539 1898 2308 2958 3724 4750 5935 7234 8815 10596 12494 14646 17019 19415 21909 24482 27057 29685 32311 34779 37158 39248 41155 42606 43636 44157 44426 44199 43471 42462 41103 39640 37798 35789 33838 31745 29546 27501 25205 23000 21017 19282 17328 15551 14003 12429 11183 10034 9037 8009 7143 6417 5718 5201 4624 4080 3596 3214 2899 2567 2303 1991 1774 1580 1388 1214 1074 956 831 745 640 572 514 467 416 360 321 279 256 227 204 174 153 137 121 105 96 87 82 75 75 59 60 61 51 45 41 31 26 28 21 14 13 9 8 8 6 3 2 2 2 2 1 1 1 1 1 
0 0 0 0 250 250 250 250 265 340 433 500 321 416 595 873 1223 1546 1917 2401 3037 3933 5102 6395 7860 9361 11163 13148 15335 17729 20216 22663 25184 27847 30423 33156 35679 37884 39739 41293 42578 43646 44190 44317 43933 43308 42328 41138 39543 37677 35676 33547 31443 29203 26885 24604 22579 20587 18747 16955 15292 13684 12316 11106 9972 8944 7939 7085 6252 5578 4984 4381 3826 3344 2969 2594 2301 1994 1769 1553 1360 1228 1091 967 851 755 669 589 520 443 393 329 300 262 228 206 178 150 111 103 90 77 59 50 47 43 40 34 26 23 22 20 14 9 8 8 6 5 5 3 3 4 5 4 4 3 2 2 2 1 1 1 1 1 1 1 1 1 
0 0 0 0 250 250 250 250 266 326 416 525 357 422 575 875 1334 1834 2284 2664 3251 4150 5365 6773 8179 9508 11119 13201 15620 18320 20839 23255 25732 28429 31432 34351 36861 38827 40754 42301 43569 44487 44836 44639 44033 43235 42078 40664 38975 36967 34697 32387 30205 27965 25693 23667 21656 19790 17963 16260 14665 13185 11809 10573 9441 8430 7586 6742 6016 5378 4804 4229 3751 3356 2962 2631 2315 2046 1827 1602 1433 1255 1114 994 865 771 675 618 526 470 415 373 335 300 255 216 197 170 147 121 96 77 69 62 58 48 39 35 30 27 24 24 20 16 17 16 15 14 10 8 7 7 7 6 5 5 7 7 6 5 4 5 5 4 2 1 1 1 1 
0 0 0 0 250 250 250 250 265 329 417 511 320 402 587 847 1186 1534 1906 2363 3031 3817 4913 6219 7763 9271 10941 12783 15031 17690 20202 22723 25205 27853 30692 33659 36299 38490 40415 41987 43221 44174 44690 44837 44325 43367 42329 41108 39652 37921 36008 33644 31413 29249 27008 24778 22535 20554 18505 16737 15109 13616 12181 10881 9741 8587 7621 6812 6048 5363 4741 4142 3654 3211 2881 2543 2266 2032 1786 1571 1409 1277 1132 1005 891 779 700 623 527 468 430 385 328 294 257 232 213 188 148 129 112 104 92 88 83 74 71 57 47 37 35 28 24 21 20 23 22 22 19 19 14 13 10 5 5 3 4 2 2 1 1 1 1 1 
0 0 0 0 249 249 249 249 255 320 409 484 294 355 536 775 1137 1553 1993 2593 3383 4368 5481 6841 8348 9910 11771 13672 15921 18354 20921 23579 26229 28919 31485 34142 36611 38856 40735 42259 43543 44320 44649 44638 44228 43404 42263 40797 39169 37356 35286 33132 30883 28644 26405 24307 22053 19914 18171 16353 14612 13110 11712 10398 9194 8258 7320 6537 5807 5129 4532 3967 3578 3110 2773 2403 2080 1801 1587 1429 1234 1097 939 830 729 645 555 480 428 372 329 298 255 227 218 191 157 132 111 98 87 77 64 61 59 59 58 50 44 38 34 30 34 32 30 27 31 26 24 20 13 13 10 10 6 7 6 6 6 4 5 6 10 9 9 10 10 10 10 10 6 7 
0 0 0 0 250 250 250 250 256 326 432 527 344 445 675 1170 1657 2109 2551 3116 4066 5369 6759 8005 9409 10969 13055 15413 17795 20093 22389 25005 27721 30605 33232 35676 37662 39616 41338 42633 43686 44133 44180 43745 43183 42197 40801 39196 37337 35324 33353 31338 29137 26792 24680 22587 20587 18753 16907 15170 13622 12310 11023 9819 8708 7747 6884 6130 5471 4840 4283 3792 3348 2969 2579 2254 1975 1753 1553 1364 1245 1073 942 836 740 656 576 511 426 382 339 299 260 219 204 177 159 138 114 99 94 90 75 76 64 56 58 55 51 44 35 28 27 26 22 20 15 15 18 17 16 15 13 13 12 9 5 4 2 2 1 1 1 1 
0 0 0 0 250 250 250 250 263 335 440 541 396 498 679 955 1235 1556 1936 2529 3256 4188 5138 6186 7369 8916 10860 12898 15118 17450 19921 22645 25568 28280 30842 33417 35832 38129 40207 41972 43215 44173 44591 44600 44302 43530 42399 40743 38998 37106 35189 33037 30943 28660 26447 24463 22446 20535 18635 16927 15222 13665 12328 11041 9811 8765 7797 6991 6212 5583 4992 4394 3955 3515 3149 2746 2414 2105 1815 1618 1433 1257 1106 958 853 762 685 609 533 465 394 356 314 266 228 196 171 151 139 118 100 85 75 64 59 53 44 37 32 30 29 28 23 20 16 15 12 9 8 7 7 6 5 3 3 2 2 2 1 1 1 2 2 2 1 1 1 1 1 
0 0 0 0 250 250 250 250 256 327 427 504 361 503 785 1143 1616 2116 2625 3318 4213 5288 6441 7795 9239 11034 13055 15223 17535 19830 22461 25098 27858 30475 33151 35673 37889 40071 41779 43109 44095 44661 44589 44368 43814 42638 41073 39353 37365 35313 33170 30874 28475 26187 24189 22132 20230 18381 16650 14938 13414 12100 10836 9743 8620 7650 6791 6024 5371 4763 4209 3638 3223 2849 2496 2224 1973 1725 1487 1332 1195 1053 930 816 715 631 567 512 454 396 354 317 276 241 207 178 156 137 124 109 100 94 83 71 60 52 44 39 40 33 30 29 26 24 22 18 14 14 14 11 9 7 6 8 6 6 5 5 5 6 6 5 5 4 4 4 4 4 3 2 1 1 
0 0 0 0 250 250 250 250 271 353 449 534 379 557 925 1458 1937 2389 2862 3522 4571 5827 7057 8307 9698 11489 13567 16010 18318 20547 22936 25604 28502 31387 34174 36420 38522 40708 42426 43915 44742 44929 44779 44438 43640 42272 40742 38783 36901 34798 32534 30385 28073 25942 23867 21780 19856 18026 16364 14673 13226 11879 10634 9459 8401 7522 6652 5849 5164 4527 3990 3533 3111 2700 2393 2125 1893 1689 1509 1338 1201 1078 960 876 774 688 615 554 481 419 362 305 276 254 218 178 144 139 124 114 97 80 76 68 60 53 48 43 40 36 30 30 30 24 23 21 19 19 17 13 10 9 9 8 7 5 4 3 3 2 1 1 
0 0 0 0 250 250 250 250 265 329 420 478 307 417 642 958 1417 1837 2325 3033 3894 5003 6220 7507 9011 10761 12732 14899 17247 19760 22371 25137 27857 30571 33319 35950 38388 40443 42177 43378 44350 44871 44893 44327 43415 42194 40766 39315 37409 35304 33109 30939 28742 26638 24491 22304 20344 18522 16770 15219 13729 12299 11030 9830 8769 7833 7024 6253 5546 4926 4364 3912 3479 3084 2683 2379 2131 1904 1653 1464 1259 1121 1013 911 798 684 625 552 493 426 367 319 281 251 231 203 181 168 154 140 118 109 92 79 64 53 48 42 44 36 32 28 28 25 20 18 11 10 10 8 6 5 6 7 6 6 5 4 5 5 3 2 3 3 4 4 2 2 3 3 3 2 
0 0 0 0 250 250 250 250 269 362 470 558 403 512 786 1205 1646 2131 2636 3302 4139 5215 6387 7613 9047 10700 12640 14781 17162 19728 22489 25234 28042 30759 33463 36067 38465 40543 42090 43442 44494 45245 45289 44967 44178 42925 41512 39816 37719 35436 33241 30915 28681 26393 24176 21936 19867 17934 16348 14778 13214 11969 10638 9472 8497 7596 6657 5993 5308 4691 4177 3693 3306 2952 2664 2374 2132 1871 1636 1478 1327 1159 1016 891 791 709 640 552 478 417 362 313 256 226 200 171 159 146 127 113 111 94 81 77 68 63 57 53 45 37 37 31 25 20 20 17 15 16 13 11 11 7 4 4 4 3 3 2 1 1 1 1 
0 0 0 0 250 250 250 250 268 356 491 598 418 526 808 1316 1866 2310 2748 3364 4315 5515 6797 8042 9506 11329 13421 15799 18329 20794 23507 26108 28732 31460 34095 36550 38668 40520 41975 43315 44142 44583 44639 44208 43445 42318 40885 39171 37362 35171 32758 30393 27977 25828 23551 21407 19355 17458 15875 14356 12907 11538 10366 9206 8224 7358 6506 5733 5080 4489 3964 3523 3105 2697 2368 2106 1865 1636 1420 1258 1110 985 867 756 669 590 542 474 426 381 328 283 249 230 206 183 160 134 114 106 95 78 70 62 55 52 45 38 32 29 23 17 16 16 14 14 14 13 12 10 7 6 7 8 8 6 5 5 5 4 3 1 
0 0 0 0 250 250 250 250 270 329 416 504 348 532 779 1106 1419 1792 2246 2920 3850 4813 5803 7029 8477 10146 12290 14428 16600 19008 21629 24365 27315 30336 32941 35320 37554 39653 41577 43110 44172 44633 44847 44686 44066 43122 41701 40078 38263 36157 33656 31329 29230 27132 25084 22969 20828 18856 17173 15569 13980 12488 11217 9932 8845 7957 7090 6395 5700 5031 4446 3975 3582 3181 2802 2451 2118 1872 1655 1471 1284 1103 1003 900 801 709 627 569 503 445 398 351 315 279 237 200 171 144 129 109 91 79 69 59 53 49 37 35 31 32 32 30 27 20 21 19 20 16 13 11 9 9 8 7 5 4 1 1 1 1 2 2 2 2 2 2 2 2 1 
0 0 0 0 250 250 250 250 260 344 440 532 353 426 565 776 1027 1242 1482 1882 2599 3602 4696 5721 6776 8057 9958 12166 14450 16643 18721 21070 23763 26792 29676 32332 34671 36800 39150 41398 43112 44371 44916 45078 44959 44604 43661 42332 40739 38721 36701 34483 32205 29907 27711 25404 23209 21200 19200 17318 15584 14024 12611 11322 10131 8999 7957 7106 6373 5652 4984 4408 3947 3464 3028 2684 2351 2100 1883 1685 1485 1296 1147 1016 919 815 708 606 541 496 452 411 355 317 277 249 219 192 166 141 118 105 103 96 81 69 56 44 42 37 33 27 24 24 22 20 19 20 17 15 14 12 11 10 9 5 6 6 5 6 5 5 3 2 1 2 2 1 1 1 1 1 
0 0 0 0 249 249 249 249 253 321 420 499 311 400 653 1088 1613 2071 2486 3049 3921 5155 6492 7771 9062 10746 12698 15039 17534 19910 22336 24999 27871 30746 33417 35873 38061 39941 41569 42903 43797 44112 44362 44193 43420 42605 41212 39568 37717 35893 33771 31509 29362 27046 24979 22871 20869 18876 17073 15307 13783 12382 11025 9819 8727 7720 6891 6159 5447 4808 4239 3778 3348 2990 2633 2339 2073 1816 1606 1396 1259 1102 990 860 749 671 593 515 436 386 324 296 284 239 208 190 165 159 147 131 106 94 79 65 60 50 39 31 24 20 20 18 15 10 7 4 5 4 4 3 2 2 3 3 2 1 1 1 1 1 
0 0 0 0 250 250 250 250 258 349 459 551 408 578 882 1257 1689 2122 2761 3466 4417 5475 6576 7874 9380 11216 13257 15439 17762 20260 22937 25725 28583 31220 33741 36210 38588 40625 42294 43503 44188 44641 44612 44291 43519 42446 40899 39196 37235 35064 32954 30694 28351 26008 23893 21797 19928 18110 16419 14804 13371 12036 10832 9721 8697 7817 6913 6157 5444 4838 4277 3797 3339 2955 2587 2277 1998 1789 1562 1384 1226 1074 966 838 754 643 564 493 433 391 323 288 246 212 191 169 140 113 105 94 80 66 57 44 44 39 33 28 26 20 17 17 14 13 10 8 7 7 6 5 4 2 3 3 1 1 1 1 1 1 1 1 1 1 1 1 1 1 
0 0 0 0 250 250 250 250 266 338 438 535 407 611 944 1405 1852 2307 2786 3574 4789 6180 7606 8937 10508 12510 14874 17462 19866 22110 24635 27448 30428 33049 35547 37579 39512 41346 42858 43938 44501 44756 44476 43862 42921 41707 40048 38147 36133 33982 31774 29432 27075 24769 22599 20594 18653 16758 15097 13548 12155 10860 9693 8688 7711 6859 6079 5391 4821 4328 3810 3413 2984 2648 2377 2132 1853 1617 1407 1238 1118 1001 850 736 669 619 554 499 430 385 348 302 262 226 194 166 134 109 94 81 68 55 54 44 46 39 37 35 33 30 24 18 12 12 9 11 8 6 6 5 5 4 3 1 1 1 2 2 2 1 1 1 2 2 1 1 
0 0 0 0 250 250 250 250 251 313 404 488 321 408 633 1033 1509 1981 2435 2933 3723 4961 6322 7667 9137 10650 12456 14820 17435 19980 22467 25000 27683 30536 33449 36048 38140 39959 41474 43008 44005 44555 44744 44342 43647 42583 41309 39546 37768 35730 33518 31142 28873 26596 24345 22300 20266 18430 16687 15168 13644 12295 11103 9928 8815 7867 7058 6275 5621 4992 4397 3897 3462 3066 2675 2337 2026 1813 1564 1412 1270 1104 984 848 754 669 581 504 436 378 327 300 259 229 200 171 153 129 112 95 80 70 59 49 43 39 36 32 26 18 17 15 15 13 12 10 9 9 6 8 8 9 10 10 9 7 8 6 4 4 2 2 2 2 1 1 1 
0 0 0 0 249 249 249 249 266 342 459 554 395 477 620 871 1220 1543 1938 2298 2918 3773 4852 5931 7029 8463 10269 12384 14606 16836 19093 21632 24414 27217 29811 32208 34750 37054 39154 40961 42326 43380 44071 44387 44017 43434 42433 41152 39604 37741 35686 33654 31610 29352 27208 25037 22993 21037 19109 17364 15647 14158 12772 11471 10308 9195 8314 7367 6510 5812 5108 4560 4027 3583 3120 2774 2463 2182 1923 1684 1465 1251 1082 943 826 705 660 560 500 441 386 337 295 261 217 194 167 159 145 131 117 101 92 86 85 72 65 56 50 48 37 35 29 25 20 16 13 12 12 9 9 9 8 8 8 6 5 5 3 1 2 2 1 1 1 1 1 1 
0 0 0 0 250 250 250 250 265 344 459 563 432 598 944 1398 1863 2343 2936 3830 5073 6449 7771 9173 10776 12832 15177 17562 19825 22064 24716 27474 30320 32900 35263 37406 39334 41142 42545 43628 44220 44301 44039 43352 42405 41092 39374 37623 35676 33626 31524 29396 27190 25044 23009 20926 18972 17290 15462 13848 12423 11120 9968 8874 7896 7004 6254 5542 4936 4340 3814 3361 2982 2644 2342 2069 1816 1608 1433 1255 1080 936 831 724 636 556 477 415 384 337 298 255 220 200 169 154 135 116 98 91 82 70 63 57 49 44 42 45 37 29 29 26 25 24 22 16 16 17 15 11 8 7 7 9 8 7 6 6 6 6 4 2 1 1 
0 0 0 0 250 250 250 250 252 309 405 499 350 442 595 797 1056 1382 1841 2456 3256 4117 5070 6073 7418 8994 10691 12596 14618 16959 19519 22242 24782 27499 30309 32943 35453 37586 39514 41218 42884 43909 44388 44453 44171 43722 42828 41599 39902 37967 35968 33929 31796 29498 27247 24890 22723 20760 18790 16960 15298 13653 12202 11002 9788 8743 7775 6915 6060 5372 4777 4225 3785 3384 2949 2590 2288 2009 1798 1603 1374 1176 1042 936 821 727 632 542 506 463 425 357 313 268 233 196 170 156 129 118 102 94 78 74 65 51 44 39 32 31 28 28 20 21 18 19 22 17 19 18 15 14 12 11 8 8 8 7 7 5 4 4 5 5 3 2 2 1 1 1 
0 0 0 0 250 250 250 250 274 360 459 555 406 514 757 1146 1592 2005 2405 2890 3667 4674 5871 7138 8465 9989 11794 14050 16394 18860 21352 23988 26672 29326 32106 34672 37044 39155 41011 42334 43602 44527 44814 44658 44128 43309 42017 40555 38664 36562 34464 32414 30086 27657 25413 23315 21350 19526 17742 15808 14186 12883 11553 10318 9175 8157 7223 6464 5752 5047 4471 3997 3527 3060 2683 2359 2083 1840 1645 1407 1250 1119 985 893 791 691 613 553 513 465 422 363 328 287 260 228 202 175 158 142 125 111 99 90 73 65 59 48 45 36 30 24 22 20 17 16 12 12 13 13 12 11 8 6 5 2 1 1 
0 0 0 0 249 249 249 249 263 330 432 522 348 426 626 977 1464 1939 2358 2806 3479 4552 5869 7253 8606 10051 11856 14109 16664 19208 21657 24132 26732 29470 32103 34735 37115 39274 41032 42557 43787 44675 45270 45024 44300 43286 42042 40479 38755 36654 34368 32199 29990 27615 25367 23134 21107 19217 17498 15850 14255 12797 11434 10327 9166 8212 7244 6388 5665 5067 4544 4002 3527 3074 2740 2426 2121 1872 1632 1443 1278 1167 1025 926 829 733 647 556 498 416 375 334 283 247 218 203 181 172 139 115 107 91 81 69 56 41 43 40 35 29 28 25 23 20 10 9 7 6 5 5 4 5 4 2 2 2 1 1 1 
0 0 0 0 250 250 250 250 251 302 399 480 322 406 556 804 1148 1539 1932 2402 2990 3756 4761 5898 7112 8494 10179 12034 14280 16725 19215 21561 24276 27004 29826 32750 35174 37506 39576 41599 42895 44149 44719 44857 44768 44021 43049 41682 40364 38363 36233 34064 31793 29614 27342 25166 22847 20962 19174 17385 15661 14004 12523 11187 10014 8833 7863 6960 6222 5590 4941 4369 3894 3493 3074 2675 2363 2038 1808 1581 1364 1183 1005 906 783 692 615 537 464 413 369 327 285 241 214 191 167 134 119 103 100 89 74 61 56 54 47 41 35 30 26 24 23 19 17 14 11 8 6 6 4 4 4 3 1 1 1 
0 0 0 0 250 250 250 250 276 353 450 541 376 559 916 1375 1917 2462 3027 3854 5040 6411 7858 9414 11089 13059 15422 17990 20507 23147 25796 28369 31101 33687 36146 38216 40100 41663 42776 43655 44118 44316 44081 43478 42371 41042 39514 37838 35859 33715 31383 29247 27045 24758 22640 20539 18691 16791 15125 13484 12055 10794 9644 8601 7645 6815 6002 5302 4680 4144 3679 3238 2856 2527 2262 1989 1776 1570 1352 1194 1048 944 820 706 605 515 468 406 355 291 255 231 195 178 164 148 136 118 100 87 80 75 71 64 53 52 48 42 35 31 22 16 17 14 13 12 13 10 9 8 8 6 6 5 3 4 3 4 4 4 3 4 4 4 4 3 2 2 2 1 1 
0 0 0 0 250 250 250 250 265 333 418 503 351 520 795 1155 1581 2043 2591 3324 4208 5179 6298 7634 9308 10868 12783 14915 17241 19782 22544 25283 27861 30832 33583 36073 38445 40544 42044 43465 44422 44918 45038 44727 43939 42864 41651 39841 37915 35730 33360 31156 28915 26654 24388 22170 20174 18297 16628 14940 13312 11847 10562 9519 8477 7493 6598 5802 5226 4711 4176 3686 3194 2827 2517 2255 1992 1747 1519 1321 1212 1087 978 871 764 664 581 531 466 397 343 298 259 228 212 174 150 137 121 109 92 83 69 54 46 41 33 27 23 19 17 16 16 11 11 9 8 6 9 9 7 8 6 6 6 6 3 3 2 2 2 2 1 1 1 1 2 1 1 3 2 2 
0 0 0 0 250 250 250 250 267 337 432 525 321 419 642 1021 1486 1959 2406 3018 3910 5058 6399 7832 9336 11135 13095 15384 17914 20434 22971 25470 28170 30706 33401 35896 38210 39933 41453 42856 43859 44457 44709 44285 43326 42222 40954 39288 37281 35100 32830 30632 28526 26529 24282 22173 20136 18431 16769 15120 13524 12087 10790 9698 8696 7745 6820 6071 5437 4873 4334 3816 3410 3031 2701 2389 2087 1834 1638 1434 1268 1120 998 895 811 724 653 600 538 474 423 382 328 297 254 226 212 186 161 130 114 95 84 66 53 43 39 42 39 37 32 29 29 27 29 23 18 16 16 18 15 12 7 6 5 5 4 2 2 3 3 2 1 1 2 2 2 1 2 2 3 3 
0 0 0 0 250 250 250 250 260 321 408 484 310 378 557 886 1351 1776 2183 2665 3409 4579 5849 7261 8580 10033 11863 14228 16870 19286 21780 24234 27088 29883 32805 35377 37430 39473 41116 42550 43739 44585 44763 44506 44009 42993 41763 40133 38154 36094 33984 31680 29376 27222 25140 23165 21090 19156 17202 15562 14010 12608 11211 9957 8885 7837 7060 6318 5556 4867 4345 3815 3404 3035 2683 2354 2077 1826 1598 1430 1256 1111 943 823 742 656 589 504 448 391 338 308 259 238 209 189 156 142 127 111 98 89 75 72 63 56 55 46 41 32 34 30 33 31 25 21 20 19 16 13 9 7 6 6 6 6 4 3 3 3 3 3 2 1 
0 0 0 0 250 250 250 250 261 334 420 517 337 412 524 790 1180 1572 1962 2270 2846 3877 5051 6235 7281 8404 9951 12183 14518 16768 18906 21310 24135 27191 30106 32783 35159 37265 39404 41168 42588 43700 44447 44465 44256 43629 42742 41513 40002 38117 35934 33861 31723 29557 27436 25369 23266 21174 19328 17493 15831 14386 12933 11524 10226 9173 8183 7299 6489 5775 5100 4576 4078 3586 3147 2759 2403 2126 1884 1679 1506 1317 1148 1019 905 795 680 589 519 449 406 362 312 260 231 204 182 173 135 114 99 85 78 68 61 46 47 41 39 35 30 25 17 19 17 18 15 13 13 14 15 11 8 6 7 8 7 4 3 4 4 5 4 4 3 3 3 2 2 1 1 
0 0 0 0 250 250 250 250 254 303 401 473 273 312 405 588 888 1176 1448 1771 2205 2782 3540 4471 5600 6887 8241 9815 11660 13912 16215 18573 21030 23694 26443 29396 32169 34534 37021 39253 41168 42680 43626 44103 44337 44286 43635 42754 41461 39917 38356 36515 34461 32174 29893 27498 25228 23031 20979 19136 17266 15673 14188 12765 11508 10332 9271 8264 7373 6632 5943 5290 4744 4206 3690 3286 2975 2565 2244 1990 1729 1520 1345 1194 1043 950 847 746 652 584 520 464 406 362 320 291 265 231 201 179 169 145 139 121 92 85 79 64 53 48 40 43 38 30 29 24 24 20 17 12 12 14 13 13 11 13 11 10 8 6 5 4 4 2 1 
0 0 0 0 250 250 250 250 265 346 453 556 389 476 628 898 1223 1499 1817 2183 2714 3426 4301 5165 6155 7284 8762 10578 12729 14971 17227 19684 22278 25011 27810 30566 33056 35416 37707 39795 41584 43090 44023 44459 44592 44230 43650 42658 41296 39672 37660 35551 33415 31297 29005 26715 24413 22290 20368 18501 16737 15022 13391 12013 10799 9689 8653 7738 6857 6140 5535 4925 4353 3779 3323 2943 2601 2295 2015 1774 1576 1382 1254 1089 962 860 762 682 583 523 461 413 366 314 264 229 211 193 160 141 125 96 88 77 69 58 53 50 44 41 33 31 27 23 25 17 16 15 15 14 14 12 9 8 5 6 5 6 5 5 5 4 6 6 6 5 5 5 4 4 3 1 
0 0 0 0 250 250 250 250 264 333 447 526 367 455 663 962 1275 1613 1945 2451 3250 4227 5267 6390 7642 9067 10796 12868 14968 17252 19576 22015 24708 27591 30364 32969 35508 37730 39838 41637 43111 43985 44545 44667 44216 43699 42565 41179 39411 37531 35478 33346 31183 28827 26724 24478 22524 20552 18658 16925 15272 13769 12364 11168 9926 8844 7921 7027 6237 5456 4759 4209 3746 3357 2940 2580 2295 2061 1861 1640 1425 1246 1118 998 873 760 671 580 499 452 401 349 320 273 240 217 198 172 148 137 119 108 94 86 75 64 53 44 45 39 31 25 24 25 26 26 19 17 15 15 15 11 10 8 9 8 9 6 5 5 4 3 2 2 
0 0 0 0 250 250 250 250 260 336 428 531 344 394 493 719 1113 1656 2305 3003 3800 4922 6416 8029 9613 11178 12917 14996 17431 20041 22607 25248 28105 30917 33711 36235 38524 40512 42254 43681 44590 45078 45060 44691 44149 42993 41526 39721 37548 35447 33357 31258 28907 26537 24309 22175 20277 18504 16656 14965 13364 12052 10777 9575 8651 7677 6869 6076 5432 4805 4244 3797 3332 2956 2624 2373 2053 1853 1619 1374 1213 1088 977 858 748 662 589 531 476 421 358 326 291 249 218 198 181 146 126 104 79 71 63 52 43 39 36 29 28 24 22 19 15 15 16 14 12 10 6 6 7 4 4 4 4 4 4 3 2 1 1 1 3 3 3 3 2 2 2 2 
0 0 0 0 250 250 250 250 263 308 417 502 354 533 820 1229 1686 2205 2728 3401 4356 5536 6845 8284 9814 11518 13431 15640 18013 20347 22688 25296 27991 30749 33487 36002 38232 40188 41879 43043 44041 44501 44469 44069 43115 41985 40576 38908 37018 35019 32871 30529 28377 26209 24067 21998 20001 18116 16356 14879 13369 12003 10796 9608 8525 7560 6774 6076 5403 4763 4191 3736 3370 3028 2688 2337 2060 1814 1622 1456 1274 1132 1032 920 831 751 655 579 513 446 380 329 280 225 198 187 168 140 127 119 102 92 90 80 65 64 58 49 43 35 29 25 19 17 13 9 8 8 8 6 5 4 3 4 4 4 2 1 1 2 2 1 2 2 2 2 2 1 1 2 1 1 
0 0 0 0 250 250 250 250 259 324 436 528 352 426 596 946 1366 1699 1966 2344 3021 4017 5224 6357 7511 8896 10700 12892 15232 17463 19621 21953 24548 27324 30242 32760 35231 37428 39640 41699 43243 44374 44683 44917 44470 43754 42603 41114 39517 37612 35741 33696 31528 29515 27335 25188 23000 20989 19027 17135 15459 13845 12437 11115 9964 8846 7908 6998 6241 5557 4913 4344 3857 3436 3060 2690 2386 2112 1861 1645 1433 1261 1106 980 845 744 663 595 527 465 396 342 316 274 246 205 183 153 141 122 95 88 71 70 58 54 49 43 44 40 40 29 30 25 22 22 18 16 13 16 12 11 10 10 9 12 11 8 9 8 8 8 8 4 4 4 3 4 4 3 3 3 
0 0 0 0 250 250 250 250 267 342 442 534 356 447 619 870 1220 1594 2035 2599 3396 4436 5641 6897 8266 9911 11653 13717 15771 18022 20360 22954 25553 28036 30678 33265 35882 38146 40267 41939 43276 44379 44902 44944 44583 43858 42616 41130 39547 37616 35603 33401 31098 28704 26597 24545 22311 20329 18388 16541 14918 13392 11911 10544 9390 8315 7361 6621 5871 5240 4644 4115 3670 3249 2904 2500 2209 1994 1764 1570 1386 1200 1032 919 802 696 626 556 480 443 387 333 300 262 231 204 187 157 134 122 96 86 73 62 57 53 48 48 48 45 43 40 37 34 31 25 22 18 17 14 13 9 8 7 7 8 6 5 4 4 4 4 2 
0 0 0 0 250 250 250 250 265 340 446 546 369 437 565 768 1013 1227 1451 1734 2321 3156 4115 5127 6274 7613 9207 11132 13271 15428 17660 20013 22443 25185 28144 31064 33646 36081 38220 40319 42160 43563 44478 44586 44474 44076 43431 42449 40987 39223 37257 35272 33216 30944 28655 26399 24261 22197 20143 18310 16534 14963 13529 12235 11000 9884 8886 7885 7134 6334 5628 4949 4363 3879 3432 3080 2696 2390 2119 1915 1712 1508 1323 1164 1024 922 842 747 656 601 532 469 424 365 300 256 225 192 175 155 130 116 103 86 74 64 51 40 34 26 24 24 23 22 22 19 17 14 15 11 11 8 7 7 6 5 3 2 
0 0 0 0 248 248 248 248 269 348 469 546 359 484 773 1261 1902 2558 3162 3842 4822 6018 7368 8745 10165 11789 13934 16354 18910 21372 23724 26420 29163 31992 34730 37021 39097 40914 42523 43829 44692 44970 44632 44045 42992 41979 40628 38635 36454 34196 31923 29644 27544 25303 23044 21109 19244 17429 15752 14174 12702 11347 10120 9013 8072 7163 6344 5653 4980 4442 3992 3526 3102 2704 2417 2174 1949 1742 1551 1382 1229 1134 1007 898 789 692 600 537 479 416 369 325 272 247 222 196 174 153 138 123 119 98 80 65 58 55 52 44 35 30 28 28 22 20 18 18 14 15 12 7 5 5 4 5 5 4 4 2 2 2 2 1 1 1 1 2 4 6 5 5 6 6 
0 0 0 0 250 250 250 250 260 337 442 544 425 630 1003 1416 1845 2328 2908 3642 4619 5804 7024 8429 9999 11883 14126 16568 19085 21504 24144 26877 29882 32639 35216 37462 39506 41350 42717 43829 44485 44587 44427 43976 42962 41894 40448 38681 36642 34680 32424 30205 28037 25725 23595 21440 19436 17551 15858 14208 12747 11427 10183 9097 8102 7205 6385 5624 5015 4436 3858 3447 3078 2697 2428 2194 1932 1713 1515 1339 1174 1061 930 810 727 642 587 531 454 412 362 327 297 264 238 213 199 167 153 128 106 101 88 82 70 64 54 58 51 45 39 36 31 28 27 21 19 16 14 11 12 8 7 6 5 5 5 5 4 4 4 3 4 3 1 1 1 1 1 1 
0 0 0 0 250 250 250 250 266 335 438 516 370 541 833 1200 1598 1953 2332 2922 3791 4770 5820 6985 8231 9844 11852 14182 16543 18946 21318 23729 26500 29311 32096 34491 36538 38513 40350 42041 43165 43911 44192 44068 43625 42742 41542 40048 38407 36515 34215 31943 29781 27601 25541 23468 21472 19454 17726 16076 14506 13037 11627 10429 9258 8326 7451 6604 5813 5197 4624 4073 3643 3169 2783 2460 2163 1915 1711 1539 1366 1211 1056 934 855 763 675 595 522 453 415 374 336 300 263 233 205 185 152 131 101 84 79 68 63 53 53 43 42 38 29 26 22 20 17 14 11 9 7 6 5 3 2 1 1 
0 0 0 0 250 250 250 250 247 305 389 466 283 330 412 638 1026 1546 2122 2699 3369 4203 5342 6686 8214 9863 11446 13305 15536 18154 20796 23570 26170 28730 31678 34488 37093 39210 40959 42410 43677 44453 44803 44761 44127 43361 42301 40595 38819 36911 34744 32616 30436 28170 25883 23925 21811 19761 17978 16229 14653 13112 11783 10439 9345 8379 7349 6475 5708 5065 4531 4026 3542 3144 2757 2422 2131 1883 1630 1448 1270 1088 968 854 763 677 598 526 459 407 347 300 260 226 202 170 144 136 122 108 94 86 73 70 62 52 46 43 34 31 28 27 24 15 13 11 11 12 11 5 6 6 5 4 4 2 2 2 
0 0 0 0 250 250 250 250 257 325 431 518 343 414 556 819 1212 1576 1947 2422 3129 4215 5469 6921 8241 9684 11584 13839 16313 18859 21241 23645 26337 29373 32170 34827 37097 39103 41084 42772 44126 44986 45380 45182 44761 43932 42750 41198 39386 37350 35062 32758 30446 28155 25812 23635 21526 19443 17634 15957 14287 12839 11570 10413 9297 8210 7330 6463 5729 5032 4447 3868 3444 3067 2689 2373 2116 1857 1623 1455 1310 1179 1025 925 828 740 667 591 497 445 406 367 322 281 242 215 201 173 147 131 117 102 91 85 72 67 60 50 39 35 34 27 25 22 17 17 20 17 14 13 14 14 14 11 9 9 10 10 8 6 5 5 3 2 1 
0 0 0 0 250 250 250 250 260 347 459 560 397 470 684 1125 1628 2175 2725 3354 4297 5470 6767 8168 9642 11199 13044 15186 17547 19990 22453 24933 27615 30343 33196 35845 38224 40185 41878 43359 44382 45073 45251 44770 43870 42735 41318 39652 37691 35570 33049 30729 28469 26327 24224 22103 20157 18296 16659 15139 13663 12222 10989 9857 8766 7777 6939 6152 5447 4891 4335 3805 3378 2985 2649 2343 2097 1858 1638 1475 1297 1159 1017 905 792 692 625 554 489 421 364 325 284 257 238 203 182 169 150 130 122 109 85 73 63 51 48 47 40 34 30 26 24 21 15 13 11 10 8 7 6 4 3 3 2 2 2 2 1 1 1 
0 0 0 0 250 250 250 250 265 330 438 527 348 418 621 971 1423 1887 2292 2784 3618 4696 6071 7638 9207 10808 12723 14967 17287 19837 22222 24632 27209 30037 32732 35237 37354 39257 41057 42513 43538 44063 44387 44183 43671 42520 41183 39611 37773 35852 33561 31381 29236 27267 25106 22830 20812 18828 17106 15375 13814 12319 11015 9867 8813 7931 7055 6332 5650 5045 4461 3993 3565 3136 2739 2413 2137 1895 1665 1493 1288 1129 1034 912 801 707 634 553 490 424 373 323 295 248 214 190 168 147 120 106 92 87 75 64 49 44 36 31 29 25 21 17 17 17 18 19 16 14 11 11 9 7 5 5 8 7 9 8 9 9 9 7 3 3 2 2 1 1 1 1 1 2 
0 0 0 0 250 250 250 250 251 336 443 542 377 476 747 1201 1771 2265 2730 3397 4584 6061 7629 8978 10211 11889 14246 16760 19259 21576 23704 26381 29335 32457 35085 37254 39104 40928 42764 43914 44683 44764 44322 43900 42925 41718 40006 38328 36413 34257 32157 29848 27781 25567 23503 21393 19316 17529 15889 14266 12840 11439 10134 9041 8073 7109 6301 5605 4956 4409 3888 3435 3057 2710 2430 2201 1929 1736 1565 1401 1225 1100 979 846 759 655 589 525 471 410 368 326 277 256 211 172 153 139 118 110 104 92 81 81 67 58 55 50 43 36 34 27 23 18 15 14 13 12 11 11 9 8 8 7 5 5 3 1 1 
0 0 0 0 250 250 250 250 260 330 429 535 365 421 552 776 1134 1557 2052 2532 3122 3885 4840 6017 7271 8592 9971 11733 13766 16132 18522 20876 23406 26105 28803 31572 34195 36773 38777 40806 42267 43343 44407 44646 44674 43950 43223 41793 40232 38460 36314 34376 32108 29935 27667 25538 23552 21484 19613 17689 15954 14333 12913 11659 10438 9375 8375 7446 6629 5864 5179 4574 4027 3559 3141 2761 2473 2232 1937 1723 1500 1331 1158 1053 909 781 695 610 535 464 425 362 339 310 277 240 203 180 162 151 131 115 108 97 94 87 74 60 54 52 44 39 32 28 26 23 21 17 14 13 10 6 5 4 3 3 1 
0 0 0 0 250 250 250 250 255 327 419 498 330 467 786 1234 1687 2066 2434 2963 3890 5114 6426 7735 9198 10904 12986 15384 17797 20298 22673 25302 28056 30880 33631 36107 38398 40157 41769 43009 43856 44369 44140 43840 43000 41868 40546 38928 37162 35218 33275 30985 28728 26564 24469 22396 20354 18399 16691 15020 13508 12183 10797 9632 8610 7690 6858 6125 5489 4870 4370 3952 3497 3072 2727 2416 2189 1916 1723 1503 1314 1208 1066 924 806 713 607 547 473 403 359 326 276 245 239 217 202 176 155 130 120 107 83 66 60 55 48 46 37 30 28 26 22 16 13 11 10 10 9 8 8 9 9 7 7 8 7 6 4 3 3 4 4 3 2 1 2 2 2 2 3 2 
0 0 0 0 250 250 250 250 260 319 411 481 309 365 500 723 1000 1309 1691 2303 2986 3812 4758 5960 7381 8963 10768 12732 14917 17248 19793 22432 25175 28034 30775 33341 36011 38249 40269 41955 43252 44200 44719 44687 44194 43587 42487 41094 39392 37412 35429 33426 31120 28863 26671 24489 22421 20421 18511 16718 15161 13617 12182 10907 9715 8728 7663 6801 5970 5286 4695 4132 3621 3165 2827 2479 2245 1980 1760 1545 1376 1202 1079 1002 883 761 669 590 514 457 413 345 303 288 257 234 219 205 176 155 140 119 102 92 74 60 53 44 36 32 29 29 25 23 23 21 18 16 13 7 8 6 4 4 4 3 3 3 1 1 2 1 1 1 1 1 1 1 
0 0 0 0 250 250 250 250 266 326 442 532 366 442 607 960 1400 1777 2120 2487 3016 3840 5066 6477 7954 9617 11397 13477 15899 18643 21239 23778 26426 29188 32039 34841 37451 39431 41135 42572 43640 44313 44544 44474 43698 42722 41444 39852 38182 36227 34288 32002 29840 27654 25578 23561 21540 19609 17776 16144 14576 13231 11821 10484 9376 8429 7465 6631 5870 5080 4522 4015 3528 3111 2732 2424 2130 1884 1648 1470 1269 1112 985 865 758 686 589 499 458 415 375 321 275 236 205 183 163 139 117 104 89 75 69 61 53 45 45 43 39 35 28 25 21 20 14 10 10 10 11 10 11 10 11 11 10 9 7 7 7 6 4 4 4 4 3 3 2 2 2 2 3 3 
0 0 0 0 250 250 250 250 261 346 458 537 371 465 659 1013 1483 1959 2462 2999 3781 4831 6162 7596 9074 10632 12345 14516 17086 19762 22308 24786 27416 30273 33274 35962 38038 39856 41611 43188 44190 44837 44892 44433 43754 42665 41122 39380 37602 35539 33394 31295 29039 26901 24911 22788 20747 18895 17027 15380 13942 12555 11192 10000 8997 7979 7140 6370 5631 4991 4462 3993 3542 3122 2726 2386 2097 1829 1591 1404 1222 1059 963 846 737 654 578 514 475 420 371 315 286 260 242 235 198 173 152 145 136 124 106 87 76 69 59 48 45 36 32 28 25 25 22 18 14 11 10 11 9 7 6 6 5 5 5 3 4 4 2 2 2 1 1 1 
0 0 0 0 250 250 250 250 257 327 439 543 394 451 586 836 1173 1482 1751 2059 2498 3265 4221 5306 6508 7805 9202 11107 13400 15738 18152 20529 23000 25741 28873 31626 34133 36422 38509 40735 42412 43614 44371 44762 44729 44370 43543 42084 40574 38971 36950 34855 32569 30359 28117 26032 23958 21803 19812 17963 16338 14704 13155 11721 10418 9228 8256 7338 6504 5787 5193 4632 4156 3687 3289 2903 2566 2278 2016 1764 1522 1375 1208 1065 920 806 702 620 566 479 433 373 331 294 263 242 218 195 176 149 125 107 99 90 83 74 65 59 56 52 43 40 30 30 25 22 19 17 17 15 16 13 11 8 7 6 5 4 4 4 3 4 2 2 1 1 1 1 1 
0 0 0 0 250 250 250 250 266 331 420 511 322 394 591 907 1312 1733 2158 2639 3344 4254 5302 6431 7650 9085 10791 12880 14955 17203 19535 22217 24969 27698 30449 32871 35276 37459 39596 41108 42363 43364 43962 44033 44063 43601 42518 41140 39471 37687 35571 33621 31226 28886 26669 24519 22485 20435 18514 16765 15145 13674 12280 10979 9795 8665 7740 6862 6103 5366 4744 4285 3850 3435 3046 2696 2403 2189 1968 1731 1496 1323 1189 1074 952 814 710 616 543 499 436 377 332 292 245 214 198 174 144 123 107 97 95 88 71 62 58 54 53 38 31 28 25 20 19 14 11 10 9 8 6 5 3 4 3 3 4 3 4 4 4 3 2 2 1 1 1 
0 0 0 0 250 250 250 250 276 355 468 562 384 459 619 942 1387 1799 2210 2713 3464 4508 5784 7157 8571 10260 12259 14474 16780 19165 21617 24116 26952 29768 32327 34831 37200 39394 41333 42796 43603 44280 44459 44452 44003 43029 41659 40080 38371 36325 34348 32113 29738 27394 25218 23119 21125 19165 17303 15517 13928 12538 11226 10016 8940 7985 7062 6291 5604 4923 4381 3851 3432 3032 2723 2411 2155 1927 1679 1519 1329 1188 1030 922 813 705 627 565 511 453 408 351 293 261 223 193 158 137 106 98 88 73 63 55 47 39 34 26 19 16 12 11 14 11 13 14 15 13 13 12 10 8 7 4 2 2 2 2 1 2 1 1 1 1 1 1 1 1 1 2 2 1 
0 0 0 0 250 250 250 250 267 335 435 525 349 425 569 834 1253 1673 2055 2486 3153 4199 5481 6813 8102 9687 11533 13750 16184 18584 21075 23766 26450 29211 31924 34622 37165 39281 41166 42542 43728 44440 44924 44852 44201 43301 41900 40478 38832 36931 34756 32463 30200 28041 25839 23626 21577 19625 17810 16081 14445 12934 11637 10410 9273 8212 7285 6494 5809 5116 4530 4012 3552 3162 2814 2474 2164 1929 1733 1568 1383 1236 1098 963 853 766 671 578 499 436 366 326 287 263 228 210 183 161 152 131 121 98 83 67 56 52 44 45 36 31 27 27 28 23 22 15 11 9 9 8 6 7 5 5 6 5 3 4 3 3 2 2 1 1 1 
0 0 0 0 249 249 249 249 263 326 420 505 329 383 495 698 1037 1383 1694 2035 2471 3120 3990 5044 6110 7279 8712 10497 12568 14774 17015 19327 21726 24385 27047 29768 32333 34842 37189 39188 40984 42549 43678 44298 44586 44367 43763 42840 41758 40107 38212 36140 34007 31808 29608 27421 25003 22900 20884 19048 17273 15499 13964 12438 11158 9943 8943 7996 7125 6370 5576 5031 4456 3978 3495 3050 2717 2356 2117 1815 1561 1365 1192 1053 915 823 716 637 575 513 471 421 366 322 276 252 225 203 173 160 149 121 103 89 73 66 59 50 41 37 39 33 32 26 20 18 15 16 12 12 8 5 4 4 4 2 2 1 1 1 
0 0 0 0 249 249 249 249 248 317 391 486 301 364 506 755 1081 1422 1842 2356 3001 3832 4834 5917 7165 8438 10016 11900 14139 16469 18936 21333 23885 26649 29472 32087 34537 36918 38697 40523 41874 43046 43824 44042 43861 43441 42578 41442 40174 38441 36462 34439 32248 29795 27693 25606 23482 21341 19302 17484 15844 14325 12867 11487 10204 9171 8284 7394 6496 5781 5130 4527 4052 3605 3201 2877 2610 2326 2097 1874 1652 1476 1319 1160 1030 930 821 728 665 567 484 425 375 331 284 249 209 191 174 152 137 121 111 94 84 74 63 63 54 48 38 32 29 25 27 23 23 17 17 20 21 24 15 14 13 15 16 12 9 9 11 12 11 8 7 7 7 4 2 1 
0 0 0 0 250 250 250 250 260 343 422 508 329 390 489 652 904 1139 1453 1869 2475 3326 4277 5450 6598 7995 9531 11368 13442 15648 18077 20469 22980 25632 28535 31278 33956 36397 38532 40427 42011 43285 44144 44506 44336 43825 42989 41814 40572 39006 37062 35047 32862 30666 28332 26210 24005 21759 19677 17833 16132 14596 13236 11868 10648 9536 8585 7610 6834 6018 5304 4673 4111 3649 3251 2937 2554 2277 2018 1762 1603 1421 1250 1110 986 875 769 697 617 531 476 411 357 317 291 252 219 193 162 144 137 120 97 78 63 60 57 51 42 40 38 39 39 34 31 30 27 24 21 18 14 13 13 10 9 9 8 8 10 9 8 7 8 7 7 6 3 3 2 2 1 1 
0 0 0 0 250 250 250 250 272 355 448 545 376 473 634 966 1361 1690 2018 2405 3092 4181 5424 6611 7771 9087 10791 13023 15414 17708 20021 22323 24990 27985 30906 33516 35821 37971 39937 41714 43273 44293 44649 44791 44448 43662 42563 41316 39654 37763 35747 33438 31140 28872 26684 24513 22314 20215 18344 16619 15019 13501 12179 10898 9791 8719 7753 6873 6126 5496 4880 4301 3773 3343 2959 2608 2286 2030 1760 1547 1364 1194 1065 924 793 676 586 521 470 422 353 320 286 242 223 197 176 161 146 123 107 104 88 86 70 57 49 40 35 29 26 17 13 12 11 12 12 8 6 4 4 2 2 1 1 1 1 1 1 1 
0 0 0 0 250 250 250 250 260 321 412 504 331 423 628 1084 1602 2109 2630 3208 4161 5398 6894 8313 9756 11540 13564 15960 18388 20869 23337 25814 28529 31116 33813 36178 38386 40185 41723 43110 43921 44555 44506 44026 43214 42184 40834 39117 37225 35036 32921 30728 28644 26382 24124 22074 20082 18203 16367 14736 13204 11855 10679 9527 8475 7566 6720 6037 5312 4683 4113 3649 3221 2857 2542 2214 1972 1761 1531 1316 1164 1007 890 788 679 588 521 463 391 334 288 246 219 195 172 151 141 136 119 110 100 88 82 73 65 58 49 43 38 41 40 36 29 25 22 21 20 14 8 5 4 4 5 3 1 1 1 1 1 2 2 2 2 2 2 2 3 2 2 2 2 2 
0 0 0 0 249 249 249 249 252 312 414 484 302 362 519 818 1179 1570 1935 2424 3224 4369 5711 7139 8451 9881 11697 13927 16326 18790 21223 23481 26317 29263 32007 34615 36939 39009 40852 42490 43704 44376 44827 44733 44184 43087 41940 40472 38634 36704 34463 32175 29980 27909 25607 23472 21444 19535 17702 16025 14343 12774 11475 10268 9153 8138 7165 6333 5595 4985 4424 3920 3448 3083 2736 2429 2157 1879 1655 1447 1278 1100 962 823 737 679 613 543 482 432 396 365 323 279 242 224 193 160 134 118 106 90 82 72 61 56 56 51 42 42 36 32 30 25 23 21 20 16 14 14 12 12 10 7 7 6 5 4 4 4 2 1 
0 0 0 0 250 250 250 250 260 321 418 493 318 418 615 901 1210 1518 1874 2375 3105 3962 4858 5829 6972 8455 10277 12251 14370 16633 19101 21863 24783 27735 30396 33107 35504 37934 40093 41872 43063 43924 44495 44626 44572 44076 43036 41611 40078 38184 36212 34086 31806 29322 26873 24671 22560 20587 18725 16856 15194 13631 12340 11122 9913 8795 7779 6907 6159 5464 4845 4230 3736 3328 2943 2622 2264 1977 1737 1545 1392 1238 1094 942 846 771 692 622 547 487 438 390 339 298 274 231 199 170 149 126 110 92 72 73 60 49 40 34 29 28 21 17 15 8 8 7 5 4 6 3 4 4 4 3 3 4 2 2 1 2 2 2 2 1 2 2 3 2 2 2 2 2 
0 0 0 0 250 250 250 250 268 350 440 526 353 423 553 755 1010 1276 1583 1986 2565 3394 4360 5433 6436 7632 9099 10981 12962 15072 17187 19445 22021 24812 27774 30508 33095 35530 37802 39840 41682 43143 44038 44464 44672 44352 43687 42713 41400 39690 37808 35848 33704 31516 29200 26912 24843 22670 20589 18709 16782 15176 13805 12451 11059 9827 8762 7773 6877 6104 5403 4764 4207 3747 3317 2929 2628 2293 2057 1799 1593 1414 1244 1103 990 888 769 673 591 537 478 441 373 340 289 245 228 195 169 136 120 98 85 78 67 57 50 42 40 38 35 32 26 21 17 16 12 10 6 8 6 7 6 4 4 4 4 2 2 
0 0 0 0 250 250 250 250 271 345 449 531 369 523 782 1163 1517 1809 2170 2705 3449 4519 5709 6974 8406 10179 12296 14620 17068 19356 21782 24295 27215 30002 32614 34797 36848 38920 40756 42295 43272 43919 44056 44158 43794 42780 41602 39998 38175 36170 34094 31892 29697 27596 25396 23260 21323 19478 17666 15988 14387 12900 11602 10429 9309 8270 7360 6606 5861 5276 4660 4092 3591 3173 2811 2506 2235 1946 1706 1549 1351 1213 1076 957 839 759 675 569 509 452 407 352 318 273 238 220 194 164 156 131 113 109 98 90 75 71 54 51 49 40 32 25 26 21 19 15 12 13 15 13 11 10 8 8 7 7 5 5 4 5 5 5 4 2 1 2 2 1 1 1 1 1 
0 0 0 0 250 250 250 250 263 346 448 548 408 519 741 1062 1446 1774 2142 2747 3599 4596 5655 6748 8077 9943 11995 14129 16244 18323 20930 23776 26789 29533 32140 34628 37040 39419 41286 42867 43901 44673 44907 44828 44291 43375 42178 40571 38810 36697 34687 32483 30173 27902 25700 23544 21444 19469 17572 15836 14298 12942 11481 10189 9042 8031 7169 6408 5673 4947 4335 3883 3475 3141 2785 2408 2094 1851 1675 1477 1323 1136 1013 900 815 745 653 585 514 446 401 358 318 273 239 194 174 161 137 119 100 94 88 85 73 58 50 48 47 43 38 31 28 27 27 23 23 22 18 16 12 11 8 10 8 5 4 3 3 3 3 1 
0 0 0 0 250 250 250 250 264 344 446 526 348 421 638 1089 1615 2078 2475 2939 3668 4753 5992 7237 8521 10045 11978 14160 16702 19086 21572 23969 26636 29329 32298 35017 37120 39045 40802 42446 43677 44523 44629 44377 43742 42963 41706 40203 38350 36579 34413 32108 30008 27666 25474 23394 21464 19306 17417 15765 14243 12906 11522 10222 9005 8063 7201 6423 5695 4996 4404 3911 3448 3014 2706 2360 2052 1800 1582 1391 1232 1078 930 823 721 659 588 517 467 407 360 317 290 264 232 206 176 157 149 136 113 100 90 80 72 60 49 44 41 29 27 23 19 19 16 13 10 9 6 6 4 4 1 1 
0 0 0 0 250 250 250 250 279 368 500 635 486 587 845 1326 1923 2551 3072 3594 4526 5833 7328 8733 10183 11716 13864 16493 19110 21788 24397 27136 29908 32784 35440 37753 39867 41634 42987 43988 44703 44828 44608 43910 42941 41480 39872 38205 36162 34067 31841 29616 27277 25145 23027 20923 18846 17131 15393 13825 12456 11142 9951 8870 7982 7047 6270 5577 4963 4412 3905 3443 3069 2700 2383 2091 1818 1612 1425 1263 1114 1004 879 760 674 582 529 446 383 329 290 258 228 203 174 153 138 123 116 107 96 81 65 60 47 42 31 33 22 17 15 13 11 8 11 9 10 8 8 9 9 9 6 6 5 5 5 4 3 3 3 2 2 2 1 1 1 1 1 
0 0 0 0 250 250 250 250 270 346 449 523 354 414 560 866 1311 1803 2183 2623 3287 4264 5519 6785 8007 9234 11011 13233 15589 17996 20242 22654 25256 28231 31113 33663 36028 38158 40277 42091 43522 44323 44732 44710 44234 43569 42445 40911 39235 37319 35130 33005 30905 28639 26423 24182 22136 20095 18298 16553 14903 13421 11916 10798 9623 8650 7674 6817 5994 5319 4779 4178 3723 3275 2898 2584 2276 2001 1780 1590 1392 1234 1123 971 882 792 671 587 507 449 382 349 304 260 233 216 192 162 146 128 105 95 78 60 57 57 54 50 47 43 39 36 28 22 18 13 12 10 8 6 6 5 5 4 2 1 1 1 
0 0 0 0 250 250 250 250 261 338 443 532 350 410 554 824 1140 1429 1701 2052 2748 3671 4773 5760 6846 8029 9630 11655 13971 16347 18706 21243 23770 26621 29622 32341 34802 36757 38484 40343 41993 43286 43834 44013 43698 43412 42833 41615 40038 38247 36385 34364 32267 30099 27772 25534 23499 21365 19429 17576 15880 14238 12783 11536 10366 9359 8408 7458 6605 5865 5239 4680 4091 3602 3126 2786 2500 2207 1934 1697 1509 1324 1182 1043 886 764 687 594 530 469 408 373 339 309 267 234 201 176 162 137 127 111 100 84 72 67 54 51 49 42 35 35 32 31 29 29 25 25 24 21 21 23 21 17 14 11 9 9 6 3 3 3 3 5 5 4 4 4 5 6 6 3 
0 0 0 0 250 250 250 250 273 354 453 528 352 478 731 1126 1535 1946 2448 3087 3956 5042 6285 7505 8824 10397 12310 14624 17024 19442 21806 24402 27211 30114 32792 35139 37242 39318 41146 42624 43661 44212 44470 44347 43872 42872 41703 40087 38278 36158 33850 31487 29237 27046 24673 22622 20534 18677 16955 15284 13690 12207 10959 9753 8767 7772 6885 6147 5468 4868 4285 3755 3329 2954 2682 2376 2082 1845 1621 1467 1305 1150 1005 895 788 716 658 587 509 457 401 358 335 301 259 224 205 189 175 151 122 109 92 81 71 61 53 52 46 40 36 29 23 20 17 15 13 10 7 6 6 7 5 4 5 4 4 5 6 4 4 4 3 2 2 1 
0 0 0 0 249 249 249 249 261 322 409 496 315 443 718 1177 1691 2192 2672 3361 4500 5855 7211 8537 9926 11780 14077 16618 18935 21102 23575 26294 29160 31969 34435 36540 38701 40764 42484 43588 44580 44855 44794 44411 43657 42476 40872 39163 37083 34849 32555 30342 27985 25745 23740 21809 19739 17989 16303 14568 13046 11650 10249 9076 8102 7184 6378 5707 5042 4457 3978 3530 3134 2753 2434 2095 1857 1685 1484 1287 1111 987 871 795 696 565 485 438 388 343 320 276 236 213 195 169 155 147 107 81 79 68 60 56 48 40 37 38 31 30 24 19 17 16 15 14 12 10 8 7 7 6 5 3 2 2 2 2 1 1 1 1 1 
0 0 0 0 250 250 250 250 264 353 481 600 427 536 726 1070 1499 1909 2245 2669 3444 4521 5917 7213 8578 10084 11927 14078 16312 18630 20872 23411 25947 28660 31402 34198 36608 38655 40517 42078 43341 44153 44555 44227 43731 42953 41932 40472 38773 36834 34604 32476 30308 28042 25702 23471 21477 19554 17726 16071 14392 12942 11673 10492 9349 8326 7447 6607 5961 5314 4654 4103 3571 3195 2863 2533 2237 1972 1754 1552 1396 1231 1090 975 867 757 665 588 524 467 401 355 308 267 250 212 181 170 158 132 116 105 86 74 57 48 41 39 32 31 24 23 26 21 21 20 17 16 18 15 15 15 13 12 11 9 7 6 3 2 1 
