0 0 0 248 248 248 296 352 403 508 755 767 1074 1542 1967 2566 3401 4370 5504 7033 8866 10861 13311 15883 18626 21872 25035 28195 31474 34768 37760 40622 43258 45134 46665 47820 48261 48159 47480 46437 44901 43038 40937 38447 35917 33163 30582 27903 25275 22761 20392 18225 16051 14232 12471 10892 9500 8230 7099 6105 5271 4496 3866 3297 2771 2375 2022 1664 1435 1219 1016 853 712 596 511 447 383 310 260 218 185 162 132 108 82 66 57 45 37 24 19 12 10 8 6 6 5 4 3 3 2 2 2 
0 0 0 250 250 250 374 482 601 753 1004 1041 1396 1911 2292 3029 4043 5084 6345 7867 9710 11813 14268 16909 19666 22705 26039 29294 32645 35807 38902 41647 43986 46132 47555 48506 48912 48763 47978 46607 45176 43029 40574 38081 35341 32539 29785 27236 24444 21888 19517 17276 15221 13377 11681 10076 8706 7552 6569 5617 4770 4016 3424 2881 2407 1996 1640 1396 1153 961 769 646 521 438 355 285 233 203 170 140 108 89 74 63 48 41 40 30 27 21 15 11 8 6 5 5 3 1 1 2 2 2 1 1 1 1 1 1 1 1 1 1 1 1 1 
0 0 0 250 250 250 325 387 435 544 690 629 886 1224 1412 1791 2442 3183 4039 5215 6576 8051 9981 12210 14585 17185 20079 23142 26270 29624 32901 35788 38580 41301 43499 45070 46288 47144 47293 47210 46481 45052 43405 41504 39333 36678 34076 31278 28606 25958 23472 21018 18689 16614 14712 12934 11261 9881 8551 7382 6360 5428 4598 3950 3379 2864 2390 2069 1745 1479 1280 1113 944 799 678 556 471 405 346 282 245 209 174 151 126 104 83 70 60 43 44 36 29 22 16 11 7 6 4 4 3 3 3 2 1 1 1 
0 0 0 249 249 249 310 379 443 588 804 856 1347 1889 2296 2878 3752 4658 5767 7019 8415 10099 12195 14412 16737 19404 22201 25285 28391 31304 34179 37098 39771 42029 44010 45235 46015 46513 46508 45823 44731 43278 41318 39181 36828 34327 31698 29167 26583 24026 21657 19460 17295 15307 13574 11865 10329 8990 7778 6736 5854 5022 4325 3699 3181 2745 2341 1987 1729 1512 1236 1069 924 778 661 569 483 410 332 274 232 204 170 141 116 92 73 66 53 37 31 21 18 16 14 11 5 4 3 2 1 1 1 
0 0 0 249 249 249 313 363 425 516 684 721 1022 1337 1627 2297 3096 3942 4975 6229 7665 9505 11614 13798 16344 19438 22416 25553 28986 32206 35507 38593 41286 43555 45585 47028 47857 48292 48111 47509 46355 44660 42626 40445 37942 35274 32580 29612 26850 24230 21856 19435 17300 15284 13355 11789 10364 8982 7770 6733 5750 4948 4287 3655 3102 2660 2215 1846 1576 1341 1122 958 800 684 570 483 399 329 267 226 189 152 131 116 100 90 75 61 55 49 42 34 28 19 17 15 12 10 8 6 5 5 4 4 2 3 3 3 2 3 4 3 3 3 4 4 4 3 2 2 2 1 
0 0 0 250 250 250 300 347 402 487 675 686 986 1368 1619 1980 2566 3257 3970 4889 6004 7281 8966 10883 13120 15592 18306 21224 24253 27499 30732 33823 36706 39513 41991 44078 45586 46613 47257 47355 46737 45650 44262 42343 40273 37896 35260 32698 30133 27456 24855 22493 20139 17953 15941 14023 12361 10808 9365 8053 7038 6083 5221 4470 3815 3272 2802 2355 1980 1674 1415 1216 1016 871 736 631 525 439 367 301 258 219 179 152 129 111 93 79 66 58 44 33 25 22 20 17 13 11 10 9 8 7 5 5 4 4 3 2 2 2 2 1 1 
0 0 0 250 250 250 305 357 395 531 740 764 1114 1562 1933 2509 3326 4251 5375 6809 8461 10261 12620 15123 17682 20588 23693 26706 29909 33185 36198 39026 41660 43799 45320 46455 47156 47121 46693 45643 44259 42508 40518 38394 35810 33330 30614 28161 25657 23145 20813 18624 16542 14670 13002 11366 9885 8638 7516 6417 5551 4729 4016 3450 2956 2520 2150 1848 1582 1350 1155 961 819 698 586 473 383 313 247 203 169 136 108 85 70 62 53 37 31 26 23 19 17 12 10 10 7 6 4 3 2 2 1 1 1 1 1 
0 0 0 250 250 250 314 381 440 559 792 852 1274 1821 2249 2964 3882 4883 6049 7531 9233 11163 13596 16045 18927 22020 25125 28357 31509 34670 37678 40418 42564 44551 46147 47166 47670 47662 47098 46123 44862 42997 40840 38457 36002 33280 30671 28098 25482 22909 20623 18343 16195 14331 12417 10769 9346 8140 6949 5986 5127 4380 3817 3239 2717 2316 1977 1659 1427 1199 996 846 721 598 507 431 362 314 244 203 151 123 90 69 53 34 24 20 15 12 9 7 6 4 4 2 1 
0 0 0 249 249 249 319 383 439 573 737 796 1298 1859 2270 2957 3980 5119 6453 8072 9793 11859 14404 17081 19910 23089 26454 29723 32943 36084 39179 41868 44153 45790 47197 47976 48311 48157 47333 46178 44501 42591 40162 37653 35018 32147 29195 26458 23852 21388 19026 16827 14764 12992 11463 9932 8604 7439 6394 5493 4741 4040 3435 2907 2482 2080 1754 1479 1231 1036 873 744 637 525 448 385 329 269 237 215 174 144 123 103 84 72 60 52 46 41 33 27 23 22 19 12 10 11 9 8 7 5 4 4 3 2 2 1 1 1 1 1 1 
0 0 0 250 250 250 343 410 479 608 779 753 1023 1404 1651 2267 3010 3761 4915 6270 7747 9591 11797 13993 16549 19497 22341 25371 28640 31777 34883 37905 40597 43050 45128 46592 47565 48119 48020 47451 46377 44676 42818 40624 38181 35461 32861 30055 27349 24697 21919 19520 17317 15281 13324 11570 10071 8750 7668 6610 5645 4776 4049 3504 2920 2464 2068 1759 1484 1270 1067 899 752 648 551 466 392 331 279 232 197 160 130 108 87 72 59 52 39 30 27 21 14 15 14 10 8 8 5 6 5 3 3 2 2 1 1 
0 0 0 250 250 250 312 363 422 524 651 599 880 1179 1437 2058 2745 3452 4384 5445 6704 8355 10313 12301 14680 17393 20213 23268 26464 29596 32796 35977 38551 41167 43480 45332 46598 47511 47776 47273 46818 45342 43474 41335 39034 36533 33849 31227 28462 25849 23419 21010 18780 16552 14609 12829 11186 9812 8522 7452 6431 5561 4782 4102 3535 3078 2640 2231 1913 1638 1392 1214 1015 836 722 631 530 436 370 304 247 222 176 138 119 103 87 81 73 61 58 48 36 28 19 13 8 6 3 3 3 
0 0 0 250 250 250 321 364 415 497 662 674 969 1389 1702 2194 3059 3962 5091 6414 8109 9972 12265 14902 17523 20693 23899 27242 30459 33894 37083 40007 42824 45096 46807 48059 48919 48847 48514 47593 46020 44161 42049 39572 36768 34238 31431 28595 25942 23338 20852 18462 16363 14251 12479 10879 9392 7985 6852 5951 5114 4392 3697 3137 2654 2240 1868 1550 1312 1110 904 773 649 532 449 377 304 237 197 155 134 114 91 72 62 54 43 38 25 21 20 17 11 6 4 3 4 2 1 1 1 1 1 2 1 1 1 1 1 1 1 
0 0 0 249 249 249 316 379 431 683 942 1007 1466 2110 2763 3642 4724 5941 7529 9310 11380 13634 16244 19162 22158 25483 28867 32273 35573 38695 41617 44236 46648 48143 48924 49276 49248 48641 47485 45716 43447 41170 38846 36290 33346 30626 27777 25105 22654 20139 17798 15621 13732 11914 10373 8982 7685 6683 5702 4910 4211 3562 3045 2566 2172 1801 1539 1288 1084 925 792 655 554 470 387 328 281 227 182 162 135 101 88 72 58 49 43 36 36 32 24 23 20 17 13 12 9 7 7 6 5 4 4 1 1 2 2 2 2 2 1 1 1 
0 0 0 250 250 250 308 360 422 576 751 703 963 1377 1787 2216 2862 3675 4664 5908 7430 9191 11166 13553 16206 18891 21948 25088 28326 31597 34783 37697 40239 42662 44730 46143 47149 47503 47453 47099 46170 44831 42747 40614 38188 35694 33043 30093 27459 24811 22395 20065 17815 15663 13735 12135 10613 9183 7951 6933 5995 5178 4488 3877 3264 2797 2412 2023 1701 1440 1203 1007 849 693 561 467 402 346 289 234 202 179 145 121 103 91 82 68 57 51 49 38 33 25 21 19 15 10 6 7 5 5 2 2 2 1 1 
0 0 0 250 250 250 304 360 398 544 705 686 1045 1487 1996 2641 3617 4592 5820 7405 9231 11259 13677 16521 19250 22402 25710 28831 31894 35180 37982 40450 42952 44807 46125 47158 47692 47425 46759 45602 43912 41965 39668 37209 34613 31985 29428 26860 24261 21758 19573 17404 15307 13449 11730 10190 8905 7780 6720 5780 5015 4293 3691 3166 2687 2280 1945 1636 1396 1184 1008 845 694 583 466 396 334 283 230 186 157 132 116 97 80 66 61 47 39 29 24 22 19 15 11 9 7 7 7 5 3 4 3 4 2 2 2 2 2 1 1 
0 0 0 250 250 250 321 380 442 531 667 680 1006 1394 1873 2533 3534 4668 5936 7382 9129 11302 13650 16327 19089 22053 25238 28677 31996 35163 38191 40891 43370 45591 47192 48070 48701 48732 48279 47176 45772 43767 41559 39191 36399 33662 30813 28103 25289 22776 20273 17994 15860 13828 12057 10509 9066 7672 6682 5686 4919 4177 3569 3043 2563 2198 1817 1541 1298 1115 925 743 614 525 441 356 289 234 200 186 160 126 110 96 81 73 54 43 37 32 24 16 11 10 8 6 4 1 1 1 1 
0 0 0 250 250 250 331 405 461 629 816 785 1094 1501 1894 2620 3609 4580 5703 7266 9086 10973 13331 15837 18448 21512 24865 28118 31317 34708 37664 40526 43101 44954 46466 47509 48162 48106 47641 46613 44988 43231 41031 38589 35836 33039 30309 27562 24952 22476 20117 17899 15858 14082 12322 10616 9279 8007 6902 5917 5092 4319 3735 3277 2770 2375 1984 1671 1387 1189 1002 829 710 603 511 418 365 301 250 205 182 142 125 108 84 69 63 56 48 44 37 28 31 26 22 20 18 15 12 12 8 7 7 5 5 3 2 1 1 1 
0 0 0 250 250 250 296 352 418 509 634 526 760 1092 1455 1936 2590 3346 4241 5483 6827 8424 10264 12493 14924 17696 20780 23918 27432 30790 34044 37139 40100 42747 44919 46656 47719 48399 48555 48066 47154 45664 43784 41486 39020 36404 33805 31038 28239 25561 23014 20662 18361 16268 14232 12546 10881 9451 8142 7020 6018 5110 4382 3723 3164 2668 2285 1897 1611 1342 1109 895 781 656 537 462 384 321 274 241 183 140 110 91 71 55 42 30 30 27 19 15 13 12 10 10 5 7 7 6 6 5 4 4 4 1 1 1 1 1 1 
0 0 0 250 250 250 319 389 447 546 729 684 975 1420 1814 2363 3171 4090 5155 6422 7926 9643 11696 13910 16306 19003 21846 24843 28084 31177 34186 37167 40015 42282 44324 45828 46756 47188 47111 46525 45453 44054 42125 40081 37548 35023 32366 29659 26905 24310 21888 19573 17509 15524 13729 12159 10608 9234 8006 6881 5898 5060 4368 3677 3161 2732 2341 1964 1696 1452 1219 1024 869 726 598 516 425 349 298 251 205 176 147 125 104 93 78 65 54 43 44 36 33 28 24 19 15 14 8 8 7 4 4 6 5 4 3 3 3 3 2 1 3 3 3 3 3 3 4 3 1 1 1 1 1 1 
0 0 0 250 250 250 304 352 397 469 600 524 746 1026 1232 1662 2263 2991 3899 4973 6266 7811 9660 11743 14020 16515 19356 22301 25546 28933 32181 35292 38379 41114 43397 45476 46935 47690 48200 48081 47422 46434 44875 42794 40551 38057 35318 32532 29697 26874 24256 21784 19262 17107 15083 13297 11621 10080 8703 7460 6433 5458 4690 3979 3357 2866 2393 2040 1719 1467 1211 1013 846 692 589 492 410 346 278 217 177 151 128 111 93 71 62 53 46 44 35 27 22 20 17 15 11 9 9 10 9 6 7 7 8 5 4 2 2 2 1 1 
0 0 0 250 250 250 306 358 434 529 651 583 813 1108 1397 1819 2433 3210 4079 5268 6669 8289 10259 12491 14792 17408 20428 23486 26701 29926 33122 36115 39095 41609 43760 45440 46539 47183 47243 47032 46107 44789 43048 41126 38935 36448 33905 31130 28513 25964 23472 20936 18738 16716 14833 13077 11477 10072 8816 7703 6579 5702 4900 4237 3661 3126 2628 2243 1920 1619 1352 1134 931 786 648 522 442 374 314 250 223 187 157 138 118 93 82 74 54 42 45 37 31 30 25 22 19 18 8 9 6 3 3 2 2 1 1 
0 0 0 249 249 249 308 366 415 513 710 686 932 1346 1708 2315 3076 3978 5125 6600 8335 10190 12526 15081 17869 20958 24171 27515 30927 34527 37727 40704 43495 45797 47785 49114 49878 49805 49378 48380 46792 44866 42405 39712 36932 34186 31226 28435 25760 23088 20641 18386 16215 14235 12543 10892 9412 8165 6992 5977 5132 4343 3741 3219 2753 2361 2034 1715 1459 1244 1017 830 691 572 473 414 326 282 249 216 185 156 127 105 96 76 63 49 40 36 30 20 14 13 10 9 9 7 4 4 2 1 1 1 
0 0 0 249 249 249 302 370 430 561 778 767 1152 1647 2046 2611 3463 4470 5566 6964 8627 10529 12802 15286 17957 20824 23891 27158 30385 33607 36804 39690 42240 44441 46093 47253 47837 47777 47279 46214 44758 42867 40873 38447 35884 33343 30647 28074 25444 22964 20640 18389 16369 14438 12654 11072 9686 8424 7204 6243 5347 4568 3877 3333 2849 2443 2080 1775 1504 1287 1105 917 799 671 579 489 401 334 280 243 201 176 142 118 102 83 69 57 41 30 26 21 17 13 11 9 8 5 4 3 2 1 
0 0 0 250 250 250 301 361 417 510 645 551 783 1057 1372 1799 2383 3166 4175 5408 6866 8750 10842 13267 15951 18619 21599 24807 28270 31454 34700 37732 40621 43148 45221 46754 47741 48338 48187 47518 46377 44992 43089 40881 38367 35733 33152 30512 27800 25182 22735 20406 18088 16052 14142 12461 10860 9420 8105 6966 6073 5141 4376 3662 3107 2662 2264 1921 1598 1349 1113 931 770 634 531 453 379 317 273 232 197 156 132 104 88 68 54 40 34 32 30 26 27 21 19 17 15 12 7 7 5 5 4 3 3 2 2 1 
0 0 0 249 249 249 317 368 427 556 699 634 990 1411 1778 2494 3360 4249 5454 6840 8529 10486 12757 15332 17992 21038 24274 27708 30933 34234 37313 39968 42544 44669 46167 47291 47998 47936 47466 46533 45019 43220 41182 38707 35919 33239 30627 27909 25405 22749 20250 17983 15978 14070 12203 10642 9163 7984 6931 5951 5110 4404 3792 3228 2728 2328 1962 1666 1420 1177 1012 865 757 635 539 449 371 309 266 212 171 149 128 116 101 89 76 60 48 38 30 24 21 18 16 13 11 11 10 8 7 4 3 2 1 
0 0 0 250 250 250 319 371 440 647 869 867 1260 1715 2092 2749 3634 4467 5669 7261 8993 11087 13654 16235 19145 22422 25553 28725 32153 35438 38461 41324 43761 45666 47341 48656 48851 48707 48091 46979 45340 43467 41194 38556 36106 33337 30475 27666 25016 22391 19956 17640 15469 13569 11887 10393 9034 7839 6732 5749 4948 4215 3594 3040 2559 2164 1857 1548 1303 1095 906 768 636 536 455 397 331 269 215 186 150 125 103 88 74 60 50 34 32 25 21 16 19 15 14 16 15 13 15 12 8 11 10 8 7 8 5 6 6 3 6 6 6 5 5 4 4 4 2 1 1 1 1 1 1 1 
0 0 0 250 250 250 303 367 421 560 752 706 976 1396 1835 2423 3318 4292 5426 6885 8511 10480 12799 15230 17866 20835 23903 27258 30707 33929 36934 40069 42860 45218 47027 48183 48994 49221 48967 47959 46459 44551 42507 39994 37232 34471 31677 28867 26123 23409 20897 18717 16535 14571 12714 11059 9601 8361 7202 6143 5283 4465 3815 3301 2782 2347 1978 1651 1373 1159 943 754 656 543 446 375 318 259 224 198 149 122 101 81 67 47 39 24 16 15 15 11 9 8 6 6 6 4 3 5 4 3 3 2 2 2 2 
0 0 0 250 250 250 298 354 391 472 639 629 913 1282 1558 1997 2661 3365 4108 5128 6473 7864 9655 11648 13728 16225 18973 21814 24689 27891 31066 34013 36883 39582 42106 44166 45769 47036 47515 47604 47247 46248 44670 42872 40691 38013 35483 32874 30151 27551 24978 22497 20094 17921 15871 13924 12231 10643 9244 7983 6942 5962 5110 4448 3813 3215 2760 2297 1944 1653 1404 1165 980 844 703 569 486 406 337 284 245 204 182 175 140 118 112 107 91 81 71 57 47 44 32 25 23 16 13 10 10 8 7 5 5 3 2 2 1 1 1 1 
0 0 0 250 250 250 307 363 409 594 768 757 1103 1696 2231 2930 3911 4979 6377 8169 10050 12113 14556 17362 20253 23193 26430 29730 33123 36255 39293 42081 44608 46683 48167 48916 49120 48874 48021 46497 44739 42643 40256 37635 34856 31998 29265 26660 23839 21323 18885 16633 14701 12950 11234 9680 8379 7204 6140 5292 4483 3815 3263 2771 2342 1968 1673 1419 1185 981 809 675 565 479 391 313 255 203 172 139 121 105 91 70 60 52 38 33 25 20 13 10 10 10 8 7 8 8 8 5 5 5 6 5 4 4 5 5 3 2 1 1 1 1 
0 0 0 249 249 249 327 377 428 531 652 664 1003 1401 1678 2213 2926 3741 4710 5820 7150 8762 10777 12922 15238 17844 20648 23624 26629 29717 32701 35659 38399 40692 42682 44422 45679 46288 46599 46263 45463 44416 42913 40815 38576 36265 33636 31112 28456 25932 23511 21161 18891 16666 14755 12908 11342 9802 8417 7321 6368 5580 4774 4067 3529 3042 2635 2214 1881 1590 1368 1161 965 793 675 582 473 412 340 290 237 202 164 149 128 105 84 69 62 51 41 28 27 20 18 19 16 17 15 15 11 14 12 10 9 7 9 8 7 3 4 3 3 3 1 1 2 2 1 1 1 1 1 1 
0 0 0 250 250 250 321 371 413 553 740 715 1006 1419 1753 2361 3190 4013 5244 6606 8259 10132 12480 14895 17645 20689 23565 26820 30300 33696 36573 39598 42174 44352 46274 47374 47703 47734 47595 46581 45073 43280 41072 38841 36394 33651 30868 28217 25620 23071 20748 18465 16445 14584 12796 11207 9837 8630 7475 6471 5575 4795 4150 3548 3002 2530 2141 1823 1533 1279 1061 876 739 623 515 428 358 300 259 217 190 151 121 110 83 71 59 47 39 31 29 21 19 16 12 9 6 6 5 5 4 2 2 2 1 
0 0 0 250 250 250 293 337 381 505 667 602 879 1204 1430 1893 2566 3324 4183 5382 6721 8278 10272 12424 14747 17302 20159 23115 26240 29450 32686 35835 38770 41415 43720 45446 46847 47584 47740 47319 46594 45438 43653 41700 39313 36946 34392 31837 29100 26305 23808 21439 19078 16945 15058 13174 11527 10167 8869 7656 6703 5792 4913 4275 3641 3063 2613 2227 1913 1585 1326 1070 909 770 649 539 436 365 306 261 200 162 134 104 84 67 53 47 38 25 21 16 12 10 7 4 3 
0 0 0 250 250 250 319 378 425 544 714 649 938 1340 1610 2032 2563 3263 4096 5125 6231 7565 9538 11632 13822 16173 18996 21933 25018 28228 31155 34056 37134 39770 41755 43534 45104 45882 46221 46130 45355 44347 43116 41486 39290 37090 34706 32162 29665 27257 24749 22244 19946 17826 15843 14103 12433 10786 9382 8182 7098 6096 5261 4478 3823 3276 2795 2347 1990 1693 1407 1150 954 799 645 526 440 353 291 244 199 171 143 121 103 93 71 61 56 48 46 44 34 30 28 24 21 17 14 11 10 7 3 3 4 3 3 2 2 1 1 1 
0 0 0 249 249 249 309 362 420 548 707 710 1020 1381 1674 2123 2761 3491 4564 5788 7123 8808 10805 12987 15302 17993 20944 24044 27347 30543 33789 36942 39993 42575 44635 46409 47574 48313 48298 47779 46771 45425 43534 41111 38609 36015 33444 30690 28097 25371 22888 20533 18293 16102 14150 12467 10790 9401 8124 7047 6072 5222 4435 3819 3257 2753 2297 1927 1624 1375 1179 975 798 678 581 484 414 336 279 229 197 156 128 111 93 78 62 54 42 42 34 25 20 20 21 19 18 16 13 11 12 8 5 6 6 3 3 3 2 2 2 
0 0 0 250 250 250 312 387 453 544 795 857 1198 1663 2119 2680 3587 4562 5555 6848 8540 10392 12487 14853 17358 20260 23391 26601 29646 32879 35898 38787 41386 43543 45338 46508 47234 47356 47088 46314 45048 43381 41245 39019 36620 34017 31468 28783 26131 23583 21213 19014 16915 14964 13087 11525 10083 8811 7689 6558 5672 4872 4185 3571 3066 2595 2185 1883 1564 1332 1144 954 797 676 581 485 405 342 294 240 193 158 137 116 98 77 66 58 54 46 32 22 23 24 20 17 13 10 8 9 5 2 2 1 1 1 1 
0 0 0 250 250 250 318 377 430 594 801 735 1056 1618 2099 2737 3800 4856 6173 7841 9715 11788 14205 17017 19892 23069 26329 29578 32934 36177 39454 42179 44406 46297 47769 48733 49074 48863 47968 46810 45291 43218 40821 38417 35740 32971 30227 27359 24585 22113 19729 17339 15203 13338 11576 10062 8717 7455 6403 5460 4678 3882 3256 2732 2292 1924 1605 1355 1136 963 795 657 544 459 392 329 269 229 188 159 136 117 88 78 61 39 34 34 33 25 20 16 15 14 13 10 8 7 4 3 3 2 1 1 
0 0 0 250 250 250 320 389 428 609 851 884 1240 1854 2370 3052 4084 5175 6546 8301 10222 12394 15020 17809 20820 24129 27673 31047 34496 37785 40746 43511 45738 47526 48637 49229 49318 48810 47895 46358 44496 42275 39739 37170 34352 31496 28635 25941 23500 20974 18651 16473 14535 12741 11143 9726 8283 7124 6157 5249 4495 3808 3229 2769 2354 2014 1674 1404 1184 1019 848 696 591 492 419 360 288 232 200 160 125 111 86 66 57 48 31 27 19 10 9 9 5 6 6 6 6 5 2 2 2 1 1 
0 0 0 250 250 250 327 378 415 621 844 914 1377 1971 2429 3174 4162 5186 6481 8078 9797 11853 14427 16941 19788 22927 26108 29076 32246 35319 38154 40841 43098 44825 46168 47210 47612 47402 46690 45642 44055 42103 39926 37575 34980 32274 29601 26975 24434 21994 19698 17438 15432 13621 11825 10249 8873 7670 6542 5601 4786 4053 3508 2971 2483 2106 1784 1490 1225 1022 862 700 589 499 404 348 299 252 211 175 157 133 111 92 72 67 54 46 39 33 34 28 24 18 14 11 10 6 3 3 3 1 1 
0 0 0 250 250 250 309 358 403 492 627 534 750 1048 1307 1763 2369 3018 3890 5031 6356 7923 9833 11844 14235 16896 19827 22823 26055 29207 32380 35556 38410 41191 43362 45202 46465 47427 47736 47476 46690 45420 43825 41917 39703 37121 34576 31911 29333 26662 24042 21533 19176 17082 15029 13263 11499 9997 8710 7501 6488 5573 4790 4039 3509 2976 2519 2151 1815 1521 1285 1093 911 755 639 534 451 385 308 262 222 184 155 127 101 82 69 61 46 38 33 26 19 10 7 3 2 
0 0 0 250 250 250 333 396 457 629 876 913 1348 1889 2333 3026 3948 4867 6125 7715 9399 11392 13947 16536 19272 22518 25637 28760 32064 35257 38082 40939 43444 45385 46819 47833 48259 48030 47439 46263 44742 42692 40410 37996 35347 32731 29988 27214 24438 21952 19692 17462 15339 13400 11709 10166 8870 7643 6533 5540 4786 4117 3490 2969 2514 2140 1844 1566 1316 1111 915 790 659 543 454 381 324 269 234 189 151 132 116 94 81 68 46 29 25 19 15 12 9 8 6 5 2 2 2 1 1 1 1 1 1 1 
0 0 0 250 250 250 352 407 468 754 1080 1157 1726 2605 3115 3968 5350 6737 8202 10338 12513 14807 17724 20823 23685 26882 30180 33156 36283 39160 41776 44112 45965 47237 48198 48529 48256 47466 46270 44361 42372 40060 37508 34872 31993 29272 26548 24053 21503 19169 16983 14956 13175 11418 9917 8593 7458 6414 5465 4656 3978 3396 2835 2390 2046 1694 1407 1195 1012 869 748 614 505 420 377 302 236 199 169 143 121 110 82 75 68 49 39 31 24 21 16 13 9 8 6 4 2 2 2 1 1 1 1 1 1 
0 0 0 250 250 250 309 361 418 511 617 514 770 1117 1307 1790 2540 3300 4163 5313 6663 8089 10016 12097 14251 16698 19587 22572 25641 28970 32283 35364 38399 41105 43335 45307 46814 47722 48055 47889 47027 45827 44235 42263 39920 37455 34744 31980 29467 26906 24388 21823 19492 17309 15330 13560 11753 10232 8845 7601 6527 5546 4736 4020 3422 2899 2459 2115 1803 1494 1245 1025 867 717 601 499 415 366 316 271 225 181 156 138 105 87 70 55 46 45 36 28 26 21 18 18 17 11 11 10 8 8 7 6 4 4 3 3 2 2 
0 0 0 250 250 250 318 399 441 567 749 719 1005 1424 1800 2321 3173 4003 5032 6449 7977 9670 11739 14103 16536 19296 22378 25406 28640 31933 35120 38079 40732 43082 45038 46615 47536 47871 47685 47065 46036 44519 42528 40027 37634 35125 32514 29819 27173 24645 22075 19924 17657 15580 13691 11916 10313 8941 7806 6714 5832 5015 4291 3700 3209 2722 2316 1968 1636 1391 1167 968 824 711 601 482 414 341 288 266 211 172 145 124 103 90 84 62 55 47 40 31 27 21 14 13 9 7 6 5 3 3 4 4 3 3 1 1 1 1 
0 0 0 249 249 249 320 376 428 603 913 1017 1525 2125 2656 3459 4560 5780 7218 9016 10911 13104 15792 18552 21408 24690 27776 30892 34176 37397 40249 42809 45028 46588 47869 48626 48742 48242 47347 45944 44304 42096 39655 36961 34161 31317 28500 25847 23027 20600 18348 16275 14224 12450 10786 9284 8062 6920 5881 4951 4292 3638 3062 2615 2218 1869 1592 1335 1106 916 762 628 506 417 340 284 238 199 171 138 117 97 75 65 50 40 35 29 24 24 17 13 10 8 5 4 4 2 2 2 2 1 1 1 
0 0 0 250 250 250 311 379 432 593 764 744 1088 1495 1794 2252 2960 3686 4668 6036 7447 9174 11274 13594 16139 18994 22016 25036 28239 31539 34687 37642 40384 42805 44748 46017 46898 47158 47208 46594 45461 43846 41930 39930 37574 35061 32280 29650 27040 24489 22043 19757 17602 15569 13712 12002 10465 9128 7936 6802 5876 5040 4292 3693 3134 2656 2228 1893 1588 1380 1173 986 828 694 601 492 430 349 302 262 221 179 149 133 107 92 78 60 55 54 45 39 31 25 24 21 18 14 11 10 10 9 6 6 4 3 2 2 1 
0 0 0 250 250 250 317 370 415 496 625 563 753 1134 1482 1941 2620 3305 4218 5276 6551 8150 9989 12060 14346 16989 19816 22783 25955 29014 32072 35140 38040 40642 42773 44594 45983 46888 47227 46998 46192 45049 43536 41666 39348 36863 34469 31830 29183 26524 23920 21507 19291 17090 14963 13212 11612 10066 8818 7612 6582 5700 4881 4112 3511 3045 2583 2203 1888 1618 1403 1226 1026 872 745 625 518 423 343 279 228 193 159 122 87 82 72 54 54 52 41 35 33 29 25 22 20 14 13 14 11 9 7 6 3 3 3 
0 0 0 250 250 250 323 366 410 651 908 899 1300 1954 2442 3142 4136 5171 6384 7980 9713 11627 14180 16836 19602 22540 25612 28957 32148 35286 38173 40753 43098 44884 46448 47104 47523 47385 46592 45456 43841 42133 39922 37478 34903 32195 29561 26969 24360 21776 19403 17285 15265 13418 11681 10162 8875 7711 6651 5750 4904 4158 3571 3028 2558 2150 1802 1533 1317 1116 930 790 662 548 457 373 299 243 192 154 123 107 91 74 65 56 43 34 27 23 18 14 10 10 12 11 10 8 7 7 7 6 4 3 2 2 1 
0 0 0 249 249 249 315 401 467 629 873 916 1317 1907 2415 3049 4088 5163 6511 8211 10099 12098 14697 17495 20290 23473 26801 30041 33375 36583 39528 42251 44559 46492 47627 48461 48572 48373 47408 46038 44348 42191 39928 37338 34706 31900 29279 26597 23889 21348 19024 16808 14791 12928 11240 9737 8503 7308 6281 5387 4617 3938 3330 2840 2414 2069 1740 1470 1258 1085 902 754 643 566 481 406 317 249 213 175 144 110 87 71 63 56 40 31 25 22 18 14 8 6 5 5 3 2 2 1 1 1 1 
0 0 0 250 250 250 319 383 431 562 701 608 885 1259 1588 2053 2781 3625 4670 5946 7500 9252 11418 13683 16175 18845 21779 24818 27956 31023 34153 37254 40141 42561 44710 46423 47476 48077 48122 47643 46684 45341 43532 41438 39134 36618 33892 31012 28114 25475 22865 20381 18039 15940 13919 12276 10765 9343 8022 6849 5872 5015 4284 3629 3034 2528 2157 1833 1543 1298 1113 926 780 676 551 467 382 326 263 229 197 156 133 120 103 87 78 63 54 45 39 26 20 15 11 9 5 4 2 2 1 1 1 1 
0 0 0 250 250 250 313 365 424 573 815 885 1267 1834 2331 3108 4098 5210 6486 8217 10183 12312 14884 17668 20546 23915 27401 30734 34046 37393 40542 43191 45702 47542 48735 49587 49743 49362 48323 46991 45049 42725 40277 37394 34575 31681 28879 26013 23389 20920 18569 16370 14431 12596 10916 9475 8145 6955 5968 5129 4369 3667 3095 2666 2276 1917 1602 1388 1160 980 840 685 568 463 391 310 254 214 176 145 117 101 84 69 58 48 40 32 25 22 17 13 10 9 7 8 8 4 2 1 1 1 1 
0 0 0 250 250 250 332 388 434 567 740 721 1015 1550 1761 2118 2844 3615 4420 5469 6771 8112 9951 11981 14049 16250 19045 21878 24787 27596 30680 33716 36552 39219 41430 43308 44806 45914 46407 46290 45768 44851 43503 41686 39559 37261 34743 32237 29639 27045 24423 21974 19597 17411 15425 13582 11947 10488 9078 7903 6853 5917 5030 4298 3601 3037 2602 2190 1870 1613 1382 1174 1009 825 699 594 500 413 346 295 251 210 184 161 139 120 105 88 75 66 55 51 41 33 31 28 27 23 18 13 11 10 7 6 5 5 4 3 2 1 1 
0 0 0 249 249 249 307 345 396 494 615 545 746 985 1158 1449 1788 2276 3023 3849 4790 6033 7582 9173 11126 13294 15606 18105 21019 23921 26700 29769 32715 35474 37959 40488 42273 43900 45213 46060 46166 45976 45268 43969 42452 40442 38361 35834 33416 30679 28161 25544 23006 20713 18319 16250 14366 12670 11030 9614 8426 7269 6358 5497 4709 4093 3521 3021 2592 2191 1829 1550 1330 1114 928 766 635 522 429 349 277 234 206 176 149 120 101 88 79 69 60 53 45 42 32 28 26 22 21 20 18 15 14 11 10 10 7 7 6 5 4 4 3 2 2 1 1 
0 0 0 250 250 250 305 358 384 469 648 603 867 1278 1584 2179 3058 3954 4985 6220 7754 9446 11515 13741 16008 18746 21671 24729 27843 31075 34310 37195 39956 42348 44363 45922 47006 47584 47512 47219 46313 44974 43152 41047 38585 35838 33186 30330 27657 24854 22240 19817 17632 15618 13693 11981 10371 9030 7905 6817 5879 5079 4366 3705 3140 2669 2207 1886 1558 1291 1049 863 739 634 541 447 380 312 270 235 185 146 118 98 89 73 56 45 42 33 29 25 21 20 18 14 13 9 7 5 2 2 2 1 
0 0 0 250 250 250 306 366 425 514 724 820 1214 1801 2299 2904 3897 5110 6409 7854 9788 11868 14409 17277 20237 23416 26808 30313 33496 36726 39833 42693 45004 46924 48254 49152 49579 49271 48374 47019 45235 43039 40597 37853 34995 32244 29371 26479 23846 21309 19017 16828 14873 12963 11279 9827 8506 7384 6326 5404 4578 3929 3379 2854 2401 1973 1659 1421 1192 987 832 713 620 536 449 373 322 263 231 193 161 133 100 77 61 50 40 29 25 22 17 17 14 10 10 10 7 4 7 5 5 5 4 3 3 3 
0 0 0 250 250 250 313 362 418 607 815 812 1171 1643 1991 2693 3527 4414 5393 6824 8380 10223 12471 14864 17409 20324 23459 26366 29622 32697 35791 38631 41131 43052 44735 46187 46723 46829 46614 45834 44642 43189 41275 38873 36613 34170 31365 28637 26066 23541 21082 18915 16709 14754 12940 11292 9816 8485 7361 6362 5505 4748 4101 3497 2982 2540 2170 1808 1516 1241 1032 871 723 603 491 416 342 291 249 205 188 163 144 117 103 90 71 57 46 32 26 24 21 19 17 12 8 6 5 2 1 2 2 2 1 1 1 1 1 
0 0 0 250 250 250 314 378 431 501 646 571 819 1214 1506 1953 2657 3526 4533 5817 7317 9028 11022 13240 15646 18322 21349 24474 27553 30619 33838 36905 39757 42249 44119 45608 46896 47548 47580 47109 46061 44579 42780 40668 38214 35699 33015 30346 27788 25320 22943 20718 18479 16412 14566 12846 11271 9885 8605 7440 6459 5585 4821 4175 3558 2984 2560 2127 1792 1534 1306 1079 912 773 649 538 459 373 311 266 232 186 150 128 111 90 76 62 49 37 31 28 18 15 12 9 6 6 4 2 2 3 3 2 2 2 1 1 1 
0 0 0 250 250 250 303 356 394 473 579 458 646 917 1130 1434 1910 2529 3316 4299 5315 6674 8442 10425 12545 14961 17751 20746 24043 27428 30738 34088 37288 40117 42642 44788 46398 47613 48219 48291 47893 46838 45471 43577 41562 38966 36353 33546 30767 28285 25495 23030 20588 18406 16311 14404 12622 10964 9615 8285 7127 6062 5190 4440 3837 3294 2777 2361 2003 1701 1424 1192 988 836 697 584 469 405 328 273 223 182 145 121 102 84 72 69 52 42 34 25 22 21 18 10 9 8 7 6 5 3 2 2 2 2 2 1 1 1 1 1 1 
0 0 0 250 250 250 316 378 440 537 693 620 899 1234 1422 1815 2464 3117 3992 5100 6420 7867 9796 11862 14076 16714 19689 22785 25993 29436 32679 35899 39017 41638 43839 45649 46954 47573 47815 47537 46582 45350 43707 41694 39293 36949 34340 31694 29155 26563 23892 21480 19356 17157 15244 13478 11785 10353 9078 7863 6764 5843 5032 4265 3658 3111 2660 2262 1885 1612 1358 1139 947 782 657 546 462 375 310 259 214 185 153 115 93 78 65 54 43 36 27 24 20 15 12 9 8 3 3 2 1 1 1 1 1 1 
0 0 0 250 250 250 311 352 406 577 810 784 1122 1593 1989 2592 3461 4392 5654 7202 8945 10892 13343 15931 18738 21883 25118 28586 31915 35278 38391 41229 43794 45885 47405 48381 48783 48969 48311 47301 45806 43927 41691 39121 36628 33660 30994 28328 25529 22883 20504 18205 16021 14053 12204 10590 9172 7900 6726 5775 4966 4239 3628 3055 2652 2254 1936 1631 1394 1160 986 835 686 565 454 389 319 263 213 163 137 125 95 73 55 43 35 30 25 17 16 12 11 10 5 4 5 3 2 2 2 1 1 1 
0 0 0 250 250 250 318 377 439 532 760 791 1094 1557 1954 2513 3417 4426 5560 6907 8586 10344 12411 14869 17320 20130 23081 26158 29207 32427 35549 38306 40849 42949 44654 45948 46663 46771 46523 45766 44499 42874 40924 38722 36334 33790 31189 28644 26120 23676 21240 18874 16743 14867 13040 11364 9966 8652 7551 6556 5716 4913 4205 3566 2995 2514 2124 1821 1552 1306 1108 950 784 680 568 460 368 311 253 209 192 155 133 110 91 75 64 52 37 32 25 25 20 14 13 11 9 7 8 6 4 4 2 2 2 2 1 1 1 
0 0 0 250 250 250 315 375 429 518 643 567 775 1106 1378 1807 2397 3041 3940 4998 6291 7781 9532 11579 13788 16448 19373 22405 25521 28840 32098 35313 38385 41097 43267 45286 46723 47645 47983 47790 47219 45930 44422 42362 40147 37565 34949 32239 29361 26779 24161 21713 19375 17279 15323 13485 11834 10307 8932 7708 6664 5673 4902 4179 3584 3092 2640 2229 1909 1598 1332 1121 944 789 662 551 445 386 338 276 238 189 158 132 113 95 75 64 51 42 37 34 24 19 14 11 10 9 6 6 4 4 4 5 4 3 3 3 3 3 1 
0 0 0 250 250 250 314 366 415 511 627 498 695 1018 1200 1606 2166 2774 3609 4650 5853 7176 9046 11046 13172 15788 18581 21449 24693 27975 31276 34545 37676 40305 42700 44937 46231 47419 47932 47789 47229 46277 44835 42823 40966 38517 35923 33261 30673 27922 25196 22788 20279 18074 15845 13923 12119 10587 9280 7988 6892 5849 5049 4330 3678 3154 2648 2225 1852 1540 1319 1108 904 764 645 554 475 391 323 269 218 172 139 104 85 65 50 35 29 25 19 13 8 6 3 2 2 2 2 2 2 1 2 2 1 1 1 1 1 1 
0 0 0 250 250 250 314 355 413 537 731 761 1133 1675 2161 2902 3958 5076 6242 7784 9607 11672 14112 16713 19377 22571 25908 29119 32366 35353 38343 41067 43415 45090 46547 47486 47736 47577 46856 45579 43891 41880 39481 36910 34392 31688 28866 26215 23655 21254 18985 16862 14849 13128 11554 10076 8839 7704 6660 5791 4946 4224 3614 3081 2629 2214 1911 1591 1349 1116 911 811 661 546 428 355 304 258 224 168 134 104 91 78 59 53 40 30 28 25 17 16 12 9 8 8 5 4 4 2 2 2 2 
0 0 0 250 250 250 297 354 411 482 584 499 699 913 1096 1312 1692 2099 2695 3290 4114 5243 6568 8218 9999 12049 14430 17202 20035 22998 26000 29168 32292 35358 38426 41067 43324 45215 46770 47586 47889 47800 46761 45287 43749 41721 39492 37025 34444 31773 29081 26612 23959 21535 19157 16988 15030 13139 11539 10029 8666 7441 6370 5456 4646 3973 3408 2900 2508 2125 1801 1545 1315 1105 905 751 624 519 436 351 309 261 219 166 138 112 90 80 61 52 45 43 30 25 23 17 12 10 10 7 7 6 3 3 3 2 
0 0 0 250 250 250 322 386 463 598 784 799 1207 1680 2102 2667 3470 4335 5331 6475 7888 9537 11458 13575 15961 18831 21757 24751 27861 30907 34091 37040 39762 41856 43862 45564 46480 46947 46826 46383 45257 43797 41891 39662 37421 34995 32433 29699 27126 24620 22155 19785 17504 15490 13653 12044 10466 9112 7928 6885 5945 5079 4275 3630 3113 2646 2258 1939 1656 1403 1218 1022 890 768 638 529 464 407 336 283 238 192 158 134 105 91 77 64 49 43 37 28 23 18 14 13 11 8 7 6 3 4 3 2 2 2 2 2 2 1 1 1 1 1 1 
0 0 0 250 250 250 319 381 435 602 771 740 1039 1515 1820 2421 3297 4193 5295 6635 8199 9928 12149 14472 17072 19897 22813 25741 28960 32078 34945 37845 40185 42319 44356 45895 46657 46955 46897 46074 45167 43754 41642 39486 37168 34711 32161 29619 26844 24281 21916 19565 17373 15396 13544 11906 10456 9035 7808 6732 5772 4945 4210 3570 3033 2604 2238 1902 1625 1340 1137 967 830 673 555 475 404 347 300 235 185 150 126 104 82 68 56 51 38 35 25 22 18 14 9 6 5 4 2 
0 0 0 248 248 248 304 374 441 567 775 765 1037 1423 1734 2147 2862 3687 4675 5839 7382 9134 11280 13738 16179 18975 22049 25216 28464 31700 34794 37636 40616 43049 45025 46749 47795 48151 48225 47893 46776 45212 43261 40815 38338 35840 33168 30300 27517 24920 22416 20079 17757 15677 13687 11948 10415 9044 7818 6787 5884 5054 4322 3725 3155 2682 2266 1908 1604 1373 1152 959 811 686 570 476 401 324 269 228 187 150 123 101 79 70 66 59 51 39 35 34 30 27 21 15 12 12 12 9 8 6 5 5 5 4 2 1 
0 0 0 250 250 250 308 370 432 522 658 572 810 1192 1527 2021 2669 3344 4338 5639 7132 8688 10710 12827 15110 17860 20673 23520 26563 29721 32754 35724 38701 41140 43151 44917 46096 46890 47095 46735 45846 44782 43195 41111 38910 36446 33767 31265 28601 25895 23404 21027 18688 16475 14604 12749 11124 9582 8293 7136 6117 5258 4483 3816 3249 2799 2368 2038 1761 1498 1246 1059 904 771 649 565 478 412 355 300 244 200 177 145 129 114 95 83 71 60 51 38 24 17 19 15 14 11 10 11 11 8 9 9 9 9 9 7 7 8 5 4 3 2 1 1 1 
0 0 0 250 250 250 305 355 409 564 744 684 996 1409 1718 2158 2972 3762 4779 6152 7697 9354 11515 13912 16427 19240 22162 25201 28485 31768 34908 38106 40873 43384 45632 47459 48355 48920 49003 48275 47010 45371 43244 40725 38298 35641 32724 29900 27235 24661 22122 19697 17358 15238 13367 11700 10245 8782 7628 6600 5696 4876 4181 3525 2933 2494 2079 1720 1455 1206 1003 856 723 605 505 423 342 291 242 190 155 126 100 91 75 58 49 42 37 30 28 22 17 14 12 9 9 9 5 4 4 3 1 
0 0 0 250 250 250 293 337 389 520 648 566 854 1185 1486 1983 2572 3134 4070 5224 6440 7937 9658 11715 14024 16488 19165 22107 25218 28273 31519 34503 37299 40148 42400 44019 45441 46604 47105 46925 46288 45253 43825 42183 40010 37546 34909 32402 29843 27164 24672 22249 19945 17696 15668 13815 12119 10590 9167 7881 6798 5861 5031 4268 3670 3090 2615 2236 1886 1586 1357 1146 946 834 699 589 490 417 349 297 254 192 163 128 104 84 68 54 41 34 27 19 18 15 13 11 12 11 7 7 5 5 3 3 2 1 1 1 
0 0 0 250 250 250 314 377 451 535 704 675 982 1393 1662 2078 2806 3643 4576 5790 7268 8888 10959 13352 15795 18499 21506 24658 27812 31036 34115 36923 39625 42112 44049 45511 46609 47120 47234 46681 45617 44042 42301 40248 37749 35285 32743 30183 27623 25208 22775 20384 18252 16249 14287 12589 11099 9687 8418 7345 6387 5433 4651 4057 3454 2927 2499 2110 1782 1528 1300 1093 916 785 657 543 453 388 316 258 216 176 138 119 91 68 59 52 45 35 29 19 20 17 16 13 9 7 5 5 2 2 1 1 1 1 
0 0 0 250 250 250 335 393 450 540 700 646 884 1329 1554 1937 2633 3285 3952 4994 6302 7453 9141 10975 12825 15129 17894 20566 23042 26042 28982 31863 34626 37222 39232 41214 43015 44085 44649 44790 44610 43892 42891 41400 39598 37508 35388 33079 30540 28102 25631 23208 20912 18831 16717 14854 13141 11483 10078 8735 7543 6482 5616 4774 4093 3521 3003 2518 2113 1799 1499 1291 1109 907 751 639 545 454 373 323 268 226 194 166 145 124 111 88 76 69 52 44 36 29 25 23 22 17 15 14 9 9 5 5 3 3 3 2 2 1 1 1 
0 0 0 250 250 250 303 365 419 506 728 697 994 1388 1844 2422 3228 4126 5071 6500 8086 9816 11862 14183 16665 19578 22670 25678 28791 32116 35312 38262 40914 43186 45099 46536 47412 47827 47648 46932 45933 44324 42200 39886 37469 34756 32023 29346 26520 23858 21478 19175 17069 15108 13254 11580 10150 8861 7704 6673 5732 4862 4165 3543 2995 2539 2157 1829 1510 1278 1073 904 771 656 566 478 410 341 281 252 206 181 155 131 116 101 86 70 65 53 41 37 33 29 23 18 13 12 12 11 9 9 7 4 2 1 1 1 1 1 1 1 1 1 
0 0 0 250 250 250 307 367 409 525 666 580 810 1118 1238 1581 2207 2761 3514 4479 5556 6859 8604 10452 12515 14998 17722 20575 23606 26705 29950 33129 36108 38827 41290 43471 45302 46512 47155 47398 47102 46432 45022 43320 41245 39058 36548 33950 31263 28485 25967 23348 20908 18629 16534 14543 12757 11127 9642 8364 7188 6163 5346 4587 3915 3317 2811 2385 2022 1702 1378 1123 914 770 644 538 454 369 322 268 218 173 146 119 92 73 59 45 40 37 31 28 26 23 21 19 14 10 8 6 4 2 1 3 3 3 2 2 2 2 2 
0 0 0 250 250 250 317 377 437 532 658 616 884 1182 1403 1813 2473 3221 4093 5184 6630 8242 10216 12361 14712 17487 20417 23528 26781 30171 33390 36626 39626 42259 44696 46526 47714 48429 48857 48630 47550 46208 44396 42230 39782 37239 34413 31606 29129 26314 23597 21153 18853 16583 14588 12747 10977 9570 8295 7151 6139 5255 4442 3712 3183 2690 2258 1877 1565 1322 1114 928 773 619 517 436 369 312 261 211 165 131 115 93 80 64 49 41 29 26 16 14 11 10 10 10 9 7 7 7 7 6 6 5 5 5 4 4 4 5 4 4 3 2 3 3 3 2 3 2 2 2 2 2 2 2 1 1 1 1 
0 0 0 250 250 250 314 373 421 486 597 495 694 907 1094 1368 1817 2422 3020 3752 4731 5966 7429 9129 11131 13265 15790 18647 21503 24495 27662 30800 33728 36708 39258 41505 43568 45319 46282 46797 46818 46207 45450 44096 42299 39991 37746 35263 32768 30183 27490 24927 22396 20079 17852 15848 13933 12224 10666 9252 8069 6988 6050 5196 4477 3849 3290 2822 2395 2061 1730 1491 1247 1059 902 776 658 540 473 392 338 293 245 198 169 147 116 97 86 69 61 53 44 38 33 29 19 21 18 15 14 9 9 7 8 5 4 3 1 1 1 1 
0 0 0 250 250 250 296 344 391 465 630 540 779 1128 1321 1674 2337 3008 3697 4857 6030 7492 9403 11343 13415 15962 18801 21598 24702 27762 30903 34249 37527 40272 42704 44835 46511 47623 48142 48049 47478 46495 45042 43093 40893 38488 35972 33298 30439 27656 25046 22519 20106 17898 15766 13871 12145 10633 9208 8000 6919 5951 5131 4379 3726 3167 2705 2277 1900 1600 1337 1150 966 808 697 598 514 434 371 300 255 226 172 145 120 103 93 82 68 57 50 42 30 26 22 18 11 10 7 5 5 4 2 2 1 
0 0 0 250 250 250 298 354 411 518 709 719 1022 1493 2009 2757 3723 4890 6221 7815 9817 11906 14309 16980 19993 22990 26217 29625 32896 36243 39367 42162 44502 46513 48034 48884 49172 48903 48166 46782 44996 43037 40741 38093 35387 32538 29605 26936 24364 21765 19316 17103 15051 13183 11543 9998 8563 7298 6222 5313 4496 3817 3248 2780 2360 2028 1684 1453 1229 1065 898 744 612 511 424 331 281 218 186 143 127 107 91 77 66 51 40 36 21 15 14 10 6 6 5 2 3 3 2 3 3 3 2 2 1 1 1 
0 0 0 250 250 250 316 395 451 535 727 697 958 1409 1712 2204 2983 3817 4813 6044 7521 9127 11208 13540 15960 18774 21755 24958 28187 31579 34861 37808 40710 43217 45323 46728 47851 48399 48166 47713 46561 44967 43028 41010 38483 35721 33082 30216 27478 24847 22253 19759 17503 15380 13501 11824 10317 8905 7683 6562 5634 4848 4124 3492 2940 2500 2108 1788 1491 1263 1072 915 757 635 541 460 400 321 268 216 187 152 126 108 90 74 63 52 33 29 23 17 13 10 9 7 5 4 2 1 1 1 
0 0 0 250 250 250 319 390 453 554 719 724 1026 1363 1797 2403 3149 4065 5189 6571 8238 10290 12332 14605 17342 20217 23259 26284 29410 32587 35735 38759 41300 43424 45168 46524 47373 47501 47255 46470 45140 43593 41726 39412 36878 34340 31655 28878 26325 23786 21277 19042 16924 14894 13086 11590 10104 8769 7612 6588 5688 4897 4200 3529 3018 2579 2172 1857 1567 1338 1158 973 813 701 610 504 419 332 272 227 195 160 123 105 95 77 63 50 38 31 25 20 13 12 10 8 5 3 2 1 1 1 
0 0 0 250 250 250 305 357 406 556 732 707 976 1509 1933 2440 3173 4029 5076 6393 7912 9459 11533 13794 16344 19200 22188 25089 28288 31325 34420 37332 40010 42157 43990 45617 46456 47081 46940 46404 45368 43797 41982 39790 37587 35047 32412 29831 27115 24674 22196 19774 17484 15460 13621 11901 10399 9038 7841 6866 5895 5044 4308 3648 3095 2615 2185 1812 1539 1286 1053 874 729 610 515 437 378 329 292 250 208 183 167 145 121 97 78 67 56 47 38 34 32 31 24 22 19 18 16 13 9 10 9 10 8 6 5 4 5 4 4 2 3 3 2 2 2 2 2 2 1 1 1 1 
0 0 0 250 250 250 342 414 475 602 747 822 1219 1699 2134 2736 3614 4676 5995 7434 9194 11168 13485 16016 18683 21768 24982 28301 31491 34798 38004 41029 43614 45497 47061 48205 48699 48698 47915 46655 45153 43311 41083 38484 35942 33043 30334 27666 24951 22380 19909 17647 15504 13625 11955 10402 9028 7816 6718 5743 4932 4225 3555 2993 2563 2191 1847 1553 1303 1112 952 814 685 562 487 410 338 270 225 182 148 119 102 84 64 52 41 35 31 24 16 15 12 9 7 8 6 5 4 3 3 2 2 1 
0 0 0 250 250 250 311 372 423 501 620 506 753 1124 1331 1659 2191 2700 3337 4216 5216 6344 7781 9479 11174 13326 15696 18093 20610 23487 26471 29094 32022 34897 37491 39944 42008 43418 44425 45095 45268 44699 43890 42588 40907 39076 36904 34693 32193 29821 27214 24728 22447 20091 17970 16047 14246 12527 11023 9642 8362 7284 6331 5471 4694 3996 3413 2907 2464 2086 1751 1468 1261 1065 898 750 652 547 456 370 294 246 211 181 146 117 100 85 70 61 50 41 32 24 17 15 12 9 5 2 1 1 1 1 1 1 1 1 1 
0 0 0 249 249 249 313 368 412 534 651 551 792 1136 1388 1920 2546 3182 4115 5330 6609 8127 10067 11983 14300 17022 19884 22781 25939 29262 32497 35722 38704 41343 43759 45600 46942 47711 48026 47710 46903 45699 43890 41998 39832 37211 34575 31969 29261 26549 24046 21540 19188 17089 15045 13185 11572 10135 8733 7524 6453 5628 4848 4185 3560 2996 2551 2212 1903 1592 1322 1107 954 794 658 536 441 365 308 265 219 191 161 133 114 101 84 63 49 38 39 35 28 20 18 15 12 10 7 5 5 4 4 3 3 3 2 2 1 1 1 1 1 
0 0 0 249 249 249 308 355 392 484 601 500 680 932 1086 1433 1909 2329 2889 3742 4762 5883 7407 9155 11064 13473 16167 18883 21859 25149 28434 31545 34846 37962 40721 43270 45291 46730 47918 48525 48553 47959 46847 45393 43526 41382 38775 36158 33330 30511 27894 25081 22537 20129 17848 15863 13967 12190 10568 9167 7867 6737 5830 4886 4117 3481 2890 2441 2093 1781 1485 1261 1058 904 772 675 565 487 396 331 288 242 197 153 139 116 96 77 71 62 53 46 33 27 20 16 14 12 11 11 12 12 11 10 7 7 7 6 4 3 3 2 1 1 
0 0 0 250 250 250 302 344 395 514 638 598 877 1227 1506 1983 2568 3257 4139 5211 6526 8062 9979 12152 14321 16944 19694 22528 25481 28571 31732 34527 37372 39683 41777 43605 44995 45864 46033 45882 45244 44293 42915 41152 39033 36727 34370 31872 29441 26969 24482 22028 19702 17516 15537 13765 12072 10513 9189 8044 7012 6069 5178 4410 3763 3202 2724 2289 1957 1635 1365 1137 968 824 694 580 476 418 360 304 248 203 155 130 110 83 66 55 42 35 33 26 23 22 18 15 13 10 8 7 6 4 2 2 2 2 1 1 3 3 3 3 2 2 2 2 
0 0 0 250 250 250 317 381 441 651 901 915 1308 1894 2407 3129 4064 5130 6436 8008 9906 11836 14170 16938 19832 22932 26216 29525 32826 36127 39207 41804 44238 46162 47479 48390 48556 48209 47449 46203 44396 42224 39874 37268 34658 32036 29268 26530 23898 21414 19082 16853 14767 12870 11214 9774 8475 7309 6252 5387 4638 3941 3350 2813 2372 2042 1755 1484 1252 1063 902 752 646 533 424 358 300 248 205 174 142 112 96 80 61 50 38 29 25 21 16 13 9 7 4 4 2 1 
0 0 0 250 250 250 289 340 387 484 705 743 1069 1577 2108 2773 3695 4738 5936 7469 9294 11324 13560 16086 18786 21902 25126 28430 31605 34775 37943 40849 43528 45548 47004 47817 48342 48148 47505 46487 44807 42795 40564 38231 35593 33022 30248 27408 24696 22120 19817 17568 15525 13575 11931 10333 9007 7900 6785 5838 4974 4252 3574 3096 2628 2178 1828 1544 1324 1122 947 776 652 558 486 378 314 265 221 186 153 122 104 94 78 59 46 39 34 30 22 16 13 14 11 11 11 9 8 7 4 2 2 1 1 1 
0 0 0 249 249 249 308 366 405 535 702 705 1018 1387 1681 2099 2864 3680 4682 5812 7231 8939 11055 13307 15577 18247 20972 23931 27063 29977 32855 35748 38443 40732 42793 44283 45306 45980 46094 45829 44979 43622 42052 40077 37696 35254 32767 30049 27412 24909 22366 20103 17962 15939 14031 12261 10769 9394 8122 7049 6110 5266 4490 3881 3301 2825 2443 2054 1737 1489 1277 1092 941 788 655 560 476 392 345 290 237 208 165 141 124 105 78 61 59 51 41 32 25 20 16 15 11 7 6 3 2 2 2 1 1 1 
0 0 0 250 250 250 299 360 403 535 704 700 1080 1560 1939 2714 3779 4892 6208 7748 9603 11769 14472 17056 19899 23156 26597 30143 33540 36862 39873 42796 45213 46939 48327 49180 49487 49250 48470 46984 45216 43270 40780 38027 35231 32383 29463 26745 24106 21530 19155 16967 14914 12948 11335 9868 8500 7281 6240 5339 4545 3884 3274 2804 2362 1995 1720 1471 1257 1061 894 733 619 527 422 356 295 253 215 189 161 140 118 92 76 58 45 32 25 20 16 14 9 9 9 7 5 3 1 1 1 1 
0 0 0 250 250 250 310 371 436 544 703 633 861 1254 1532 2014 2611 3344 4238 5356 6746 8330 10285 12411 14976 17614 20410 23634 26810 30010 33227 36189 38858 41482 43814 45352 46636 47317 47367 47162 46403 45167 43369 41426 39029 36544 34106 31478 28703 26064 23568 21167 18969 16876 14831 13007 11499 9954 8651 7458 6409 5492 4736 4042 3401 2916 2497 2111 1784 1525 1293 1092 947 807 679 579 504 423 351 293 246 198 169 145 119 101 92 76 61 55 50 40 36 34 26 21 17 15 13 12 10 8 8 8 6 4 4 3 3 3 3 4 4 5 5 4 4 3 4 3 3 2 1 1 1 1 
0 0 0 250 250 250 309 348 392 461 552 428 578 836 1029 1345 1807 2435 3175 4150 5427 6865 8616 10599 12953 15560 18373 21404 24464 27721 31035 34277 37163 39990 42517 44685 46437 47592 48079 48250 47870 46911 45473 43508 41210 38850 36470 33674 31109 28322 25626 23241 20887 18590 16373 14467 12578 10981 9630 8262 7176 6145 5310 4545 3873 3286 2781 2345 1955 1651 1353 1141 966 811 674 562 477 376 317 263 215 185 146 118 95 86 74 58 46 33 29 23 20 14 11 10 5 3 2 2 2 2 2 1 1 
0 0 0 250 250 250 328 388 451 544 674 594 812 1151 1390 1890 2610 3438 4436 5702 7237 8834 10852 13181 15632 18370 21287 24454 27584 30851 34103 37060 39779 42301 44572 46202 47248 47842 47937 47511 46606 45223 43298 41006 38798 36271 33642 30843 28173 25480 22900 20600 18184 16047 14137 12443 10834 9344 8074 6937 6027 5273 4393 3735 3171 2705 2319 1943 1634 1360 1161 956 803 688 570 463 409 319 270 221 178 149 117 100 71 62 50 36 30 26 21 18 15 9 6 6 4 3 3 3 3 3 3 2 1 1 1 
0 0 0 250 250 250 310 358 406 510 616 560 811 1246 1624 2116 2923 3904 5032 6268 7945 9728 11921 14353 16893 19837 22866 26079 29372 32589 35502 38651 41178 43452 45358 46868 47573 47853 47788 46861 45779 44121 42179 39887 37413 34808 32210 29638 27026 24386 21929 19562 17472 15507 13618 11830 10326 8954 7726 6643 5677 4865 4169 3575 3064 2588 2203 1903 1610 1366 1136 944 779 662 544 456 378 306 261 225 184 150 115 97 76 60 40 30 25 21 17 13 9 8 7 6 4 2 2 1 1 1 1 
0 0 0 250 250 250 329 408 486 669 904 878 1263 1769 2215 2837 3740 4662 5874 7560 9336 11432 13816 16522 19255 22495 25888 29007 32536 35905 38978 41946 44632 46869 48356 49409 49721 49576 48949 47730 46022 43812 41542 39065 36291 33374 30473 27568 24946 22325 19748 17540 15401 13497 11861 10314 8862 7627 6563 5521 4731 4021 3418 2898 2434 2037 1724 1472 1254 1017 862 722 597 499 426 344 274 235 187 155 131 116 88 71 61 47 35 27 24 18 17 13 12 7 7 5 3 3 2 2 2 2 2 
0 0 0 250 250 250 295 355 398 485 673 626 908 1302 1719 2301 3016 3902 4863 6185 7713 9405 11423 13661 16232 19230 22233 25238 28456 31726 34777 37598 40129 42386 44431 45902 46879 47331 47351 46996 46118 44352 42364 40303 37899 35365 32616 29922 27232 24788 22340 20011 17764 15647 13856 12088 10561 9142 7929 6835 5909 5105 4410 3783 3242 2828 2421 2054 1749 1496 1250 1049 869 735 624 500 400 314 265 229 200 154 133 116 98 91 70 53 42 39 33 27 22 16 18 15 11 9 6 4 4 3 1 1 1 1 1 
0 0 0 250 250 250 324 374 424 539 664 580 887 1228 1487 1910 2633 3366 4232 5367 6634 8199 10119 12289 14540 17193 20145 23087 26195 29500 32529 35569 38413 40985 43112 44982 46317 46946 47299 47108 46396 45164 43686 41776 39597 37189 34759 32034 29335 26689 24024 21530 19188 17034 14971 13154 11492 10015 8736 7542 6489 5605 4824 4152 3574 3036 2547 2172 1842 1540 1270 1057 887 755 641 534 444 373 296 244 206 167 133 109 90 73 64 54 47 43 34 25 21 18 13 10 8 3 1 1 1 
0 0 0 250 250 250 308 364 420 514 645 622 903 1269 1623 2152 2850 3625 4575 5728 7098 8677 10719 12964 15340 18061 21169 24171 27501 30829 33986 37041 40072 42481 44449 46212 47251 47770 47733 47158 46016 44646 42863 40637 38232 35705 33135 30373 27720 25156 22649 20267 18027 15977 14060 12435 10866 9488 8235 7183 6229 5372 4604 3969 3390 2889 2444 2113 1781 1516 1278 1055 903 763 645 526 472 402 337 290 240 203 163 133 101 80 70 53 40 33 24 20 18 17 11 10 8 7 5 4 3 2 2 2 1 
0 0 0 249 249 249 309 366 413 536 680 585 826 1146 1406 1874 2587 3275 4172 5309 6713 8327 10320 12496 14861 17540 20467 23590 26889 30224 33594 36877 39655 42372 44688 46586 47832 48599 48668 48219 47635 46251 44537 42506 40077 37461 34733 31956 29069 26375 23639 21033 18683 16460 14517 12648 11026 9576 8342 7164 6166 5337 4574 3958 3351 2850 2395 2039 1745 1464 1223 1002 860 726 609 493 395 330 270 230 184 148 129 106 91 74 60 48 36 30 24 22 17 14 11 13 10 8 5 6 5 4 4 2 2 2 2 1 1 
0 0 0 250 250 250 328 414 481 714 1013 1124 1682 2454 3077 3981 5206 6625 8274 10308 12538 14968 17908 20937 24140 27388 30754 33995 37070 40155 42771 45096 47029 48302 49117 49317 48946 47828 46452 44558 42127 39845 37082 34284 31528 28769 25970 23345 20947 18476 16291 14348 12505 10856 9421 8141 7003 5990 5178 4371 3709 3130 2650 2253 1895 1594 1308 1089 920 789 667 555 481 408 355 306 263 233 197 165 144 118 95 78 67 46 37 34 26 20 14 11 3 3 4 3 3 2 1 1 1 1 
