0 0 0 248 248 248 298 350 410 496 632 541 743 1011 1206 1558 2054 2554 3133 3962 4884 5785 7024 8348 9627 11226 12935 14517 16269 18093 19957 21744 23494 25037 26419 27818 28857 29629 30039 30363 30441 30163 29833 29077 28191 27351 26204 24885 23467 22065 20527 19028 17575 15983 14676 13319 12041 10846 9742 8733 7816 6986 6172 5450 4858 4304 3795 3338 2893 2571 2250 1960 1704 1502 1299 1121 982 853 742 644 558 481 417 365 318 272 222 197 164 146 127 108 99 83 68 56 55 43 37 39 29 25 23 18 14 16 14 8 6 6 6 6 5 2 2 3 3 3 2 2 2 1 1 
0 0 0 250 250 250 351 460 565 707 989 1059 1429 1931 2358 2974 3807 4756 5830 7078 8553 10063 11859 13860 15753 17773 19747 21703 23795 25822 27634 28976 30317 31412 32193 32673 32685 32446 32007 31579 30638 29468 28218 26887 25360 23783 22212 20420 18896 17357 15833 14315 12968 11688 10384 9334 8265 7315 6504 5782 5070 4467 3961 3420 2975 2618 2300 1995 1760 1542 1354 1178 1037 904 775 681 583 494 407 354 313 263 222 186 173 149 136 116 93 79 65 50 35 32 25 22 18 16 14 10 9 6 4 2 2 1 1 1 1 1 1 1 
0 0 0 250 249 249 307 360 405 496 611 522 766 1122 1323 1702 2214 2806 3540 4415 5436 6523 7981 9446 11007 12702 14531 16455 18280 20219 22053 23874 25635 27107 28395 29550 30459 31150 31447 31518 31338 30840 30117 29118 27957 26621 25227 23702 22026 20585 19023 17517 16073 14641 13287 12038 10865 9721 8725 7758 6865 6027 5353 4709 4176 3729 3275 2832 2499 2182 1886 1639 1423 1224 1050 933 812 704 598 517 445 373 323 271 237 203 179 148 116 98 85 68 55 44 37 32 29 30 25 23 19 19 16 14 12 10 8 6 5 3 3 2 2 
0 0 0 249 249 249 309 366 409 498 629 602 876 1305 1780 2406 3187 4023 5112 6326 7657 9254 10980 12776 14768 16895 19012 21143 23244 25261 27299 29237 30743 32013 32926 33761 34252 34296 33823 33116 32188 31149 29969 28382 26787 25135 23420 21681 20015 18323 16680 15139 13642 12169 10932 9745 8696 7674 6762 5942 5309 4638 4051 3528 3082 2713 2355 2036 1719 1529 1318 1127 957 819 709 616 505 428 366 325 283 238 213 180 151 129 104 92 78 70 55 45 41 32 31 23 22 17 19 19 17 18 15 13 9 8 5 4 4 2 3 3 3 2 2 2 1 1 
0 0 0 249 249 249 307 365 423 571 759 794 1101 1561 1994 2572 3302 4210 5196 6445 7914 9464 11161 13041 15018 17041 19197 21318 23229 25170 27130 28829 30326 31475 32491 32962 33367 33359 33062 32475 31600 30458 29138 27791 26142 24502 22825 21133 19463 17957 16346 14835 13474 12187 10913 9798 8736 7755 6897 6058 5347 4694 4095 3548 3126 2719 2349 2053 1778 1523 1321 1116 949 829 727 623 549 475 413 367 314 275 231 202 172 152 130 112 101 84 70 57 48 45 41 35 31 26 23 19 12 9 7 5 4 3 2 
0 0 0 249 249 249 304 352 422 479 647 625 831 1124 1449 1871 2320 2878 3536 4300 5263 6279 7302 8598 9986 11486 12957 14562 16203 17880 19666 21071 22614 24233 25576 26634 27564 28324 28768 29170 29329 28977 28580 28014 27031 26077 24969 23688 22295 20909 19491 18063 16746 15359 14156 12984 11789 10729 9753 8778 7935 7121 6323 5621 4964 4392 3794 3356 2932 2572 2235 1929 1693 1461 1271 1097 959 803 676 595 506 437 381 334 289 258 226 186 161 135 128 116 103 93 79 75 69 58 47 40 38 34 29 23 22 19 15 15 11 8 9 8 7 8 13 11 12 11 11 13 13 13 9 9 9 10 10 9 9 9 8 8 9 9 8 7 7 6 6 6 4 3 
0 0 0 250 250 250 305 360 410 569 792 772 1078 1568 1936 2458 3132 3786 4602 5608 6765 7851 9343 10752 12241 14096 15830 17551 19386 21265 23058 24743 26303 27488 28600 29592 30185 30476 30576 30479 30140 29632 28900 27810 26587 25460 23991 22536 21096 19490 17943 16581 15231 13813 12553 11397 10308 9317 8327 7434 6582 5817 5168 4534 3942 3465 3080 2637 2357 2066 1789 1581 1372 1173 991 877 734 630 540 446 379 334 302 251 203 180 137 111 99 80 58 60 55 48 48 46 37 34 32 26 22 18 11 7 4 4 4 2 2 3 3 3 3 2 1 1 1 
0 0 0 250 250 250 317 381 441 556 692 569 744 972 1103 1302 1597 1913 2210 2667 3331 4038 4820 5754 6788 7836 9172 10517 11893 13295 14945 16577 18174 19849 21420 22923 24300 25696 26691 27652 28435 28862 29088 29226 28941 28335 27710 26914 25880 24820 23648 22227 20919 19572 18215 16724 15392 14098 12902 11688 10577 9602 8685 7863 7008 6333 5605 5024 4470 3969 3535 3093 2749 2358 2085 1851 1619 1429 1229 1095 960 864 751 654 589 502 436 370 320 266 221 190 152 137 120 102 87 77 66 55 52 44 38 30 27 23 23 21 16 11 10 12 10 9 6 5 5 5 4 3 3 4 2 2 3 3 3 2 2 1 1 1 
0 0 0 249 249 249 295 363 398 507 652 596 856 1122 1462 1858 2396 2999 3761 4638 5653 6784 8133 9591 11126 12845 14584 16421 18372 20460 22320 24231 25914 27459 28863 30094 30848 31343 31784 31643 31539 31099 30200 29021 27882 26599 25034 23569 21923 20268 18778 17300 15817 14376 12989 11730 10581 9436 8435 7565 6772 5958 5258 4643 4090 3616 3213 2807 2433 2119 1871 1607 1367 1203 1013 890 779 678 583 522 449 395 350 309 261 235 207 171 153 129 116 95 83 71 59 54 44 37 31 30 24 23 21 18 16 16 15 12 11 9 6 6 5 3 2 2 2 2 1 1 1 1 1 1 1 1 1 1 1 2 6 6 6 6 6 10 11 11 9 9 10 10 
0 0 0 250 250 250 317 387 461 584 769 865 1223 1717 2194 2827 3611 4567 5696 6898 8285 9749 11370 13044 14695 16607 18465 20187 22003 23778 25461 26972 28459 29484 30277 31088 31327 31291 31086 30656 29864 28920 27808 26393 25072 23734 22110 20622 19128 17605 16178 14745 13440 12072 10929 9757 8725 7781 6884 6092 5345 4677 4085 3617 3191 2800 2450 2168 1858 1651 1470 1217 1032 860 747 617 538 455 372 322 275 255 203 179 157 131 118 95 76 61 56 49 42 38 32 33 32 28 22 23 21 18 15 10 8 6 7 6 4 3 2 2 2 2 1 
0 0 0 250 250 250 307 364 403 548 719 675 961 1290 1491 1856 2372 2781 3357 4186 5102 6031 7270 8474 9776 11293 12873 14373 16060 17798 19409 21085 22650 24155 25542 26651 27510 28213 28795 29079 29277 29019 28598 28095 27341 26438 25343 24256 22826 21622 20308 18948 17532 16138 14774 13400 12220 11034 9909 8878 7989 7192 6437 5778 5149 4571 4043 3578 3144 2725 2412 2115 1848 1617 1393 1206 1045 921 787 669 595 506 455 394 345 310 274 247 208 185 158 140 125 106 94 84 75 66 59 52 47 42 38 34 29 27 26 26 23 20 18 16 16 15 14 12 13 10 10 10 9 8 5 5 3 3 2 2 2 2 2 1 1 1 2 2 1 1 1 1 1 1 
0 0 0 250 250 250 297 352 399 476 645 567 779 1202 1540 2001 2701 3552 4326 5287 6495 7674 9104 10698 12214 13899 15769 17660 19468 21369 23150 24810 26456 27913 29211 30303 31132 31631 31922 31905 31553 30928 30070 29002 27762 26467 24911 23482 21956 20343 18804 17303 15789 14270 12999 11621 10395 9371 8334 7354 6527 5825 5148 4535 4034 3517 3062 2712 2404 2042 1783 1562 1352 1161 1005 847 742 660 565 483 417 368 326 277 229 193 166 144 125 110 100 86 74 62 61 46 45 37 29 29 23 19 15 16 13 10 10 9 9 10 8 8 7 7 4 4 4 3 3 2 2 2 2 
0 0 0 249 249 249 323 375 424 517 684 595 784 1108 1269 1568 2053 2512 3022 3773 4588 5412 6585 7874 9120 10616 12115 13694 15416 17073 18772 20522 22187 23747 25325 26599 27685 28748 29414 29639 29896 29936 29610 29125 28520 27574 26586 25533 24098 22665 21208 19831 18282 16811 15445 14155 12971 11683 10615 9486 8516 7686 6829 6044 5389 4816 4245 3740 3276 2864 2501 2210 1946 1693 1479 1286 1137 990 880 752 646 587 501 458 405 370 324 294 260 222 206 189 170 156 138 121 107 99 86 74 65 52 46 42 42 40 32 28 22 20 17 12 9 8 9 10 8 9 7 6 6 5 3 2 2 1 
0 0 0 250 250 250 309 375 425 500 677 647 905 1220 1475 1970 2601 3251 3993 4901 5928 7041 8396 9753 11206 12886 14575 16340 18073 19935 21661 23384 25005 26427 27842 28742 29534 30052 30456 30390 30174 29723 28877 27998 27016 25738 24372 23145 21693 20206 18762 17393 15961 14699 13361 12010 10820 9779 8747 7839 7017 6254 5583 4984 4409 3860 3407 3000 2638 2309 2008 1760 1534 1335 1180 1004 871 764 670 558 486 427 357 310 266 224 186 161 136 105 88 82 68 60 49 41 32 28 29 23 19 14 12 7 6 5 2 3 2 2 2 2 1 1 1 
0 0 0 250 250 250 301 358 416 541 705 706 1020 1513 1981 2501 3257 4098 5057 6105 7360 8743 10362 12234 13982 15862 17944 20021 22068 23959 25775 27326 28948 30211 31163 31896 32323 32435 32155 31689 30874 30079 29007 27691 26159 24620 23075 21506 19960 18331 16723 15269 13945 12652 11462 10370 9292 8237 7358 6560 5804 5118 4506 3882 3397 3018 2601 2229 1937 1687 1448 1275 1109 920 775 668 574 507 429 363 293 255 228 190 161 129 112 98 87 77 66 53 49 48 46 40 38 35 32 28 22 15 14 12 11 8 8 9 8 8 6 7 6 6 3 3 3 2 2 1 1 1 1 
0 0 0 250 250 250 308 367 426 592 872 930 1299 1889 2451 3170 4095 5035 6010 7244 8699 10100 11751 13477 15372 17234 19379 21355 23254 25203 27048 28505 29789 31006 31771 32284 32498 32405 31972 31376 30489 29369 28083 26751 25335 23736 22175 20667 19040 17465 15899 14428 12978 11732 10432 9369 8376 7508 6708 5868 5205 4544 3982 3465 3033 2593 2251 2028 1757 1483 1326 1155 989 872 768 639 551 500 425 359 322 273 233 213 187 163 141 119 98 82 68 62 54 49 41 34 30 28 23 16 9 8 6 5 3 1 1 1 1 1 
0 0 0 250 250 250 315 382 443 533 644 603 854 1139 1313 1707 2240 2740 3416 4211 5097 6232 7537 8881 10296 11907 13610 15261 17066 18874 20692 22418 24232 25746 27150 28513 29592 30297 30697 31065 30882 30613 30121 29261 28413 27302 26145 24665 23144 21775 20214 18763 17060 15734 14323 12946 11846 10589 9504 8444 7586 6649 5896 5251 4553 4023 3534 3100 2688 2322 2013 1742 1525 1328 1154 999 876 775 664 577 518 451 388 348 296 243 222 198 175 150 135 116 109 99 90 70 51 50 43 39 30 26 20 19 19 14 11 9 9 6 5 5 4 2 2 2 1 1 
0 0 0 250 250 250 310 358 420 546 681 608 849 1103 1376 1831 2432 3107 3863 4799 5892 7209 8712 10303 12009 13685 15627 17573 19489 21375 23244 24990 26547 28049 29236 30245 31078 31518 31677 31600 31261 30745 29870 28816 27541 26300 24808 23217 21673 20048 18597 17064 15574 14151 12842 11598 10418 9323 8256 7353 6519 5753 5071 4512 3931 3453 3034 2618 2318 1967 1706 1456 1248 1114 958 841 728 655 568 499 447 363 313 262 210 172 149 124 94 82 64 55 51 43 28 22 16 10 7 6 4 1 1 
0 0 0 250 250 250 313 377 430 582 801 779 1138 1678 1994 2504 3294 3983 4782 6017 7186 8330 9881 11359 12876 14681 16479 18046 19885 21594 23269 24915 26308 27554 28701 29497 29977 30421 30573 30449 30175 29485 28718 27835 26683 25357 23939 22521 20985 19539 17932 16421 15172 13856 12591 11359 10268 9245 8298 7425 6547 5810 5119 4486 3945 3478 3054 2686 2364 2042 1808 1598 1369 1188 1047 914 762 699 593 527 483 424 369 320 292 238 209 183 154 133 116 101 85 81 71 60 60 63 58 50 46 40 38 33 25 16 14 16 12 9 8 8 7 6 4 1 1 1 1 
0 0 0 250 250 250 303 361 399 518 721 693 935 1388 1777 2316 3014 3734 4554 5529 6718 7944 9506 11125 12655 14566 16339 18379 20358 22270 24048 25795 27497 28863 30265 31017 31659 32103 32417 32094 31682 30905 29883 28858 27477 25957 24161 22641 21022 19436 17872 16344 15007 13590 12302 11092 9927 8873 7884 7000 6149 5462 4769 4175 3664 3210 2799 2468 2174 1891 1701 1495 1336 1167 1024 864 723 619 537 482 396 345 293 250 227 204 171 138 126 118 104 93 79 70 63 57 48 38 30 23 18 14 10 7 5 4 5 4 3 2 1 2 2 2 1 1 1 1 1 
0 0 0 250 250 250 294 353 409 481 583 462 647 939 1080 1357 1803 2278 2806 3490 4255 5101 6230 7441 8590 9972 11597 13171 14837 16691 18557 20259 22080 23712 25037 26457 27759 28475 29167 29671 29820 29818 29485 28938 27998 27185 26076 24957 23761 22435 21158 19833 18531 17120 15680 14330 12995 11763 10628 9432 8513 7645 6863 6049 5340 4705 4201 3751 3241 2829 2488 2195 1962 1718 1501 1319 1156 1008 880 760 646 557 471 400 356 311 262 223 188 158 128 113 88 67 52 46 38 32 31 25 20 18 14 12 11 10 8 6 4 3 3 2 2 1 
0 0 0 249 249 249 302 358 408 482 584 473 684 923 1059 1322 1637 1953 2415 2924 3547 4324 5336 6257 7376 8743 10155 11624 13208 14870 16497 18317 20180 21761 23371 25039 26351 27478 28438 29307 29525 29752 29760 29357 28883 28214 27359 26174 25192 24069 22598 21247 19870 18476 17135 15701 14362 13058 11995 10862 9812 8801 7899 7154 6357 5661 5000 4422 3918 3431 2960 2591 2284 2009 1730 1535 1307 1150 1014 870 773 658 570 495 435 378 325 274 231 212 189 161 138 124 102 89 82 72 62 51 45 38 37 34 31 26 20 17 17 15 13 12 6 3 3 3 1 1 
0 0 0 249 249 249 311 374 411 593 806 815 1248 1812 2154 2719 3546 4401 5371 6591 7915 9300 10967 12692 14540 16325 18354 20265 22041 23923 25827 27521 28830 29948 30739 31293 31527 31659 31248 30708 29998 29161 27964 26692 25433 23762 22307 20757 19220 17659 16244 14873 13454 12107 10837 9669 8600 7689 6825 6035 5355 4806 4269 3777 3335 2934 2599 2250 1953 1702 1466 1279 1106 963 838 737 654 562 516 461 397 349 301 267 232 204 170 148 130 113 101 87 74 55 48 45 40 35 35 29 25 25 21 16 12 10 4 4 3 3 3 2 1 1 1 
0 0 0 250 250 250 300 365 429 482 590 478 613 818 946 1145 1394 1722 2021 2471 3102 3806 4614 5572 6681 7877 9269 10710 12183 13701 15387 17130 18818 20620 22204 23756 25267 26605 27513 28251 28848 29067 29268 29131 28663 28031 27485 26586 25483 24382 23085 21677 20349 18978 17511 16190 14982 13653 12460 11417 10370 9366 8419 7617 6752 6074 5432 4791 4227 3772 3403 2910 2571 2269 1978 1765 1536 1323 1132 1007 877 750 649 557 488 419 373 321 258 233 200 172 145 122 97 89 84 72 69 57 51 48 42 38 35 31 22 19 18 15 17 14 11 10 9 7 6 8 6 5 5 4 4 5 4 2 1 1 1 1 1 
0 0 0 249 249 249 299 366 419 491 599 484 632 798 935 1171 1484 1821 2246 2807 3387 4181 5045 6007 7168 8380 9766 11290 12889 14647 16519 18314 20147 22038 23869 25310 26797 28018 28996 29698 30202 30425 30184 30034 29516 28754 27868 26906 25624 24295 23005 21550 20111 18595 17100 15625 14260 13003 11766 10642 9537 8614 7705 6950 6202 5468 4842 4257 3764 3271 2887 2509 2196 1926 1713 1486 1305 1144 995 858 747 645 541 466 396 353 300 259 235 198 160 150 132 110 96 85 70 63 60 42 40 35 29 26 25 25 25 27 21 20 20 18 15 13 12 10 9 9 5 3 2 2 2 2 2 
0 0 0 250 250 250 316 371 419 527 665 579 809 1121 1363 1694 2215 2743 3370 4237 5135 6120 7405 8813 10235 11759 13544 15244 17111 19047 20926 22730 24539 26214 27615 28928 29861 30446 30806 30978 30885 30526 29855 28818 27797 26706 25312 23820 22350 20789 19257 17877 16414 14927 13739 12474 11170 10103 9130 8188 7285 6512 5691 5042 4495 3945 3427 3008 2611 2309 2026 1788 1570 1389 1227 1042 931 824 726 639 543 464 406 354 318 270 225 202 180 158 129 109 87 72 61 52 40 29 25 19 16 13 8 2 1 1 1 1 1 1 1 1 
0 0 0 250 250 250 304 359 403 558 810 858 1194 1679 2095 2658 3479 4337 5294 6459 7707 9083 10837 12626 14518 16505 18670 20744 22858 24780 26591 28199 29541 30706 31531 32187 32567 32688 32490 32083 31392 30428 29237 27897 26319 24878 23224 21535 19860 18208 16598 15046 13693 12290 10978 9850 8835 7873 6985 6136 5389 4719 4171 3641 3166 2735 2363 2078 1791 1529 1299 1130 966 833 739 615 552 491 436 363 322 282 257 231 188 153 129 105 86 76 61 56 51 45 38 33 26 24 20 20 16 12 11 8 9 9 7 5 6 5 5 5 2 1 1 1 
0 0 0 250 250 250 310 353 395 503 736 736 1022 1378 1778 2313 2958 3716 4374 5362 6476 7745 8984 10463 11945 13491 15326 17023 18769 20534 22223 23677 25294 26690 27782 28684 29329 29773 30090 30108 29683 29209 28463 27551 26480 25160 23866 22473 21035 19475 18094 16709 15349 13997 12657 11449 10374 9324 8340 7402 6500 5774 5178 4594 4046 3581 3146 2769 2515 2233 1922 1689 1475 1292 1120 986 861 761 676 590 530 453 389 335 277 239 204 176 138 130 114 100 92 80 72 63 58 46 37 32 28 25 25 22 18 15 11 11 11 9 3 2 2 1 1 
0 0 0 250 250 250 303 362 408 555 735 687 961 1309 1611 2015 2592 3274 4011 4848 5823 6916 8245 9725 11358 12965 14740 16635 18567 20445 22340 24060 25587 27017 28321 29353 30058 30594 30798 30824 30633 30074 29311 28430 27415 26190 24926 23473 21994 20564 19026 17522 16065 14734 13330 12138 10887 9753 8775 7819 6934 6109 5438 4781 4229 3767 3297 2936 2610 2266 1954 1687 1472 1273 1103 919 773 695 590 499 413 356 305 270 240 193 173 155 136 115 96 77 63 57 47 42 41 33 32 30 24 23 21 18 13 11 10 7 5 3 3 3 4 4 2 2 2 2 1 1 
0 0 0 249 249 249 314 374 424 517 657 632 896 1248 1452 1805 2307 2853 3527 4235 5050 5986 7118 8346 9687 11016 12426 13967 15642 17217 18856 20403 21941 23496 24887 26178 27025 27804 28448 28965 29073 28939 28670 28092 27428 26616 25545 24283 23004 21757 20360 18942 17617 16231 14896 13669 12474 11311 10198 9147 8244 7368 6580 5814 5131 4521 4043 3598 3107 2731 2419 2096 1842 1585 1343 1171 1040 907 771 678 600 521 464 388 345 299 260 229 204 188 162 146 121 106 94 80 67 53 42 38 34 30 28 24 24 19 16 13 11 9 7 6 4 4 5 6 5 5 4 4 2 2 1 
0 0 0 250 250 250 316 383 426 503 705 670 1015 1382 1631 2129 2800 3621 4497 5509 6593 7874 9562 11218 12969 14845 16906 19030 21043 23095 24984 26736 28400 29812 30843 31588 32325 32593 32549 32276 31654 30858 29875 28719 27313 25786 24158 22642 21025 19404 17803 16184 14632 13334 12101 10776 9576 8540 7508 6686 5945 5169 4502 3940 3548 3009 2655 2331 2013 1776 1564 1361 1147 1010 891 755 672 598 506 442 392 339 301 262 211 173 145 121 106 95 78 66 56 51 47 48 39 36 35 29 28 20 16 8 11 10 6 8 6 7 7 7 4 3 3 1 1 
0 0 0 250 250 250 311 355 399 511 611 559 815 1114 1517 2035 2677 3496 4536 5560 6733 8045 9525 11242 13050 14889 16747 18968 20983 23007 24914 26566 28073 29517 30714 31369 32066 32544 32572 32222 31792 30984 29930 28763 27428 25867 24215 22828 21180 19474 17914 16312 14699 13251 12047 10737 9570 8555 7576 6735 6001 5250 4562 3988 3471 3007 2608 2274 1967 1729 1503 1286 1112 964 834 731 634 570 498 427 384 346 297 257 218 178 163 152 131 104 90 69 56 46 35 28 23 20 18 16 14 12 10 9 7 6 4 3 2 1 1 1 
0 0 0 250 250 250 310 356 396 454 617 578 780 1112 1276 1551 1955 2373 2929 3530 4275 5023 6085 7298 8485 9911 11330 12722 14325 15982 17531 18919 20521 21938 23410 24727 25863 26831 27656 28340 28622 28691 28505 28128 27691 27011 26072 25033 23848 22772 21364 20197 18733 17328 16098 14815 13602 12341 11274 10196 9181 8266 7418 6692 5999 5376 4787 4228 3816 3342 2893 2545 2261 1989 1764 1535 1320 1202 1062 926 801 692 599 543 458 376 338 282 238 200 175 142 116 98 75 63 52 43 34 35 33 25 22 18 19 17 16 15 17 16 14 14 14 13 12 9 6 7 6 4 2 2 1 2 2 1 1 1 2 2 3 2 2 4 5 6 5 6 5 5 5 3 
0 0 0 249 249 249 311 353 403 522 646 618 931 1361 1683 2206 2929 3646 4568 5706 6914 8169 9735 11394 13151 15033 16952 18692 20568 22630 24490 26149 27626 28916 30012 30928 31595 31769 31777 31578 31031 30333 29315 28295 26964 25535 24093 22581 21100 19579 18164 16624 15117 13721 12402 11124 9981 8856 7864 6988 6251 5542 4843 4297 3786 3371 2941 2551 2209 1955 1721 1453 1242 1073 927 822 734 619 534 491 419 365 331 279 243 224 204 175 159 134 113 99 75 54 48 41 34 27 24 20 19 18 13 11 8 9 8 6 5 4 2 2 2 1 
0 0 0 250 250 250 306 358 416 502 611 517 718 914 1055 1264 1534 1822 2213 2689 3156 3776 4558 5364 6371 7477 8661 9843 11347 12814 14314 15953 17427 18979 20487 21959 23134 24296 25432 26385 27068 27567 27856 27996 27900 27521 26927 26169 25413 24381 23207 21924 20774 19506 18089 16705 15440 14233 13022 11955 10828 9817 8945 8038 7169 6351 5727 5055 4444 3971 3490 3100 2712 2421 2091 1828 1616 1407 1227 1102 948 814 723 637 539 464 417 350 303 268 236 193 159 145 119 94 78 64 52 46 39 29 24 20 16 13 10 10 7 5 3 2 2 2 2 1 1 1 1 1 
0 0 0 250 250 250 319 397 464 617 815 809 1221 1704 2139 2724 3489 4238 5209 6324 7482 8878 10489 12204 14037 16048 17911 19892 21946 23833 25532 27016 28454 29570 30530 31145 31380 31494 31259 30801 29982 29140 28060 26730 25318 23723 22220 20753 19187 17539 16030 14689 13446 12157 11003 9874 8885 8016 7181 6325 5566 4929 4345 3810 3330 2855 2494 2192 1877 1639 1428 1261 1122 990 860 760 672 605 530 456 392 345 309 274 235 200 169 153 129 109 88 71 66 50 42 35 26 25 25 25 18 17 16 10 9 8 3 2 2 2 
0 0 0 250 250 250 312 377 434 575 786 797 1180 1634 1977 2610 3472 4408 5517 6821 8200 9788 11682 13578 15553 17665 19741 21847 23919 25877 27690 29416 30705 31838 32747 33254 33506 33512 33199 32517 31608 30440 29174 27740 26072 24389 22599 20865 19240 17579 15861 14315 12970 11580 10438 9252 8213 7298 6465 5694 4989 4371 3773 3303 2892 2520 2190 1919 1633 1419 1217 1043 908 756 648 537 459 387 328 281 224 199 167 144 130 104 91 68 56 47 43 37 31 31 28 23 21 20 19 17 16 13 11 10 8 6 5 4 3 3 3 4 4 2 1 1 1 1 1 
0 0 0 250 250 250 312 363 410 546 843 871 1295 1857 2359 2939 3827 4681 5543 6765 7984 9245 10789 12425 14109 15860 17856 19593 21462 23207 24933 26594 27985 29127 30011 30656 31041 31266 31046 30504 29801 29126 27985 26944 25663 24223 22816 21362 19870 18297 16908 15411 13900 12554 11291 10210 9148 8166 7205 6377 5714 5030 4423 3877 3397 2998 2653 2296 2011 1784 1558 1319 1134 969 828 731 620 542 465 410 344 290 259 223 192 161 141 125 114 98 78 64 52 43 36 25 19 18 13 10 6 3 4 4 3 1 1 1 1 1 
0 0 0 250 250 250 307 355 389 487 685 663 971 1351 1685 2204 2901 3612 4388 5401 6536 7710 9154 10723 12410 14298 16207 18083 19966 22032 23984 25665 27365 28715 29960 31133 31922 32238 32306 32259 31752 31097 30256 29066 27816 26445 25044 23457 21825 20222 18541 16866 15314 13889 12439 11203 10025 8912 7853 7005 6194 5447 4802 4168 3646 3188 2824 2445 2105 1847 1612 1408 1206 1065 929 788 696 608 516 440 382 329 288 250 212 172 149 131 112 88 66 62 50 41 34 31 26 19 18 12 8 8 8 6 5 4 2 2 2 2 
0 0 0 250 250 250 312 378 437 538 670 582 938 1367 1701 2217 2889 3646 4503 5612 6966 8245 9897 11525 13230 15111 17154 19171 21019 23159 25134 26896 28548 29923 31137 31973 32485 32635 32496 32273 31660 30924 29729 28579 27321 25778 24152 22476 20921 19245 17771 16200 14632 13381 12184 11030 9942 8943 8009 7130 6332 5543 4798 4200 3657 3178 2741 2375 2091 1834 1619 1411 1227 1037 890 770 660 565 481 411 346 308 276 247 211 184 169 142 125 111 91 76 67 53 41 38 33 27 22 18 16 13 15 15 9 8 8 9 8 8 6 4 5 4 3 2 2 2 1 1 
0 0 0 250 250 250 321 385 459 555 674 636 991 1276 1477 1903 2394 3018 3830 4695 5549 6620 7916 9237 10699 12213 13761 15506 17289 19066 20912 22689 24263 25818 27156 28186 29184 29850 30285 30311 30296 29932 29337 28556 27439 26301 25020 23794 22374 20892 19428 18040 16664 15359 14048 12724 11576 10499 9506 8527 7664 6863 6086 5461 4810 4274 3835 3370 2955 2584 2288 2053 1818 1581 1367 1199 1072 932 805 662 579 523 432 376 307 274 237 204 179 136 123 100 85 73 66 59 53 45 38 36 32 27 23 23 19 21 19 15 15 12 9 8 6 4 3 4 3 2 2 1 1 1 1 
0 0 0 250 250 250 305 356 403 511 739 743 1012 1375 1723 2199 2783 3500 4337 5245 6417 7697 9081 10633 12311 13978 15643 17428 19139 20832 22619 24212 25762 27219 28317 29191 29940 30415 30523 30475 30047 29461 28736 27813 26659 25449 24117 22678 21279 19747 18309 16884 15523 14164 12863 11657 10472 9397 8417 7578 6728 5954 5286 4621 4111 3612 3156 2727 2357 2058 1777 1581 1369 1183 1042 874 769 667 588 510 441 391 339 302 259 220 191 159 135 119 108 101 93 80 64 61 48 45 34 24 24 20 18 15 13 10 11 10 7 5 6 5 5 5 5 6 7 7 6 5 5 4 2 1 
0 0 0 250 250 250 325 381 433 539 666 570 742 977 1124 1539 2087 2676 3372 4267 5348 6498 7948 9419 11020 12775 14565 16487 18453 20505 22525 24373 26129 27756 29242 30303 31129 31753 32109 32189 31927 31452 30834 30018 28946 27665 26087 24571 22976 21337 19625 17996 16515 14945 13632 12299 11129 10024 8972 7950 7059 6278 5565 4925 4342 3766 3321 2970 2568 2248 1946 1681 1448 1250 1061 895 761 670 563 474 404 347 292 241 205 167 145 127 100 77 63 51 42 38 32 23 21 20 14 11 11 7 6 6 3 3 4 3 2 2 1 1 1 1 
0 0 0 249 249 249 309 344 389 491 626 517 675 938 1057 1289 1683 2141 2638 3267 4055 4945 6061 7324 8672 10097 11730 13449 15245 17040 19072 20967 22724 24452 25945 27342 28631 29559 30112 30695 30882 30736 30430 29871 28953 28157 27025 25580 24154 22723 21242 19738 18235 16607 15165 13772 12546 11358 10211 9163 8189 7316 6523 5819 5132 4533 4012 3483 3076 2694 2372 2045 1777 1533 1332 1183 1030 893 749 663 577 499 415 353 295 246 218 176 146 135 116 104 90 75 68 62 54 41 38 35 31 30 27 24 21 19 16 12 11 8 8 6 6 5 3 2 2 2 1 
0 0 0 250 250 250 314 376 435 617 828 846 1217 1641 2003 2531 3282 4115 4990 6011 7317 8831 10416 12189 14099 16059 18212 20398 22280 24214 26270 27951 29361 30735 31661 32330 32811 32798 32519 31959 31279 30046 28879 27497 26065 24605 22877 21324 19640 18055 16524 15109 13628 12303 11081 9903 8848 7955 7054 6174 5506 4827 4271 3799 3316 2862 2480 2189 1872 1615 1424 1232 1084 936 811 716 622 527 452 377 321 297 257 212 187 171 149 124 112 84 73 59 43 36 32 30 23 20 16 14 13 9 10 8 9 8 7 6 6 7 5 5 3 2 2 2 2 1 
0 0 0 250 250 250 308 367 418 552 723 661 928 1275 1548 2008 2660 3308 4058 4971 6007 7348 8824 10346 11831 13602 15437 17311 19273 21045 22808 24575 26315 27677 28929 30005 30735 31116 31322 31287 30912 30371 29453 28299 27212 25945 24493 22825 21297 19736 18331 16900 15334 13883 12686 11590 10406 9364 8369 7505 6709 6065 5354 4681 4131 3629 3155 2703 2323 1999 1726 1494 1326 1135 994 896 807 685 604 517 431 386 340 296 256 223 183 164 146 126 108 91 72 61 55 46 39 34 30 23 21 16 14 13 10 7 6 5 4 4 3 2 2 1 1 
0 0 0 250 250 250 304 348 394 514 646 541 827 1265 1427 1767 2310 2814 3405 4231 5052 5916 7224 8613 9857 11446 13180 15010 16927 18735 20576 22386 24227 25843 27272 28517 29662 30500 31080 31333 31464 31209 30761 29905 28770 27579 26284 24923 23362 21841 20239 18728 17215 15797 14325 12949 11660 10466 9342 8335 7433 6629 5906 5195 4555 3972 3475 3045 2640 2289 1970 1711 1495 1301 1143 971 814 694 612 528 467 409 346 303 271 240 200 176 145 121 111 100 86 67 57 45 42 38 32 24 21 22 21 18 16 14 12 13 11 10 8 7 6 6 5 5 4 3 2 2 2 1 1 
0 0 0 249 249 249 312 363 420 494 602 520 662 874 1033 1321 1650 2018 2478 3014 3659 4469 5404 6347 7569 8924 10278 11713 13382 15098 16814 18512 20126 21795 23537 25181 26656 27872 28911 29917 30405 30673 30593 30332 29730 28923 28005 26785 25631 24281 22922 21430 19885 18445 17016 15618 14265 13029 11827 10606 9567 8585 7624 6784 6028 5329 4667 4163 3690 3224 2859 2510 2207 1941 1701 1488 1330 1155 1014 868 750 645 561 484 416 353 287 245 213 173 147 127 98 85 71 62 53 50 37 27 23 17 13 11 10 6 6 6 4 4 3 1 2 3 2 2 2 2 2 2 1 
0 0 0 250 250 250 327 385 438 602 803 786 1102 1552 1882 2333 3037 3715 4561 5569 6769 8014 9639 11342 13018 14891 16803 18727 20578 22403 24082 25722 27135 28314 29399 30220 30741 30999 30932 30661 30197 29561 28583 27466 26269 24939 23603 22115 20598 19073 17639 16296 14940 13617 12264 11089 10009 9001 8021 7030 6203 5504 4887 4308 3813 3338 2933 2577 2213 1918 1695 1467 1236 1068 895 779 670 568 457 387 343 281 252 208 179 167 146 123 106 96 75 64 54 43 44 38 28 27 27 25 22 17 15 15 15 13 11 11 9 9 6 4 3 4 5 4 4 5 4 4 5 3 2 2 2 1 1 1 
0 0 0 250 250 250 307 344 397 522 656 578 820 1113 1390 1882 2477 3069 3844 4791 5833 6981 8367 9777 11353 13119 14886 16694 18792 20685 22563 24531 26152 27717 29241 30448 31251 31947 32374 32268 32117 31731 30793 29700 28375 27090 25533 24090 22572 20838 19307 17827 16344 14812 13500 12135 10879 9754 8747 7804 6962 6200 5467 4860 4234 3709 3287 2859 2479 2182 1903 1629 1442 1275 1074 923 827 735 653 583 499 435 371 324 279 224 172 148 129 104 98 82 77 66 58 50 45 37 29 26 21 14 14 12 10 9 6 4 3 4 2 2 2 1 1 1 1 
0 0 0 250 250 250 318 385 443 570 732 636 917 1303 1532 2005 2666 3307 4048 5086 6172 7370 8888 10606 12163 14097 16125 18063 20109 22172 24101 25708 27549 28979 30247 31135 31730 32030 32226 32196 31589 30912 29888 28852 27637 26156 24564 22878 21353 19605 18017 16470 14939 13573 12239 10937 9727 8693 7722 6786 5972 5266 4584 4051 3512 3084 2670 2344 2057 1792 1545 1321 1159 981 843 712 618 523 438 376 326 281 229 195 152 126 117 95 77 70 68 57 50 42 32 31 26 19 13 15 12 10 8 5 5 4 2 
0 0 0 249 249 249 300 361 435 550 721 688 1082 1603 1931 2440 3209 4083 4979 6187 7447 8842 10515 12263 14033 15887 17846 19706 21588 23402 25193 26868 28212 29311 30379 31110 31539 31529 31303 30897 30262 29501 28326 27039 25652 24276 22813 21194 19604 18120 16675 15238 13782 12524 11249 10137 9124 8093 7196 6365 5693 5002 4463 3896 3442 3043 2646 2342 2048 1805 1601 1400 1236 1047 920 802 707 603 512 465 399 356 310 274 240 216 189 157 134 122 107 98 85 76 64 54 45 31 26 21 18 12 10 9 8 7 6 5 5 6 5 4 4 4 3 3 2 
0 0 0 250 250 250 303 343 394 517 670 632 875 1344 1659 2074 2668 3228 3951 4884 5876 6892 8227 9685 11292 13116 14906 16612 18538 20371 22297 24014 25400 26836 28113 29110 29873 30405 30516 30513 30263 29713 29030 28304 27111 25826 24611 23225 21955 20404 18885 17357 16004 14690 13270 12025 10773 9696 8718 7754 6963 6220 5538 4946 4400 3930 3461 3047 2680 2318 2037 1757 1537 1367 1157 1014 880 775 683 606 535 453 410 358 297 255 219 191 162 145 125 111 101 91 82 70 58 47 42 35 31 27 24 18 17 14 12 11 10 10 10 9 7 6 6 5 4 2 1 2 2 2 1 1 1 1 1 
0 0 0 250 250 250 307 359 418 589 778 752 1158 1636 1972 2453 3158 3839 4598 5754 6797 7870 9378 10866 12502 14332 16270 18073 19939 21933 23783 25649 27171 28485 29655 30490 31008 31218 31148 30791 30227 29477 28490 27252 26091 24768 23346 21835 20360 18855 17378 15928 14527 13227 11940 10799 9715 8671 7686 6902 6108 5375 4771 4216 3741 3266 2852 2521 2215 1969 1745 1511 1296 1145 1018 865 755 645 533 470 413 341 289 256 223 191 170 139 113 100 83 67 57 49 41 35 32 27 21 17 16 14 11 8 7 6 7 8 4 4 5 5 3 3 2 1 1 1 
0 0 0 249 249 249 300 356 399 505 721 743 1065 1473 1829 2312 2998 3823 4688 5780 6872 8218 9847 11445 13110 14751 16659 18431 20397 22056 23525 25197 26674 27936 28745 29497 29853 30041 30102 29750 29186 28484 27705 26668 25510 24315 22956 21484 20023 18552 17105 15610 14283 12930 11752 10726 9689 8758 7798 7001 6220 5604 4969 4335 3839 3376 2983 2638 2336 2051 1798 1565 1367 1169 1055 911 790 681 591 522 453 411 336 288 241 198 169 142 123 100 86 73 60 49 42 34 25 21 19 15 10 8 6 4 2 2 2 2 2 2 1 1 1 
0 0 0 250 250 249 317 357 418 511 628 576 824 1129 1441 1875 2458 3118 3935 4899 5906 7163 8513 10069 11725 13537 15296 17080 19105 21004 22968 24723 26323 27804 29236 30250 30993 31522 31721 31722 31566 31023 30053 29154 28122 26784 25352 23837 22237 20629 19189 17636 15948 14487 13140 11811 10549 9426 8364 7424 6592 5838 5138 4556 3985 3471 3016 2625 2316 2020 1739 1463 1257 1087 933 796 689 589 516 444 373 323 290 265 215 208 176 166 153 133 111 96 89 63 57 45 39 38 35 33 29 23 20 18 14 9 5 7 6 6 7 6 6 6 6 3 3 1 
0 0 0 250 250 250 292 338 387 454 537 481 727 994 1278 1704 2220 2789 3612 4565 5587 6750 8158 9653 11308 13076 14921 16744 18825 20822 22700 24522 26149 27872 29238 30376 31043 31698 31937 31957 31768 30968 30130 29173 28022 26652 25206 23663 22121 20725 19161 17513 16101 14619 13328 12070 10827 9711 8690 7820 6886 6101 5389 4739 4181 3643 3204 2759 2410 2130 1884 1655 1441 1259 1072 931 778 664 563 481 409 324 291 251 225 197 165 133 113 98 75 63 56 43 36 34 34 29 29 21 18 15 15 11 6 5 2 2 2 2 1 1 1 
0 0 0 250 250 250 299 345 402 471 611 521 762 1003 1144 1446 1863 2278 2754 3370 4038 4934 6001 7067 8227 9655 11061 12610 14277 16006 17856 19655 21388 22948 24539 26039 27193 28193 28808 29295 29625 29773 29635 29086 28450 27574 26595 25457 24225 22730 21259 19851 18436 17024 15674 14297 12962 11834 10738 9662 8645 7684 6844 6132 5424 4780 4199 3700 3299 2898 2494 2181 1916 1712 1521 1332 1143 989 866 755 646 537 453 385 333 292 261 226 200 164 130 111 94 87 74 66 59 57 56 49 44 35 34 32 29 28 23 21 21 19 13 11 11 6 7 6 4 4 4 3 2 1 
0 0 0 250 250 250 298 352 384 472 599 475 634 855 1049 1316 1750 2158 2597 3209 3956 4770 5736 6835 7992 9300 10729 12321 13867 15657 17412 19174 20968 22770 24468 25982 27426 28564 29582 30293 30682 30841 30841 30574 29982 29119 28017 26907 25679 24293 22800 21098 19640 18165 16827 15284 13920 12571 11239 10255 9109 8148 7176 6389 5620 4977 4396 3792 3335 2841 2471 2191 1901 1629 1426 1222 1054 933 816 658 575 509 442 384 322 283 241 215 184 153 134 115 103 88 78 70 58 51 46 40 34 26 20 16 14 14 13 11 11 11 8 6 6 5 4 4 2 2 2 2 1 1 1 
0 0 0 250 250 250 310 389 437 568 769 722 963 1336 1627 2046 2577 3171 3887 4807 5829 6866 8170 9562 11125 12775 14450 16198 18141 20088 21966 23750 25408 26906 28280 29439 30177 30765 31141 31208 30895 30482 29880 28828 27726 26489 25116 23684 22313 20663 19069 17650 16248 14807 13411 12113 10898 9790 8784 7816 6947 6173 5505 4871 4278 3850 3391 3019 2642 2332 2005 1729 1536 1329 1130 953 811 687 569 489 406 332 291 245 218 174 154 132 116 104 93 87 73 70 62 53 46 40 37 31 22 20 18 15 15 16 9 7 7 6 5 6 4 3 3 4 4 3 3 2 2 1 1 
0 0 0 250 250 250 299 352 408 500 614 531 786 1058 1293 1710 2282 2911 3721 4612 5558 6767 8047 9388 10865 12428 13927 15536 17297 19008 20805 22481 23926 25399 26906 28007 28840 29451 29807 29962 29896 29588 28778 28027 27135 25928 24759 23400 22030 20506 19148 17759 16233 14914 13541 12327 11087 9953 8947 7996 7187 6394 5662 5025 4512 4035 3564 3102 2753 2446 2129 1847 1599 1383 1171 1040 875 742 647 541 460 396 347 291 249 221 190 157 127 117 103 89 76 59 52 47 45 35 29 26 26 26 23 19 18 18 16 14 14 11 9 9 9 6 6 6 4 3 3 3 2 2 1 
0 0 0 250 250 250 320 381 428 513 654 553 718 1072 1269 1530 1960 2438 2950 3596 4407 5207 6192 7335 8620 9977 11396 13024 14667 16329 18249 19987 21631 23253 24797 26163 27291 28249 28882 29398 29702 29830 29625 29216 28665 27826 26839 25796 24577 23150 21837 20320 18809 17467 16150 14741 13313 12112 10926 9904 8954 8035 7174 6434 5857 5210 4627 4049 3585 3162 2741 2403 2057 1805 1584 1401 1210 1046 908 790 701 587 507 447 395 334 289 249 201 176 156 129 98 84 71 61 53 45 33 29 28 23 19 16 15 13 14 9 6 7 6 5 5 5 3 4 4 3 3 4 3 2 2 1 1 1 1 
0 0 0 250 250 250 300 360 404 464 575 544 809 1156 1461 1939 2605 3363 4263 5325 6488 7794 9335 10874 12689 14595 16542 18565 20660 22894 25016 26999 28710 30335 31671 32640 33306 33562 33597 33384 32802 31847 30789 29483 28036 26534 24753 23017 21354 19687 17971 16403 14905 13320 12060 10804 9585 8497 7565 6656 5877 5190 4528 3994 3506 3088 2692 2367 2049 1807 1584 1342 1131 987 836 732 645 558 472 408 374 313 270 226 198 162 139 125 97 85 72 67 51 48 44 36 29 25 22 20 14 11 10 6 3 1 
0 0 0 250 250 250 304 354 412 481 596 492 700 1050 1328 1719 2236 2906 3724 4644 5608 6722 8142 9646 11202 12899 14619 16550 18637 20545 22384 24206 25969 27416 28876 29990 30777 31440 31661 31595 31275 30692 29864 28838 27692 26342 24907 23429 21864 20532 18932 17353 15849 14396 13154 11897 10775 9568 8582 7716 6848 6116 5439 4824 4262 3818 3393 2971 2594 2289 1987 1737 1512 1285 1101 958 844 704 617 547 475 428 365 321 291 254 216 177 162 133 111 88 71 59 47 44 34 27 25 21 18 16 14 10 7 10 9 8 7 6 6 5 5 2 1 1 1 1 1 1 
0 0 0 250 250 250 314 369 419 500 639 678 1009 1455 1854 2412 3131 3948 4847 5807 6912 8128 9460 10923 12378 14011 15638 17329 19015 20650 22407 23993 25365 26587 27702 28557 29241 29704 29692 29537 29387 28891 28106 27172 26079 24883 23682 22281 20815 19399 18046 16714 15359 14033 12809 11667 10592 9478 8502 7616 6756 5975 5281 4700 4150 3713 3303 2862 2562 2284 2004 1753 1521 1334 1141 1012 868 727 616 541 460 392 338 276 255 234 201 157 136 119 107 100 80 71 59 57 53 47 41 36 34 26 27 23 15 15 13 9 6 5 3 1 1 1 1 1 1 
0 0 0 250 250 250 306 357 413 547 687 616 895 1237 1485 1939 2528 3221 4074 4940 5970 7123 8523 10053 11648 13348 15190 17136 19061 21145 23000 24720 26350 27776 28963 29909 30647 30911 31204 31132 30711 30154 29334 28400 27207 26052 24695 23243 21780 20194 18664 17129 15683 14189 12780 11508 10355 9280 8271 7420 6548 5796 5121 4473 3913 3423 2964 2525 2209 1926 1669 1455 1296 1112 958 844 725 624 515 436 362 319 276 232 190 167 145 121 104 88 80 65 53 42 31 29 22 21 13 11 9 7 6 5 4 3 2 2 2 1 1 
0 0 0 248 248 248 321 375 423 514 641 550 761 1042 1251 1561 2006 2427 2944 3620 4324 5039 5927 6912 7925 9114 10457 11729 13148 14755 16355 18044 19805 21427 22871 24331 25538 26516 27382 28056 28402 28499 28429 28098 27651 27050 26190 25141 24000 22826 21558 20286 18962 17642 16388 15107 13872 12638 11556 10511 9553 8628 7750 6943 6136 5533 4933 4352 3851 3394 3008 2666 2420 2151 1879 1679 1501 1338 1192 1041 916 787 708 624 538 469 401 346 306 273 245 217 184 156 135 114 91 80 60 49 43 33 27 23 19 15 12 10 7 6 4 4 3 2 4 3 2 2 2 2 2 2 
0 0 0 250 250 250 308 375 438 535 722 710 979 1340 1767 2312 2940 3702 4541 5466 6532 7891 9243 10663 12353 13942 15716 17635 19536 21210 22970 24705 26255 27824 28946 29757 30476 30977 31111 30938 30446 29820 29011 28100 26958 25609 24304 22900 21414 19913 18419 16942 15431 14088 12720 11461 10320 9184 8238 7336 6566 5835 5183 4605 4074 3590 3134 2746 2395 2044 1779 1537 1361 1182 1050 904 782 698 601 519 451 412 352 321 281 246 216 190 164 134 118 101 88 75 78 71 59 52 46 42 39 35 25 22 22 19 18 14 12 9 8 6 5 4 4 1 
0 0 0 250 250 250 310 364 426 562 761 732 1041 1468 1815 2277 2926 3642 4473 5506 6535 7643 9147 10700 12307 14005 15838 17717 19660 21542 23305 25013 26702 28144 29238 30122 30913 31359 31520 31384 30912 30215 29309 28266 26909 25560 24052 22550 20962 19401 17986 16523 15109 13756 12423 11197 10105 9067 8063 7116 6299 5566 4959 4355 3778 3339 2944 2582 2269 1984 1717 1505 1341 1156 984 864 742 629 549 478 391 333 283 229 199 173 139 120 101 82 70 59 51 41 36 27 21 16 13 10 5 4 1 1 
0 0 0 250 250 250 299 347 386 477 613 514 782 1186 1393 1685 2262 2893 3581 4531 5498 6403 7761 9344 10736 12313 14145 15828 17643 19535 21296 22908 24641 26101 27273 28326 29110 29741 30096 30088 29811 29453 28767 27931 26875 25632 24368 23080 21693 20118 18683 17217 15872 14516 13238 12026 10866 9844 8835 7974 7146 6390 5694 5093 4537 4032 3580 3129 2741 2492 2150 1847 1615 1418 1239 1097 963 805 716 640 545 486 438 367 318 280 241 215 195 168 153 137 121 112 94 77 67 60 52 48 41 33 33 26 20 16 12 12 9 8 5 5 5 5 5 5 6 5 5 4 4 4 4 3 2 2 3 3 2 1 1 1 1 1 
0 0 0 250 250 250 308 359 408 528 690 612 903 1411 1703 2106 2861 3577 4338 5400 6557 7694 9289 10965 12458 14169 16071 17885 19553 21284 22887 24438 25940 27244 28266 29146 29994 30402 30523 30457 30097 29572 28820 27861 26779 25490 24249 22800 21348 19781 18303 16870 15381 14059 12755 11544 10391 9410 8438 7489 6605 5855 5170 4561 4014 3495 3052 2646 2311 2020 1737 1490 1282 1089 941 832 719 618 501 416 353 303 259 212 170 147 133 117 100 85 73 68 61 52 35 33 30 30 26 20 17 16 16 12 10 7 7 4 4 2 3 4 3 3 3 4 5 5 5 4 3 3 3 2 1 1 
0 0 0 250 250 250 316 385 446 531 702 727 1031 1507 1850 2300 2984 3685 4426 5335 6409 7483 8891 10402 11914 13598 15418 17198 18863 20745 22392 24051 25603 27178 28420 29362 30248 30722 30995 31002 30802 30190 29475 28610 27409 26168 24934 23400 21879 20312 18811 17309 15890 14450 13076 11863 10681 9641 8570 7632 6860 6124 5392 4772 4196 3638 3219 2816 2434 2119 1826 1584 1379 1194 1014 877 757 633 546 477 397 361 307 274 230 188 166 155 141 114 102 93 81 71 63 44 35 32 25 18 12 14 9 7 7 6 5 6 7 4 4 3 2 2 2 1 
0 0 0 250 250 250 320 382 430 641 858 836 1136 1634 2018 2480 3133 3774 4542 5523 6631 7702 8946 10389 11976 13529 15192 16971 18696 20497 22274 23862 25384 26676 28000 28904 29575 29992 30244 30273 29849 29487 28561 27742 26666 25437 24070 22727 21393 19854 18402 16830 15463 14124 12859 11545 10400 9382 8458 7556 6725 6024 5310 4784 4202 3689 3273 2875 2507 2197 1936 1681 1498 1321 1125 1011 889 760 689 591 480 424 359 281 252 223 183 155 138 117 107 105 88 76 62 57 46 36 28 20 13 11 11 9 5 4 2 1 1 1 1 
0 0 0 250 250 250 315 369 426 520 638 579 802 1104 1334 1759 2278 2884 3657 4478 5549 6725 8196 9738 11372 13255 15192 17174 19096 20986 22998 24847 26587 28086 29406 30556 31443 32155 32322 32294 32139 31645 30778 29756 28650 27384 25896 24294 22636 20998 19392 17833 16307 14737 13346 12104 10841 9674 8696 7740 6767 5936 5259 4638 4084 3538 3054 2681 2352 2079 1813 1528 1321 1172 1005 852 729 621 534 465 389 332 282 244 210 172 139 120 114 91 79 65 54 54 50 46 34 29 26 21 21 17 16 12 9 9 10 9 7 6 5 3 4 4 2 2 2 2 2 1 
0 0 0 250 250 250 308 368 415 584 805 826 1172 1706 2164 2826 3627 4342 5203 6307 7599 8796 10269 11783 13311 15088 16967 18817 20591 22498 24294 25684 27295 28600 29559 30157 30641 30743 30575 30429 29971 29049 28050 26983 25803 24436 23032 21578 19900 18503 17111 15723 14243 12901 11659 10486 9394 8459 7510 6682 5911 5290 4651 4095 3575 3087 2704 2325 2043 1775 1538 1346 1196 1053 919 793 680 599 541 455 391 338 281 250 217 185 159 138 126 105 103 86 80 64 60 61 49 44 32 29 23 21 14 11 7 7 4 3 2 2 2 1 1 1 1 1 1 1 2 1 1 1 1 1 1 1 
0 0 0 250 250 250 313 358 402 469 563 412 551 791 1043 1393 1788 2167 2650 3348 4085 4856 5788 6897 8075 9543 11140 12706 14380 16179 18025 19702 21443 23121 24471 25865 26953 27978 28715 29294 29603 29600 29498 29071 28547 27736 26711 25560 24343 23090 21733 20232 18877 17498 16085 14753 13449 12181 11025 10057 9000 8031 7245 6536 5856 5171 4603 4056 3612 3201 2791 2432 2162 1925 1674 1483 1306 1139 1014 867 738 655 591 517 449 389 351 326 290 260 245 216 190 175 150 125 109 88 64 59 50 41 35 32 28 25 22 19 17 16 11 9 9 7 6 5 4 4 5 4 2 1 1 1 1 1 
0 0 0 250 250 250 302 349 396 512 616 527 752 1129 1336 1703 2246 2848 3670 4637 5691 6857 8369 9849 11309 13077 14846 16629 18609 20506 22406 24325 26205 27606 28966 30121 30934 31630 32041 32055 31790 31448 30620 29592 28472 27021 25451 23932 22318 20669 19105 17631 16109 14680 13280 11874 10685 9592 8640 7695 6807 6022 5348 4797 4223 3680 3250 2858 2516 2205 1894 1650 1457 1289 1078 944 811 727 653 563 499 429 393 331 284 249 211 188 155 139 121 110 94 77 68 53 43 36 26 22 18 17 13 11 13 9 8 8 8 5 4 3 2 2 2 1 1 1 1 1 
0 0 0 250 250 250 301 368 425 529 731 713 1066 1554 1983 2622 3504 4554 5512 6751 8148 9669 11414 13211 15004 16837 18864 20813 22708 24410 26174 27727 28971 30124 31037 31694 31942 32109 31768 31197 30608 29553 28339 26991 25537 23878 22313 20724 19023 17512 16085 14631 13371 12109 10951 9807 8819 7846 6975 6188 5425 4818 4199 3717 3273 2902 2517 2192 1890 1646 1459 1268 1095 925 797 697 617 538 457 381 330 283 234 197 171 138 120 114 95 92 88 73 62 57 50 37 38 31 26 20 18 14 13 13 8 6 5 5 5 4 3 3 5 6 5 5 4 5 5 4 2 1 1 2 2 1 1 1 2 2 2 1 1 1 1 1 
0 0 0 250 250 250 304 366 424 518 645 584 809 1080 1409 1767 2265 2876 3470 4245 5183 6168 7361 8637 10084 11592 13386 15212 16944 18726 20573 22453 24211 25780 27139 28331 29477 30358 30837 30972 30972 30748 30307 29526 28491 27386 26011 24743 23299 21787 20160 18608 17136 15692 14382 13112 11805 10629 9674 8665 7719 6859 6094 5349 4731 4192 3604 3211 2822 2461 2161 1840 1599 1359 1205 1049 916 799 685 612 538 487 407 338 286 253 226 188 152 128 120 107 96 79 69 60 56 47 34 32 28 23 17 16 11 8 6 3 2 1 1 
0 0 0 250 250 250 325 387 435 536 668 595 807 1125 1320 1626 2121 2630 3152 3839 4629 5516 6550 7703 8914 10274 11887 13520 15287 17057 19112 20918 22580 24337 25821 27131 28283 29171 29649 30088 30372 30120 29629 29059 28162 27218 26142 24801 23270 21812 20483 18926 17456 15960 14426 13127 11977 10860 9719 8787 7855 7014 6274 5584 4962 4385 3907 3428 3032 2691 2386 2109 1863 1650 1435 1278 1140 988 864 776 675 591 532 463 406 369 320 279 248 214 184 156 138 124 112 96 84 72 66 59 47 39 34 29 25 24 19 18 17 10 8 7 8 7 6 8 7 7 7 8 7 6 6 4 4 4 2 1 
0 0 0 250 250 250 291 335 391 482 648 658 1019 1422 1679 2174 2844 3531 4401 5332 6424 7695 9168 10732 12375 14131 15945 17841 19713 21647 23598 25163 26661 28197 29231 30101 30761 31062 31123 30961 30563 29808 29052 27988 26800 25439 24049 22696 21194 19695 18204 16804 15343 13968 12632 11375 10244 9146 8131 7181 6371 5646 4954 4355 3815 3375 2967 2617 2283 1998 1776 1564 1371 1184 1042 899 769 659 566 491 424 367 313 270 236 206 175 153 133 109 93 85 72 58 49 43 34 30 26 22 21 22 18 16 16 16 14 10 9 9 8 8 7 7 8 8 6 4 5 6 5 5 5 5 5 5 4 3 3 3 2 3 3 3 3 2 2 1 1 
0 0 0 250 250 249 315 377 444 562 722 708 982 1306 1615 2040 2651 3430 4276 5216 6359 7593 9056 10609 12282 13884 15674 17537 19464 21446 23338 25101 26619 28096 29176 30219 30926 31227 31281 31129 30797 30170 29524 28287 26957 25744 24356 22910 21356 19791 18189 16751 15336 13894 12535 11292 10175 9133 8208 7412 6567 5818 5158 4554 3986 3507 3062 2649 2349 2071 1824 1575 1393 1211 1048 913 796 687 599 523 456 394 337 290 253 220 188 161 124 109 95 84 69 57 49 48 49 43 38 30 26 24 21 18 16 13 10 12 11 9 11 9 9 9 10 9 8 9 7 7 7 6 7 6 6 7 7 7 5 5 3 3 2 
0 0 0 250 250 250 299 334 394 508 661 610 963 1388 1636 2079 2724 3349 4093 5191 6390 7564 9171 10786 12348 14156 16104 17852 19565 21448 23225 24862 26551 27922 29062 29924 30619 30978 30975 30789 30313 29660 28741 27701 26417 25093 23725 22206 20611 19102 17567 16082 14634 13284 11976 10896 9791 8702 7762 6895 6140 5415 4742 4131 3618 3174 2796 2490 2179 1905 1652 1433 1256 1108 955 831 714 613 555 482 434 361 310 260 244 207 176 147 125 103 94 84 63 59 51 43 33 28 19 13 10 6 5 6 4 5 4 4 3 2 2 1 1 
0 0 0 249 249 249 308 358 408 515 643 558 804 1144 1391 1747 2199 2806 3464 4182 5003 5931 6926 8242 9582 10969 12540 14313 15943 17705 19695 21453 23172 24883 26350 27582 28775 29767 30477 30774 30892 30511 30007 29390 28557 27347 26040 24801 23405 22144 20718 19185 17711 16378 14978 13562 12310 11081 9982 8958 7964 7082 6320 5631 4982 4343 3830 3408 3038 2628 2286 2031 1769 1580 1374 1188 1032 910 770 632 547 455 386 329 283 247 216 193 168 141 126 105 90 74 69 56 44 43 34 27 22 21 17 16 16 13 13 12 12 9 5 5 3 2 1 1 
0 0 0 249 249 249 294 337 375 493 610 536 779 1136 1331 1694 2223 2753 3482 4303 5179 6264 7586 9019 10557 12323 14064 15940 17904 19691 21655 23699 25406 26930 28461 29680 30502 31283 31668 31537 31444 31039 30333 29375 28352 27164 25791 24363 22674 21124 19452 17984 16557 15033 13612 12356 11241 10125 9076 8053 7167 6385 5663 4957 4369 3791 3393 2975 2590 2223 1968 1730 1488 1297 1107 947 808 692 592 512 458 400 335 297 262 240 215 179 152 143 136 133 126 110 100 92 83 72 64 48 41 34 32 24 23 23 20 20 18 18 10 12 9 5 5 5 5 5 5 2 2 3 3 2 2 2 2 2 2 1 
0 0 0 250 250 250 317 374 432 515 610 490 677 907 1060 1291 1789 2324 2889 3616 4514 5505 6638 8002 9288 10732 12354 14054 15784 17625 19452 21246 22828 24501 26058 27385 28505 29311 30009 30429 30736 30476 30009 29458 28600 27692 26520 25102 23676 22322 20927 19476 17967 16458 15043 13795 12586 11424 10246 9115 8190 7323 6533 5813 5100 4491 3974 3515 3119 2722 2409 2112 1867 1637 1441 1239 1063 930 791 670 601 521 453 393 345 303 267 231 195 164 155 134 123 117 98 87 86 83 71 64 59 50 51 42 32 30 25 25 20 19 15 14 12 10 8 3 1 
0 0 0 250 249 249 309 364 412 489 611 489 683 1041 1327 1673 2150 2669 3333 4188 5084 6006 7094 8503 10069 11715 13419 15218 17174 19293 21270 23050 24834 26559 28007 29285 30408 31109 31663 31940 31772 31353 31023 30114 29034 27822 26521 24961 23480 22026 20178 18695 17095 15553 14133 12918 11634 10354 9364 8337 7398 6555 5743 5044 4419 3897 3382 2962 2614 2307 2005 1756 1529 1330 1152 997 849 737 654 545 489 444 400 349 295 250 227 201 169 135 114 93 81 69 52 46 35 27 25 23 21 16 13 12 12 10 6 5 5 3 3 3 1 1 1 1 1 1 1 
0 0 0 250 250 250 298 356 408 526 747 726 1025 1482 1843 2339 3058 3821 4549 5467 6594 7673 9018 10525 11971 13481 15220 16833 18444 20238 21955 23496 24865 26175 27292 28333 28950 29309 29406 29323 29040 28504 27847 26841 25840 24684 23353 22035 20605 19178 17643 16282 14995 13620 12389 11128 10129 9138 8201 7302 6412 5729 5147 4617 4026 3550 3117 2732 2430 2107 1812 1515 1325 1141 965 850 724 619 539 475 420 364 311 270 226 194 159 139 129 109 92 74 68 58 60 46 33 34 33 31 24 22 16 16 15 12 13 15 12 11 10 9 10 10 7 6 6 6 7 7 5 6 6 5 5 5 3 2 2 
0 0 0 249 249 249 302 365 407 498 633 539 763 1101 1379 1691 2190 2811 3443 4209 5112 6197 7420 8791 10227 11662 13327 15020 16789 18399 20164 21886 23424 25007 26357 27512 28354 29048 29522 29631 29618 29323 28888 28178 27265 26324 25031 23782 22441 21002 19529 18133 16790 15405 14166 12951 11763 10681 9577 8648 7792 6961 6200 5508 4917 4306 3835 3343 2954 2600 2259 1978 1737 1527 1319 1162 1010 864 762 673 575 506 445 385 330 298 261 219 181 162 139 114 97 77 61 56 47 39 38 29 26 22 19 15 14 12 11 11 10 9 8 8 7 5 2 1 
0 0 0 250 250 250 318 369 422 528 754 772 1134 1595 2000 2538 3304 4250 5188 6377 7702 9019 10643 12304 14062 15877 17778 19659 21516 23365 25090 26751 28099 29335 30324 31075 31383 31591 31434 31070 30442 29548 28398 27096 25782 24296 22792 21151 19630 17940 16472 15004 13670 12382 11126 10090 9027 8151 7273 6439 5689 5014 4432 3863 3416 3023 2620 2320 2004 1744 1521 1337 1144 982 878 773 662 566 496 413 359 307 241 199 180 156 123 115 100 79 75 60 50 43 36 24 20 19 14 10 7 6 4 3 2 1 1 1 1 1 1 
0 0 0 250 250 250 312 369 430 510 598 577 895 1287 1587 2006 2643 3340 4198 5121 6140 7274 8647 10266 11804 13534 15410 17234 19117 21117 23009 24581 26142 27579 28642 29444 30076 30389 30507 30278 29942 29372 28583 27749 26522 25205 23715 22375 20920 19383 17918 16427 15084 13699 12519 11320 10138 9031 8049 7198 6445 5730 5045 4483 4009 3537 3132 2741 2402 2138 1888 1635 1409 1249 1083 948 788 682 588 515 427 368 318 272 249 212 174 146 130 109 91 79 63 52 47 40 35 26 23 20 16 12 14 13 10 9 8 5 4 4 1 
0 0 0 250 250 250 307 362 422 509 627 520 679 946 1142 1385 1718 2094 2525 3155 3927 4744 5655 6717 7877 9198 10624 12081 13588 15110 16633 18241 19752 21319 22791 24130 25216 26191 27155 27771 28220 28315 28168 27822 27441 26878 26087 25076 24068 22917 21724 20441 19114 17753 16395 15193 13917 12663 11587 10539 9511 8526 7686 6833 6104 5474 4812 4301 3793 3331 2924 2615 2297 2034 1826 1583 1406 1263 1087 940 813 717 620 523 459 405 358 309 280 249 216 195 174 143 129 109 94 83 75 62 56 49 44 42 38 33 26 24 17 17 16 11 10 7 5 4 4 3 2 2 1 1 1 1 1 
0 0 0 250 250 250 313 373 430 542 686 580 799 1084 1406 1777 2379 3006 3687 4498 5540 6742 8015 9576 11148 12847 14863 16860 18917 21135 23230 25057 26794 28444 29704 30937 31915 32285 32464 32506 32149 31591 30826 29792 28395 27012 25664 24042 22507 20894 19212 17638 16124 14739 13197 11948 10776 9653 8642 7656 6828 5980 5343 4680 4029 3497 3099 2707 2327 2032 1757 1518 1373 1199 1004 867 757 644 563 510 424 364 325 285 240 214 184 157 137 107 91 71 68 60 55 46 40 36 30 26 20 14 10 8 7 5 4 3 2 1 1 1 
0 0 0 250 250 250 308 361 409 485 605 590 898 1236 1571 2162 2836 3658 4611 5597 6835 8241 9765 11282 12940 14649 16457 18335 20234 22154 23949 25552 27108 28441 29548 30410 30951 31063 31024 30792 30350 29722 28661 27510 26134 24830 23342 21772 20156 18523 17147 15688 14323 12927 11739 10677 9605 8667 7716 6881 6130 5502 4844 4207 3701 3203 2794 2456 2121 1818 1588 1422 1225 1047 910 798 691 586 505 423 376 346 302 264 235 196 175 156 133 112 103 92 71 68 58 54 48 43 35 30 25 23 20 15 13 11 9 7 7 4 4 5 3 2 2 2 3 3 2 1 1 2 2 3 2 2 4 4 4 3 3 2 2 2 
0 0 0 250 250 250 320 402 472 625 866 908 1272 1728 2089 2576 3365 4166 5008 6070 7260 8620 10203 11963 13570 15496 17526 19413 21369 23254 25044 26743 28327 29582 30521 31395 31874 32044 32187 31773 31094 30316 29359 28090 26681 25198 23492 21844 20336 18589 16996 15505 14140 12804 11501 10327 9222 8229 7299 6430 5677 4988 4367 3827 3349 2933 2546 2240 1895 1647 1429 1261 1061 916 805 696 614 531 468 416 374 337 279 232 205 195 173 142 132 117 105 89 80 62 48 52 46 41 35 34 31 31 30 24 22 21 22 21 17 15 13 9 7 6 4 4 5 3 2 2 2 3 3 2 1 1 1 1 1 
0 0 0 250 250 250 303 355 416 495 600 508 709 942 1151 1556 2018 2593 3240 4014 4913 6009 7226 8561 10116 11778 13560 15415 17418 19323 21285 23344 25084 26699 28258 29621 30627 31488 31968 32020 31851 31514 30807 29818 28699 27403 26085 24580 23174 21579 19972 18485 17037 15598 14195 12868 11578 10393 9333 8401 7433 6578 5793 5099 4488 3962 3483 2965 2588 2274 1987 1743 1502 1280 1108 971 832 688 589 498 433 375 327 279 246 203 191 166 152 138 118 107 92 85 68 58 50 43 39 32 25 23 19 19 13 9 6 6 6 5 5 3 3 3 3 1 
0 0 0 250 250 250 304 360 410 485 573 535 822 1120 1432 1910 2480 3175 4133 5138 6182 7550 9097 10720 12469 14260 16098 18044 20123 22042 23780 25511 27201 28742 29875 30720 31346 31691 31787 31665 31116 30359 29527 28488 27168 25776 24456 22825 21286 19760 18247 16857 15414 14020 12661 11422 10239 9132 8116 7068 6290 5595 4880 4297 3782 3313 2885 2549 2211 1892 1669 1444 1237 1055 906 761 662 571 499 410 355 305 255 235 200 178 141 130 113 99 77 68 55 44 44 42 37 37 32 31 29 27 22 17 17 12 13 10 7 5 5 6 4 4 3 3 3 4 2 2 2 2 2 2 2 1 1 
0 0 0 250 250 250 305 361 401 471 567 427 650 964 1112 1458 1968 2528 3240 4144 5065 6052 7484 8900 10409 12101 13973 15816 17662 19626 21570 23440 25251 26917 28230 29462 30553 31333 31570 31745 31601 31191 30660 29684 28568 27215 25954 24481 22851 21279 19620 18042 16572 15205 13737 12356 11152 9938 8876 7961 7050 6212 5520 4876 4296 3788 3310 2891 2530 2213 1940 1693 1497 1291 1116 974 843 729 636 574 498 430 378 322 295 272 237 192 169 150 136 125 93 71 67 63 53 48 46 41 38 36 28 20 20 17 14 16 13 12 11 11 10 9 11 9 8 8 8 7 6 5 5 4 4 4 4 4 4 4 2 2 2 1 1 1 1 1 1 1 1 1 
0 0 0 249 249 249 306 356 414 543 696 659 989 1429 1758 2287 3124 3963 4970 6176 7491 8902 10522 12314 14075 15996 17935 19897 21825 23619 25544 27086 28404 29659 30638 31272 31686 31885 31684 31299 30849 29941 28869 27702 26293 24822 23314 21851 20182 18589 17037 15487 14088 12735 11434 10167 9035 8015 7106 6324 5538 4893 4270 3764 3297 2882 2508 2141 1895 1632 1429 1216 1041 898 782 683 553 476 415 351 305 264 225 198 181 162 136 121 108 94 74 72 66 52 42 36 32 26 24 18 12 12 11 9 6 3 2 1 1 
0 0 0 250 250 250 316 367 422 520 641 565 801 1114 1343 1872 2463 2964 3715 4656 5721 6938 8384 9831 11349 13197 14962 16697 18462 20248 21917 23497 25165 26547 27826 28956 29714 30461 30969 31012 30759 30462 29693 28733 27801 26400 24957 23558 22072 20426 18896 17452 15929 14639 13256 11953 10798 9707 8825 7876 7014 6155 5460 4903 4316 3813 3282 2839 2490 2141 1874 1611 1370 1155 1017 888 771 673 571 473 414 367 319 280 237 211 195 168 151 131 104 92 84 66 50 47 37 33 30 25 18 18 16 12 10 7 7 5 5 3 3 2 1 1 
