0 0 0 248 248 248 272 338 439 544 610 473 703 1067 1497 1905 2368 3014 3963 5123 6285 7437 8731 10299 12135 14060 16057 18112 20276 22704 25140 27375 29439 31399 32942 34325 35441 36194 36469 36522 36191 35582 34723 33483 32098 30400 28748 26936 25067 23190 21393 19678 17883 16299 14725 13317 12146 10875 9770 8715 7887 7072 6373 5717 5033 4539 4022 3593 3153 2782 2444 2135 1887 1672 1453 1263 1117 973 868 744 650 539 504 469 396 356 298 281 239 221 185 155 137 115 95 77 62 49 43 36 30 25 24 27 24 27 20 17 16 15 14 12 12 9 11 11 10 9 7 4 4 4 2 2 1 1 1 1 1 
0 0 0 250 250 250 299 424 593 768 999 1178 1714 2352 3127 4024 5113 6381 7779 9419 11143 13098 15197 17334 19501 21742 24030 26227 28255 30235 32081 33577 34750 35736 36516 36819 36688 36265 35363 34347 33187 31747 29983 28028 26301 24382 22568 20713 18971 17280 15684 14253 12846 11581 10373 9318 8252 7296 6499 5780 5166 4540 3982 3573 3155 2831 2490 2205 1947 1726 1554 1354 1195 1024 907 798 685 593 517 452 400 358 306 254 230 209 184 162 136 124 109 100 77 66 60 53 50 39 36 29 30 28 21 16 13 13 13 16 11 10 10 11 11 11 8 6 6 8 7 6 6 5 5 4 6 6 7 8 7 7 7 7 5 4 3 4 4 4 4 4 4 3 
0 0 0 250 250 250 273 340 480 573 682 601 822 1153 1557 1966 2471 3076 3908 4950 6034 7203 8618 10360 12230 14299 16413 18484 20875 23367 25821 28026 30078 32028 33657 35190 36172 36816 37122 37113 36689 35927 35003 33754 32249 30726 28913 27039 25230 23395 21498 19545 17927 16200 14644 13219 11860 10577 9468 8511 7575 6749 5984 5301 4686 4154 3688 3302 2915 2569 2285 2031 1818 1624 1445 1313 1189 1085 953 839 748 663 605 521 471 396 370 344 304 272 222 203 171 153 130 98 82 73 67 51 42 38 33 35 33 24 22 21 22 18 18 13 12 12 10 7 3 3 2 2 2 
0 0 0 249 249 249 278 358 467 610 800 894 1352 1926 2544 3266 4182 5309 6706 8153 9795 11587 13672 15909 18157 20566 22927 25412 27811 30086 32081 33881 35638 36814 37797 38284 38317 38042 37415 36508 35254 33830 32014 30165 28280 26355 24390 22469 20429 18591 16925 15322 13798 12434 11175 9921 8947 7955 7084 6311 5616 4981 4429 3953 3452 3049 2710 2354 2065 1802 1585 1409 1233 1118 957 830 747 655 566 483 417 352 312 299 274 228 197 181 165 147 126 97 73 68 61 49 37 32 27 23 20 14 11 11 9 7 5 4 3 2 2 1 
0 0 0 249 249 249 273 343 444 534 653 705 1143 1778 2486 3318 4383 5605 7107 8707 10502 12407 14405 16742 19033 21555 24037 26442 28689 30663 32693 34155 35613 36518 37056 37333 37254 37057 36305 35333 33908 32494 30921 29066 27217 25145 23231 21333 19548 17690 15982 14461 13028 11796 10567 9532 8528 7638 6859 6139 5420 4798 4271 3745 3328 2956 2598 2297 2061 1849 1626 1490 1300 1175 1055 931 813 697 609 528 468 405 352 313 267 240 234 198 188 165 144 128 120 111 96 91 81 72 65 55 49 47 43 36 31 26 22 19 16 15 11 9 9 8 7 6 5 4 3 3 1 1 1 1 1 1 1 1 1 1 1 1 1 
0 0 0 250 250 250 274 332 426 548 709 653 918 1315 1768 2296 2872 3607 4663 6005 7398 8776 10405 12386 14517 16723 18879 20738 22865 25176 27298 29205 30997 32472 33643 34858 35570 35963 36036 35661 34961 34035 32993 31549 30105 28445 26635 24836 23060 21297 19492 17970 16297 14785 13399 12034 10860 9787 8842 7863 7048 6258 5602 5045 4482 3989 3492 3054 2745 2461 2207 1972 1739 1563 1408 1276 1106 970 867 765 683 621 542 471 416 368 326 287 244 207 186 174 154 136 118 113 104 84 76 66 69 56 51 45 41 39 37 31 22 21 20 15 13 10 8 6 4 2 1 1 1 1 
0 0 0 249 249 249 267 343 430 506 633 632 991 1294 1646 2146 2922 3861 4858 5802 6870 8450 10323 12279 14252 16352 18717 21283 23903 26237 28368 30448 32410 34061 35207 36136 36715 36994 36906 36420 35652 34531 33358 31924 30308 28623 26922 25040 23141 21375 19625 17963 16301 14770 13231 11920 10683 9585 8588 7606 6772 5944 5343 4748 4233 3755 3288 2874 2528 2255 1963 1733 1485 1298 1140 1014 915 782 683 620 556 483 413 363 312 278 253 208 174 148 142 132 123 114 100 82 80 72 68 57 49 42 37 38 28 24 15 16 13 13 11 8 7 7 7 5 5 3 2 3 3 2 1 1 1 2 2 1 1 1 1 1 1 
0 0 0 250 250 250 269 331 441 536 630 518 692 942 1263 1640 2005 2443 3077 3925 4872 5854 6927 8296 9904 11674 13556 15420 17466 19662 22055 24243 26382 28548 30507 32325 33786 35063 35876 36475 36601 36359 35771 34877 33920 32531 31034 29410 27635 25863 24101 22245 20370 18645 17026 15376 13964 12523 11241 10123 9130 8211 7307 6482 5735 5106 4564 4092 3604 3198 2803 2503 2252 2036 1794 1565 1395 1259 1107 978 879 757 656 596 522 454 413 370 311 271 242 209 179 164 148 130 115 102 93 88 88 80 71 63 62 58 49 41 32 28 24 19 19 18 16 15 13 12 10 7 2 
0 0 0 249 249 249 272 334 417 495 595 483 714 1095 1564 2096 2674 3386 4354 5546 6811 8064 9431 11134 13045 14973 17116 19194 21408 23802 26135 28174 30134 32116 33732 35070 36008 36620 36863 36868 36435 35625 34412 33046 31514 29728 27940 26110 24208 22346 20552 18733 17121 15578 14021 12528 11277 10088 9007 8105 7236 6424 5746 5124 4518 4025 3544 3138 2721 2416 2167 1944 1733 1509 1338 1163 1027 908 795 679 603 533 485 419 370 323 291 264 241 217 178 164 154 132 113 104 96 88 77 71 63 59 55 47 37 27 22 26 21 20 18 15 14 16 18 12 10 9 10 10 8 5 5 5 5 5 4 4 4 4 2 2 2 
0 0 0 250 250 250 286 363 489 638 820 830 1230 1703 2284 2947 3681 4562 5699 6961 8378 9911 11726 13689 15713 17984 20304 22684 25027 27345 29527 31342 33026 34438 35481 36102 36579 36436 35978 35543 34618 33488 32042 30614 28790 27169 25348 23489 21727 19854 18243 16559 15041 13554 12235 10938 9871 8862 7886 7026 6215 5591 5003 4424 3936 3557 3174 2852 2604 2318 2085 1884 1669 1461 1302 1151 1014 908 771 668 591 524 461 402 342 299 276 251 240 209 182 160 147 130 115 104 85 75 69 58 49 41 37 37 33 32 29 28 22 20 18 13 11 10 7 5 5 3 2 1 
0 0 0 250 250 250 271 356 445 530 646 562 805 1172 1654 2080 2650 3496 4632 5860 7160 8520 10008 11798 13724 15832 17764 19984 22229 24504 26773 29146 31105 32936 34389 35448 36451 37084 37189 36785 36223 35157 34152 32769 31047 29340 27544 25631 23715 21850 19959 18329 16682 15038 13589 12290 11083 10012 9031 7998 7171 6405 5725 5107 4609 4071 3566 3188 2830 2514 2244 1962 1703 1488 1348 1201 1044 932 810 736 659 594 527 452 393 331 292 255 209 165 140 136 116 109 98 82 76 65 57 41 39 30 29 26 22 22 20 18 15 15 11 9 7 5 5 4 4 3 2 2 2 2 1 1 1 
0 0 0 250 250 250 262 332 418 504 612 542 911 1371 1873 2349 2948 3748 4747 5860 6937 8160 9703 11536 13498 15451 17502 19668 21958 24365 26665 28915 30873 32759 34274 35697 36716 37278 37436 37090 36658 35809 34761 33272 31716 29944 28085 26197 24261 22365 20540 18762 17075 15524 14009 12607 11302 10159 9123 8155 7202 6422 5784 5163 4627 4116 3640 3249 2937 2600 2300 2070 1812 1602 1431 1281 1128 989 848 744 657 583 512 442 375 329 295 263 223 189 150 132 116 103 88 70 58 55 52 43 39 31 25 23 19 17 12 13 13 13 11 9 7 6 7 4 3 2 2 2 2 1 
0 0 0 249 249 249 277 352 452 549 675 635 907 1268 1730 2159 2763 3478 4343 5316 6438 7715 9083 10636 12316 14205 16239 18242 20216 22227 24351 26370 28264 29838 31394 32617 33643 34394 34851 34908 34669 34149 33284 32335 31142 29734 27943 26383 24591 22989 21206 19503 17776 16182 14856 13478 12311 11056 9914 8914 8079 7263 6453 5703 5061 4531 4052 3572 3152 2818 2547 2273 2007 1773 1592 1424 1280 1116 965 866 772 696 621 537 484 444 394 336 298 266 234 212 187 159 140 121 110 93 79 68 57 50 44 43 47 42 36 31 29 29 29 26 17 15 14 16 14 14 13 11 9 8 8 5 5 3 2 2 2 2 1 1 
0 0 0 250 250 250 277 362 447 561 672 609 881 1232 1607 2043 2723 3618 4676 5903 7322 9013 11101 13344 15564 17856 20344 22930 25460 27955 29992 31942 33701 35291 36506 37276 37829 37699 37526 36879 36040 34681 33259 31598 29615 27865 25890 23985 21984 20130 18200 16486 14984 13443 12014 10725 9588 8560 7630 6828 6059 5378 4775 4227 3759 3396 3043 2647 2306 2033 1817 1600 1389 1171 998 868 771 692 607 541 492 450 400 359 339 293 248 215 185 160 142 123 95 79 76 65 55 51 41 36 34 32 31 25 23 23 21 21 21 21 18 20 19 17 18 17 14 14 13 13 12 10 11 12 13 13 13 11 11 14 11 9 7 5 4 4 4 1 1 1 1 
0 0 0 250 250 250 274 342 428 508 574 426 632 1008 1486 2056 2706 3519 4741 6272 7940 9711 11667 13773 16181 18637 21019 23497 25933 28356 30570 32724 34529 36062 37242 37987 38416 38282 37865 37205 36052 34785 33362 31664 29794 27917 25981 23945 22117 20304 18403 16574 14954 13521 12215 10972 9813 8640 7680 6889 6166 5463 4834 4235 3715 3337 2981 2656 2321 2050 1806 1599 1424 1268 1115 977 876 771 678 601 526 466 425 379 332 296 272 227 208 180 151 131 113 94 90 83 68 56 49 43 41 41 34 30 27 25 20 19 13 10 7 5 3 3 2 2 2 2 2 1 1 
0 0 0 250 250 250 273 328 425 513 622 484 714 1087 1571 2135 2870 3735 4790 6127 7760 9476 11284 13250 15450 17820 20332 22739 25052 27394 29724 31812 33784 35339 36496 37443 37911 38002 37722 37165 36125 34967 33595 31947 30227 28454 26501 24624 22621 20728 18867 17182 15561 13984 12633 11282 10193 9066 8074 7229 6458 5798 5146 4531 3969 3540 3169 2768 2454 2125 1885 1694 1476 1283 1146 995 840 731 625 541 470 432 373 331 307 269 245 210 183 158 145 123 98 85 79 71 63 52 42 40 38 36 30 26 27 26 23 20 17 13 12 12 10 7 7 5 5 5 5 4 2 2 1 1 2 2 1 1 1 1 1 1 
0 0 0 250 250 250 271 344 445 542 643 570 881 1368 1912 2545 3331 4392 5836 7460 9197 10996 13156 15562 18141 20777 23355 25775 28333 30840 33139 35032 36573 37735 38573 39166 39222 38863 38046 37021 35781 34282 32413 30455 28375 26290 24324 22302 20341 18522 16799 15172 13706 12417 11094 9904 8750 7749 6893 6151 5439 4753 4154 3694 3295 2880 2536 2217 1955 1714 1514 1299 1149 1005 899 783 689 604 544 474 401 363 312 282 250 228 189 174 158 143 126 104 87 77 73 62 56 42 35 27 27 27 19 16 16 16 17 19 16 12 11 10 6 6 5 1 1 1 1 2 2 2 3 3 3 3 4 3 3 4 4 6 6 5 4 4 6 5 4 2 2 2 
0 0 0 250 250 250 274 347 450 546 675 612 891 1241 1682 2151 2693 3442 4576 5749 7007 8418 10104 12009 14090 16332 18329 20607 23056 25605 27948 29966 32032 33674 35135 36207 36868 37166 36896 36570 35672 34654 33412 31967 30271 28391 26627 24791 22951 21114 19354 17570 15986 14491 13148 11810 10667 9581 8520 7707 6894 6166 5501 4978 4411 3921 3511 3083 2749 2449 2182 1891 1667 1476 1310 1173 1023 898 814 737 657 584 526 466 427 395 340 305 266 236 207 186 158 130 111 86 82 76 65 53 45 38 37 32 28 24 22 17 18 16 13 11 9 7 7 5 2 1 1 1 
0 0 0 250 250 250 271 348 461 557 660 573 783 1061 1385 1777 2263 2810 3589 4545 5612 6798 8249 9933 11743 13838 15920 18204 20485 22941 25249 27623 29769 31720 33425 34909 36169 37131 37542 37499 37220 36571 35725 34609 32997 31147 29429 27544 25611 23751 21872 19885 18296 16646 15118 13609 12272 10987 9833 8753 7790 6935 6166 5517 4915 4342 3869 3459 3061 2739 2410 2139 1897 1685 1487 1313 1148 1021 903 790 685 612 542 476 414 373 340 299 263 239 210 193 173 147 121 104 96 79 73 59 55 44 39 43 37 33 28 29 27 29 34 29 27 26 25 23 18 15 10 11 12 11 9 7 8 9 9 7 6 6 6 5 4 2 2 1 1 1 
0 0 0 250 250 250 276 333 411 502 645 566 801 1150 1555 1999 2550 3233 4044 5028 5998 7124 8461 10013 11767 13503 15417 17340 19605 21855 23991 26146 28085 29977 31577 33099 34221 34930 35474 35563 35384 34933 34251 33120 31855 30482 28880 27182 25378 23616 21799 20053 18333 16735 15163 13780 12455 11188 10015 8967 8072 7237 6529 5789 5207 4674 4207 3811 3371 2980 2641 2354 2109 1870 1659 1499 1339 1190 1051 944 820 729 648 549 504 454 407 359 322 283 248 228 193 177 160 141 124 113 101 96 88 79 66 61 53 51 43 33 29 26 23 22 22 18 20 19 19 17 15 13 9 6 4 4 2 1 
0 0 0 250 250 250 271 338 419 533 615 482 652 930 1223 1514 1864 2288 2774 3365 4081 4891 5851 7077 8284 9631 11221 13120 15229 17409 19460 21622 24054 26481 28807 30708 32167 33458 34707 35607 36001 35978 35637 35130 34484 33492 32350 30790 29167 27453 25776 23966 22055 20279 18407 16782 15268 13814 12318 11048 9955 8798 7822 6926 6153 5458 4846 4260 3748 3351 2997 2633 2254 1974 1741 1547 1358 1214 1059 944 859 770 698 622 569 508 437 398 356 320 291 265 224 198 191 168 154 146 128 111 105 95 82 71 62 52 43 35 26 23 21 20 15 14 13 14 12 9 8 7 7 7 7 4 4 5 4 4 3 2 1 1 1 
0 0 0 249 249 249 268 349 435 532 622 537 824 1322 1876 2517 3327 4395 5665 7140 8779 10577 12690 14902 17274 19751 22327 24970 27549 29891 31993 33901 35595 37011 37840 38157 38296 37898 37260 36312 35000 33378 31851 30127 28030 26279 24359 22394 20638 18892 17042 15442 14048 12602 11206 10103 8945 7967 7179 6345 5641 5014 4559 4001 3546 3093 2733 2461 2170 1946 1693 1520 1370 1209 1067 947 853 755 677 601 527 485 433 394 346 308 280 254 234 212 195 174 179 167 151 138 117 105 98 92 72 53 45 42 41 36 27 19 16 16 14 10 7 5 6 7 7 6 5 4 4 4 3 2 2 2 1 2 2 1 1 1 1 1 1 
0 0 0 249 249 249 273 354 470 579 676 590 878 1251 1673 2107 2750 3605 4572 5640 6813 8266 9940 11828 13678 15593 17707 20068 22412 24621 26724 28912 30891 32683 34088 35115 35877 36392 36431 35999 35424 34539 33511 32130 30550 28825 27146 25399 23569 21804 19948 18291 16706 15165 13753 12385 11110 9885 8948 8040 7219 6434 5678 5046 4513 4018 3554 3127 2786 2451 2207 1963 1721 1569 1374 1213 1077 977 846 764 712 627 557 498 442 401 369 330 283 237 216 194 174 144 124 96 84 74 63 57 45 42 34 32 30 27 23 19 18 18 18 17 10 9 8 6 7 5 5 4 4 3 2 3 2 2 1 1 1 1 1 
0 0 0 250 250 250 272 356 458 539 664 597 883 1278 1715 2169 2771 3624 4636 5828 7236 8726 10489 12426 14536 16845 19228 21649 23950 26251 28559 30734 32687 34199 35511 36341 37024 37376 37314 36928 36236 35202 33819 32446 30803 29068 27081 25113 23061 21170 19448 17677 16089 14464 13015 11705 10516 9469 8441 7523 6667 5945 5301 4658 4130 3642 3222 2863 2487 2202 1942 1707 1503 1302 1134 999 876 769 657 606 540 494 430 370 342 295 259 223 192 164 146 134 118 97 85 70 59 50 44 33 25 24 23 20 22 18 14 14 12 10 8 8 6 5 5 4 5 4 4 2 3 4 3 3 2 3 5 5 4 3 4 4 5 4 2 2 3 3 2 2 1 1 
0 0 0 249 249 249 265 320 411 501 597 531 911 1333 1791 2246 2802 3642 4706 5835 6916 8237 9710 11361 13333 15226 17336 19428 21708 23861 26115 28351 30184 32058 33534 34891 35874 36509 36722 36518 36001 35203 34014 32542 30838 29052 27247 25439 23746 21787 20083 18387 16750 15341 13964 12672 11381 10337 9301 8338 7560 6771 6068 5416 4902 4391 3899 3541 3164 2814 2494 2232 1985 1755 1544 1346 1178 1061 941 822 711 627 542 474 419 355 303 261 230 202 184 172 143 124 114 100 90 76 64 51 44 38 31 29 21 16 13 10 10 6 4 3 3 3 4 4 3 3 4 4 4 3 3 3 3 2 1 1 1 1 
0 0 0 250 250 250 274 344 443 528 629 539 774 1128 1660 2105 2652 3378 4423 5594 7013 8444 9937 11846 13889 15964 18093 20162 22215 24335 26562 28586 30442 32254 33591 34840 35655 36209 36174 35894 35352 34287 33184 31728 30111 28447 26658 24764 22926 21222 19451 17818 16324 14847 13532 12274 11002 9943 8926 8064 7186 6373 5713 5051 4526 4003 3583 3125 2779 2468 2192 1958 1743 1537 1377 1253 1127 999 882 789 684 618 528 448 402 365 323 282 254 225 196 181 152 128 112 103 87 71 61 52 47 40 38 28 24 21 20 16 16 13 9 7 5 4 3 3 
0 0 0 250 250 250 272 336 420 512 608 525 787 1116 1461 1850 2417 3188 4173 5246 6413 7807 9428 11381 13456 15562 17600 19785 22243 24723 26954 28981 30856 32554 34207 35617 36260 36664 37005 36859 36301 35578 34417 32974 31633 30022 28170 26366 24584 22746 20996 19340 17643 15998 14491 13113 11851 10620 9435 8356 7442 6578 5868 5141 4464 3906 3485 3082 2730 2411 2065 1832 1657 1455 1276 1107 985 865 767 683 590 520 458 419 362 318 273 233 207 194 175 154 137 127 121 118 107 91 82 77 71 64 60 53 56 52 48 42 37 36 31 29 25 20 18 16 15 11 10 10 8 7 5 7 8 9 9 7 6 6 6 4 2 1 1 1 1 1 2 3 4 4 
0 0 0 250 250 250 267 324 401 484 588 496 749 1091 1531 2055 2651 3493 4448 5533 6808 8323 9906 11616 13470 15513 17706 19975 22215 24341 26622 28777 30849 32513 34113 35458 36333 37057 37070 36968 36367 35661 34455 33001 31507 29632 27920 25818 23929 21971 20012 18167 16522 15052 13563 12313 11042 9896 8954 8089 7185 6305 5639 5043 4572 4081 3569 3161 2790 2508 2222 1943 1715 1500 1351 1177 1041 921 818 711 626 548 486 444 396 350 306 282 249 220 192 176 160 144 132 118 106 98 91 74 62 50 38 36 33 29 26 23 20 19 16 16 11 9 7 5 4 2 2 1 2 2 2 1 1 1 1 1 
0 0 0 250 250 250 266 329 425 505 630 657 1102 1628 2175 2751 3450 4507 5702 7006 8396 10011 11815 13936 16243 18447 20747 23206 25650 27929 30328 32372 33978 35492 36686 37376 37716 37775 37254 36549 35657 34344 32944 31385 29504 27725 25765 23797 21952 20165 18350 16594 15056 13472 12220 10942 9747 8731 7722 6889 6217 5524 4822 4282 3790 3335 2956 2575 2244 1981 1763 1558 1389 1206 1066 940 804 707 629 546 496 429 376 325 297 257 226 213 181 162 134 125 104 95 83 67 64 53 49 46 50 49 45 43 38 35 30 24 20 16 13 9 9 10 10 9 8 8 9 10 8 6 5 4 3 3 1 2 2 2 2 2 2 2 2 
0 0 0 249 249 249 277 356 451 529 625 541 841 1297 1734 2148 2583 3320 4236 5262 6306 7400 8856 10536 12491 14473 16571 18790 21126 23601 26002 28220 30430 32393 34144 35507 36423 37108 37388 37257 36726 35916 34640 33248 31850 29999 28087 26276 24359 22529 20781 19094 17463 15945 14455 13097 11780 10577 9484 8515 7588 6793 6033 5327 4773 4228 3786 3336 2943 2593 2354 2080 1856 1625 1451 1287 1159 1016 862 765 672 597 530 481 404 362 331 313 283 245 218 184 175 159 142 123 102 95 80 72 61 57 47 37 33 28 23 25 23 24 25 23 22 22 20 17 16 10 7 8 10 11 10 7 6 7 7 7 4 2 2 3 4 3 4 3 3 3 3 2 2 2 
0 0 0 250 250 250 271 339 435 523 605 494 726 1025 1381 1793 2397 3263 4196 5280 6585 8155 9963 12044 14200 16390 18820 21436 24165 26695 28954 31001 33117 35005 36468 37424 37946 38169 38263 37863 36847 35536 34068 32571 30791 28816 26804 24834 22903 20987 19186 17358 15667 14221 12807 11574 10372 9344 8382 7516 6739 6013 5363 4723 4227 3778 3356 2966 2670 2382 2076 1878 1663 1457 1290 1148 1000 907 840 719 645 553 493 442 395 337 278 251 226 198 174 152 130 113 106 95 82 75 66 64 60 57 49 44 38 41 41 32 25 21 20 20 22 18 12 11 8 8 7 4 
0 0 0 250 250 250 276 348 449 543 616 454 659 1013 1417 1763 2157 2750 3669 4729 5826 6972 8392 10083 12034 14100 16168 18404 20795 23283 25561 27708 29667 31676 33429 34817 35746 36434 36891 37018 36881 36108 35048 33832 32577 30977 29080 27283 25413 23547 21763 19949 18123 16549 15100 13660 12273 11030 9845 8770 7828 6859 6112 5364 4749 4196 3688 3291 2925 2576 2255 2012 1750 1536 1362 1177 1044 933 811 706 642 575 517 471 406 358 333 301 258 219 188 165 159 145 122 103 93 89 87 78 65 57 51 45 40 32 25 20 17 13 14 12 14 12 10 8 7 9 7 8 4 4 4 4 3 1 1 
0 0 0 250 250 250 272 341 426 512 638 550 806 1193 1668 2191 2854 3736 4800 5994 7308 8814 10537 12533 14559 16725 18991 21509 24054 26530 28914 31137 33156 34995 36522 37555 38091 38389 38446 37822 36988 35845 34385 32696 30962 29039 26917 24960 23010 21037 19127 17434 15770 14252 12779 11451 10285 9207 8233 7267 6468 5737 5062 4522 3982 3481 3051 2719 2418 2084 1856 1638 1423 1259 1107 956 827 735 635 546 484 428 394 340 313 270 240 205 188 163 139 128 113 106 97 92 70 64 53 48 39 33 23 19 16 10 7 6 5 4 6 4 2 2 2 2 2 2 
0 0 0 249 249 249 268 332 403 485 567 448 593 846 1123 1397 1856 2454 3141 3989 5005 6045 7355 8756 10234 11863 13770 15648 17799 20001 22303 24582 26810 28952 30745 32482 33896 34969 35655 36069 36103 35871 35242 34362 33103 31759 30262 28614 26847 25011 23290 21608 19969 18327 16708 15192 13804 12477 11298 10133 9052 8084 7152 6377 5723 5112 4534 3943 3479 3130 2826 2507 2193 1918 1689 1541 1363 1187 1017 904 823 742 656 572 521 464 413 359 315 263 238 206 174 147 139 126 111 103 84 75 68 58 50 47 38 37 32 30 27 27 25 19 19 14 15 11 9 10 10 8 7 7 7 8 8 8 6 6 5 4 3 1 1 
0 0 0 250 250 250 282 361 455 543 633 555 803 1126 1498 1884 2399 3169 4185 5392 6660 8205 10095 12059 14193 16382 18606 21005 23448 25736 27958 30109 31965 33638 35176 36171 36920 37350 37350 36974 36317 35301 34022 32620 30995 29292 27337 25459 23703 21914 20178 18363 16683 15090 13637 12282 10998 9838 8716 7770 6931 6069 5394 4812 4217 3728 3244 2879 2538 2286 2013 1751 1545 1376 1242 1093 943 825 753 666 593 512 437 378 337 303 252 230 192 170 147 136 120 105 101 86 74 63 55 44 40 36 26 27 27 27 21 22 18 14 16 12 9 7 7 5 5 8 5 4 4 4 3 3 3 
0 0 0 250 250 250 264 336 444 547 645 520 774 1128 1507 1892 2285 2877 3723 4779 5788 6901 8242 9907 11944 14038 16010 18090 20361 22815 25100 27147 28869 30622 32333 33642 34682 35265 35604 35825 35613 34958 33987 32873 31583 30046 28464 26565 24781 22968 21234 19512 17762 16132 14625 13221 11940 10796 9629 8569 7627 6884 6149 5488 4916 4325 3835 3465 3156 2808 2471 2220 1960 1737 1571 1367 1195 1036 924 820 721 655 597 541 470 445 402 362 322 284 238 202 192 160 149 135 119 104 98 91 75 68 55 43 40 36 33 28 27 26 27 26 24 23 20 19 14 10 7 6 4 5 3 1 1 2 2 2 2 1 1 1 1 
0 0 0 250 250 250 272 333 411 496 588 449 623 875 1200 1700 2400 3186 4121 5289 6688 8388 10192 12165 14191 16663 19101 21667 24033 26279 28631 30685 32616 34034 35423 36292 37039 37485 37421 37080 36392 35441 34076 32613 30949 29142 27271 25330 23339 21465 19629 17908 16284 14643 13194 11808 10636 9473 8470 7559 6673 5981 5245 4708 4177 3681 3288 2892 2566 2234 1992 1764 1517 1352 1162 1008 887 789 693 598 514 439 385 331 297 246 205 171 158 137 122 112 101 85 79 68 58 53 48 43 31 33 30 33 29 24 20 18 18 15 12 8 10 10 10 7 7 8 8 7 5 4 3 3 2 2 2 2 2 1 1 1 1 
0 0 0 249 249 249 272 339 431 528 639 530 795 1200 1646 2222 2966 3941 4979 6238 7627 9187 10902 12786 14742 16777 19007 21204 23463 25475 27552 29483 31110 32663 33762 34738 35370 35901 35943 35600 35060 34147 33357 31973 30468 28744 27056 25294 23508 21675 19813 18317 16733 15213 13712 12414 11223 10159 9096 8048 7139 6354 5703 5029 4421 3893 3367 2974 2651 2346 2059 1841 1631 1431 1296 1137 988 892 787 677 611 537 479 419 357 307 267 236 217 188 158 141 131 116 101 90 73 65 57 42 38 28 24 21 18 13 13 13 10 12 10 9 6 6 5 3 2 
0 0 0 250 250 250 273 324 425 499 585 481 786 1233 1678 2166 2823 3777 4926 6122 7530 9029 10785 12777 14907 17048 19273 21647 23847 26159 28304 30397 32270 33827 34941 35847 36578 36732 36722 36174 35278 34319 33257 31751 30095 28313 26392 24532 22698 20885 18949 17354 15631 14254 12886 11582 10386 9208 8256 7305 6561 5752 5097 4556 4047 3555 3214 2873 2558 2299 2030 1775 1578 1444 1257 1131 984 859 775 696 598 507 436 383 347 308 266 229 212 185 168 148 128 111 97 86 68 66 54 45 41 35 31 29 29 19 16 13 16 13 14 12 11 11 9 9 7 8 6 6 5 5 6 7 6 5 5 3 3 2 1 
0 0 0 250 250 250 279 376 484 592 726 667 1004 1465 1955 2507 3285 4290 5572 6735 8045 9497 11262 13164 15029 16913 18888 21237 23539 25962 28085 30048 31891 33612 34933 36024 36674 36834 36605 36232 35575 34611 33269 31598 29857 28094 26402 24498 22599 20725 19078 17401 15874 14332 12970 11773 10603 9468 8466 7626 6893 6231 5561 4923 4403 3963 3487 3114 2729 2392 2103 1859 1632 1426 1266 1106 982 880 770 646 566 500 437 390 338 297 256 232 196 167 144 125 117 97 85 72 65 59 53 49 41 35 31 27 27 21 18 15 11 10 9 9 6 6 5 3 3 2 1 
0 0 0 250 250 250 275 370 464 564 684 659 1059 1598 2156 2765 3623 4605 5765 7156 8600 10187 12010 14067 16205 18598 20946 23231 25649 27975 30198 32123 33889 35212 36462 37145 37443 37353 36991 36385 35386 34220 32625 31270 29505 27784 25896 23990 22138 20312 18630 16830 15286 13748 12362 11117 9883 8780 7820 6907 6115 5371 4711 4092 3664 3249 2849 2548 2271 2035 1831 1648 1424 1238 1089 970 817 749 650 561 511 458 407 353 326 281 256 233 198 174 155 139 121 108 93 75 64 58 55 48 43 35 29 28 25 21 17 17 14 12 11 8 8 7 5 3 3 2 2 2 1 1 1 
0 0 0 250 250 250 275 347 435 511 589 443 629 942 1319 1774 2399 3243 4288 5561 6971 8517 10254 12210 14284 16691 19069 21521 23990 26524 29053 31354 33515 35104 36603 37692 38483 38794 38707 38241 37443 36389 34966 33472 31627 29691 27719 25763 23729 21754 19913 17912 16310 14767 13297 11900 10627 9480 8448 7668 6773 6035 5339 4750 4204 3714 3290 2882 2538 2190 1942 1696 1518 1352 1200 1021 896 815 711 622 545 482 423 385 343 313 282 256 213 188 156 142 133 108 92 82 71 66 59 49 43 34 32 29 27 24 23 20 17 16 14 13 11 7 6 5 4 3 3 2 2 1 1 1 1 1 
0 0 0 250 250 250 275 333 445 560 667 582 842 1228 1637 2197 2824 3641 4632 5710 6929 8258 9908 11629 13560 15631 17795 20065 22532 24887 27118 29234 31212 32688 34090 35293 36047 36538 36644 36397 35799 35231 34012 32700 31095 29436 27708 25885 23957 21922 20273 18546 16941 15347 13795 12430 11290 10193 9150 8166 7297 6557 5872 5286 4663 4188 3722 3302 2906 2523 2255 1959 1734 1507 1312 1133 999 882 761 660 584 513 458 422 370 311 269 241 207 192 164 130 118 110 100 83 80 66 64 55 47 37 35 30 27 22 21 23 19 18 16 18 17 15 15 12 12 10 8 6 5 7 6 5 3 3 3 3 2 
0 0 0 249 249 249 275 354 462 545 645 675 1232 1785 2337 2889 3646 4732 5935 7140 8245 9742 11474 13617 15705 17798 20057 22526 25153 27486 29730 31587 33600 35128 36384 37051 37315 37372 36906 36354 35159 33881 32314 30657 28837 27023 25202 23239 21334 19534 17749 16205 14706 13168 11862 10691 9647 8620 7798 6934 6213 5564 4994 4393 3877 3473 3045 2689 2373 2105 1850 1632 1463 1310 1164 1018 900 787 696 643 572 502 439 390 345 305 270 234 200 166 148 130 109 106 90 72 63 56 49 47 40 34 28 29 26 22 20 19 15 11 10 7 7 6 6 4 4 4 4 3 1 1 
0 0 0 250 250 249 276 345 454 538 616 468 673 922 1202 1542 1907 2461 3219 4068 4890 5899 7064 8399 9924 11459 13003 14843 17105 19389 21656 23721 25696 27902 29929 31572 32838 33820 34602 35259 35524 35301 34773 34094 33191 31944 30561 28931 27324 25571 23903 22225 20368 18722 17120 15590 14134 12811 11556 10347 9329 8338 7355 6598 5917 5293 4692 4162 3689 3291 2970 2609 2300 2020 1801 1594 1412 1250 1117 999 882 773 697 607 539 483 418 368 334 296 264 231 208 190 169 158 141 129 114 106 99 90 77 66 58 56 48 33 24 20 20 16 11 6 5 4 4 3 1 1 1 1 
0 0 0 250 250 250 273 340 438 531 641 562 859 1312 1814 2429 3141 4099 5294 6691 8197 9827 11680 13720 15845 17960 20347 22611 24947 27214 29389 31391 33426 34956 36091 36992 37601 37918 37702 36980 36019 35096 33763 32187 30323 28316 26435 24676 22838 20816 18998 17306 15759 14226 12795 11467 10162 9189 8190 7251 6438 5782 5150 4541 3990 3486 3070 2709 2388 2072 1805 1591 1410 1240 1098 966 843 757 669 584 527 455 397 365 317 280 250 217 183 161 146 120 111 89 76 77 70 61 52 51 47 44 40 34 31 25 21 17 13 14 12 9 6 6 5 7 7 5 4 4 4 4 4 2 1 
0 0 0 250 250 250 277 339 420 528 708 684 1034 1437 1945 2599 3377 4331 5478 6763 8218 9961 11849 13920 16120 18570 20960 23440 25847 28068 30247 32172 33979 35414 36411 37105 37451 37579 37289 36606 35440 34070 32714 31089 29284 27334 25399 23523 21809 20005 18187 16477 14979 13564 12159 10963 9751 8686 7766 6927 6183 5490 4871 4260 3768 3371 2976 2661 2335 2042 1833 1640 1463 1260 1095 964 856 760 657 561 488 427 376 338 291 266 242 208 184 168 159 138 127 111 100 87 83 73 63 55 43 42 35 34 28 26 25 21 24 19 19 17 15 14 13 14 12 10 8 7 7 8 8 7 7 7 6 7 7 5 3 2 1 1 1 
0 0 0 249 249 249 269 354 454 537 663 620 886 1227 1694 2200 3001 3885 4929 6163 7671 9351 11186 13074 15014 17184 19380 21808 24097 26328 28321 30366 32377 34141 35596 36374 36851 37133 37153 36873 35839 34465 32950 31491 29835 27922 26009 23996 22180 20393 18690 16911 15346 13852 12486 11189 10016 9042 8103 7288 6524 5876 5223 4685 4212 3753 3339 2957 2592 2291 2058 1802 1572 1341 1166 1050 953 842 732 639 565 508 452 394 339 293 261 230 201 172 154 130 116 104 91 83 69 63 59 58 53 43 38 33 30 28 24 23 18 15 13 10 11 10 11 8 7 7 7 7 6 5 3 4 4 3 3 2 4 5 6 6 5 5 6 6 4 3 2 1 1 1 
0 0 0 250 250 250 272 348 450 559 691 677 1013 1465 1922 2392 3057 3946 5038 6154 7461 8953 10595 12582 14631 16783 19050 21386 23746 26036 28420 30414 32355 33978 35257 36305 36967 37242 37139 36777 35925 34791 33361 31802 30126 28301 26424 24528 22621 20819 19144 17463 15809 14297 12819 11500 10325 9286 8311 7398 6593 5911 5285 4728 4221 3746 3347 2986 2644 2335 2062 1817 1622 1410 1215 1065 935 803 720 624 536 481 424 384 337 314 278 252 226 202 187 156 142 120 109 100 93 76 66 65 62 53 48 42 37 37 29 28 24 21 18 12 11 7 8 6 5 5 3 4 3 3 1 1 1 1 1 
0 0 0 250 250 250 270 328 424 509 636 607 935 1413 1984 2622 3378 4412 5648 7031 8581 10043 11785 13753 16004 18278 20536 22925 25263 27810 30128 32106 33961 35412 36532 37253 37737 37706 37353 36765 35635 34308 32886 31274 29372 27572 25668 23753 21936 20178 18486 16757 15254 13754 12361 11154 9971 8921 7910 7108 6337 5627 5042 4476 3911 3490 3078 2738 2403 2121 1826 1592 1436 1249 1111 941 804 701 637 568 502 433 372 338 298 255 220 193 167 151 134 120 103 95 80 69 53 41 37 28 24 17 13 10 8 7 6 5 2 2 2 2 2 2 1 
0 0 0 250 250 250 280 343 438 532 689 649 1009 1516 2088 2890 3919 5244 6401 7901 9656 11652 13812 16041 18337 20588 23313 25882 28286 30425 32372 34178 35722 36908 37581 37950 37973 37544 36848 35759 34323 32829 31207 29374 27326 25459 23549 21577 19789 17996 16291 14744 13429 12047 10846 9861 8897 7896 7076 6269 5501 4916 4300 3710 3194 2814 2482 2207 1961 1695 1506 1345 1213 1093 957 856 762 682 615 553 471 418 365 308 277 250 217 187 166 145 134 122 106 93 89 79 70 63 53 46 41 40 28 22 20 17 18 17 15 14 14 14 11 10 7 5 5 4 2 3 4 3 2 2 3 3 3 2 1 1 1 1 
0 0 0 249 249 249 273 348 452 564 751 768 1164 1745 2463 3300 4333 5628 7105 8776 10602 12440 14603 16819 19220 21730 24101 26396 28705 30957 32825 34559 35774 36597 37324 37641 37595 37173 36284 35282 34028 32567 30887 29126 27209 25224 23439 21450 19661 17818 16117 14564 13108 11746 10515 9431 8419 7587 6721 5945 5190 4705 4182 3693 3257 2868 2550 2283 2082 1817 1583 1399 1221 1079 965 835 717 627 553 477 426 375 312 267 242 216 189 170 132 115 108 102 80 76 70 61 61 57 54 47 42 35 30 29 26 20 16 15 15 12 10 7 4 5 4 3 2 2 2 3 3 2 1 1 1 1 1 
0 0 0 250 250 250 269 345 415 482 565 454 651 957 1265 1636 2170 2826 3607 4506 5732 7175 8803 10434 12242 14316 16704 19155 21451 23685 25925 28344 30576 32496 33942 35086 36092 36811 37280 37211 36750 36000 35042 33897 32443 30749 28737 26814 24995 23100 21282 19543 17845 16211 14799 13369 12049 10839 9725 8662 7718 6906 6142 5447 4789 4287 3827 3383 3012 2663 2345 2132 1911 1658 1447 1259 1091 971 871 756 643 568 489 459 405 350 302 268 244 219 193 168 142 123 114 92 74 66 56 50 40 33 25 26 27 22 22 20 21 21 21 20 16 16 14 14 13 13 10 8 9 10 11 11 11 9 9 10 8 6 4 2 1 1 1 
0 0 0 250 250 250 272 341 442 527 646 598 899 1326 1837 2404 3090 4029 5180 6422 7762 9321 11057 13083 15264 17600 19820 22052 24590 26813 29084 31033 32692 34040 35225 36185 36547 36763 36445 35781 35141 34135 32816 31387 29778 28072 26295 24467 22518 20588 18892 17208 15634 14172 12838 11646 10390 9403 8388 7497 6658 5898 5222 4644 4189 3689 3333 2953 2624 2313 2043 1790 1590 1397 1202 1043 924 822 740 662 581 532 456 400 359 317 275 240 211 190 176 163 140 121 102 89 76 64 50 43 38 35 32 28 24 18 17 17 13 9 9 7 8 9 7 4 5 6 5 5 5 4 4 4 5 5 6 6 5 5 5 5 3 3 1 1 1 1 1 1 1 1 
0 0 0 250 250 250 265 335 430 505 610 494 658 1007 1464 1919 2513 3302 4395 5691 7092 8557 10212 12216 14325 16623 18913 21288 23856 26267 28720 30907 32922 34628 36041 37023 37781 38191 38088 37704 36961 35797 34421 32955 31113 29225 27256 25257 23326 21568 19806 17973 16299 14818 13432 12105 10871 9708 8671 7767 6965 6170 5518 4920 4381 3932 3474 3120 2772 2470 2186 1917 1712 1486 1326 1150 1004 891 783 705 601 537 451 401 361 319 279 237 205 186 178 159 140 121 101 84 79 66 58 47 46 39 36 33 32 26 23 20 15 13 11 11 8 7 6 5 5 3 2 3 2 2 2 2 3 3 3 2 2 1 1 1 
0 0 0 250 250 250 268 343 439 541 605 506 749 1106 1542 1966 2496 3189 4176 5310 6518 7774 9322 11119 13113 15269 17419 19647 22082 24619 26939 29189 31163 33031 34652 35941 36789 37363 37449 37205 36698 35646 34408 33051 31445 29578 27831 25974 24131 22358 20636 18825 17199 15676 14145 12798 11546 10417 9332 8357 7459 6673 6038 5372 4726 4208 3743 3383 3004 2651 2337 2039 1831 1600 1411 1218 1086 973 874 795 684 628 553 504 440 399 350 310 287 237 219 195 174 155 135 117 101 88 75 64 50 45 41 39 33 30 27 22 22 18 15 12 10 10 8 8 7 5 3 3 2 1 1 1 
0 0 0 250 250 250 270 337 431 487 616 638 1027 1475 1949 2596 3409 4558 5802 7116 8593 10308 12471 14624 16934 19140 21553 24134 26627 29018 31199 33217 34808 36196 37221 37851 37976 37946 37203 36174 35075 33790 32301 30466 28713 26739 24893 23156 21419 19606 17842 16285 14800 13372 12085 10832 9641 8626 7667 6800 6069 5379 4809 4230 3758 3337 2953 2600 2277 1971 1709 1528 1336 1155 999 877 778 696 603 526 459 417 376 337 293 260 238 212 192 171 156 142 116 102 88 77 70 61 46 42 38 32 23 18 14 11 10 8 6 7 6 6 5 6 8 7 7 5 5 5 5 3 1 1 1 1 1 
0 0 0 250 250 249 271 330 424 523 602 472 668 979 1319 1692 2137 2704 3506 4404 5439 6499 7748 9227 10954 12845 14761 16910 19206 21603 23964 26193 28410 30403 32209 33725 34839 35774 36297 36397 36151 35508 34684 33542 32230 30678 29024 27423 25644 23967 22180 20444 18782 17162 15674 14278 12893 11631 10506 9474 8507 7590 6753 6019 5384 4766 4246 3786 3343 2962 2671 2342 2075 1855 1627 1453 1285 1151 993 875 776 699 630 564 519 471 426 367 323 289 251 221 195 162 141 128 108 89 77 64 56 48 42 41 35 30 25 24 23 22 18 12 11 9 9 7 4 4 4 3 3 5 4 5 5 5 4 4 5 3 3 2 2 1 1 1 
0 0 0 250 250 250 267 320 404 479 553 415 599 858 1186 1542 2111 2937 4029 5148 6368 7746 9431 11461 13521 15630 17740 20161 22671 25344 27695 29850 32022 33872 35465 36856 37722 37917 37977 37827 37017 36110 34830 33119 31504 29853 27993 25908 23970 22034 20161 18374 16616 15036 13599 12271 10996 9765 8719 7796 6943 6144 5407 4729 4211 3747 3336 2929 2559 2249 2018 1798 1552 1361 1192 1055 939 817 704 626 580 500 442 380 325 292 260 228 195 182 157 134 126 122 108 91 78 63 59 54 45 34 30 25 20 20 14 11 10 10 11 12 12 8 8 7 7 7 5 5 5 4 4 3 3 2 3 2 2 2 2 2 1 1 
0 0 0 250 250 250 263 338 461 575 708 676 992 1382 1870 2491 3169 4079 5097 6227 7617 9232 11045 12864 14926 16963 19362 21856 24159 26335 28471 30439 32299 33823 34857 35742 36322 36571 36369 35911 35017 34102 32884 31333 29652 27856 26033 24321 22515 20679 19061 17411 15860 14450 13089 11735 10570 9521 8447 7500 6694 5939 5293 4704 4178 3693 3249 2888 2535 2247 1976 1787 1581 1360 1222 1064 932 824 713 590 523 468 407 358 309 264 241 208 186 160 145 133 121 110 90 81 70 64 58 49 41 32 31 29 28 24 18 18 20 21 16 17 17 17 18 15 11 10 10 8 6 5 3 2 2 2 2 1 1 1 1 1 1 
0 0 0 250 250 250 266 342 426 531 659 605 881 1210 1571 1950 2462 3188 4094 5008 6083 7370 8874 10621 12460 14517 16595 18844 21102 23471 25788 27857 29949 31735 33271 34622 35782 36375 36672 36561 36150 35304 34379 33095 31521 29906 28065 26362 24430 22669 20812 18992 17351 15780 14291 12879 11710 10461 9395 8468 7543 6708 5969 5377 4752 4281 3780 3364 3033 2703 2441 2182 1957 1745 1594 1412 1257 1128 1020 904 793 716 628 568 491 422 385 328 298 250 208 182 156 137 114 99 84 69 68 61 58 51 41 32 32 35 29 25 23 21 20 18 13 7 7 6 4 4 4 4 4 4 2 4 6 7 6 6 5 5 5 3 1 
0 0 0 250 250 250 274 349 440 530 612 477 686 955 1242 1543 1937 2447 3085 3860 4809 5892 7050 8528 10122 11893 13738 15743 17783 19932 22146 24230 26349 28436 30238 31863 33237 34435 35262 35813 35913 35506 35119 34384 33309 31967 30559 28869 27194 25569 23785 21984 20230 18483 16856 15325 13881 12497 11269 10101 9116 8187 7292 6565 5902 5292 4698 4204 3753 3375 2976 2628 2303 2012 1772 1552 1354 1180 1060 941 827 741 668 615 536 479 443 390 342 299 261 214 201 174 146 126 117 104 88 80 74 70 65 56 52 45 40 34 33 26 21 20 14 13 13 12 9 6 6 8 7 6 4 3 3 3 4 2 1 1 1 1 2 2 1 1 1 1 1 1 
0 0 0 250 250 250 275 339 406 471 551 434 696 1116 1733 2394 3157 4133 5408 6944 8493 10121 11856 13982 16334 18740 21107 23508 26032 28608 30844 32718 34437 35711 36785 37458 37810 37711 37286 36390 35198 34020 32510 30837 28975 26931 24981 23287 21491 19666 17916 16203 14618 13252 12025 10753 9567 8520 7630 6844 6074 5392 4778 4293 3848 3431 3034 2697 2392 2143 1889 1642 1452 1270 1112 988 879 775 692 615 563 502 453 388 349 316 284 253 213 196 175 158 138 122 106 92 82 70 51 48 39 33 27 26 22 22 20 15 16 13 12 10 12 11 13 16 15 17 15 15 14 14 12 9 10 8 8 7 5 4 3 3 1 1 1 
0 0 0 250 250 250 277 349 463 566 726 821 1278 1826 2394 2982 3723 4786 5996 7130 8591 10111 11860 13779 15882 18068 20425 22972 25197 27489 29832 32012 33877 35255 36294 37010 37591 37640 37193 36276 35158 33908 32365 30619 28724 26838 24988 23198 21401 19575 17935 16230 14704 13353 12019 10862 9724 8756 7844 7075 6273 5527 4843 4263 3828 3407 2974 2604 2320 2078 1844 1647 1437 1259 1102 989 863 732 628 544 472 409 352 305 277 242 216 179 158 146 136 127 106 100 89 82 72 69 60 51 45 36 36 37 31 24 20 19 17 17 14 9 7 5 5 5 4 3 
0 0 0 250 250 250 288 370 463 558 657 538 746 1060 1518 2012 2507 3156 4019 5138 6427 7827 9300 11066 13008 15068 17443 19577 21756 24093 26478 28512 30562 32281 33672 35049 36064 36502 36555 36349 35801 35145 34005 32520 30845 29201 27434 25737 24007 22128 20337 18739 17290 15848 14415 13028 11775 10634 9621 8649 7714 6905 6166 5555 4889 4352 3884 3396 3053 2698 2437 2159 1930 1727 1533 1406 1220 1087 935 817 736 640 557 474 419 362 333 290 248 222 189 171 156 130 107 101 93 81 75 68 62 55 52 46 41 39 36 34 32 29 25 22 16 13 10 8 6 5 5 4 4 3 3 2 1 1 
0 0 0 250 250 250 277 359 470 565 667 633 1069 1668 2296 2948 3857 5044 6506 8131 9707 11529 13543 15746 18034 20407 22842 25224 27664 29912 31936 33763 35378 36553 37200 37712 37681 37358 36802 35927 34580 33117 31560 29763 28009 26073 24108 22174 20400 18714 17034 15338 13836 12429 11180 10013 8920 7884 7047 6295 5561 4942 4392 3906 3448 3037 2668 2353 2080 1838 1596 1398 1230 1094 954 857 768 670 614 555 507 462 413 347 311 284 250 226 182 155 136 127 114 103 85 65 65 59 56 44 38 32 30 28 24 22 16 12 11 10 9 8 7 5 6 6 4 4 2 2 2 2 1 1 1 
0 0 0 248 248 248 281 349 452 549 664 565 750 1029 1364 1780 2270 2869 3661 4704 5932 7292 8768 10397 12394 14651 17097 19451 21767 24351 26928 29439 31592 33330 34850 36167 37227 37606 37615 37332 36729 35895 34604 33132 31536 29835 28006 26127 24138 22235 20490 18774 16963 15346 13950 12547 11337 10129 8999 7960 7122 6405 5659 4986 4401 3966 3555 3146 2834 2473 2190 1979 1739 1511 1342 1204 1060 929 826 703 628 575 494 433 377 342 285 260 241 205 181 164 146 123 118 113 96 86 70 59 52 50 43 31 26 21 17 12 9 8 5 4 2 2 2 2 2 
0 0 0 250 250 250 275 358 454 560 694 637 968 1262 1736 2337 3186 4114 5106 6285 7671 9494 11318 13109 15036 17257 19741 22252 24587 26717 28747 30925 32766 34434 35664 36538 36989 37108 37085 36676 35744 34464 32982 31449 29881 28124 26227 24172 22350 20498 18815 17081 15465 13976 12606 11362 10214 9120 8061 7176 6395 5768 5096 4499 4014 3607 3248 2880 2560 2238 2015 1774 1595 1421 1271 1132 1023 929 816 769 675 601 524 476 434 390 353 316 285 264 245 225 196 191 174 148 135 127 104 92 82 72 62 52 47 40 37 31 26 19 13 12 10 10 7 6 6 6 7 7 6 7 8 9 8 7 7 8 9 7 6 4 4 4 4 2 1 1 1 1 1 1 
0 0 0 250 250 250 268 343 455 542 645 635 964 1344 1855 2493 3299 4332 5595 7078 8767 10672 12786 14872 17166 19673 22289 24818 27225 29600 31724 33800 35493 36878 37814 38397 38637 38457 37889 37069 35992 34508 32710 30831 28940 26966 25049 23032 20967 19080 17457 15803 14148 12653 11319 10093 9051 8080 7119 6341 5702 5097 4505 4049 3588 3173 2848 2518 2224 2000 1777 1535 1347 1197 1069 947 825 684 607 545 502 437 374 330 297 270 249 222 191 167 152 138 124 116 92 87 74 64 59 56 44 42 38 31 32 29 23 19 21 15 14 12 10 9 9 8 4 3 2 2 2 1 1 2 2 2 1 1 1 2 2 1 1 1 1 1 1 
0 0 0 250 250 250 274 331 405 490 582 493 779 1173 1602 2117 2829 3885 5125 6591 8085 9754 11751 13957 16237 18589 20938 23354 25854 28206 30494 32490 34315 35701 36857 37563 37948 38183 37656 36933 35933 34644 33188 31448 29688 27636 25805 23917 21915 19979 18172 16567 14933 13420 12037 10767 9596 8644 7649 6733 5926 5227 4625 4055 3582 3145 2804 2480 2206 1969 1745 1558 1391 1249 1103 970 870 772 654 587 521 442 393 343 300 263 245 206 182 163 146 126 114 100 87 76 61 47 37 35 30 25 22 17 15 15 11 9 6 6 3 2 2 1 1 1 1 1 1 1 1 
0 0 0 250 250 250 267 337 440 536 623 555 859 1348 1853 2385 3134 4192 5614 6931 8476 10161 12028 14161 16416 18610 20832 23299 25794 28076 30329 32267 33893 35349 36297 37116 37224 37090 36538 35935 35051 33841 32362 30614 28875 27125 25327 23393 21555 19716 18122 16479 14979 13540 12202 10980 9786 8766 7788 6914 6166 5537 4962 4379 3882 3478 3129 2802 2538 2215 1959 1756 1563 1363 1178 1043 914 812 747 674 582 516 469 420 364 322 265 234 222 195 169 149 131 115 108 88 71 62 45 46 40 36 30 26 25 23 23 15 15 14 12 12 11 10 11 12 12 13 13 11 13 12 10 8 6 5 4 4 1 
0 0 0 250 250 250 268 344 456 564 663 565 818 1188 1611 2142 2765 3606 4689 5883 7249 8717 10494 12347 14289 16521 18773 21204 23575 25922 28056 30046 32159 33826 35041 36004 36640 36977 37057 36699 35829 34873 33791 32222 30592 28760 26949 25226 23400 21482 19625 18002 16352 14929 13354 11994 10761 9646 8640 7719 6936 6159 5535 4867 4340 3802 3367 2984 2616 2310 2051 1823 1592 1420 1246 1085 966 842 740 656 589 524 465 419 359 331 279 248 212 191 169 147 135 109 105 94 89 72 61 57 52 44 40 37 32 29 26 22 20 18 19 15 12 10 11 9 7 7 3 3 3 3 2 2 2 2 2 2 1 1 1 1 1 
0 0 0 250 250 250 274 350 443 548 658 620 928 1330 1764 2313 2978 3885 4835 5995 7330 8841 10607 12362 14306 16406 18721 21137 23604 25922 28139 30371 32467 34260 35678 36616 37148 37527 37493 37120 36339 35075 33643 32146 30445 28612 26588 24594 22594 20856 19207 17476 15860 14324 12989 11748 10612 9414 8361 7457 6666 5879 5222 4576 4045 3634 3231 2846 2501 2253 1992 1813 1621 1422 1251 1107 970 844 750 643 543 477 419 368 315 285 244 217 183 169 150 132 126 112 101 88 78 64 55 52 47 42 34 31 31 30 26 22 18 16 16 12 11 7 8 6 5 5 4 4 2 2 1 1 1 
0 0 0 250 250 250 272 342 421 504 632 622 1014 1467 1975 2558 3326 4400 5671 7097 8640 10391 12476 14745 17114 19405 21783 24084 26376 28554 30491 32334 33986 35315 36254 36962 37305 37349 37109 36440 35264 33964 32429 30781 28931 27059 25080 23088 21303 19465 17742 16029 14534 13011 11662 10408 9312 8356 7498 6729 5978 5360 4800 4284 3725 3294 2910 2588 2308 2050 1763 1529 1368 1195 1059 928 807 692 630 585 529 472 430 373 340 303 271 248 219 200 169 152 134 129 115 90 80 75 67 60 52 47 42 41 36 31 23 19 17 15 12 8 7 7 6 5 4 4 5 5 4 3 3 3 4 4 2 2 3 4 4 3 2 3 4 4 3 2 2 2 2 1 
0 0 0 249 249 249 275 351 453 568 749 809 1263 1713 2287 3073 4149 5396 6712 8190 9959 12151 14433 16743 19037 21416 24162 26942 29522 31775 33830 35804 37301 38506 39042 39164 38911 38299 37507 36071 34637 33001 31218 29259 27186 25223 23156 21286 19436 17669 16009 14454 12977 11586 10330 9291 8259 7264 6475 5733 5138 4542 4026 3520 3138 2792 2413 2150 1888 1680 1458 1262 1084 950 839 731 625 522 470 409 360 305 269 235 200 180 150 135 106 93 74 62 52 46 41 29 24 22 19 16 14 9 8 7 7 4 2 
0 0 0 250 250 250 270 334 415 524 618 534 840 1340 1883 2431 3117 4071 5349 6767 8296 9872 11711 14008 16632 19132 21408 23995 26432 28907 31217 33193 34818 36092 37298 37881 38301 38182 37641 36720 35578 34359 32773 31097 29136 27142 25206 23363 21418 19481 17732 16045 14533 13154 11916 10591 9469 8467 7584 6733 6048 5417 4767 4269 3768 3353 2932 2597 2235 1957 1734 1513 1316 1140 995 875 778 681 598 528 473 411 359 323 287 256 225 198 173 150 132 116 94 83 73 60 50 44 40 33 28 21 20 17 18 17 16 13 11 12 11 11 5 4 2 2 1 
0 0 0 250 250 250 274 328 404 473 593 540 875 1382 1921 2499 3223 4168 5389 6832 8274 9756 11675 13828 16065 18297 20592 22929 25275 27553 29480 31217 32973 34402 35661 36199 36762 36822 36687 36170 35245 34063 32593 31230 29358 27613 25803 23988 22129 20329 18573 16930 15431 13945 12476 11240 10105 9148 8139 7179 6372 5679 5083 4446 3896 3461 3062 2725 2393 2133 1888 1685 1496 1287 1148 1012 891 782 688 594 519 471 398 354 304 275 247 216 189 167 152 129 121 104 95 82 82 72 64 56 56 47 39 35 28 25 22 19 14 12 10 10 9 8 7 7 5 4 3 2 2 2 1 
0 0 0 250 250 250 279 332 441 537 636 519 750 1163 1627 2216 2870 3812 5041 6531 8163 9879 11631 13641 15771 18111 20481 22741 25084 27292 29535 31693 33532 35020 36283 37215 37675 37816 37680 37059 36168 34902 33357 31558 29632 27817 25848 23773 21861 19974 18105 16465 14936 13398 11947 10744 9572 8568 7635 6807 6061 5410 4837 4302 3830 3391 3013 2670 2372 2072 1840 1588 1421 1265 1122 982 864 764 680 616 531 454 386 351 327 298 260 224 198 183 172 152 124 111 104 104 95 80 80 73 71 64 59 56 54 57 47 43 42 40 36 30 26 19 18 18 15 13 10 8 5 5 4 3 2 2 3 4 4 3 3 3 3 3 2 1 1 1 
0 0 0 250 250 250 271 356 470 576 667 584 835 1216 1688 2260 2878 3693 4746 5995 7224 8653 10276 12129 14193 16252 18400 20514 22812 25081 27405 29350 31126 32848 34295 35456 36139 36535 36494 36313 35704 34713 33455 32119 30662 28932 27095 25223 23305 21526 19814 18010 16397 14985 13516 12141 11054 9909 8827 7929 7101 6278 5637 5024 4402 3974 3535 3118 2768 2440 2170 1928 1737 1482 1316 1158 1032 925 801 706 585 542 482 439 374 320 286 259 233 207 199 179 171 160 149 132 121 111 92 84 70 59 51 49 45 39 34 29 28 27 24 18 16 14 16 14 10 7 7 6 4 3 
0 0 0 250 250 250 277 354 456 542 652 560 865 1335 1852 2356 3022 4042 5327 6755 8228 9824 11674 13815 16069 18371 20715 23107 25592 28011 30177 32341 34149 35665 36871 37694 38170 38095 37823 37037 36137 34784 33260 31466 29595 27830 25873 23858 21853 20017 18145 16579 14962 13446 12135 10938 9775 8773 7833 6951 6195 5498 4856 4304 3822 3338 2969 2586 2288 1988 1747 1563 1359 1190 1040 915 806 710 618 520 470 407 349 297 247 231 205 179 155 142 129 114 95 73 65 55 48 41 32 28 27 23 20 19 19 16 13 13 12 10 9 9 7 8 7 4 3 4 4 3 2 1 1 1 1 
0 0 0 250 250 250 277 327 432 507 595 469 665 960 1277 1717 2271 3080 3925 4991 6206 7606 9301 11128 13000 15001 17174 19559 22106 24466 26601 28732 30634 32567 34257 35409 36122 36783 36998 36787 36271 35375 34294 32947 31493 29669 28028 26244 24575 22764 20956 19269 17509 15937 14447 13115 11786 10501 9338 8336 7500 6724 5929 5169 4604 4111 3648 3241 2834 2483 2192 1969 1719 1509 1356 1180 1070 952 835 743 675 595 506 458 397 347 316 268 238 214 194 171 147 132 109 106 92 87 79 65 61 58 58 46 42 32 28 24 20 19 14 13 10 9 9 9 7 4 3 2 3 3 3 1 1 1 1 1 
0 0 0 250 250 249 272 334 442 549 646 534 765 1127 1493 1958 2533 3288 4300 5534 6844 8228 9903 11659 13675 15840 18001 20104 22458 24717 27002 29345 31411 33001 34607 35885 36668 37161 37240 36863 36166 35330 34026 32588 31054 29444 27608 25685 23824 21976 20200 18455 16780 15137 13728 12344 11063 9935 8868 7973 7067 6336 5609 5056 4518 3989 3542 3099 2765 2464 2143 1864 1607 1424 1250 1103 933 804 711 617 549 471 396 342 308 275 249 222 188 167 140 134 121 97 86 78 68 65 63 57 47 45 35 30 31 27 25 24 22 23 21 19 16 13 13 11 11 6 6 6 5 6 5 4 3 4 4 3 3 2 2 3 4 3 3 3 3 3 2 1 
0 0 0 250 250 250 270 345 434 546 660 600 875 1196 1563 2049 2705 3544 4553 5652 6897 8394 10134 12098 14119 16240 18297 20423 22758 24989 27141 29040 30914 32591 34045 35112 35782 36274 36319 36013 35320 34267 33086 31872 30426 28697 26812 25075 23336 21578 19869 18174 16543 15045 13732 12360 11102 10011 9009 8064 7243 6465 5774 5184 4600 4083 3657 3309 2914 2564 2286 1998 1784 1581 1394 1222 1094 966 857 781 701 632 567 496 442 401 365 313 257 230 187 155 131 115 93 89 80 64 58 56 48 41 39 31 27 24 22 18 16 14 10 8 6 5 3 2 3 2 1 1 1 1 1 1 
0 0 0 249 249 249 267 339 433 525 617 542 844 1292 1753 2248 2924 3901 5049 6337 7632 9209 11130 13227 15540 17718 19989 22404 24979 27481 29671 31704 33338 34933 36193 37013 37370 37260 36964 36490 35692 34420 33004 31395 29682 27987 26146 24138 22254 20471 18783 17122 15620 14100 12666 11342 10173 9142 8133 7261 6416 5684 5057 4508 3948 3465 3000 2634 2325 2021 1736 1519 1352 1193 1069 930 809 743 678 584 523 451 390 348 299 247 221 201 162 143 130 113 106 99 81 70 56 47 46 42 34 28 27 25 21 17 17 17 15 11 11 9 9 9 4 4 3 2 1 1 1 1 1 
0 0 0 249 249 249 273 339 404 481 560 442 596 811 1081 1384 1839 2417 3059 3790 4763 5970 7301 8892 10442 12068 14001 16121 18319 20439 22628 24717 26944 29055 30970 32671 34107 35004 35699 36021 36131 35869 35130 34145 32922 31712 30200 28607 26787 25010 23167 21354 19540 17921 16275 14761 13368 12060 10953 9828 8800 7844 7087 6285 5579 4905 4364 3912 3483 3096 2741 2460 2187 1985 1764 1596 1431 1293 1137 1042 927 812 717 627 547 481 425 357 295 249 220 191 172 139 113 99 85 78 63 49 44 33 31 25 21 17 15 13 7 6 8 7 6 5 5 5 5 5 1 2 2 2 2 2 2 2 3 2 1 1 1 1 1 1 
0 0 0 250 250 250 264 340 435 518 619 535 809 1159 1673 2222 2927 3727 4732 5938 7231 8618 10185 11897 13841 16054 18266 20551 22842 25194 27438 29592 31561 33125 34567 35579 36203 36536 36451 36023 35213 34236 33000 31591 30021 28352 26523 24838 23125 21370 19574 17866 16377 14905 13542 12149 10889 9813 8795 7879 7041 6263 5652 5066 4476 3962 3552 3178 2791 2472 2165 1909 1704 1503 1315 1150 1030 914 817 723 651 575 520 458 415 374 339 312 268 225 195 177 154 128 103 91 75 63 61 52 40 34 32 30 30 36 26 23 25 25 22 18 17 10 10 8 6 5 4 3 2 2 2 1 
0 0 0 250 250 250 269 339 451 551 650 556 880 1381 2015 2767 3608 4607 5811 7347 8972 10568 12398 14260 16421 18813 21395 23713 26046 28378 30387 32451 34211 35573 36375 37049 37316 37353 37033 36354 35214 33754 32307 30705 28929 26999 25110 23089 21292 19556 17879 16096 14585 13111 11807 10626 9434 8441 7484 6702 5908 5232 4622 4039 3590 3146 2791 2478 2167 1907 1679 1481 1268 1124 998 895 805 722 636 567 523 466 406 347 308 266 233 220 197 174 155 139 130 118 111 92 85 76 66 55 46 39 33 33 30 25 23 20 16 16 11 8 5 2 1 2 2 1 1 1 1 1 1 
0 0 0 250 250 250 263 328 411 495 623 637 982 1374 1847 2367 3039 4008 5197 6288 7509 8962 10716 12821 15021 17108 19220 21617 24075 26531 28631 30432 32110 33670 34924 35859 36378 36537 36518 36141 35384 34410 33219 31579 29983 28239 26359 24524 22753 20896 19061 17514 15946 14413 13040 11725 10462 9373 8366 7449 6571 5877 5246 4655 4132 3664 3275 2912 2610 2296 2010 1764 1563 1362 1204 1063 942 826 743 670 591 535 475 425 378 335 290 260 238 210 178 153 139 122 102 93 74 65 59 51 41 35 33 25 21 18 14 10 8 5 2 2 1 
0 0 0 249 249 249 269 309 403 469 574 457 684 1021 1363 1884 2496 3343 4242 5308 6560 7908 9684 11513 13589 15699 18032 20559 22986 25485 27673 29813 31762 33539 35006 36037 36697 37102 37162 36936 36213 35179 34008 32562 31075 29370 27536 25718 23805 21992 20159 18462 16847 15199 13797 12350 11172 10038 9012 8038 7166 6411 5737 5108 4551 4037 3564 3172 2812 2526 2224 1962 1739 1543 1355 1231 1093 958 846 741 655 588 519 455 389 334 296 268 228 193 169 145 131 113 101 85 80 73 70 64 55 53 46 39 31 24 21 17 20 19 16 16 16 14 11 12 11 8 7 7 6 7 7 4 3 3 3 3 2 1 1 1 
0 0 0 250 250 250 272 334 403 486 578 466 813 1308 1898 2387 2999 3886 5116 6621 8081 9604 11350 13655 16178 18582 20864 23238 25756 28310 30742 32683 34253 35684 37086 38001 38434 38390 37789 36940 36093 34879 33148 31312 29324 27371 25535 23691 21642 19824 18070 16444 14959 13477 12108 10868 9772 8708 7823 6940 6213 5545 4954 4401 3916 3493 3096 2735 2366 2094 1837 1648 1469 1264 1085 948 837 755 684 598 525 477 440 390 347 308 283 255 222 202 173 153 138 120 106 96 82 67 60 55 57 47 39 38 35 33 32 27 16 17 14 11 11 8 5 5 4 2 2 2 1 1 1 1 1 1 1 1 1 
0 0 0 250 250 250 270 351 452 531 627 513 722 983 1249 1577 2078 2653 3308 4159 5248 6549 8086 9579 11230 13177 15458 17702 19910 22095 24292 26700 28939 31031 32684 34079 35188 36013 36584 36669 36390 35693 34747 33684 32437 31010 29201 27421 25572 23667 21896 20133 18420 16740 15220 13766 12425 11288 10143 9122 8127 7241 6518 5770 5147 4526 4004 3514 3077 2693 2373 2103 1847 1623 1433 1259 1117 1002 876 786 672 603 526 460 389 344 300 262 227 177 154 133 121 113 98 87 79 72 67 59 57 50 51 44 40 42 38 38 39 36 34 31 30 27 26 23 19 16 13 14 11 10 9 8 9 10 9 6 6 6 8 9 8 7 8 8 8 8 4 2 2 2 
0 0 0 250 250 250 280 349 444 536 689 663 1019 1429 1830 2384 3145 4075 5065 6280 7606 9161 11041 12978 15022 17174 19376 21651 23945 26073 28151 30165 31842 33278 34555 35351 35892 36200 36022 35470 34661 33600 32361 31003 29367 27663 25904 24138 22463 20740 19148 17496 15970 14497 13163 11995 10807 9750 8690 7843 7030 6282 5604 4944 4385 3913 3456 3044 2724 2420 2159 1904 1657 1457 1302 1150 1016 883 763 674 616 547 471 414 365 328 291 248 207 179 158 146 125 101 87 72 65 65 54 50 41 41 34 34 30 24 20 13 14 15 12 8 7 6 6 7 5 2 1 1 1 1 1 
0 0 0 250 250 250 285 365 476 567 656 589 954 1416 1921 2550 3321 4306 5505 6879 8370 10145 12079 14078 16154 18277 20596 22944 25372 27396 29451 31391 33281 34877 36033 36828 37203 37445 37227 36729 35771 34658 33398 31937 30151 28263 26396 24464 22576 20729 18873 17053 15453 13986 12591 11331 10183 9060 8112 7239 6470 5769 5111 4488 3953 3502 3056 2674 2364 2095 1874 1672 1495 1313 1188 1068 952 834 711 634 555 496 421 393 335 291 276 249 223 199 175 147 142 130 105 82 73 63 55 44 36 32 26 22 17 14 11 10 9 8 7 6 5 3 2 1 1 
0 0 0 250 250 250 272 321 402 493 607 552 855 1256 1818 2449 3092 4035 5095 6419 7874 9502 11219 13169 15408 17645 19907 22185 24720 27192 29509 31481 33354 34886 36238 37112 37434 37498 37163 36726 35827 34555 33150 31613 29930 28054 26158 24195 22175 20385 18656 16930 15345 13769 12430 11192 10076 9013 7989 7160 6378 5724 5056 4479 3994 3573 3162 2790 2440 2177 1937 1708 1516 1342 1208 1065 951 837 759 661 588 526 462 425 371 336 296 265 228 195 170 144 129 106 92 83 72 63 55 46 42 38 31 24 24 23 19 17 14 12 12 10 6 5 5 5 3 2 1 1 
0 0 0 250 250 250 281 382 500 623 759 740 1129 1608 2069 2561 3194 4186 5365 6735 8072 9592 11438 13675 16043 18285 20605 22926 25549 28063 30276 32129 33943 35283 36466 37271 37435 37318 36986 36273 35043 33923 32492 30838 29041 27235 25358 23460 21675 19871 18037 16397 14994 13533 12197 10968 9866 8754 7813 7029 6175 5507 4878 4405 3920 3541 3175 2776 2483 2200 1964 1712 1514 1336 1167 1029 928 811 712 630 540 474 420 359 300 261 226 194 162 135 117 114 102 94 77 81 71 69 57 44 38 32 27 16 19 13 12 10 10 10 8 8 5 5 5 5 4 3 4 4 3 3 3 2 1 1 
0 0 0 250 250 250 277 351 447 534 611 479 718 1202 1783 2412 3223 4235 5520 7042 8688 10250 12005 14025 16233 18441 20769 23106 25494 27822 30111 32074 33716 35351 36534 37384 37808 37933 37558 36953 36104 34754 33126 31268 29407 27437 25496 23575 21608 19776 18047 16469 14900 13476 12149 10917 9801 8751 7827 7001 6304 5624 4974 4423 3906 3477 3095 2727 2365 2089 1864 1614 1433 1263 1114 989 862 760 680 600 535 464 421 362 306 263 237 202 175 156 133 125 113 96 87 80 69 63 61 54 53 53 44 38 35 28 24 21 21 15 12 10 9 9 8 6 3 4 5 5 5 3 2 2 2 1 
0 0 0 250 250 250 274 342 439 521 616 509 735 1046 1380 1724 2213 2802 3514 4450 5483 6709 8071 9639 11344 13242 15411 17650 20000 22209 24453 26790 29020 31176 32960 34418 35515 36460 37096 37166 36847 36316 35398 34180 32767 31220 29603 27882 26134 24123 22326 20604 18926 17263 15598 14115 12769 11562 10378 9285 8296 7430 6618 5944 5218 4574 4045 3574 3219 2815 2512 2150 1866 1667 1460 1274 1070 932 798 690 601 503 452 399 359 310 273 259 235 224 185 162 139 121 107 95 83 63 55 51 47 41 37 30 27 24 22 19 15 11 10 10 10 8 6 6 6 7 8 7 7 6 6 5 5 4 3 3 3 3 3 4 3 3 3 3 2 2 2 2 2 2 
0 0 0 250 250 250 266 330 425 519 616 535 868 1348 1826 2418 3028 3841 4931 6262 7595 9014 10609 12432 14508 16805 19100 21254 23489 25728 28145 30287 32034 33516 34753 35682 36313 36704 36585 36093 35503 34511 33205 31790 30232 28427 26616 24650 22810 20977 19251 17588 15926 14439 12900 11701 10421 9294 8296 7361 6600 5806 5169 4618 4122 3674 3280 2934 2575 2333 2117 1872 1663 1481 1308 1156 1024 898 785 699 623 555 498 451 401 375 336 303 275 244 215 197 182 147 125 109 98 93 83 66 58 59 56 45 39 31 27 23 20 15 11 13 15 11 7 8 9 9 9 8 5 5 5 4 3 2 1 
0 0 0 249 249 249 269 345 436 525 694 796 1335 1891 2510 3275 4172 5387 6707 8063 9513 11254 13214 15202 17327 19445 21582 23846 26039 28191 30070 31881 33459 34643 35579 36142 36468 36238 35754 35045 34031 32857 31405 29699 27898 26086 24271 22357 20538 18701 17032 15592 14120 12689 11515 10389 9356 8455 7604 6775 6016 5492 4869 4299 3783 3363 3005 2667 2348 2074 1829 1664 1470 1293 1143 990 882 771 697 603 540 480 415 366 338 294 258 226 202 167 151 136 113 104 93 77 75 71 65 59 48 37 30 29 21 17 18 17 19 19 20 21 20 19 16 17 14 14 15 11 10 12 14 12 12 11 10 9 9 7 5 5 5 5 4 4 3 3 4 3 3 2 
0 0 0 250 249 249 275 343 450 560 708 720 1007 1368 1788 2316 2931 3678 4550 5573 6755 8058 9483 11106 12961 14961 16941 19085 21327 23683 25916 27970 29862 31644 33330 34650 35576 35982 36296 36221 35820 35009 33880 32462 30958 29389 27675 25859 23994 22246 20535 18857 17233 15724 14235 12977 11812 10561 9437 8452 7577 6790 6015 5358 4713 4202 3748 3347 2978 2643 2362 2056 1811 1616 1467 1296 1118 974 863 785 704 619 554 493 437 381 353 306 266 233 199 185 173 159 140 134 123 112 98 89 75 73 59 42 40 36 31 23 22 13 12 11 6 3 3 3 3 3 2 2 2 2 2 2 
