0 0 0 248 248 248 306 369 420 551 708 630 878 1213 1421 1750 2257 2768 3576 4548 5660 6932 8575 10529 12711 15245 17705 20524 23460 26605 29817 32843 35731 38417 40925 43082 44777 45856 46557 46702 46306 45412 44272 42545 40523 38420 35868 33310 30737 28100 25458 22993 20625 18364 16354 14423 12684 11193 9695 8369 7288 6296 5422 4723 4074 3514 3070 2629 2234 1897 1616 1376 1182 958 797 683 589 475 386 324 260 218 180 143 119 99 87 61 49 38 31 25 23 20 16 16 17 15 12 10 7 6 6 6 5 4 4 4 2 2 2 1 
0 0 0 250 250 250 374 470 592 761 1038 1220 1715 2396 3047 3940 5201 6640 8319 10045 12220 14720 17401 20423 23464 26865 30253 33666 36955 40104 42961 45248 47109 48321 49014 49328 48959 47920 46507 44738 42661 40274 37694 34925 32029 29190 26406 23704 21195 18770 16597 14562 12778 11045 9602 8327 7095 6084 5151 4401 3705 3161 2647 2252 1894 1596 1326 1070 897 767 637 516 432 360 290 229 199 160 137 110 92 69 64 53 45 40 35 28 22 18 12 10 9 8 7 5 4 3 3 2 
0 0 0 250 250 250 312 390 459 570 721 650 907 1257 1590 2148 2839 3587 4685 6009 7531 9192 11375 13838 16491 19328 22265 25349 28673 32125 35221 38067 40660 43225 45375 46876 47870 48337 48159 47442 46338 44728 42726 40555 37972 35210 32640 29899 27207 24519 21866 19426 17216 15189 13280 11639 10163 8779 7625 6575 5607 4783 4035 3432 2890 2456 2075 1753 1513 1274 1064 885 726 613 505 420 342 279 241 189 170 144 111 96 82 69 48 38 24 19 15 10 6 4 4 2 2 1 
0 0 0 249 249 249 318 380 450 576 745 755 1068 1606 2015 2575 3400 4538 5875 7384 9235 11323 13839 16596 19490 22617 25894 29320 32617 35788 38750 41599 44067 45854 47279 48140 48499 48341 47768 46530 44911 42981 40797 38361 35819 33126 30290 27554 24832 22302 19808 17514 15457 13517 11827 10322 9012 7844 6761 5822 4964 4243 3601 3042 2609 2208 1868 1581 1297 1087 929 774 643 531 457 375 312 250 202 179 147 118 90 74 63 53 46 37 31 25 20 22 18 17 16 13 11 9 10 7 6 4 3 4 2 2 2 2 2 2 2 2 2 2 1 2 2 2 2 1 1 1 1 
0 0 0 249 249 249 303 359 412 538 714 748 1093 1586 1996 2701 3698 4815 6128 7726 9657 11779 14339 16994 19851 22946 26430 29896 33199 36458 39555 42444 44982 46952 48119 48836 49214 48909 48155 46793 45052 43079 40771 38188 35436 32580 29789 27012 24332 21731 19368 17153 15084 13341 11595 10107 8694 7503 6473 5555 4744 4021 3405 2891 2427 1997 1675 1424 1165 982 808 684 577 484 385 310 268 216 185 157 121 109 97 79 61 49 46 35 31 24 18 14 8 11 5 5 6 5 5 5 5 2 2 1 
0 0 0 250 250 250 308 366 408 490 583 529 802 1113 1369 1742 2266 2921 3690 4725 5965 7435 9280 11291 13572 16013 18844 21899 24969 27992 31174 34177 37060 39882 42503 44423 46048 47447 47934 48172 47795 46758 45225 43319 41254 38684 36069 33285 30489 27900 25193 22738 20165 17968 15963 14060 12447 10849 9395 8100 7031 5982 5119 4414 3696 3128 2668 2255 1883 1593 1345 1122 955 802 677 579 475 406 325 278 239 194 172 141 119 97 85 68 56 47 37 31 29 24 21 17 9 10 7 5 4 3 2 2 2 
0 0 0 250 250 250 307 361 409 491 615 499 751 1025 1181 1505 2023 2687 3532 4453 5497 6969 8797 10951 13088 15619 18386 21436 24661 27901 31235 34403 37580 40484 42875 45093 46815 47943 48559 48491 47954 46840 45426 43501 41271 38859 36181 33564 30900 28119 25521 22900 20605 18304 16256 14277 12522 10991 9542 8322 7101 6095 5215 4498 3830 3306 2823 2413 2048 1746 1451 1203 1004 819 677 564 460 393 314 258 215 179 147 121 101 78 71 58 46 39 30 23 15 13 9 7 6 3 3 2 2 1 1 1 
0 0 0 250 250 250 310 363 419 602 813 783 1173 1637 1994 2652 3545 4407 5560 7111 8755 10540 12850 15255 17872 20933 24131 27183 30399 33892 36967 39691 42380 44594 46306 47526 48172 48174 47776 47008 45682 43888 41632 39449 36906 34149 31482 28832 25978 23308 20989 18553 16430 14500 12716 11058 9625 8302 7098 6101 5166 4392 3674 3118 2638 2253 1887 1566 1361 1146 972 821 692 572 467 386 311 254 203 152 125 103 84 61 49 41 32 26 21 16 11 11 8 5 5 5 4 3 3 1 1 1 
0 0 0 249 249 249 295 350 406 595 809 778 1187 1750 2226 2920 3910 4994 6337 8007 9858 11931 14508 17218 20100 23198 26525 29751 33046 36264 39237 42220 44599 46582 48050 48956 49385 49161 48478 46956 45219 43150 40769 38297 35554 32828 29893 27198 24606 22144 19575 17325 15213 13259 11618 10100 8695 7365 6364 5434 4577 3886 3273 2729 2288 1914 1616 1335 1148 960 805 681 583 504 434 363 301 241 206 171 142 109 81 66 45 35 28 25 22 16 11 10 8 7 5 4 2 1 1 1 1 1 
0 0 0 250 250 250 326 396 461 566 719 699 938 1277 1566 2031 2690 3433 4490 5716 7241 9074 11207 13663 16187 19164 22324 25620 29097 32515 35741 38943 41943 44502 46559 48134 49141 49749 49799 49037 47883 46317 44312 41904 39325 36411 33499 30747 28011 25144 22556 20201 17840 15704 13873 12023 10446 9137 7820 6680 5748 4935 4186 3586 2997 2503 2128 1817 1537 1270 1054 891 745 629 514 427 351 309 252 207 174 150 130 111 96 74 67 49 37 31 26 19 15 11 10 7 6 4 2 2 1 1 
0 0 0 250 250 250 299 355 406 520 680 601 990 1429 1742 2229 3002 3795 4712 5862 7192 8875 11033 13365 15765 18652 21672 25013 28320 31459 34490 37364 39959 42207 44273 45566 46390 46865 46926 46242 45428 44050 42052 40001 37616 34973 32250 29841 27078 24416 22027 19748 17618 15634 13724 11948 10465 9121 7901 6697 5792 5031 4316 3668 3115 2621 2198 1911 1582 1339 1152 993 853 739 648 544 469 387 323 266 208 170 140 117 98 78 69 56 52 42 31 24 18 16 12 11 9 9 9 9 9 8 8 6 5 3 4 4 3 4 5 5 4 5 3 3 3 3 3 3 4 3 3 3 3 2 1 2 1 1 1 1 1 1 1 
0 0 0 250 250 250 301 353 398 529 735 698 1028 1500 1962 2461 3204 4179 5265 6643 8200 9891 11864 14311 16897 19656 22712 25818 29035 32471 35588 38434 41098 43279 44962 46312 46966 47108 47098 46359 45088 43591 41681 39411 37090 34464 31675 29049 26526 23911 21565 19293 17146 15080 13231 11534 10026 8705 7468 6416 5509 4759 4083 3565 2988 2538 2149 1812 1515 1295 1086 887 780 648 531 441 383 323 263 212 172 150 128 105 84 65 62 50 40 32 22 23 16 18 11 9 7 6 6 2 2 
0 0 0 249 249 249 315 390 459 636 873 895 1264 1790 2244 2828 3749 4766 5900 7460 9239 11165 13684 16382 19161 22255 25502 28805 32119 35489 38499 41314 43702 45606 47194 48344 48697 48528 47710 46462 45001 43075 40700 37882 35222 32442 29755 27111 24466 21929 19649 17493 15541 13629 11923 10320 8906 7772 6665 5702 4807 4097 3486 2998 2516 2052 1704 1455 1225 1026 848 693 567 468 397 319 259 214 176 157 131 106 87 71 55 52 44 34 32 26 22 19 19 16 13 11 10 9 8 7 5 4 4 1 1 1 
0 0 0 250 250 250 308 364 422 508 619 620 916 1282 1612 2052 2797 3673 4677 5831 7361 9099 11223 13493 16009 18711 21943 25308 28464 31828 34977 38197 40985 43416 45060 46343 47412 47751 47642 46986 45883 44411 42715 40592 38071 35468 32868 30096 27342 24713 22199 19760 17522 15431 13524 11792 10288 8934 7673 6599 5687 4918 4182 3566 3008 2532 2138 1860 1563 1301 1069 912 775 643 551 438 373 307 251 211 166 145 118 97 82 70 55 47 43 34 27 25 24 21 16 12 10 8 8 5 3 3 2 1 1 1 2 2 2 1 1 1 1 1 
0 0 0 250 250 250 316 379 432 534 833 975 1399 2079 2623 3373 4474 5805 7199 8761 10784 12996 15592 18386 21352 24579 27857 31233 34462 37428 40387 43133 45124 46747 47917 48445 48377 47975 46921 45273 43487 41158 38743 36246 33583 30775 28014 25435 22867 20464 18089 15929 13978 12218 10601 9141 7932 6837 5876 5025 4326 3662 3114 2619 2198 1847 1555 1286 1053 873 734 598 501 425 354 288 240 207 167 139 117 90 64 55 42 32 30 24 16 14 14 9 9 8 4 3 3 3 2 1 
0 0 0 250 250 250 332 386 434 518 694 648 938 1342 1644 2040 2743 3609 4482 5575 6936 8528 10353 12651 15006 17618 20636 23796 26863 30101 33536 36715 39683 42493 44557 46321 47705 48617 48760 48548 47632 46185 44508 42501 40220 37448 34766 31736 28976 26208 23655 21069 18722 16597 14538 12809 11205 9723 8411 7281 6221 5333 4608 3876 3298 2794 2367 1997 1686 1431 1204 1045 886 771 655 559 482 404 328 278 234 195 163 136 116 98 84 73 64 51 42 39 34 27 26 22 18 14 9 7 6 3 
0 0 0 250 250 250 316 381 430 600 817 784 1281 1882 2225 2835 3665 4482 5497 6749 8090 9677 11826 14111 16517 19206 22083 25165 28262 31248 34117 36908 39648 42088 43946 45543 46472 47178 47366 46840 45892 44341 42725 40579 38341 35668 32992 30344 27628 25174 22568 20192 17930 15940 14060 12386 10766 9317 8108 6951 5971 5092 4308 3659 3120 2636 2230 1875 1586 1333 1121 921 773 630 539 463 397 341 296 250 207 178 145 116 89 63 48 42 32 27 21 12 10 8 7 5 4 4 4 4 4 3 1 1 1 
0 0 0 250 250 250 306 354 407 493 607 500 774 1128 1324 1633 2260 2910 3678 4628 5833 7207 8929 11005 13344 15799 18653 21571 24624 27823 31271 34498 37142 39838 42294 44292 45822 46924 47486 47303 46872 45964 44514 42786 40716 38356 35684 33197 30588 27865 25148 22600 20210 17948 15808 13816 12130 10619 9248 8020 6875 5872 5048 4333 3624 3091 2620 2257 1908 1618 1368 1160 993 815 677 574 490 399 324 264 220 205 170 140 122 102 85 73 64 49 41 36 31 30 26 23 15 11 9 5 4 2 
0 0 0 250 250 250 320 385 454 574 755 710 1046 1549 1880 2441 3341 4226 5310 6770 8375 10137 12472 15072 17574 20628 23957 27137 30433 33766 36859 39610 42305 44439 46041 47389 48176 48189 47938 47104 45762 43865 41908 39411 36726 34245 31349 28522 25945 23589 21039 18741 16633 14641 12878 11360 9763 8376 7183 6210 5338 4527 3855 3267 2766 2369 1990 1656 1376 1134 958 796 690 564 470 397 328 254 200 157 118 94 79 63 56 45 28 25 21 15 8 7 5 6 6 4 5 5 4 3 2 1 1 2 1 1 1 1 1 1 2 1 1 3 4 4 4 5 4 4 4 2 1 1 1 1 1 1 1 1 1 1 1 
0 0 0 250 250 250 317 366 405 522 698 636 974 1543 1973 2541 3433 4421 5529 6970 8535 10180 12264 14808 17196 19818 22750 25701 28692 31722 34693 37129 39541 41916 43790 45085 45989 46446 46304 45818 44929 43346 41310 39209 36864 34346 31865 29317 26737 24200 21905 19693 17572 15599 13697 11994 10475 9117 7931 6819 5891 5000 4250 3609 3050 2604 2174 1829 1520 1286 1081 921 779 641 535 458 385 321 270 227 193 162 136 119 104 89 73 61 54 49 40 30 24 21 18 14 15 11 9 8 8 5 4 4 2 2 2 2 1 1 
0 0 0 250 250 250 310 379 445 555 728 705 975 1337 1644 2231 2980 3763 4851 6085 7494 9183 11105 13094 15468 18205 20865 23799 26817 30084 33299 36325 39070 41484 43762 45384 46583 47065 47192 46683 45687 44307 42590 40583 38531 36124 33535 31151 28675 26149 23540 21149 18740 16583 14591 12748 11081 9671 8364 7277 6272 5432 4690 4037 3461 2954 2560 2150 1829 1540 1306 1077 907 745 613 526 442 351 296 260 224 173 149 127 108 96 84 72 63 61 53 44 41 38 34 31 28 27 19 16 14 13 10 9 9 4 4 3 2 2 3 2 1 1 1 1 1 1 
0 0 0 249 249 249 312 372 436 583 772 686 1011 1456 1840 2467 3308 4279 5378 6873 8509 10475 12715 15139 17817 20799 24033 27228 30682 33779 37004 39980 42454 44677 46380 47536 48160 48309 47830 46928 45715 43841 41680 39376 36642 33943 31270 28455 25690 23069 20653 18355 16278 14374 12525 10891 9517 8228 7044 6055 5172 4401 3740 3214 2696 2321 1991 1671 1407 1197 1010 852 706 587 482 407 352 302 249 209 173 137 113 94 75 55 45 35 30 21 19 16 9 9 9 7 7 7 4 3 3 
0 0 0 249 249 249 316 386 449 725 1021 1091 1572 2255 2840 3681 4941 6089 7506 9436 11532 13756 16488 19474 22372 25720 29073 32201 35380 38555 41255 43598 45816 47127 48153 48639 48409 47565 46449 44846 42479 40212 37681 35029 32397 29673 26908 24224 21856 19522 17232 15136 13175 11479 10018 8672 7487 6446 5577 4770 4098 3528 2976 2535 2142 1818 1519 1289 1089 894 745 609 521 433 355 303 257 220 187 172 145 126 107 87 79 65 58 45 37 28 23 18 13 12 11 10 7 6 6 5 3 2 2 1 1 1 
0 0 0 250 250 250 304 365 420 533 683 597 878 1200 1432 1829 2459 3141 3927 4987 6227 7662 9537 11662 13837 16289 19049 22134 25229 28569 31795 34843 38062 41024 43527 45455 46941 47950 48358 48354 47489 46263 44617 42628 40454 37883 35303 32629 30035 27335 24776 22219 19810 17619 15597 13626 11869 10320 8943 7758 6681 5725 4883 4193 3549 3010 2549 2166 1841 1548 1283 1064 913 768 656 572 476 401 335 280 224 185 149 118 101 83 67 56 46 38 32 24 22 23 21 14 12 11 9 9 7 4 2 2 2 
0 0 0 249 249 249 298 363 407 515 624 499 712 1048 1233 1560 2051 2586 3217 4040 4997 6123 7759 9397 11228 13442 15848 18453 21225 24125 26962 30055 32935 35635 38251 40649 42698 44259 45454 46109 46306 45947 45106 43736 41968 39914 37526 34948 32499 29907 27275 24744 22446 20189 18052 16035 14145 12436 10915 9530 8203 7103 6119 5320 4507 3882 3322 2846 2395 2000 1689 1381 1166 976 811 657 544 443 385 332 273 201 171 145 118 107 86 66 55 46 35 28 22 17 15 14 8 9 7 6 6 6 5 3 3 1 1 1 
0 0 0 250 250 250 298 353 402 483 708 686 939 1417 1879 2491 3380 4428 5495 6951 8717 10522 12666 15225 17937 20962 24221 27457 30688 34159 37358 40110 42676 44974 46606 47847 48566 48653 48394 47662 46299 44353 42369 39947 37317 34609 31738 28909 26153 23496 20901 18530 16412 14299 12467 10792 9334 8055 6918 5927 5040 4298 3692 3131 2677 2234 1896 1621 1366 1182 957 817 679 582 478 402 343 263 223 192 152 129 108 88 73 61 46 39 34 28 24 20 15 14 9 6 5 4 4 2 2 2 2 2 1 1 1 1 1 
0 0 0 250 250 250 340 396 447 575 739 707 1011 1496 1854 2481 3385 4346 5496 6901 8633 10601 12907 15349 18147 21141 24288 27519 30605 33804 36822 39752 42044 44064 45864 47205 48042 48070 47778 46764 45389 43716 41378 38833 36241 33600 30784 28141 25593 23061 20746 18534 16389 14418 12673 11036 9560 8284 7163 6146 5263 4495 3796 3254 2783 2293 1945 1622 1365 1152 984 827 711 616 507 430 373 300 266 224 178 151 128 113 95 86 74 58 50 44 39 36 31 28 22 20 15 11 9 6 4 2 2 
0 0 0 250 250 250 306 358 416 506 661 667 1043 1493 1952 2627 3573 4648 5934 7369 9094 11256 13618 16065 18714 21776 25002 28379 31721 34669 37845 40658 43178 45219 46733 47743 48181 48417 47692 46709 45263 43284 41012 38521 35861 33074 30396 27675 25050 22499 20124 17852 15787 13770 11955 10403 8932 7778 6686 5732 4939 4261 3654 3127 2662 2236 1902 1627 1341 1101 931 774 642 513 430 372 314 253 213 173 147 128 109 85 68 59 44 38 33 24 21 17 15 13 11 11 8 8 5 5 5 3 2 1 2 1 1 1 1 1 1 1 
0 0 0 250 250 250 308 359 419 526 696 643 918 1340 1768 2246 2987 3982 4929 6175 7841 9534 11550 13896 16418 19100 22319 25590 28795 32144 35333 38350 41202 43724 45834 47368 48146 48616 48505 47831 46578 44932 42661 40386 37972 35221 32606 29857 27052 24416 21974 19507 17325 15272 13240 11514 10113 8734 7551 6465 5487 4701 4055 3516 2993 2519 2115 1834 1588 1303 1082 943 800 661 543 438 353 312 256 205 164 138 120 93 77 63 55 42 39 36 26 19 16 12 12 11 5 3 3 3 3 3 1 1 1 
0 0 0 249 249 249 311 367 429 519 665 610 949 1327 1614 2194 3004 3883 4945 6331 7925 9753 12001 14452 17119 20112 23249 26555 29938 33258 36484 39566 42254 44650 46604 47947 48657 49065 48704 47676 46270 44411 42314 39847 37181 34217 31523 28830 26143 23529 20976 18731 16620 14689 12819 11123 9657 8371 7173 6100 5223 4460 3820 3287 2786 2328 2003 1664 1368 1185 999 845 733 639 538 457 402 329 274 221 175 134 119 107 92 77 65 53 46 42 32 22 16 12 7 7 5 3 3 1 1 
0 0 0 250 250 250 305 350 393 493 672 579 829 1232 1496 1972 2696 3471 4370 5614 7064 8555 10571 12918 15372 18159 21310 24545 27853 31369 34685 37794 40827 43273 45304 46973 48011 48593 48648 48127 46861 45598 43687 41355 39060 36472 33722 30921 28200 25394 22942 20534 18113 15928 13978 12179 10648 9273 7943 6835 5898 5025 4312 3703 3146 2648 2210 1860 1563 1296 1061 867 728 601 499 426 355 299 251 210 184 155 135 105 85 65 60 50 38 30 24 21 17 14 10 9 7 5 4 4 3 3 2 1 1 1 1 
0 0 0 250 250 250 311 367 427 528 672 659 959 1422 1726 2265 3085 4024 5076 6464 7941 9637 11965 14399 16946 19854 23011 26210 29569 32831 36003 38855 41618 43803 45549 46893 47775 48188 47796 47130 45928 44354 42288 40035 37366 34597 31968 29177 26456 23829 21438 18974 16928 14981 13052 11460 9895 8594 7487 6469 5531 4732 4109 3521 3001 2557 2167 1853 1586 1336 1108 918 791 643 538 443 363 314 262 222 173 144 106 86 72 54 47 35 34 24 22 18 14 12 7 5 1 1 1 1 1 1 1 1 
0 0 0 250 250 250 303 355 415 489 594 504 766 1103 1326 1767 2437 3091 4015 5226 6487 7996 9858 11895 14028 16675 19424 22259 25438 28508 31549 34539 37457 40057 42287 44189 45455 46309 46844 46750 46218 45158 43755 41781 39694 37472 34959 32416 29746 27025 24424 22055 19677 17480 15465 13597 11945 10495 9113 7863 6834 5881 5028 4291 3612 3070 2621 2255 1902 1592 1349 1140 925 768 637 526 424 358 278 226 210 178 144 114 105 87 79 66 53 40 37 32 28 24 24 24 21 21 19 16 10 11 9 6 7 7 4 4 4 3 3 2 
0 0 0 249 249 249 299 353 404 499 631 554 803 1130 1453 1924 2614 3381 4401 5767 7315 9055 11276 13752 16352 19449 22582 25781 29248 32738 36043 39182 42062 44316 46529 48183 48973 49221 48959 48182 47011 45366 43124 40552 38051 35436 32594 29673 26803 24147 21620 19298 17010 14941 13070 11426 9922 8584 7385 6347 5427 4607 3925 3347 2849 2407 1997 1635 1387 1145 950 782 638 528 427 362 281 237 194 147 120 105 91 62 49 37 33 28 22 15 11 8 5 4 4 4 3 5 4 4 5 3 4 4 5 3 3 3 3 3 2 2 1 1 1 1 
0 0 0 250 250 250 314 361 416 548 674 597 922 1283 1489 1967 2646 3427 4357 5564 6893 8397 10398 12464 14847 17569 20647 23562 26614 29923 33141 36302 39371 41891 43985 45920 47331 48118 48416 48150 47149 45806 44094 42102 39755 37200 34465 31754 29026 26363 23724 21166 18942 16802 14841 13016 11398 9975 8701 7524 6384 5517 4735 4041 3408 2879 2409 2048 1745 1431 1200 992 831 666 569 456 378 313 256 221 185 161 135 115 97 81 65 57 51 44 35 27 20 16 11 6 3 2 1 1 1 1 1 1 1 1 1 
0 0 0 250 250 250 324 393 448 581 719 690 1010 1418 1682 2267 3016 3759 4705 5862 7218 8800 10841 12876 15209 17885 20832 23916 27001 30163 33325 36398 39349 41895 44065 45683 46762 47524 47648 47084 46093 44563 42597 40549 38275 35629 32870 30348 27642 25127 22684 20251 18073 15948 14031 12252 10631 9273 8036 6933 5953 5116 4416 3777 3219 2703 2306 1944 1650 1443 1223 1025 877 735 636 535 460 386 338 289 239 217 167 143 112 92 76 66 55 44 40 32 26 24 19 22 19 15 11 11 10 7 7 4 5 6 5 5 4 4 4 3 2 1 1 
0 0 0 250 250 250 304 352 388 500 694 623 873 1193 1427 1828 2629 3388 4197 5561 7047 8681 10785 13141 15587 18431 21626 24679 27994 31363 34600 37756 40505 43030 45056 46673 47693 48164 48162 47535 46684 45122 43195 40954 38544 36173 33477 30854 28055 25538 23067 20713 18458 16194 14268 12495 10882 9415 8167 7020 6007 5185 4488 3766 3230 2732 2299 1964 1690 1435 1210 1066 888 730 621 536 456 401 342 284 246 226 201 158 128 105 87 82 71 57 53 51 44 41 37 29 27 27 20 15 13 14 14 13 11 8 8 8 10 8 6 6 6 5 6 5 3 3 3 3 1 1 
0 0 0 250 250 250 301 357 415 534 685 721 1013 1366 1728 2266 2893 3810 4732 5783 7140 8853 10726 12841 15258 17789 20642 23580 26503 29444 32596 35554 38052 40166 42225 43827 44960 45677 45811 45359 44656 43516 41764 39957 37912 35433 32931 30387 27919 25543 23216 20746 18562 16611 14656 12959 11373 9926 8663 7615 6595 5704 4931 4255 3664 3166 2695 2296 1962 1657 1408 1182 994 815 685 577 485 414 341 294 246 217 183 145 123 101 85 65 51 40 33 27 20 15 11 6 4 4 3 2 1 1 1 1 1 
0 0 0 250 250 250 317 367 418 558 725 694 982 1408 1654 2066 2843 3689 4589 5733 7179 8906 10910 13260 15566 18284 21327 24473 27781 31002 34342 37364 40256 42651 44772 46489 47502 47981 48017 47667 46868 45509 43636 41469 39066 36501 33747 30919 28071 25328 22761 20326 18042 15892 13904 12129 10506 9149 7929 6754 5779 4946 4284 3644 3099 2648 2221 1890 1606 1381 1160 979 821 675 555 458 370 305 251 200 153 117 98 80 63 51 38 32 26 20 16 13 9 6 5 2 2 1 
0 0 0 250 250 250 315 377 454 568 786 813 1187 1715 2119 2738 3533 4430 5594 6904 8529 10329 12520 14992 17776 20805 23785 26892 30149 33248 36279 39072 41588 43559 45306 46619 47103 47221 47011 46072 44603 42940 40943 38605 36067 33611 30916 28295 25749 23337 20859 18652 16698 14657 12778 11226 9786 8424 7311 6279 5402 4673 4024 3413 2876 2455 2030 1724 1447 1213 1022 848 706 601 532 435 367 306 249 215 187 143 126 106 90 72 69 57 49 49 39 32 26 22 18 15 15 11 11 11 9 8 5 5 4 5 5 5 3 2 2 2 1 
0 0 0 250 250 250 320 406 478 583 784 733 997 1435 1690 2113 2865 3695 4535 5717 7325 9006 11073 13493 16011 18864 22086 25269 28487 31746 35063 37880 40467 42724 44571 46106 47046 47401 47221 46812 45834 44302 42607 40417 37941 35417 32769 30053 27400 24907 22281 19963 17805 15781 13968 12211 10683 9331 8093 6965 5999 5149 4395 3784 3233 2754 2393 2056 1729 1482 1252 1055 902 766 604 493 415 349 284 242 190 150 128 115 95 79 65 60 46 36 34 34 31 25 20 11 11 8 4 3 2 2 2 2 2 2 2 1 
0 0 0 250 250 250 308 356 404 488 588 511 723 961 1187 1499 1984 2476 3106 3966 5075 6379 7844 9702 11685 13956 16427 18884 21665 24707 27793 30756 33784 36717 39339 41857 43650 45006 46180 46800 46702 46162 45207 43869 42339 40334 37862 35371 32930 30317 27680 24977 22399 20062 17858 15713 13765 12009 10562 9242 7999 6873 5955 5126 4363 3721 3156 2692 2325 1961 1644 1381 1146 980 805 663 522 445 370 319 279 226 189 160 132 107 89 74 58 50 45 35 27 24 20 17 17 15 14 12 12 9 8 4 1 1 
0 0 0 250 250 250 308 357 402 577 795 787 1089 1409 1711 2155 2790 3360 4285 5452 6767 8411 10416 12558 14879 17549 20256 23211 26397 29631 32667 35701 38576 41116 43302 45086 46259 46949 47351 47235 46470 45374 43838 41848 39733 37279 34494 31676 28990 26261 23616 21160 18823 16658 14734 12964 11372 9913 8631 7408 6345 5433 4652 3947 3368 2893 2473 2120 1751 1479 1250 1043 839 690 574 466 401 332 269 235 196 156 126 117 90 76 61 46 39 34 28 21 22 22 18 16 14 15 14 12 13 11 9 7 5 2 3 3 1 1 1 1 2 2 1 1 1 1 1 1 
0 0 0 249 249 249 315 365 421 598 807 816 1252 1916 2471 3207 4353 5577 6998 8856 10782 12881 15594 18583 21380 24617 28039 31307 34695 37810 40610 43096 45351 47180 48224 48807 48711 48215 47208 45746 43896 41347 38912 36376 33653 30992 28157 25415 22907 20575 18303 16031 14149 12323 10772 9324 7994 6910 5915 5112 4346 3683 3140 2706 2258 1892 1624 1369 1152 988 843 696 621 515 418 337 285 233 189 165 136 114 89 77 66 53 46 46 38 35 32 27 25 22 20 17 11 8 8 5 4 4 4 3 3 1 
0 0 0 250 250 250 316 369 432 580 767 737 994 1520 1928 2473 3295 4231 5200 6454 8123 9690 11752 14142 16479 19080 22028 24998 27920 31077 33968 36768 39586 41846 43801 45431 46397 46814 46827 46213 44995 43686 41763 39556 37363 34780 32206 29588 26990 24341 21989 19683 17439 15531 13701 12062 10626 9281 8043 6950 5995 5115 4373 3661 3101 2623 2205 1852 1541 1337 1116 967 794 671 581 498 423 348 287 241 196 166 136 106 76 60 52 42 34 27 19 17 12 12 10 11 9 5 5 5 4 4 2 1 1 1 1 1 1 
0 0 0 250 250 250 321 386 437 516 643 604 826 1175 1371 1676 2198 2890 3639 4494 5657 7059 8783 10759 12984 15446 18252 21103 24113 27148 30219 33395 36371 39069 41451 43759 45462 46657 47507 47501 47002 46115 44879 43072 40929 38593 35943 33384 30757 28079 25322 22769 20437 18163 16124 14258 12512 10923 9517 8193 7048 6077 5198 4394 3742 3166 2680 2282 1917 1607 1349 1151 947 792 652 541 454 389 319 248 222 190 159 136 115 99 88 74 58 49 44 37 35 28 24 21 18 14 11 9 6 4 4 3 2 1 1 1 1 1 
0 0 0 250 250 250 314 381 427 513 684 631 898 1247 1512 1954 2547 3305 4198 5228 6548 8093 9981 12124 14523 17172 20018 23267 26369 29701 32965 36056 39049 41778 44046 45675 47094 47827 48080 47861 46988 45625 43988 42127 39763 37240 34654 31922 29201 26550 23896 21323 19058 16939 14912 13071 11460 9960 8684 7537 6469 5537 4735 4050 3440 2923 2459 2086 1782 1491 1248 1037 874 730 621 502 417 343 284 242 205 172 138 113 99 82 74 67 52 38 37 32 24 22 14 10 12 13 10 8 8 7 7 6 4 3 3 3 3 3 2 1 
0 0 0 249 249 249 319 386 448 555 681 641 947 1375 1723 2228 3043 3992 5022 6305 7877 9703 11861 14215 16719 19462 22421 25495 28771 31887 34946 37893 40457 42806 44867 46376 47173 47374 47210 46472 45256 43739 41730 39525 37012 34486 31827 29324 26812 24152 21744 19406 17337 15455 13633 11843 10333 9030 7767 6692 5764 4933 4224 3603 3099 2625 2294 1944 1597 1340 1121 964 811 656 526 440 373 309 257 206 167 135 104 89 65 58 50 43 34 29 27 24 21 18 18 12 11 10 9 6 6 5 3 3 2 1 
0 0 0 250 250 250 326 385 443 556 752 748 1087 1553 1939 2594 3508 4422 5515 6972 8465 10332 12492 14786 17363 20243 23298 26348 29670 32605 35588 38451 40764 43137 45035 46318 47224 47786 47528 46909 46084 44322 42400 40092 37632 34955 32396 29595 26775 24159 21550 19230 16888 14811 12956 11310 9796 8482 7241 6285 5362 4597 3927 3359 2825 2398 2038 1708 1457 1229 1021 848 718 588 513 422 359 293 258 208 181 162 140 114 99 85 71 61 50 39 27 22 18 17 11 8 8 7 6 6 5 3 3 2 1 1 1 1 
0 0 0 250 250 250 319 379 426 526 874 982 1464 2236 2994 4013 5370 6911 8654 10778 13174 15744 18755 21907 25351 29056 32504 35933 39408 42607 45207 47560 49216 50340 51059 50983 50266 49080 47531 45473 43033 40259 37422 34500 31456 28562 25716 22907 20396 18046 15701 13801 12058 10282 8864 7662 6575 5597 4811 4079 3491 3008 2527 2144 1782 1522 1310 1093 893 748 647 541 462 370 310 264 210 161 130 114 94 79 65 48 43 37 26 16 11 11 7 8 6 4 3 4 4 4 4 2 2 3 3 2 2 1 1 1 1 
0 0 0 250 250 250 312 364 415 534 673 655 952 1339 1689 2271 3104 3861 4919 6108 7574 9300 11281 13423 15798 18593 21386 24381 27424 30459 33665 36509 39159 41560 43764 45394 46507 47105 47002 46664 45741 44344 42306 40261 37978 35530 32950 30198 27608 25062 22778 20389 18154 16120 14291 12682 11067 9607 8344 7252 6270 5357 4576 3910 3340 2870 2398 2023 1711 1458 1234 1041 876 724 620 501 410 323 255 213 177 139 114 101 91 84 76 62 59 52 44 33 28 25 20 15 10 8 8 6 6 6 5 4 2 2 2 2 1 
0 0 0 249 249 249 318 374 432 526 661 580 827 1164 1351 1902 2493 3174 4176 5390 6761 8397 10534 12716 15312 18190 21166 24369 27655 31038 34287 37425 40344 42919 45141 46731 47980 48616 48691 48119 47071 45684 43697 41595 39204 36487 33723 30993 28237 25511 22968 20473 18087 16036 14058 12298 10692 9213 7922 6763 5771 4840 4131 3471 2887 2412 2024 1719 1417 1191 987 825 705 574 469 372 305 255 202 168 128 104 89 76 66 52 46 42 32 27 22 19 14 11 9 4 5 4 3 2 2 2 1 1 
0 0 0 250 250 250 320 373 423 538 669 612 880 1232 1479 1942 2649 3487 4444 5626 7020 8670 10755 12896 15279 17931 20872 23961 27138 30380 33653 36942 39774 42331 44452 46168 47411 47998 47861 47329 46485 45020 43141 41084 38691 36256 33692 30933 28212 25713 23288 20768 18531 16390 14470 12740 11146 9674 8441 7389 6368 5457 4744 4085 3503 2999 2554 2134 1803 1541 1299 1101 911 730 598 503 435 386 308 255 219 189 161 132 107 81 66 54 50 41 33 29 22 15 10 10 9 8 9 6 6 6 6 3 3 3 2 2 2 2 1 2 2 1 2 2 2 3 3 3 3 4 4 4 4 3 4 3 3 2 1 1 1 1 
0 0 0 250 250 250 315 388 445 578 865 892 1266 1831 2329 3061 4168 5380 6799 8585 10519 12632 15087 17889 20643 23722 26954 30012 33335 36596 39688 42273 44623 46483 47620 48354 48361 48095 47078 45804 43918 41814 39513 36991 34436 31525 28882 26144 23640 21122 18792 16701 14663 12930 11297 9794 8534 7358 6319 5439 4700 3915 3316 2833 2382 2036 1733 1457 1227 1062 893 748 613 508 429 369 312 251 219 179 155 124 108 86 73 58 46 41 37 35 28 25 20 17 12 8 4 2 2 1 
0 0 0 250 250 250 304 366 410 526 694 626 976 1403 1713 2308 3210 4144 5147 6538 8014 9816 11995 14407 16806 19622 22717 25667 28698 31716 34745 37396 39710 41777 43567 44931 45735 46046 45956 45399 44579 43146 41101 39110 36941 34576 31946 29318 26752 24180 21897 19593 17469 15500 13648 12003 10510 9167 8037 6971 6002 5132 4411 3799 3223 2815 2365 1951 1672 1425 1225 1019 860 723 614 529 433 350 292 233 195 164 136 117 96 77 58 49 45 36 28 21 18 14 14 10 7 9 6 5 7 6 5 5 5 3 3 3 1 1 
0 0 0 250 250 250 319 370 434 554 707 655 973 1344 1607 2124 2832 3621 4632 5932 7285 8907 10893 13119 15517 18249 21118 23990 27140 30306 33535 36485 39242 41743 43839 45482 46677 47223 47288 46899 46061 44549 42778 40734 38357 35950 33273 30576 27777 25270 22748 20395 18163 16029 14160 12447 10914 9454 8214 7080 6132 5335 4552 3829 3260 2801 2349 2004 1648 1366 1146 982 852 678 568 460 372 303 251 208 156 131 101 76 62 48 38 27 22 17 13 9 8 6 5 2 1 1 1 1 1 1 1 
0 0 0 250 250 250 307 369 416 493 642 586 804 1108 1296 1579 2104 2661 3340 4213 5313 6513 8108 9986 11897 14348 16973 19704 22761 26060 29385 32607 35775 38700 41391 43832 45566 46972 47738 48038 47800 46952 45589 43915 41915 39517 36980 34341 31683 29006 26465 23831 21391 19126 16997 14961 13192 11552 10018 8704 7516 6400 5524 4806 4103 3493 2967 2496 2134 1817 1537 1271 1069 892 764 653 575 490 401 332 276 232 186 158 127 106 92 76 54 47 45 38 30 24 19 20 18 13 9 9 8 7 6 4 3 1 2 2 1 1 1 1 1 1 
0 0 0 250 250 250 324 377 428 533 717 774 1182 1741 2177 2869 3902 5041 6428 8145 10076 12219 14732 17598 20566 23804 27153 30297 33664 36804 39895 42440 44620 46508 47833 48826 48898 48575 47708 46512 44865 42557 40117 37373 34733 31925 29089 26312 23627 21240 18865 16744 14687 12959 11377 9908 8550 7400 6377 5445 4673 3978 3351 2834 2430 2020 1719 1439 1214 1000 848 684 591 501 412 354 285 221 179 152 116 97 81 60 49 41 34 28 19 14 13 8 4 2 1 2 2 1 1 1 1 1 1 
0 0 0 250 250 250 311 368 420 519 694 629 996 1466 1807 2399 3271 4226 5398 6821 8224 10007 12264 14631 17195 20153 23229 26352 29818 33041 36243 39248 41893 44191 45976 47546 48252 48555 48148 47372 46050 44155 42034 39546 37009 34302 31512 28701 26077 23460 21059 18687 16475 14570 12854 11218 9744 8558 7380 6337 5526 4677 4012 3433 2900 2443 2071 1777 1483 1240 1012 861 732 610 513 429 368 310 269 221 182 162 134 120 103 93 85 69 57 46 36 31 21 15 10 6 7 5 7 6 6 6 5 5 5 5 2 2 3 2 3 3 2 2 2 2 1 1 
0 0 0 250 250 250 322 390 459 572 704 705 1103 1586 1991 2633 3525 4509 5623 7029 8663 10572 12948 15471 18229 21229 24598 27943 31165 34496 37337 40153 42632 44658 46176 47262 47916 47699 47434 46440 44899 43105 40955 38447 35889 33351 30669 27984 25344 22873 20539 18364 16261 14349 12491 10913 9547 8218 7072 6087 5203 4445 3814 3236 2757 2370 2015 1709 1447 1220 1018 860 743 643 520 438 366 306 268 224 182 148 127 101 76 67 51 41 29 22 19 13 10 9 7 5 4 4 3 3 2 1 1 1 1 
0 0 0 250 250 250 318 374 440 542 673 596 868 1253 1558 1977 2560 3304 4176 5220 6582 8083 9906 12001 14359 16903 19788 22999 26015 29161 32422 35733 38750 41451 43863 45884 47387 48434 48742 48505 47817 46686 44913 42698 40392 37749 35079 32241 29288 26534 23956 21396 18967 16858 14914 13042 11494 9961 8620 7429 6434 5443 4608 3936 3346 2872 2424 2100 1760 1530 1290 1092 900 739 612 485 422 338 275 218 173 145 117 91 71 52 41 36 28 19 14 8 8 7 5 3 3 3 3 3 3 2 2 2 2 1 1 1 1 
0 0 0 250 250 250 319 371 425 528 651 642 961 1344 1691 2320 3101 3830 5000 6343 7831 9594 11811 14003 16417 19396 22296 25321 28581 31728 34736 37649 40443 42666 44641 46223 47123 47648 47559 46931 45820 44445 42625 40331 37916 35297 32659 30082 27436 24733 22054 19740 17539 15465 13526 11724 10188 8866 7698 6555 5529 4694 3974 3419 2846 2382 2012 1674 1443 1228 1029 864 723 592 482 414 338 273 235 183 156 124 110 80 65 56 40 36 29 25 21 18 15 15 14 11 10 7 5 5 5 4 3 4 3 3 2 1 1 1 1 
0 0 0 250 250 250 302 346 391 461 577 529 844 1167 1453 1949 2746 3607 4639 5896 7341 9061 11112 13370 15775 18564 21542 24689 27902 31143 34376 37515 40404 42920 45198 46802 48067 48838 48873 48529 47458 45924 43870 41768 39187 36433 33824 30973 28260 25682 23158 20629 18339 16168 14173 12304 10729 9280 8029 6900 5947 5123 4366 3735 3181 2682 2249 1908 1590 1370 1147 966 790 650 539 464 394 327 263 211 171 146 121 93 74 56 50 42 36 27 21 15 8 7 4 4 3 1 1 1 1 1 1 
0 0 0 250 250 250 306 369 422 519 712 705 976 1392 1730 2289 3039 3909 4946 6253 7752 9385 11497 13839 16302 19078 22134 25174 28554 31975 35085 37968 40797 43448 45345 46919 47932 48288 48089 47659 46517 44638 42791 40625 38102 35502 32875 30119 27357 24871 22232 19799 17429 15376 13579 11797 10299 8855 7694 6573 5660 4822 4107 3452 2966 2528 2143 1815 1573 1323 1118 954 790 683 570 476 377 313 256 211 174 141 107 89 80 63 47 36 33 28 24 20 13 10 11 7 4 3 3 3 3 2 1 1 1 
0 0 0 250 250 250 309 367 424 689 993 1029 1452 2138 2869 3779 4927 6217 7726 9660 11805 13954 16590 19384 22415 25608 28938 32111 35374 38417 41125 43592 45533 46917 47735 48217 47992 47440 46282 44745 42793 40624 38253 35552 32919 30162 27416 24826 22354 19994 17740 15726 13756 12019 10560 9102 7876 6731 5766 4910 4200 3590 3021 2542 2167 1818 1542 1316 1076 913 765 628 511 419 346 280 238 195 151 127 97 84 66 59 49 34 26 22 18 15 12 7 6 5 4 4 3 2 1 1 1 1 
0 0 0 250 250 250 310 365 422 596 770 724 1055 1476 1833 2482 3259 4084 5213 6612 8296 10084 12299 14786 17634 20770 24021 27371 30731 34198 37488 40420 43132 45309 47058 48229 48906 48904 48568 47640 46092 44228 41819 39417 36753 34147 31270 28482 25807 23177 20942 18557 16370 14365 12498 10862 9389 8130 6943 6019 5174 4417 3843 3284 2750 2310 1960 1667 1397 1153 943 785 659 582 498 396 338 294 243 200 168 132 100 94 70 52 48 39 34 30 25 15 11 11 8 6 6 4 3 1 1 1 1 1 
0 0 0 248 248 248 326 398 457 567 769 770 1077 1467 1846 2332 3142 3982 5007 6286 7886 9703 11754 14184 16686 19581 22679 25774 29099 32361 35533 38634 41421 43853 45748 47312 48076 48438 48396 47520 46307 44630 42749 40561 38032 35368 32497 29829 27143 24449 21856 19418 17260 15240 13455 11799 10198 8916 7718 6625 5680 4855 4152 3462 2988 2540 2133 1768 1488 1241 1026 877 741 594 476 396 333 274 228 189 154 128 111 93 76 62 48 39 28 26 21 16 13 13 9 8 6 5 5 5 4 3 3 2 2 2 1 1 1 1 1 1 1 1 1 1 1 
0 0 0 250 250 250 318 369 435 583 766 769 1082 1506 2020 2639 3532 4460 5687 7171 8905 10834 13085 15655 18394 21450 24496 27650 30920 34141 37171 39873 42330 44465 46110 47262 47789 47709 47095 46119 44634 42715 40569 38214 35661 33103 30402 27795 25266 22741 20330 18024 15936 14077 12423 10854 9372 8160 7120 6127 5313 4522 3876 3278 2811 2349 1975 1678 1366 1165 965 824 679 565 474 404 347 276 241 210 173 144 111 97 79 69 60 41 35 31 27 20 18 14 11 10 7 6 6 5 5 6 6 6 5 4 2 2 2 1 
0 0 0 250 250 250 318 374 429 544 676 580 877 1193 1452 1873 2492 3181 3957 5205 6504 8115 10055 12241 14684 17460 20661 23775 26982 30376 33682 36907 39895 42721 44980 46799 48358 49244 49510 49197 48377 47010 45259 43070 40529 37816 35026 32190 29298 26431 23749 21262 18829 16570 14616 12807 11203 9736 8341 7157 6158 5277 4489 3811 3229 2692 2312 1945 1657 1375 1121 923 777 655 516 438 368 316 273 236 190 157 141 115 90 74 67 50 38 25 23 22 16 12 9 10 7 8 5 2 2 3 3 2 2 1 1 1 1 
0 0 0 250 250 250 298 358 400 502 688 772 1204 1723 2045 2577 3467 4420 5595 6903 8433 10234 12570 15026 17505 20467 23354 26333 29594 32626 35523 38366 40946 43052 44931 46217 46884 47157 46924 46095 44803 43141 41154 39037 36505 33911 31192 28493 25973 23360 20818 18435 16331 14405 12697 11112 9639 8369 7261 6285 5378 4578 3891 3338 2823 2397 2038 1723 1470 1244 1053 890 734 637 539 450 380 323 278 228 210 166 143 127 115 101 86 77 65 57 49 42 34 26 22 20 16 13 11 7 3 4 4 4 3 3 4 4 4 3 3 2 2 2 1 1 1 1 
0 0 0 250 250 250 313 368 422 526 658 578 837 1230 1543 2086 2866 3674 4725 6121 7543 9203 11365 13570 15958 18914 21961 24995 28335 31632 34792 37941 40982 43334 45256 46949 47995 48467 48458 47992 46870 45326 43628 41361 38827 36293 33578 30658 27829 25184 22463 20050 17867 15728 13765 12041 10443 9072 7879 6741 5800 4987 4248 3611 3072 2593 2181 1823 1513 1256 1056 904 774 630 546 459 375 318 261 218 180 151 111 90 77 58 47 47 43 35 31 24 24 22 19 10 7 7 7 5 3 2 1 
0 0 0 250 250 250 319 376 435 533 832 856 1282 1955 2635 3344 4348 5557 6882 8543 10591 12625 15091 17967 20940 24100 27321 30689 33639 36778 39673 42226 44362 46030 47264 47778 48010 47705 46793 45401 43736 41621 39276 36895 34403 31685 28948 26284 23688 21274 18908 16756 14650 12758 11108 9658 8322 7219 6263 5315 4561 3893 3284 2784 2371 1994 1682 1420 1199 1009 852 695 572 471 396 342 284 230 198 181 153 134 116 104 82 68 55 46 35 29 24 16 15 12 12 6 6 7 5 6 4 2 2 3 3 2 2 1 1 1 1 
0 0 0 250 250 250 332 404 452 592 808 815 1145 1577 1895 2387 3322 4247 5363 6807 8444 10298 12618 15055 17400 20149 23139 26127 29343 32548 35408 38278 40996 43283 44900 46251 47029 47161 47000 46230 44995 43271 41372 39127 36550 33976 31406 28776 26181 23728 21377 19010 16850 14917 13088 11490 10009 8711 7553 6559 5727 4924 4187 3537 3001 2537 2139 1838 1549 1313 1099 942 779 665 575 468 396 341 285 236 206 169 134 113 91 73 66 49 46 36 29 26 18 15 11 13 10 9 9 8 7 6 4 2 3 3 2 1 1 1 1 1 
0 0 0 250 250 250 322 400 454 627 878 862 1176 1657 2090 2723 3687 4668 5904 7461 9312 11411 13828 16502 19225 22354 25622 28942 32278 35451 38418 41167 43643 45521 46941 47858 48314 48080 47444 46213 44703 42798 40619 38093 35426 32829 30133 27464 24740 22148 19759 17600 15455 13521 11785 10301 8958 7799 6669 5724 4905 4175 3594 3050 2586 2220 1841 1543 1318 1126 946 786 650 543 479 406 324 265 225 192 160 132 102 85 74 70 55 43 37 33 30 20 15 13 8 7 6 6 5 5 2 1 1 1 
0 0 0 250 250 250 335 407 468 669 950 1011 1440 2083 2629 3425 4496 5591 6992 8810 10845 13020 15678 18449 21490 24871 28140 31439 34627 37880 40852 43527 45690 47277 48577 49100 49144 48581 47357 45852 43948 41707 39173 36571 33850 30951 28222 25517 22976 20464 18083 15948 13969 12252 10692 9204 7871 6852 5943 5047 4324 3686 3137 2697 2284 1908 1594 1362 1166 978 833 709 587 494 405 334 271 214 174 131 114 99 81 69 57 48 35 26 25 17 12 11 10 11 11 11 6 6 5 3 2 1 
0 0 0 250 250 250 311 370 423 574 742 705 1063 1493 1811 2302 3088 3824 4728 5943 7340 8886 10893 13070 15230 17857 20865 23728 26736 29847 32899 35891 38663 41264 43144 44912 46182 46818 46960 46575 45868 44464 42860 40856 38469 36068 33455 30875 28320 25736 23228 20794 18653 16546 14677 12820 11158 9724 8487 7348 6282 5455 4630 4005 3368 2850 2400 2047 1731 1434 1240 1045 890 769 660 557 462 393 333 271 237 195 149 132 110 91 73 61 42 31 27 19 14 11 10 8 6 5 4 3 2 2 3 2 2 2 1 1 1 1 
0 0 0 250 250 250 303 354 408 461 631 643 927 1327 1745 2338 3178 4119 5191 6488 8080 9972 12234 14738 17393 20407 23611 26852 30232 33550 36860 39951 42696 45030 46922 48347 49138 49377 48863 47856 46477 44560 42483 40049 37517 34688 31969 29239 26435 23974 21332 18958 16681 14684 12807 11096 9647 8236 7092 6082 5200 4501 3820 3217 2724 2314 1948 1644 1378 1113 914 777 649 538 458 376 304 256 212 173 139 111 91 77 60 53 46 37 30 28 20 13 14 11 9 6 6 4 3 3 1 
0 0 0 250 250 250 309 391 436 499 705 706 960 1308 1614 1989 2736 3576 4417 5593 7078 8725 10626 13044 15550 18309 21471 24376 27682 30967 34191 37255 39926 42549 44571 46377 47379 47900 47999 47506 46734 45283 43408 41275 38928 36427 33785 30993 28003 25322 22743 20367 18025 15900 13952 12209 10761 9266 8075 6911 5981 5156 4442 3781 3200 2697 2240 1900 1560 1284 1053 867 733 619 519 421 359 302 263 213 181 151 134 117 94 85 73 64 57 48 38 28 27 20 18 14 9 7 7 7 5 4 3 2 2 3 2 2 3 3 3 3 3 2 1 1 
0 0 0 250 250 250 315 378 433 537 662 637 915 1289 1555 2030 2805 3569 4577 5796 7220 8962 11037 13379 15811 18587 21496 24714 27960 31245 34617 37732 40742 43331 45596 47268 48257 48868 48640 48061 46729 45256 43161 40778 38380 35525 32859 30026 27374 24603 22173 19857 17654 15647 13719 12023 10506 9172 7884 6715 5839 5041 4361 3732 3159 2669 2329 1991 1631 1360 1165 969 818 695 584 484 406 352 283 230 191 156 116 94 76 54 44 38 33 27 24 18 14 9 7 4 1 
0 0 0 250 250 250 314 384 440 557 734 766 1070 1482 1871 2532 3463 4387 5565 7020 8753 10824 13131 15576 18334 21483 24727 27880 31019 34030 37078 40042 42358 44633 46102 47325 48042 48170 47611 46476 45076 43075 41054 38659 36158 33519 30884 28298 25702 23018 20619 18294 16076 14132 12419 10819 9361 8123 6983 5996 5139 4383 3720 3096 2680 2277 1883 1571 1345 1127 944 790 645 553 471 404 344 293 247 217 176 137 113 92 67 54 48 41 37 31 24 19 14 14 11 7 6 4 3 2 1 
0 0 0 250 250 250 310 360 409 607 877 923 1365 1965 2498 3229 4339 5534 6871 8536 10545 12708 15275 18177 21115 24209 27612 30965 33924 36998 40008 42459 44670 46341 47513 48104 48468 48147 47245 45946 44200 42180 39756 37207 34447 31618 28824 26193 23536 20957 18614 16439 14437 12647 10945 9411 8016 6926 5951 5111 4372 3710 3138 2651 2281 1925 1575 1310 1101 928 777 625 516 429 370 314 271 228 190 167 141 122 97 80 62 44 38 31 31 27 21 20 18 17 13 12 7 4 5 3 2 2 1 1 1 1 
0 0 0 250 250 250 298 368 420 523 694 680 1031 1399 1724 2255 3017 3937 5004 6256 7737 9533 11785 14150 16861 19792 22859 26216 29573 33054 36137 39193 41804 44068 46064 47394 48161 48413 48177 47419 46288 44630 42570 40229 37692 35022 32343 29626 26836 24244 21799 19409 17232 15162 13342 11595 10082 8670 7368 6323 5448 4576 3868 3255 2727 2317 1932 1635 1367 1152 954 809 691 587 495 420 348 296 248 212 166 133 122 102 77 62 48 42 33 25 22 16 15 12 7 7 6 5 2 1 
0 0 0 250 250 250 301 359 422 544 718 646 933 1304 1521 1874 2405 2930 3577 4531 5691 6892 8424 10315 12382 14636 17188 19929 22729 25748 28997 31963 34892 37774 40264 42411 44091 45408 46169 46534 46234 45580 44501 42950 41107 38896 36595 34034 31530 28888 26293 23759 21374 19142 16905 14991 13151 11475 10006 8690 7510 6489 5624 4780 4121 3563 3050 2604 2242 1914 1603 1389 1185 991 830 712 593 511 448 373 311 271 241 197 166 145 116 96 80 65 54 50 45 33 29 27 23 19 16 9 8 7 8 5 4 5 3 3 2 3 2 2 2 1 1 1 1 
0 0 0 249 249 249 311 372 435 521 630 579 833 1134 1412 1787 2244 2870 3658 4612 5732 7145 8838 10913 13071 15602 18208 21133 24168 27257 30412 33359 36324 39177 41720 43715 45355 46400 46981 46919 46654 45560 44174 42331 40320 38010 35484 33108 30351 27738 25120 22693 20284 18151 16137 14143 12383 10761 9399 8122 6969 5968 5091 4359 3751 3185 2675 2302 1957 1671 1395 1162 983 824 696 586 481 386 331 288 233 209 175 133 113 94 76 61 46 28 22 23 19 15 13 11 8 8 8 7 5 5 6 5 6 6 5 5 5 6 5 5 3 3 3 3 3 2 1 1 1 1 
0 0 0 249 249 249 304 350 398 472 584 463 612 835 1026 1308 1708 2160 2746 3451 4405 5549 7000 8604 10438 12513 14879 17637 20439 23475 26660 29834 33027 36252 39057 41516 43977 45734 46814 47554 47693 47241 46501 45324 43570 41446 39189 36629 34003 31341 28771 26059 23381 21049 18722 16716 14825 13072 11282 9808 8480 7289 6345 5412 4604 3893 3355 2851 2392 1996 1676 1417 1198 1016 832 681 560 473 378 314 261 210 175 149 129 105 92 72 63 53 42 38 34 33 30 29 23 19 19 20 18 14 11 8 6 5 4 1 1 
0 0 0 250 250 250 307 365 422 522 668 586 865 1230 1455 1953 2661 3365 4318 5628 7174 8949 11200 13583 16183 19274 22399 25581 28891 32228 35569 38630 41432 43891 45983 47580 48530 49035 48849 48046 46898 45233 43157 40686 38073 35251 32503 29953 27196 24547 22078 19800 17676 15639 13703 11919 10406 8984 7764 6757 5802 5009 4312 3679 3132 2693 2295 1927 1634 1390 1150 974 838 709 593 496 418 361 320 286 238 199 169 141 125 99 80 69 51 41 35 29 23 20 15 6 7 6 5 3 3 3 1 1 
0 0 0 250 250 250 325 397 464 550 726 728 986 1352 1638 2121 2959 4007 5192 6556 8248 10230 12420 14834 17385 20100 23013 26206 29355 32480 35771 38771 41356 43728 45611 46806 47571 47899 47560 46735 45605 44059 42109 40022 37744 35062 32344 29814 27066 24398 21874 19499 17193 15259 13466 11639 10192 8803 7626 6507 5611 4742 3989 3451 2924 2441 2084 1773 1496 1246 1066 876 726 630 520 432 339 294 249 202 170 143 111 98 88 73 62 53 48 38 33 22 18 14 12 9 8 6 5 6 6 4 3 4 3 4 3 2 2 2 2 1 1 
0 0 0 250 250 250 304 360 411 505 727 686 920 1322 1668 2157 2849 3752 4677 5961 7616 9329 11454 13869 16576 19360 22437 25749 29164 32471 35623 38644 41463 44014 45943 47274 47939 48419 48352 47603 46385 44752 42762 40461 38024 35310 32574 29898 27179 24488 22107 19761 17529 15463 13578 11887 10282 8903 7662 6631 5724 4917 4210 3562 3017 2557 2159 1823 1534 1286 1072 933 807 674 556 468 385 336 280 213 175 150 135 109 93 78 70 63 49 40 30 23 20 18 15 11 7 6 7 7 5 4 4 5 5 4 3 2 2 2 1 
0 0 0 249 249 249 303 353 401 576 778 738 1071 1494 1914 2471 3239 4107 5241 6627 8188 9989 12179 14570 17219 20014 23036 26230 29370 32676 35646 38544 41125 43429 45399 46689 47658 47920 47732 47092 45901 44292 42249 39907 37397 34714 31939 29201 26527 23860 21252 19020 16838 14825 13085 11367 9823 8504 7283 6236 5237 4427 3760 3176 2697 2290 1972 1595 1362 1153 934 760 642 524 405 353 288 225 188 152 118 99 82 57 47 37 31 25 20 17 15 11 7 3 1 1 
0 0 0 250 250 250 298 360 416 508 637 579 946 1352 1588 2040 2669 3401 4497 5677 6996 8710 10906 13182 15814 18689 21548 24682 27884 31121 34164 37289 40055 42355 44580 46264 47367 47733 47832 47184 46148 44935 42998 40861 38512 36001 33315 30699 27980 25335 22708 20235 17939 15917 14013 12237 10687 9194 7997 6829 5897 5043 4270 3640 3072 2600 2203 1902 1580 1333 1147 956 792 662 535 457 391 313 251 210 171 127 113 82 60 53 45 35 29 28 20 19 15 11 8 6 5 4 2 1 1 1 1 
0 0 0 250 250 250 296 369 420 550 713 719 1021 1378 1772 2315 3079 3999 4977 6159 7661 9497 11558 13764 16299 19107 22324 25597 28917 32199 35477 38681 41387 43749 45531 47039 47995 48266 47959 47393 46288 44520 42518 40149 37560 34882 32357 29343 26565 24025 21573 19135 16989 15007 13027 11365 9861 8519 7346 6357 5324 4546 3856 3267 2770 2362 1970 1652 1434 1213 994 850 726 606 518 449 375 311 274 235 199 167 142 114 105 86 68 62 52 46 39 37 28 24 25 21 20 17 17 13 11 11 7 6 5 4 3 1 1 1 1 
0 0 0 250 250 250 302 357 408 542 751 727 1063 1472 1764 2419 3238 4102 5146 6575 8160 9903 12266 14607 17135 20112 23272 26470 29774 33265 36420 39465 42264 44555 46333 47826 48542 48699 48366 47620 46336 44698 42629 40006 37498 34787 32084 29268 26575 23897 21394 19200 17004 15035 13200 11446 9950 8589 7481 6408 5522 4678 3956 3379 2825 2387 1991 1641 1396 1191 977 822 687 576 494 411 321 269 229 190 164 138 115 99 85 72 66 59 54 41 35 29 28 26 17 16 12 11 7 6 5 1 2 1 1 1 1 1 1 1 
0 0 0 250 250 250 315 382 443 533 645 587 822 1147 1395 1814 2441 3122 4043 5168 6518 8099 10031 12169 14442 17150 20091 23097 26412 29737 33125 36351 39477 42194 44430 46418 47751 48624 48947 48646 47855 46635 45055 42838 40455 37933 35132 32382 29547 26809 24043 21563 19147 16824 14754 12905 11284 9708 8424 7298 6289 5391 4602 3890 3247 2774 2339 1959 1654 1385 1159 981 837 697 583 505 413 340 290 243 202 163 136 115 95 85 67 56 46 37 34 26 18 10 9 8 6 5 4 3 3 2 1 
0 0 0 250 250 250 304 358 406 573 789 839 1217 1756 2190 2874 3870 4992 6326 7786 9653 11779 14363 17001 19759 22750 25930 29281 32618 35672 38620 41449 43942 45862 47323 48195 48494 48285 47603 46275 44517 42654 40274 37651 34844 32144 29188 26539 24016 21324 18991 16912 14974 13119 11582 10020 8639 7562 6565 5662 4803 4135 3525 3034 2570 2130 1760 1479 1282 1062 886 756 621 520 434 363 296 242 202 170 140 117 97 75 65 58 40 28 25 22 19 17 14 8 7 9 8 7 5 3 3 3 3 
0 0 0 250 250 250 335 414 489 630 817 781 1194 1722 2023 2567 3545 4547 5706 7233 8945 10920 13399 16033 18535 21375 24506 27699 30747 33810 36760 39572 42243 44450 46015 47116 47807 47900 47572 46500 44956 43111 40999 38608 36038 33299 30428 27771 25176 22674 20379 18108 15983 14050 12279 10678 9247 7961 6814 5800 4991 4268 3654 3133 2635 2210 1831 1588 1298 1095 915 761 645 544 466 375 326 282 254 200 166 144 124 103 83 73 51 47 44 38 28 26 25 18 17 13 8 5 4 2 2 2 2 
0 0 0 250 250 250 300 348 411 546 774 804 1158 1692 2212 2938 3879 4932 6251 7806 9609 11602 14006 16563 19358 22515 25599 28564 31864 34960 37753 40406 42804 44659 45961 47028 47353 47265 46783 45679 44069 42198 40241 37971 35368 32685 29981 27430 24811 22277 19839 17672 15681 13797 12130 10509 9177 7964 6925 5948 5113 4462 3788 3288 2813 2386 2005 1653 1392 1148 974 808 691 579 486 406 335 276 225 196 162 125 106 88 69 58 47 37 28 23 18 16 14 11 7 5 4 4 4 3 4 5 7 6 6 5 4 5 5 4 3 3 3 3 3 2 1 1 
0 0 0 250 250 250 300 378 434 527 709 656 997 1485 1907 2440 3177 4099 5134 6463 8014 9748 11864 14291 16907 19743 22825 25987 29068 32299 35438 38456 41169 43394 45277 46711 47687 48053 47885 47232 45958 44465 42514 40289 37944 35183 32397 29585 27079 24489 21976 19537 17273 15364 13557 11806 10175 8764 7562 6520 5578 4743 4034 3429 2892 2463 2068 1771 1463 1236 1045 858 745 619 532 442 369 303 248 208 159 144 121 101 92 77 72 69 58 49 39 31 28 23 18 14 13 11 10 10 5 4 3 2 2 1 1 
0 0 0 250 250 250 300 351 408 545 710 679 992 1434 1781 2343 3259 4180 5378 6716 8284 10160 12410 14927 17563 20535 23661 27011 30463 33888 37060 40031 42678 45033 46759 48161 48802 48946 48514 47476 46124 44139 41875 39268 36793 34038 31329 28567 25667 23182 20812 18527 16318 14222 12360 10853 9509 8148 7029 6039 5066 4322 3748 3150 2654 2254 1894 1569 1338 1118 933 783 658 536 451 372 306 247 196 165 132 105 91 71 57 48 44 30 25 22 19 16 12 9 7 6 6 4 4 4 2 1 1 1 
0 0 0 249 249 249 300 355 393 534 705 662 950 1340 1715 2230 2934 3717 4671 6047 7580 9156 11206 13667 16156 19012 22050 25201 28397 31763 34813 37690 40579 42952 45106 46506 47441 47913 48029 47437 46209 44592 42447 40295 37823 35143 32427 29682 26989 24388 21927 19430 17236 15274 13307 11574 10089 8755 7544 6462 5500 4632 3925 3316 2751 2322 1964 1662 1424 1199 1000 823 705 571 458 391 316 258 223 182 159 131 112 85 81 75 59 54 49 41 34 29 22 18 16 10 8 6 4 3 3 2 2 2 1 1 
0 0 0 250 250 250 311 378 445 539 708 647 847 1320 1700 2182 2967 3785 4704 6104 7642 9223 11217 13631 16090 18841 21902 25029 28242 31462 34717 37775 40652 43227 45271 46721 47901 48538 48354 47781 46660 45086 43164 40818 38232 35484 32860 29893 27074 24395 21880 19539 17283 15275 13368 11746 10238 8826 7650 6678 5794 4948 4278 3658 3128 2724 2285 1888 1579 1386 1139 958 800 674 572 488 418 316 275 228 184 151 117 96 78 72 60 55 50 43 40 37 30 24 20 14 12 9 7 5 4 2 2 2 1 1 1 1 1 1 
