0 0 0 248 248 248 262 330 444 531 617 538 846 1223 1655 2167 2773 3704 4765 6054 7528 9386 11580 13908 16621 19365 22439 25684 28984 32093 34944 37959 40539 42793 44513 45724 46354 46562 46378 45447 44038 42336 40372 38143 35848 33327 30724 28170 25660 23192 20896 18717 16601 14724 12999 11485 10164 9015 7933 6937 6135 5409 4773 4146 3657 3203 2787 2472 2130 1854 1642 1436 1220 1071 942 806 701 592 493 431 389 322 290 251 214 188 168 147 131 119 104 94 83 68 62 59 54 45 38 28 26 26 23 19 15 10 11 11 9 8 5 8 7 6 5 6 6 5 5 1 1 1 2 1 1 1 1 1 1 1 
0 0 0 250 250 250 294 413 595 801 1104 1247 1783 2475 3352 4363 5542 7017 8827 10907 13100 15486 18140 21152 24336 27522 30717 33924 36957 39837 42314 44262 45725 46741 47159 46863 46255 45152 43571 41508 39229 36703 34031 31476 28807 26172 23689 21347 19127 17038 15199 13474 11920 10482 9215 8195 7231 6439 5660 4931 4304 3796 3313 2882 2504 2183 1895 1629 1423 1212 1060 899 792 678 572 496 430 397 331 272 232 201 170 146 122 105 92 87 77 73 64 59 55 47 41 36 27 24 24 20 16 11 11 7 6 3 1 1 1 1 
0 0 0 250 250 250 280 353 447 561 671 562 819 1181 1621 2051 2628 3500 4712 6057 7533 9276 11350 13995 16800 19658 22544 25706 29121 32272 35486 38229 40560 42782 44690 45896 46364 46668 46209 45312 44110 42403 40257 37951 35647 33016 30360 27656 25127 22679 20399 18267 16192 14465 12816 11401 10083 8829 7753 6847 6062 5278 4596 4045 3551 3108 2697 2366 2070 1767 1562 1337 1156 1007 866 751 636 559 494 423 363 323 279 235 207 183 154 133 118 100 85 74 67 56 50 45 39 38 37 29 25 23 18 16 15 9 7 7 5 5 3 3 2 2 2 1 1 
0 0 0 249 249 249 275 350 450 536 629 510 723 943 1212 1529 1916 2441 3196 4146 5315 6771 8553 10628 13073 15732 18614 21494 24536 27845 31031 33993 36643 39149 41334 43316 44704 45377 45591 45414 44859 43778 42276 40390 38280 35937 33627 31127 28630 26116 23588 21233 19086 17168 15245 13544 11971 10600 9405 8331 7353 6394 5574 4903 4272 3751 3297 2900 2486 2219 1939 1679 1456 1255 1104 942 827 721 620 534 456 399 334 290 255 203 171 153 134 113 103 84 75 65 59 44 41 33 23 20 17 15 12 12 10 9 11 11 11 10 8 8 9 8 6 4 3 3 3 3 1 1 1 1 1 1 1 
0 0 0 249 249 249 271 326 424 518 586 442 622 904 1277 1665 2261 3058 4153 5352 6754 8470 10537 12941 15487 18203 21172 24503 27608 30715 33822 36683 39257 41577 43314 44595 45801 46303 46130 45464 44439 42915 41005 38681 36154 33680 31073 28587 25949 23562 21401 19394 17414 15507 13848 12243 10885 9613 8485 7465 6567 5758 4986 4361 3857 3371 2903 2552 2249 1986 1750 1512 1317 1152 1035 876 742 628 554 501 427 368 312 287 258 237 200 179 175 151 127 105 85 70 62 49 39 32 30 23 21 21 18 20 15 14 11 10 11 7 7 7 6 4 4 4 3 4 4 1 1 1 1 1 1 
0 0 0 250 250 250 265 339 424 490 600 561 907 1429 1983 2527 3193 4063 5238 6740 8435 10214 12218 14531 17357 20382 23484 26560 29634 32666 35774 38771 41271 43219 44789 45896 46470 46666 46120 45172 43702 42083 40124 37767 35192 32552 29979 27350 24856 22448 20056 17987 16150 14410 12822 11300 9914 8697 7671 6650 5787 5043 4400 3855 3381 2955 2540 2235 1979 1702 1472 1279 1099 943 845 761 647 554 494 436 396 344 295 249 224 206 171 152 126 103 87 76 59 44 41 30 23 15 13 12 13 12 9 7 7 7 7 6 3 2 3 2 2 2 2 1 1 1 
0 0 0 250 250 250 280 333 426 505 610 544 848 1205 1544 1947 2438 3215 4189 5302 6415 7845 9679 11953 14563 17168 19995 22975 26398 29686 32803 35766 38495 40955 43115 44711 45850 46519 46785 46251 45153 43804 41949 40019 37546 34935 32194 29682 27267 24709 22268 19868 17758 15851 14107 12398 10778 9500 8367 7394 6525 5735 4970 4335 3837 3325 2911 2526 2162 1868 1635 1436 1247 1109 957 848 756 665 606 536 465 418 368 310 255 218 183 169 151 119 109 97 89 80 78 63 51 47 40 37 32 29 23 18 18 17 15 14 11 9 8 8 7 8 7 5 5 5 5 5 4 1 
0 0 0 250 250 250 275 348 447 547 674 617 899 1317 1836 2419 3158 4122 5279 6764 8531 10682 13109 15719 18478 21679 25015 28381 31729 34797 37789 40525 42948 44794 46104 46911 47160 46722 45726 44437 42841 40857 38657 36108 33487 30972 28425 25853 23299 20854 18662 16698 14843 13117 11589 10205 9012 7927 6918 6001 5218 4606 4008 3497 3031 2607 2234 1960 1694 1457 1279 1109 966 864 759 660 584 504 420 372 338 287 249 217 186 169 150 128 102 87 81 75 65 57 50 44 39 35 29 20 18 14 9 9 7 7 6 7 5 5 4 4 4 3 3 1 1 1 1 1 1 1 1 1 1 1 1 1 
0 0 0 249 249 249 274 338 422 525 669 637 981 1469 2083 2727 3570 4604 5851 7390 9295 11432 13728 16279 19014 22023 25317 28569 31509 34486 37234 39949 42296 44076 45141 45855 46137 45785 45094 43802 42229 40170 38027 35586 33112 30628 28054 25480 22956 20729 18634 16734 14901 13172 11649 10329 9120 8102 7108 6188 5430 4741 4170 3675 3200 2771 2430 2126 1871 1652 1424 1211 1048 914 790 678 567 472 406 357 320 279 236 209 177 151 129 105 84 72 66 50 49 42 36 30 26 23 21 19 13 14 13 14 13 10 8 8 7 5 4 3 2 2 2 2 2 2 2 1 1 1 1 1 1 1 1 1 
0 0 0 250 250 250 283 370 506 611 737 722 1110 1677 2346 3106 4144 5619 7311 9165 11141 13324 15841 18769 21750 24745 27983 31211 34602 37763 40520 42777 44645 46003 46842 47162 46762 45814 44458 42731 40807 38686 36144 33492 30908 28344 25932 23624 21292 19037 17039 15274 13588 12091 10656 9356 8171 7200 6295 5468 4734 4122 3637 3191 2832 2422 2141 1887 1671 1471 1270 1107 956 837 726 635 533 466 409 347 298 260 214 177 153 137 118 95 78 64 57 48 40 37 29 27 23 19 19 17 17 14 12 14 12 13 9 10 9 8 7 4 4 2 1 
0 0 0 250 250 250 267 333 440 530 630 554 855 1320 1948 2598 3440 4526 5798 7254 9013 10939 13178 15771 18575 21462 24567 27848 31213 34503 37471 40185 42435 44316 45847 46718 46732 46415 45558 44123 42488 40530 38322 35962 33488 30852 28236 25850 23423 21181 18879 16739 14999 13343 11819 10435 9206 8064 7116 6271 5500 4769 4208 3672 3195 2797 2415 2130 1802 1574 1371 1178 1002 870 771 665 579 492 436 376 341 288 235 202 182 169 145 126 111 99 86 80 65 54 48 38 34 30 28 22 17 18 13 14 9 6 6 5 6 3 3 2 2 2 1 1 
0 0 0 250 250 250 273 343 446 530 620 635 1058 1626 2159 2785 3652 4890 6347 7954 9744 11702 14165 16790 19630 22506 25743 28881 32038 35076 37903 40558 42813 44602 45599 46263 46476 46232 45357 44032 42319 40233 38194 35716 33148 30470 27890 25376 22921 20672 18346 16417 14478 12858 11293 9910 8677 7571 6687 5861 5165 4479 3943 3440 3002 2643 2283 1990 1725 1499 1305 1134 985 866 746 652 592 533 473 433 394 359 317 287 245 213 195 173 145 123 123 109 111 100 89 76 75 66 64 63 51 46 41 38 30 28 21 13 12 10 8 6 7 7 7 6 4 3 3 3 1 1 
0 0 0 249 249 249 278 352 474 591 738 748 1234 1777 2448 3234 4200 5463 6908 8606 10392 12558 14981 17601 20482 23570 26873 30141 33385 36400 39220 41896 43972 45531 46497 46940 46804 46203 45165 43484 41698 39506 37127 34564 31986 29344 26708 24183 21738 19473 17376 15516 13821 12285 10849 9582 8394 7370 6453 5623 4847 4198 3637 3177 2727 2344 2058 1788 1580 1386 1191 1041 918 808 674 566 477 398 335 279 245 209 171 143 126 115 110 100 83 73 70 63 49 39 32 28 28 21 17 15 12 11 9 7 5 7 4 4 4 3 3 2 2 
0 0 0 250 250 250 275 334 418 498 582 442 672 1027 1451 2004 2569 3399 4572 5952 7394 8997 10951 13240 15918 18642 21419 24504 27881 31301 34488 37424 40161 42607 44718 46122 47016 47314 47149 46398 45063 43299 41188 38963 36373 33765 31123 28462 25886 23524 21173 18923 16841 14875 13115 11568 10174 8907 7865 6854 6000 5267 4570 3956 3449 2963 2499 2168 1925 1685 1475 1295 1125 990 868 775 639 559 471 410 346 298 267 213 189 155 141 126 119 109 90 80 69 57 48 42 33 26 22 17 15 14 10 9 7 6 5 6 5 3 2 1 1 1 2 1 1 1 1 1 1 1 
0 0 0 250 250 250 269 340 434 509 585 470 722 1069 1481 1919 2500 3494 4844 6358 8009 9831 12081 14811 17745 20647 23651 26754 30086 33548 36790 39491 42001 44138 45799 46865 47457 47328 46618 45575 43932 41893 39650 37236 34575 31902 29232 26491 24096 21804 19604 17649 15713 13940 12360 11114 9822 8699 7624 6698 5896 5190 4588 3946 3385 2958 2597 2248 1967 1745 1499 1295 1145 991 847 720 614 535 462 423 375 323 274 242 218 180 147 128 109 93 81 75 63 58 53 51 42 40 35 30 27 21 19 19 18 15 14 12 12 13 12 9 8 9 10 8 6 5 4 3 3 2 
0 0 0 250 250 250 282 348 435 524 649 637 1040 1531 2028 2636 3459 4625 6094 7722 9507 11603 14031 16868 19793 22929 26261 29606 32999 36236 39261 41789 44107 45826 46740 47260 47270 46713 45643 44163 42275 40036 37667 35110 32403 29838 27171 24642 22146 19900 17899 15953 14140 12359 10887 9573 8470 7409 6430 5611 4883 4283 3823 3364 2908 2518 2203 1949 1730 1528 1308 1133 1011 894 768 664 584 511 456 405 340 298 275 237 211 177 148 126 111 103 82 76 62 54 46 38 32 25 20 14 10 6 5 4 2 2 1 
0 0 0 250 250 250 277 349 456 555 693 610 825 1224 1787 2460 3211 4169 5388 6881 8778 10872 13108 15562 18451 21412 24689 27900 30986 33973 36877 39553 41863 43858 45244 46120 46577 46575 46085 44994 43319 41433 39234 36885 34323 31574 28823 26277 23826 21426 19164 17096 15143 13470 11895 10432 9201 8080 7110 6206 5467 4736 4158 3681 3202 2789 2386 2104 1828 1609 1357 1158 1039 911 781 673 596 527 477 401 314 267 230 205 172 152 126 113 105 97 82 76 68 57 50 43 39 30 31 29 25 20 22 19 16 15 10 7 4 3 
0 0 0 250 250 250 276 353 442 542 656 600 848 1190 1584 1985 2595 3472 4652 6008 7626 9415 11515 14122 16970 19888 22878 25978 29079 32313 35377 38130 40486 42667 44420 45622 46329 46441 46097 45216 43965 42142 40031 37759 35380 32843 30127 27458 24913 22547 20340 18243 16210 14381 12851 11411 10119 8898 7742 6763 5912 5154 4475 3932 3336 2848 2464 2102 1836 1619 1396 1189 1044 932 811 709 605 512 450 372 315 264 222 187 156 123 101 99 89 78 70 74 71 68 68 50 48 47 40 34 35 30 24 25 20 17 17 14 7 5 3 3 4 4 4 5 4 4 4 3 2 2 1 
0 0 0 250 250 250 269 349 450 545 639 578 869 1311 1794 2411 3249 4485 5903 7490 9309 11281 13739 16416 19366 22178 25380 28579 31867 35186 38062 40853 43069 45008 46326 47187 47485 47172 46313 44768 42861 40700 38263 35713 33050 30299 27760 25296 22966 20624 18537 16482 14645 13000 11465 10025 8811 7847 6871 6097 5305 4639 4018 3540 3106 2690 2337 2057 1795 1546 1366 1200 1054 931 822 690 579 501 428 385 331 275 216 192 174 152 134 109 95 79 71 54 42 35 24 21 16 17 18 15 15 15 17 17 16 11 7 8 7 5 3 2 2 2 2 
0 0 0 250 250 250 267 325 403 465 529 416 656 1009 1396 1799 2343 3156 4249 5376 6701 8203 10027 12212 14634 17209 19966 23031 26315 29569 32693 35695 38542 41132 43193 44900 45934 46599 46663 46061 45068 43601 41912 39687 37403 34846 32310 29782 27134 24618 22109 19852 17683 15659 13854 12272 10803 9449 8284 7326 6410 5653 4943 4313 3789 3333 2951 2540 2148 1870 1631 1432 1261 1107 968 840 787 682 601 530 487 423 361 328 280 245 212 186 155 132 111 95 76 63 54 46 36 32 24 19 19 16 15 15 13 12 13 11 9 8 6 4 4 3 2 1 1 
0 0 0 250 250 250 274 340 455 554 625 522 858 1353 1927 2538 3373 4386 5685 7186 8682 10483 12609 15115 17728 20499 23418 26470 29813 32901 35863 38455 40893 42889 44581 45832 46279 46313 45768 44799 43243 41543 39419 36930 34437 31845 29246 26766 24277 21917 19654 17586 15713 13920 12363 10891 9662 8513 7485 6631 5807 5154 4500 3936 3435 3002 2603 2238 1956 1702 1492 1289 1135 963 857 736 643 555 465 416 380 338 299 256 213 192 169 146 118 101 86 85 79 67 63 56 52 48 43 37 33 30 27 20 20 19 20 17 14 12 12 12 11 10 7 6 5 5 4 3 
0 0 0 249 249 249 276 358 437 552 690 651 1075 1629 2199 2969 3984 5303 6907 8680 10631 12872 15507 18377 21374 24480 27557 30688 33706 36662 39358 41622 43443 44727 45608 46008 45886 45085 43812 42125 40272 38279 35942 33392 30833 28480 25950 23643 21467 19199 17182 15460 13842 12199 10973 9742 8483 7493 6656 5847 5115 4480 3886 3384 2977 2598 2232 1934 1703 1487 1277 1094 940 804 717 619 539 470 405 356 315 278 246 223 183 161 142 124 114 97 79 68 63 56 48 43 35 33 32 33 29 26 24 20 18 16 11 8 8 6 5 5 3 3 4 3 2 2 3 3 3 3 2 2 1 1 
0 0 0 249 249 249 277 346 449 548 640 568 834 1189 1532 1990 2626 3444 4415 5480 6811 8530 10615 12721 15249 17935 21089 24380 27731 30843 33818 36754 39402 41912 43723 44967 45694 46082 45827 45359 44101 42296 40270 38119 35826 33262 30776 28048 25584 23191 20961 18839 16858 15045 13377 11947 10589 9431 8311 7367 6474 5688 5069 4472 3937 3445 2998 2652 2305 2029 1774 1550 1359 1180 1034 891 778 685 577 489 416 357 316 266 229 204 177 155 135 118 107 91 86 76 71 68 57 50 48 44 40 38 30 24 20 18 14 17 16 11 11 8 7 7 6 2 1 1 1 1 1 
0 0 0 250 250 250 274 339 438 525 615 513 722 1011 1309 1651 2137 2859 3823 4933 6384 8145 10230 12428 14862 17582 20517 23618 26807 29855 32888 36016 38868 41425 43432 45067 46040 46683 46705 46096 45071 43658 41784 39630 37244 34619 31979 29407 26846 24245 21976 19706 17671 15823 14122 12569 11144 9761 8521 7472 6533 5700 4966 4256 3673 3222 2815 2456 2167 1844 1589 1406 1209 1047 907 804 674 604 507 426 377 330 280 242 221 200 172 154 133 113 111 94 76 58 54 50 44 39 27 25 22 23 25 26 25 22 25 26 28 26 21 18 15 14 9 8 6 5 5 4 4 4 4 2 1 
0 0 0 249 249 249 272 331 418 501 589 488 717 1084 1523 1952 2546 3383 4577 5936 7416 9076 11006 13351 15952 18649 21523 24477 27805 31059 34161 37085 39846 42229 43942 45339 46106 46446 46244 45556 44260 42650 40842 38696 36222 33494 30858 28166 25549 23035 20630 18481 16446 14710 13099 11618 10248 9074 8060 7041 6241 5433 4747 4178 3703 3216 2782 2438 2096 1873 1647 1423 1243 1093 950 820 720 632 535 468 400 362 322 271 235 213 187 174 155 140 123 107 97 88 83 65 51 43 39 40 34 28 24 21 18 14 10 6 7 6 5 3 2 2 2 3 1 1 1 1 1 1 1 
0 0 0 250 250 250 273 340 435 528 626 506 742 1045 1477 1910 2432 3100 3984 5245 6766 8503 10377 12530 15068 17943 21064 24251 27215 30401 33504 36666 39495 41900 43836 45277 46456 46888 46853 46150 44884 43119 41236 38912 36432 33882 31283 28618 26043 23780 21410 19340 17324 15451 13766 12272 10973 9664 8547 7464 6573 5784 5085 4438 3915 3462 3012 2658 2309 2021 1744 1556 1338 1172 1016 895 778 666 576 505 431 369 331 290 262 231 202 164 141 125 107 90 82 69 57 55 53 48 46 45 37 38 34 31 29 29 26 20 19 16 16 13 13 11 10 9 9 10 9 9 9 10 9 8 6 5 4 3 1 
0 0 0 250 250 250 272 333 432 524 612 518 772 1164 1653 2231 2904 3845 5110 6614 8399 10319 12413 14870 17579 20496 23634 26711 29804 32964 36062 39091 41531 43647 45289 46399 47030 46944 46432 45312 43910 41973 39540 37079 34403 31896 29270 26469 23910 21548 19397 17425 15561 13797 12221 10791 9581 8469 7513 6607 5803 5060 4413 3919 3411 2968 2590 2233 1975 1714 1475 1308 1138 1001 849 769 645 570 492 404 366 312 268 207 181 150 139 124 95 76 61 53 46 44 32 25 21 19 15 13 11 8 6 3 3 4 4 4 3 3 3 3 4 3 3 3 2 2 3 3 1 1 1 1 1 1 
0 0 0 250 250 250 272 340 425 524 647 597 920 1291 1750 2356 3248 4369 5657 7110 8866 11154 13757 16632 19364 22305 25545 29023 32494 35534 38358 40855 43251 45232 46649 47312 47333 46876 45863 44587 42657 40550 38079 35563 32911 30284 27835 25280 22982 20612 18467 16447 14631 12984 11435 9968 8753 7683 6729 5918 5242 4562 3959 3487 3042 2660 2338 2055 1760 1574 1378 1188 1035 884 752 639 556 487 426 357 314 270 239 202 163 145 113 100 83 71 61 50 42 32 30 31 27 24 25 22 22 17 16 12 12 9 6 6 6 8 6 5 5 5 4 4 2 
0 0 0 250 250 250 273 324 406 503 583 500 796 1215 1676 2116 2726 3706 5049 6407 7850 9614 11777 14315 16978 19772 22673 25951 29179 32365 35397 38212 40916 43152 44842 46139 46731 46848 46320 45393 43884 42069 39881 37441 35034 32456 29898 27346 24808 22288 20128 17950 16071 14269 12661 11181 9971 8869 7791 6829 5998 5280 4675 4115 3584 3134 2736 2392 2095 1836 1565 1341 1154 1016 889 779 674 586 504 437 378 319 273 223 196 161 144 120 103 84 75 61 53 52 45 35 28 26 19 17 12 8 5 5 4 2 1 1 1 
0 0 0 249 249 249 279 348 453 609 855 950 1334 1819 2550 3477 4613 5860 7376 9110 11112 13526 16180 18859 21579 24631 27669 30841 34014 36857 39434 41769 43668 45232 46081 46489 46205 45470 44253 42557 40825 38612 36272 33599 31169 28524 25995 23629 21195 18949 16989 15210 13419 11996 10569 9341 8258 7246 6366 5600 4913 4300 3740 3251 2834 2479 2151 1851 1607 1390 1211 1056 919 780 692 588 501 411 356 301 260 223 186 159 139 131 116 98 92 78 65 60 48 41 35 33 26 24 22 19 15 11 8 7 4 4 3 2 2 2 1 1 1 
0 0 0 250 250 250 267 339 427 498 604 567 889 1270 1755 2246 2929 3843 4974 6143 7637 9426 11478 13926 16604 19494 22500 25770 29160 32262 35377 38150 40711 42932 44541 45801 46328 46485 45900 45081 43799 41949 40041 37745 35218 32795 30442 27797 25182 22859 20560 18421 16451 14628 12905 11461 10081 8831 7798 6808 6018 5239 4558 3961 3467 3040 2625 2308 2010 1722 1487 1299 1145 978 848 728 639 574 525 467 414 353 311 279 233 198 168 147 123 113 93 82 72 61 51 41 35 31 26 21 19 16 13 11 10 7 8 7 7 5 6 6 5 4 3 3 2 2 2 2 2 2 2 1 2 2 1 1 1 1 3 3 2 2 2 3 3 3 1 1 1 1 
0 0 0 250 250 250 270 335 426 502 573 485 793 1221 1730 2234 2892 3783 5115 6574 8172 9938 11977 14506 17334 20385 23429 26578 29740 32950 36158 38951 41229 43393 45013 46163 46820 46819 46132 45098 43831 41829 39697 37210 34643 32149 29612 27006 24430 21958 19610 17637 15704 13879 12291 10858 9573 8517 7494 6535 5753 5036 4410 3859 3369 2937 2566 2231 1923 1672 1439 1269 1123 972 840 724 643 567 509 438 382 337 301 266 231 211 181 161 139 124 107 100 86 68 52 53 42 37 29 21 17 16 17 10 8 4 6 6 5 4 2 2 3 3 1 1 1 1 1 1 
0 0 0 250 250 250 264 343 434 508 611 506 717 998 1345 1786 2401 3209 4159 5185 6417 7954 10041 12245 14621 17254 20123 23361 26829 30199 33178 36115 38903 41264 43481 44956 45932 46362 46268 45766 44754 43472 41416 39333 36905 34471 31907 29205 26620 24024 21786 19610 17536 15513 13818 12338 10930 9702 8545 7482 6615 5893 5209 4521 3945 3416 2956 2561 2210 1932 1663 1485 1298 1132 997 892 765 650 569 494 416 361 290 241 211 176 144 115 100 85 67 58 57 49 44 40 35 31 31 29 21 21 18 20 18 17 13 12 11 8 8 3 1 1 1 
0 0 0 249 249 249 271 337 404 477 554 407 573 814 1068 1340 1727 2282 3062 4090 5243 6637 8334 10300 12593 15137 17875 20709 23847 27028 30204 33431 36574 39400 41871 44001 45459 46485 46990 46809 46068 45042 43447 41537 39315 36862 34346 31859 29238 26523 24119 21733 19602 17576 15686 13935 12345 10916 9591 8401 7403 6539 5718 4982 4361 3810 3288 2899 2508 2173 1889 1642 1437 1277 1130 986 861 746 649 564 485 399 359 297 265 238 208 173 150 122 92 83 73 57 47 44 35 34 35 35 32 27 22 16 16 14 10 7 4 3 2 2 1 1 1 
0 0 0 250 250 250 269 329 427 513 622 585 925 1310 1757 2383 3217 4228 5399 6875 8692 10809 13342 16050 18963 22148 25661 29119 32352 35553 38517 41188 43609 45352 46404 46874 47138 46728 45843 44365 42434 40424 38221 35976 33340 30748 28134 25666 23285 21013 18825 16825 14939 13293 11726 10476 9181 8036 7132 6224 5508 4817 4214 3639 3216 2829 2443 2146 1853 1603 1402 1189 1028 880 754 642 560 489 436 392 348 300 283 250 216 183 160 135 114 103 86 68 67 63 48 41 36 34 33 31 27 21 21 17 12 10 7 6 5 5 3 2 2 4 4 4 3 3 3 3 3 1 1 
0 0 0 250 250 250 277 346 435 541 670 611 916 1315 1759 2253 2891 3690 4759 6004 7541 9344 11404 13864 16658 19669 22943 26315 29722 32972 36067 38947 41411 43591 45090 46077 46580 46629 46120 44997 43549 41534 39383 37145 34616 32013 29414 27032 24513 22264 20049 17883 15931 14100 12526 10977 9673 8492 7435 6521 5657 4964 4325 3798 3333 2928 2588 2276 2034 1776 1591 1365 1225 1032 884 774 669 601 510 443 361 335 301 261 211 168 147 133 111 91 70 64 56 53 47 34 34 28 26 19 18 18 20 19 16 15 13 12 12 10 6 5 3 3 2 1 
0 0 0 250 250 250 275 339 442 527 645 645 1085 1635 2319 3083 4078 5323 6921 8767 10711 12890 15405 18148 21056 24177 27451 30587 33793 36908 39583 41959 43970 45555 46363 46690 46464 45818 44778 43222 41258 39029 36796 34367 31850 29196 26620 24231 21960 19765 17539 15664 13809 12163 10711 9386 8216 7136 6252 5388 4716 4130 3549 3088 2671 2300 1986 1713 1512 1295 1121 987 848 741 656 575 488 420 373 315 277 240 199 179 156 136 113 93 86 75 69 55 49 49 47 47 41 37 30 30 29 23 20 17 13 13 11 8 6 5 4 3 2 
0 0 0 250 250 250 275 338 422 511 585 476 706 1096 1671 2425 3388 4485 5774 7283 9297 11453 13840 16412 19170 22420 25904 29272 32512 35637 38733 41323 43641 45129 46426 47231 47273 46855 45755 44517 42581 40611 38096 35526 33004 30416 27769 25141 22877 20645 18490 16516 14669 12968 11515 10193 8928 7760 6809 6019 5295 4652 4067 3553 3138 2781 2448 2118 1817 1620 1425 1239 1068 935 815 694 612 513 457 395 348 301 249 233 192 184 144 120 104 96 85 67 60 46 42 41 35 29 23 23 24 23 22 21 19 17 17 13 11 10 8 6 5 6 5 6 5 4 4 3 3 1 1 
0 0 0 250 250 250 283 340 421 505 579 451 650 872 1171 1529 1900 2353 3029 3949 5051 6473 7983 9822 11937 14389 17029 19907 22976 26025 29206 32372 35555 38431 41054 43237 44712 45992 46642 46697 46085 45090 43701 41883 39834 37542 35083 32402 29896 27376 24814 22393 20151 17853 15914 14218 12564 11079 9739 8497 7500 6606 5782 5047 4394 3834 3365 2969 2583 2278 1950 1708 1475 1262 1089 939 835 710 634 559 507 452 406 357 316 284 260 227 198 172 152 132 110 89 70 63 55 45 32 26 25 21 18 12 9 9 9 8 6 4 3 3 3 2 1 2 1 1 1 1 2 2 2 1 1 1 1 1 
0 0 0 250 250 250 276 365 476 605 750 714 1015 1487 2020 2705 3539 4566 5754 7337 9271 11528 14067 16682 19675 22850 26309 29678 32838 35624 38430 41188 43261 45039 46196 46912 47118 46965 46107 44617 42949 40774 38374 35751 33181 30475 27881 25357 22833 20562 18420 16433 14500 12801 11211 9822 8679 7551 6617 5800 5083 4478 3928 3434 2956 2581 2273 1971 1738 1499 1280 1105 980 865 772 657 557 487 422 375 318 292 245 227 193 161 142 128 126 114 96 83 74 70 66 59 47 43 40 34 29 22 18 12 13 10 7 7 7 7 7 7 5 6 6 5 5 6 5 4 3 2 1 1 1 
0 0 0 250 250 250 280 361 490 610 711 676 1025 1530 2092 2777 3668 4928 6397 8136 10153 12405 15126 18061 20998 23936 27241 30481 33590 36496 39075 41449 43635 45377 46399 46879 46732 46142 45081 43531 41572 39371 36854 34245 31696 29138 26567 24155 21732 19429 17472 15614 13938 12396 11012 9608 8492 7518 6583 5817 5097 4426 3825 3392 2986 2589 2272 1949 1683 1463 1289 1096 923 808 679 608 536 481 407 349 302 257 235 204 169 153 137 118 110 93 78 65 58 50 46 43 33 25 21 18 15 12 5 3 2 2 1 2 3 3 3 4 4 4 4 3 2 2 2 
0 0 0 250 250 250 272 348 432 500 594 483 711 1006 1377 1858 2502 3392 4465 5700 7134 8832 10916 13240 15801 18497 21581 24853 28202 31448 34524 37561 40331 42729 44532 45752 46410 46712 46497 45545 44111 42383 40339 38178 35798 33287 30614 28096 25665 23241 20896 18734 16745 14863 13220 11670 10323 9103 8014 7012 6124 5378 4722 4177 3625 3245 2877 2507 2269 2008 1783 1549 1365 1140 1011 906 783 706 600 529 452 411 360 310 272 228 207 169 149 121 102 90 83 67 55 47 35 30 22 19 13 11 10 8 7 6 5 4 4 3 2 2 1 1 1 1 1 
0 0 0 250 250 250 270 350 441 533 638 515 696 941 1308 1725 2385 3253 4292 5559 7052 8814 10891 13257 15806 18496 21515 24665 27792 31129 34220 37312 39942 42394 44312 45783 46705 46975 46862 45950 44700 42996 40957 38643 36236 33591 30923 28400 25990 23525 21233 19029 17102 15291 13548 11937 10485 9268 8149 7162 6245 5463 4762 4154 3591 3094 2636 2313 2024 1790 1571 1364 1195 1048 942 811 675 571 492 429 370 319 267 222 191 164 134 118 99 83 71 65 52 47 53 41 35 32 30 27 25 19 12 9 8 8 7 5 5 6 5 5 4 2 2 2 1 
0 0 0 249 249 249 275 335 412 499 610 495 694 1014 1371 1869 2546 3457 4493 5772 7266 9057 11206 13575 16156 18780 21841 25060 28323 31520 34506 37324 39982 42405 44232 45548 46458 46690 46498 45808 44334 42846 40739 38492 35881 33357 30774 28151 25767 23033 20857 18711 16752 14917 13200 11674 10382 9210 8068 7011 6148 5339 4671 4059 3481 3057 2639 2300 2000 1750 1490 1304 1134 975 843 743 664 574 512 424 348 317 278 234 196 178 157 145 134 105 94 84 75 65 53 48 44 40 32 27 22 19 19 18 14 10 8 9 7 7 4 2 3 4 5 4 4 3 3 3 2 1 1 1 1 1 1 1 1 1 
0 0 0 250 250 250 280 351 455 555 696 720 1186 1823 2489 3262 4335 5696 7266 8943 10867 13158 15876 18887 21925 25104 28423 31854 35099 38007 40678 43001 44886 46248 47058 47368 47123 46221 44867 42937 40806 38536 36036 33290 30456 27950 25327 23020 20695 18410 16354 14599 13030 11520 10171 8921 7836 6899 6057 5287 4630 4025 3528 3086 2713 2362 2067 1771 1543 1339 1159 977 849 743 634 550 474 396 336 298 259 224 198 166 155 129 116 91 79 63 55 50 37 38 32 30 26 24 23 21 20 15 13 11 8 9 6 4 3 4 4 4 4 4 4 5 6 4 3 3 3 2 2 2 1 1 1 1 1 1 1 
0 0 0 250 250 250 263 338 438 545 650 648 1086 1664 2307 3007 3902 5264 7049 9054 11028 13180 15857 18823 22061 25230 28386 31353 34538 37578 40141 42441 44288 45727 46531 46980 46778 46020 44868 43310 41354 39010 36461 33768 31111 28553 25985 23377 21012 18752 16795 14956 13268 11757 10348 9156 7962 7030 6154 5399 4681 4036 3541 3060 2671 2301 1966 1718 1497 1280 1070 947 830 718 623 531 452 404 372 315 270 225 204 172 146 123 97 82 76 63 51 42 38 30 26 21 13 12 7 6 6 4 4 2 3 4 4 5 3 3 3 4 3 2 2 1 1 1 1 
0 0 0 250 250 250 268 331 407 523 650 624 992 1513 2073 2634 3335 4324 5668 7035 8539 10396 12568 15228 18182 21120 24089 27457 30898 34150 37219 39841 42161 44414 46054 46832 47112 46883 46169 45063 43422 41263 38870 36518 33859 31215 28521 25887 23386 20872 18703 16666 14907 13198 11695 10327 9114 8153 7202 6346 5554 4848 4251 3741 3274 2820 2440 2095 1837 1610 1392 1193 1038 892 763 665 584 509 453 399 341 307 272 236 208 186 163 133 124 105 87 82 67 51 42 37 31 26 21 13 12 13 10 10 9 5 6 6 6 4 2 2 2 2 1 1 1 
0 0 0 249 249 249 277 369 487 589 716 656 971 1359 1781 2184 2767 3615 4719 6068 7431 9095 11116 13644 16479 19482 22507 25456 28799 32370 35740 38586 41019 43228 45037 46459 47152 47101 46474 45585 44167 42267 40039 37738 35185 32522 29925 27270 24808 22424 20305 18105 16243 14493 12862 11376 10070 8871 7718 6811 6008 5237 4580 4020 3497 3051 2704 2380 2040 1771 1542 1346 1180 1018 848 717 611 552 485 434 364 320 289 258 221 177 152 126 109 86 73 64 53 41 37 33 29 25 22 16 14 12 9 8 5 5 4 4 4 2 1 
0 0 0 250 250 250 273 343 444 547 650 556 759 1052 1419 1865 2438 3186 4137 5201 6456 7982 9726 11770 14202 16809 19517 22486 25717 28889 32226 35460 38202 40640 42897 44868 46232 46772 46808 46274 45332 44073 42309 39970 37381 35090 32467 29857 27292 24672 22213 20039 18077 16073 14293 12613 11143 9897 8732 7660 6679 5940 5211 4573 3979 3445 3048 2668 2302 1960 1687 1446 1263 1095 922 773 672 569 506 445 383 333 288 259 223 186 161 138 112 100 89 78 62 54 47 40 37 33 30 24 23 19 13 15 14 12 12 12 12 9 9 7 5 5 4 4 4 5 4 4 4 3 3 3 2 1 1 1 1 1 
0 0 0 250 250 250 266 311 401 488 622 563 859 1261 1788 2529 3416 4476 5793 7473 9263 11422 13781 16460 19382 22560 25916 29344 32780 35793 38863 41531 43740 45517 46571 46941 46946 46654 45663 44136 42378 40203 37951 35638 32971 30311 27625 25108 22586 20236 18133 16003 14235 12620 11191 9821 8618 7608 6595 5761 5034 4341 3737 3289 2885 2491 2135 1868 1630 1431 1252 1041 883 771 685 601 506 409 358 317 278 233 195 168 149 141 119 108 91 82 74 64 56 48 44 39 34 28 26 22 17 16 12 9 7 7 5 7 7 6 4 5 5 4 5 3 3 3 4 4 5 5 3 3 3 3 2 1 
0 0 0 250 250 250 272 349 454 543 640 593 958 1401 1923 2417 3020 3894 5079 6372 7731 9363 11322 13718 16458 19359 22275 25409 28649 31857 34963 37878 40325 42463 44225 45647 46453 46613 46172 45133 43915 42231 40293 37853 35339 32927 30419 27922 25403 22983 20639 18536 16578 14672 13061 11638 10310 9117 8044 7103 6285 5542 4838 4232 3693 3246 2842 2484 2150 1905 1684 1468 1265 1075 937 791 699 600 511 447 383 338 299 257 219 197 169 142 125 106 89 70 55 42 35 29 25 23 17 14 14 16 18 16 14 12 11 12 12 7 5 4 3 4 4 3 3 4 4 4 4 3 3 3 2 1 2 1 1 1 1 1 1 1 
0 0 0 249 249 249 282 347 442 536 625 503 725 1070 1516 2088 2785 3679 4779 6122 7815 9710 11796 13989 16579 19397 22583 25805 28988 32120 35265 38330 40888 43084 44694 45986 46688 46962 46571 45698 44378 42706 40711 38455 35843 33133 30484 27897 25432 22937 20566 18339 16400 14589 12889 11309 9923 8715 7684 6687 5812 5051 4403 3828 3295 2882 2460 2095 1871 1628 1394 1213 1045 901 796 701 602 501 440 371 325 281 243 214 170 164 142 123 110 88 69 60 58 49 47 41 36 36 36 31 27 22 21 16 14 12 9 8 7 9 7 7 7 5 4 4 4 2 2 3 1 1 1 2 3 3 3 3 3 3 3 2 1 2 2 1 1 1 1 1 1 
0 0 0 250 250 250 276 342 410 478 560 421 603 793 1056 1414 1910 2554 3299 4257 5347 6856 8587 10500 12662 15037 17787 20734 23942 27081 30352 33465 36631 39565 41974 44025 45500 46496 46832 46835 46030 44783 43289 41314 39204 36899 34400 31687 29083 26510 23999 21738 19397 17191 15233 13557 12063 10662 9385 8161 7165 6306 5543 4850 4184 3637 3140 2743 2421 2111 1842 1587 1369 1210 1069 921 786 679 584 505 437 374 342 302 267 235 206 180 155 137 116 101 89 77 68 60 52 40 28 21 17 15 11 8 4 3 2 3 3 3 2 2 2 2 3 2 2 1 1 1 1 1 
0 0 0 250 250 250 274 348 436 528 667 655 1004 1392 1811 2312 2987 3788 4778 5978 7421 9069 11029 13189 15706 18543 21524 24556 27618 30792 33735 36750 39417 41510 43297 44652 45483 45865 45794 45056 43823 42320 40452 38363 36050 33572 31014 28571 25967 23607 21307 19123 17079 15140 13474 11878 10583 9298 8179 7142 6240 5474 4788 4129 3606 3154 2756 2395 2131 1860 1598 1392 1188 1042 886 780 679 589 532 456 392 334 299 277 238 211 173 146 131 120 105 84 68 51 46 43 35 28 23 20 17 15 14 12 12 11 10 8 5 4 2 2 1 1 1 1 1 
0 0 0 250 250 250 278 340 418 509 636 652 1097 1585 2117 2784 3659 4839 6284 7906 9675 11823 14326 17116 20250 23453 26733 29932 33279 36257 39164 41692 43526 45141 46139 46819 46794 46491 45278 43817 42096 39848 37629 35043 32328 29611 27245 24736 22379 20147 17965 15989 14304 12698 11181 9908 8672 7644 6707 5900 5153 4506 3918 3330 2941 2544 2208 1959 1690 1449 1250 1113 957 833 702 597 525 465 405 346 308 268 238 209 167 136 124 112 95 80 68 55 52 47 35 31 25 22 23 21 21 19 18 15 15 13 9 10 7 6 5 4 3 3 3 2 2 1 1 1 1 1 1 1 1 1 
0 0 0 250 250 250 271 336 434 524 617 526 854 1310 1862 2440 3186 4183 5508 7116 8810 10752 12953 15445 18178 21173 24284 27344 30484 33536 36431 39168 41587 43513 44887 45799 46342 46234 45780 44674 43118 41146 38967 36681 34133 31583 28876 26392 23983 21722 19637 17593 15617 13872 12312 10854 9597 8433 7380 6392 5668 4970 4365 3812 3270 2853 2410 2153 1823 1595 1367 1161 1002 874 787 677 601 529 447 408 361 317 276 240 205 167 145 126 105 87 85 70 61 52 45 43 40 38 25 26 20 20 17 14 12 10 11 9 8 6 5 4 5 5 5 3 3 3 3 2 1 1 
0 0 0 250 250 250 271 324 416 495 608 536 864 1294 1706 2210 2915 3945 5192 6633 8273 10115 12356 14926 17580 20399 23276 26394 29498 32692 35608 38388 40998 43192 44795 45773 46337 46310 45835 44773 43203 41230 39273 37081 34573 32010 29450 26874 24481 22109 19790 17746 15881 14106 12544 11145 9780 8650 7662 6702 5855 5088 4396 3824 3335 2880 2483 2114 1831 1612 1435 1247 1089 964 855 773 686 603 515 438 385 347 299 236 207 194 175 151 127 108 90 93 83 69 58 49 44 39 41 33 29 25 21 22 20 16 12 13 11 11 9 9 8 7 5 4 3 2 2 1 
0 0 0 250 250 250 275 354 454 537 622 487 737 1131 1642 2174 2852 3770 5071 6662 8318 10246 12394 15019 17884 21006 24058 27260 30514 33639 36540 39271 41783 43611 44995 45832 46333 46308 45824 44720 42998 41154 39124 36801 34290 31786 29124 26438 24028 21766 19596 17505 15574 13772 12294 10980 9688 8472 7392 6524 5730 4985 4346 3780 3289 2852 2500 2199 1926 1680 1463 1245 1077 943 802 679 564 467 393 342 297 261 223 192 166 154 138 118 98 86 87 85 77 64 54 48 44 36 26 23 22 21 19 18 16 15 15 12 11 9 7 10 9 8 6 6 5 6 5 1 1 1 1 1 1 
0 0 0 250 250 250 272 332 427 508 622 556 831 1239 1695 2291 3008 3999 5285 6832 8497 10330 12508 14908 17575 20375 23310 26277 29468 32625 35521 38269 40695 42896 44630 45708 46128 46272 45864 44805 43380 41486 39167 36923 34588 31953 29400 26910 24397 21989 19836 17740 15822 14062 12471 11109 9879 8740 7761 6832 5983 5246 4578 4006 3542 3124 2688 2345 2038 1756 1530 1302 1121 994 878 770 687 601 532 474 412 355 318 282 246 224 202 180 155 131 113 105 84 65 52 41 40 34 26 15 13 12 11 9 5 5 2 1 3 3 2 2 2 2 2 3 1 1 1 1 1 1 1 
0 0 0 250 250 250 278 353 474 583 682 550 798 1195 1683 2263 2972 3876 5191 6702 8417 10476 12823 15558 18415 21613 24728 28058 31517 34768 37886 40668 43131 45019 46519 47539 47948 47745 46852 45399 43572 41577 39332 36589 33816 31089 28425 25901 23506 21095 18907 16916 15034 13243 11684 10279 9026 7911 6826 5966 5202 4550 3975 3432 2979 2626 2315 2083 1801 1583 1390 1233 1093 941 800 685 598 516 453 384 330 274 232 213 187 161 139 129 113 104 93 79 67 71 60 52 43 37 32 29 24 13 13 10 8 7 8 9 10 10 10 10 9 9 9 7 6 5 5 5 5 4 2 1 2 2 1 1 1 1 1 1 
0 0 0 250 250 250 281 336 428 581 705 642 982 1516 2241 2992 3914 5146 6684 8511 10601 12753 15079 17769 20761 23885 27120 30366 33422 36453 39259 41695 43756 45202 46219 46628 46512 45977 44981 43577 41544 39378 36879 34506 32032 29379 26672 24118 21811 19614 17613 15532 13669 12115 10766 9492 8404 7398 6460 5729 5075 4415 3853 3386 2954 2537 2220 1870 1619 1394 1214 1063 922 788 690 596 496 435 369 307 264 248 193 163 144 119 97 89 68 54 53 49 43 41 37 26 25 22 17 12 9 7 5 4 3 1 1 
0 0 0 250 250 250 278 340 444 575 745 717 1061 1541 2117 2801 3614 4686 6106 7955 9898 12021 14494 17256 20319 23523 26663 29824 33095 36359 39240 41805 43863 45553 46749 47355 47286 46744 45757 44190 42380 40196 37794 35141 32450 29677 27071 24613 22240 19933 17777 15880 14207 12600 11107 9757 8512 7505 6677 5802 5067 4421 3844 3402 2983 2574 2197 1927 1659 1458 1235 1059 940 803 693 611 519 453 413 369 324 291 261 212 190 175 155 129 110 93 75 70 68 59 55 46 40 44 43 36 31 24 16 15 16 9 6 7 6 5 5 5 3 4 3 2 2 2 2 2 1 
0 0 0 250 250 250 269 320 412 484 593 591 972 1440 1921 2612 3430 4538 6033 7654 9507 11723 14220 16936 19924 23118 26222 29619 32834 35874 38747 41280 43457 45196 46426 46829 46991 46360 45498 44141 42232 39993 37595 35062 32278 29780 27069 24473 22110 19845 17717 15833 14079 12382 10957 9629 8439 7389 6484 5639 4970 4381 3770 3318 2914 2528 2195 1937 1671 1480 1305 1118 977 874 761 658 554 475 417 373 328 277 239 208 186 160 142 121 105 91 73 59 54 43 33 32 28 27 22 23 16 14 14 10 7 3 4 2 2 2 2 1 1 1 
0 0 0 250 250 250 272 342 415 503 592 483 720 1010 1363 1833 2489 3354 4543 5910 7542 9269 11370 13751 16405 19183 22027 25078 28261 31662 34837 37902 40388 42570 44404 45710 46424 46570 46107 45112 43875 42299 40460 38180 35621 32961 30463 27941 25420 23109 20705 18580 16755 15001 13361 11796 10451 9080 7998 7059 6107 5387 4677 4078 3575 3142 2706 2353 2068 1769 1541 1316 1132 976 834 720 622 540 456 402 348 301 271 234 210 176 159 144 129 120 106 96 79 71 66 60 53 45 39 35 32 27 23 19 16 14 12 9 7 5 3 2 4 5 4 4 3 3 3 3 1 
0 0 0 250 250 250 274 350 450 579 735 700 974 1358 1875 2510 3302 4332 5641 7201 8892 10837 13119 15774 18746 21810 24913 28032 31414 34892 38091 40903 43151 44947 46220 47185 47448 47010 45943 44465 42692 40697 38383 35746 33047 30388 27763 25241 22813 20447 18324 16418 14615 12898 11443 10051 8859 7756 6810 5919 5181 4529 3939 3391 2908 2543 2251 1991 1736 1524 1333 1188 1024 897 786 674 608 515 462 390 340 297 256 211 177 154 120 102 83 69 61 54 40 29 23 25 22 16 10 12 11 10 10 6 6 7 7 5 6 5 4 3 3 2 3 2 1 1 1 1 1 1 
0 0 0 250 250 250 276 345 454 567 697 737 1163 1699 2268 3001 3969 5167 6658 8313 10176 12304 14956 17877 20665 23733 27052 30405 33699 36755 39307 41608 43869 45510 46580 47046 47004 46494 45594 44087 42174 40031 37493 34886 32124 29506 26818 24285 21855 19522 17466 15502 13808 12125 10735 9465 8308 7315 6406 5639 4899 4314 3754 3291 2887 2542 2188 1889 1674 1457 1300 1147 980 835 743 664 578 511 432 365 324 285 243 211 186 154 134 112 104 87 75 65 49 43 40 36 31 26 19 17 15 15 13 8 10 10 11 7 6 4 4 5 2 2 1 2 2 2 2 1 1 1 2 1 1 1 1 1 2 2 1 1 1 1 1 1 
0 0 0 248 248 248 271 348 455 584 681 625 946 1464 2096 2671 3451 4482 5785 7346 9039 10831 12881 15427 18157 21150 24235 27509 30600 33901 36976 39786 42160 44117 45597 46472 46899 46644 45917 44658 43142 41086 38804 36244 33766 31094 28530 25961 23449 21032 18862 16838 14917 13259 11618 10267 8950 7927 6937 6026 5285 4590 4058 3489 3075 2647 2286 2047 1784 1551 1343 1180 1029 919 823 716 625 555 476 411 371 324 274 228 204 189 171 153 121 97 82 71 61 54 45 33 25 21 20 17 13 9 8 7 6 5 5 4 4 2 1 
0 0 0 250 250 250 278 339 441 558 683 670 1058 1547 2077 2808 3814 4970 6331 7884 9742 11889 14437 17063 19717 22717 26004 29407 32540 35483 38239 40868 43344 45090 46167 46624 46707 46395 45524 43990 41936 39797 37599 35206 32634 30033 27357 24972 22728 20502 18331 16386 14667 13007 11560 10181 8923 7864 6913 6056 5267 4594 4042 3562 3083 2666 2312 2006 1741 1515 1299 1122 994 891 783 683 608 540 478 408 357 307 266 231 211 187 164 160 147 129 112 106 89 82 73 58 47 46 40 34 29 22 18 17 18 12 9 8 8 7 6 5 4 4 3 2 2 2 1 
0 0 0 250 250 250 278 343 438 523 618 478 642 937 1335 1910 2587 3365 4378 5571 7069 8837 10752 12871 15365 18265 21509 24757 27958 31196 34440 37550 40440 42827 44603 46100 47073 47407 47324 46564 44992 43254 41092 38748 36303 33596 30762 28150 25769 23240 20956 18704 16622 14857 13237 11639 10206 9004 7908 6997 6117 5351 4640 4024 3503 3035 2646 2272 1988 1722 1502 1315 1142 1003 874 765 669 587 504 454 398 349 307 264 224 185 164 132 121 99 84 75 69 60 49 37 31 32 22 18 17 18 17 16 14 10 9 8 6 4 3 2 2 2 2 1 1 1 1 1 
0 0 0 250 250 250 272 326 405 514 692 726 1112 1592 2273 3173 4242 5535 7055 8885 10845 13215 15599 18316 21184 24327 27663 30850 34096 37098 40072 42428 44455 45867 46551 46928 46768 46005 44788 43247 41317 39035 36814 34247 31515 28855 26163 23585 21184 19008 16869 14895 13248 11747 10407 9186 8101 7141 6250 5473 4751 4143 3599 3151 2710 2336 1999 1781 1567 1336 1172 1004 886 784 701 598 513 452 370 330 277 235 210 181 161 146 133 108 96 79 64 62 53 44 37 33 32 31 24 16 14 10 9 7 5 2 2 2 1 1 
0 0 0 250 250 250 271 353 454 534 657 598 905 1320 1805 2333 3047 3998 5253 6726 8423 10345 12662 15247 18099 21230 24518 27904 31262 34515 37661 40656 43286 45412 46936 47843 48214 48091 47375 46049 44112 41849 39340 36712 34069 31395 28573 25773 23225 20885 18691 16606 14667 12861 11252 9897 8741 7649 6677 5846 5063 4380 3831 3365 2931 2527 2158 1879 1622 1429 1238 1076 924 797 695 606 534 452 401 341 289 243 214 184 153 132 103 90 76 63 52 43 40 36 34 29 25 23 20 15 12 9 9 7 9 8 8 8 7 6 7 6 4 5 4 3 2 3 2 2 2 1 1 1 1 
0 0 0 250 250 250 270 358 456 564 676 573 828 1224 1780 2443 3240 4228 5529 7006 8778 10867 13307 15977 18926 21993 25405 28792 32286 35533 38387 40998 43173 45101 46329 46990 46934 46587 45577 44158 42303 40243 37845 35480 32954 30276 27844 25362 23117 20818 18710 16707 14895 13151 11640 10307 9055 7913 6855 5989 5228 4598 3968 3414 2975 2599 2266 1962 1721 1505 1315 1146 1005 852 756 676 600 518 456 416 349 308 264 227 186 168 153 127 114 99 88 74 70 63 45 36 33 29 25 23 21 13 11 12 8 7 6 6 4 2 4 3 3 3 3 2 2 2 
0 0 0 250 250 250 278 354 462 566 678 599 858 1194 1561 1969 2583 3453 4573 5933 7520 9334 11550 14066 16769 19720 22848 25987 29133 32302 35366 38387 40954 43083 44635 45760 46563 46924 46528 45467 44110 42216 40281 38069 35494 32703 30107 27585 25021 22693 20288 18057 16100 14319 12661 11144 9790 8638 7657 6836 6011 5286 4598 3988 3559 3121 2753 2417 2129 1879 1658 1457 1252 1085 929 800 713 630 568 500 452 409 368 325 276 245 209 178 152 129 113 93 84 68 57 48 45 41 35 35 32 30 25 25 19 15 11 8 7 7 6 4 5 5 5 5 5 4 3 3 2 2 3 4 3 3 3 4 4 3 2 1 1 1 1 
0 0 0 250 250 250 279 343 446 546 641 548 848 1253 1719 2207 2920 3816 5185 6750 8441 10320 12521 15242 18091 21288 24345 27453 30563 33868 36865 39639 42123 43884 45348 46587 47171 46981 46413 45098 43371 41576 39365 36764 34171 31703 29076 26580 24159 21709 19497 17386 15488 13606 12034 10598 9275 8215 7192 6279 5498 4810 4178 3637 3198 2762 2397 2118 1858 1629 1419 1267 1101 971 873 777 683 585 537 464 414 364 310 256 212 192 167 144 131 108 93 86 82 70 61 54 48 47 43 38 29 28 27 25 22 14 12 9 9 8 7 5 4 4 3 3 1 1 3 3 3 2 2 2 3 3 1 1 1 1 1 1 
0 0 0 250 250 250 276 353 454 569 758 811 1180 1602 2059 2632 3450 4494 5689 6992 8620 10588 12952 15560 18260 21141 24225 27484 30777 34040 36997 39704 42173 44063 45497 46646 47156 46816 46096 44787 43112 41291 39121 36417 33613 30919 28201 25767 23294 20866 18607 16617 14787 13171 11699 10249 8979 7915 6963 6054 5275 4645 4055 3572 3134 2726 2372 2128 1900 1630 1423 1229 1087 952 841 725 608 551 485 418 349 303 260 226 200 162 138 116 101 85 81 68 57 50 45 41 40 28 21 18 13 13 14 12 8 9 8 7 7 6 3 3 2 2 1 1 1 1 1 1 1 
0 0 0 250 250 250 272 353 423 533 676 646 924 1280 1663 2095 2784 3722 4842 6134 7572 9441 11488 13810 16355 19203 22285 25475 28828 32125 35351 38470 41139 43467 45191 46451 47029 47111 46801 45806 44509 42530 40349 37897 35590 32892 30271 27698 25155 22884 20508 18481 16460 14621 12843 11382 10062 8757 7808 6819 5921 5222 4555 3903 3346 2887 2518 2161 1883 1643 1442 1254 1066 922 788 707 600 512 445 388 340 290 246 205 193 162 135 118 109 98 92 85 65 59 58 51 41 38 30 24 21 19 14 14 14 13 13 11 12 11 10 6 5 4 2 3 1 1 1 1 1 2 2 1 1 1 2 2 2 1 1 1 1 2 1 1 1 1 1 1 1 
0 0 0 250 250 250 271 323 421 501 592 472 706 1020 1303 1680 2127 2840 3690 4622 5765 7316 9160 11221 13688 16215 19111 22161 25306 28544 31752 34793 37632 40203 42242 44186 45558 46192 46290 45916 45018 43677 42112 40114 37892 35404 32775 30258 27678 25340 22930 20547 18383 16490 14845 13233 11823 10412 9242 8170 7199 6296 5521 4853 4180 3650 3153 2735 2385 2066 1786 1540 1355 1170 1009 892 767 696 627 552 480 419 363 311 266 218 174 147 121 106 95 91 81 68 58 53 51 45 41 30 25 26 25 19 15 13 12 12 10 9 8 7 6 5 5 4 4 3 3 3 4 4 5 5 5 5 5 5 5 4 2 2 3 2 2 2 1 1 1 1 
0 0 0 250 250 250 270 343 429 521 620 555 858 1259 1710 2221 2936 3833 5043 6508 7944 9681 11711 13995 16550 19359 22083 24818 27756 30831 33920 36954 39447 41546 43357 44831 45753 45951 45635 44733 43565 41936 40104 37763 35379 32906 30330 27679 25105 22717 20364 18297 16329 14563 12880 11432 10137 8953 7884 6954 6164 5432 4785 4201 3663 3219 2827 2480 2202 1890 1638 1415 1238 1069 940 833 722 640 564 504 432 388 337 287 235 203 178 155 141 108 94 84 79 70 56 46 36 31 30 25 14 10 11 10 10 10 8 6 6 6 4 5 4 4 3 3 3 2 2 1 1 
0 0 0 250 250 250 269 343 442 530 621 471 679 968 1351 1793 2351 3105 4107 5393 6872 8531 10502 12841 15613 18561 21565 24623 27918 31224 34435 37466 40056 42411 44386 46019 46882 47214 46975 46145 44926 43295 41241 38794 36271 33769 31131 28549 25878 23215 20825 18705 16659 14756 12993 11395 10037 8821 7806 6776 5960 5144 4549 3932 3446 3034 2625 2342 2043 1806 1560 1391 1201 1071 929 776 669 589 538 486 417 355 325 301 265 235 200 174 157 137 120 109 97 82 71 64 58 54 41 36 34 36 34 31 28 22 24 20 16 11 7 5 5 4 
0 0 0 250 250 250 276 348 460 550 633 576 892 1365 1856 2398 3074 4071 5376 6727 8272 10117 12427 15213 18029 20929 23903 27279 30712 34018 36925 39380 41730 43795 45466 46411 46778 46586 46109 45173 43765 41716 39471 36941 34307 31627 28913 26247 23636 21343 19045 17040 15191 13532 11887 10457 9196 8102 7146 6272 5476 4752 4143 3547 3085 2682 2345 2029 1782 1530 1335 1189 1044 886 737 643 556 474 413 357 317 279 250 215 180 151 125 110 87 75 62 53 44 40 36 28 26 22 16 14 10 8 6 5 3 2 2 3 3 4 4 3 3 3 4 3 3 2 1 1 1 1 
0 0 0 250 250 250 272 344 422 504 597 516 848 1279 1847 2476 3339 4429 5827 7428 9224 11205 13475 16094 18809 21746 24747 27815 30954 34285 37187 39923 42321 44313 45678 46672 47023 46532 45718 44388 42682 40693 38448 35831 33266 30788 28219 25609 23192 20869 18848 16970 15111 13349 11891 10550 9344 8129 7078 6202 5412 4745 4143 3632 3115 2752 2406 2092 1790 1549 1330 1146 1005 849 703 606 538 472 396 343 295 255 218 178 155 131 113 94 79 72 67 61 57 44 39 33 30 22 17 14 7 6 6 5 5 6 5 4 4 5 4 3 2 1 1 1 1 
0 0 0 250 250 250 278 356 475 578 690 631 875 1228 1631 2109 2668 3425 4491 5762 7390 9111 11120 13528 16176 19123 21976 25165 28221 31600 34805 37667 40426 42630 44657 45899 46804 46861 46638 45804 44365 42635 40481 38286 35746 33169 30429 27717 25221 22801 20529 18249 16216 14423 12720 11299 9935 8686 7613 6680 5867 5109 4444 3851 3319 2923 2537 2208 1918 1634 1418 1241 1083 937 828 720 614 550 488 426 364 327 292 261 224 200 170 160 135 120 96 84 73 65 65 52 44 28 25 22 20 21 17 15 14 12 11 10 10 7 5 3 3 3 2 1 
0 0 0 250 250 250 275 338 430 520 617 526 739 1029 1308 1697 2268 3138 4313 5600 7142 8943 11103 13644 16558 19546 22456 25558 28717 32033 35306 38239 40658 42860 44665 46025 46859 46875 46212 45335 44015 42173 40139 37707 35191 32846 30472 27660 25137 22758 20472 18468 16540 14611 12891 11555 10124 8858 7808 6840 5967 5227 4568 3970 3494 3043 2596 2256 1961 1677 1453 1217 1067 923 812 695 605 526 466 438 371 332 286 254 225 192 164 137 119 98 87 78 65 55 49 41 30 24 22 19 16 13 11 9 10 9 9 6 6 6 5 3 2 2 2 2 1 1 1 1 1 
0 0 0 249 249 249 275 328 422 561 758 778 1113 1617 2283 3099 3960 5042 6441 8178 10102 12124 14345 17008 19981 23031 26106 29176 32424 35535 38541 40899 42841 44676 45833 46542 46556 46160 44994 43681 41988 39850 37594 35067 32333 29680 27279 24801 22418 20012 17841 15888 14233 12670 11189 9810 8644 7636 6737 5865 5147 4455 3899 3428 3009 2616 2259 1970 1692 1464 1239 1072 950 843 750 645 553 493 437 386 323 297 260 233 203 169 144 120 108 87 80 75 69 62 59 57 48 46 40 35 29 27 21 18 16 13 12 10 10 9 9 10 9 7 7 7 5 5 6 5 5 5 4 4 5 4 3 1 1 1 2 2 1 1 1 1 1 1 
0 0 0 249 249 249 275 329 421 499 586 474 764 1123 1503 1899 2462 3344 4486 5749 7041 8567 10494 13002 15648 18525 21537 24625 28148 31699 35053 37722 40549 42860 44759 46276 47034 47428 47121 46526 45178 43482 41495 39097 36553 33779 31143 28573 25954 23453 20943 18871 16843 14987 13223 11624 10262 8993 7942 6930 6137 5342 4737 4185 3632 3188 2800 2452 2102 1836 1575 1370 1225 1080 932 807 713 621 559 476 398 323 286 249 206 172 133 125 109 101 89 82 82 71 65 50 45 41 37 32 22 21 15 16 14 8 5 6 5 4 3 2 2 2 2 
0 0 0 250 250 250 271 331 432 521 621 502 702 991 1315 1748 2241 2921 3871 4953 6201 7628 9331 11315 13648 16276 18997 21916 24936 28227 31577 34746 37651 40157 42361 44154 45493 46370 46488 46171 45307 43985 42341 40316 38122 35431 32933 30301 27752 25259 22783 20539 18396 16498 14671 12966 11424 10125 8933 7932 6975 6142 5352 4703 4156 3650 3215 2737 2398 2104 1853 1629 1391 1215 1064 942 819 683 582 491 423 336 274 240 205 179 138 124 110 96 85 69 58 57 52 39 30 25 21 18 13 10 7 6 6 5 6 4 4 2 2 2 1 1 
0 0 0 250 250 250 279 347 450 559 651 529 778 1131 1538 2056 2679 3475 4476 5881 7513 9532 11564 13964 16795 19841 23096 26410 29620 32833 36063 38839 41414 43458 45180 46240 46859 46727 46241 45363 43713 41836 39540 37114 34577 31950 29409 26892 24524 22281 20188 18186 16327 14667 12986 11481 10136 8903 7796 6837 5974 5166 4524 3945 3432 3009 2613 2249 1958 1713 1488 1297 1144 1005 889 792 671 601 504 441 366 311 262 218 185 152 137 111 90 70 65 52 51 42 36 35 31 27 20 18 17 17 13 11 10 9 9 9 6 6 5 5 4 5 4 4 4 3 5 5 4 3 3 3 2 3 1 1 1 1 1 1 1 
0 0 0 250 250 250 273 365 459 599 792 906 1394 1960 2632 3517 4800 6239 7936 9662 11774 14314 17142 20094 22964 26094 29215 32530 35637 38486 41090 43267 44991 46148 46873 46970 46503 45559 44135 42279 40228 37947 35603 33010 30406 27767 25215 22794 20543 18408 16401 14688 13030 11507 10114 8959 7851 6909 5981 5182 4544 3996 3509 3061 2716 2387 2065 1794 1582 1384 1199 1045 893 777 693 611 531 456 389 341 303 264 226 196 156 138 123 107 92 73 64 56 49 42 39 33 22 18 16 12 12 9 11 9 11 10 8 6 6 6 3 3 1 1 2 2 1 1 1 1 1 1 
0 0 0 249 249 249 270 331 413 497 589 458 690 984 1339 1787 2394 3247 4387 5781 7350 9136 11214 13668 16271 19096 22079 25171 28205 31257 34340 37062 39660 41879 43605 44811 45658 46207 46083 45428 44191 42601 40569 38410 36024 33380 30686 27994 25495 22987 20808 18624 16642 14763 13056 11611 10236 8995 7889 6913 6086 5349 4698 4104 3599 3216 2784 2466 2136 1864 1610 1419 1248 1057 914 806 705 596 523 459 375 326 302 251 207 176 165 130 118 107 92 86 77 72 50 44 40 36 26 22 19 17 17 16 14 11 11 8 8 6 5 3 2 1 2 1 1 1 1 1 1 1 
0 0 0 250 250 250 264 332 411 488 562 432 596 819 1219 1762 2498 3354 4394 5711 7343 9305 11413 13670 16210 19108 22286 25492 28713 31862 35021 38111 40886 42913 44773 46176 46936 47123 46721 45625 44043 42473 40312 37955 35406 32933 30335 27883 25460 22999 20796 18639 16633 14705 12996 11445 10077 8915 7676 6648 5857 5117 4519 3932 3436 2996 2647 2316 1986 1754 1501 1333 1156 1012 878 766 707 613 535 466 421 359 317 273 250 212 177 154 124 112 92 80 66 56 54 44 40 35 32 30 27 23 18 16 13 14 13 11 10 12 12 13 11 8 9 8 7 3 2 1 1 1 
0 0 0 250 250 250 271 335 439 540 639 556 826 1234 1694 2136 2682 3435 4530 5796 7265 8972 11018 13503 16387 19341 22488 25714 28971 32344 35472 38343 40779 43037 44645 46027 46792 46960 46718 45753 44511 42757 40839 38447 36041 33288 30530 28053 25518 23086 20730 18597 16511 14718 13065 11518 10066 8884 7797 6783 5931 5194 4533 3924 3476 3027 2632 2314 2044 1801 1579 1425 1215 1044 920 793 689 618 548 470 422 373 330 292 270 226 192 175 147 128 108 99 87 77 66 51 49 45 43 34 28 25 23 25 21 16 12 11 10 8 8 9 8 7 7 8 7 7 5 2 2 2 2 1 
0 0 0 250 250 250 276 340 433 521 659 699 1147 1731 2370 3120 4160 5543 7192 9040 11079 13500 16263 19198 22246 25393 28732 32185 35380 38172 40843 43314 45305 46668 47484 47525 47079 46315 44782 42925 40793 38462 35840 33278 30745 28223 25757 23203 20848 18694 16693 14723 13044 11431 10127 8968 7891 6875 5985 5274 4567 3965 3419 2996 2581 2229 1924 1647 1456 1255 1080 921 787 694 612 537 436 376 329 280 234 209 177 150 132 104 79 63 57 51 44 38 34 30 28 27 21 17 15 13 11 9 8 6 6 6 5 4 3 2 2 2 1 1 1 
0 0 0 250 250 250 275 354 467 578 706 649 1012 1529 2125 2778 3668 4991 6576 8412 10479 12808 15421 18371 21500 24698 28006 31235 34317 37339 40247 42615 44420 45874 46593 47015 46954 46174 44783 43084 41195 38993 36746 34151 31385 28695 26200 23849 21611 19269 17125 15235 13638 12180 10767 9443 8250 7274 6400 5606 4874 4248 3654 3193 2768 2378 2068 1807 1571 1355 1186 1065 947 845 723 631 560 499 467 398 353 300 276 241 209 182 149 129 109 92 79 69 57 50 41 40 32 31 25 23 22 20 15 11 10 7 8 8 5 4 4 5 7 7 6 5 4 5 4 3 2 2 2 2 2 1 1 1 
0 0 0 250 250 250 271 338 420 504 620 568 952 1447 2034 2601 3310 4243 5497 6944 8574 10354 12373 14808 17598 20543 23596 26894 30289 33546 36829 39775 42387 44465 46154 47133 47483 47303 46527 45271 43521 41493 39138 36669 33873 31248 28570 26063 23611 21346 19146 17032 15220 13540 12048 10604 9315 8215 7207 6372 5647 4968 4343 3810 3339 2939 2590 2239 1934 1683 1454 1272 1128 941 793 698 608 536 460 398 338 304 274 236 219 185 162 145 121 100 85 70 61 53 43 31 29 27 25 28 23 21 20 19 18 16 12 4 4 3 3 2 2 1 
0 0 0 250 250 250 275 375 508 642 768 729 1075 1607 2242 2882 3603 4686 6038 7593 9233 11167 13563 16281 19349 22390 25568 28812 32322 35629 38501 41107 43221 45003 46101 46785 46734 46257 45277 43896 42318 40312 38126 35727 33179 30539 27888 25268 22706 20326 18231 16217 14454 12831 11422 10118 8875 7840 6922 6086 5308 4600 4015 3532 3120 2698 2313 2005 1790 1569 1351 1171 1018 887 775 686 587 521 485 419 356 311 278 250 226 210 172 150 137 127 108 97 88 72 69 68 62 52 50 50 44 38 33 30 27 26 24 16 14 16 13 9 7 8 6 5 5 3 4 5 4 4 4 5 4 4 3 2 2 1 1 
0 0 0 250 250 250 264 332 432 524 596 575 1063 1771 2540 3393 4475 5790 7470 9418 11562 13883 16446 19260 22260 25567 28850 32060 35112 37994 40638 42957 44716 45824 46566 46745 46249 45304 43899 42139 40182 37940 35444 32944 30492 27980 25576 23221 20953 18839 16859 14965 13294 11704 10322 9047 7916 6968 6122 5337 4617 4049 3493 3030 2663 2314 2017 1767 1518 1322 1158 1034 874 773 656 561 503 426 370 310 271 216 196 171 143 135 118 110 97 87 74 61 54 43 38 30 28 27 20 19 19 16 15 16 13 12 12 10 7 7 7 5 4 3 2 1 1 
0 0 0 250 250 250 270 340 442 537 625 579 889 1286 1749 2265 3066 4227 5799 7470 9283 11292 13905 16940 19963 22922 25980 29118 32591 35956 38879 41274 43369 45144 46420 47164 47133 46622 45496 44281 42683 40625 38226 35733 33102 30511 28011 25250 22693 20436 18376 16395 14597 12889 11359 10124 8951 7828 6815 6008 5243 4645 4058 3529 3056 2706 2353 2040 1808 1572 1398 1198 1048 908 806 708 615 522 456 411 361 316 268 220 181 154 124 100 84 73 57 44 37 32 28 22 18 14 13 9 12 10 10 10 11 9 8 8 7 7 5 4 3 3 3 3 1 1 2 2 2 2 1 1 1 1 
0 0 0 250 250 250 283 354 421 520 662 671 1030 1480 1923 2489 3350 4360 5708 7273 9046 11063 13482 16219 19214 22525 25690 28980 32276 35726 38695 41317 43535 45164 46544 47260 47323 46804 45830 44454 42660 40604 38189 35652 33039 30242 27784 25241 22726 20389 18205 16189 14431 12835 11274 10027 8827 7719 6782 5954 5210 4516 3953 3367 2950 2579 2233 1960 1713 1499 1293 1133 994 871 778 641 541 471 401 348 300 267 224 196 173 162 137 111 90 76 65 60 61 51 46 45 42 38 33 28 23 20 20 17 13 12 14 13 11 9 7 6 6 4 1 1 1 
0 0 0 249 249 249 269 339 427 503 604 612 1001 1430 1831 2355 3068 4024 5200 6557 8011 9722 11771 14164 16854 19727 22810 25979 29397 32788 36129 39024 41643 43909 45653 46829 47309 47275 46630 45586 44056 42037 39656 37281 34649 31955 29369 26798 24283 21985 19817 17664 15866 14147 12608 11211 9882 8689 7716 6810 5938 5208 4535 3971 3542 3115 2715 2363 2073 1867 1630 1427 1213 1054 943 828 724 623 535 462 403 354 303 268 245 214 190 168 142 125 110 95 78 67 54 48 45 39 35 29 26 23 18 19 15 12 12 11 10 10 9 6 5 5 5 4 3 1 1 1 1 1 
0 0 0 250 250 250 274 346 441 547 659 587 987 1522 2148 2826 3751 4894 6401 8182 10084 12221 14723 17453 20481 23622 26851 29994 33185 36414 39183 41685 43688 45323 46411 47107 47104 46402 45477 44013 42246 40159 37694 35077 32486 29869 27164 24688 22277 19908 17855 15905 14113 12462 11021 9719 8514 7496 6559 5731 5017 4400 3807 3331 2883 2514 2184 1932 1678 1489 1330 1155 1003 871 781 684 594 505 442 385 345 317 273 233 200 181 151 130 111 101 92 84 73 62 59 53 45 36 30 25 20 16 15 10 9 6 4 4 5 3 2 2 2 2 2 1 
