0 0 0 0 248 248 248 248 272 350 471 549 373 433 597 919 1333 1678 2010 2460 3130 4093 5215 6488 7850 9473 11591 13849 16312 18780 21281 23915 26846 29963 32879 35574 38112 40298 42520 44355 45784 46467 46702 46625 46085 45509 44268 42585 40642 38598 36512 34298 32043 29594 27275 25125 22866 20822 18755 16889 15231 13672 12202 10808 9640 8568 7589 6788 6010 5357 4715 4233 3736 3313 2946 2636 2299 2026 1830 1604 1427 1254 1103 978 874 776 680 594 515 460 417 364 318 265 235 209 193 171 151 121 100 94 88 79 64 53 50 49 47 38 32 26 20 20 16 12 10 9 6 4 5 3 1 1 1 1 1 1 
0 0 0 0 250 250 250 250 287 428 591 764 631 765 1012 1439 1967 2496 3117 3927 5029 6414 7836 9340 11063 13093 15334 17801 20544 23248 26141 28964 31861 34725 37556 40034 41998 43548 45073 46254 46906 46953 46430 45579 44362 43128 41284 39268 37086 34782 32412 30071 27812 25589 23451 21304 19293 17398 15752 14141 12724 11260 9975 8890 7851 7005 6166 5498 4873 4367 3853 3411 3068 2745 2437 2171 1910 1690 1481 1339 1182 1018 926 803 701 613 558 492 419 368 319 273 239 213 187 168 150 133 117 101 100 90 79 62 51 42 36 31 22 23 21 21 18 17 11 10 10 9 6 5 6 5 4 5 4 2 2 2 1 1 1 
0 0 0 0 250 250 250 250 281 355 463 554 362 465 653 985 1382 1771 2127 2522 3208 4100 5127 6127 7259 8593 10207 12355 14707 16967 19315 21848 24658 27695 30779 33684 36018 38387 40562 42654 44419 45567 46277 46406 46419 45956 45239 43882 42168 40190 38088 35775 33477 31238 28789 26536 24169 21995 19933 18076 16322 14547 12987 11573 10344 9283 8223 7293 6431 5729 5098 4515 4017 3522 3094 2765 2413 2116 1890 1659 1451 1284 1141 996 897 811 707 635 566 501 466 403 352 309 278 251 222 196 169 155 137 127 119 106 95 86 80 67 61 55 44 44 34 28 23 20 18 15 14 8 10 10 6 5 5 5 7 6 5 5 5 5 4 4 2 2 1 
0 0 0 0 249 249 249 249 285 368 498 603 433 534 747 1112 1612 2154 2639 3222 4050 5127 6471 7962 9427 11060 12924 15210 17823 20639 23332 26114 28938 31924 34921 37726 40086 42107 43954 45371 46373 47023 47188 46740 46009 44930 43393 41636 39679 37376 34986 32751 30373 27927 25637 23352 21312 19323 17543 15738 14152 12737 11337 10111 9050 8090 7178 6384 5621 4936 4398 3938 3437 3034 2689 2373 2108 1872 1659 1444 1282 1130 987 872 775 679 607 537 471 409 362 326 285 242 212 182 153 136 125 107 92 88 79 72 64 61 49 40 37 28 24 19 17 13 14 13 13 12 8 9 10 9 7 5 4 4 4 3 1 2 3 3 3 2 2 2 3 2 1 1 1 1 
0 0 0 0 249 249 249 249 271 339 441 542 352 450 651 1000 1403 1883 2382 3020 3885 4916 6096 7418 8948 10696 12783 15048 17517 20108 22797 25530 28446 31428 34210 36772 39137 41249 43149 44809 45912 46547 46783 46679 46099 45139 43816 42070 40129 37926 35718 33402 31100 28781 26421 24189 22008 19945 17970 16131 14437 12953 11550 10271 9131 8130 7170 6397 5661 4978 4429 3946 3524 3120 2775 2403 2116 1877 1677 1458 1245 1100 979 886 773 669 570 511 463 395 318 262 244 220 199 166 144 121 106 99 73 56 49 38 32 29 27 22 21 20 14 13 13 11 8 8 9 8 6 5 6 5 5 4 2 2 3 4 2 2 2 2 2 2 1 
0 0 0 0 250 250 250 250 270 338 450 524 327 414 598 947 1342 1683 1950 2377 3039 3903 4900 5892 7049 8465 10288 12303 14554 16787 19273 21938 24682 27602 30596 33350 36044 38729 41082 43291 44995 46171 46823 47214 47218 46681 45631 43992 42367 40454 38421 36161 33636 31143 28741 26455 24117 21989 19831 17968 16134 14489 12953 11577 10331 9150 8125 7150 6343 5584 4980 4424 3943 3547 3176 2812 2503 2219 1938 1710 1498 1294 1124 1001 882 802 722 650 570 508 442 397 357 316 264 233 206 183 173 157 132 109 99 78 76 66 54 43 41 37 36 33 25 24 21 19 19 16 14 12 11 8 9 7 4 4 2 1 1 1 
0 0 0 0 250 250 250 250 279 345 410 493 305 371 528 818 1179 1537 1874 2230 2831 3779 4914 6104 7249 8563 10278 12464 14948 17271 19721 22285 25042 27905 30820 33516 36027 38560 40634 42575 44209 45474 46136 46385 46131 45341 44349 43089 41626 39897 37923 35808 33547 31307 29029 26636 24300 22019 20155 18173 16375 14777 13300 11954 10659 9596 8390 7513 6718 5931 5229 4615 4110 3580 3181 2791 2452 2157 1935 1693 1491 1326 1158 1030 901 797 698 615 529 469 419 372 314 274 249 221 203 176 158 139 120 108 92 77 61 56 45 36 31 29 25 23 19 15 11 10 11 10 9 8 7 6 6 4 3 2 3 2 3 2 2 2 3 3 4 4 3 3 3 3 2 3 
0 0 0 0 250 250 250 250 275 362 471 556 378 452 658 1046 1548 1989 2357 2817 3620 4784 6132 7465 8748 10355 12411 14988 17506 19937 22434 25136 28132 31207 34163 36744 39162 41305 43191 44646 45951 46718 46781 46483 45821 44899 43617 42098 40003 37702 35473 33100 30848 28553 26165 23940 21754 19699 17882 16214 14507 12950 11584 10251 9162 8185 7226 6424 5689 5025 4461 4005 3559 3139 2822 2454 2164 1939 1714 1471 1285 1161 1018 909 824 724 655 601 532 457 396 338 274 247 216 180 152 141 128 111 104 92 83 75 68 60 53 49 47 37 36 34 35 35 31 26 20 21 19 17 13 8 6 6 5 4 5 5 3 2 2 1 1 1 
0 0 0 0 249 249 249 249 278 346 438 520 335 405 601 944 1372 1871 2319 2939 3813 4933 6250 7604 8997 10587 12579 14911 17448 19975 22516 25252 28170 31134 33929 36549 38944 41177 43057 44495 45588 46215 46543 46262 45647 44667 43324 41713 40055 38071 35800 33466 31006 28549 26348 24256 22000 19893 17987 16239 14660 13206 11808 10448 9229 8211 7373 6595 5837 5139 4491 3987 3558 3159 2749 2427 2127 1939 1744 1541 1335 1193 1050 930 832 709 617 552 493 418 360 314 272 240 199 180 156 143 125 105 98 87 76 68 68 62 60 60 53 53 52 48 44 44 42 40 36 29 25 22 22 18 11 9 10 12 12 11 5 5 6 7 7 5 5 4 5 6 6 4 3 3 
0 0 0 0 250 250 250 250 279 383 518 618 439 497 644 972 1412 1838 2227 2720 3481 4609 6025 7497 9004 10519 12354 14708 17232 19966 22545 25125 27701 30725 33820 36609 39027 41088 42786 44349 45793 46516 46810 46513 45908 44853 43564 42079 40009 37889 35686 33410 31133 28785 26454 24107 22027 20098 18083 16327 14662 13131 11821 10598 9551 8482 7562 6691 5961 5289 4762 4209 3693 3270 2888 2531 2199 1997 1763 1544 1371 1213 1048 952 839 720 615 534 457 407 372 313 284 246 221 197 171 144 126 108 91 80 74 72 72 61 53 51 47 46 35 27 24 20 22 20 21 20 18 18 17 17 14 12 9 6 7 6 6 5 4 4 4 4 4 4 2 2 2 2 3 3 
0 0 0 0 250 250 250 250 273 341 444 538 365 473 722 1120 1637 2195 2674 3330 4335 5618 7133 8787 10466 12245 14432 16935 19586 22285 24898 27494 30249 33247 36012 38644 40734 42555 44305 45616 46541 46824 46755 46103 45274 44172 42427 40521 38400 36169 33961 31534 29176 26695 24491 22412 20311 18356 16559 14971 13464 12094 10737 9519 8532 7675 6696 5956 5223 4631 4135 3650 3209 2798 2502 2183 1926 1694 1479 1302 1142 984 856 767 677 593 529 461 409 363 324 274 242 204 167 155 126 110 102 89 78 71 66 62 60 53 45 42 40 36 34 24 18 13 12 9 5 5 3 4 4 4 3 2 2 1 1 
0 0 0 0 250 250 250 250 277 359 459 536 357 528 862 1422 2029 2596 3226 4119 5308 6733 8258 9884 11597 13687 16084 18590 21251 23855 26617 29319 32155 34875 37369 39751 41719 43466 44665 45674 46079 46136 45921 45172 44022 42676 40971 38900 36899 34574 32155 29840 27548 25141 23047 21025 19010 17266 15679 14034 12609 11321 10138 9049 8076 7234 6360 5636 4992 4422 3894 3450 3076 2661 2299 2067 1839 1624 1434 1250 1120 1012 936 792 696 616 539 482 425 373 319 294 262 244 217 206 181 161 137 128 112 100 90 75 64 57 50 43 39 31 27 25 27 29 27 21 19 16 15 13 11 7 6 5 5 7 7 8 6 5 6 6 7 5 5 4 4 4 3 2 2 2 
0 0 0 0 249 249 249 249 277 349 466 550 370 444 538 774 1128 1576 2039 2541 3171 4077 5319 6670 8054 9473 11029 13026 15361 17913 20628 23281 26005 28937 31915 34917 37662 39987 41776 43635 44944 46132 46905 47074 46597 45862 44895 43255 41783 39555 37280 34860 32585 30319 27949 25754 23471 21428 19424 17508 15736 13943 12443 11117 9893 8778 7786 6895 6127 5482 4850 4245 3715 3282 2893 2576 2287 2021 1795 1580 1400 1240 1126 997 870 771 666 599 533 480 404 352 302 275 260 222 197 192 163 147 137 123 105 99 80 68 65 56 46 40 34 30 33 25 22 20 21 15 14 13 13 12 10 8 6 9 10 11 10 9 9 9 10 9 12 10 8 9 9 9 8 7 
0 0 0 0 250 250 250 250 273 348 446 532 345 443 623 909 1296 1602 1959 2454 3162 4117 5276 6427 7503 8851 10622 12770 15060 17527 19814 22348 25408 28566 31648 34385 36860 38996 41128 43088 44633 45730 46201 46285 46070 45580 44763 43360 41514 39606 37360 35127 32982 30605 28152 25920 23775 21524 19615 17817 15954 14387 12920 11612 10309 9232 8245 7331 6553 5775 5156 4537 4073 3598 3244 2860 2504 2203 1944 1692 1478 1317 1135 972 856 776 677 609 523 445 372 340 302 260 235 202 181 158 137 121 101 83 69 59 53 44 40 32 28 30 28 23 17 17 15 18 19 15 13 12 12 11 10 8 7 6 6 7 8 8 8 5 5 7 6 5 4 3 3 3 2 
0 0 0 0 250 250 250 250 270 344 454 529 354 483 699 1069 1572 2043 2509 3153 4085 5344 6790 8276 9755 11459 13585 16033 18612 21317 23916 26713 29720 32825 35659 38382 40678 42529 44274 45557 46563 47078 47173 46712 45809 44738 43233 41594 39523 37249 34991 32569 30242 27734 25465 23208 21120 19143 17200 15499 13930 12594 11246 10010 8886 7882 7006 6207 5553 4926 4390 3872 3408 3023 2653 2321 2023 1747 1519 1333 1169 1019 895 784 702 635 551 487 418 369 327 281 258 212 184 160 135 110 96 84 61 53 50 39 31 27 24 20 18 14 9 9 7 7 6 6 5 4 4 3 3 2 2 
0 0 0 0 250 250 250 250 281 343 456 551 400 570 845 1301 1835 2394 2909 3560 4427 5609 7051 8488 9910 11604 13693 16172 18876 21454 24043 26609 29549 32305 35009 37622 39980 42111 43670 45039 45871 46609 46899 46421 45477 44129 42748 41077 39270 37093 34613 32221 29854 27602 25231 23147 21033 19060 17235 15615 14061 12526 11359 10108 9008 7986 7122 6250 5528 4999 4405 3880 3406 2992 2662 2386 2098 1817 1625 1451 1305 1165 1018 878 777 700 587 510 427 374 337 303 268 246 214 178 157 137 117 100 92 83 73 67 58 50 43 36 30 25 22 18 14 12 13 11 9 6 4 4 3 3 1 1 
0 0 0 0 250 250 250 250 281 358 477 585 397 476 616 891 1225 1566 1854 2178 2833 3801 5060 6368 7607 9047 10755 13024 15531 18020 20473 22864 25643 28596 31818 34545 37080 39461 41411 43447 45022 46096 46521 46715 46475 45641 44558 43092 41474 39705 37788 35542 33149 30777 28426 26243 23977 21746 19563 17649 15778 14239 12921 11540 10287 9123 8117 7210 6470 5749 5092 4473 3958 3505 3061 2725 2415 2128 1886 1657 1458 1296 1165 1027 882 771 661 570 498 420 369 312 273 240 216 187 166 144 120 104 89 78 72 64 56 53 53 47 43 38 28 24 18 20 18 18 16 12 12 13 15 10 6 4 4 4 3 4 2 2 2 2 2 2 2 
0 0 0 0 250 250 250 250 274 345 461 550 373 482 699 1074 1486 1869 2314 2868 3612 4495 5482 6647 8092 9812 11653 13803 16131 18680 21354 24125 27051 29930 32677 35275 38000 40487 42769 44438 45632 46557 47140 47291 46796 45867 44424 42965 41197 39124 36919 34546 32110 29633 27276 24992 22653 20502 18447 16632 14965 13475 12124 10799 9711 8652 7827 7024 6205 5508 4907 4360 3851 3427 3007 2677 2413 2146 1891 1652 1455 1276 1135 997 870 762 669 582 525 476 419 355 319 284 247 226 199 167 146 148 134 118 108 98 89 86 84 67 60 57 50 45 38 30 25 23 19 14 8 5 6 6 5 3 4 3 3 3 2 2 2 2 
0 0 0 0 250 250 250 250 276 349 449 554 375 486 715 1173 1705 2244 2749 3378 4335 5633 7167 8658 10260 11995 14099 16565 19155 21811 24394 27126 30007 32975 35889 38489 40684 42643 44351 45589 46259 46657 46348 45821 44907 43658 42021 40279 38441 36250 34096 31724 29470 27105 24788 22619 20467 18487 16747 15090 13571 12142 10895 9679 8638 7694 6784 6017 5372 4773 4251 3746 3304 2950 2638 2329 1988 1739 1526 1363 1211 1054 927 815 732 653 576 482 425 368 332 298 257 218 188 171 157 140 117 99 94 86 79 71 58 47 38 36 27 22 18 16 19 19 17 15 13 12 14 11 7 6 5 5 5 5 3 3 2 1 1 1 1 
0 0 0 0 250 250 250 250 269 324 402 474 288 375 610 990 1518 1990 2523 3207 4261 5564 6988 8318 9685 11382 13504 15883 18274 20749 23299 25999 28997 31918 34811 37567 39985 42159 43893 45597 46666 47401 47463 46988 46050 44868 43416 41486 39479 37308 35059 32656 30361 27964 25651 23467 21338 19213 17125 15370 13847 12405 11173 9940 8772 7805 6996 6205 5470 4835 4248 3786 3379 2986 2661 2378 2081 1828 1564 1386 1221 1093 945 828 748 663 613 522 458 409 362 319 279 252 220 204 183 144 137 122 108 93 88 73 58 52 40 34 31 29 22 18 13 13 17 18 17 18 17 16 16 14 8 5 5 3 3 3 3 3 2 1 
0 0 0 0 250 250 250 250 271 349 450 550 384 462 683 1159 1840 2479 3058 3757 4813 6229 7861 9434 10944 12640 14886 17482 20263 23049 25668 28352 31238 34350 37246 39656 41738 43423 44899 46083 46747 46816 46477 45786 44727 43265 41509 39545 37308 35094 32652 30332 27895 25630 23523 21445 19610 17729 15979 14314 12821 11532 10293 9120 8068 7112 6359 5684 5078 4490 3924 3494 3083 2759 2427 2153 1873 1644 1463 1296 1146 1008 871 740 664 570 516 444 396 339 298 276 243 217 188 172 156 136 114 93 86 84 74 62 54 53 51 47 39 36 32 28 24 21 18 21 20 13 11 10 11 13 13 9 6 7 7 7 6 4 3 2 2 1 1 1 
0 0 0 0 249 249 249 249 274 363 469 561 405 606 909 1378 1846 2262 2764 3507 4566 5937 7311 8701 10209 12062 14266 16773 19459 22035 24596 27550 30507 33449 36291 38785 40911 42909 44711 45982 46940 47334 47280 46598 45647 44255 42662 40701 38584 36225 33731 31390 28960 26605 24320 22118 19989 18183 16449 14906 13392 11986 10676 9522 8519 7582 6748 5934 5300 4664 4139 3660 3253 2883 2566 2303 2013 1800 1603 1424 1253 1108 954 839 757 665 580 501 443 390 337 276 233 201 168 153 128 114 111 98 88 70 66 54 53 49 42 43 37 37 30 27 27 26 24 20 16 14 14 17 13 10 9 8 8 10 11 8 8 6 6 6 6 4 2 2 1 1 
0 0 0 0 249 249 249 249 276 364 478 569 403 560 898 1499 2152 2693 3236 4043 5197 6566 8055 9400 11026 13091 15476 18076 20804 23535 26285 29145 31869 34637 37388 39932 41916 43735 45066 46227 47057 47224 46749 45783 44641 43058 41415 39445 37264 35003 32612 30212 27855 25683 23507 21302 19239 17294 15595 14073 12675 11261 10006 8916 7943 7097 6343 5618 4966 4405 3865 3442 3020 2659 2367 2112 1850 1633 1464 1280 1142 999 888 775 697 613 518 458 400 355 306 267 220 186 166 142 128 106 92 80 72 69 68 59 52 51 46 40 37 31 24 25 21 17 15 11 10 10 8 6 6 5 4 4 3 1 2 1 1 1 1 1 1 1 
0 0 0 0 250 250 250 250 273 344 421 504 323 384 501 733 965 1157 1387 1698 2229 3009 3926 4870 5943 7184 8729 10645 12708 14744 16902 19251 21882 24903 27815 30673 33221 35864 38317 40668 42561 44169 45337 45962 46483 46303 45800 44901 43722 42038 40166 38056 35714 33512 31240 28899 26482 24166 22039 20059 18233 16437 14786 13184 11896 10564 9345 8284 7286 6447 5703 5094 4475 3985 3524 3136 2780 2474 2175 1888 1676 1463 1323 1165 1048 920 804 729 656 601 527 459 402 362 334 300 254 230 205 195 172 153 129 108 97 83 77 64 53 45 42 38 34 33 27 23 22 20 15 14 14 12 11 11 10 10 10 7 4 2 1 
0 0 0 0 249 249 249 249 273 341 431 505 328 435 627 1000 1450 1857 2291 2885 3760 4892 6230 7613 9034 10758 12899 15386 18064 20748 23366 26046 29058 32088 35032 37766 40039 42009 43776 45377 46300 46881 46989 46419 45566 44496 43125 41361 39450 37223 34782 32461 30174 27874 25573 23348 21309 19287 17530 15787 14203 12728 11393 10169 8966 8018 7025 6240 5524 4878 4326 3788 3400 3004 2699 2413 2111 1869 1638 1475 1278 1160 1012 879 808 697 626 552 495 429 390 367 312 286 244 213 197 174 153 135 115 101 93 80 71 66 55 48 45 40 38 37 30 26 26 23 18 15 13 10 7 6 4 5 3 3 3 2 2 2 2 1 1 1 1 1 1 1 1 1 1 
0 0 0 0 250 250 250 250 270 354 460 543 359 445 644 948 1319 1646 2037 2618 3430 4561 5765 7068 8383 9890 11929 14084 16397 18784 21381 23903 26906 30002 32826 35560 38082 40377 42385 44093 45506 46387 46793 46762 46373 45495 44085 42717 40736 38611 36464 34067 31716 29491 27343 25022 22854 20801 18720 17034 15276 13595 12130 10844 9649 8641 7692 6776 6029 5331 4728 4182 3725 3251 2860 2520 2220 1943 1716 1512 1290 1172 1045 938 827 740 624 541 484 396 352 288 250 224 199 182 149 132 116 113 104 81 68 62 59 52 47 41 33 34 36 32 26 23 19 17 15 12 11 10 10 8 6 5 6 4 3 2 2 2 2 2 1 1 
0 0 0 0 250 250 250 250 274 344 450 551 354 444 651 990 1479 1947 2394 2906 3691 4824 6106 7613 9147 10726 12702 15039 17676 20453 23104 25673 28408 31422 34284 37009 39468 41460 43371 44834 46177 46825 47164 46874 46057 44994 43541 42002 39800 37674 35262 32831 30511 28091 25788 23482 21379 19343 17541 15826 14196 12675 11315 10118 9013 8036 7095 6353 5619 5040 4437 3910 3495 3054 2695 2387 2131 1867 1661 1469 1278 1176 1033 917 807 730 661 587 521 454 417 373 335 287 258 227 193 177 152 130 106 93 68 59 59 54 46 43 41 36 33 32 27 21 21 18 16 15 18 18 15 12 10 9 8 8 5 3 3 4 3 4 4 3 3 3 2 1 1 
0 0 0 0 250 250 250 250 271 334 412 487 311 384 531 753 1065 1371 1778 2190 2803 3645 4705 5908 7223 8655 10317 12442 14842 17474 19969 22425 25044 27929 30889 33752 36300 38590 40557 42512 44198 45425 46046 46199 46111 45599 44679 43453 41893 40085 38111 35848 33397 30952 28824 26571 24314 22162 20080 18256 16497 14831 13240 11816 10503 9344 8330 7393 6591 5828 5206 4630 4155 3649 3229 2856 2511 2237 1966 1739 1509 1321 1168 1030 916 791 716 645 562 496 449 382 325 289 253 211 187 175 147 134 125 116 101 89 87 68 63 53 47 43 35 32 26 23 19 18 16 16 15 14 12 13 12 12 11 8 6 5 4 3 4 2 1 1 1 1 1 1 
0 0 0 0 250 250 250 250 276 351 444 520 367 501 726 1110 1704 2396 3122 3947 4919 6186 7691 9414 11223 13053 15086 17436 20042 22916 25874 28773 31537 34195 37063 39629 42125 43892 45190 46079 46707 47140 47018 46435 45118 43544 41903 40129 37940 35638 33013 30598 28238 26121 23762 21380 19357 17395 15677 14048 12600 11166 9949 8893 7896 7034 6242 5523 4875 4299 3809 3389 3037 2680 2386 2083 1859 1651 1502 1344 1173 1048 952 838 718 628 543 463 400 356 307 276 235 205 177 164 151 120 106 86 76 69 54 46 37 34 26 25 23 18 17 13 9 8 6 4 4 3 2 2 2 1 3 3 2 2 2 2 3 3 1 1 1 1 1 1 
0 0 0 0 249 249 249 249 275 352 454 556 368 460 713 1114 1552 1957 2370 2870 3645 4759 5970 7307 8653 10380 12366 14683 17211 19853 22499 25068 27798 30675 33536 36340 38785 40854 42821 44434 45786 46477 46719 46388 45885 44895 43472 41757 39856 37689 35461 33149 30665 28356 25984 23880 21770 19849 17972 16246 14630 13120 11817 10550 9417 8393 7486 6634 5902 5232 4632 4121 3664 3228 2880 2590 2323 2050 1810 1637 1459 1341 1183 1063 937 828 730 618 550 476 421 363 303 270 242 226 201 177 162 139 123 105 96 81 62 54 40 33 32 29 26 20 19 15 13 9 6 4 3 2 2 1 1 1 1 1 1 1 1 1 1 1 
0 0 0 0 250 250 250 250 279 332 416 509 333 419 578 862 1191 1563 1897 2397 3166 4177 5271 6387 7615 9200 11105 13324 15641 17844 20283 22980 25951 28837 31742 34292 36819 39265 41441 43199 44637 45697 46296 46617 46374 45734 44737 43453 41710 39667 37482 35173 32856 30600 28252 25937 23704 21686 19648 17767 16005 14334 12853 11535 10308 9186 8186 7215 6361 5601 4932 4343 3831 3306 2926 2603 2290 2041 1789 1559 1384 1226 1093 965 842 726 648 563 491 434 366 325 269 230 208 190 171 152 141 116 108 98 82 70 60 53 42 40 35 34 34 32 35 30 30 28 22 20 17 17 12 11 12 11 12 10 8 6 5 5 3 3 2 2 3 3 2 1 1 1 1 1 
0 0 0 0 250 250 250 250 270 342 445 521 321 374 502 816 1258 1635 1964 2317 2883 3759 4833 5955 7020 8277 9849 11925 14393 16980 19642 22186 24940 27882 31159 34267 36947 39110 41124 43099 44805 46295 46955 47067 46728 46294 45377 44006 42303 40240 38025 35710 33415 30870 28521 26435 24278 22095 20053 18160 16413 14899 13338 11838 10628 9463 8485 7558 6720 5961 5326 4708 4118 3651 3189 2834 2496 2248 1968 1714 1500 1336 1196 1046 919 818 723 630 554 497 437 382 322 274 249 226 206 174 142 123 115 95 84 75 61 60 49 40 33 24 25 26 24 19 21 20 17 19 13 11 10 9 8 7 7 4 5 6 6 8 6 6 4 4 3 3 3 1 1 1 1 1 
0 0 0 0 250 250 250 250 273 339 428 518 341 406 523 726 1099 1503 1872 2216 2748 3651 4941 6488 7880 9140 10768 12811 15358 18023 20600 22980 25701 28669 31744 34764 37294 39620 41607 43367 44872 46110 46788 46831 46530 45593 44309 42926 41240 39172 36955 34819 32561 30283 28067 25837 23574 21547 19560 17662 15858 14268 12835 11465 10223 9139 8142 7246 6427 5715 5106 4563 4035 3569 3200 2782 2481 2207 1906 1660 1486 1303 1132 1008 878 783 721 656 578 515 450 409 362 324 286 247 223 196 174 155 145 116 98 89 76 64 60 53 44 41 31 27 23 18 11 10 7 5 5 4 2 1 1 1 1 
0 0 0 0 249 249 249 249 272 326 419 499 302 363 465 702 998 1374 1755 2205 2790 3547 4609 5777 7183 8700 10293 12007 14140 16611 19168 21817 24342 26957 29801 32762 35540 37892 39845 41641 43337 44606 45553 46142 46117 45617 44851 43740 42158 40503 38448 36244 33932 31721 29433 27129 24956 22750 20695 18658 16853 15191 13663 12243 10859 9641 8576 7638 6781 5983 5302 4658 4197 3743 3285 2885 2522 2205 1957 1718 1490 1280 1143 1000 878 787 666 565 486 438 375 320 282 236 206 196 173 144 132 123 105 101 94 82 69 65 55 52 47 39 37 31 32 27 25 23 20 18 16 15 12 10 9 8 8 7 6 4 3 3 4 3 4 3 3 3 3 3 2 1 
0 0 0 0 250 250 250 250 272 336 460 553 387 533 827 1243 1693 2069 2468 3228 4402 5852 7273 8746 10365 12212 14565 17149 19590 22016 24590 27348 30271 33234 35922 38191 40511 42376 43928 45160 46030 46531 46319 45855 44932 43732 42363 40609 38566 36226 34036 31733 29283 27054 24799 22632 20558 18690 16907 15188 13639 12175 10807 9568 8494 7549 6754 6018 5339 4729 4255 3830 3393 3009 2628 2325 2069 1839 1572 1379 1195 1065 919 811 704 602 539 477 432 380 339 291 255 218 186 166 148 127 124 110 102 94 86 72 65 59 52 47 39 36 36 33 33 31 28 24 22 19 14 14 12 10 7 5 5 5 5 3 3 3 3 3 2 1 2 2 2 1 2 2 2 2 
0 0 0 0 250 250 250 250 279 364 472 585 410 506 747 1147 1716 2293 2764 3316 4178 5349 6731 8333 9866 11529 13593 15975 18587 21405 24218 26946 29701 32410 35159 37827 40244 42171 43800 45062 46021 46760 46834 46352 45412 44222 42507 40629 38688 36450 34259 31999 29676 27400 25261 23123 20985 19044 17211 15515 13991 12422 11145 9941 8882 7860 6943 6153 5417 4815 4195 3686 3244 2926 2608 2272 1954 1708 1514 1360 1192 1021 870 787 714 636 548 482 416 355 334 292 263 230 216 193 176 169 140 121 112 108 99 88 80 67 63 60 47 37 30 22 17 17 18 14 15 11 9 8 9 7 5 5 3 4 4 4 2 2 1 1 1 
0 0 0 0 250 250 250 250 278 345 449 529 364 509 796 1271 1759 2274 2835 3587 4525 5629 6942 8369 10025 11896 14017 16279 18887 21516 24165 26878 29627 32507 35229 37867 40086 42024 43829 45204 46134 46712 46621 46047 45137 44094 42524 40755 38769 36328 33950 31707 29435 27146 24910 22580 20419 18509 16867 15196 13610 12098 10750 9565 8560 7665 6808 6001 5348 4730 4174 3742 3292 2862 2523 2269 1991 1753 1532 1369 1213 1049 915 798 715 647 565 493 438 405 362 315 269 234 213 191 164 137 122 111 100 94 79 67 59 52 49 44 33 29 28 24 23 19 15 14 14 11 7 7 7 7 5 3 3 3 4 3 1 1 1 1 1 1 
0 0 0 0 250 250 250 250 274 355 444 522 350 446 624 909 1291 1667 2184 2777 3599 4709 6019 7576 9208 10970 12938 15236 17849 20343 22940 25549 28291 31253 34318 37094 39379 41537 43297 44824 46113 46721 46697 46337 45578 44598 43325 41561 39494 37313 35140 32891 30668 28353 26048 23848 21715 19837 17948 16038 14435 12871 11572 10413 9328 8325 7393 6663 5920 5303 4704 4221 3726 3266 2877 2559 2266 2043 1824 1581 1398 1234 1090 978 884 773 679 598 529 462 410 380 324 297 259 230 203 179 160 136 118 110 102 88 84 77 65 58 56 46 39 36 32 35 35 31 24 21 20 18 17 11 7 8 8 9 8 9 10 9 8 7 7 7 6 5 4 3 3 2 2 1 
0 0 0 0 250 250 250 250 271 338 434 501 311 383 588 966 1452 1904 2358 2973 3839 4967 6233 7470 8742 10180 12022 14117 16385 18831 21360 24076 26878 29859 32766 35611 38062 40241 42120 43740 44964 45842 46403 46371 45994 45092 43881 42376 40828 38903 36494 34069 31751 29477 27184 24959 22617 20465 18611 16807 15142 13674 12224 10911 9786 8780 7816 7010 6188 5446 4871 4286 3763 3273 2876 2525 2227 1949 1714 1498 1334 1180 1023 890 777 672 606 536 471 422 376 321 287 256 227 201 177 149 124 115 104 83 68 64 56 47 42 37 30 28 25 22 17 15 14 12 12 12 12 9 10 10 8 8 8 7 5 4 3 2 2 2 2 1 1 1 
0 0 0 0 250 250 250 250 261 365 480 581 387 491 623 879 1226 1560 1855 2289 2969 4011 5381 6845 8230 9639 11449 13619 16212 18764 21286 23536 26218 29156 32180 35082 37632 39841 41688 43663 45350 46681 47393 47362 46856 46083 45059 43673 41647 39316 36989 34669 32332 29795 27339 25011 22834 20849 18774 16902 15080 13572 12181 10860 9713 8633 7725 6852 6098 5456 4840 4319 3855 3411 3005 2680 2383 2119 1861 1595 1405 1227 1077 972 884 761 691 620 548 483 417 366 327 284 247 213 191 180 163 147 120 112 101 89 80 63 66 53 50 45 41 39 36 34 27 27 24 21 17 13 12 11 10 10 7 7 9 10 11 10 8 8 8 7 5 4 2 1 1 
0 0 0 0 250 250 250 250 282 371 491 599 455 578 814 1200 1675 2243 2855 3626 4535 5841 7351 8969 10661 12641 14911 17489 20231 22809 25417 28159 31070 33959 36690 39241 41389 43296 44780 46098 46909 47079 46955 46066 45134 43876 42326 40322 38052 35685 33090 30817 28355 25978 23734 21552 19523 17586 15879 14203 12736 11332 10113 8981 7981 7153 6298 5576 4929 4417 3929 3443 3077 2736 2457 2161 1903 1654 1437 1287 1120 963 846 740 654 595 529 450 391 354 318 297 266 233 194 177 168 147 140 128 117 97 86 77 58 55 47 34 26 25 22 20 21 17 13 13 12 12 13 10 8 7 7 7 6 5 3 3 2 2 1 1 1 1 1 1 2 3 5 6 5 5 
0 0 0 0 250 250 250 250 270 342 441 521 317 388 580 877 1226 1524 1850 2312 3033 4071 5257 6446 7787 9230 11093 13298 15903 18479 21039 23862 26660 29717 32697 35503 37975 40183 42332 44141 45618 46689 47219 47366 46812 45975 44830 43155 41437 39445 37234 34800 32437 30063 27593 25496 23202 20991 18979 17171 15525 13987 12526 11097 9952 8941 7981 7075 6296 5617 4978 4397 3903 3434 3056 2707 2385 2068 1842 1636 1418 1272 1123 992 877 790 695 622 549 475 424 378 347 306 278 239 211 191 164 149 126 116 101 89 83 67 60 54 46 38 31 29 21 24 23 18 17 16 17 14 15 11 10 13 11 11 9 8 8 7 8 5 6 5 5 5 4 4 2 2 1 1 
0 0 0 0 250 250 250 250 270 344 431 514 336 461 616 842 1119 1349 1590 1945 2496 3232 4190 5247 6399 7825 9528 11510 13601 15907 18269 20731 23515 26348 29216 32023 34902 37604 40007 42364 44244 45628 46601 47125 47000 46609 45857 44619 43090 41257 39329 37135 35022 32614 30177 27772 25349 23266 21111 19156 17248 15466 13914 12518 11223 10027 8891 7920 7041 6261 5570 4918 4381 3837 3430 3019 2651 2329 2052 1774 1559 1362 1235 1083 964 845 728 640 571 508 425 386 338 298 274 243 214 198 173 160 137 119 96 86 77 66 58 48 39 31 27 24 18 14 13 7 6 6 5 4 3 3 1 1 1 
0 0 0 0 249 249 249 249 266 336 428 520 324 407 687 1156 1761 2246 2713 3302 4250 5548 6812 8016 9415 11105 13156 15587 18026 20469 23056 25777 28626 31616 34426 36935 39308 41388 43359 44860 45944 46432 46489 46219 45633 44598 43003 41309 39283 37150 35099 32865 30450 28081 25891 23767 21655 19760 17777 16039 14416 12988 11605 10300 9250 8165 7292 6397 5670 4989 4427 3962 3474 3104 2734 2423 2114 1861 1608 1409 1244 1088 958 842 746 662 586 525 450 394 344 308 278 242 218 183 153 136 125 113 90 80 69 65 62 54 47 41 39 33 25 17 15 12 12 10 8 7 8 9 6 6 5 4 4 3 3 2 2 2 1 1 1 1 
0 0 0 0 250 250 250 250 274 344 458 569 400 528 799 1281 1846 2457 3083 3865 4942 6237 7721 9229 11024 13098 15239 17728 20380 23252 26251 29195 32245 35103 38162 40768 42916 44710 45957 47087 47433 47412 46774 45910 44680 43177 41449 39278 37011 34697 32500 30092 27767 25302 22997 20881 19009 17097 15244 13626 12268 11046 9934 8847 7818 7011 6250 5596 4916 4348 3775 3339 2947 2576 2292 1994 1753 1556 1395 1247 1121 1000 855 765 691 602 517 449 378 325 283 236 205 173 150 124 110 102 88 83 71 63 51 42 35 32 27 26 20 15 14 12 13 10 12 9 8 8 9 9 7 7 4 4 5 5 3 3 2 2 2 2 1 1 1 
0 0 0 0 250 250 250 250 271 360 455 532 350 442 665 1081 1525 1927 2280 2799 3611 4653 5731 6726 7962 9527 11666 13954 16350 18593 21155 24018 27005 30005 32739 35449 38000 40533 42637 44363 45638 46342 46760 46666 46044 45035 43646 42039 40222 38321 36108 33844 31494 29248 27069 24799 22568 20466 18407 16506 14850 13342 11984 10708 9563 8471 7608 6796 6074 5390 4727 4191 3699 3270 2894 2566 2280 1959 1725 1520 1368 1246 1098 970 860 777 684 628 541 467 416 388 333 296 263 234 210 186 171 136 119 104 100 85 81 69 58 56 49 43 29 25 15 14 13 11 10 9 9 9 9 7 8 8 7 7 7 6 5 4 1 2 3 3 3 2 2 2 2 2 1 1 
0 0 0 0 250 250 250 250 275 346 431 533 372 506 775 1192 1602 2010 2474 3107 4072 5232 6500 7779 9188 10927 12984 15286 17746 20347 22930 25687 28742 31854 34841 37706 39981 42154 43970 45315 46260 46836 46890 46601 45890 44721 43253 41576 39613 37298 35096 32424 30099 27662 25417 23262 21241 19337 17430 15834 14219 12801 11512 10340 9160 8118 7191 6394 5717 5054 4467 3998 3621 3216 2803 2440 2130 1887 1659 1444 1250 1079 971 837 729 647 560 497 415 385 318 284 261 221 207 170 148 115 103 94 80 71 56 53 53 48 38 32 30 24 22 18 14 16 16 14 10 10 9 6 5 2 1 1 1 
0 0 0 0 249 249 249 249 277 354 466 552 385 490 704 1037 1443 1890 2411 3182 4149 5317 6626 8064 9636 11571 13731 15979 18406 21037 23643 26396 29250 32148 35024 37733 40141 42202 44082 45511 46629 47039 46955 46452 45739 44616 43101 41399 39243 37077 34724 32416 29969 27593 25321 23043 20991 18999 17215 15502 13900 12424 11130 9939 8855 7899 6946 6122 5437 4801 4211 3746 3298 2873 2577 2261 1975 1739 1542 1322 1194 1045 911 824 733 668 572 512 440 394 352 315 273 237 214 195 170 153 137 120 110 98 81 67 55 41 38 31 27 24 22 18 17 15 11 13 9 7 4 5 7 8 9 5 5 5 5 4 2 1 
0 0 0 0 250 250 250 250 279 359 469 567 403 512 724 1128 1620 2167 2639 3151 3850 4844 6079 7403 8815 10225 12124 14441 17174 19847 22502 25108 27714 30676 33595 36484 38954 41004 42955 44478 45849 46548 46881 46540 45886 45041 43635 42032 40289 38365 36115 33790 31264 28866 26587 24416 22124 20063 18073 16255 14597 13102 11642 10400 9281 8222 7309 6535 5832 5156 4583 4049 3590 3190 2825 2452 2179 1922 1737 1539 1333 1156 1014 910 797 691 584 517 457 410 362 304 260 238 214 186 164 140 122 108 95 76 65 55 52 48 44 38 40 35 29 27 21 20 19 19 14 13 11 9 11 10 10 7 7 5 6 6 4 5 3 4 3 4 4 4 4 3 4 3 3 2 
0 0 0 0 250 250 250 250 273 346 441 514 327 407 583 909 1320 1772 2200 2781 3493 4449 5575 6811 8218 9799 11676 13819 16131 18606 21265 23943 26657 29429 32070 34820 37389 39768 41881 43517 45018 46094 46770 46716 46438 45556 44328 42864 40966 38769 36562 34461 32117 29778 27393 25250 23089 21082 19174 17256 15521 13968 12517 11146 10015 9012 8036 7116 6356 5695 5074 4547 4020 3565 3196 2855 2495 2224 2001 1789 1568 1386 1214 1093 980 877 779 682 610 536 483 420 379 332 284 244 215 188 168 151 133 104 91 77 63 57 48 41 35 32 25 21 23 21 19 16 15 13 14 11 6 6 5 3 3 3 4 3 3 2 3 3 3 3 1 2 2 2 1 1 1 2 
0 0 0 0 250 250 250 250 280 355 446 531 348 445 598 885 1242 1687 2158 2810 3613 4754 6187 7769 9487 11133 13174 15418 18000 20614 23312 25914 28604 31661 34635 37257 39738 41892 43557 45130 46383 46948 46912 46741 45873 44794 43470 41692 39561 37428 35089 32666 30345 27857 25327 23033 20960 18947 17104 15357 13837 12373 11162 9982 8840 7803 6994 6202 5400 4822 4266 3790 3338 2949 2612 2307 2028 1794 1602 1398 1230 1099 954 850 752 643 552 466 422 368 330 298 277 255 225 212 184 164 145 133 119 93 83 73 71 63 57 42 33 27 24 23 18 15 11 12 13 14 12 10 8 8 7 4 2 2 2 2 1 1 1 1 1 
0 0 0 0 249 249 249 249 273 343 439 522 347 452 736 1202 1763 2278 2860 3656 4842 6288 7876 9409 11039 13020 15271 17702 20252 22930 25655 28559 31420 34337 36998 39555 41679 43508 45056 45921 46600 46656 46549 45893 44918 43560 41696 39889 37644 35493 33195 30688 28342 25872 23673 21484 19619 17797 15970 14436 12921 11616 10345 9297 8329 7338 6526 5806 5126 4520 4021 3543 3111 2760 2396 2106 1821 1613 1403 1239 1082 932 817 721 627 566 502 453 392 347 308 266 245 204 180 165 152 140 125 110 99 95 87 72 62 50 40 33 28 25 20 18 17 13 12 12 11 10 9 8 6 5 3 4 3 2 3 3 2 2 2 1 1 1 
0 0 0 0 250 250 250 250 259 328 422 520 341 387 515 755 1117 1519 1904 2274 2917 3854 5059 6492 7902 9416 11131 13309 15773 18369 20907 23392 26122 29169 32357 35203 37597 39873 41883 43713 45287 46031 46361 46369 46076 45227 44193 42690 40896 39015 36953 34872 32595 30343 27999 25793 23578 21514 19494 17505 15829 14234 12749 11420 10141 9029 7988 7136 6319 5587 4946 4320 3864 3401 3052 2656 2341 2073 1839 1655 1411 1251 1098 987 860 760 670 570 511 451 386 340 295 262 219 192 170 151 148 131 115 98 91 82 73 61 44 38 35 30 28 27 24 20 18 18 16 12 11 8 4 3 4 2 2 2 2 2 2 2 2 2 1 1 1 1 1 1 
0 0 0 0 250 250 250 250 275 351 449 547 363 479 778 1333 2063 2678 3290 4028 5080 6408 8061 9660 11298 13262 15569 18113 20818 23670 26362 29017 31828 34603 37345 39807 42034 43811 45122 46154 46739 47102 46746 46061 44955 43282 41608 39707 37532 34991 32596 30328 27886 25790 23554 21397 19355 17542 15809 14063 12590 11161 9897 8746 7757 6844 6049 5342 4677 4116 3618 3227 2852 2528 2211 1929 1692 1491 1306 1155 1019 882 782 677 605 533 468 408 370 330 293 261 226 195 168 158 135 125 109 99 85 80 79 66 61 50 44 39 37 37 36 33 28 26 22 22 19 15 11 7 6 4 5 3 2 1 1 1 1 3 2 2 2 2 3 4 4 2 2 2 4 4 
0 0 0 0 250 250 250 250 279 337 412 497 321 421 562 781 1040 1324 1671 2091 2594 3130 3827 4951 6243 7644 9221 10981 13023 15486 18184 20724 23406 26153 28911 31881 34650 37409 39795 41721 43369 44846 46074 46838 47026 46550 45768 44832 43533 41741 39705 37317 35054 32636 30243 27834 25336 23125 21007 18948 17023 15300 13699 12171 10947 9760 8623 7669 6828 6062 5292 4712 4154 3666 3241 2873 2518 2214 2010 1782 1574 1370 1190 1031 907 799 680 602 522 483 427 385 344 301 271 248 219 184 163 151 137 123 108 86 79 73 68 57 49 47 45 40 35 31 27 24 20 16 13 13 12 12 10 8 8 8 5 7 6 6 5 4 3 3 3 1 1 1 1 1 1 1 
0 0 0 0 250 250 250 250 282 349 446 531 336 449 699 1080 1463 1796 2177 2771 3788 4964 6193 7434 8784 10436 12518 14779 16995 19449 21920 24514 27303 30383 33193 35874 38311 40343 42343 44244 45726 46448 46814 46559 45931 45198 43994 42256 40178 38139 35867 33652 31484 29032 26637 24395 22404 20355 18419 16657 14964 13482 12074 10820 9642 8567 7687 6815 6043 5357 4749 4197 3699 3257 2835 2512 2203 1938 1739 1525 1361 1210 1051 942 855 748 657 585 483 431 389 329 285 246 218 182 178 142 128 107 92 89 77 72 55 47 41 38 33 26 23 21 19 18 14 13 9 9 7 5 3 2 1 2 2 1 1 1 1 2 2 1 1 1 1 1 1 
0 0 0 0 250 250 250 250 273 314 412 501 307 369 457 624 898 1245 1543 1912 2403 3233 4261 5443 6551 7765 9260 11104 13378 15712 18141 20564 23251 26024 29149 32149 34852 37497 39873 42092 44040 45579 46596 47226 47473 47056 46190 44978 43484 41750 39639 37277 34906 32489 30104 27686 25277 23148 21000 19097 17135 15330 13747 12351 11047 9804 8740 7709 6836 6072 5400 4786 4262 3738 3312 2913 2571 2284 2023 1816 1620 1449 1259 1096 937 818 725 640 563 478 414 361 319 281 239 202 176 160 145 130 115 98 85 68 60 51 38 36 35 29 25 20 21 21 21 21 17 16 14 15 12 10 8 4 2 2 3 2 2 1 1 2 2 2 1 1 1 1 1 
0 0 0 0 250 250 250 250 276 366 457 538 360 451 667 1024 1379 1712 2072 2612 3490 4595 5699 6859 8225 9881 12020 14277 16541 18880 21322 24124 27103 29986 32690 35319 37807 40164 42581 44168 45434 46236 46516 46621 46177 45367 43965 42434 40615 38654 36596 34219 31913 29564 27173 25048 22818 20748 18783 16995 15299 13708 12336 10963 9819 8792 7843 6956 6185 5496 4812 4282 3788 3352 2997 2628 2323 2004 1795 1580 1376 1201 1040 906 779 681 617 516 457 394 340 303 269 254 210 187 156 134 113 103 95 76 65 60 52 43 38 33 23 21 20 18 16 18 12 7 6 6 5 5 4 3 3 3 3 3 3 2 3 1 1 1 1 1 1 1 
0 0 0 0 250 250 250 250 276 346 422 500 312 370 480 689 977 1288 1604 1949 2418 3205 4238 5381 6632 7993 9742 11776 14181 16736 19170 21727 24501 27489 30338 33233 35863 38103 40384 42565 44250 45545 46262 46563 46410 45977 45126 43776 42137 40248 38368 36297 34126 31842 29545 27209 24987 22841 20707 18721 16908 15206 13578 12181 10895 9704 8718 7744 6904 6140 5463 4832 4312 3812 3381 2998 2603 2331 2103 1880 1636 1440 1271 1122 1013 902 781 682 617 553 478 428 371 327 294 262 235 212 192 173 155 134 117 98 80 69 65 49 42 33 31 31 32 29 21 16 13 14 11 9 6 6 6 6 6 5 4 3 2 
0 0 0 0 250 250 250 250 279 358 477 572 395 507 747 1159 1655 2178 2689 3275 4161 5313 6703 8267 9864 11558 13532 16018 18574 21139 23668 26203 28944 31959 34955 37576 39909 42027 43816 45266 46209 46669 46645 46279 45447 44149 42627 40733 38709 36381 33948 31456 29114 26853 24603 22523 20482 18540 16781 15138 13532 12175 10899 9679 8628 7734 6866 6037 5407 4751 4175 3704 3274 2889 2568 2316 2044 1814 1620 1433 1260 1126 1016 889 784 691 606 542 499 453 391 346 305 269 249 216 188 162 150 131 119 115 98 96 85 78 73 61 58 51 47 40 40 33 28 27 22 18 18 19 15 14 13 12 13 12 8 5 4 3 3 3 3 3 3 2 2 2 2 1 
0 0 0 0 250 250 250 250 272 356 475 549 371 491 816 1261 1786 2177 2605 3325 4384 5772 7171 8682 10355 12442 14813 17436 19928 22351 24911 27532 30374 33195 36062 38388 40626 42553 44266 45716 46493 46884 46447 45966 45174 44016 42402 40531 38432 36118 33972 31635 29251 26847 24619 22408 20355 18412 16583 14891 13298 12009 10691 9462 8459 7537 6699 5943 5262 4587 4090 3665 3221 2839 2495 2178 1901 1722 1504 1321 1168 1029 909 813 741 635 555 478 428 383 337 300 258 227 197 177 153 135 120 100 85 72 64 58 45 41 34 27 25 24 22 18 19 13 10 13 12 11 10 10 9 9 9 7 5 4 4 3 3 2 2 1 1 1 
0 0 0 0 250 250 250 250 270 343 443 517 323 394 522 726 986 1236 1533 1901 2401 3053 3874 4828 5947 7190 8699 10412 12377 14595 16909 19367 21955 24560 27396 30327 33125 35683 38205 40354 42372 44145 45400 45955 46083 45940 45312 44432 43139 41525 39518 37625 35607 33320 31106 28919 26580 24415 22307 20312 18428 16788 15035 13466 12061 10730 9623 8560 7620 6730 6012 5269 4712 4214 3725 3294 2918 2579 2306 2066 1811 1590 1420 1274 1137 999 851 770 677 616 540 474 412 380 357 314 271 242 212 182 160 135 114 101 90 69 66 52 50 46 44 38 34 34 27 26 24 24 20 19 15 12 15 14 11 11 12 10 11 10 7 7 6 5 3 3 3 4 5 4 4 5 
0 0 0 0 250 250 250 250 267 335 411 501 304 384 526 778 1133 1577 2040 2551 3289 4244 5410 6674 8084 9616 11642 13904 16368 18784 21312 24032 26912 29877 32709 35360 37800 40101 42436 44343 45826 46876 46980 46988 46737 46153 44825 43154 41084 38926 37006 34659 32139 29666 27273 24987 22939 20762 18744 16954 15254 13648 12148 10808 9555 8489 7514 6641 5857 5181 4581 4051 3580 3180 2793 2484 2214 1942 1730 1520 1314 1171 1058 933 823 729 645 588 536 459 395 342 304 275 234 199 167 132 118 103 93 80 73 65 59 61 55 45 36 32 28 23 17 14 13 14 13 13 12 13 13 12 10 10 8 7 6 4 3 2 1 
0 0 0 0 250 250 250 250 282 341 441 556 375 500 757 1165 1704 2241 2805 3524 4529 5819 7348 8879 10385 12191 14454 16994 19818 22510 25092 27716 30671 33595 36266 38806 40920 42841 44429 45622 46420 46830 46738 45966 44971 43637 42162 40460 38273 35926 33523 31231 28794 26435 24037 21912 19948 17978 16159 14525 13077 11716 10505 9300 8301 7460 6731 5990 5276 4652 4104 3655 3244 2875 2511 2219 1942 1722 1507 1345 1174 1058 939 816 724 652 579 498 433 361 317 280 250 216 193 173 153 140 119 102 86 69 58 49 38 34 31 26 23 17 17 14 12 9 5 5 6 5 3 3 3 3 3 2 1 1 1 1 2 1 1 1 1 1 1 1 
0 0 0 0 250 250 250 250 281 352 464 551 381 497 744 1090 1487 1889 2256 2797 3645 4750 5941 7274 8666 10286 12390 14724 17350 19992 22538 25189 28053 31022 33866 36595 38955 40962 42883 44619 45807 46683 46870 46699 45861 45064 43719 41965 40244 37959 35651 33134 30905 28428 26151 23958 21692 19790 18060 16395 14750 13256 11932 10676 9533 8495 7507 6667 5912 5227 4643 4079 3605 3123 2719 2411 2141 1849 1594 1431 1264 1115 1005 883 762 705 632 537 473 418 373 328 291 240 209 182 157 141 123 110 99 85 74 64 53 46 36 27 24 23 19 19 21 18 17 17 12 16 15 11 8 7 9 8 8 2 3 3 3 4 3 3 3 3 3 3 3 2 1 1 1 1 
0 0 0 0 250 250 250 250 273 371 461 569 383 448 584 837 1169 1478 1782 2154 2800 3714 4888 6092 7403 8830 10569 12642 14945 17286 19749 22263 24955 27921 30960 33768 36312 38752 40903 42876 44467 45537 46250 46578 46419 45816 44851 43430 41675 39879 37795 35532 33304 30979 28487 26299 24222 22082 20036 18083 16320 14718 13279 11849 10596 9445 8333 7478 6567 5762 5159 4600 4059 3549 3192 2785 2470 2217 1944 1734 1531 1337 1139 1025 924 812 721 638 556 508 453 386 332 299 256 221 202 177 153 136 119 99 89 73 59 54 52 41 36 30 24 25 21 21 14 13 9 10 8 6 6 6 6 5 8 6 6 5 4 4 5 5 2 3 3 3 3 2 2 2 3 2 
0 0 0 0 248 248 248 248 268 355 463 547 392 583 878 1307 1833 2399 3114 4107 5350 6790 8349 9996 11924 14045 16353 18779 21346 23916 26810 29759 32510 35246 37873 40141 42276 44055 45342 46332 46932 46893 46381 45582 44344 42995 41271 39124 36911 34703 32393 30087 27738 25346 23027 20978 18921 17071 15387 13869 12430 11120 9932 8790 7848 6960 6171 5470 4858 4265 3764 3347 2946 2634 2350 2041 1787 1573 1372 1216 1086 952 837 756 659 586 525 462 412 359 326 298 266 238 208 183 166 153 134 114 106 92 87 83 73 63 55 52 47 43 38 28 24 24 20 17 13 10 11 9 8 5 6 3 3 3 1 1 1 1 
0 0 0 0 250 250 250 250 279 352 480 573 396 455 606 914 1353 1850 2245 2708 3383 4406 5747 7212 8654 10057 11776 14062 16762 19602 22279 24977 27688 30582 33753 36423 38914 40884 42743 44332 45821 46745 46944 46870 46198 45277 43849 42018 39912 37966 35793 33446 31012 28598 26301 24155 22100 19990 18086 16345 14789 13334 12015 10819 9721 8661 7746 6918 6085 5410 4794 4290 3708 3298 2876 2566 2298 2049 1819 1571 1415 1244 1116 969 853 736 639 552 476 418 387 347 302 263 236 205 181 155 125 108 102 83 75 62 54 50 48 44 37 39 35 33 29 25 20 17 15 10 9 7 6 5 4 3 3 3 2 2 2 1 
0 0 0 0 250 250 250 250 276 355 447 541 363 520 765 1127 1548 1967 2371 2892 3815 4826 5944 7055 8426 10191 12351 14743 17167 19691 22176 25131 28167 31101 33865 36450 38837 41105 43188 44672 45811 46302 46735 46589 45921 44932 43632 42013 40133 38133 35747 33516 31191 28802 26556 24377 22044 20103 18170 16288 14672 13160 11732 10447 9415 8374 7405 6613 5851 5174 4586 4082 3633 3155 2817 2437 2180 1930 1709 1492 1285 1149 1005 903 783 698 603 536 485 420 352 314 270 230 192 164 128 108 101 82 79 70 56 45 45 39 36 36 26 19 20 19 15 15 12 10 10 8 7 7 7 7 5 6 5 5 4 5 4 3 3 2 2 3 3 1 1 1 1 1 1 
0 0 0 0 250 250 250 250 266 339 441 523 319 378 547 979 1613 2271 2878 3475 4321 5583 7144 8710 10166 11727 13771 16272 19031 21768 24322 26920 29681 32600 35360 37979 40210 42179 43821 45137 46218 46743 46859 46485 45557 44372 42950 41165 38938 36744 34355 31901 29666 27268 24866 22689 20710 18689 16828 15076 13484 12056 10852 9672 8625 7690 6856 6092 5360 4713 4158 3665 3227 2842 2489 2214 1963 1725 1498 1334 1174 1046 933 816 724 658 592 519 462 422 373 341 305 260 234 214 189 168 151 128 124 111 95 82 73 67 60 57 47 43 38 33 28 26 22 20 20 19 17 16 17 16 16 13 13 11 10 9 7 4 4 5 4 4 4 4 4 4 2 2 1 1 
0 0 0 0 250 250 250 250 268 342 450 524 331 420 615 898 1263 1611 1978 2512 3239 4216 5287 6487 7853 9521 11347 13545 16016 18475 21221 23998 26888 29860 32797 35630 38051 40434 42352 44162 45535 46451 47044 46932 46580 45755 44510 42954 41227 39042 36794 34420 32087 29685 27516 25275 22879 20827 18796 17124 15397 13838 12286 10939 9781 8728 7767 6803 6022 5320 4739 4171 3724 3286 2899 2592 2274 2017 1774 1518 1338 1183 1079 928 841 737 649 586 519 456 387 350 288 237 201 171 150 126 101 88 77 75 62 54 39 35 33 26 23 20 18 17 17 15 12 11 10 7 6 6 5 4 4 5 4 4 4 4 5 4 3 1 1 1 1 1 
0 0 0 0 250 250 250 250 273 361 473 554 396 565 878 1358 1931 2461 2999 3803 4852 6123 7596 9005 10506 12371 14615 17074 19564 22155 24620 27488 30574 33448 36240 38633 40921 42876 44620 45686 46428 46706 46498 46142 45265 43897 42339 40545 38475 36231 34015 31537 29081 26782 24491 22383 20181 18325 16457 14794 13262 11876 10556 9346 8355 7403 6531 5721 5071 4498 3994 3563 3141 2791 2469 2204 1965 1741 1549 1377 1243 1093 955 856 749 667 578 514 441 389 360 330 294 257 235 207 188 169 151 129 119 108 98 90 82 71 58 48 43 44 36 29 26 30 32 30 24 20 19 18 17 12 8 6 6 3 3 4 3 3 3 3 2 3 3 2 1 1 1 1 2 1 
0 0 0 0 250 250 250 250 280 348 454 556 407 563 896 1323 1794 2256 2842 3653 4745 6003 7215 8539 10117 12028 14182 16461 18918 21431 24105 27043 29957 32764 35617 38301 40486 42473 44191 45570 46441 46874 46784 46254 45328 44051 42436 40493 38440 36322 33936 31519 29278 26980 24836 22621 20514 18465 16652 14943 13396 11959 10625 9453 8442 7528 6699 5949 5284 4793 4255 3804 3363 3026 2658 2360 2072 1819 1639 1459 1298 1124 1008 908 811 701 616 540 483 427 359 315 262 227 209 198 177 157 135 119 107 99 83 68 60 52 49 40 35 32 28 25 23 20 16 15 14 15 13 11 9 8 8 7 7 5 4 5 4 3 3 2 3 2 2 1 1 1 1 1 
0 0 0 0 250 250 250 250 273 359 462 564 393 479 642 896 1278 1681 2076 2582 3348 4397 5571 6842 8092 9674 11578 13839 16170 18544 21088 23745 26648 29459 32428 35088 37717 40114 42090 44090 45400 46464 46926 46910 46438 45503 44450 42702 41149 39156 36848 34565 32085 29834 27423 25222 22865 20677 18709 16857 15275 13681 12299 10888 9680 8659 7719 6861 6052 5327 4702 4207 3750 3267 2892 2567 2284 2045 1802 1601 1412 1240 1089 984 880 773 677 596 536 483 424 361 304 276 253 230 204 182 159 143 135 121 101 85 72 62 58 49 46 35 31 28 24 24 22 21 14 13 14 14 16 14 11 10 13 13 12 11 8 6 6 7 4 3 4 2 2 2 2 1 1 1 
0 0 0 0 250 250 250 250 281 366 478 574 399 484 692 1056 1472 1882 2281 2800 3655 4942 6317 7637 8944 10446 12298 14697 17492 20064 22653 25178 28188 31260 34385 37101 39094 40990 42782 44705 45820 46453 46633 46303 45661 44663 43342 41508 39590 37677 35371 33088 30794 28498 26162 24002 21890 19813 17920 16157 14552 13091 11766 10495 9359 8315 7453 6597 5877 5223 4575 4040 3583 3159 2783 2499 2216 1945 1750 1518 1377 1237 1089 936 811 713 639 586 505 430 380 344 322 278 229 201 187 167 146 131 109 94 84 71 56 52 44 36 34 33 29 26 21 17 13 12 9 7 5 2 4 3 3 2 2 2 2 2 
0 0 0 0 250 250 250 250 276 334 420 499 348 477 706 1062 1462 1869 2322 2900 3705 4745 5996 7350 8831 10484 12281 14467 16811 19412 21971 24658 27316 30193 33279 36125 38622 40760 42539 44080 45439 46251 46436 46261 45613 44606 43516 41910 39995 37871 35691 33378 31143 28793 26352 24102 22012 20055 18149 16378 14711 13183 11853 10633 9480 8482 7564 6682 5976 5384 4810 4287 3819 3347 2978 2620 2311 2044 1816 1617 1428 1276 1116 1006 887 780 687 596 526 459 405 352 321 283 234 202 177 150 141 121 98 87 76 69 61 53 45 41 40 34 34 28 26 24 22 20 14 14 13 10 6 6 5 5 5 3 4 3 3 3 3 3 3 4 2 2 2 2 2 1 1 
0 0 0 0 250 250 250 250 270 336 431 516 316 396 565 859 1271 1678 2092 2596 3401 4473 5803 7122 8451 10042 11923 14207 16583 19088 21538 24191 27076 30101 33199 36013 38636 41010 43087 44895 46301 47088 47381 47342 46763 45728 44455 42895 40986 38862 36529 33980 31481 29106 26750 24393 22146 20089 18182 16479 14909 13381 11938 10582 9403 8382 7431 6548 5792 5061 4473 3999 3556 3126 2737 2378 2061 1832 1576 1376 1212 1046 924 837 757 667 591 505 424 374 319 273 243 226 202 177 162 141 129 115 98 75 71 64 56 52 41 37 33 33 31 24 20 17 16 15 13 13 11 9 7 7 8 6 7 4 2 2 4 4 4 4 3 3 5 5 3 3 3 3 3 3 
0 0 0 0 250 250 250 250 277 352 428 511 328 415 568 895 1317 1721 2127 2546 3216 4216 5522 6815 8103 9588 11322 13528 16006 18517 21093 23870 26767 29753 32716 35675 38380 40660 42646 44090 45334 46251 46851 46691 45995 45043 43917 42506 40811 38707 36427 34074 31737 29450 26924 24690 22494 20484 18648 16897 15244 13727 12409 11179 9959 8937 7841 7042 6270 5577 4930 4339 3859 3383 3040 2638 2377 2112 1858 1607 1434 1270 1141 998 873 763 648 559 479 424 359 320 262 225 206 181 154 137 115 109 103 96 90 92 90 76 76 68 60 53 47 38 37 32 24 21 18 16 13 10 6 7 8 6 5 4 3 3 3 2 1 
0 0 0 0 250 250 250 250 276 362 465 558 374 473 675 983 1349 1694 2007 2469 3225 4240 5306 6460 7699 9191 11070 13265 15730 18142 20672 23388 26160 29224 32235 34996 37479 39685 41696 43585 45014 46020 46399 46537 46121 45469 44421 42808 41230 39191 37064 34661 32327 29960 27699 25379 23183 21034 19049 17236 15459 13902 12409 11146 9854 8748 7810 6915 6162 5448 4815 4244 3800 3376 2972 2675 2381 2107 1882 1724 1500 1315 1156 996 875 751 651 562 495 440 404 356 310 288 253 218 208 187 164 142 118 101 93 79 63 55 48 40 36 32 27 23 18 14 8 6 5 4 3 3 3 1 1 
0 0 0 0 250 250 250 250 269 362 460 569 391 525 837 1337 1887 2402 2915 3680 4821 6281 7814 9267 10937 12866 15168 17721 20330 22898 25442 28124 30958 33857 36767 39273 41461 43339 44901 46215 47046 47149 46793 46174 44935 43433 41698 39585 37293 35055 32551 29993 27703 25554 23364 21388 19383 17584 15931 14292 12840 11379 10154 9055 8086 7141 6352 5720 5122 4521 4074 3635 3246 2937 2608 2304 2035 1841 1609 1427 1275 1113 998 884 781 699 628 532 478 424 377 343 315 290 254 228 198 180 157 136 117 104 102 90 79 70 68 59 52 41 30 27 30 25 21 20 16 14 14 11 7 7 6 4 4 4 2 2 1 1 1 1 
0 0 0 0 250 250 250 250 266 346 442 514 326 393 545 879 1293 1648 1989 2509 3253 4200 5286 6392 7615 9066 10829 12910 15156 17542 20105 22900 25772 28700 31613 34375 37034 39643 41652 43372 44841 45995 46728 46999 46634 45824 44893 43487 41739 39863 37701 35414 33146 30653 28242 26003 23833 21552 19460 17527 15786 14220 12773 11370 10096 8979 7992 7076 6242 5520 4883 4310 3824 3412 3054 2684 2368 2114 1887 1664 1457 1273 1122 996 879 782 679 621 552 498 441 394 341 302 270 239 212 178 155 146 144 125 111 92 83 81 69 55 41 33 28 30 29 25 22 22 22 21 21 17 15 11 10 6 5 5 2 1 
0 0 0 0 250 250 250 250 273 361 470 557 382 456 619 907 1242 1537 1910 2428 3104 3967 4930 5910 7052 8560 10413 12512 14835 17173 19787 22606 25581 28491 31183 33834 36471 38888 40998 42924 44501 45632 46471 46668 46348 45769 44842 43394 41621 39677 37455 35203 32978 30687 28290 26065 23808 21694 19763 18049 16243 14662 13217 11837 10660 9541 8506 7490 6638 5867 5168 4595 4061 3573 3110 2745 2452 2136 1903 1650 1457 1286 1147 1021 874 787 688 591 520 452 404 354 313 271 237 220 187 177 162 142 123 107 101 87 75 62 56 49 47 39 29 25 24 20 13 12 6 6 7 5 4 3 3 3 3 2 1 1 1 1 2 1 1 1 1 1 1 2 1 1 1 1 
0 0 0 0 250 250 250 250 276 341 449 531 368 514 755 1101 1532 2029 2563 3245 4123 5195 6415 7748 9357 11174 13260 15594 18142 20813 23562 26514 29434 32379 35224 37948 40295 42431 44345 45816 46661 47159 47225 46695 45866 44733 43085 41183 39102 36844 34486 32164 29845 27433 25212 23051 21024 19109 17269 15580 14062 12589 11190 9906 8914 7865 6955 6150 5391 4745 4202 3734 3253 2884 2548 2231 1942 1722 1510 1334 1181 1049 938 850 752 663 605 543 475 412 365 321 292 262 237 207 185 162 132 108 105 91 80 65 65 54 51 49 38 34 29 27 23 23 21 20 15 11 10 8 6 4 2 2 2 2 1 1 
0 0 0 0 249 249 249 249 276 340 434 533 344 438 647 1015 1431 1934 2394 2923 3728 4811 6091 7510 8830 10259 12124 14378 17015 19639 22166 24604 27357 30390 33278 36117 38499 40519 42347 44011 45334 46074 46449 46186 45552 44589 43429 41764 39896 37968 35730 33457 31050 28799 26524 24459 22436 20376 18479 16643 15023 13522 12147 10894 9766 8672 7745 6908 6155 5459 4786 4248 3715 3294 2899 2571 2278 2036 1816 1561 1394 1218 1094 979 859 751 661 590 506 446 385 354 327 296 259 233 219 201 173 139 115 96 89 78 65 56 47 48 43 37 33 29 23 21 18 14 13 9 7 6 3 3 3 2 2 2 1 1 1 
0 0 0 0 249 249 249 249 270 329 415 497 307 394 559 856 1291 1692 2148 2703 3606 4732 6112 7396 8787 10499 12536 14909 17257 19723 22318 25159 28088 30928 33653 36237 38669 40761 42580 44250 45436 46277 46628 46441 45953 45003 43669 41813 39931 37808 35585 33270 30832 28563 26284 24133 21965 19972 18051 16302 14740 13203 11830 10591 9378 8340 7419 6618 5865 5237 4606 4083 3687 3237 2849 2512 2191 1942 1744 1542 1333 1173 1058 940 828 762 672 592 533 473 417 355 312 263 223 207 183 170 150 137 120 107 99 86 79 69 62 53 50 44 38 27 25 21 18 16 11 8 9 8 6 5 4 3 3 2 1 1 1 1 1 1 1 1 1 1 1 
0 0 0 0 250 250 250 250 280 336 443 515 342 439 599 840 1108 1400 1698 2080 2638 3364 4096 4999 6150 7484 9150 10965 12856 15008 17478 20132 22741 25602 28378 31281 34162 36811 39294 41350 43301 44765 45891 46494 46614 46520 45761 44801 43218 41509 39460 37279 35004 32469 30097 27754 25527 23200 21023 19028 17302 15548 14022 12563 11341 10198 9176 8227 7255 6505 5788 5099 4484 3965 3515 3108 2783 2472 2171 1913 1682 1490 1308 1145 1011 884 782 685 616 547 501 446 384 358 304 276 237 200 165 156 137 119 113 98 81 73 67 54 45 40 33 30 26 27 22 19 16 13 12 11 9 5 5 5 3 2 2 1 1 2 1 2 2 2 2 2 2 1 1 
0 0 0 0 250 250 250 250 275 346 454 558 379 448 609 899 1308 1789 2219 2649 3230 4107 5352 6802 8325 9757 11561 13746 16379 19185 21790 24319 26920 29940 32990 35971 38380 40516 42429 44060 45458 46294 46618 46394 45870 44984 43813 42459 40717 38802 36565 34287 32142 29884 27578 25162 22897 20854 18971 17194 15437 13788 12329 11085 9932 8750 7739 6850 6053 5367 4742 4184 3710 3262 2937 2569 2252 1983 1741 1545 1346 1186 993 876 773 687 602 517 430 365 321 300 262 221 209 177 153 133 124 103 96 92 73 64 57 55 44 41 37 32 30 25 22 18 16 15 15 11 9 9 7 6 5 4 2 2 2 1 1 1 1 1 1 1 
0 0 0 0 250 250 250 250 272 333 429 512 322 445 746 1206 1790 2243 2717 3309 4243 5543 6962 8388 9732 11378 13356 15903 18566 20987 23386 25956 28797 32054 35050 37748 39836 41944 43847 45585 46905 47335 47385 46718 46082 44989 43440 41375 39067 36645 34255 31815 29388 26959 24651 22451 20375 18559 16695 15143 13541 12159 10892 9798 8733 7708 6920 6134 5494 4824 4274 3762 3360 3005 2654 2356 2061 1831 1614 1390 1227 1071 941 835 747 649 575 513 449 420 378 332 293 261 217 199 177 147 126 106 93 86 79 64 55 45 41 43 39 30 27 29 29 27 25 19 20 18 16 11 9 8 6 6 5 5 5 5 5 4 4 3 3 3 4 3 3 3 3 4 3 3 
0 0 0 0 249 249 249 249 273 327 407 502 308 358 472 652 976 1283 1616 2004 2558 3497 4664 5956 7144 8372 10028 12045 14421 16806 19166 21495 24331 27548 30538 33337 35889 38361 40607 42816 44613 45756 46646 47219 47218 46763 46011 44669 43063 41209 39031 36691 34312 31786 29289 26961 24522 22333 20214 18225 16397 14746 13221 11764 10472 9310 8302 7336 6500 5728 5018 4494 3967 3494 3100 2738 2431 2145 1890 1660 1469 1319 1162 1031 924 819 730 654 589 508 451 411 353 317 283 245 210 184 158 124 118 109 88 80 73 63 56 48 37 32 30 26 19 16 15 14 10 9 8 5 5 5 3 2 3 3 2 2 3 3 3 3 2 2 2 2 1 
0 0 0 0 250 250 250 250 275 334 424 522 325 401 540 833 1155 1442 1784 2164 2674 3415 4434 5619 6848 8141 9647 11578 13771 16225 18567 20830 23396 26339 29363 32468 35326 37783 40183 42389 44333 45755 46684 46968 46946 46642 45727 44456 42829 40995 39036 36774 34453 32007 29771 27458 25220 23093 20945 19011 17130 15426 13778 12443 11137 9865 8781 7800 6983 6169 5511 4884 4296 3811 3373 2983 2628 2355 2077 1821 1626 1437 1276 1126 973 860 751 649 567 515 445 394 363 317 281 256 223 187 167 161 137 123 110 98 89 86 81 64 55 47 41 37 32 28 23 16 17 16 17 16 14 12 12 12 11 6 4 3 2 2 1 1 
0 0 0 0 250 250 250 250 278 364 458 545 361 430 562 801 1176 1634 2168 2730 3476 4419 5587 6887 8258 9720 11432 13436 15707 18214 20857 23589 26398 29374 32229 34995 37700 40079 42105 43903 45273 46079 46608 46687 46165 45358 44095 42515 40791 38879 36641 34385 31994 29704 27380 25178 22882 20791 18867 17062 15501 13859 12503 11133 10004 8913 8013 7129 6305 5607 4950 4342 3847 3424 3030 2700 2397 2105 1870 1667 1458 1275 1084 923 795 678 598 538 480 424 374 326 288 267 228 199 176 157 144 140 130 103 93 85 69 61 51 44 33 30 28 21 19 15 12 10 10 9 8 7 6 6 6 5 5 5 3 2 2 1 
0 0 0 0 250 250 250 250 281 348 451 542 370 475 686 1062 1546 2057 2525 3220 4159 5391 6883 8243 9768 11398 13456 15666 18092 20494 23010 25722 28496 31419 34106 36806 39281 41574 43383 44941 45993 46690 46833 46409 45706 44588 43171 41464 39560 37327 35138 32913 30466 27991 25572 23353 21203 19233 17465 15728 14112 12731 11433 10140 9060 8074 7182 6383 5639 4982 4477 4001 3539 3140 2746 2419 2192 1960 1711 1519 1367 1234 1101 989 862 756 678 611 528 450 399 349 334 290 252 220 197 180 158 146 114 104 87 72 63 53 51 44 40 34 29 27 29 29 22 20 17 15 14 11 6 4 3 3 4 3 2 2 2 2 2 1 
0 0 0 0 250 250 250 250 283 383 505 610 458 580 771 1094 1579 2147 2719 3324 4027 5108 6565 8255 9935 11645 13396 15587 18325 21115 23778 26389 28996 31731 34817 37662 40098 42059 43770 45043 46084 46683 46683 46337 45380 44260 42761 41073 39090 36997 34751 32241 29975 27510 25170 22949 20854 18822 16920 15267 13642 12342 11053 9867 8778 7741 6930 6219 5486 4805 4246 3756 3359 3039 2671 2336 2103 1859 1660 1470 1295 1142 1028 924 825 733 644 564 498 458 409 347 304 269 238 214 191 172 140 124 118 111 104 92 77 65 62 58 50 44 36 35 33 29 24 21 17 15 16 12 11 9 9 8 8 6 4 3 3 3 2 1 
0 0 0 0 250 250 250 250 273 341 434 530 350 432 615 996 1513 2186 2876 3589 4441 5588 7071 8758 10371 12181 14074 16238 18788 21383 23888 26545 29363 32057 34994 37737 40220 42456 44430 45694 46676 47238 47157 46656 45843 44563 42846 40982 38771 36459 34062 31782 29312 26961 24670 22504 20537 18565 16818 15145 13616 12157 10848 9685 8609 7671 6809 6014 5291 4704 4193 3673 3235 2854 2528 2227 1939 1692 1505 1328 1166 1041 913 824 749 668 584 512 445 406 359 296 255 219 183 177 157 126 110 101 92 79 74 55 47 42 36 33 27 24 22 20 18 14 12 10 9 6 3 4 2 3 2 2 2 2 3 2 2 1 1 1 1 1 
0 0 0 0 250 250 250 250 276 367 512 624 446 516 666 942 1315 1760 2262 2759 3414 4298 5450 6888 8325 9789 11472 13702 16267 19003 21789 24284 26881 29904 33074 35924 38515 40624 42234 43851 45387 46269 46487 46288 45674 44737 43789 42260 40372 38219 36039 33757 31427 29267 26880 24680 22581 20545 18579 16745 15041 13417 12046 10844 9688 8619 7628 6827 6077 5436 4827 4256 3723 3322 3004 2633 2305 2039 1800 1598 1412 1253 1065 930 832 710 613 522 451 398 352 316 277 244 213 194 165 142 118 95 85 74 68 64 62 56 54 47 41 38 34 29 25 21 21 23 20 20 14 12 13 12 10 8 7 5 6 5 3 4 3 2 2 2 1 2 3 2 2 2 2 2 
0 0 0 0 250 250 250 250 276 351 459 538 349 439 610 879 1248 1683 2281 2982 3874 4887 5998 7290 8805 10631 12624 14815 17104 19471 22179 25092 28143 30815 33504 36025 38455 40957 42913 44596 45661 46359 46628 46464 46002 45027 43683 41781 39903 37835 35726 33421 31133 28769 26455 24325 22079 20145 18103 16474 14785 13215 11902 10655 9502 8481 7546 6676 5890 5216 4630 4062 3597 3155 2792 2459 2184 1949 1686 1480 1292 1134 1002 879 762 667 578 513 446 393 347 310 281 245 224 199 181 169 147 128 112 96 86 81 77 62 59 48 42 35 33 29 22 22 18 18 15 16 13 9 9 6 6 6 5 4 3 3 3 3 2 1 1 1 2 1 1 1 1 1 1 1 
0 0 0 0 250 250 250 250 278 356 450 548 358 433 606 890 1251 1656 2050 2510 3230 4239 5458 6701 7970 9399 11156 13330 15726 18227 20855 23570 26482 29471 32504 35422 38156 40575 42403 44117 45507 46489 46858 46896 46307 45289 44249 42773 40973 38974 36890 34446 31983 29624 27281 24987 22813 20739 18726 16895 15292 13736 12280 11016 9821 8776 7841 6954 6166 5529 4903 4318 3834 3312 2929 2573 2292 1997 1757 1561 1349 1192 1039 945 816 722 631 526 466 416 369 318 278 259 228 213 197 176 157 136 123 109 97 81 67 55 45 44 45 37 29 28 24 23 20 18 14 10 11 8 7 8 8 8 7 8 6 5 6 3 4 3 3 2 2 3 2 2 1 1 1 1 
0 0 0 0 250 250 250 250 272 352 458 543 350 444 701 1030 1439 1782 2085 2539 3234 4090 4947 5994 7197 8594 10417 12607 14938 17253 19830 22447 25290 28273 31261 34097 36530 39197 41510 43619 45245 46312 46923 46941 46962 46282 45262 43869 42132 40312 38231 36108 33563 31133 28762 26324 24037 21856 19772 17849 16194 14523 12981 11685 10428 9295 8292 7313 6449 5718 5067 4426 3911 3440 3001 2647 2357 2086 1804 1591 1389 1220 1096 978 854 760 667 588 524 455 386 315 279 244 214 185 160 139 118 116 100 82 76 70 61 59 52 42 38 38 29 24 19 16 14 15 13 12 13 11 9 8 7 3 3 2 1 1 1 1 1 1 
0 0 0 0 249 249 249 249 271 359 458 529 338 419 595 929 1402 1913 2402 3010 3833 4872 6143 7417 8942 10618 12771 15146 17518 20123 22789 25665 28440 31450 34315 36877 39368 41543 43533 45101 46335 46889 46853 46545 45970 44997 43672 41825 39768 37510 35272 33067 30652 28272 25765 23585 21545 19593 17698 15899 14348 12861 11499 10328 9114 8152 7240 6428 5700 5062 4546 3987 3532 3099 2782 2511 2196 1919 1648 1477 1329 1185 1056 906 812 726 638 567 496 433 389 347 310 284 273 236 208 189 174 158 139 115 103 90 82 78 64 57 49 47 37 39 33 34 34 32 31 25 27 23 21 17 12 9 8 7 4 3 4 4 4 3 3 4 4 4 4 3 3 3 3 2 
0 0 0 0 250 250 250 250 281 368 478 560 388 467 666 1080 1609 2113 2536 3027 3746 4800 6124 7364 8664 10099 12036 14377 16777 19241 21614 24279 27226 30141 33162 35801 38410 40691 42765 44529 45572 46492 46616 46515 45931 45066 43689 41914 40156 37976 35741 33529 31193 28784 26504 24286 22116 20160 18299 16417 14690 13200 11856 10643 9481 8416 7542 6719 6008 5311 4705 4173 3678 3270 2821 2486 2244 1980 1755 1518 1363 1195 1085 963 806 710 630 552 488 445 399 353 332 285 248 236 206 180 152 130 106 105 93 81 71 61 53 48 45 38 32 29 25 22 20 17 18 20 17 16 14 14 12 11 10 6 6 4 4 3 3 2 1 1 1 2 2 1 1 1 1 1 
