0 0 0 248 248 248 308 375 436 521 636 623 861 1265 1679 2205 2919 3744 4750 5824 7184 8725 10513 12530 14740 17112 19719 22713 25558 28243 31013 33678 36001 38070 39728 40794 41714 42324 42290 41799 41068 39936 38588 36969 35144 33069 30897 28777 26618 24660 22572 20586 18626 16981 15459 13873 12531 11172 10045 8991 8077 7081 6292 5693 5032 4486 3977 3527 3120 2794 2482 2158 1897 1667 1471 1337 1176 1067 935 853 765 682 613 536 487 435 395 355 307 284 255 221 190 159 139 114 105 90 80 74 64 68 62 60 54 53 47 39 35 28 24 19 17 14 12 11 9 7 6 6 5 5 3 3 3 3 3 2 3 2 2 3 4 5 6 6 6 6 6 5 4 2 1 
0 0 0 250 250 250 385 481 570 745 1027 1065 1439 1963 2426 3117 3983 4980 6220 7656 9257 11138 13303 15612 18025 20685 23326 26066 28866 31497 34098 36366 38456 40287 41565 42219 42772 42673 42071 41161 40005 38333 36599 34993 32850 30780 28683 26727 24672 22610 20696 18722 16946 15368 13838 12329 11002 9910 8800 7879 7022 6196 5527 4938 4330 3790 3403 3007 2676 2392 2104 1860 1690 1516 1326 1198 1051 938 806 693 602 516 447 386 338 289 271 245 212 189 163 142 124 117 95 79 64 57 51 43 36 27 23 24 21 14 11 10 9 8 6 4 4 4 2 1 1 1 1 1 1 1 1 0 
0 0 0 250 250 250 324 390 431 526 649 589 867 1239 1594 2052 2735 3495 4433 5592 6949 8401 10159 12269 14428 16971 19659 22366 25089 27971 30913 33573 36040 38061 39976 41348 42372 42980 43044 42707 41981 41053 39435 37777 35954 33878 31573 29376 27222 24988 22897 20900 18980 17122 15497 13883 12448 11147 10054 8976 7996 7181 6386 5672 5045 4439 3894 3494 3064 2741 2453 2185 1936 1710 1506 1323 1196 1037 924 840 744 660 597 521 453 405 364 308 267 247 215 192 170 144 125 107 97 83 72 63 54 46 41 36 25 20 15 13 11 10 8 8 9 8 7 5 5 6 6 5 3 3 2 2 2 1 1 1 2 2 2 2 1 2 3 3 2 2 3 3 3 2 1 
0 0 0 249 249 249 314 367 424 509 647 583 810 1129 1521 2124 2948 3987 5197 6609 8391 10323 12633 15028 17524 20312 23113 25941 28839 31729 34299 36718 38911 40580 42080 43077 43507 43557 42985 41967 40790 39317 37323 35394 33246 30931 28844 26877 24625 22595 20721 18778 17005 15427 13854 12362 11106 9826 8732 7823 6938 6122 5490 4870 4338 3854 3427 3051 2724 2442 2124 1895 1671 1469 1306 1105 953 816 736 628 548 475 425 394 355 308 260 243 211 187 151 127 124 116 95 84 71 60 53 51 48 43 40 34 33 32 29 25 20 20 18 16 16 13 13 10 8 5 4 4 1 1 0 
0 0 0 249 249 249 319 369 415 504 730 875 1289 1831 2473 3417 4582 5861 7278 8854 10816 12861 15196 17587 19925 22689 25501 28240 30768 33330 35736 37750 39668 40886 41781 42292 42373 42029 41230 40130 38911 37262 35281 33218 31196 29168 26901 24815 22574 20604 18879 17161 15454 13834 12427 11108 9905 8931 7971 7072 6337 5619 5012 4472 3977 3470 3027 2709 2387 2100 1891 1679 1498 1368 1214 1074 941 857 748 663 583 507 454 410 369 331 297 256 236 212 190 161 145 123 118 109 91 75 70 64 57 50 36 33 23 24 19 18 17 18 17 14 15 10 9 7 6 4 3 2 2 2 1 1 1 1 1 1 0 
0 0 0 250 250 250 304 352 400 529 637 568 847 1145 1560 2141 2798 3455 4466 5604 6754 8288 10002 11786 13860 16342 18706 21326 24207 26829 29587 32223 34758 36915 38775 40286 41353 42090 42147 41928 41370 40464 39247 37861 36082 34201 32270 30279 28136 25968 23944 21784 19819 18080 16386 14781 13231 11861 10614 9470 8532 7558 6733 5977 5348 4724 4173 3706 3272 2890 2567 2292 2020 1790 1625 1433 1260 1125 986 852 753 678 587 518 470 418 354 311 274 242 205 188 159 141 132 114 95 80 79 67 61 58 46 45 43 40 32 31 28 23 25 20 17 16 14 14 15 13 11 10 8 7 9 9 6 6 7 7 8 9 7 7 8 8 6 5 4 3 3 1 0 
0 0 0 250 250 250 298 354 403 491 709 713 1011 1407 1814 2339 3057 3784 4594 5753 7090 8554 10406 12430 14673 17082 19588 22263 24948 27603 30064 32549 34802 36904 38620 39735 40708 41395 41647 41403 40633 39678 38440 37129 35410 33533 31429 29369 27261 25192 23255 21237 19256 17412 15872 14339 13028 11670 10463 9374 8497 7577 6706 5917 5290 4706 4189 3691 3218 2895 2577 2304 2007 1783 1568 1394 1245 1095 975 851 764 680 587 518 465 408 373 330 289 257 232 200 177 166 142 128 115 106 92 85 77 62 61 54 51 46 42 37 33 28 21 19 14 8 10 10 5 6 6 5 5 8 7 7 6 5 5 6 5 3 2 2 2 2 2 1 1 0 
0 0 0 250 250 250 313 362 400 529 761 740 1142 1621 2090 2827 3782 4822 6053 7618 9398 11251 13458 15766 18277 20961 23648 26338 28983 31701 34170 36462 38343 39906 41311 42183 42609 42544 42264 41573 40420 39009 37292 35521 33398 31271 29065 26816 24720 22673 20601 18574 16884 15303 13631 12229 10961 9773 8712 7774 6860 6079 5460 4794 4279 3828 3407 3004 2665 2390 2125 1888 1670 1454 1254 1141 1025 888 792 707 610 541 491 433 387 333 287 253 228 209 190 154 137 113 94 82 78 64 49 42 38 35 32 24 18 20 22 19 17 14 12 10 7 4 3 4 2 2 2 2 2 2 1 0 
0 0 0 249 249 249 295 351 390 481 579 505 709 1063 1387 1862 2556 3366 4353 5529 7003 8604 10599 12802 15131 17626 20476 23339 26228 29167 31815 34451 36844 38929 40541 41750 42495 42814 42858 42242 41392 40161 38672 36959 34999 32937 30743 28614 26461 24442 22317 20396 18578 16797 15173 13634 12177 10859 9681 8600 7729 6921 6146 5515 4921 4368 3913 3469 3074 2714 2406 2104 1874 1645 1433 1274 1092 949 869 767 651 570 522 454 397 369 320 289 252 223 196 167 150 132 113 102 90 75 69 67 58 51 48 42 38 34 29 26 25 21 17 14 13 11 9 8 8 7 7 7 6 7 7 5 3 3 2 2 2 1 1 1 1 0 
0 0 0 250 250 250 329 389 448 531 686 661 987 1432 1958 2697 3570 4596 5895 7396 9171 11071 13111 15315 17750 20458 23057 25902 28526 31138 33763 36159 38295 40009 41515 42399 43075 43148 42700 41918 40960 39471 37680 35661 33409 31303 29204 26995 24744 22719 20704 18894 17205 15523 13894 12554 11170 9918 8881 7898 6968 6218 5567 4886 4271 3844 3429 3014 2679 2376 2095 1856 1680 1453 1248 1103 996 876 790 688 604 534 477 420 365 319 260 240 221 190 163 158 131 117 113 96 83 76 73 56 55 49 36 33 35 34 27 27 26 26 27 23 21 19 18 16 12 9 10 8 5 6 6 4 5 5 3 3 3 2 1 2 1 1 1 1 1 1 1 0 
0 0 0 250 250 250 312 369 409 587 824 880 1222 1727 2294 3049 4140 5278 6535 8056 9915 11868 14077 16392 18793 21378 24175 27047 29705 32383 34914 37205 39172 40744 41818 42310 42615 42486 41733 40776 39461 37868 36194 34316 32285 30066 28023 25858 23752 21797 19764 17977 16198 14562 13102 11779 10548 9388 8403 7470 6651 5979 5301 4701 4177 3725 3296 2910 2594 2301 2005 1754 1536 1348 1202 1075 920 801 717 639 568 472 409 363 324 277 249 224 208 192 173 149 138 123 103 88 78 77 65 63 54 54 53 50 45 34 34 29 25 21 16 16 15 14 10 9 10 9 9 9 7 7 9 7 5 4 3 2 2 2 0 
0 0 0 250 250 250 302 364 409 483 634 551 751 1069 1361 1710 2194 2822 3545 4522 5753 7048 8686 10611 12771 14996 17491 20107 22680 25513 28224 30748 33270 35544 37692 39289 40659 41667 42151 42366 42026 41382 40185 38832 37196 35255 33248 31130 28877 26715 24586 22611 20714 18820 17126 15473 14002 12641 11332 10094 8984 8016 7105 6274 5546 4906 4381 3884 3423 3024 2662 2376 2125 1890 1665 1495 1351 1187 1063 955 848 756 678 596 512 457 409 350 314 264 221 196 165 143 123 111 93 83 76 66 59 55 49 44 41 34 35 32 31 25 21 20 18 19 17 14 11 10 11 9 7 6 3 2 2 2 0 
0 0 0 249 249 249 313 364 431 531 655 591 824 1111 1484 1991 2661 3463 4462 5727 7222 9014 11051 13078 15417 17977 20593 23221 25931 28555 31088 33715 35978 37965 39671 41107 41947 42455 42566 42252 41449 40306 38782 37090 35260 33302 31039 28823 26729 24614 22584 20522 18699 16868 15303 13755 12313 11022 9944 8896 7885 7010 6199 5456 4832 4275 3763 3309 2928 2601 2307 2082 1848 1639 1464 1303 1171 1029 918 818 725 633 541 474 417 364 309 269 240 216 194 183 146 130 122 103 92 86 80 69 67 64 55 50 45 37 32 31 26 21 21 20 17 15 15 9 10 9 7 6 7 5 4 3 2 2 2 2 0 
0 0 0 250 250 250 308 376 418 508 730 693 955 1366 1764 2351 3111 4019 5079 6311 7845 9530 11547 13615 15976 18433 20950 23779 26571 29374 31937 34460 36660 38659 40398 41496 42043 42338 42284 41804 41049 39804 38273 36607 34841 32792 30618 28443 26236 24203 22127 20215 18433 16684 15113 13628 12217 10913 9787 8717 7743 6889 6134 5444 4805 4275 3774 3314 2944 2615 2293 2049 1848 1623 1422 1247 1079 940 846 728 616 546 477 416 368 324 287 245 223 192 170 152 135 113 90 82 68 56 48 44 37 31 29 26 26 24 21 16 14 13 9 9 8 7 7 6 6 6 8 8 7 7 7 8 7 6 4 4 4 3 2 2 2 2 2 1 1 1 1 0 
0 0 0 250 250 250 307 365 412 634 942 1001 1489 2115 2816 3753 4956 6176 7514 9253 11141 13145 15457 17948 20482 23195 25991 28840 31438 34062 36450 38365 40011 41305 42125 42306 42374 41933 40967 39824 38382 36699 34912 33004 30883 28779 26755 24645 22634 20626 18792 17077 15401 13809 12332 11160 10001 8968 7953 7046 6295 5625 5040 4373 3828 3370 3006 2666 2348 2046 1780 1579 1410 1237 1055 930 811 717 628 552 476 421 368 305 266 226 195 179 164 134 117 105 93 88 72 64 58 54 44 38 34 33 31 23 16 12 12 11 9 5 4 4 4 4 4 4 5 4 3 3 3 2 2 1 0 
0 0 0 250 250 250 308 374 418 578 803 764 1118 1605 2105 2827 3839 4876 6143 7733 9504 11432 13808 16145 18751 21432 24240 27025 29761 32363 34776 37070 38843 40454 41585 42271 42461 42403 41676 40716 39493 37875 36059 34209 32221 30060 27984 25800 23689 21667 19788 17893 16242 14671 13181 11886 10595 9570 8541 7621 6773 6043 5450 4797 4330 3801 3373 2991 2623 2300 2017 1831 1611 1420 1235 1106 982 867 743 670 594 521 457 394 351 321 290 249 216 198 181 161 144 125 110 93 81 72 64 54 46 41 37 34 35 31 28 26 23 20 17 10 7 9 7 8 9 7 9 10 11 10 12 11 9 9 6 5 4 4 2 2 2 2 2 2 2 1 1 0 
0 0 0 250 250 250 332 391 447 560 695 587 822 1133 1385 1829 2493 3134 4041 5108 6427 7994 9783 11628 13568 15979 18386 20912 23541 26025 28669 31324 33870 36071 38183 39893 41216 42085 42625 42546 42217 41306 39972 38395 36477 34640 32441 30380 28138 26085 24049 22106 20274 18466 16848 15289 13817 12446 11130 10041 9006 8011 7023 6197 5452 4795 4223 3689 3229 2885 2589 2286 2019 1798 1613 1408 1248 1086 944 832 728 624 556 494 420 361 323 278 250 223 185 163 154 134 118 110 95 79 71 65 50 47 39 35 31 30 29 22 21 19 18 14 15 11 8 8 6 6 5 3 2 1 1 1 1 0 
0 0 0 250 250 250 316 385 437 497 602 496 648 920 1158 1505 2019 2663 3450 4434 5542 6843 8429 10098 12024 14225 16403 18828 21526 24246 26835 29668 32206 34585 36890 38776 40269 41354 42180 42394 42313 41755 40732 39394 37869 36103 34108 32043 29878 27672 25581 23604 21560 19583 17704 15989 14411 12977 11663 10382 9242 8309 7437 6597 5888 5249 4668 4153 3750 3319 2977 2680 2385 2094 1881 1684 1455 1281 1144 1031 898 810 721 642 574 520 468 393 360 316 269 237 208 182 166 153 123 105 99 88 80 67 59 51 48 45 37 32 28 27 25 20 17 15 12 8 9 6 5 4 5 4 4 4 3 3 3 3 3 3 3 3 2 2 1 1 0 
0 0 0 250 250 250 312 374 444 511 615 524 689 993 1306 1688 2205 2859 3698 4678 5918 7296 8939 10868 12880 15084 17535 20071 22769 25454 27947 30629 33160 35646 37571 39440 40710 41781 42524 42486 42259 41412 40510 39032 37382 35390 33516 31419 29217 27163 25029 22916 20985 19157 17260 15627 14079 12552 11186 10053 8962 7931 7010 6237 5520 4924 4345 3835 3379 3026 2648 2343 2072 1819 1611 1399 1255 1105 1001 860 764 678 596 528 452 392 335 288 235 204 178 155 141 127 111 98 86 73 57 53 46 41 38 32 30 28 22 20 16 11 8 8 7 7 7 6 6 6 5 3 2 0 
0 0 0 250 250 250 311 352 401 623 912 1037 1518 2110 2800 3662 4796 5915 7188 8719 10371 12377 14615 16888 19375 22116 24877 27667 30388 33000 35370 37537 39346 40755 41947 42475 42740 42529 41904 40999 39522 37909 35968 34021 31917 29538 27309 25063 23096 21061 19088 17250 15528 14067 12582 11302 10074 8930 8000 7140 6345 5626 5023 4457 3986 3561 3138 2791 2499 2251 1995 1777 1559 1397 1253 1103 990 886 777 695 630 567 491 440 380 324 300 275 245 214 202 181 157 136 119 108 91 78 66 62 58 48 41 34 29 27 24 19 16 16 12 9 8 6 5 4 2 1 1 1 1 0 
0 0 0 250 250 250 303 358 417 572 819 846 1192 1749 2317 2909 3909 4963 6047 7440 9044 10802 12780 15253 17560 20098 23055 25786 28677 31510 34230 36525 38709 40484 41856 42802 43259 43252 42734 41961 40708 39265 37430 35591 33450 31305 29259 26962 24906 22733 20738 18785 17121 15439 13848 12549 11233 10098 9008 8149 7220 6386 5664 5023 4479 4027 3555 3125 2781 2501 2241 1987 1758 1554 1390 1227 1109 970 826 745 641 558 496 422 351 315 293 238 206 186 157 140 121 105 95 85 74 67 57 47 37 31 28 25 20 16 16 14 13 10 7 5 5 4 1 1 3 3 3 4 4 4 4 4 1 2 2 1 2 2 2 2 2 1 1 1 0 
0 0 0 249 249 249 313 386 436 543 668 590 862 1197 1646 2173 2849 3556 4537 5760 7075 8662 10261 12185 14312 16656 19005 21369 24074 26692 29375 31768 34122 36279 38176 39771 40850 41634 41913 41846 41284 40249 38905 37416 35678 33696 31670 29762 27655 25644 23712 21770 19794 17956 16202 14481 13066 11782 10546 9430 8476 7589 6862 6158 5465 4888 4368 3879 3428 3021 2671 2346 2082 1846 1639 1421 1268 1128 984 845 741 624 555 486 430 387 348 318 269 224 197 185 158 137 114 98 94 89 84 69 60 61 58 52 48 47 40 42 40 35 30 31 27 25 24 20 17 17 15 14 14 14 11 11 10 8 8 8 7 5 5 4 4 4 3 2 2 2 1 2 1 1 1 
0 0 0 249 249 249 315 374 439 673 934 1033 1471 2078 2752 3663 4774 5923 7461 9043 10889 12917 15347 17772 20329 22893 25613 28506 31259 33755 35862 37985 39851 41213 41913 42308 42131 41701 40946 39782 38273 36678 34831 32855 30950 28938 26787 24540 22503 20549 18802 17019 15344 13741 12408 11232 10029 9036 8045 7185 6449 5835 5201 4650 4169 3671 3311 2926 2605 2284 2047 1804 1560 1391 1209 1081 927 846 740 654 572 521 460 422 388 343 299 270 234 205 185 147 121 103 93 80 76 61 53 46 42 36 31 25 24 24 22 23 18 17 16 13 11 7 6 2 3 3 2 2 2 1 1 1 0 
0 0 0 250 250 250 313 376 422 496 622 484 643 1040 1447 1886 2499 3321 4208 5401 6809 8270 9907 11891 14062 16496 19140 21784 24714 27582 30304 33079 35608 37622 39371 41037 41940 42645 43006 42684 41960 41163 40045 38309 36513 34366 32165 29993 27884 25549 23299 21273 19312 17440 15716 14056 12580 11312 10074 8931 7945 7094 6311 5677 5027 4419 3915 3468 3065 2716 2443 2122 1863 1665 1504 1337 1161 1024 881 797 712 625 521 460 409 359 311 265 220 192 173 147 130 114 101 86 81 65 58 54 49 42 40 36 31 24 22 20 16 17 15 13 12 13 11 8 7 5 4 3 3 2 2 2 2 1 2 2 2 2 1 1 1 1 0 
0 0 0 249 249 249 289 330 374 429 649 613 815 1217 1620 2103 2765 3673 4562 5782 7333 9025 10839 12969 15369 17841 20475 23242 25914 28467 31290 33903 36180 38194 40027 41224 42086 42619 42588 42050 41230 40154 38564 36816 34975 33013 30835 28844 26682 24441 22449 20643 18783 16930 15324 13776 12383 11157 9898 8765 7788 7004 6267 5481 4838 4265 3818 3336 2943 2561 2200 1940 1721 1502 1324 1205 1079 971 880 795 706 642 576 510 453 387 336 301 260 232 207 178 164 153 134 124 114 98 85 80 62 51 51 41 36 34 32 26 28 27 22 19 19 15 12 9 7 5 4 4 3 3 3 4 3 3 4 3 3 3 2 1 1 1 0 
0 0 0 250 250 250 309 363 405 509 638 531 753 1014 1304 1772 2329 3058 3962 5024 6426 8024 9814 11862 14205 16558 19172 22093 24740 27482 30245 32787 35112 37436 39321 40673 41839 42738 43051 42879 42257 41318 39980 38400 36714 34618 32467 30385 28250 26019 23883 21841 19721 17816 16152 14484 13038 11612 10406 9324 8334 7392 6506 5748 5065 4509 3932 3407 3025 2689 2363 2086 1826 1620 1478 1326 1156 1015 902 808 739 658 573 513 458 404 349 316 289 233 200 181 160 148 136 114 96 87 82 71 59 47 42 36 31 25 18 12 11 9 6 7 5 5 3 2 3 3 4 3 3 3 2 2 1 1 0 
0 0 0 250 250 250 305 380 434 516 671 618 884 1303 1725 2254 3012 3956 4984 6282 7732 9325 11185 13261 15463 17949 20636 23417 26253 29008 31786 34459 36845 38716 40398 41692 42482 43074 43003 42379 41552 40598 39136 37148 35329 33041 30912 28864 26727 24467 22284 20428 18476 16779 15083 13490 12080 10772 9672 8655 7653 6809 6053 5364 4706 4158 3651 3180 2834 2493 2183 1927 1680 1495 1288 1139 985 882 797 710 630 542 493 448 422 368 330 299 284 269 240 204 173 154 131 115 96 77 74 70 62 53 50 45 42 36 27 25 24 20 16 12 9 9 7 6 3 3 3 3 2 2 1 0 
0 0 0 250 250 250 306 360 412 478 632 593 835 1159 1550 2117 2916 3932 4989 6301 7864 9636 11664 13842 16151 18527 21228 23837 26579 29279 31835 34328 36414 38439 39974 41157 41964 42387 42324 41880 41092 39932 38411 36803 34754 32716 30720 28464 26348 24232 22296 20305 18569 16758 15011 13545 12160 10831 9637 8565 7613 6775 6043 5351 4753 4186 3707 3327 2927 2583 2278 2001 1763 1575 1365 1204 1064 945 826 725 658 577 509 442 392 350 300 262 224 204 176 152 134 116 109 103 94 84 77 73 68 60 51 43 38 28 24 17 15 16 13 10 8 7 8 8 7 5 6 9 9 8 9 8 8 9 9 6 7 7 5 5 4 4 3 2 2 2 2 2 2 1 1 
0 0 0 250 250 250 302 354 405 489 591 462 760 1121 1483 1991 2670 3476 4504 5928 7244 8836 10814 12953 15284 17788 20421 22956 25870 28564 31084 33526 35764 37841 39535 40879 41704 42271 42418 42165 41440 40339 38918 37356 35489 33505 31367 29155 27009 24841 22787 20771 18867 17030 15400 13889 12483 11152 10008 8880 7941 7135 6371 5637 4987 4441 3931 3471 3086 2712 2369 2096 1862 1652 1432 1267 1101 970 863 773 686 608 546 494 438 385 330 285 242 218 189 157 129 112 95 79 78 69 55 50 45 36 34 29 24 20 20 16 13 11 8 6 5 6 3 3 4 4 4 4 4 4 4 4 3 2 2 2 1 0 
0 0 0 249 249 249 315 367 423 522 633 546 796 1069 1316 1816 2492 3179 4038 5047 6305 7805 9592 11488 13509 15842 18344 21008 23730 26505 29208 31718 34246 36599 38579 40168 41419 42152 42491 42439 41931 40935 39724 38222 36369 34413 32433 30247 28036 25881 23780 21677 19710 17913 16176 14669 13203 11835 10558 9552 8549 7637 6793 6108 5449 4914 4426 3899 3519 3166 2807 2465 2196 1947 1708 1555 1374 1193 1038 920 822 706 605 505 450 404 367 323 283 251 241 220 190 162 142 125 109 96 78 71 65 60 51 46 35 32 29 24 19 17 16 16 13 8 4 4 3 2 2 0 
0 0 0 250 250 250 298 351 401 479 601 596 908 1247 1640 2246 2981 3789 4719 5836 7061 8636 10429 12228 14385 16916 19604 22317 25108 28007 30945 33625 36125 38179 39918 41223 42240 42614 42476 42099 41277 40042 38753 37235 35347 33358 31204 29148 26960 24928 22775 20717 18922 17134 15573 13981 12597 11304 10080 9022 8002 7175 6372 5696 5078 4524 4011 3544 3142 2786 2450 2166 1896 1667 1481 1322 1169 1005 895 813 706 634 565 475 430 409 370 324 295 254 224 218 194 166 142 129 112 102 89 71 58 47 44 34 33 31 32 28 26 23 22 22 17 15 12 12 10 10 7 5 4 3 3 1 0 
0 0 0 250 250 250 301 356 411 480 610 479 669 914 1132 1487 1969 2688 3487 4582 5847 7305 9101 10970 13187 15505 17938 20579 23411 26278 29047 31785 34190 36481 38543 40234 41381 42091 42453 42529 42082 41295 39997 38475 36805 34938 32920 30726 28643 26386 24416 22388 20363 18534 16745 15151 13663 12243 10979 9813 8783 7849 6993 6213 5521 4981 4430 3914 3473 3079 2790 2445 2148 1907 1708 1520 1352 1206 1031 922 842 754 670 592 536 464 431 398 342 303 271 245 215 196 172 143 144 134 118 104 96 88 81 80 69 59 55 54 52 42 38 34 29 26 23 19 16 15 14 10 10 9 6 3 2 3 3 3 2 1 1 2 2 1 1 1 1 1 1 0 
0 0 0 250 250 250 308 358 410 491 595 550 751 1049 1396 1905 2580 3431 4388 5439 6866 8469 10245 12262 14450 16690 19142 21922 24636 27311 30051 32680 35004 37266 39268 40700 41727 42421 42777 42631 42110 41195 39960 38334 36690 34698 32460 30244 28069 25916 23675 21731 19675 17896 16263 14547 13044 11615 10457 9275 8214 7334 6469 5781 5132 4547 3980 3565 3210 2807 2450 2171 1919 1726 1493 1299 1133 1007 895 804 729 621 580 512 464 399 353 311 270 240 216 195 167 153 136 118 100 85 75 60 52 46 43 37 32 27 24 21 21 16 11 9 9 8 6 6 3 3 2 1 1 1 0 
0 0 0 249 249 249 308 355 399 509 698 648 902 1313 1767 2328 3019 3837 4848 6189 7675 9269 11131 13306 15699 18234 20883 23467 26253 29141 31748 34150 36372 38306 39871 41140 41934 42266 42434 41979 41163 40112 38668 37005 35094 33160 30914 28808 26677 24503 22479 20506 18711 16823 15191 13699 12304 11095 9978 8909 7956 7153 6370 5666 5036 4407 3883 3497 3062 2678 2358 2095 1867 1678 1496 1302 1168 1029 935 823 731 631 558 486 425 377 320 276 237 206 167 150 128 109 103 105 94 85 80 68 65 66 60 54 50 48 44 39 33 23 20 19 16 13 11 9 9 8 6 2 1 1 2 2 2 2 1 3 3 3 3 3 3 3 3 1 1 1 0 
0 0 0 250 250 250 312 385 445 585 876 920 1306 1909 2527 3293 4247 5365 6482 7928 9663 11427 13544 15717 18189 20651 23472 26140 28803 31388 33739 36156 38248 40056 41160 42263 42726 42855 42533 41636 40435 38895 37334 35180 33099 30893 28717 26568 24368 22319 20268 18466 16722 15132 13648 12235 10936 9761 8749 7860 6976 6193 5473 4933 4382 3924 3497 3097 2780 2479 2212 1919 1730 1551 1376 1208 1064 944 822 734 658 579 511 439 387 330 300 271 231 198 177 161 151 140 119 105 94 84 67 61 50 41 36 32 24 21 21 19 17 13 12 11 8 11 10 8 6 8 10 9 9 4 4 5 5 3 1 1 1 1 1 0 
0 0 0 250 250 250 314 375 420 544 761 736 1057 1596 2068 2707 3601 4474 5617 7012 8596 10282 12330 14564 16960 19660 22258 25049 27788 30320 32942 35376 37463 39258 40793 41726 42353 42726 42479 41907 40981 39531 37891 36157 34214 31996 29919 27633 25323 23360 21355 19396 17477 15910 14169 12734 11504 10257 9158 8117 7305 6469 5799 5131 4519 4007 3531 3173 2788 2443 2124 1871 1655 1448 1274 1097 955 848 757 649 579 511 441 408 363 326 291 262 226 195 182 149 139 133 113 102 87 82 74 70 59 49 48 45 40 34 30 29 27 24 21 19 17 15 13 11 9 10 8 7 7 7 5 5 5 3 3 4 4 3 3 2 2 2 2 1 1 2 2 1 1 1 1 
0 0 0 250 250 250 311 359 414 508 649 544 827 1181 1449 1905 2575 3333 4303 5488 6780 8351 10254 12362 14595 16969 19525 22252 24929 27515 30168 32615 34983 37220 38936 40251 41350 42131 42329 42174 41467 40369 39110 37521 35770 33668 31617 29430 27276 25175 22967 21079 19122 17441 15740 14251 12909 11611 10572 9466 8467 7560 6766 5995 5285 4675 4183 3711 3329 2966 2631 2360 2109 1895 1630 1425 1267 1120 995 882 770 688 618 563 494 439 409 373 349 313 286 248 230 205 176 150 137 121 104 91 76 68 54 45 33 26 25 20 19 16 13 12 13 12 7 6 7 6 6 5 5 6 6 6 4 4 3 3 1 0 
0 0 0 250 250 250 297 373 422 551 752 698 969 1277 1648 2216 2919 3752 4621 5849 7282 9055 11035 12963 15410 17791 20481 23166 26083 28781 31308 33910 36005 38093 39794 41015 41718 42007 42146 41774 40946 39652 38149 36455 34592 32719 30599 28490 26476 24513 22515 20589 18737 16952 15311 13753 12298 11053 9865 8878 7899 7080 6312 5637 5003 4418 3968 3515 3116 2735 2362 2080 1854 1655 1444 1280 1127 995 908 812 741 646 580 516 465 426 381 320 276 249 219 196 183 156 136 120 107 94 85 71 59 53 46 45 43 36 32 29 27 21 20 16 9 8 7 7 8 8 6 7 8 6 5 5 4 4 4 3 3 3 3 1 1 1 1 1 0 
0 0 0 250 250 250 303 343 377 458 551 404 531 774 1149 1540 2081 2763 3622 4711 6034 7438 9009 10814 13035 15217 17653 20270 22876 25545 28290 31034 33345 35732 37777 39449 40745 41838 42160 42044 41751 40928 39784 38282 36706 34802 32919 30904 28670 26460 24303 22251 20213 18309 16561 14961 13488 12217 10984 9890 8846 7866 6983 6244 5580 4956 4419 3866 3438 3043 2705 2373 2115 1872 1624 1446 1314 1198 1067 968 851 753 694 641 555 485 417 364 317 279 238 210 177 144 140 121 108 88 79 64 54 50 42 39 34 30 27 27 22 21 19 18 15 16 15 9 10 8 8 5 5 3 2 2 2 2 1 1 1 1 1 1 0 
0 0 0 250 250 250 327 404 459 575 788 855 1277 1795 2416 3178 4097 5214 6556 8031 9781 11632 13841 16236 18828 21557 24403 27135 29890 32555 34935 36971 38857 40369 41268 42037 42181 42002 41382 40584 39285 37812 36151 34190 32238 30208 28152 25930 23897 21780 19846 18063 16332 14678 13177 11954 10690 9578 8555 7622 6815 6104 5436 4795 4256 3782 3370 2974 2597 2311 2019 1781 1582 1404 1228 1094 963 845 759 662 577 491 444 392 343 310 269 237 212 193 159 136 119 108 90 75 73 65 56 51 48 38 39 37 34 30 27 24 21 20 15 13 12 12 12 9 8 7 6 6 5 3 2 2 2 2 2 2 1 0 
0 0 0 250 250 250 324 386 459 664 911 935 1374 1965 2604 3374 4371 5461 6841 8515 10475 12450 14760 17333 20025 22729 25587 28456 31007 33757 36107 38100 39887 41587 42418 42944 43077 42726 42019 40980 39529 37720 36066 33952 31869 29597 27412 25367 23268 21227 19177 17428 15782 14299 12825 11442 10288 9190 8241 7334 6494 5766 5187 4622 4093 3615 3211 2855 2539 2255 1974 1762 1570 1406 1233 1113 992 865 778 676 602 537 483 415 361 312 270 239 201 165 146 125 112 97 89 72 70 64 53 47 38 33 24 22 15 13 12 12 11 9 11 11 8 8 8 6 6 7 4 2 2 2 1 1 1 0 
0 0 0 250 250 250 298 345 398 475 594 477 688 993 1264 1779 2424 3086 4006 5115 6469 8008 9905 11917 14003 16560 19177 21982 24708 27478 30094 32648 35175 37340 39168 40669 41868 42521 42747 42630 41982 41015 39726 37955 36087 34318 32295 29995 27923 25778 23677 21796 19858 17843 16158 14691 13180 11767 10475 9340 8336 7459 6616 5817 5136 4596 4133 3642 3205 2824 2510 2244 2000 1721 1502 1352 1192 1049 929 812 708 632 547 456 420 372 318 278 244 225 208 188 158 133 119 105 95 81 67 65 53 48 48 42 37 31 27 20 17 13 8 7 7 5 6 6 4 4 4 3 1 3 2 2 2 2 2 2 2 0 
0 0 0 250 250 250 299 357 411 473 593 488 692 1032 1329 1758 2394 3126 4073 5237 6547 7880 9662 11655 13695 16165 18495 20945 23621 26456 29104 31603 34128 36309 38427 40032 41239 41981 42352 42302 41824 40911 39699 38346 36658 34743 32725 30693 28535 26499 24272 22183 20182 18407 16664 15002 13461 11886 10697 9638 8601 7680 6832 6062 5401 4857 4256 3680 3287 2863 2525 2219 1945 1684 1513 1332 1152 1015 876 785 696 627 563 501 432 379 339 288 248 218 178 148 124 110 98 87 76 61 52 44 39 30 24 20 19 20 19 14 15 13 10 9 7 4 3 2 1 2 2 1 2 3 3 3 3 3 4 5 4 3 3 3 3 2 1 0 
0 0 0 249 249 249 303 348 396 481 581 468 778 1194 1514 1978 2734 3661 4736 6018 7404 8948 10928 13085 15240 17459 19949 22512 25224 28026 30571 32981 35351 37484 39226 40648 41660 42137 42354 42061 41258 40214 38892 37287 35411 33407 31346 29276 27165 25063 23011 21018 19042 17300 15571 13984 12601 11298 10070 8989 8092 7218 6374 5687 5023 4460 3986 3541 3104 2732 2434 2143 1936 1709 1493 1325 1199 1045 935 860 751 674 604 535 456 403 356 312 285 258 234 212 197 172 158 135 116 103 90 76 65 57 48 46 44 37 33 30 30 25 23 22 19 18 16 14 13 11 12 10 9 9 7 6 4 4 1 0 
0 0 0 250 250 250 311 366 429 540 684 604 824 1134 1404 1873 2486 3263 4303 5580 7092 8756 10806 13022 15360 17724 20166 22726 25418 28175 30656 33039 35234 37266 39141 40437 41192 41712 42039 41777 41266 40318 38925 37461 35870 33904 31654 29481 27259 25175 23086 21070 19077 17230 15565 13979 12572 11240 10038 8944 7996 7128 6395 5784 5122 4564 4063 3616 3217 2856 2521 2205 1949 1733 1552 1375 1219 1083 935 835 741 637 550 483 439 398 357 296 259 240 210 178 149 122 112 106 90 69 51 48 30 28 22 16 12 13 13 11 10 8 7 6 7 4 4 3 3 2 2 1 0 
0 0 0 250 250 250 300 354 412 534 719 777 1135 1749 2395 3300 4492 5724 7307 8997 10920 12996 15356 17860 20310 23036 25744 28584 31241 33631 35867 38017 39799 41257 42077 42358 42478 42344 41610 40418 39020 37422 35590 33690 31639 29392 27281 25122 23037 20923 19096 17301 15582 14015 12581 11308 10123 9040 8100 7278 6512 5837 5225 4620 4091 3616 3182 2803 2469 2174 1918 1670 1496 1343 1184 1050 946 843 764 675 608 524 463 407 338 297 248 215 187 171 139 109 99 89 76 65 56 46 38 38 34 28 26 26 19 15 12 11 10 8 6 3 3 2 3 1 2 2 3 3 3 3 2 3 2 2 1 1 2 3 4 3 3 3 3 3 2 1 0 
0 0 0 250 250 250 311 367 419 630 876 891 1294 1836 2391 3085 4080 5070 6326 7858 9526 11345 13473 15965 18470 21247 23885 26691 29417 32064 34497 36559 38265 39592 40695 41365 41574 41397 40886 40049 38979 37582 35948 33974 32124 30142 28045 25871 23854 21908 20012 18229 16445 14878 13401 12099 10786 9642 8625 7721 6930 6167 5493 4900 4362 3839 3407 3035 2660 2329 2070 1838 1650 1481 1318 1162 1040 930 837 720 652 563 508 453 403 350 321 286 236 217 184 170 146 130 101 94 90 77 70 57 53 49 43 40 33 32 30 30 25 22 24 23 20 18 14 12 12 11 7 4 5 3 3 3 2 1 1 1 0 
0 0 0 249 249 249 305 374 442 519 631 533 762 995 1314 1758 2357 3066 3995 5146 6455 8084 9883 11880 14129 16520 18980 21531 24378 27017 29529 32219 34341 36492 38421 39815 40646 41311 41671 41216 40815 39879 38656 37374 35804 34029 32018 30088 28004 25852 23768 21700 19796 17913 16222 14622 13169 11900 10597 9485 8414 7540 6745 5986 5323 4707 4224 3732 3320 2915 2586 2319 2024 1826 1617 1447 1281 1146 1002 876 811 723 657 572 529 470 430 392 341 301 262 246 212 186 166 154 136 115 101 87 73 69 56 50 45 38 31 24 24 22 22 17 16 16 14 14 15 12 9 9 8 8 8 7 4 4 4 2 1 0 
0 0 0 250 250 250 327 396 463 644 850 811 1142 1637 2224 3032 4012 5121 6392 8029 9929 11950 14137 16618 19303 21987 25002 27889 30612 33333 35824 38021 39834 41406 42276 42923 43156 42777 42031 40868 39531 37726 35952 33840 31693 29522 27366 25311 23131 21174 19263 17501 15772 14222 12866 11476 10267 9201 8182 7284 6507 5821 5162 4569 4063 3653 3260 2890 2566 2275 2015 1815 1622 1411 1246 1092 948 854 734 631 570 507 436 386 345 310 285 253 214 194 184 156 140 122 115 101 90 79 67 65 58 50 40 40 31 31 28 24 23 20 19 16 16 16 13 11 12 11 9 9 9 7 7 7 5 5 5 3 3 3 3 4 4 3 3 3 3 2 1 0 
0 0 0 250 250 250 304 352 399 540 725 724 1174 1722 2327 3166 4258 5500 7033 8789 10512 12621 14969 17379 19860 22531 25224 27884 30820 33397 35827 38046 39929 41314 42313 42959 42995 42742 41901 40807 39451 37845 35901 33871 31694 29372 27252 25024 22922 20860 19058 17279 15652 14167 12728 11447 10232 9213 8202 7296 6426 5677 5036 4457 3932 3412 2983 2620 2347 2083 1809 1613 1406 1261 1138 990 843 741 661 578 521 473 390 332 316 279 252 211 182 163 156 133 107 97 90 82 77 63 53 54 46 38 31 26 20 16 15 12 12 8 8 8 7 6 7 5 4 5 5 5 5 5 4 4 5 4 4 3 4 3 3 3 3 3 2 3 3 3 3 3 2 4 4 
0 0 0 250 250 250 327 386 449 566 719 653 886 1257 1608 2197 2859 3725 4834 6142 7702 9417 11321 13439 15779 18234 20790 23385 26038 28686 31279 33662 35806 37661 39322 40582 41337 41722 41726 41196 40403 39369 37850 36267 34454 32412 30333 28393 26406 24300 22267 20306 18497 16904 15379 13843 12394 11184 10093 8976 8030 7139 6351 5682 5116 4541 4049 3663 3272 2903 2569 2289 2054 1832 1624 1416 1289 1151 1016 903 787 689 600 547 469 416 378 318 273 244 208 184 158 137 115 101 88 79 72 62 52 41 35 31 30 21 19 15 15 17 16 14 13 13 12 12 11 8 8 7 4 3 2 1 1 1 0 
0 0 0 249 249 249 316 368 408 520 667 607 875 1232 1556 1952 2675 3436 4330 5413 6777 8191 9915 11924 13959 16260 18819 21330 23852 26636 29190 31703 34123 36153 37785 39415 40513 41140 41617 41608 40971 40283 39277 37658 35940 34151 32057 29889 27765 25546 23428 21513 19661 17728 16083 14447 13076 11698 10452 9255 8283 7391 6494 5822 5151 4589 4027 3633 3179 2828 2533 2231 1980 1757 1581 1395 1218 1091 953 836 736 650 571 513 471 415 373 344 311 281 262 237 214 198 173 153 133 126 109 92 83 69 63 51 41 36 31 32 27 25 23 20 20 14 10 9 10 9 8 6 6 6 6 4 3 2 1 1 0 
0 0 0 250 250 250 296 335 377 447 562 479 627 916 1271 1717 2397 3260 4202 5440 7012 8675 10558 12822 15176 17618 20278 22831 25581 28421 31158 33676 35922 37884 39845 41337 42084 42463 42654 42202 41465 40391 38628 36967 35237 33337 31136 29010 26780 24715 22820 20806 18918 17100 15390 13846 12483 11172 9967 8936 7987 7069 6280 5583 5009 4434 3929 3473 3085 2745 2423 2150 1878 1707 1508 1308 1144 1033 919 801 716 625 566 508 449 397 351 324 282 254 214 197 168 147 122 96 86 70 64 56 49 44 41 40 34 30 29 27 26 23 22 19 17 15 10 7 5 2 3 3 2 2 2 2 2 2 0 
0 0 0 250 250 250 327 402 448 577 750 715 987 1306 1766 2393 3135 4058 5107 6401 7941 9779 11632 13791 16223 18723 21286 24048 26801 29533 32245 34661 36899 38587 40271 41490 42229 42376 42174 41509 40386 39376 37708 35810 33827 31919 29760 27680 25641 23531 21644 19755 17973 16235 14744 13320 12031 10798 9656 8673 7748 6944 6203 5512 4873 4311 3836 3392 3016 2633 2323 2062 1839 1658 1468 1276 1123 1001 877 779 689 595 534 481 429 378 329 289 256 219 188 168 144 122 106 93 74 64 54 46 40 36 31 33 33 30 33 32 30 27 24 19 16 17 11 9 8 7 5 3 3 2 0 
0 0 0 250 250 250 298 349 404 476 571 446 731 1130 1447 1947 2623 3466 4593 5834 7097 8591 10582 12726 14976 17502 20015 22749 25738 28534 31130 33684 36210 38156 39770 41172 41963 42629 42813 42289 41326 40292 38953 37160 35355 33178 30910 28911 26850 24684 22642 20658 18744 16998 15404 13799 12401 11107 9936 8940 7988 7101 6299 5662 4983 4452 3992 3544 3114 2805 2502 2180 1929 1702 1466 1292 1150 995 888 785 690 600 543 478 425 369 332 303 254 227 207 182 164 150 131 112 107 96 79 65 56 45 42 34 29 23 16 14 12 12 10 7 7 6 6 5 2 2 1 1 0 
0 0 0 250 250 250 301 340 389 513 648 572 788 1023 1389 1857 2565 3260 4159 5293 6648 8322 10068 12113 14186 16700 19201 21811 24413 27162 29843 32227 34599 36753 38590 39982 41064 41706 41927 41891 41326 40300 39110 37595 35883 33878 31832 29703 27580 25425 23261 21300 19477 17611 15986 14416 12945 11554 10376 9286 8192 7403 6533 5788 5174 4616 4120 3660 3274 2861 2518 2240 1974 1734 1525 1348 1204 1050 929 824 720 656 568 491 424 381 340 285 244 212 178 157 135 114 100 91 78 62 56 51 47 43 40 36 32 31 25 22 21 16 19 15 15 13 12 12 11 11 6 5 4 2 2 1 0 
0 0 0 250 250 250 311 369 433 580 781 753 1149 1708 2296 3055 4151 5228 6521 8196 9999 11889 14215 16796 19237 22012 24997 27785 30424 33293 35649 37675 39575 40990 41850 42334 42547 41996 41243 40207 38765 37273 35572 33641 31594 29558 27537 25469 23450 21300 19304 17606 15984 14461 13022 11639 10436 9375 8390 7445 6594 5864 5177 4625 4127 3668 3244 2894 2566 2271 1985 1724 1498 1358 1215 1042 913 804 708 640 566 492 435 385 338 293 263 217 201 183 157 151 132 114 98 95 77 61 57 44 38 28 26 19 16 13 11 10 8 7 6 7 6 5 4 2 2 2 2 1 0 
0 0 0 250 250 250 306 370 429 519 673 592 801 1238 1613 2053 2719 3581 4535 5739 7173 8645 10518 12679 15000 17412 20080 22870 25773 28724 31457 33949 36309 38487 40184 41520 42284 42619 42590 42234 41356 40088 38631 36764 34921 32964 30884 28675 26535 24492 22436 20630 18742 16929 15310 13844 12488 11158 10002 8850 7927 7047 6265 5588 4984 4461 3994 3602 3188 2848 2509 2232 1964 1724 1516 1335 1179 1056 948 851 736 647 558 491 437 374 312 258 229 196 168 146 122 115 109 97 94 81 75 67 63 55 46 39 30 27 22 18 14 10 7 6 2 2 1 2 3 3 3 2 2 3 4 3 2 2 2 3 3 2 2 2 2 3 4 3 4 4 3 3 3 2 1 
0 0 0 250 250 250 307 351 398 465 572 519 797 1207 1612 2195 2963 3866 4997 6224 7537 9021 10897 12880 15208 17576 19845 22584 25369 28173 30842 33350 35536 37585 39422 40611 41487 41953 41942 41619 40799 39854 38524 36868 35079 33082 31005 28887 26751 24481 22402 20495 18613 16873 15216 13685 12345 11057 9922 8828 7896 6998 6210 5470 4836 4300 3809 3400 2995 2665 2384 2154 1897 1671 1476 1287 1139 1011 876 772 683 610 525 462 400 362 321 277 238 206 189 169 144 122 114 91 82 71 63 54 49 40 33 32 28 25 21 16 15 14 12 8 7 4 4 4 1 0 
0 0 0 250 250 250 307 371 432 518 673 610 907 1247 1593 2152 2882 3753 4648 5984 7459 9145 11112 13278 15720 18394 21393 24153 26905 29830 32635 35171 37318 39117 40602 41697 42549 42890 42696 42151 41357 40208 38606 36942 35038 32827 30723 28509 26256 24025 21993 20051 18136 16499 14879 13355 11982 10807 9648 8524 7529 6628 5840 5223 4598 4096 3651 3233 2899 2566 2269 2001 1839 1606 1415 1285 1163 1020 924 831 707 606 547 485 409 372 313 274 244 218 189 169 150 132 119 103 88 76 66 54 49 39 35 29 30 30 24 21 16 15 16 14 10 10 11 8 8 7 7 6 5 4 2 2 1 1 0 
0 0 0 250 250 250 299 357 418 500 648 636 921 1263 1662 2296 3002 3786 4915 6036 7357 8961 10873 12848 15122 17686 20134 22987 25801 28673 31455 34027 36437 38525 40276 41424 42341 42665 42415 42026 41176 39999 38514 36957 35077 33151 31136 28974 26816 24613 22658 20638 18749 16894 15254 13659 12186 10947 9704 8626 7718 6934 6200 5531 4927 4362 3884 3453 3027 2655 2339 2090 1872 1676 1482 1317 1170 1037 931 819 724 645 555 478 426 374 317 269 229 189 163 135 111 101 83 76 70 56 55 55 48 42 38 31 26 22 19 16 14 11 10 9 8 8 8 7 6 5 4 4 3 2 1 3 2 2 2 2 2 2 2 0 
0 0 0 250 250 250 318 377 427 498 608 485 661 870 1146 1467 1862 2429 3183 3995 4985 6112 7454 9093 11053 13036 15107 17505 20113 22706 25262 28054 30514 32987 35337 37261 38827 40266 41266 41647 41748 41442 40625 39641 38277 36679 34874 32744 30679 28691 26626 24520 22468 20534 18694 17083 15518 13872 12498 11309 10204 9086 8176 7329 6517 5800 5196 4553 4068 3632 3215 2825 2514 2243 1978 1781 1566 1396 1221 1085 935 843 725 636 551 468 409 356 321 275 258 227 210 193 171 160 143 129 109 90 83 77 69 59 51 39 36 36 27 23 18 16 13 11 9 8 7 6 6 6 7 7 8 8 10 10 9 8 7 7 6 4 2 1 1 0 
0 0 0 250 250 250 307 350 387 486 619 508 738 1019 1252 1604 2158 2793 3573 4516 5601 6963 8696 10463 12529 14760 17056 19638 22369 25163 27732 30552 33079 35165 37380 39143 40423 41301 41810 41768 41465 40928 39825 38511 36991 35124 33222 31260 29129 27072 24983 22880 20897 19070 17346 15646 14142 12762 11477 10242 9106 8150 7273 6530 5748 5078 4490 4049 3672 3240 2858 2541 2261 2006 1801 1618 1421 1274 1146 989 874 778 679 571 496 445 378 341 294 256 217 189 164 137 121 106 90 80 67 55 46 42 41 32 28 22 20 18 17 13 9 10 8 6 6 5 3 3 4 5 5 5 5 5 4 7 7 6 6 6 5 6 7 4 3 2 2 2 2 1 0 
0 0 0 250 250 250 296 352 396 477 564 442 611 874 1228 1695 2275 2967 3912 5043 6400 7916 9632 11510 13587 15901 18206 20628 23319 25885 28395 30847 33429 35598 37617 39385 40522 41463 42045 42244 41742 40866 39796 38426 36882 34945 32903 30857 28589 26616 24590 22426 20361 18547 16784 15066 13686 12251 10846 9693 8632 7680 6828 6026 5318 4700 4181 3726 3300 2959 2641 2331 2061 1868 1660 1466 1309 1151 989 868 779 679 595 514 452 413 374 344 302 262 240 229 197 158 145 127 112 98 83 67 65 64 49 46 44 42 38 33 29 25 21 18 11 10 7 9 8 7 7 6 6 2 3 2 2 2 2 2 2 2 3 2 2 2 2 2 2 2 1 1 1 1 1 
0 0 0 250 250 250 304 354 405 501 656 634 904 1265 1598 2145 2963 3859 4839 6011 7364 9152 11202 13255 15449 17960 20777 23388 26301 28842 31357 33940 36187 38137 39491 40877 41702 42110 41973 41322 40500 39375 37908 36117 34152 32172 30296 28274 26157 24028 22130 20212 18412 16744 15142 13735 12343 11075 9954 8984 8010 7112 6249 5545 4966 4375 3894 3425 3026 2690 2407 2100 1841 1629 1403 1257 1122 987 854 776 685 595 525 460 397 341 308 259 222 209 183 157 144 131 117 110 102 83 73 70 62 53 43 39 34 30 28 20 17 15 14 10 11 11 6 5 5 4 4 5 4 2 3 3 2 2 2 1 1 1 0 
0 0 0 250 250 250 324 383 432 598 822 821 1142 1707 2335 3169 4213 5438 6710 8265 10104 11976 13979 16251 18697 21095 23967 26795 29438 32088 34543 36743 38665 40186 41249 41844 42176 42037 41493 40610 39410 37937 36175 34373 32309 30203 28116 26001 23898 21969 20054 18151 16426 14786 13360 12009 10723 9571 8528 7608 6791 6055 5378 4751 4223 3756 3291 2911 2578 2304 2030 1796 1576 1380 1217 1086 957 837 746 648 567 519 470 401 365 316 276 244 213 183 163 147 128 121 104 82 74 60 49 47 36 20 16 15 12 11 9 6 5 6 6 4 3 3 3 2 2 2 2 2 2 3 2 2 2 1 1 1 1 0 
0 0 0 248 248 248 308 378 439 571 726 738 1051 1455 1797 2281 3154 4047 5041 6233 7662 9333 11401 13718 15921 18412 21159 23929 26787 29512 32005 34316 36576 38529 40037 41255 41933 42241 42220 41808 40867 39595 38232 36465 34606 32619 30467 28190 26008 23806 21677 19733 17864 16118 14545 13135 11786 10653 9509 8445 7548 6709 5958 5321 4803 4263 3789 3381 2925 2614 2327 2037 1755 1549 1348 1169 1040 889 789 689 617 557 497 458 416 376 324 295 267 230 226 198 186 158 143 124 105 93 67 66 56 53 44 42 38 31 30 22 18 15 13 8 7 8 7 7 9 9 8 7 7 7 7 5 3 3 3 3 2 1 0 
0 0 0 250 250 250 304 380 441 521 746 721 1042 1450 1871 2508 3355 4327 5348 6733 8393 10222 12294 14544 16855 19406 22219 24946 27591 30198 32799 35117 37288 39098 40502 41439 42121 42402 42091 41401 40368 39022 37281 35548 33548 31463 29325 27193 25091 23095 21213 19372 17526 15737 14264 12887 11575 10361 9255 8198 7302 6595 5825 5126 4557 4009 3539 3141 2778 2421 2144 1909 1679 1490 1343 1184 1058 936 829 734 623 549 457 412 359 317 268 235 214 176 167 135 124 110 91 73 68 61 49 45 32 25 22 22 16 15 12 10 10 8 7 6 5 6 5 2 3 3 3 2 2 1 1 1 0 
0 0 0 250 250 250 313 369 416 501 628 525 793 1091 1381 1856 2454 3093 3958 5038 6164 7556 9183 10978 12881 15181 17581 20096 22836 25570 28318 30813 33478 35765 37772 39552 40791 41653 42149 42413 42028 41248 40059 38522 36766 34994 32982 30684 28499 26441 24469 22483 20627 18680 16887 15385 13849 12385 11095 9896 8861 7901 7048 6279 5641 4986 4418 3916 3447 3075 2751 2423 2144 1972 1715 1514 1368 1233 1063 953 820 689 616 569 497 422 369 316 277 254 225 185 153 142 139 122 110 92 76 74 74 66 53 51 50 42 41 34 29 24 22 17 13 14 11 13 11 11 12 11 11 9 8 6 6 6 4 5 4 4 4 3 3 2 2 1 1 0 
0 0 0 250 250 250 310 358 396 680 999 1055 1526 2162 2948 3928 5215 6361 7714 9484 11434 13445 15569 17953 20384 22923 25627 28238 31041 33699 36127 38210 40034 41450 42461 43098 42958 42553 41821 40605 39248 37608 35837 33662 31476 29232 26960 24867 22538 20541 18445 16721 15088 13518 12078 10772 9623 8559 7625 6717 5938 5254 4679 4133 3658 3244 2894 2579 2262 2013 1764 1552 1390 1194 1037 918 816 731 656 575 497 464 418 365 317 275 242 219 205 178 152 131 121 102 85 75 66 55 52 46 39 36 35 28 21 20 17 15 14 12 8 7 9 7 7 7 6 5 5 5 3 3 2 1 1 0 
0 0 0 250 250 250 306 349 393 503 626 548 758 1059 1390 1832 2434 3079 4044 5268 6527 8176 9922 11965 14272 16801 19438 22068 24918 27632 30381 33130 35381 37399 39261 40681 41810 42364 42624 42215 41546 40634 39222 37629 35732 33807 31790 29633 27551 25394 23267 21293 19377 17602 15788 14231 12871 11616 10334 9166 8184 7269 6431 5712 5052 4447 4003 3581 3171 2809 2541 2289 2010 1799 1598 1417 1274 1118 981 869 770 649 573 512 443 389 343 290 247 226 201 170 149 133 116 105 100 92 80 70 63 55 54 47 42 31 23 18 15 10 7 9 7 6 7 6 6 4 3 1 1 1 0 
0 0 0 250 250 250 310 371 420 507 629 528 733 1141 1576 2163 2929 3811 4894 6198 7728 9349 11273 13327 15492 17856 20435 23134 25813 28631 31124 33574 35948 38136 39737 40983 41788 42049 42123 41737 40945 39741 38326 36659 34936 32939 30818 28702 26501 24415 22492 20535 18639 16937 15308 13835 12471 11144 9935 8890 7934 7048 6295 5548 4954 4387 3857 3412 3016 2676 2370 2110 1866 1641 1448 1257 1093 988 871 764 658 607 528 468 413 367 327 282 251 203 180 159 135 112 97 83 62 53 45 37 33 24 19 16 15 11 6 3 2 2 2 1 1 1 1 0 
0 0 0 250 250 250 317 393 445 607 807 795 1088 1538 1997 2683 3515 4411 5527 6886 8389 10230 12339 14489 16792 19312 22028 24651 27426 30002 32332 34606 36716 38485 39738 40774 41457 41625 41545 41048 40148 38884 37326 35696 33818 31858 29739 27604 25568 23591 21715 19697 17929 16207 14650 13170 11787 10609 9579 8665 7681 6856 6116 5463 4875 4271 3780 3351 2958 2623 2333 2060 1813 1604 1377 1218 1069 963 851 761 662 595 532 460 405 362 316 278 260 236 208 184 167 133 122 110 86 70 64 57 53 45 39 37 36 29 25 23 18 19 17 12 11 12 10 10 9 6 4 3 3 1 1 0 
0 0 0 250 250 250 306 357 425 558 704 706 1022 1419 1880 2586 3358 4336 5553 6946 8571 10424 12609 14803 17380 20042 22714 25586 28447 31279 33662 36135 38368 40016 41404 42102 42473 42429 42306 41536 40276 38986 37281 35476 33534 31344 29032 26842 24630 22521 20599 18758 16933 15397 13905 12389 11134 9931 8908 7959 7167 6382 5646 5092 4511 4017 3520 3154 2739 2399 2130 1869 1659 1437 1250 1084 952 838 756 674 587 521 467 404 366 316 270 243 221 197 172 155 136 120 110 91 73 69 68 64 62 55 45 45 42 34 26 27 20 21 16 13 13 13 12 8 8 10 11 10 8 8 8 7 9 7 9 9 10 9 9 9 6 7 4 3 2 2 2 2 2 0 
0 0 0 250 250 250 320 375 448 543 719 631 899 1314 1656 2236 2903 3730 4632 5844 7208 8668 10577 12600 14830 17259 19996 22695 25452 28486 31196 33587 35921 38000 39565 40833 41859 42234 42210 41960 41291 40185 38880 37359 35484 33442 31434 29376 27199 25126 23043 21016 19109 17370 15702 14146 12701 11352 10167 9118 8120 7205 6372 5638 4979 4383 3865 3387 2972 2596 2303 2008 1791 1601 1404 1251 1111 964 824 728 656 590 530 463 418 373 337 307 263 231 223 191 166 153 136 114 101 92 75 64 57 54 44 38 34 28 24 22 21 19 18 19 16 13 10 10 10 8 7 4 3 3 4 3 2 2 2 2 2 2 1 1 0 
0 0 0 250 250 250 318 371 421 545 739 690 947 1265 1549 2056 2692 3369 4197 5316 6584 8042 9838 11647 13766 16108 18641 21166 23908 26745 29190 31848 34336 36397 38256 39680 40805 41483 41909 41819 41112 40255 38932 37689 35873 33898 31940 29832 27720 25664 23611 21492 19635 17841 16240 14668 13237 11860 10685 9549 8480 7567 6599 5820 5172 4648 4142 3668 3293 2898 2597 2300 2065 1829 1587 1399 1221 1105 996 882 796 710 637 570 525 468 423 396 349 305 292 275 233 204 179 150 133 119 97 77 71 63 56 47 42 32 28 23 20 16 11 11 7 9 6 6 5 5 6 4 3 1 1 2 2 2 2 2 2 2 2 1 1 1 0 
0 0 0 250 250 250 301 336 378 449 566 517 733 1101 1423 1843 2472 3233 4169 5207 6516 7829 9573 11544 13603 15877 18291 20895 23676 26621 29341 31722 34327 36637 38703 40196 41301 42066 42577 42724 42138 41299 39958 38531 36791 34724 32485 30310 28204 25957 23901 21977 20089 18327 16515 15032 13495 12128 10844 9639 8559 7635 6876 6075 5406 4817 4309 3818 3372 2962 2622 2307 2031 1764 1537 1357 1200 1054 947 827 739 682 604 534 477 434 369 342 296 272 248 225 187 155 143 119 97 81 69 57 59 59 50 44 42 37 35 35 30 25 22 23 20 17 18 15 14 13 11 7 7 5 4 4 3 2 2 2 2 2 1 0 
0 0 0 250 250 250 314 374 433 508 622 529 747 982 1180 1538 2018 2688 3484 4423 5572 6944 8545 10427 12422 14613 16953 19422 21962 24647 27378 30003 32390 34940 37143 39092 40660 41868 42539 42722 42755 42006 41072 39712 37961 36007 33923 31830 29714 27494 25323 23218 21362 19474 17799 16100 14378 12884 11437 10210 9062 8093 7198 6412 5765 5168 4608 4112 3696 3238 2855 2528 2227 1932 1716 1510 1309 1162 1015 889 778 721 641 554 493 432 376 316 284 225 200 183 153 140 127 116 101 91 76 68 61 53 45 42 39 34 29 24 20 18 15 12 6 6 6 3 2 3 2 2 1 1 1 1 1 0 
0 0 0 250 250 250 313 373 434 534 673 573 791 1099 1382 1747 2371 3033 4000 5151 6508 7943 9665 11808 14044 16460 18911 21567 24209 27057 30027 32668 35010 37384 39432 40966 42178 42968 42989 42717 42080 40965 39512 37930 36138 34099 32102 29885 27707 25573 23386 21308 19348 17471 15758 14177 12757 11365 10212 9138 8131 7220 6375 5651 5033 4469 3974 3502 3073 2750 2426 2191 1894 1684 1484 1289 1144 1000 887 760 698 608 530 483 414 358 316 287 256 226 206 181 166 150 133 120 107 99 85 71 68 59 53 46 41 34 29 26 22 17 18 14 13 12 12 11 8 7 5 6 5 4 4 4 2 2 2 1 1 1 1 1 1 1 0 
0 0 0 250 250 250 310 371 432 555 745 745 1053 1630 2226 2958 3899 5022 6364 7837 9596 11414 13422 15708 18230 20813 23412 26186 28987 31852 34422 36721 38768 40491 41945 42882 43155 42765 42263 41337 40074 38524 36503 34459 32391 30407 28302 26240 23960 21829 20015 18187 16491 14838 13300 11886 10663 9564 8522 7557 6692 5914 5225 4605 4094 3601 3104 2743 2451 2152 1877 1677 1496 1324 1190 1019 867 776 700 591 499 431 390 357 309 264 236 203 201 174 150 130 119 104 86 77 61 54 49 37 30 30 30 26 26 23 19 21 20 16 14 13 12 11 8 7 6 5 5 5 3 2 2 2 2 2 1 1 1 2 2 1 1 1 1 1 1 0 
0 0 0 250 250 250 324 363 419 566 735 689 972 1350 1698 2310 3157 4141 5288 6577 8042 9859 11947 14119 16411 18914 21623 24558 27464 30202 32856 35415 37620 39414 40899 41875 42435 42632 42454 41769 40870 39571 37888 36076 34277 32217 29944 27759 25452 23441 21497 19546 17573 15839 14379 12997 11706 10452 9342 8384 7542 6730 5949 5239 4705 4161 3689 3262 2890 2557 2254 1985 1730 1531 1341 1179 1042 911 795 704 639 549 472 398 335 298 264 218 187 174 151 140 122 104 96 90 78 64 57 52 46 44 35 31 25 23 22 19 16 14 13 9 9 8 5 4 3 2 1 1 1 0 
0 0 0 250 250 250 310 367 421 588 817 846 1206 1728 2334 3121 4116 5200 6380 7904 9599 11436 13389 15627 18211 20806 23617 26146 28883 31525 34078 36376 38243 39776 41120 42149 42623 42582 42284 41473 40342 38865 37082 35059 32917 30777 28558 26375 24179 22230 20202 18416 16658 15066 13533 12168 10881 9679 8640 7707 6879 6086 5412 4793 4238 3773 3293 2903 2550 2293 2006 1729 1530 1333 1196 1066 944 849 734 665 574 524 461 400 367 310 284 246 224 200 179 160 138 124 109 100 88 76 67 52 48 37 32 24 20 19 19 16 14 15 15 14 12 10 9 9 7 5 5 7 6 6 3 2 3 3 3 1 1 1 1 1 0 
0 0 0 250 250 250 306 359 414 513 639 560 750 965 1210 1633 2176 2773 3537 4406 5420 6700 8268 10001 11870 14006 16287 18832 21581 24378 27117 29777 32472 34965 37141 39106 40624 41765 42414 42635 42267 41564 40649 39121 37579 35730 33841 31725 29689 27643 25574 23610 21607 19662 17783 16209 14531 13026 11644 10426 9232 8293 7370 6420 5834 5150 4515 4010 3518 3059 2716 2438 2149 1922 1710 1484 1347 1187 1034 942 799 693 611 538 461 415 383 326 282 257 231 211 204 186 164 151 145 123 102 94 81 67 56 53 42 36 32 27 26 25 21 17 18 19 18 15 11 11 10 7 5 3 4 4 3 1 1 2 3 4 3 3 4 5 5 5 4 3 3 3 2 1 1 
0 0 0 249 249 249 305 363 401 498 657 618 891 1291 1644 2253 3147 3997 5066 6324 7870 9569 11676 13750 15932 18635 21316 23981 26919 29658 32321 34768 37057 38888 40475 41769 42420 42758 42566 42096 41240 39986 38386 36741 34747 32803 30649 28467 26258 24137 22085 20064 18215 16357 14774 13354 11976 10760 9667 8618 7685 6831 6033 5363 4758 4199 3710 3233 2834 2510 2238 1948 1719 1497 1355 1217 1077 976 847 745 679 623 543 480 413 347 313 278 237 199 173 154 135 113 104 90 78 67 55 43 38 32 27 23 17 13 11 8 7 6 4 3 2 2 2 2 1 3 2 2 3 3 3 4 4 2 2 2 2 2 2 1 1 1 1 1 0 
0 0 0 249 249 249 309 364 404 480 638 531 710 938 1248 1601 2062 2656 3472 4408 5499 6840 8331 10206 12346 14686 17014 19676 22459 25292 28098 30712 33206 35422 37605 39315 40639 41690 42149 42328 42030 41533 40345 38995 37470 35574 33705 31657 29466 27160 25144 23087 21051 19082 17354 15578 14094 12672 11352 10098 9007 8011 7037 6314 5616 5001 4407 3938 3460 3110 2788 2462 2159 1927 1703 1498 1368 1216 1065 941 838 741 641 560 469 414 353 308 278 242 217 212 191 163 154 133 113 100 91 69 75 69 59 49 46 40 35 28 18 19 17 15 12 11 8 8 7 5 6 5 3 2 1 1 1 1 0 
0 0 0 250 250 250 300 362 410 487 628 519 739 1065 1445 1910 2552 3496 4465 5794 7365 9076 11122 13433 15864 18460 21321 23980 26708 29577 32114 34516 36955 38821 40374 41617 42433 42708 42864 42523 41632 40520 38969 37315 35523 33463 31172 28826 26518 24310 22281 20273 18252 16479 14798 13310 11908 10585 9372 8326 7397 6590 5830 5196 4652 4157 3752 3357 2992 2636 2372 2100 1823 1609 1400 1216 1062 953 836 731 650 568 492 449 409 366 324 293 259 228 202 169 147 121 119 107 88 75 65 59 52 49 43 33 33 30 25 24 22 18 13 12 9 7 8 6 4 4 3 3 2 2 1 1 0 
0 0 0 250 250 250 316 374 433 529 690 612 855 1218 1586 2111 2965 3919 5006 6451 8161 9884 11827 14133 16432 18941 21609 24213 26896 29684 32306 34703 36948 38826 40257 41384 41944 42167 42173 41615 40783 39521 38257 36514 34798 32827 30686 28503 26311 24307 22160 20215 18285 16659 15023 13564 12121 10855 9691 8694 7760 6795 6064 5381 4785 4222 3730 3341 2967 2616 2316 2088 1827 1592 1422 1242 1092 985 858 757 683 627 546 490 436 388 337 286 247 211 201 174 152 128 118 103 89 75 59 53 39 35 30 23 20 23 22 17 17 17 15 15 12 8 6 6 5 5 3 2 2 2 2 2 2 2 2 3 3 3 3 3 2 1 1 0 
0 0 0 250 250 250 312 365 401 509 748 758 1167 1693 2251 3006 3962 5028 6154 7552 9178 10867 12906 15016 17325 19915 22675 25372 28015 30722 33354 35752 37824 39513 40720 41728 42248 42300 41858 41192 40078 38609 37180 35302 33328 31318 29230 27132 25121 23176 21137 19313 17567 15826 14249 12747 11413 10183 9052 7982 7071 6331 5592 4945 4398 3907 3416 3079 2730 2431 2162 1896 1653 1431 1290 1125 985 876 779 695 617 561 497 447 399 348 289 254 225 207 180 160 144 125 111 101 86 69 61 47 38 36 32 28 30 26 26 21 20 18 16 13 11 11 9 9 6 6 7 6 4 3 4 4 3 3 2 2 2 2 1 1 1 0 
0 0 0 249 249 249 294 341 388 463 557 449 644 911 1174 1594 2227 2994 4050 5249 6714 8379 10434 12577 14812 17238 19870 22507 25205 27781 30403 32934 35208 37355 39006 40562 41742 42452 42573 42290 41815 40801 39455 37764 35883 33958 31919 29814 27642 25502 23503 21486 19432 17640 15885 14300 12810 11453 10164 9051 8073 7133 6354 5643 4992 4433 3931 3477 3095 2733 2405 2091 1827 1602 1424 1274 1111 989 855 750 659 588 497 435 392 334 287 269 237 199 185 148 118 107 95 80 67 63 53 49 45 39 28 27 26 22 21 19 18 17 17 13 13 11 9 7 5 5 5 6 6 5 4 4 4 3 2 1 1 3 3 2 2 2 2 2 2 0 
0 0 0 250 250 250 308 368 425 493 632 651 1019 1454 2084 2891 3873 4999 6274 7767 9461 11358 13352 15580 18028 20726 23601 26317 29003 31768 34344 36563 38530 40133 41290 42282 42893 42740 42306 41676 40555 39087 37221 35174 32925 30841 28688 26449 24203 22075 20220 18417 16662 15043 13455 12031 10832 9711 8724 7713 6929 6175 5522 4876 4321 3848 3385 3003 2644 2318 2056 1808 1593 1404 1221 1094 960 864 760 669 600 530 476 411 366 321 282 268 237 208 193 170 150 141 131 118 105 98 88 78 72 65 56 51 49 39 32 35 31 29 26 23 22 27 21 17 18 17 17 19 19 15 15 16 14 14 12 9 7 7 7 6 5 4 3 5 5 4 5 5 4 4 4 
0 0 0 250 250 250 301 355 413 484 560 428 637 875 1182 1670 2162 2814 3789 4852 6017 7522 9189 10881 13132 15629 17970 20775 23681 26421 29309 32081 34528 36758 38936 40443 41689 42517 42756 42696 42232 41343 40118 38696 36830 35018 33074 30921 28717 26545 24353 22281 20359 18438 16629 15129 13626 12217 10945 9753 8686 7683 6834 6015 5371 4786 4208 3703 3294 2959 2601 2325 2070 1814 1660 1468 1301 1136 1031 893 775 691 598 542 481 443 378 343 314 280 238 208 189 163 154 137 114 100 90 70 57 52 43 38 31 25 23 20 20 19 15 13 12 11 10 9 8 3 4 5 5 6 5 5 4 4 3 1 2 1 1 1 1 1 1 1 0 
0 0 0 250 250 250 308 371 430 547 730 697 955 1339 1716 2282 3105 4000 5088 6479 8007 9835 11956 14313 16651 19246 22014 24702 27514 30107 32752 35093 37232 39070 40399 41516 42247 42634 42381 41843 40975 39713 38186 36409 34329 32183 30022 27802 25617 23454 21510 19517 17850 16096 14521 13007 11633 10474 9333 8348 7357 6580 5857 5197 4615 4042 3559 3188 2838 2522 2220 1979 1767 1588 1432 1235 1056 930 812 702 616 545 463 414 376 332 284 267 231 210 184 151 140 124 110 90 78 69 66 61 52 44 39 34 33 25 20 20 18 14 15 13 10 10 9 6 4 4 2 3 3 3 3 3 3 2 1 0 
0 0 0 250 250 250 321 386 433 576 770 753 1000 1346 1709 2121 2773 3547 4471 5627 7061 8594 10350 12564 14914 17364 20011 22718 25502 28261 31041 33451 35763 37872 39582 40845 41797 42439 42586 42233 41573 40415 38971 37427 35483 33378 31231 29139 26836 24754 22730 20678 18866 17114 15468 13985 12615 11318 10159 9139 8076 7246 6416 5689 5068 4466 3925 3469 3112 2710 2397 2103 1858 1658 1467 1270 1128 1019 898 796 684 598 522 469 407 343 304 272 238 198 174 150 125 117 108 94 87 79 67 61 56 51 40 38 29 29 26 19 14 9 10 9 9 6 5 5 3 3 1 0 
0 0 0 250 250 250 303 360 410 477 612 524 789 1155 1564 2115 2872 3802 4895 6352 7905 9578 11527 13667 15957 18509 21048 23711 26361 28997 31660 34069 36259 38013 39672 40782 41599 42077 41913 41472 40783 39767 38213 36511 34676 32656 30628 28588 26350 24215 22337 20401 18519 16782 15183 13671 12330 11093 9871 8828 7898 7062 6273 5539 4887 4305 3838 3419 3020 2667 2355 2102 1871 1653 1474 1267 1129 1008 903 793 731 664 574 530 454 401 350 311 259 225 208 179 168 148 128 107 90 80 63 53 41 30 26 21 17 17 16 14 12 10 8 6 6 2 2 2 2 2 2 2 1 1 0 
0 0 0 250 250 250 338 404 455 652 878 869 1161 1538 1986 2712 3644 4612 5948 7503 9239 11344 13559 15962 18634 21361 24080 26817 29424 31785 34243 36469 38171 39658 40714 41367 41900 41997 41456 40450 39337 37943 36356 34525 32474 30494 28470 26398 24261 22221 20222 18324 16600 14893 13341 11999 10771 9669 8637 7818 6902 6126 5470 4804 4239 3711 3257 2832 2574 2287 2010 1804 1597 1379 1201 1088 942 812 724 635 558 506 463 393 344 306 252 229 212 182 144 121 104 86 77 72 63 54 49 44 37 35 27 17 15 10 10 10 10 9 9 8 6 6 6 4 4 3 3 2 2 1 0 
0 0 0 250 250 250 315 372 428 574 738 717 1080 1541 2024 2704 3775 4818 6101 7625 9270 11260 13616 16015 18304 20934 23729 26511 29301 32003 34409 36510 38460 40122 41283 42059 42382 42159 41555 40812 39707 38204 36463 34533 32536 30502 28383 26316 24262 22241 20367 18576 16838 15145 13695 12275 11041 9896 8827 7880 7055 6327 5671 5040 4404 3885 3433 3027 2695 2417 2111 1892 1693 1542 1380 1234 1107 994 871 763 671 577 513 463 384 327 288 260 232 197 168 145 135 115 111 97 83 79 74 59 48 43 36 32 29 21 18 16 15 14 13 12 14 14 10 10 9 8 7 6 3 3 3 2 2 2 2 1 1 0 
0 0 0 250 250 250 315 371 433 512 645 549 746 1026 1398 1866 2474 3274 4322 5583 7063 8781 10621 12783 15186 17643 20245 22928 25679 28460 31264 33748 35972 38167 39927 41334 42489 42874 42900 42641 41951 40894 39365 37785 35749 33846 31676 29438 27258 24973 22901 20708 18798 16963 15290 13783 12396 11134 10008 8959 7971 7155 6363 5643 4984 4409 3901 3489 3053 2680 2397 2123 1900 1697 1491 1323 1206 1047 930 826 713 616 553 488 424 374 326 286 262 225 207 183 162 144 134 114 97 91 78 69 61 55 44 39 39 36 31 31 29 26 24 21 17 11 8 4 3 2 1 1 1 1 2 1 1 1 1 1 1 1 0 
0 0 0 250 250 250 300 334 380 484 631 638 922 1385 1951 2630 3478 4510 5814 7246 9029 10878 12908 15187 17733 20423 23147 25875 28637 31185 33691 36099 38047 39713 40939 41842 42218 42485 42208 41389 40378 38999 37444 35504 33490 31346 29118 26955 24768 22618 20575 18851 17091 15360 13863 12531 11217 10100 9025 7988 7130 6377 5647 4923 4384 3845 3380 2994 2640 2313 2053 1830 1615 1420 1256 1107 959 869 781 696 612 554 497 455 409 355 319 278 261 224 199 177 168 153 127 123 107 97 91 81 72 70 61 59 56 55 45 36 30 20 20 13 11 6 5 4 3 2 1 1 1 0 
0 0 0 249 249 249 313 365 412 488 609 503 722 956 1324 1805 2412 3258 4212 5379 6831 8453 10252 12435 14795 17240 19821 22695 25455 28412 31180 33735 36080 38138 40127 41322 42239 42713 42722 42392 41675 40671 39133 37535 35769 33754 31711 29553 27316 25132 23066 21092 19167 17339 15674 14109 12710 11433 10234 9106 8123 7259 6440 5656 5081 4452 3915 3483 3024 2672 2389 2130 1887 1667 1459 1323 1211 1077 957 860 722 676 628 557 499 440 390 338 311 265 237 213 180 150 134 120 101 84 75 65 54 52 42 30 29 29 18 12 11 9 7 8 5 3 2 3 3 2 3 2 3 3 3 3 3 3 2 2 1 1 1 0 
0 0 0 250 250 250 317 369 438 525 657 584 882 1197 1572 2208 2962 3757 4720 6136 7658 9450 11342 13350 15710 18235 21003 23563 26260 29028 31707 34270 36427 38499 40137 41396 42108 42374 42311 41725 40974 39803 38356 36666 34868 32943 30786 28777 26604 24531 22444 20493 18663 16841 15330 13704 12340 11037 9822 8750 7807 6980 6165 5587 4903 4328 3899 3481 3053 2710 2421 2153 1936 1715 1506 1318 1197 1063 956 821 715 628 553 515 444 382 335 299 277 244 214 174 149 129 113 101 84 72 71 59 55 55 50 47 46 45 40 38 33 28 26 23 18 16 13 12 9 6 6 4 4 3 3 4 3 3 2 2 3 3 3 2 2 2 2 1 0 
